0.046100 
0.054000 
0.058400 
0.062500 
0.074300 
0.080300 
0.112800 
0.117200 
0.122500 
0.132500 
0.132600 
0.134200 
0.135400 
0.136300 
0.138400 
0.140500 
0.155600 
0.156200 
0.161900 
0.164000 
0.186500 
0.208300 
0.213100 
0.217200 
0.221800 
0.242500 
0.244500 
0.248200 
0.264900 
0.265400 
0.267700 
0.272000 
0.277000 
0.278000 
0.278200 
0.286600 
0.290400 
0.314800 
0.318100 
0.324100 
0.329800 
0.337600 
0.340500 
0.349700 
0.372100 
0.372900 
0.373100 
0.386100 
0.388300 
0.390400 
0.398400 
0.398800 
0.401800 
0.408500 
0.419100 
0.427100 
0.457600 
0.458100 
0.462200 
0.464000 
0.466800 
0.479400 
0.513800 
0.516100 
0.517400 
0.529800 
0.537600 
0.570600 
0.576600 
0.590600 
0.592600 
0.611100 
0.611100 
0.611300 
0.612200 
0.626500 
0.629100 
0.630300 
0.638600 
0.640500 
0.642600 
0.645400 
0.650200 
0.655000 
0.670700 
0.673300 
0.683100 
0.714000 
0.724300 
0.724900 
0.725900 
0.741700 
0.757100 
0.762800 
0.767600 
0.767700 
0.777300 
0.779600 
0.781000 
0.787200 
0.803900 
0.809400 
0.815800 
0.818500 
0.830700 
0.836200 
0.846700 
0.849300 
0.855700 
0.857300 
0.863400 
0.874000 
0.874100 
0.883900 
0.892200 
0.899900 
0.906500 
0.906600 
0.916300 
0.927300 
0.938000 
0.940600 
0.941900 
0.945000 
0.949600 
0.951700 
0.966700 
0.978200 
0.980400 
0.986400 
0.994800 
1.005000 
1.021800 
1.048600 
1.059700 
1.080100 
1.087400 
1.095000 
1.096300 
1.098600 
1.103000 
1.106000 
1.114900 
1.117000 
1.118600 
1.119100 
1.128800 
1.132600 
1.159300 
1.162100 
1.167700 
1.170700 
1.193300 
1.194700 
1.204200 
1.207400 
1.208000 
1.209000 
1.209600 
1.229700 
1.233500 
1.236300 
1.241200 
1.255600 
1.263600 
1.266300 
1.267300 
1.281800 
1.282700 
1.291600 
1.296100 
1.302500 
1.302900 
1.303200 
1.319900 
1.322400 
1.329100 
1.334200 
1.340500 
1.343300 
1.354400 
1.356400 
1.363500 
1.363900 
1.364800 
1.384200 
1.388500 
1.402300 
1.412000 
1.413400 
1.415400 
1.422000 
1.437400 
1.437400 
1.442100 
1.450300 
1.452400 
1.456600 
1.457700 
1.474300 
1.474500 
1.486300 
1.486900 
1.501900 
1.502900 
1.519100 
1.520700 
1.530800 
1.538900 
1.541900 
1.546400 
1.554000 
1.556000 
1.558900 
1.568300 
1.572500 
1.579400 
1.595900 
1.598600 
1.617700 
1.620300 
1.621600 
1.622300 
1.628400 
1.630700 
1.642900 
1.649500 
1.653800 
1.653900 
1.655100 
1.664500 
1.671300 
1.682100 
1.686400 
1.692400 
1.716800 
1.723800 
1.740900 
1.745500 
1.749100 
1.749800 
1.755400 
1.756100 
1.769600 
1.778800 
1.782000 
1.785800 
1.795900 
1.797600 
1.811000 
1.825100 
1.832800 
1.847700 
1.849400 
1.854900 
1.863500 
1.867700 
1.873700 
1.876500 
1.896200 
1.915700 
1.917300 
1.922200 
1.929400 
1.935000 
1.946600 
1.951800 
1.976600 
1.985200 
1.991000 
2.000200 
2.011500 
2.015200 
2.033700 
2.048900 
2.057000 
2.060300 
2.062200 
2.073600 
2.076700 
2.080300 
2.090500 
2.093200 
2.113300 
2.113500 
2.116000 
2.116900 
2.123200 
2.133400 
2.133400 
2.140100 
2.156500 
2.161700 
2.175400 
2.180000 
2.191300 
2.194700 
2.197000 
2.199500 
2.201800 
2.204600 
2.213900 
2.218000 
2.222600 
2.224300 
2.236400 
2.237700 
2.252200 
2.286200 
2.289100 
2.290200 
2.306000 
2.309000 
2.329900 
2.339400 
2.340100 
2.349500 
2.357400 
2.363300 
2.367700 
2.374900 
2.379200 
2.385100 
2.389900 
2.403400 
2.406800 
2.414400 
2.419000 
2.429000 
2.456100 
2.466200 
2.469700 
2.473500 
2.478300 
2.492900 
2.502100 
2.513300 
2.520700 
2.535400 
2.541900 
2.544300 
2.548800 
2.559900 
2.567800 
2.570800 
2.597400 
2.603700 
2.612000 
2.616900 
2.618700 
2.622600 
2.631500 
2.635600 
2.635800 
2.666200 
2.668500 
2.676200 
2.686000 
2.687300 
2.703600 
2.712200 
2.721600 
2.753500 
2.767200 
2.770900 
2.786200 
2.787600 
2.788600 
2.790300 
2.793400 
2.809800 
2.825900 
2.829200 
2.830200 
2.840700 
2.843000 
2.843100 
2.847500 
2.864400 
2.867500 
2.868800 
2.889500 
2.893500 
2.900300 
2.903900 
2.915300 
2.917300 
2.928800 
2.939600 
2.941100 
2.941900 
2.952000 
2.967400 
2.968200 
2.978700 
