0.010500 
0.013400 
0.015300 
0.016000 
0.016100 
0.016500 
0.017400 
0.018700 
0.020300 
0.021200 
0.024400 
0.026000 
0.026100 
0.027500 
0.027700 
0.028300 
0.028800 
0.030900 
0.031300 
0.032000 
0.032200 
0.032300 
0.033700 
0.034500 
0.035000 
0.035100 
0.035500 
0.036500 
0.036600 
0.038500 
0.041300 
0.041900 
0.042200 
0.042200 
0.042400 
0.042700 
0.042900 
0.045800 
0.046300 
0.046900 
0.047900 
0.048000 
0.048100 
0.048300 
0.048500 
0.051100 
0.051400 
0.051600 
0.052200 
0.053000 
0.053600 
0.054300 
0.054600 
0.055500 
0.055700 
0.059400 
0.059400 
0.061500 
0.062300 
0.062400 
0.063200 
0.063400 
0.064000 
0.065600 
0.067800 
0.069200 
0.071100 
0.071500 
0.072200 
0.074500 
0.075100 
0.075500 
0.075900 
0.078300 
0.079700 
0.081000 
0.081400 
0.082200 
0.083100 
0.083700 
0.084800 
0.086100 
0.086400 
0.087600 
0.087800 
0.089700 
0.090000 
0.090800 
0.090900 
0.091800 
0.092400 
0.092700 
0.093000 
0.093800 
0.095200 
0.097400 
0.098000 
0.098100 
0.100000 
0.100100 
0.100100 
0.101700 
0.102100 
0.102900 
0.103100 
0.104200 
0.105100 
0.108600 
0.108800 
0.109000 
0.109800 
0.109900 
0.110800 
0.110800 
0.110900 
0.111200 
0.113200 
0.113700 
0.114000 
0.114100 
0.114200 
0.115300 
0.116000 
0.116700 
0.117700 
0.117900 
0.119500 
0.120000 
0.120700 
0.121500 
0.121800 
0.122600 
0.124800 
0.124900 
0.125500 
0.126300 
0.126300 
0.126900 
0.126900 
0.127400 
0.128800 
0.129000 
0.130900 
0.131700 
0.132600 
0.134900 
0.134900 
0.135800 
0.136000 
0.136000 
0.136000 
0.136200 
0.138400 
0.139500 
0.139500 
0.140000 
0.140400 
0.140800 
0.142900 
0.143200 
0.143300 
0.145400 
0.147300 
0.148400 
0.148900 
0.149100 
0.151800 
0.152200 
0.154200 
0.154500 
0.154700 
0.155400 
0.155500 
0.155700 
0.158500 
0.159400 
0.160800 
0.161300 
0.161800 
0.162600 
0.163100 
0.164900 
0.165000 
0.167600 
0.170000 
0.170000 
0.170200 
0.170200 
0.170400 
0.170700 
0.170800 
0.171700 
0.171700 
0.173100 
0.173700 
0.174900 
0.175000 
0.176500 
0.177700 
0.178400 
0.178700 
0.179600 
0.181200 
0.181300 
0.182300 
0.182600 
0.183200 
0.183200 
0.183300 
0.183600 
0.184400 
0.187400 
0.187600 
0.187900 
0.189700 
0.190000 
0.190700 
0.191200 
0.192000 
0.192500 
0.193100 
0.193400 
0.195800 
0.196600 
0.198100 
0.198300 
0.200700 
0.201800 
0.202200 
0.202500 
0.203700 
0.203800 
0.204000 
0.204300 
0.206700 
0.207000 
0.207200 
0.207400 
0.207900 
0.209200 
0.210200 
0.210700 
0.211400 
0.211600 
0.212600 
0.213200 
0.213500 
0.216100 
0.217100 
0.218100 
0.218300 
0.218500 
0.219000 
0.220900 
0.220900 
0.220900 
0.221500 
0.221600 
0.221600 
0.222100 
0.223100 
0.223300 
0.224400 
0.226000 
0.226400 
0.226700 
0.226800 
0.226800 
0.228700 
0.229200 
0.230200 
0.230600 
0.231100 
0.232700 
0.233400 
0.236600 
0.237600 
0.238100 
0.238700 
0.239700 
0.240800 
0.240900 
0.242700 
0.243500 
0.243600 
0.247400 
0.249000 
0.249800 
0.250300 
0.252200 
0.253100 
0.253200 
0.254100 
0.254100 
0.254100 
0.255000 
0.255500 
0.255700 
0.255900 
0.256300 
0.256400 
0.257500 
0.258000 
0.258100 
0.258300 
0.260700 
0.261500 
0.261700 
0.261900 
0.261900 
0.263400 
0.263700 
0.264500 
0.265200 
0.265400 
0.266600 
0.267900 
0.268200 
0.270700 
0.271100 
0.272600 
0.272900 
0.274200 
0.274700 
0.275400 
0.276900 
0.277000 
0.278500 
0.278600 
0.279200 
0.280700 
0.280900 
0.281500 
0.282400 
0.282500 
0.283800 
0.283900 
0.285300 
0.285700 
0.285700 
0.286000 
0.286900 
0.292400 
0.292900 
0.293500 
0.293600 
0.293700 
0.293700 
0.293700 
0.294400 
0.297600 
0.298700 
0.299100 
0.301500 
0.301800 
0.304000 
0.304100 
0.304600 
0.305100 
0.305900 
0.305900 
0.307200 
0.307300 
0.308000 
0.308600 
0.310500 
0.310900 
0.311200 
0.311400 
0.312400 
0.312800 
0.313100 
0.313600 
0.313800 
0.313800 
0.314000 
0.314400 
0.314900 
0.315500 
0.316000 
0.316900 
0.317500 
0.318200 
0.318400 
0.318600 
0.319400 
0.320100 
0.320200 
0.320700 
0.322100 
0.323200 
0.323300 
0.324000 
0.324900 
0.325600 
0.326100 
0.326800 
0.327200 
0.328500 
0.328700 
0.329600 
0.329700 
0.330200 
0.331300 
0.331800 
0.331900 
0.333400 
0.334400 
0.334500 
0.336000 
0.338600 
0.339000 
0.342600 
0.343100 
0.344800 
0.345200 
0.345400 
0.346000 
0.346400 
0.346600 
0.347600 
0.349500 
0.350400 
0.350800 
0.351400 
0.353200 
0.353900 
0.355800 
0.357800 
0.357900 
0.358500 
0.359200 
0.360200 
0.360800 
0.361700 
0.362700 
0.362900 
0.363700 
0.364200 
0.365500 
0.366000 
0.368400 
0.369000 
0.369100 
0.369200 
0.369300 
0.370000 
0.370100 
0.370600 
0.371400 
0.372300 
0.373100 
0.376000 
0.379200 
0.380300 
0.381700 
0.381900 
0.382500 
0.382600 
0.383300 
0.383600 
0.383800 
0.384400 
0.384600 
0.385300 
0.385400 
0.386500 
0.386900 
0.388700 
0.389100 
0.389500 
0.390600 
0.391900 
0.392000 
0.392900 
0.394000 
0.396000 
0.396900 
0.397000 
0.398100 
0.400600 
0.402000 
0.402200 
0.402700 
0.405800 
0.405900 
0.406600 
0.406900 
0.408700 
0.408800 
0.409300 
0.411700 
0.411800 
0.412500 
0.413000 
0.413200 
0.414000 
0.415200 
0.416000 
0.416900 
0.416900 
0.418300 
0.418400 
0.418900 
0.419000 
0.419100 
0.421700 
0.421900 
0.422500 
0.422700 
0.423200 
0.423500 
0.423900 
0.424100 
0.426100 
0.426800 
0.428500 
0.428600 
0.429500 
0.430400 
0.430800 
0.430900 
0.431200 
0.431300 
0.431500 
0.432900 
0.434600 
0.435600 
0.436200 
0.436400 
0.438300 
0.439900 
0.440000 
0.440400 
0.441700 
0.442100 
0.444000 
0.444600 
0.445800 
0.449800 
0.450000 
0.450700 
0.451800 
0.453700 
0.454100 
0.454300 
0.455400 
0.457200 
0.459700 
0.459800 
0.462200 
0.463000 
0.463400 
0.464100 
0.464800 
0.466400 
0.467200 
0.468300 
0.470500 
0.470600 
0.470700 
0.473600 
0.473800 
0.475700 
0.475800 
0.476600 
0.478300 
0.479900 
0.480000 
0.480100 
0.480600 
0.481000 
0.481800 
0.483100 
0.483800 
0.484600 
0.485900 
0.486000 
0.486800 
0.487400 
0.487800 
0.489900 
0.490300 
0.490600 
0.492200 
0.494500 
0.495500 
0.495900 
0.496000 
0.496600 
0.496900 
0.497000 
0.497300 
0.498500 
0.498800 
0.498900 
0.499800 
0.500000 
0.500900 
0.501600 
0.502300 
0.503000 
0.503400 
0.504000 
0.504500 
0.507200 
0.507200 
0.507400 
0.508000 
0.511300 
0.514500 
0.515300 
0.515400 
0.516100 
0.516600 
0.516700 
0.516800 
0.517300 
0.517500 
0.517700 
0.518000 
0.518000 
0.518900 
0.519100 
0.520400 
0.520400 
0.521000 
0.521400 
0.521700 
0.521800 
0.525900 
0.526800 
0.526900 
0.527000 
0.527300 
0.530300 
0.530700 
0.532400 
0.532600 
0.532800 
0.532900 
0.533800 
0.534200 
0.536600 
0.537200 
0.538200 
0.538700 
0.539700 
0.540100 
0.540500 
0.541200 
0.543200 
0.545300 
0.546800 
0.547700 
0.550500 
0.550800 
0.552400 
0.552500 
0.552800 
0.553100 
0.553100 
0.555300 
0.555800 
0.556100 
0.556700 
0.557500 
0.558400 
0.560300 
0.561000 
0.561700 
0.562400 
0.563800 
0.563900 
0.564100 
0.564200 
0.565300 
0.565400 
0.566600 
0.567200 
0.567800 
0.568300 
0.569100 
0.569600 
0.572800 
0.573800 
0.574800 
0.574900 
0.575100 
0.575100 
0.577800 
0.578800 
0.579300 
0.580100 
0.580700 
0.581100 
0.581800 
0.582300 
0.582400 
0.583500 
0.583600 
0.583700 
0.584000 
0.584100 
0.585300 
0.585700 
0.586200 
0.587200 
0.588400 
0.590000 
0.591000 
0.591700 
0.592200 
0.593500 
0.593900 
0.594500 
0.594700 
0.594700 
0.594800 
0.595300 
0.595800 
0.596300 
0.597000 
0.598100 
0.598200 
0.600000 
0.600200 
0.600900 
0.604700 
0.604700 
0.605300 
0.607700 
0.607900 
0.609200 
0.611300 
0.611800 
0.612200 
0.612400 
0.613900 
0.614300 
0.614800 
0.616200 
0.616600 
0.619500 
0.619800 
0.620100 
0.620200 
0.621900 
0.622400 
0.622700 
0.623500 
0.624200 
0.624800 
0.624800 
0.625100 
0.625300 
0.625800 
0.626100 
0.626500 
0.626600 
0.628700 
0.629600 
0.629700 
0.629900 
0.631800 
0.631800 
0.632900 
0.633000 
0.634200 
0.634300 
0.634800 
0.635400 
0.635900 
0.636100 
0.636400 
0.638600 
0.638900 
0.639200 
0.639800 
0.643100 
0.643500 
0.643700 
0.643700 
0.644300 
0.646000 
0.648000 
0.648300 
0.652000 
0.652900 
0.652900 
0.653800 
0.657300 
0.657700 
0.658000 
0.658300 
0.659300 
0.659300 
0.659700 
0.659800 
0.660500 
0.665500 
0.666200 
0.666700 
0.666800 
0.667800 
0.667900 
0.668000 
0.669900 
0.670200 
0.670500 
0.670600 
0.672200 
0.674400 
0.674600 
0.675100 
0.677900 
0.678900 
0.679000 
0.680600 
0.681500 
0.682500 
0.684500 
0.685100 
0.686100 
0.686400 
0.687200 
0.690100 
0.690500 
0.691200 
0.691700 
0.693700 
0.696800 
0.697400 
0.699000 
0.699600 
0.700200 
0.700400 
0.702100 
0.703200 
0.703300 
0.704600 
0.705200 
0.705500 
0.706300 
0.706700 
0.707000 
0.708100 
0.708200 
0.710100 
0.710600 
0.711800 
0.712800 
0.713400 
0.713400 
0.715300 
0.715500 
0.716400 
0.717100 
0.717600 
0.717600 
0.717600 
0.719100 
0.720400 
0.722200 
0.722600 
0.723100 
0.725700 
0.726000 
0.726100 
0.726500 
0.727900 
0.731700 
0.732100 
0.733600 
0.735100 
0.735100 
0.736200 
0.737000 
0.737100 
0.739000 
0.739400 
0.740200 
0.740500 
0.741000 
0.741500 
0.741500 
0.741700 
0.742500 
0.742800 
0.743800 
0.744600 
0.747300 
0.748000 
0.748500 
0.748800 
0.749500 
0.750800 
0.750800 
0.750800 
0.753800 
0.754000 
0.754300 
0.755000 
0.755200 
0.755400 
0.757800 
0.761200 
0.761200 
0.761700 
0.764800 
0.765700 
0.767600 
0.767900 
0.768200 
0.770900 
0.772700 
0.773500 
0.774800 
0.776600 
0.777400 
0.777500 
0.778100 
0.778400 
0.779000 
0.780200 
0.780300 
0.781500 
0.781900 
0.783800 
0.784900 
0.785300 
0.785700 
0.786000 
0.786200 
0.786700 
0.787000 
0.787200 
0.788300 
0.788400 
0.788600 
0.789300 
0.789400 
0.789700 
0.790400 
0.791000 
0.793500 
0.793900 
0.795200 
0.796900 
0.797600 
0.798300 
0.798300 
0.798600 
0.799900 
0.800400 
0.800600 
0.801400 
0.802300 
0.802400 
0.802700 
0.804500 
0.804600 
0.806300 
0.806600 
0.806900 
0.807200 
0.807500 
0.808400 
0.810300 
0.811300 
0.811900 
0.815800 
0.816100 
0.816200 
0.816900 
0.817400 
0.817600 
0.818000 
0.819200 
0.820000 
0.820100 
0.820400 
0.821100 
0.822200 
0.822400 
0.822500 
0.823400 
0.823400 
0.825100 
0.826200 
0.826700 
0.827000 
0.827400 
0.828100 
0.828600 
0.829800 
0.829900 
0.831500 
0.832600 
0.832600 
0.833900 
0.837800 
0.838100 
0.839500 
0.840500 
0.841000 
0.842100 
0.842700 
0.842700 
0.842800 
0.842900 
0.843200 
0.843900 
0.845100 
0.845400 
0.846000 
0.847100 
0.847600 
0.849300 
0.850300 
0.851100 
0.852600 
0.853900 
0.855600 
0.855800 
0.856000 
0.856700 
0.858400 
0.859200 
0.862300 
0.862400 
0.862500 
0.863000 
0.863900 
0.864100 
0.865900 
0.866600 
0.866700 
0.867900 
0.868500 
0.869400 
0.872600 
0.872700 
0.874300 
0.875600 
0.876100 
0.876500 
0.876700 
0.876700 
0.876800 
0.878500 
0.878900 
0.879400 
0.879800 
0.880100 
0.880200 
0.880600 
0.881800 
0.882500 
0.882600 
0.882900 
0.883000 
0.884000 
0.884200 
0.885500 
0.886000 
0.887800 
0.888300 
0.888300 
0.888500 
0.888900 
0.889000 
0.890000 
0.891300 
0.891700 
0.891900 
0.891900 
0.892200 
0.893300 
0.893500 
0.893700 
0.894600 
0.894700 
0.896300 
0.896500 
0.899200 
0.900300 
0.901600 
0.902100 
0.903000 
0.903600 
0.904900 
0.905200 
0.906100 
0.906400 
0.907100 
0.907800 
0.908000 
0.909500 
0.909500 
0.910200 
0.911000 
0.911300 
0.911700 
0.912900 
0.912900 
0.913000 
0.913500 
0.913700 
0.915100 
0.915200 
0.916300 
0.917000 
0.919000 
0.920400 
0.920500 
0.922100 
0.922200 
0.922600 
0.923500 
0.923800 
0.927100 
0.927200 
0.927400 
0.927600 
0.928900 
0.930100 
0.932600 
0.932900 
0.933600 
0.933900 
0.935200 
0.935800 
0.936500 
0.936800 
0.937500 
0.938400 
0.939300 
0.939600 
0.941500 
0.943100 
0.943500 
0.945000 
0.945500 
0.945900 
0.946700 
0.948000 
0.948200 
0.949100 
0.949400 
0.950200 
0.950600 
0.951100 
0.952300 
0.953500 
0.953500 
0.955300 
0.955600 
0.955900 
0.956600 
0.958100 
0.958300 
0.960400 
0.960600 
0.963000 
0.963100 
0.963800 
0.964700 
0.965700 
0.965800 
0.965800 
0.966300 
0.967400 
0.968300 
0.968500 
0.972900 
0.973100 
0.973600 
0.976400 
0.976400 
0.976600 
0.977400 
0.978500 
0.978600 
0.979000 
0.979800 
0.980700 
0.980700 
0.981300 
0.981900 
0.982300 
0.983300 
0.983700 
0.984700 
0.985000 
0.985000 
0.985300 
0.986200 
0.987100 
0.987100 
0.990900 
0.991000 
0.992200 
0.992300 
0.992700 
0.993200 
0.993300 
0.996800 
0.996900 
0.997200 
0.997300 
0.997500 
0.997900 
0.998300 
1.000200 
1.000600 
1.001200 
1.001400 
1.002200 
1.002800 
1.003700 
1.004200 
1.004300 
1.008200 
1.008700 
1.010800 
1.011700 
1.011900 
1.012000 
1.012500 
1.014300 
1.014500 
1.016000 
1.016600 
1.017200 
1.018100 
1.018200 
1.020400 
1.021800 
1.024000 
1.024400 
1.024900 
1.025200 
1.025500 
1.025600 
1.025700 
1.026100 
1.027000 
1.027500 
1.027600 
1.029400 
1.031400 
1.032500 
1.034100 
1.035100 
1.035200 
1.035300 
1.036600 
1.037300 
1.037400 
1.037700 
1.039400 
1.039400 
1.039700 
1.043700 
1.044900 
1.046000 
1.047700 
1.048100 
1.049200 
1.049600 
1.049700 
1.050300 
1.050700 
1.051600 
1.053400 
1.054700 
1.055000 
1.056200 
1.056500 
1.057100 
1.058000 
1.058700 
1.058700 
1.059700 
1.061100 
1.061200 
1.062000 
1.062500 
1.062800 
1.062900 
1.063600 
1.065200 
1.065500 
1.066000 
1.066300 
1.070700 
1.071000 
1.071300 
1.073100 
1.073400 
1.074500 
1.074700 
1.074800 
1.077000 
1.077000 
1.077200 
1.077500 
1.078000 
1.078000 
1.078800 
1.080400 
1.080400 
1.080600 
1.083300 
1.084000 
1.085500 
1.086400 
1.087000 
1.087800 
1.089000 
1.089100 
1.090300 
1.090500 
1.091000 
1.092400 
1.092500 
1.092700 
1.093900 
1.094200 
1.097000 
1.097900 
1.098100 
1.098900 
1.099100 
1.099800 
1.100100 
1.100500 
1.100600 
1.101700 
1.102700 
1.105900 
1.106800 
1.107200 
1.107400 
1.107600 
1.109400 
1.110400 
1.111200 
1.111300 
1.111800 
1.111800 
1.113500 
1.115100 
1.115200 
1.116300 
1.116300 
1.116500 
1.117100 
1.117300 
1.117800 
1.118200 
1.118900 
1.119800 
1.119900 
1.120000 
1.120900 
1.121000 
1.122300 
1.122400 
1.123500 
1.124600 
1.125800 
1.127100 
1.128300 
1.130100 
1.130100 
1.131900 
1.132100 
1.133400 
1.134100 
1.134700 
1.134800 
1.136300 
1.136300 
1.136700 
1.138000 
1.139000 
1.141200 
1.142200 
1.142400 
1.142700 
1.142900 
1.143100 
1.143200 
1.144200 
1.144500 
1.147300 
1.148100 
1.148300 
1.148600 
1.150300 
1.150500 
1.150700 
1.151100 
1.152700 
1.152800 
1.153800 
1.153900 
1.154000 
1.154200 
1.154500 
1.156100 
1.156600 
1.157300 
1.158300 
1.158400 
1.158700 
1.159300 
1.159800 
1.161100 
1.162100 
1.162500 
1.162700 
1.164800 
1.165400 
1.165600 
1.165900 
1.166300 
1.169000 
1.169400 
1.169600 
1.169800 
1.170200 
1.171700 
1.171900 
1.172100 
1.174700 
1.176000 
1.176100 
1.176500 
1.176900 
1.177100 
1.178000 
1.178900 
1.179000 
1.179400 
1.179400 
1.181600 
1.182000 
1.182400 
1.182500 
1.183100 
1.183800 
1.184200 
1.185400 
1.188000 
1.188500 
1.189100 
1.190700 
1.191200 
1.191700 
1.192400 
1.192500 
1.193100 
1.194100 
1.194400 
1.195800 
1.196100 
1.196100 
1.204300 
1.204400 
1.204900 
1.206000 
1.206600 
1.206600 
1.208400 
1.209000 
1.212400 
1.213300 
1.213500 
1.215300 
1.215800 
1.216600 
1.216900 
1.217400 
1.217600 
1.218900 
1.218900 
1.218900 
1.219900 
1.220500 
1.221100 
1.221200 
1.222100 
1.222800 
1.223100 
1.224400 
1.225200 
1.226000 
1.229000 
1.230000 
1.230900 
1.232200 
1.234100 
1.235600 
1.236500 
1.236600 
1.237000 
1.238100 
1.238400 
1.238900 
1.239100 
1.239700 
1.239900 
1.240600 
1.241700 
1.243000 
1.243500 
1.243800 
1.245200 
1.246200 
1.246500 
1.247100 
1.247100 
1.247200 
1.248100 
1.248100 
1.248100 
1.248500 
1.249100 
1.249300 
1.250900 
1.251100 
1.251300 
1.251500 
1.251500 
1.251800 
1.252600 
1.253200 
1.255000 
1.255300 
1.256800 
1.259200 
1.261800 
1.261900 
1.263100 
1.263200 
1.267300 
1.269100 
1.271400 
1.271800 
1.271900 
1.271900 
1.275300 
1.276800 
1.277500 
1.277700 
1.278200 
1.278300 
1.279800 
1.281100 
1.281500 
1.282400 
1.283700 
1.285100 
1.286100 
1.287300 
1.287600 
1.289500 
1.290900 
1.293400 
1.297300 
1.298300 
1.301200 
1.301300 
1.303300 
1.303700 
1.304400 
1.304600 
1.305500 
1.305600 
1.306100 
1.306900 
1.307800 
1.309600 
1.310200 
1.312200 
1.312300 
1.313300 
1.313600 
1.316300 
1.316300 
1.317200 
1.319300 
1.319800 
1.322100 
1.322700 
1.322900 
1.323100 
1.323200 
1.324000 
1.324900 
1.325000 
1.325400 
1.327000 
1.329200 
1.331300 
1.331300 
1.332400 
1.332900 
1.332900 
1.335400 
1.337200 
1.339200 
1.339600 
1.341100 
1.341200 
1.341900 
1.342600 
1.343500 
1.345100 
1.346400 
1.347500 
1.347700 
1.348200 
1.349100 
1.349700 
1.349700 
1.350000 
1.350300 
1.351700 
1.354600 
1.355300 
1.357800 
1.358000 
1.358700 
1.359300 
1.359800 
1.360000 
1.361500 
1.363300 
1.363300 
1.363500 
1.364400 
1.364500 
1.365100 
1.365200 
1.366400 
1.368100 
1.369300 
1.370700 
1.371200 
1.372000 
1.372200 
1.372500 
1.373900 
1.374600 
1.375500 
1.376500 
1.377300 
1.382400 
1.383400 
1.383600 
1.384400 
1.384900 
1.388900 
1.390400 
1.390700 
1.390900 
1.392400 
1.392800 
1.393200 
1.395000 
1.395100 
1.395300 
1.396200 
1.399100 
1.399300 
1.400600 
1.401000 
1.401300 
1.401600 
1.402900 
1.404000 
1.405100 
1.405500 
1.405700 
1.406400 
1.408300 
1.410000 
1.410300 
1.413000 
1.414600 
1.415200 
1.416000 
1.417000 
1.417500 
1.419800 
1.420500 
1.420900 
1.422400 
1.422500 
1.423400 
1.424000 
1.424100 
1.424800 
1.424900 
1.426900 
1.427700 
1.428900 
1.429500 
1.430400 
1.431500 
1.434100 
1.436200 
1.436800 
1.437100 
1.438100 
1.438900 
1.439600 
1.440000 
1.440200 
1.441100 
1.441100 
1.442100 
1.442800 
1.443100 
1.444000 
1.445900 
1.446200 
1.446600 
1.448900 
1.450200 
1.450800 
1.452600 
1.453000 
1.453600 
1.454700 
1.454900 
1.455000 
1.455200 
1.456100 
1.456400 
1.456600 
1.456800 
1.457100 
1.460400 
1.461000 
1.462400 
1.462700 
1.463700 
1.463900 
1.465600 
1.465900 
1.468600 
1.469600 
1.471300 
1.472100 
1.472500 
1.474400 
1.474600 
1.477400 
1.478100 
1.478500 
1.478600 
1.478800 
1.479700 
1.481800 
1.482300 
1.483300 
1.483600 
1.484800 
1.486200 
1.487000 
1.488100 
1.488200 
1.492000 
1.493000 
1.493900 
1.494600 
1.495800 
1.498300 
1.498600 
1.499400 
1.499800 
1.499900 
1.500300 
1.500600 
1.500800 
1.501100 
1.502400 
1.502700 
1.503800 
1.503800 
1.503900 
1.503900 
1.504500 
1.504500 
1.504800 
1.507400 
1.508900 
1.508900 
1.509800 
1.509800 
1.512200 
1.512500 
1.514200 
1.516900 
1.517300 
1.518200 
1.518600 
1.518700 
1.518900 
1.519900 
1.521600 
1.523600 
1.523800 
1.524300 
1.524500 
1.525400 
1.525900 
1.527400 
1.528200 
1.528600 
1.529400 
1.530000 
1.530200 
1.530400 
1.533100 
1.533800 
1.533800 
1.533900 
1.534500 
1.535700 
1.536700 
1.537500 
1.538100 
1.539500 
1.540200 
1.540200 
1.542400 
1.542700 
1.544200 
1.545600 
1.545800 
1.547300 
1.547900 
1.548400 
1.548900 
1.550700 
1.551300 
1.553400 
1.553500 
1.553600 
1.554500 
1.555000 
1.555000 
1.556100 
1.558000 
1.558500 
1.560000 
1.560900 
1.562700 
1.564800 
1.565200 
1.565300 
1.565400 
1.565700 
1.566500 
1.568200 
1.568600 
1.568800 
1.570500 
1.573000 
1.573500 
1.573800 
1.577100 
1.577200 
1.579300 
1.579400 
1.579400 
1.580900 
1.581200 
1.581200 
1.581400 
1.581500 
1.581500 
1.581700 
1.582900 
1.583500 
1.583500 
1.584200 
1.588100 
1.588700 
1.589300 
1.589400 
1.589700 
1.590300 
1.590600 
1.590800 
1.590900 
1.591800 
1.593500 
1.594100 
1.594100 
1.595700 
1.596200 
1.596300 
1.597200 
1.598600 
1.598700 
1.600500 
1.601500 
1.603900 
1.604400 
1.604900 
1.604900 
1.606000 
1.606600 
1.606900 
1.607400 
1.608400 
1.608500 
1.609500 
1.609500 
1.610500 
1.611300 
1.611500 
1.612200 
1.612900 
1.613100 
1.613200 
1.613300 
1.615500 
1.616700 
1.618900 
1.618900 
1.619300 
1.619800 
1.622300 
1.623400 
1.623600 
1.623700 
1.624900 
1.628000 
1.628400 
1.628500 
1.628700 
1.628900 
1.629200 
1.629600 
1.632000 
1.632100 
1.634300 
1.634800 
1.635800 
1.636400 
1.637500 
1.637800 
1.638400 
1.639100 
1.639400 
1.640500 
1.641000 
1.641700 
1.641900 
1.642000 
1.642100 
1.643100 
1.643600 
1.644300 
1.647300 
1.648000 
1.648100 
1.648700 
1.648900 
1.649800 
1.651000 
1.651600 
1.653700 
1.653900 
1.654400 
1.657600 
1.658100 
1.658300 
1.658300 
1.659400 
1.659800 
1.660000 
1.660300 
1.660600 
1.661300 
1.661800 
1.662100 
1.663200 
1.664800 
1.665000 
1.665500 
1.665900 
1.666800 
1.667100 
1.667100 
1.669000 
1.670400 
1.671000 
1.671000 
1.671200 
1.671600 
1.671900 
1.672500 
1.673700 
1.674700 
1.675700 
1.676500 
1.676500 
1.676700 
1.676700 
1.678700 
1.679000 
1.682400 
1.682900 
1.683000 
1.683600 
1.687500 
1.687500 
1.688200 
1.690000 
1.690400 
1.691200 
1.691500 
1.694200 
1.694400 
1.694900 
1.695000 
1.695500 
1.695700 
1.695800 
1.696400 
1.697000 
1.697100 
1.697200 
1.699000 
1.699300 
1.699400 
1.700300 
1.701800 
1.701900 
1.701900 
1.705800 
1.706100 
1.707100 
1.708800 
1.711100 
1.711500 
1.711500 
1.712100 
1.713000 
1.714300 
1.714600 
1.714700 
1.715800 
1.716000 
1.718700 
1.720600 
1.720700 
1.720800 
1.721100 
1.722100 
1.724400 
1.725600 
1.727200 
1.728500 
1.728500 
1.728700 
1.728800 
1.730500 
1.731500 
1.732300 
1.732400 
1.732800 
1.734000 
1.734000 
1.734100 
1.736300 
1.738500 
1.738600 
1.739700 
1.739800 
1.741700 
1.742100 
1.742400 
1.743000 
1.743900 
1.745200 
1.745300 
1.745300 
1.745900 
1.746700 
1.747200 
1.748700 
1.750100 
1.753400 
1.753600 
1.753800 
1.753900 
1.755100 
1.755400 
1.755900 
1.756300 
1.756800 
1.759100 
1.759800 
1.760900 
1.761500 
1.762200 
1.763000 
1.763100 
1.763400 
1.763500 
1.764200 
1.765300 
1.765700 
1.766700 
1.768100 
1.768800 
1.769000 
1.772300 
1.773500 
1.774200 
1.774600 
1.776300 
1.777000 
1.777500 
1.777700 
1.778200 
1.779900 
1.781200 
1.782200 
1.783300 
1.784400 
1.784600 
1.784800 
1.788100 
1.788100 
1.789600 
1.791800 
1.792600 
1.793700 
1.793700 
1.794200 
1.794200 
1.794300 
1.795100 
1.795300 
1.795700 
1.797400 
1.797500 
1.798600 
1.799000 
1.799000 
1.799400 
1.800800 
1.801900 
1.802000 
1.802500 
1.803500 
1.806300 
1.806500 
1.806900 
1.807000 
1.807600 
1.809000 
1.809400 
1.809400 
1.811000 
1.811900 
1.816700 
1.817200 
1.817500 
1.818500 
1.819100 
1.819300 
1.820900 
1.822000 
1.822500 
1.822500 
1.822700 
1.823800 
1.824600 
1.826000 
1.826600 
1.828600 
1.829000 
1.831000 
1.831500 
1.832500 
1.833000 
1.833000 
1.834100 
1.834900 
1.835400 
1.835500 
1.835800 
1.836600 
1.836700 
1.837800 
1.838000 
1.839400 
1.841300 
1.843400 
1.843700 
1.843800 
1.845100 
1.846200 
1.846300 
1.846900 
1.847800 
1.847800 
1.848100 
1.848300 
1.848400 
1.848500 
1.849600 
1.850900 
1.851600 
1.853000 
1.853100 
1.853400 
1.853600 
1.854100 
1.856600 
1.857400 
1.857900 
1.859000 
1.859000 
1.859500 
1.859600 
1.860200 
1.860400 
1.861000 
1.861300 
1.861600 
1.862900 
1.864200 
1.864900 
1.865100 
1.865700 
1.867800 
1.868500 
1.869000 
1.872100 
1.873200 
1.873400 
1.873600 
1.874500 
1.875600 
1.876700 
1.877000 
1.878400 
1.878500 
1.879300 
1.880600 
1.882600 
1.883300 
1.883500 
1.884600 
1.886100 
1.887900 
1.889200 
1.889800 
1.890100 
1.891000 
1.891600 
1.893100 
1.893800 
1.894500 
1.895200 
1.896100 
1.896200 
1.900200 
1.900400 
1.900500 
1.900500 
1.900600 
1.901000 
1.905300 
1.906600 
1.906800 
1.907700 
1.907900 
1.908500 
1.908700 
1.908900 
1.909000 
1.910300 
1.910300 
1.911600 
1.912700 
1.913100 
1.913900 
1.915300 
1.915700 
1.915800 
1.916500 
1.917900 
1.918300 
1.919000 
1.919100 
1.919200 
1.921900 
1.922200 
1.923400 
1.924400 
1.926900 
1.927500 
1.927600 
1.927800 
1.928800 
1.929600 
1.931000 
1.931300 
1.932700 
1.933600 
1.934100 
1.934300 
1.935800 
1.939100 
1.939300 
1.940300 
1.941000 
1.941200 
1.942200 
1.943500 
1.943600 
1.944800 
1.948600 
1.948800 
1.950000 
1.950200 
1.953200 
1.953400 
1.955100 
1.956800 
1.956800 
1.957100 
1.957200 
1.957400 
1.958400 
1.958700 
1.961100 
1.961100 
1.961800 
1.963600 
1.963700 
1.964200 
1.964500 
1.964700 
1.965300 
1.965500 
1.965900 
1.966500 
1.966700 
1.967000 
1.968600 
1.969100 
1.969500 
1.970600 
1.970900 
1.972600 
1.976100 
1.977800 
1.978300 
1.979400 
1.979600 
1.980200 
1.981000 
1.981100 
1.982400 
1.983900 
1.984000 
1.984600 
1.984600 
1.985700 
1.985800 
1.986800 
1.986900 
1.986900 
1.988100 
1.990300 
1.991400 
1.992600 
1.992700 
1.993200 
1.993200 
1.994600 
1.995800 
1.997100 
1.997400 
1.998300 
2.000000 
2.000300 
2.000900 
2.001900 
2.001900 
2.002200 
2.002300 
2.002800 
2.003300 
2.004400 
2.004900 
2.005700 
2.006900 
2.007100 
2.009800 
2.009900 
2.010300 
2.011300 
2.013200 
2.014000 
2.014900 
2.015200 
2.016100 
2.017100 
2.018700 
2.019000 
2.019600 
2.020300 
2.021300 
2.021900 
2.023100 
2.023500 
2.023900 
2.024300 
2.024500 
2.025700 
2.025900 
2.026500 
2.028400 
2.032000 
2.032100 
2.032900 
2.033800 
2.034100 
2.034200 
2.034200 
2.034800 
2.035500 
2.036400 
2.036500 
2.036700 
2.037900 
2.038200 
2.038500 
2.040100 
2.041400 
2.043600 
2.043800 
2.043800 
2.044100 
2.044900 
2.045300 
2.045300 
2.047400 
2.048000 
2.049700 
2.049900 
2.050800 
2.051400 
2.051900 
2.051900 
2.052200 
2.053200 
2.054000 
2.055100 
2.055900 
2.056400 
2.056900 
2.057200 
2.058300 
2.058500 
2.058500 
2.060200 
2.061100 
2.061200 
2.061300 
2.061700 
2.062000 
2.063200 
2.066900 
2.069400 
2.069700 
2.071200 
2.071300 
2.071900 
2.072200 
2.074600 
2.074700 
2.076200 
2.077300 
2.078800 
2.080700 
2.081500 
2.082700 
2.083700 
2.083900 
2.084300 
2.085500 
2.085600 
2.086200 
2.086900 
2.087600 
2.088700 
2.089400 
2.090000 
2.090400 
2.090500 
2.090600 
2.094800 
2.095700 
2.097800 
2.098400 
2.098500 
2.098700 
2.099700 
2.100500 
2.100500 
2.100800 
2.102800 
2.106600 
2.106700 
2.108700 
2.109500 
2.110900 
2.112600 
2.113900 
2.114800 
2.115200 
2.116600 
2.117800 
2.118200 
2.119300 
2.120200 
2.121600 
2.121700 
2.121800 
2.121800 
2.122000 
2.122500 
2.124100 
2.124100 
2.124500 
2.128900 
2.129700 
2.130200 
2.130700 
2.130700 
2.131200 
2.131400 
2.131600 
2.133000 
2.133200 
2.134000 
2.136700 
2.136900 
2.137600 
2.137900 
2.138400 
2.138500 
2.140000 
2.141200 
2.141800 
2.143500 
2.144700 
2.146300 
2.146400 
2.146500 
2.148200 
2.148500 
2.150300 
2.150500 
2.150800 
2.150900 
2.151600 
2.151700 
2.151800 
2.153600 
2.154200 
2.154300 
2.155600 
2.156400 
2.156500 
2.156800 
2.157200 
2.158500 
2.159500 
2.160900 
2.161000 
2.161600 
2.161900 
2.163600 
2.164200 
2.165200 
2.165900 
2.166400 
2.166600 
2.170500 
2.171400 
2.171800 
2.172500 
2.172600 
2.173200 
2.174500 
2.175300 
2.177200 
2.177300 
2.178400 
2.178500 
2.180100 
2.181400 
2.183200 
2.183300 
2.186500 
2.187400 
2.187500 
2.188900 
2.191700 
2.192200 
2.193200 
2.194700 
2.194900 
2.195400 
2.196000 
2.196600 
2.198800 
2.200300 
2.202100 
2.202200 
2.203300 
2.203500 
2.204200 
2.205100 
2.206000 
2.206200 
2.207500 
2.207600 
2.208800 
2.208900 
2.210300 
2.211500 
2.212400 
2.212700 
2.212700 
2.213400 
2.214700 
2.214700 
2.218700 
2.219000 
2.219400 
2.221700 
2.222300 
2.222400 
2.224300 
2.224400 
2.224800 
2.225800 
2.226900 
2.227000 
2.227400 
2.229700 
2.229700 
2.231300 
2.231400 
2.232600 
2.235300 
2.235400 
2.235500 
2.236700 
2.237200 
2.238400 
2.240000 
2.242000 
2.242100 
2.242900 
2.243800 
2.244700 
2.246600 
2.246900 
2.247400 
2.247900 
2.248100 
2.248500 
2.248800 
2.252300 
2.254100 
2.254400 
2.255000 
2.255700 
2.256900 
2.257000 
2.257200 
2.258100 
2.258800 
2.260700 
2.261300 
2.261300 
2.262400 
2.263200 
2.263300 
2.263600 
2.265100 
2.265300 
2.266100 
2.266500 
2.266600 
2.266800 
2.267900 
2.268300 
2.269000 
2.272100 
2.272900 
2.273800 
2.275000 
2.275100 
2.276400 
2.276500 
2.277300 
2.281600 
2.283000 
2.283100 
2.283700 
2.283800 
2.286800 
2.286800 
2.286900 
2.287600 
2.293000 
2.295000 
2.295000 
2.295400 
2.295700 
2.296500 
2.296600 
2.296900 
2.297500 
2.297700 
2.298200 
2.298900 
2.300700 
2.301900 
2.303500 
2.304500 
2.305400 
2.305600 
2.307200 
2.308400 
2.308400 
2.308600 
2.309200 
2.309800 
2.314000 
2.314100 
2.314200 
2.314400 
2.314900 
2.315300 
2.315500 
2.315500 
2.316000 
2.317700 
2.318000 
2.318400 
2.318800 
2.319600 
2.322000 
2.322400 
2.323500 
2.324800 
2.325400 
2.325700 
2.326800 
2.328100 
2.329500 
2.330800 
2.331600 
2.333200 
2.333700 
2.333900 
2.333900 
2.334700 
2.335400 
2.335700 
2.337300 
2.337700 
2.340600 
2.340900 
2.341000 
2.341900 
2.342800 
2.345200 
2.345300 
2.345600 
2.346000 
2.346100 
2.346600 
2.349300 
2.349700 
2.349900 
2.352200 
2.352400 
2.352500 
2.352500 
2.352600 
2.356400 
2.359400 
2.359500 
2.361800 
2.361900 
2.362000 
2.363400 
2.363900 
2.364200 
2.365000 
2.365900 
2.368600 
2.370000 
2.371000 
2.373700 
2.374200 
2.375400 
2.378000 
2.381300 
2.381600 
2.381700 
2.382600 
2.383000 
2.383300 
2.383400 
2.383800 
2.384000 
2.384700 
2.385200 
2.386600 
2.386900 
2.388900 
2.389700 
2.391100 
2.391700 
2.391800 
2.391900 
2.392500 
2.392800 
2.393100 
2.393400 
2.394100 
2.396400 
2.397100 
2.397600 
2.398300 
2.399400 
2.400400 
2.401700 
2.402300 
2.402500 
2.403400 
2.403900 
2.404000 
2.404600 
2.404900 
2.405000 
2.405100 
2.405600 
2.405700 
2.405900 
2.406100 
2.406400 
2.409100 
2.409200 
2.412600 
2.412900 
2.413300 
2.413500 
2.415200 
2.416000 
2.417000 
2.417400 
2.418400 
2.421900 
2.422200 
2.422600 
2.424300 
2.424300 
2.424500 
2.424700 
2.425500 
2.426900 
2.427900 
2.428200 
2.428200 
2.428300 
2.429600 
2.431300 
2.432800 
2.434200 
2.434300 
2.436200 
2.436600 
2.437300 
2.437500 
2.438000 
2.438400 
2.439500 
2.440000 
2.440300 
2.440700 
2.441700 
2.441900 
2.442400 
2.443000 
2.443600 
2.443800 
2.446800 
2.447100 
2.448500 
2.449800 
2.452600 
2.453500 
2.453800 
2.453800 
2.454400 
2.454500 
2.457400 
2.460100 
2.461700 
2.462000 
2.463400 
2.463800 
2.464700 
2.465100 
2.465600 
2.467200 
2.469300 
2.473200 
2.473300 
2.474000 
2.474300 
2.474700 
2.475000 
2.476100 
2.477000 
2.477200 
2.477700 
2.478800 
2.480500 
2.480900 
2.481100 
2.482900 
2.484200 
2.484300 
2.484700 
2.487000 
2.488200 
2.488900 
2.489200 
2.489600 
2.490900 
2.491400 
2.493600 
2.493800 
2.494600 
2.496600 
2.497100 
2.497800 
2.498100 
2.498300 
2.499600 
2.499600 
2.500500 
2.500900 
2.501400 
2.501900 
2.502900 
2.503600 
2.506400 
2.506700 
2.509000 
2.509600 
2.509900 
2.510100 
2.511500 
2.512300 
2.512700 
2.513200 
2.514900 
2.514900 
2.516400 
2.517700 
2.517800 
2.518400 
2.519000 
2.519800 
2.520800 
2.521100 
2.522100 
2.522700 
2.522700 
2.522800 
2.524400 
2.526000 
2.526300 
2.526500 
2.528200 
2.528200 
2.528900 
2.530100 
2.530900 
2.531100 
2.534300 
2.535400 
2.535900 
2.536300 
2.536700 
2.537800 
2.538600 
2.538800 
2.540300 
2.540900 
2.541000 
2.541600 
2.542300 
2.543000 
2.544400 
2.544600 
2.544900 
2.545000 
2.545400 
2.549000 
2.549400 
2.550700 
2.551400 
2.551800 
2.552500 
2.552700 
2.552800 
2.553300 
2.553400 
2.554000 
2.554300 
2.554600 
2.554900 
2.555100 
2.555600 
2.556200 
2.557600 
2.559400 
2.559500 
2.561300 
2.561400 
2.562500 
2.564100 
2.565000 
2.566100 
2.566700 
2.566700 
2.567100 
2.568200 
2.568800 
2.571000 
2.571900 
2.573000 
2.573200 
2.573300 
2.573900 
2.574500 
2.574700 
2.574700 
2.575500 
2.576200 
2.577100 
2.578700 
2.579000 
2.579800 
2.581000 
2.581100 
2.582500 
2.582700 
2.584100 
2.584500 
2.585800 
2.587400 
2.588300 
2.589300 
2.589300 
2.590100 
2.590300 
2.590600 
2.591200 
2.591300 
2.592400 
2.592900 
2.593600 
2.593800 
2.594600 
2.595800 
2.596500 
2.599100 
2.599300 
2.600500 
2.602200 
2.602400 
2.602400 
2.602400 
2.603200 
2.605300 
2.606000 
2.608400 
2.609700 
2.610300 
2.610400 
2.612000 
2.612300 
2.612700 
2.613400 
2.613600 
2.614200 
2.614700 
2.614700 
2.615000 
2.616500 
2.618900 
2.619500 
2.620000 
2.620300 
2.623400 
2.623500 
2.624200 
2.624300 
2.624600 
2.626500 
2.626600 
2.627300 
2.627700 
2.628700 
2.630100 
2.631800 
2.632000 
2.632100 
2.632400 
2.633500 
2.634900 
2.635900 
2.636100 
2.636300 
2.636800 
2.637800 
2.637900 
2.639100 
2.639100 
2.639200 
2.642400 
2.642500 
2.642600 
2.643900 
2.644300 
2.644900 
2.645200 
2.647600 
2.648100 
2.648800 
2.649100 
2.650600 
2.650700 
2.651000 
2.651200 
2.651400 
2.653600 
2.655600 
2.657300 
2.657700 
2.657800 
2.658100 
2.659200 
2.659600 
2.661300 
2.661600 
2.663800 
2.663900 
2.664000 
2.665000 
2.665600 
2.666300 
2.668000 
2.668300 
2.668700 
2.668800 
2.669500 
2.671900 
2.672100 
2.673900 
2.674900 
2.675100 
2.675600 
2.677100 
2.677400 
2.678200 
2.681000 
2.681200 
2.681400 
2.682100 
2.682200 
2.683000 
2.684000 
2.685200 
2.686800 
2.687000 
2.687800 
2.687900 
2.688400 
2.690000 
2.690000 
2.691100 
2.693500 
2.693900 
2.694600 
2.695800 
2.696000 
2.697300 
2.697400 
2.697900 
2.698100 
2.698800 
2.700200 
2.700400 
2.700800 
2.701200 
2.701300 
2.703400 
2.703600 
2.704100 
2.706200 
2.706400 
2.706800 
2.707800 
2.708000 
2.708600 
2.708700 
2.709200 
2.709600 
2.710900 
2.711500 
2.714400 
2.715900 
2.716200 
2.717100 
2.718200 
2.718400 
2.719200 
2.719500 
2.719600 
2.720800 
2.720800 
2.722300 
2.722500 
2.722600 
2.723400 
2.723600 
2.724400 
2.724800 
2.725200 
2.725400 
2.727200 
2.727800 
2.729200 
2.730600 
2.730700 
2.731500 
2.732000 
2.732600 
2.738200 
2.738800 
2.739000 
2.739700 
2.739900 
2.740500 
2.740500 
2.740900 
2.741000 
2.741200 
2.743500 
2.744800 
2.744900 
2.748000 
2.750000 
2.750400 
2.750900 
2.751600 
2.751800 
2.755000 
2.755400 
2.757000 
2.759100 
2.759200 
2.759500 
2.759700 
2.760700 
2.761000 
2.761400 
2.764200 
2.764400 
2.764600 
2.765100 
2.768500 
2.769900 
2.770300 
2.771300 
2.771300 
2.772700 
2.773400 
2.773500 
2.774000 
2.776600 
2.776600 
2.777600 
2.778000 
2.779000 
2.779300 
2.779900 
2.781100 
2.781400 
2.781700 
2.783300 
2.784900 
2.785400 
2.786000 
2.786700 
2.790300 
2.790500 
2.794000 
2.794200 
2.794400 
2.795200 
2.795300 
2.795600 
2.797900 
2.798200 
2.799100 
2.800000 
2.800900 
2.801300 
2.801300 
2.802000 
2.802900 
2.803500 
2.804600 
2.805100 
2.805200 
2.805900 
2.806200 
2.806300 
2.806400 
2.809100 
2.809500 
2.809900 
2.810900 
2.811800 
2.812500 
2.812800 
2.813500 
2.814100 
2.814200 
2.814700 
2.815400 
2.818300 
2.819400 
2.821800 
2.822200 
2.823100 
2.823500 
2.825500 
2.825600 
2.825800 
2.826700 
2.827900 
2.830000 
2.830200 
2.830600 
2.830800 
2.831200 
2.831500 
2.832100 
2.832600 
2.833500 
2.833900 
2.835100 
2.837500 
2.837600 
2.838700 
2.838700 
2.839500 
2.839600 
2.840100 
2.840200 
2.842400 
2.843400 
2.843600 
2.843700 
2.844300 
2.845300 
2.846100 
2.846500 
2.846600 
2.847800 
2.848300 
2.848800 
2.852300 
2.853100 
2.855300 
2.856000 
2.857000 
2.858000 
2.859900 
2.860100 
2.860600 
2.860600 
2.861100 
2.862000 
2.863100 
2.864200 
2.864700 
2.864700 
2.865700 
2.867200 
2.868100 
2.868200 
2.868400 
2.868600 
2.869800 
2.870100 
2.871200 
2.873600 
2.873900 
2.874300 
2.875700 
2.876900 
2.879500 
2.881800 
2.882200 
2.883400 
2.885400 
2.887900 
2.888100 
2.888200 
2.889400 
2.891000 
2.893000 
2.893600 
2.894000 
2.894300 
2.895700 
2.896100 
2.896300 
2.896900 
2.897700 
2.899600 
2.899600 
2.900600 
2.901200 
2.901800 
2.902000 
2.902100 
2.902300 
2.902800 
2.903100 
2.903800 
2.903800 
2.905500 
2.906300 
2.907500 
2.908000 
2.908900 
2.909200 
2.910500 
2.910700 
2.910800 
2.912100 
2.912300 
2.912500 
2.913500 
2.914300 
2.915800 
2.915900 
2.916900 
2.917400 
2.917700 
2.918000 
2.920300 
2.922300 
2.923200 
2.923200 
2.924200 
2.924400 
2.924700 
2.925300 
2.925600 
2.928400 
2.928500 
2.929100 
2.929200 
2.929500 
2.930100 
2.930300 
2.934700 
2.935900 
2.937200 
2.937500 
2.937800 
2.938200 
2.939400 
2.939700 
2.940200 
2.941400 
2.942900 
2.944100 
2.944100 
2.946300 
2.946500 
2.946800 
2.947600 
2.948700 
2.949200 
2.950400 
2.950400 
2.953700 
2.953800 
2.953800 
2.955400 
2.955400 
2.956600 
2.957500 
2.957900 
2.960300 
2.961800 
2.961900 
2.963400 
2.963600 
2.964600 
2.964800 
2.965100 
2.965200 
2.966200 
2.967200 
2.967700 
2.967800 
2.968300 
2.968600 
2.973500 
2.974900 
2.975200 
2.976400 
2.976600 
2.976800 
2.978400 
2.978900 
2.981800 
2.984400 
2.985900 
2.986200 
2.986900 
2.987500 
2.988800 
2.989500 
2.990000 
2.990500 
2.991800 
2.992300 
2.993300 
2.993900 
2.995000 
2.995700 
2.999300 
