28 
12 
32 
2 
51 
23 
21 
3 
24 
39 
1 
19 
51 
10 
29 
29 
37 
41 
40 
21 
44 
24 
12 
10 
37 
33 
2 
17 
21 
32 
12 
29 
39 
10 
2 
5 
1 
11 
30 
29 
37 
2 
10 
29 
14 
1 
21 
51 
12 
8 
3 
32 
25 
43 
32 
4 
40 
24 
52 
29 
27 
30 
35 
41 
24 
6 
3 
7 
2 
25 
32 
10 
29 
23 
26 
15 
2 
34 
30 
10 
23 
1 
12 
4 
24 
41 
2 
11 
4 
39 
12 
28 
29 
37 
1 
19 
11 
4 
10 
46 
30 
49 
2 
23 
29 
39 
11 
6 
8 
1 
29 
33 
37 
39 
23 
29 
4 
14 
1 
39 
30 
23 
40 
4 
32 
2 
19 
30 
34 
33 
4 
1 
40 
29 
32 
24 
2 
4 
29 
21 
33 
51 
41 
11 
34 
12 
43 
51 
38 
6 
4 
36 
12 
1 
29 
16 
33 
32 
37 
4 
2 
39 
33 
11 
38 
2 
52 
29 
36 
24 
35 
33 
28 
23 
2 
32 
43 
33 
37 
3 
28 
29 
1 
15 
26 
41 
2 
32 
36 
8 
29 
3 
33 
1 
29 
23 
10 
8 
24 
3 
21 
28 
37 
29 
33 
11 
40 
7 
6 
32 
2 
24 
15 
39 
51 
32 
43 
19 
28 
2 
36 
21 
23 
10 
32 
52 
40 
37 
29 
24 
4 
8 
29 
32 
6 
3 
29 
37 
2 
32 
40 
4 
22 
34 
51 
28 
2 
10 
15 
43 
12 
35 
33 
10 
11 
41 
23 
1 
39 
3 
29 
48 
21 
41 
1 
4 
32 
1 
7 
29 
25 
28 
30 
12 
10 
21 
39 
36 
30 
43 
29 
40 
11 
12 
0 
8 
52 
40 
29 
34 
1 
3 
31 
40 
2 
3 
12 
19 
51 
7 
37 
41 
32 
30 
2 
14 
11 
8 
30 
3 
10 
32 
52 
23 
48 
2 
19 
26 
40 
4 
33 
46 
8 
16 
11 
23 
26 
41 
19 
29 
2 
40 
43 
29 
21 
23 
12 
18 
37 
40 
22 
30 
2 
