0.011700 
0.017300 
0.018100 
0.018600 
0.019000 
0.019000 
0.019800 
0.020000 
0.020900 
0.021400 
0.021900 
0.022100 
0.022700 
0.024000 
0.025200 
0.027000 
0.029900 
0.032500 
0.032900 
0.033000 
0.033600 
0.034600 
0.035100 
0.035800 
0.036400 
0.036400 
0.036600 
0.036600 
0.036600 
0.036800 
0.037100 
0.037500 
0.037600 
0.039400 
0.039400 
0.039800 
0.040100 
0.040300 
0.040700 
0.041600 
0.041900 
0.043400 
0.043400 
0.043600 
0.043900 
0.045100 
0.045200 
0.045600 
0.049300 
0.050200 
0.050300 
0.052600 
0.054100 
0.055300 
0.057800 
0.058400 
0.058500 
0.059400 
0.060100 
0.060400 
0.060500 
0.060700 
0.062100 
0.062800 
0.062900 
0.066300 
0.066700 
0.067500 
0.068400 
0.069400 
0.070100 
0.071400 
0.071600 
0.072200 
0.072600 
0.073200 
0.073800 
0.074200 
0.074300 
0.074300 
0.075000 
0.075500 
0.075800 
0.076800 
0.078100 
0.079200 
0.080500 
0.080800 
0.081100 
0.081200 
0.081600 
0.081800 
0.082800 
0.083500 
0.083800 
0.084700 
0.085200 
0.085900 
0.087100 
0.087600 
0.088300 
0.088500 
0.088500 
0.090400 
0.090900 
0.091200 
0.091900 
0.092900 
0.093300 
0.093500 
0.094400 
0.095100 
0.095200 
0.096300 
0.096900 
0.097100 
0.097200 
0.097400 
0.097900 
0.098000 
0.098400 
0.098600 
0.099200 
0.099300 
0.099400 
0.100300 
0.101400 
0.101500 
0.101800 
0.101800 
0.102000 
0.104400 
0.105500 
0.105900 
0.108200 
0.109300 
0.109400 
0.110000 
0.110100 
0.110200 
0.110300 
0.110300 
0.110700 
0.111600 
0.112000 
0.112300 
0.112400 
0.112400 
0.112900 
0.113500 
0.113900 
0.113900 
0.114000 
0.114100 
0.114900 
0.116000 
0.116400 
0.116600 
0.117900 
0.118000 
0.118300 
0.118600 
0.121500 
0.122800 
0.122900 
0.123700 
0.123800 
0.124700 
0.125000 
0.125300 
0.126400 
0.127000 
0.127600 
0.127800 
0.128100 
0.128300 
0.128300 
0.128700 
0.128900 
0.128900 
0.129000 
0.129100 
0.129200 
0.130100 
0.130300 
0.130500 
0.131000 
0.131300 
0.132100 
0.132900 
0.133100 
0.133500 
0.134100 
0.134600 
0.134600 
0.134700 
0.135500 
0.135900 
0.136200 
0.136500 
0.137600 
0.137700 
0.137700 
0.139000 
0.140000 
0.141200 
0.141400 
0.141900 
0.142000 
0.142000 
0.142100 
0.142700 
0.143300 
0.143900 
0.144600 
0.145300 
0.146400 
0.146400 
0.146400 
0.149000 
0.149500 
0.149600 
0.150200 
0.151000 
0.151100 
0.151400 
0.153200 
0.153600 
0.154900 
0.155300 
0.155800 
0.157000 
0.157100 
0.157600 
0.157900 
0.158000 
0.158800 
0.159500 
0.160000 
0.160100 
0.160500 
0.160600 
0.161000 
0.161900 
0.162200 
0.162200 
0.162300 
0.162300 
0.162600 
0.164000 
0.164400 
0.164700 
0.164800 
0.165100 
0.165800 
0.166300 
0.166900 
0.167000 
0.167300 
0.167400 
0.167500 
0.167800 
0.168900 
0.169400 
0.169900 
0.170000 
0.170500 
0.170800 
0.170900 
0.171300 
0.172600 
0.172800 
0.174000 
0.174100 
0.174100 
0.174200 
0.174200 
0.175100 
0.175400 
0.175400 
0.175600 
0.176200 
0.176400 
0.176700 
0.178900 
0.180000 
0.180000 
0.180700 
0.182800 
0.182800 
0.184400 
0.184700 
0.184800 
0.185000 
0.185200 
0.185600 
0.185600 
0.186200 
0.187100 
0.187600 
0.187900 
0.188100 
0.188500 
0.188800 
0.189200 
0.189300 
0.189300 
0.189400 
0.190200 
0.192000 
0.192800 
0.193400 
0.193600 
0.194000 
0.194100 
0.194800 
0.196200 
0.196300 
0.196500 
0.196500 
0.197700 
0.197800 
0.198000 
0.198300 
0.198500 
0.199200 
0.199400 
0.199600 
0.201300 
0.202400 
0.202700 
0.202800 
0.203800 
0.204000 
0.204800 
0.205000 
0.205200 
0.205400 
0.205500 
0.205500 
0.205600 
0.208100 
0.208800 
0.208900 
0.210200 
0.210500 
0.211400 
0.212300 
0.212400 
0.213700 
0.213900 
0.214100 
0.215200 
0.215900 
0.216200 
0.217300 
0.217600 
0.217600 
0.217800 
0.218500 
0.218600 
0.219400 
0.219600 
0.220000 
0.220800 
0.221700 
0.221900 
0.222500 
0.222600 
0.222700 
0.223100 
0.223500 
0.223700 
0.224000 
0.224300 
0.224600 
0.225100 
0.226000 
0.227300 
0.227500 
0.228200 
0.228500 
0.228500 
0.228800 
0.229600 
0.229800 
0.230700 
0.230800 
0.231000 
0.232000 
0.232400 
0.232600 
0.232700 
0.232800 
0.233500 
0.233700 
0.233900 
0.233900 
0.236100 
0.236200 
0.236300 
0.236700 
0.237800 
0.238100 
0.238300 
0.238500 
0.238700 
0.239700 
0.239900 
0.240200 
0.240800 
0.241000 
0.241100 
0.241100 
0.244000 
0.245600 
0.246900 
0.247000 
0.247300 
0.247900 
0.248300 
0.248700 
0.249000 
0.250500 
0.250500 
0.251700 
0.252400 
0.252700 
0.252800 
0.254000 
0.254300 
0.254400 
0.254600 
0.254800 
0.254900 
0.255000 
0.255400 
0.256200 
0.256600 
0.257000 
0.258300 
0.258700 
0.259100 
0.259500 
0.259900 
0.260500 
0.262000 
0.262100 
0.263300 
0.264000 
0.264300 
0.264400 
0.268000 
0.268500 
0.269200 
0.269600 
0.269600 
0.269900 
0.270200 
0.270500 
0.270700 
0.271100 
0.271800 
0.272300 
0.272400 
0.272500 
0.272500 
0.272700 
0.273200 
0.273600 
0.273600 
0.274100 
0.274500 
0.274800 
0.275500 
0.276100 
0.276300 
0.276700 
0.277000 
0.277200 
0.277200 
0.278400 
0.278500 
0.279400 
0.280100 
0.280300 
0.280900 
0.281400 
0.281600 
0.282600 
0.283200 
0.284000 
0.284400 
0.284500 
0.284600 
0.284700 
0.286000 
0.286400 
0.286500 
0.288100 
0.289300 
0.289700 
0.289700 
0.290500 
0.291100 
0.291200 
0.291700 
0.292700 
0.292800 
0.293000 
0.293800 
0.294200 
0.294900 
0.295100 
0.295200 
0.295900 
0.296000 
0.297700 
0.297700 
0.299400 
0.301500 
0.302200 
0.302600 
0.303600 
0.304200 
0.304300 
0.305000 
0.305300 
0.305500 
0.305500 
0.306000 
0.306700 
0.307400 
0.307400 
0.307500 
0.307600 
0.308300 
0.308300 
0.308400 
0.308500 
0.309100 
0.309500 
0.309700 
0.310300 
0.310500 
0.311100 
0.311500 
0.311900 
0.312300 
0.313800 
0.316000 
0.316300 
0.316400 
0.316600 
0.316600 
0.316700 
0.318200 
0.318500 
0.318600 
0.318600 
0.319300 
0.319700 
0.319900 
0.319900 
0.321900 
0.322400 
0.322700 
0.322800 
0.323000 
0.324300 
0.324700 
0.325000 
0.325900 
0.326200 
0.326400 
0.326500 
0.326800 
0.327100 
0.327100 
0.327500 
0.327500 
0.328300 
0.328800 
0.329200 
0.329500 
0.330600 
0.330900 
0.331000 
0.331500 
0.331500 
0.332400 
0.334300 
0.334400 
0.334900 
0.335000 
0.335400 
0.335500 
0.336800 
0.336800 
0.337200 
0.337500 
0.337700 
0.337700 
0.338000 
0.338300 
0.338800 
0.339200 
0.339600 
0.341300 
0.341600 
0.342400 
0.342400 
0.342600 
0.343400 
0.344800 
0.345800 
0.346000 
0.346300 
0.346900 
0.347800 
0.348600 
0.348600 
0.348700 
0.348700 
0.349600 
0.350000 
0.350600 
0.351400 
0.351600 
0.352500 
0.353000 
0.353100 
0.353100 
0.354200 
0.355000 
0.355300 
0.356200 
0.356200 
0.356500 
0.357200 
0.357200 
0.357500 
0.357600 
0.358100 
0.358900 
0.358900 
0.359100 
0.359200 
0.360000 
0.360400 
0.360500 
0.360600 
0.361100 
0.361900 
0.362300 
0.363500 
0.365000 
0.366000 
0.366000 
0.366700 
0.367100 
0.367200 
0.367400 
0.368000 
0.368400 
0.368500 
0.369400 
0.370700 
0.370800 
0.370900 
0.371000 
0.372500 
0.372600 
0.373000 
0.373300 
0.373300 
0.373900 
0.373900 
0.374300 
0.375200 
0.376700 
0.376900 
0.379300 
0.379600 
0.380000 
0.380300 
0.380500 
0.380700 
0.380900 
0.381200 
0.381300 
0.381600 
0.382400 
0.382400 
0.382700 
0.383000 
0.383500 
0.383700 
0.383900 
0.384200 
0.384400 
0.384700 
0.384800 
0.385000 
0.386500 
0.387100 
0.387700 
0.389600 
0.390700 
0.390900 
0.391200 
0.391300 
0.391900 
0.392000 
0.393000 
0.393400 
0.393500 
0.393900 
0.394100 
0.395500 
0.396600 
0.397100 
0.398100 
0.398400 
0.398800 
0.399300 
0.399600 
0.400000 
0.400200 
0.401100 
0.401100 
0.401100 
0.401600 
0.401700 
0.401800 
0.402000 
0.402100 
0.402500 
0.402700 
0.403400 
0.406400 
0.406800 
0.407700 
0.408000 
0.408400 
0.408400 
0.408500 
0.408900 
0.408900 
0.409000 
0.409800 
0.410300 
0.410800 
0.411300 
0.411400 
0.412100 
0.412100 
0.412400 
0.412400 
0.412700 
0.412800 
0.413100 
0.414100 
0.414300 
0.415000 
0.416500 
0.416500 
0.416500 
0.417000 
0.417300 
0.418000 
0.418200 
0.418300 
0.419900 
0.420400 
0.420500 
0.421300 
0.421700 
0.423200 
0.423300 
0.423600 
0.424500 
0.424600 
0.425000 
0.425000 
0.425900 
0.426500 
0.427600 
0.430100 
0.430300 
0.430500 
0.430600 
0.430700 
0.430800 
0.430900 
0.431100 
0.431100 
0.431200 
0.431400 
0.431700 
0.432900 
0.433000 
0.433200 
0.433700 
0.434100 
0.434700 
0.435500 
0.435700 
0.435800 
0.437000 
0.437200 
0.437500 
0.437600 
0.438400 
0.439300 
0.440100 
0.440500 
0.440900 
0.441100 
0.441200 
0.441500 
0.441800 
0.442100 
0.442400 
0.442800 
0.444300 
0.445200 
0.445200 
0.445500 
0.445800 
0.445900 
0.446400 
0.447300 
0.447600 
0.447600 
0.448200 
0.448300 
0.448800 
0.448800 
0.449000 
0.450300 
0.450400 
0.451900 
0.452400 
0.452400 
0.452500 
0.453500 
0.454200 
0.454400 
0.455100 
0.455300 
0.455700 
0.456300 
0.456900 
0.457200 
0.457200 
0.457500 
0.457800 
0.457800 
0.458200 
0.458300 
0.458500 
0.458900 
0.459200 
0.460000 
0.461000 
0.462600 
0.463000 
0.464400 
0.464500 
0.464600 
0.465400 
0.466100 
0.466100 
0.466800 
0.468100 
0.468300 
0.468300 
0.468500 
0.468800 
0.469500 
0.469800 
0.470000 
0.470100 
0.471100 
0.471200 
0.471300 
0.471300 
0.471400 
0.471900 
0.472100 
0.473000 
0.473400 
0.474800 
0.475000 
0.475500 
0.476100 
0.476200 
0.476300 
0.476700 
0.478300 
0.479800 
0.480000 
0.480100 
0.480800 
0.481500 
0.481800 
0.482500 
0.483000 
0.483700 
0.483700 
0.484000 
0.484700 
0.484800 
0.485100 
0.485500 
0.485500 
0.485900 
0.486000 
0.486200 
0.486400 
0.486600 
0.486800 
0.486900 
0.488000 
0.488100 
0.489200 
0.489600 
0.489900 
0.490800 
0.491800 
0.491900 
0.492800 
0.492900 
0.494100 
0.494600 
0.495900 
0.496800 
0.497000 
0.497100 
0.497400 
0.498200 
0.499900 
0.500200 
0.500500 
0.501400 
0.501400 
0.501800 
0.501800 
0.501900 
0.502100 
0.502300 
0.503300 
0.503700 
0.503900 
0.506000 
0.506800 
0.507000 
0.507000 
0.507100 
0.507600 
0.508200 
0.508300 
0.508400 
0.508500 
0.508900 
0.509200 
0.510000 
0.510100 
0.510300 
0.510500 
0.511300 
0.512300 
0.512400 
0.512600 
0.512600 
0.512900 
0.513100 
0.513600 
0.513900 
0.514000 
0.514500 
0.515100 
0.515200 
0.515600 
0.515700 
0.516100 
0.516500 
0.516900 
0.517400 
0.517400 
0.517600 
0.517800 
0.518200 
0.519700 
0.519900 
0.519900 
0.520200 
0.520700 
0.522400 
0.522500 
0.522800 
0.522800 
0.525500 
0.526000 
0.526700 
0.526700 
0.526800 
0.526900 
0.527100 
0.527300 
0.528500 
0.528800 
0.530500 
0.531000 
0.531300 
0.532500 
0.532700 
0.533700 
0.533800 
0.533900 
0.534600 
0.534800 
0.536000 
0.536600 
0.538200 
0.538400 
0.538700 
0.538800 
0.538900 
0.539000 
0.539400 
0.539700 
0.540500 
0.540700 
0.540900 
0.540900 
0.541200 
0.541300 
0.541900 
0.542100 
0.542800 
0.543100 
0.543500 
0.544500 
0.545000 
0.545100 
0.545700 
0.546400 
0.546600 
0.547300 
0.548000 
0.548600 
0.548800 
0.548800 
0.550500 
0.551000 
0.551400 
0.552600 
0.552700 
0.552800 
0.552900 
0.553600 
0.553600 
0.553600 
0.553800 
0.553900 
0.554100 
0.554900 
0.555800 
0.555900 
0.556000 
0.556200 
0.557000 
0.557100 
0.558500 
0.558600 
0.558600 
0.558800 
0.559200 
0.559300 
0.560000 
0.562300 
0.563300 
0.563300 
0.563500 
0.564500 
0.564500 
0.564800 
0.566200 
0.566900 
0.567000 
0.567100 
0.567300 
0.567800 
0.568100 
0.569700 
0.570200 
0.570500 
0.570800 
0.572200 
0.572400 
0.572500 
0.572600 
0.573300 
0.573900 
0.575100 
0.575300 
0.575300 
0.575400 
0.576400 
0.576400 
0.576900 
0.577300 
0.577400 
0.578200 
0.580200 
0.580300 
0.580600 
0.582500 
0.582600 
0.583300 
0.584000 
0.584100 
0.584800 
0.584900 
0.585100 
0.586100 
0.586700 
0.586800 
0.587000 
0.587100 
0.587500 
0.588000 
0.588300 
0.589100 
0.589200 
0.589200 
0.589300 
0.589400 
0.589600 
0.590500 
0.590900 
0.590900 
0.591600 
0.591900 
0.592100 
0.592100 
0.593300 
0.594100 
0.595000 
0.595700 
0.595700 
0.597400 
0.597400 
0.597700 
0.597800 
0.598000 
0.598300 
0.598700 
0.598900 
0.599000 
0.599500 
0.599500 
0.599800 
0.599800 
0.600300 
0.601400 
0.602000 
0.602800 
0.602900 
0.603800 
0.604000 
0.605400 
0.605600 
0.605700 
0.605700 
0.605800 
0.606000 
0.607000 
0.607100 
0.607500 
0.608100 
0.609300 
0.609600 
0.609700 
0.610400 
0.611300 
0.611300 
0.611500 
0.611600 
0.611600 
0.611700 
0.612000 
0.612400 
0.614800 
0.615800 
0.616600 
0.618000 
0.618100 
0.618900 
0.619000 
0.619500 
0.619800 
0.620400 
0.620600 
0.620700 
0.621400 
0.621700 
0.622300 
0.622400 
0.622600 
0.623100 
0.623400 
0.623400 
0.623400 
0.623700 
0.625400 
0.625400 
0.625800 
0.626100 
0.626800 
0.627000 
0.627200 
0.627300 
0.627800 
0.629000 
0.629600 
0.630700 
0.631200 
0.631500 
0.631700 
0.632100 
0.632200 
0.632700 
0.633000 
0.634200 
0.634700 
0.635800 
0.636300 
0.636800 
0.636900 
0.638200 
0.638700 
0.638900 
0.639000 
0.639400 
0.639500 
0.640100 
0.640400 
0.640400 
0.640900 
0.641400 
0.641900 
0.643400 
0.643400 
0.644100 
0.645400 
0.645600 
0.645800 
0.646700 
0.646700 
0.647300 
0.647500 
0.647800 
0.648600 
0.649200 
0.649500 
0.649900 
0.651900 
0.653700 
0.653700 
0.653800 
0.654600 
0.655400 
0.655600 
0.655600 
0.656500 
0.656500 
0.656700 
0.658000 
0.658000 
0.658100 
0.658900 
0.659200 
0.659600 
0.659800 
0.660400 
0.660800 
0.661900 
0.662300 
0.662400 
0.663300 
0.663900 
0.663900 
0.664000 
0.665300 
0.665400 
0.665700 
0.665900 
0.665900 
0.666800 
0.667100 
0.667500 
0.667800 
0.667900 
0.668400 
0.668700 
0.669000 
0.669000 
0.670800 
0.670900 
0.671400 
0.672900 
0.673400 
0.673700 
0.674200 
0.674400 
0.675700 
0.677100 
0.678100 
0.678500 
0.678700 
0.679000 
0.679200 
0.680200 
0.681100 
0.681300 
0.681400 
0.681500 
0.681700 
0.682300 
0.682600 
0.683200 
0.683300 
0.683600 
0.683800 
0.684200 
0.684200 
0.684400 
0.684400 
0.684500 
0.684600 
0.684600 
0.684700 
0.686000 
0.686200 
0.686300 
0.687600 
0.691100 
0.691700 
0.691800 
0.692200 
0.692500 
0.693100 
0.693300 
0.693400 
0.693800 
0.694800 
0.694900 
0.695200 
0.695200 
0.695300 
0.695600 
0.695700 
0.695900 
0.696300 
0.696500 
0.696700 
0.696700 
0.697100 
0.697700 
0.697800 
0.698900 
0.700400 
0.701600 
0.701700 
0.702100 
0.702500 
0.703300 
0.703700 
0.704100 
0.704600 
0.704900 
0.705000 
0.705300 
0.706100 
0.706100 
0.706500 
0.707400 
0.707600 
0.707600 
0.707700 
0.708900 
0.711000 
0.711100 
0.711500 
0.711900 
0.712000 
0.713100 
0.713200 
0.713900 
0.713900 
0.715200 
0.715500 
0.716700 
0.716800 
0.717600 
0.718100 
0.718200 
0.718700 
0.718800 
0.720100 
0.720600 
0.722000 
0.722100 
0.722100 
0.722900 
0.723000 
0.724500 
0.724700 
0.725600 
0.725700 
0.725800 
0.725800 
0.726300 
0.726500 
0.726500 
0.728500 
0.728900 
0.729700 
0.729700 
0.730100 
0.730300 
0.730500 
0.730600 
0.731100 
0.731200 
0.731700 
0.733700 
0.733800 
0.733800 
0.734200 
0.734600 
0.735900 
0.736400 
0.736500 
0.736600 
0.738300 
0.739200 
0.741200 
0.741800 
0.742000 
0.742300 
0.742700 
0.743100 
0.743700 
0.744000 
0.744100 
0.744500 
0.744700 
0.745000 
0.746700 
0.746700 
0.746800 
0.747000 
0.748200 
0.748400 
0.748900 
0.749900 
0.751200 
0.751400 
0.751500 
0.752000 
0.752100 
0.752300 
0.753000 
0.753600 
0.753900 
0.754200 
0.754700 
0.754800 
0.754800 
0.754900 
0.755300 
0.756200 
0.756300 
0.756300 
0.757200 
0.757300 
0.758000 
0.758400 
0.758600 
0.759500 
0.760400 
0.761300 
0.761500 
0.761700 
0.762100 
0.762100 
0.762900 
0.763200 
0.763300 
0.764000 
0.764300 
0.765600 
0.766200 
0.766700 
0.768200 
0.768300 
0.769100 
0.769700 
0.769900 
0.770200 
0.770200 
0.770800 
0.771300 
0.771700 
0.772300 
0.772600 
0.773300 
0.773700 
0.774200 
0.774200 
0.774500 
0.774800 
0.774900 
0.774900 
0.775300 
0.775300 
0.775400 
0.775500 
0.775900 
0.776100 
0.776200 
0.776300 
0.777100 
0.777200 
0.777400 
0.777400 
0.777500 
0.778000 
0.779600 
0.780500 
0.781900 
0.783000 
0.783200 
0.783300 
0.784000 
0.785200 
0.785500 
0.786300 
0.786900 
0.787100 
0.787100 
0.789900 
0.790300 
0.790300 
0.790600 
0.790700 
0.791000 
0.791700 
0.792200 
0.792200 
0.792300 
0.792400 
0.792900 
0.793400 
0.793400 
0.793500 
0.793700 
0.795100 
0.795100 
0.795400 
0.796000 
0.798400 
0.799300 
0.799400 
0.800000 
0.800000 
0.800800 
0.800900 
0.801400 
0.801900 
0.802300 
0.802500 
0.803000 
0.803400 
0.803800 
0.803900 
0.803900 
0.804200 
0.805700 
0.807600 
0.807900 
0.809000 
0.809100 
0.809900 
0.810100 
0.810700 
0.811100 
0.812900 
0.813500 
0.813600 
0.813700 
0.813800 
0.814000 
0.815100 
0.815400 
0.815500 
0.815900 
0.816000 
0.816000 
0.816400 
0.816400 
0.816500 
0.817400 
0.817800 
0.818000 
0.818200 
0.819200 
0.819500 
0.820200 
0.820200 
0.821300 
0.821400 
0.823000 
0.824700 
0.825600 
0.825800 
0.825900 
0.826300 
0.826900 
0.827600 
0.828600 
0.828900 
0.828900 
0.829200 
0.830100 
0.831600 
0.831700 
0.832100 
0.833000 
0.833700 
0.834200 
0.834800 
0.835100 
0.835300 
0.835700 
0.836500 
0.836700 
0.836800 
0.837400 
0.837500 
0.837600 
0.837900 
0.838100 
0.839300 
0.840100 
0.840400 
0.840900 
0.841100 
0.841700 
0.841800 
0.842200 
0.842300 
0.842600 
0.843000 
0.843800 
0.843800 
0.844300 
0.845200 
0.845400 
0.846100 
0.846300 
0.846400 
0.846500 
0.848600 
0.848800 
0.849900 
0.850200 
0.850600 
0.850800 
0.851700 
0.852400 
0.852400 
0.852900 
0.853800 
0.854300 
0.856000 
0.856700 
0.856700 
0.857400 
0.857400 
0.858200 
0.858700 
0.858800 
0.859200 
0.859900 
0.860300 
0.860500 
0.860600 
0.860600 
0.861700 
0.861700 
0.862400 
0.862500 
0.862800 
0.863700 
0.864200 
0.864800 
0.865100 
0.865500 
0.866900 
0.867100 
0.867300 
0.867700 
0.868200 
0.869600 
0.869800 
0.870000 
0.870900 
0.870900 
0.872100 
0.872200 
0.872300 
0.872400 
0.872700 
0.873300 
0.873400 
0.874100 
0.874800 
0.875000 
0.875300 
0.875600 
0.876300 
0.876400 
0.877200 
0.877400 
0.877700 
0.877900 
0.878900 
0.879200 
0.880900 
0.881700 
0.881800 
0.882000 
0.882100 
0.882200 
0.883500 
0.883500 
0.884300 
0.885000 
0.885000 
0.885100 
0.885400 
0.885800 
0.885900 
0.886700 
0.887000 
0.887500 
0.887900 
0.889100 
0.889100 
0.889700 
0.890500 
0.890600 
0.890900 
0.891200 
0.891800 
0.891800 
0.892300 
0.892500 
0.892800 
0.894500 
0.894600 
0.895400 
0.895600 
0.896300 
0.896700 
0.897200 
0.897400 
0.897800 
0.897900 
0.898300 
0.899200 
0.899200 
0.899300 
0.899700 
0.900600 
0.901500 
0.902800 
0.903500 
0.904100 
0.904300 
0.904900 
0.904900 
0.904900 
0.905100 
0.905100 
0.905300 
0.905500 
0.906100 
0.906200 
0.907300 
0.908500 
0.909500 
0.909500 
0.909800 
0.909800 
0.909800 
0.910500 
0.911500 
0.911800 
0.912400 
0.912400 
0.913200 
0.914300 
0.914300 
0.914400 
0.915300 
0.916100 
0.917900 
0.918300 
0.918500 
0.918500 
0.918900 
0.919900 
0.920700 
0.921300 
0.921900 
0.922100 
0.922100 
0.922600 
0.923300 
0.923600 
0.924500 
0.925000 
0.925100 
0.925400 
0.925700 
0.927100 
0.927200 
0.927600 
0.928400 
0.929500 
0.930500 
0.930600 
0.931000 
0.931200 
0.931200 
0.931400 
0.931600 
0.932600 
0.932700 
0.933000 
0.933800 
0.933900 
0.934300 
0.934400 
0.934600 
0.934700 
0.935400 
0.935900 
0.936800 
0.937300 
0.937600 
0.938500 
0.938900 
0.939800 
0.940800 
0.940900 
0.940900 
0.941100 
0.941900 
0.942700 
0.943300 
0.943300 
0.943400 
0.944100 
0.944200 
0.944700 
0.944700 
0.944800 
0.945200 
0.945800 
0.946300 
0.946400 
0.946600 
0.947000 
0.947700 
0.948600 
0.949000 
0.949000 
0.949100 
0.949600 
0.950800 
0.952200 
0.952200 
0.953000 
0.954400 
0.954700 
0.954900 
0.955000 
0.955300 
0.956700 
0.956900 
0.957200 
0.957500 
0.958000 
0.958900 
0.959300 
0.959700 
0.959700 
0.962000 
0.962000 
0.962100 
0.962300 
0.962300 
0.962800 
0.962800 
0.963000 
0.963400 
0.963400 
0.964100 
0.964600 
0.964600 
0.965000 
0.965100 
0.965300 
0.965600 
0.966100 
0.966900 
0.968300 
0.970000 
0.970300 
0.970600 
0.972700 
0.972700 
0.972900 
0.973600 
0.974000 
0.974400 
0.975300 
0.976500 
0.977100 
0.977300 
0.977600 
0.977700 
0.977900 
0.978000 
0.978100 
0.978400 
0.979200 
0.979300 
0.980100 
0.980800 
0.980900 
0.981300 
0.981600 
0.981700 
0.983900 
0.984400 
0.984800 
0.984800 
0.986100 
0.986800 
0.986900 
0.987200 
0.987500 
0.988100 
0.989500 
0.989700 
0.990000 
0.990700 
0.991800 
0.992600 
0.994400 
0.995000 
0.995000 
0.995300 
0.995400 
0.995500 
0.996800 
0.997000 
0.997100 
0.997800 
0.998600 
0.999300 
1.000200 
1.000600 
1.001200 
1.001200 
1.001400 
1.001600 
1.002400 
1.002700 
1.003600 
1.003700 
1.003900 
1.004000 
1.004000 
1.004500 
1.004700 
1.005000 
1.005100 
1.005500 
1.005600 
1.006300 
1.007700 
1.007900 
1.008500 
1.008600 
1.008800 
1.008900 
1.009800 
1.010100 
1.010300 
1.010600 
1.011200 
1.011400 
1.012100 
1.012400 
1.012500 
1.012500 
1.012800 
1.013000 
1.013100 
1.013600 
1.014000 
1.014900 
1.015100 
1.015400 
1.015700 
1.016900 
1.017200 
1.017400 
1.018900 
1.019000 
1.019600 
1.019800 
1.020400 
1.021400 
1.022100 
1.022200 
1.022300 
1.022600 
1.023600 
1.024000 
1.026200 
1.026700 
1.026800 
1.027000 
1.027400 
1.027500 
1.027600 
1.027600 
1.028900 
1.028900 
1.029200 
1.029300 
1.029300 
1.029900 
1.030700 
1.031300 
1.032200 
1.032400 
1.032700 
1.032700 
1.032900 
1.033100 
1.033500 
1.033800 
1.035500 
1.035600 
1.036300 
1.036600 
1.037000 
1.037000 
1.037900 
1.038000 
1.038500 
1.038900 
1.039100 
1.039100 
1.039300 
1.039400 
1.039500 
1.039900 
1.040000 
1.042400 
1.043600 
1.043900 
1.044700 
1.044800 
1.045000 
1.045100 
1.045500 
1.045900 
1.046500 
1.048000 
1.048100 
1.048200 
1.049200 
1.049400 
1.049500 
1.050000 
1.051200 
1.051900 
1.052000 
1.052200 
1.054000 
1.054700 
1.055000 
1.055200 
1.055400 
1.055600 
1.055900 
1.056200 
1.056200 
1.057100 
1.057500 
1.058400 
1.058600 
1.059300 
1.059400 
1.059600 
1.060100 
1.061100 
1.061200 
1.061300 
1.061600 
1.061600 
1.062000 
1.063200 
1.063500 
1.064300 
1.064800 
1.065700 
1.066300 
1.066600 
1.066700 
1.067100 
1.067500 
1.067600 
1.067900 
1.068000 
1.068100 
1.068200 
1.068300 
1.068400 
1.068400 
1.068600 
1.070000 
1.070200 
1.070300 
1.070600 
1.071900 
1.072400 
1.072900 
1.074100 
1.076200 
1.076700 
1.078100 
1.078100 
1.078400 
1.079700 
1.081100 
1.081700 
1.081700 
1.082200 
1.082500 
1.082600 
1.082600 
1.082800 
1.082900 
1.083400 
1.084200 
1.084200 
1.084400 
1.085600 
1.085700 
1.085700 
1.085800 
1.085800 
1.086000 
1.086900 
1.087100 
1.087200 
1.088100 
1.088900 
1.089500 
1.089600 
1.090600 
1.093000 
1.093600 
1.093900 
1.094200 
1.094600 
1.095300 
1.095400 
1.097200 
1.097200 
1.097800 
1.097900 
1.098200 
1.099100 
1.099100 
1.099300 
1.099500 
1.099800 
1.100400 
1.100600 
1.100700 
1.101500 
1.101900 
1.103400 
1.103800 
1.104100 
1.105300 
1.105600 
1.106000 
1.106300 
1.107100 
1.107400 
1.107700 
1.109600 
1.111300 
1.111400 
1.111400 
1.111600 
1.112000 
1.112100 
1.112300 
1.112700 
1.113300 
1.114500 
1.114800 
1.115100 
1.115700 
1.116500 
1.116500 
1.117000 
1.117200 
1.120100 
1.120300 
1.120800 
1.121100 
1.121200 
1.121800 
1.122300 
1.123200 
1.123200 
1.123200 
1.123400 
1.123800 
1.123900 
1.124500 
1.124800 
1.125200 
1.125600 
1.125800 
1.126200 
1.127100 
1.128000 
1.128300 
1.128800 
1.129300 
1.130400 
1.130900 
1.131700 
1.131800 
1.132100 
1.132200 
1.132700 
1.133100 
1.133600 
1.133900 
1.134000 
1.134900 
1.135900 
1.136600 
1.136700 
1.137300 
1.137700 
1.139900 
1.140700 
1.141100 
1.141100 
1.141600 
1.143000 
1.143300 
1.143400 
1.143900 
1.144200 
1.144400 
1.144700 
1.145200 
1.146600 
1.146600 
1.146900 
1.147500 
1.147900 
1.148400 
1.148400 
1.148600 
1.149500 
1.150400 
1.151700 
1.152000 
1.152900 
1.153200 
1.153500 
1.153500 
1.153800 
1.154200 
1.154300 
1.154500 
1.155100 
1.155500 
1.155600 
1.156200 
1.156500 
1.157400 
1.158400 
1.158400 
1.159000 
1.159300 
1.159700 
1.159900 
1.160600 
1.161000 
1.161200 
1.161800 
1.162200 
1.162600 
1.162600 
1.163100 
1.163500 
1.164200 
1.164200 
1.165400 
1.165500 
1.166700 
1.167300 
1.167400 
1.167700 
1.168400 
1.169700 
1.170000 
1.170300 
1.170500 
1.171500 
1.171800 
1.172000 
1.172100 
1.172500 
1.172500 
1.172500 
1.173300 
1.173400 
1.173600 
1.173900 
1.175000 
1.175300 
1.175500 
1.176000 
1.176200 
1.176300 
1.178100 
1.178300 
1.178500 
1.179200 
1.180400 
1.180700 
1.180700 
1.182000 
1.183600 
1.183800 
1.184900 
1.185500 
1.185800 
1.186200 
1.186300 
1.186400 
1.186500 
1.186600 
1.187200 
1.187800 
1.188200 
1.189400 
1.190200 
1.190500 
1.190600 
1.190700 
1.191000 
1.191100 
1.191500 
1.192300 
1.192400 
1.192400 
1.192500 
1.192700 
1.192800 
1.192900 
1.193500 
1.193900 
1.194600 
1.194900 
1.195100 
1.195300 
1.195800 
1.197200 
1.197500 
1.199100 
1.199600 
1.199600 
1.201500 
1.202000 
1.202600 
1.203100 
1.203300 
1.203400 
1.203800 
1.204500 
1.204900 
1.204900 
1.206100 
1.206400 
1.206600 
1.206800 
1.207100 
1.209300 
1.209800 
1.211100 
1.212600 
1.212700 
1.213000 
1.213200 
1.214000 
1.214700 
1.214800 
1.215500 
1.215800 
1.215900 
1.216200 
1.216300 
1.216500 
1.216500 
1.218100 
1.219600 
1.219700 
1.219700 
1.220300 
1.220800 
1.220800 
1.221500 
1.221900 
1.222000 
1.222200 
1.222500 
1.222800 
1.223200 
1.223600 
1.223700 
1.224000 
1.224600 
1.225400 
1.225800 
1.225900 
1.226600 
1.227700 
1.229500 
1.230700 
1.230800 
1.230800 
1.230800 
1.231000 
1.231900 
1.232700 
1.233200 
1.234400 
1.234900 
1.235800 
1.235800 
1.236100 
1.236500 
1.236700 
1.236700 
1.236800 
1.237700 
1.238500 
1.239000 
1.239100 
1.239400 
1.239900 
1.240900 
1.241300 
1.241800 
1.242100 
1.242900 
1.242900 
1.244300 
1.244400 
1.244700 
1.245800 
1.246500 
1.246800 
1.247300 
1.248500 
1.248800 
1.249000 
1.250100 
1.250800 
1.251000 
1.251200 
1.252900 
1.254400 
1.254500 
1.254900 
1.255400 
1.256400 
1.256700 
1.257900 
1.258200 
1.258400 
1.258600 
1.259100 
1.260200 
1.260600 
1.260900 
1.260900 
1.260900 
1.261700 
1.261700 
1.261800 
1.261900 
1.262900 
1.263000 
1.263100 
1.263200 
1.264800 
1.265000 
1.265300 
1.265600 
1.265600 
1.266000 
1.266600 
1.267500 
1.267500 
1.267900 
1.267900 
1.268000 
1.268700 
1.270700 
1.271200 
1.271900 
1.272600 
1.273300 
1.273700 
1.273800 
1.274200 
1.274700 
1.275500 
1.275500 
1.276100 
1.276600 
1.276700 
1.277300 
1.278000 
1.278500 
1.278800 
1.279600 
1.280300 
1.280600 
1.280800 
1.280800 
1.280900 
1.281700 
1.281800 
1.282200 
1.282800 
1.283000 
1.283000 
1.284000 
1.284200 
1.285300 
1.288200 
1.288600 
1.288700 
1.288800 
1.289000 
1.289700 
1.290000 
1.290100 
1.290800 
1.291200 
1.292000 
1.292800 
1.293400 
1.295000 
1.295200 
1.295200 
1.295200 
1.295400 
1.296600 
1.296700 
1.297000 
1.297600 
1.297900 
1.298200 
1.298500 
1.298800 
1.298800 
1.299000 
1.299200 
1.299300 
1.299800 
1.302800 
1.303800 
1.303900 
1.304600 
1.305100 
1.305800 
1.306300 
1.306700 
1.306700 
1.307300 
1.307500 
1.308200 
1.308800 
1.308900 
1.308900 
1.309300 
1.310000 
1.310300 
1.310400 
1.310500 
1.310700 
1.311400 
1.311600 
1.311700 
1.311800 
1.312600 
1.313300 
1.314000 
1.314800 
1.314900 
1.316900 
1.318400 
1.319000 
1.319700 
1.320000 
1.320000 
1.320200 
1.320800 
1.321700 
1.321900 
1.322100 
1.322800 
1.324700 
1.324900 
1.325000 
1.326000 
1.326600 
1.328300 
1.329100 
1.329200 
1.329400 
1.329500 
1.329500 
1.330100 
1.330300 
1.331300 
1.331400 
1.332000 
1.332400 
1.332800 
1.332900 
1.333200 
1.333700 
1.334300 
1.334400 
1.334500 
1.334700 
1.335000 
1.335100 
1.335200 
1.336100 
1.338000 
1.338100 
1.338200 
1.338400 
1.338500 
1.338700 
1.339100 
1.339900 
1.340600 
1.342300 
1.344200 
1.344200 
1.344500 
1.344600 
1.344600 
1.344600 
1.345100 
1.345200 
1.345500 
1.345900 
1.346000 
1.346000 
1.346200 
1.347300 
1.347400 
1.348700 
1.349100 
1.349100 
1.349100 
1.349300 
1.350300 
1.350400 
1.350400 
1.350400 
1.350900 
1.352400 
1.352800 
1.353100 
1.353100 
1.353100 
1.353700 
1.354000 
1.354700 
1.354800 
1.355000 
1.355400 
1.355500 
1.356200 
1.356300 
1.357100 
1.357400 
1.359100 
1.359300 
1.359300 
1.359800 
1.359900 
1.361000 
1.361600 
1.363200 
1.363200 
1.363300 
1.366300 
1.367000 
1.367100 
1.367600 
1.367800 
1.368100 
1.368100 
1.368300 
1.369200 
1.369200 
1.369600 
1.370100 
1.370700 
1.370700 
1.370800 
1.371400 
1.371600 
1.371700 
1.371900 
1.372300 
1.372700 
1.373100 
1.373900 
1.374100 
1.374300 
1.374700 
1.374800 
1.375100 
1.375500 
1.376900 
1.377000 
1.377600 
1.379900 
1.380100 
1.381700 
1.381800 
1.381900 
1.381900 
1.382300 
1.382600 
1.383400 
1.383600 
1.383900 
1.384800 
1.385600 
1.388000 
1.388200 
1.388700 
1.388900 
1.389200 
1.389600 
1.389700 
1.389900 
1.390200 
1.390400 
1.391100 
1.391300 
1.391500 
1.391600 
1.391800 
1.392700 
1.392700 
1.393200 
1.393600 
1.393800 
1.394400 
1.394600 
1.394800 
1.395100 
1.395600 
1.396200 
1.396700 
1.396900 
1.396900 
1.397100 
1.398100 
1.398200 
1.398500 
1.398800 
1.399300 
1.399800 
1.401200 
1.401300 
1.403300 
1.403400 
1.403700 
1.404300 
1.405100 
1.405700 
1.406600 
1.407400 
1.407700 
1.408200 
1.408600 
1.408900 
1.409100 
1.409300 
1.409500 
1.410200 
1.411400 
1.412900 
1.414100 
1.415100 
1.415900 
1.415900 
1.416000 
1.416700 
1.416900 
1.417900 
1.418200 
1.418500 
1.418500 
1.418700 
1.419300 
1.419300 
1.419800 
1.420200 
1.420300 
1.420700 
1.420700 
1.421500 
1.421900 
1.421900 
1.422000 
1.422000 
1.423900 
1.425100 
1.425200 
1.425300 
1.426700 
1.426800 
1.427500 
1.427900 
1.428400 
1.428800 
1.429400 
1.429500 
1.430300 
1.430600 
1.430600 
1.431200 
1.432000 
1.432900 
1.433100 
1.433400 
1.434000 
1.434200 
1.434400 
1.434400 
1.434800 
1.435800 
1.436400 
1.437400 
1.439300 
1.439800 
1.440200 
1.440900 
1.441100 
1.441400 
1.441800 
1.441900 
1.442000 
1.442600 
1.442700 
1.442900 
1.443900 
1.445000 
1.445700 
1.445800 
1.445800 
1.446300 
1.446900 
1.447100 
1.447200 
1.447400 
1.448700 
1.449000 
1.449500 
1.450400 
1.450800 
1.451900 
1.452300 
1.452600 
1.454100 
1.454200 
1.454300 
1.454400 
1.456100 
1.456200 
1.457400 
1.457700 
1.457800 
1.458400 
1.458500 
1.458600 
1.458800 
1.458900 
1.459500 
1.459800 
1.459900 
1.459900 
1.460100 
1.460500 
1.460700 
1.460900 
1.461100 
1.461600 
1.462400 
1.462400 
1.462800 
1.463000 
1.463400 
1.463500 
1.464200 
1.464200 
1.464600 
1.465500 
1.465900 
1.466000 
1.468000 
1.469700 
1.469800 
1.471400 
1.472500 
1.473200 
1.473500 
1.473600 
1.473600 
1.473700 
1.474500 
1.474600 
1.475200 
1.475400 
1.475900 
1.476200 
1.477300 
1.477800 
1.478800 
1.478900 
1.479600 
1.479800 
1.479900 
1.480200 
1.480400 
1.480900 
1.483200 
1.483200 
1.483900 
1.484200 
1.484800 
1.486700 
1.486800 
1.487600 
1.487700 
1.489100 
1.489600 
1.489800 
1.490600 
1.490700 
1.490900 
1.491100 
1.491500 
1.492000 
1.492700 
1.493700 
1.493900 
1.494100 
1.494400 
1.495000 
1.495200 
1.495300 
1.495300 
1.495600 
1.495800 
1.496100 
1.496100 
1.496700 
1.496700 
1.497500 
1.497700 
1.497700 
1.498200 
1.498600 
1.498600 
1.499900 
1.500000 
1.503500 
1.504200 
1.504500 
1.504800 
1.504800 
1.505300 
1.505400 
1.506300 
1.506700 
1.506800 
1.507800 
1.508300 
1.508300 
1.508400 
1.508500 
1.508600 
1.510000 
1.510100 
1.510100 
1.511200 
1.511300 
1.511400 
1.511800 
1.512600 
1.512900 
1.513400 
1.513700 
1.513900 
1.514100 
1.514200 
1.515600 
1.515600 
1.515600 
1.516400 
1.516400 
1.518400 
1.519100 
1.519700 
1.520300 
1.521100 
1.521500 
1.521800 
1.522000 
1.523700 
1.525200 
1.525500 
1.525800 
1.526200 
1.527100 
1.527100 
1.527600 
1.527600 
1.527900 
1.528700 
1.528900 
1.529200 
1.529600 
1.530100 
1.530300 
1.530400 
1.531200 
1.531300 
1.531400 
1.531500 
1.533000 
1.534600 
1.535400 
1.535900 
1.536000 
1.536100 
1.537200 
1.537300 
1.537800 
1.538100 
1.538900 
1.539200 
1.539500 
1.539600 
1.540200 
1.540800 
1.541000 
1.541300 
1.542800 
1.544700 
1.544900 
1.545600 
1.545600 
1.545700 
1.545700 
1.545700 
1.545800 
1.546300 
1.546300 
1.547000 
1.547300 
1.547400 
1.548200 
1.548300 
1.548900 
1.549300 
1.549900 
1.550700 
1.553200 
1.554600 
1.555000 
1.555000 
1.555100 
1.555100 
1.555100 
1.556400 
1.556800 
1.558100 
1.559000 
1.559000 
1.560300 
1.560300 
1.560600 
1.560700 
1.561300 
1.562700 
1.562900 
1.564000 
1.564300 
1.564500 
1.565300 
1.565400 
1.565900 
1.566100 
1.566300 
1.567100 
1.567100 
1.567100 
1.567600 
1.567800 
1.568000 
1.568000 
1.568200 
1.568300 
1.568800 
1.569400 
1.569600 
1.569700 
1.569800 
1.570200 
1.570300 
1.571100 
1.571200 
1.571300 
1.572600 
1.573000 
1.573100 
1.573300 
1.575000 
1.575500 
1.576400 
1.577300 
1.578200 
1.578200 
1.578700 
1.579200 
1.579300 
1.579300 
1.579500 
1.580900 
1.581200 
1.581400 
1.582700 
1.582900 
1.583300 
1.584000 
1.584300 
1.584400 
1.584500 
1.585200 
1.585400 
1.585400 
1.585500 
1.585700 
1.585900 
1.586100 
1.586700 
1.588500 
1.588600 
1.589200 
1.589300 
1.590700 
1.591200 
1.592100 
1.592100 
1.592300 
1.593200 
1.593300 
1.593500 
1.593900 
1.595800 
1.596200 
1.597400 
1.597500 
1.597800 
1.599200 
1.599300 
1.599500 
1.599700 
1.600600 
1.600700 
1.600900 
1.601300 
1.601400 
1.602900 
1.603700 
1.603800 
1.604200 
1.604900 
1.604900 
1.605700 
1.606000 
1.606200 
1.609300 
1.609300 
1.609700 
1.609800 
1.609800 
1.610700 
1.611100 
1.611800 
1.612100 
1.612200 
1.612700 
1.612700 
1.613400 
1.614200 
1.614700 
1.616200 
1.616700 
1.617500 
1.619000 
1.619100 
1.619100 
1.619200 
1.619500 
1.619700 
1.619700 
1.619900 
1.620100 
1.620700 
1.620800 
1.621200 
1.621200 
1.621500 
1.621800 
1.621800 
1.622900 
1.623500 
1.624100 
1.626500 
1.627000 
1.627600 
1.628700 
1.629400 
1.629800 
1.629900 
1.630200 
1.630700 
1.631100 
1.631300 
1.631800 
1.631800 
1.632600 
1.633100 
1.634500 
1.635100 
1.635300 
1.635300 
1.636100 
1.636600 
1.636800 
1.636800 
1.636900 
1.637100 
1.637400 
1.638300 
1.638400 
1.638800 
1.639100 
1.639200 
1.639300 
1.640100 
1.640600 
1.640800 
1.641800 
1.642700 
1.643600 
1.644100 
1.644400 
1.645000 
1.645500 
1.646100 
1.646300 
1.647200 
1.647400 
1.648000 
1.648200 
1.648800 
1.649600 
1.650100 
1.650200 
1.650500 
1.651400 
1.652600 
1.652800 
1.653200 
1.654400 
1.654500 
1.654600 
1.654800 
1.655000 
1.655500 
1.656200 
1.656300 
1.658800 
1.659000 
1.660400 
1.661200 
1.661300 
1.662000 
1.662000 
1.662300 
1.662600 
1.662700 
1.663100 
1.663200 
1.663500 
1.665000 
1.665400 
1.666300 
1.666600 
1.666700 
1.667000 
1.667100 
1.668000 
1.669100 
1.669600 
1.670000 
1.670200 
1.670500 
1.671200 
1.671400 
1.671900 
1.672100 
1.672200 
1.672200 
1.674500 
1.674600 
1.674900 
1.675200 
1.676000 
1.676500 
1.676800 
1.676800 
1.677000 
1.678100 
1.678300 
1.678600 
1.679500 
1.679700 
1.680600 
1.681300 
1.681800 
1.682400 
1.683700 
1.683700 
1.683900 
1.684000 
1.684100 
1.684300 
1.684400 
1.684500 
1.684600 
1.685100 
1.685600 
1.685900 
1.686800 
1.687200 
1.687300 
1.688300 
1.688700 
1.689100 
1.689700 
1.690100 
1.691700 
1.692300 
1.692300 
1.692500 
1.692500 
1.692500 
1.692700 
1.693500 
1.693900 
1.694000 
1.694200 
1.694800 
1.695000 
1.695600 
1.696200 
1.696600 
1.697100 
1.698000 
1.698500 
1.698800 
1.700900 
1.701500 
1.701700 
1.701800 
1.702500 
1.702700 
1.703000 
1.703900 
1.704200 
1.704400 
1.704900 
1.705000 
1.705100 
1.705200 
1.706000 
1.706600 
1.706800 
1.707000 
1.707200 
1.707600 
1.708000 
1.708500 
1.710000 
1.710800 
1.711600 
1.711700 
1.712100 
1.713700 
1.714100 
1.714300 
1.715400 
1.715700 
1.716400 
1.716400 
1.716900 
1.717000 
1.717500 
1.717800 
1.718300 
1.718800 
1.719600 
1.719800 
1.719900 
1.720200 
1.722400 
1.722600 
1.722800 
1.723300 
1.723600 
1.723700 
1.723800 
1.724100 
1.724200 
1.724500 
1.724900 
1.725200 
1.725500 
1.725800 
1.726300 
1.727100 
1.727700 
1.727900 
1.728700 
1.729600 
1.729600 
1.729800 
1.730600 
1.731000 
1.731800 
1.732400 
1.733600 
1.733800 
1.734300 
1.734500 
1.734600 
1.735200 
1.735700 
1.737200 
1.737800 
1.738300 
1.740200 
1.740300 
1.740700 
1.740700 
1.741800 
1.742000 
1.743900 
1.744200 
1.744600 
1.744600 
1.744900 
1.745200 
1.745400 
1.745600 
1.745700 
1.746800 
1.746900 
1.746900 
1.747200 
1.747300 
1.747800 
1.748400 
1.749000 
1.749700 
1.749700 
1.750500 
1.750600 
1.750900 
1.751400 
1.751800 
1.751900 
1.752300 
1.753400 
1.754000 
1.754300 
1.754400 
1.754400 
1.755000 
1.755000 
1.756700 
1.756800 
1.756800 
1.757100 
1.757500 
1.757800 
1.758600 
1.758600 
1.759500 
1.759600 
1.759900 
1.760000 
1.760400 
1.760600 
1.761400 
1.761700 
1.761800 
1.762400 
1.762800 
1.762900 
1.763500 
1.765100 
1.765400 
1.765500 
1.767800 
1.768300 
1.768700 
1.769200 
1.769600 
1.769600 
1.772000 
1.772600 
1.772600 
1.773200 
1.773500 
1.773900 
1.774000 
1.774300 
1.774700 
1.775100 
1.775600 
1.775900 
1.776300 
1.776400 
1.776500 
1.776800 
1.777200 
1.778300 
1.778300 
1.778400 
1.778500 
1.779500 
1.779800 
1.780600 
1.783000 
1.783300 
1.783400 
1.783700 
1.783800 
1.783800 
1.784800 
1.785000 
1.786200 
1.786200 
1.786600 
1.786800 
1.788000 
1.788400 
1.788500 
1.788700 
1.788900 
1.789200 
1.789900 
1.789900 
1.790000 
1.790500 
1.791100 
1.791400 
1.792900 
1.793000 
1.793200 
1.794100 
1.794600 
1.794700 
1.795000 
1.796000 
1.796300 
1.796300 
1.796300 
1.797900 
1.799100 
1.800200 
1.800400 
1.800700 
1.801100 
1.801400 
1.801800 
1.802100 
1.802300 
1.802600 
1.802700 
1.802900 
1.803200 
1.804900 
1.806600 
1.806900 
1.807300 
1.807800 
1.808800 
1.808900 
1.809200 
1.809800 
1.810600 
1.810800 
1.811100 
1.811400 
1.811400 
1.811800 
1.812000 
1.812400 
1.814300 
1.815400 
1.815600 
1.816200 
1.816400 
1.816700 
1.817000 
1.818100 
1.818200 
1.818600 
1.818700 
1.819800 
1.819900 
1.821700 
1.821700 
1.821800 
1.822300 
1.822300 
1.822300 
1.823200 
1.824100 
1.825700 
1.826200 
1.826600 
1.827000 
1.827400 
1.828000 
1.828300 
1.828800 
1.829100 
1.829300 
1.829700 
1.829800 
1.829900 
1.830500 
1.831100 
1.831400 
1.831500 
1.831600 
1.832500 
1.833300 
1.833500 
1.834400 
1.834400 
1.834500 
1.834500 
1.835000 
1.836000 
1.836600 
1.837100 
1.839200 
1.839300 
1.839600 
1.840700 
1.841400 
1.841800 
1.841800 
1.842300 
1.842600 
1.842800 
1.843200 
1.843400 
1.844000 
1.844400 
1.844900 
1.845200 
1.845400 
1.845800 
1.846300 
1.846600 
1.846800 
1.847100 
1.847300 
1.847500 
1.847500 
1.848100 
1.848300 
1.848400 
1.850100 
1.850800 
1.851500 
1.851500 
1.852300 
1.852500 
1.852700 
1.853000 
1.854800 
1.854900 
1.857500 
1.857600 
1.858500 
1.858500 
1.859300 
1.859300 
1.859500 
1.859800 
1.860100 
1.860600 
1.861300 
1.861400 
1.861500 
1.861800 
1.861800 
1.862700 
1.862800 
1.862900 
1.863600 
1.864200 
1.864300 
1.864600 
1.864700 
1.865100 
1.865900 
1.866200 
1.866400 
1.867200 
1.867300 
1.867700 
1.867800 
1.868100 
1.869500 
1.870200 
1.870800 
1.871900 
1.873400 
1.873500 
1.874600 
1.874900 
1.875600 
1.876000 
1.876300 
1.876600 
1.876700 
1.877200 
1.877400 
1.877600 
1.877800 
1.878800 
1.879100 
1.879600 
1.879800 
1.880400 
1.881200 
1.882500 
1.882500 
1.882800 
1.882900 
1.883100 
1.883600 
1.883800 
1.885000 
1.885200 
1.885500 
1.885800 
1.886200 
1.888100 
1.889100 
1.889100 
1.889200 
1.889400 
1.889700 
1.890400 
1.892700 
1.893300 
1.893300 
1.893500 
1.893800 
1.894000 
1.894200 
1.894600 
1.894700 
1.895000 
1.895200 
1.896300 
1.896400 
1.896700 
1.896900 
1.897300 
1.897400 
1.897400 
1.897700 
1.897800 
1.897900 
1.897900 
1.898000 
1.898100 
1.898300 
1.899100 
1.899300 
1.902000 
1.903500 
1.904800 
1.905000 
1.905300 
1.905800 
1.906400 
1.906500 
1.906800 
1.906900 
1.907100 
1.907400 
1.908900 
1.909400 
1.909900 
1.910300 
1.910800 
1.910900 
1.911500 
1.911800 
1.911900 
1.912400 
1.912800 
1.912900 
1.913000 
1.913100 
1.913100 
1.913700 
1.914600 
1.916700 
1.916900 
1.916900 
1.917200 
1.917500 
1.917700 
1.918400 
1.919000 
1.919500 
1.921000 
1.921000 
1.922100 
1.922100 
1.922200 
1.922700 
1.924000 
1.924800 
1.924800 
1.925600 
1.925800 
1.926000 
1.926600 
1.926700 
1.928200 
1.928500 
1.928500 
1.929000 
1.929100 
1.929200 
1.929800 
1.930700 
1.931100 
1.931300 
1.931500 
1.932100 
1.932100 
1.934600 
1.935400 
1.935600 
1.935700 
1.935700 
1.935800 
1.936800 
1.937600 
1.938700 
1.938800 
1.941400 
1.941500 
1.942100 
1.942400 
1.943300 
1.943900 
1.944100 
1.944300 
1.944900 
1.945000 
1.945600 
1.946200 
1.946600 
1.946900 
1.947700 
1.949000 
1.949100 
1.949600 
1.949900 
1.950200 
1.950200 
1.950400 
1.950500 
1.950500 
1.950500 
1.951200 
1.951300 
1.951300 
1.951600 
1.951900 
1.952300 
1.952400 
1.953400 
1.953700 
1.954000 
1.954600 
1.956300 
1.956400 
1.957000 
1.957300 
1.957500 
1.957500 
1.957700 
1.958400 
1.960100 
1.961500 
1.961500 
1.962200 
1.962300 
1.962400 
1.962800 
1.962800 
1.963300 
1.963300 
1.963900 
1.964100 
1.964300 
1.964800 
1.965500 
1.965800 
1.965900 
1.966100 
1.966400 
1.966400 
1.967500 
1.968700 
1.969100 
1.969200 
1.969300 
1.970300 
1.970400 
1.970500 
1.971300 
1.971400 
1.972000 
1.972000 
1.972100 
1.973800 
1.973900 
1.974300 
1.974600 
1.974800 
1.977500 
1.978700 
1.979600 
1.980100 
1.980400 
1.980700 
1.981000 
1.981500 
1.981900 
1.983900 
1.983900 
1.984600 
1.985900 
1.985900 
1.986300 
1.986900 
1.987600 
1.987600 
1.987800 
1.988100 
1.988300 
1.988500 
1.988800 
1.989000 
1.989400 
1.989500 
1.989900 
1.990000 
1.990300 
1.993600 
1.994000 
1.994400 
1.994500 
1.994600 
1.995100 
1.996100 
1.996300 
1.996700 
1.997200 
1.998200 
1.998200 
1.999100 
1.999700 
2.000500 
2.001000 
2.001100 
2.001400 
2.001500 
2.001800 
2.002200 
2.002400 
2.003000 
2.003400 
2.003500 
2.004800 
2.005800 
2.006000 
2.006400 
2.007600 
2.007800 
2.008100 
2.008400 
2.008800 
2.008900 
2.009100 
2.009500 
2.011000 
2.011900 
2.012200 
2.013100 
2.013300 
2.013500 
2.014100 
2.014200 
2.014700 
2.014900 
2.015900 
2.016200 
2.016200 
2.016400 
2.016900 
2.017700 
2.017800 
2.018200 
2.018500 
2.018800 
2.018900 
2.020400 
2.020500 
2.020700 
2.020800 
2.020900 
2.021700 
2.022000 
2.022300 
2.024600 
2.024600 
2.024800 
2.025500 
2.025600 
2.026400 
2.027400 
2.029100 
2.029400 
2.029700 
2.029900 
2.031000 
2.031500 
2.031600 
2.032100 
2.032300 
2.033000 
2.033300 
2.033600 
2.033700 
2.033700 
2.034200 
2.034700 
2.035000 
2.035600 
2.036200 
2.036600 
2.038700 
2.039200 
2.039300 
2.039500 
2.040700 
2.040800 
2.041700 
2.041900 
2.042000 
2.042200 
2.042800 
2.043200 
2.044800 
2.045100 
2.045400 
2.045400 
2.046800 
2.047200 
2.047200 
2.047600 
2.047600 
2.048100 
2.048500 
2.048600 
2.048900 
2.049100 
2.049300 
2.049900 
2.050300 
2.050500 
2.051500 
2.052400 
2.053000 
2.053400 
2.054000 
2.054700 
2.055100 
2.055200 
2.056800 
2.058200 
2.058400 
2.059400 
2.059600 
2.060300 
2.060400 
2.061000 
2.061200 
2.061300 
2.061300 
2.061300 
2.061400 
2.061800 
2.062000 
2.062400 
2.062500 
2.063000 
2.063100 
2.063900 
2.064700 
2.065000 
2.065100 
2.065500 
2.067300 
2.067600 
2.067800 
2.067800 
2.067900 
2.069200 
2.069700 
2.069700 
2.071800 
2.071900 
2.071900 
2.073500 
2.074200 
2.074400 
2.074500 
2.074500 
2.075100 
2.075100 
2.075200 
2.075300 
2.077100 
2.077100 
2.077400 
2.077600 
2.078400 
2.078700 
2.079100 
2.079700 
2.080500 
2.080700 
2.080700 
2.081000 
2.081100 
2.082000 
2.083300 
2.084300 
2.085100 
2.085100 
2.085400 
2.085700 
2.086100 
2.086600 
2.086800 
2.087800 
2.087900 
2.088100 
2.088800 
2.089000 
2.089800 
2.090500 
2.090800 
2.090800 
2.091100 
2.091100 
2.091800 
2.091900 
2.092600 
2.094100 
2.095100 
2.095100 
2.096800 
2.096900 
2.097100 
2.097900 
2.097900 
2.098700 
2.099600 
2.100000 
2.100700 
2.100900 
2.102000 
2.102300 
2.102300 
2.102300 
2.103100 
2.103700 
2.103900 
2.103900 
2.104000 
2.104200 
2.104700 
2.105300 
2.105300 
2.105900 
2.107800 
2.108300 
2.108300 
2.108800 
2.109300 
2.109300 
2.109700 
2.109900 
2.110500 
2.111500 
2.112400 
2.113600 
2.114100 
2.114500 
2.114800 
2.116100 
2.116800 
2.116900 
2.117400 
2.117800 
2.117800 
2.118200 
2.118400 
2.119000 
2.119200 
2.119400 
2.121600 
2.121600 
2.121700 
2.122700 
2.123200 
2.123300 
2.123400 
2.123800 
2.124700 
2.124900 
2.125000 
2.128100 
2.128900 
2.129300 
2.131700 
2.131700 
2.132900 
2.133300 
2.133400 
2.133400 
2.133500 
2.134100 
2.134600 
2.135200 
2.135300 
2.135600 
2.135900 
2.136100 
2.136600 
2.137000 
2.138400 
2.138500 
2.138800 
2.138800 
2.139100 
2.139300 
2.140000 
2.141000 
2.141200 
2.141300 
2.141900 
2.142200 
2.142400 
2.142700 
2.144400 
2.144700 
2.145300 
2.146700 
2.147000 
2.147200 
2.147700 
2.147700 
2.148200 
2.149100 
2.150500 
2.150800 
2.151400 
2.151600 
2.152800 
2.152900 
2.153700 
2.154000 
2.155300 
2.155300 
2.155800 
2.155900 
2.156300 
2.156800 
2.157300 
2.158000 
2.158800 
2.159300 
2.159400 
2.160000 
2.160300 
2.161300 
2.161700 
2.163200 
2.163800 
2.163900 
2.164100 
2.164400 
2.164500 
2.164800 
2.165200 
2.165300 
2.165400 
2.165500 
2.165500 
2.165500 
2.166900 
2.168000 
2.168200 
2.168300 
2.168300 
2.168800 
2.168900 
2.168900 
2.170300 
2.172300 
2.172700 
2.173800 
2.174400 
2.175200 
2.175400 
2.177300 
2.177900 
2.179200 
2.181400 
2.181500 
2.181700 
2.181800 
2.182200 
2.182500 
2.182700 
2.183900 
2.184300 
2.185400 
2.185400 
2.185800 
2.186400 
2.186600 
2.187300 
2.187500 
2.187900 
2.189300 
2.189300 
2.189600 
2.190100 
2.190200 
2.190600 
2.190700 
2.190700 
2.191500 
2.191700 
2.193600 
2.193800 
2.193800 
2.194200 
2.194300 
2.194600 
2.194700 
2.194700 
2.194700 
2.195000 
2.195700 
2.196700 
2.196800 
2.197600 
2.197800 
2.198800 
2.200100 
2.200500 
2.200700 
2.200800 
2.200900 
2.202300 
2.204300 
2.205000 
2.205200 
2.205500 
2.205900 
2.206300 
2.206600 
2.208700 
2.209300 
2.209300 
2.209400 
2.210200 
2.212600 
2.212900 
2.213100 
2.213100 
2.213400 
2.213700 
2.214300 
2.214400 
2.214600 
2.215000 
2.215000 
2.215100 
2.215100 
2.215200 
2.215200 
2.215400 
2.216000 
2.216700 
2.217100 
2.219700 
2.220700 
2.221200 
2.221500 
2.222100 
2.222500 
2.224300 
2.224500 
2.224500 
2.224500 
2.224600 
2.225000 
2.225100 
2.225100 
2.225100 
2.225200 
2.226400 
2.226600 
2.226900 
2.227000 
2.228600 
2.230300 
2.230400 
2.231100 
2.232100 
2.232300 
2.232400 
2.233100 
2.234300 
2.234700 
2.234900 
2.235000 
2.235400 
2.235800 
2.235900 
2.236200 
2.236300 
2.238200 
2.238300 
2.238700 
2.238800 
2.239000 
2.239100 
2.240300 
2.240400 
2.240800 
2.242800 
2.243300 
2.243300 
2.243500 
2.246700 
2.247100 
2.247300 
2.247400 
2.247400 
2.247900 
2.248500 
2.248600 
2.248900 
2.250200 
2.250300 
2.250700 
2.250900 
2.251300 
2.251300 
2.251800 
2.252000 
2.252500 
2.252600 
2.253100 
2.254200 
2.254700 
2.256300 
2.256800 
2.257200 
2.258000 
2.258900 
2.259100 
2.259300 
2.259500 
2.260400 
2.260900 
2.261100 
2.262100 
2.262700 
2.262700 
2.262900 
2.263600 
2.263900 
2.264700 
2.264800 
2.264800 
2.265600 
2.266700 
2.267300 
2.268000 
2.268400 
2.268600 
2.269800 
2.270300 
2.271300 
2.271400 
2.271900 
2.272600 
2.274500 
2.275300 
2.275900 
2.276100 
2.276200 
2.276500 
2.276800 
2.276900 
2.278500 
2.278600 
2.278800 
2.279600 
2.281100 
2.281200 
2.281200 
2.281800 
2.281800 
2.282100 
2.283000 
2.283100 
2.283700 
2.283900 
2.284000 
2.284200 
2.284700 
2.285300 
2.286100 
2.286500 
2.286900 
2.287700 
2.288700 
2.288800 
2.290100 
2.290300 
2.290800 
2.291500 
2.291700 
2.292100 
2.293400 
2.293900 
2.294600 
2.296000 
2.296300 
2.296400 
2.296600 
2.297200 
2.297500 
2.298500 
2.298800 
2.299300 
2.299300 
2.299400 
2.299500 
2.300200 
2.300500 
2.301300 
2.301400 
2.301600 
2.303500 
2.303700 
2.303700 
2.305000 
2.306200 
2.306400 
2.307600 
2.308500 
2.308500 
2.311800 
2.311900 
2.312200 
2.312400 
2.312700 
2.312700 
2.313500 
2.313800 
2.314200 
2.314500 
2.314600 
2.314600 
2.314800 
2.315000 
2.316000 
2.316600 
2.316700 
2.316800 
2.316900 
2.317100 
2.317200 
2.317500 
2.318000 
2.319100 
2.319200 
2.319400 
2.319700 
2.320600 
2.321100 
2.321300 
2.322000 
2.322400 
2.322400 
2.322900 
2.323200 
2.324100 
2.325600 
2.325600 
2.326000 
2.326400 
2.327100 
2.327400 
2.327500 
2.327700 
2.327700 
2.327800 
2.328000 
2.328800 
2.330000 
2.330300 
2.331900 
2.332000 
2.332400 
2.333000 
2.333100 
2.334400 
2.334600 
2.335100 
2.335300 
2.335600 
2.335700 
2.336000 
2.336600 
2.336600 
2.337700 
2.338000 
2.338300 
2.338500 
2.338600 
2.338700 
2.339800 
2.339800 
2.340600 
2.340700 
2.341000 
2.341700 
2.343800 
2.343900 
2.344000 
2.344900 
2.345400 
2.346100 
2.346300 
2.346400 
2.346700 
2.346700 
2.346700 
2.347300 
2.348800 
2.349000 
2.349000 
2.350100 
2.351400 
2.351900 
2.352700 
2.352900 
2.353100 
2.353200 
2.353200 
2.353600 
2.353700 
2.354800 
2.355700 
2.356900 
2.357200 
2.357300 
2.357800 
2.357900 
2.358300 
2.358500 
2.358500 
2.358700 
2.359500 
2.359500 
2.359500 
2.360700 
2.361200 
2.361400 
2.362600 
2.362700 
2.362700 
2.365300 
2.365800 
2.366200 
2.366300 
2.366600 
2.366800 
2.367200 
2.367400 
2.368000 
2.368200 
2.369100 
2.369100 
2.370000 
2.371600 
2.372000 
2.372600 
2.372700 
2.372800 
2.372900 
2.373000 
2.373500 
2.375900 
2.376400 
2.376600 
2.377000 
2.377400 
2.377700 
2.377900 
2.378300 
2.378700 
2.378900 
2.379100 
2.379200 
2.379700 
2.379700 
2.379800 
2.380200 
2.382100 
2.382200 
2.383200 
2.384000 
2.384400 
2.385000 
2.385900 
2.386000 
2.386900 
2.387100 
2.387800 
2.388100 
2.388200 
2.389100 
2.390200 
2.390200 
2.390300 
2.391800 
2.392000 
2.392400 
2.392900 
2.393200 
2.393300 
2.393300 
2.393500 
2.393600 
2.393600 
2.393900 
2.394000 
2.394100 
2.395000 
2.395200 
2.396600 
2.397900 
2.398800 
2.399500 
2.400000 
2.400600 
2.401000 
2.401300 
2.401300 
2.401300 
2.402200 
2.402400 
2.403200 
2.403700 
2.404000 
2.404600 
2.405000 
2.405500 
2.406300 
2.407100 
2.407500 
2.408900 
2.409000 
2.409100 
2.409100 
2.410000 
2.411000 
2.412200 
2.412700 
2.412800 
2.412800 
2.413700 
2.414300 
2.414400 
2.415300 
2.415300 
2.415500 
2.415700 
2.416400 
2.416600 
2.417700 
2.418000 
2.418500 
2.418600 
2.419000 
2.419200 
2.420000 
2.420900 
2.421000 
2.422100 
2.422300 
2.422400 
2.422500 
2.423600 
2.423800 
2.424100 
2.424500 
2.425600 
2.425600 
2.426300 
2.426600 
2.427000 
2.427500 
2.427500 
2.427800 
2.428300 
2.428300 
2.428400 
2.428700 
2.429300 
2.429500 
2.430000 
2.432500 
2.432900 
2.433200 
2.433900 
2.434200 
2.434200 
2.435300 
2.435600 
2.436200 
2.436300 
2.436700 
2.436800 
2.437500 
2.437500 
2.437900 
2.437900 
2.439300 
2.439600 
2.439900 
2.440200 
2.440700 
2.440900 
2.441100 
2.441700 
2.442100 
2.443000 
2.443200 
2.443600 
2.444000 
2.445000 
2.446200 
2.446300 
2.446300 
2.446600 
2.447000 
2.447000 
2.449100 
2.449200 
2.449400 
2.450700 
2.451500 
2.452000 
2.452000 
2.453800 
2.454000 
2.454200 
2.454400 
2.454900 
2.455100 
2.455200 
2.455700 
2.456200 
2.457500 
2.457800 
2.458700 
2.460100 
2.461600 
2.462300 
2.462700 
2.462900 
2.464500 
2.464600 
2.465000 
2.466600 
2.467200 
2.467300 
2.468100 
2.468200 
2.470300 
2.470800 
2.471200 
2.471900 
2.472000 
2.472100 
2.472900 
2.473100 
2.473700 
2.474400 
2.474600 
2.474600 
2.474700 
2.475100 
2.475300 
2.476400 
2.476500 
2.476800 
2.476900 
2.477800 
2.478400 
2.481200 
2.482600 
2.482800 
2.482800 
2.485000 
2.485200 
2.485500 
2.486300 
2.488900 
2.489500 
2.491000 
2.491400 
2.491800 
2.491900 
2.492000 
2.492200 
2.492500 
2.492500 
2.492600 
2.492800 
2.492800 
2.492900 
2.492900 
2.493700 
2.493900 
2.494600 
2.494800 
2.495100 
2.496100 
2.496200 
2.497000 
2.497300 
2.497300 
2.497800 
2.497900 
2.498100 
2.498700 
2.499900 
2.500400 
2.501000 
2.501100 
2.501700 
2.501700 
2.502300 
2.502700 
2.503200 
2.503500 
2.504400 
2.505400 
2.505700 
2.506300 
2.506500 
2.506800 
2.507500 
2.507500 
2.507700 
2.507800 
2.507900 
2.508700 
2.508900 
2.509000 
2.509500 
2.510700 
2.510900 
2.512600 
2.512700 
2.512900 
2.513100 
2.513100 
2.514100 
2.514800 
2.515500 
2.515800 
2.516900 
2.519100 
2.519700 
2.519900 
2.520100 
2.520500 
2.520500 
2.520600 
2.521600 
2.521900 
2.522400 
2.522500 
2.522800 
2.523400 
2.523500 
2.523800 
2.523800 
2.523900 
2.524400 
2.524900 
2.525600 
2.526500 
2.528300 
2.528500 
2.528800 
2.529000 
2.529500 
2.530100 
2.530100 
2.530500 
2.531000 
2.531300 
2.532100 
2.532700 
2.533200 
2.533200 
2.533400 
2.533700 
2.534200 
2.534400 
2.534400 
2.536000 
2.536500 
2.536700 
2.537600 
2.537900 
2.538100 
2.538500 
2.538600 
2.539300 
2.540900 
2.541200 
2.541600 
2.541600 
2.542800 
2.542800 
2.543100 
2.543300 
2.543700 
2.544100 
2.544900 
2.545200 
2.545200 
2.546500 
2.546800 
2.546800 
2.546800 
2.547300 
2.550700 
2.550800 
2.552100 
2.552200 
2.552500 
2.553000 
2.553200 
2.553400 
2.553500 
2.554200 
2.554200 
2.554500 
2.554600 
2.555100 
2.555100 
2.555400 
2.555600 
2.555800 
2.556400 
2.556500 
2.556600 
2.557500 
2.558200 
2.558200 
2.558300 
2.558900 
2.559000 
2.559900 
2.560600 
2.560700 
2.560900 
2.561400 
2.561400 
2.561500 
2.562900 
2.563500 
2.564200 
2.564400 
2.564800 
2.564800 
2.565200 
2.566600 
2.566600 
2.566600 
2.566800 
2.567400 
2.567900 
2.568800 
2.568900 
2.570600 
2.571200 
2.571300 
2.571400 
2.572000 
2.572000 
2.572000 
2.572000 
2.572300 
2.573600 
2.573700 
2.575000 
2.575800 
2.575800 
2.575800 
2.576300 
2.576700 
2.576800 
2.578300 
2.578400 
2.578400 
2.578500 
2.579700 
2.580100 
2.580900 
2.581200 
2.581400 
2.582500 
2.582500 
2.582900 
2.583100 
2.583600 
2.583700 
2.584100 
2.584900 
2.585000 
2.585400 
2.585600 
2.587100 
2.587400 
2.587900 
2.587900 
2.588100 
2.588800 
2.588900 
2.589300 
2.589700 
2.589900 
2.590000 
2.590200 
2.590600 
2.590800 
2.591400 
2.592100 
2.592300 
2.593400 
2.593600 
2.594600 
2.595100 
2.595400 
2.595400 
2.595800 
2.595800 
2.596100 
2.596100 
2.598000 
2.599200 
2.600500 
2.601200 
2.601400 
2.601500 
2.601500 
2.601900 
2.602900 
2.605200 
2.606000 
2.606200 
2.606200 
2.606400 
2.608600 
2.608800 
2.609000 
2.609000 
2.609400 
2.609500 
2.610100 
2.611100 
2.611100 
2.611200 
2.612600 
2.612600 
2.612700 
2.612800 
2.612800 
2.612800 
2.612900 
2.612900 
2.613000 
2.613400 
2.613500 
2.614100 
2.614100 
2.614200 
2.614200 
2.614800 
2.615400 
2.615400 
2.616000 
2.616100 
2.616700 
2.617100 
2.617100 
2.617500 
2.617500 
2.618200 
2.618500 
2.619600 
2.620000 
2.621100 
2.621400 
2.622100 
2.623000 
2.624400 
2.624500 
2.624600 
2.625000 
2.625700 
2.626100 
2.626200 
2.626600 
2.627100 
2.627500 
2.628200 
2.628600 
2.629000 
2.630200 
2.630500 
2.631300 
2.631400 
2.631400 
2.632300 
2.632800 
2.632800 
2.633300 
2.633600 
2.637400 
2.637700 
2.638200 
2.638300 
2.638800 
2.639000 
2.639900 
2.640500 
2.641200 
2.641600 
2.641700 
2.642500 
2.642600 
2.643100 
2.643600 
2.643800 
2.645600 
2.645700 
2.646100 
2.646400 
2.648500 
2.648800 
2.649100 
2.649200 
2.649700 
2.649800 
2.650100 
2.650100 
2.650300 
2.650800 
2.650900 
2.651400 
2.651600 
2.651800 
2.652200 
2.653800 
2.654600 
2.655200 
2.656600 
2.656700 
2.657900 
2.658900 
2.659200 
2.661400 
2.661500 
2.662100 
2.662300 
2.662600 
2.663300 
2.663400 
2.664100 
2.664200 
2.664300 
2.665300 
2.665400 
2.665500 
2.665700 
2.665800 
2.665900 
2.666100 
2.666200 
2.666200 
2.667100 
2.667200 
2.667400 
2.667600 
2.668000 
2.668900 
2.669000 
2.669300 
2.669400 
2.670100 
2.670400 
2.670800 
2.671200 
2.671300 
2.672100 
2.672900 
2.673000 
2.676100 
2.676700 
2.677200 
2.677300 
2.677600 
2.677800 
2.677900 
2.678200 
2.678500 
2.678600 
2.679200 
2.679600 
2.679800 
2.680500 
2.680500 
2.681100 
2.681400 
2.682300 
2.682600 
2.683000 
2.685000 
2.685200 
2.685600 
2.686100 
2.686200 
2.686400 
2.686900 
2.687400 
2.688100 
2.688500 
2.688600 
2.689900 
2.690200 
2.690800 
2.691000 
2.691600 
2.692200 
2.693100 
2.693300 
2.693400 
2.694000 
2.694100 
2.694100 
2.694300 
2.694300 
2.694600 
2.695000 
2.695900 
2.696200 
2.696300 
2.696600 
2.696700 
2.696800 
2.697800 
2.697900 
2.698200 
2.700500 
2.702000 
2.702200 
2.702200 
2.702800 
2.704700 
2.704800 
2.705100 
2.705400 
2.705900 
2.706500 
2.707000 
2.707000 
2.707900 
2.710100 
2.710900 
2.711900 
2.712000 
2.712000 
2.712300 
2.713200 
2.713400 
2.713700 
2.713700 
2.714300 
2.714700 
2.715000 
2.715300 
2.716400 
2.716600 
2.716900 
2.717800 
2.718400 
2.718900 
2.719000 
2.719100 
2.720100 
2.720400 
2.720700 
2.720900 
2.721400 
2.722400 
2.722700 
2.722800 
2.723600 
2.724300 
2.724400 
2.724700 
2.724800 
2.725800 
2.726300 
2.726900 
2.727200 
2.727500 
2.728100 
2.728200 
2.728200 
2.729400 
2.729800 
2.729800 
2.731100 
2.731700 
2.731800 
2.732600 
2.732600 
2.733000 
2.733900 
2.735900 
2.736600 
2.737300 
2.737300 
2.737500 
2.737700 
2.737900 
2.738600 
2.738900 
2.739100 
2.739300 
2.739300 
2.739500 
2.739600 
2.740600 
2.740700 
2.740900 
2.742500 
2.743200 
2.743300 
2.743700 
2.743900 
2.744400 
2.744600 
2.745000 
2.747100 
2.747600 
2.747700 
2.748600 
2.750000 
2.750800 
2.750900 
2.751300 
2.751600 
2.751700 
2.751800 
2.752400 
2.752700 
2.753400 
2.753800 
2.754400 
2.754500 
2.754800 
2.755100 
2.755700 
2.756000 
2.756500 
2.756700 
2.757100 
2.757200 
2.757400 
2.757400 
2.758000 
2.758800 
2.759300 
2.759500 
2.760600 
2.760800 
2.760800 
2.760900 
2.760900 
2.760900 
2.761000 
2.761200 
2.763400 
2.764600 
2.765700 
2.765700 
2.767500 
2.767500 
2.767800 
2.768100 
2.768200 
2.768200 
2.769500 
2.770500 
2.770600 
2.771000 
2.771600 
2.771600 
2.771900 
2.772900 
2.773300 
2.774200 
2.774600 
2.774700 
2.774900 
2.774900 
2.775100 
2.775100 
2.775400 
2.776000 
2.776100 
2.776100 
2.776800 
2.777100 
2.778400 
2.778400 
2.778600 
2.779000 
2.779300 
2.779500 
2.780600 
2.781000 
2.781500 
2.781800 
2.781900 
2.783600 
2.784000 
2.785100 
2.785200 
2.785900 
2.786600 
2.786600 
2.788500 
2.788600 
2.788900 
2.789000 
2.789400 
2.789700 
2.789800 
2.790600 
2.790800 
2.790900 
2.791500 
2.792100 
2.792400 
2.792700 
2.793100 
2.793200 
2.793400 
2.793900 
2.793900 
2.794000 
2.794300 
2.795100 
2.795200 
2.796100 
2.796500 
2.796600 
2.796900 
2.798500 
2.798600 
2.799700 
2.801800 
2.802400 
2.803200 
2.803800 
2.804300 
2.804600 
2.805100 
2.805200 
2.805700 
2.805900 
2.805900 
2.806000 
2.806200 
2.806300 
2.806300 
2.807100 
2.807300 
2.807300 
2.807300 
2.807900 
2.808900 
2.809000 
2.809800 
2.810200 
2.810600 
2.810700 
2.811700 
2.812600 
2.813400 
2.813800 
2.814000 
2.814100 
2.814900 
2.815500 
2.815700 
2.816000 
2.816600 
2.817500 
2.818000 
2.818400 
2.819300 
2.820200 
2.820700 
2.821600 
2.822000 
2.822400 
2.822400 
2.823000 
2.823000 
2.823300 
2.823400 
2.824100 
2.825000 
2.825200 
2.825800 
2.826000 
2.827300 
2.827500 
2.827700 
2.829700 
2.830100 
2.830200 
2.830300 
2.830300 
2.830800 
2.830900 
2.831000 
2.831100 
2.831500 
2.831500 
2.832500 
2.832500 
2.832700 
2.833000 
2.834700 
2.834800 
2.835700 
2.836100 
2.836200 
2.836300 
2.837000 
2.837500 
2.838700 
2.838700 
2.839700 
2.841100 
2.841300 
2.842700 
2.842800 
2.843100 
2.843200 
2.844000 
2.844100 
2.844100 
2.844200 
2.844400 
2.844500 
2.845300 
2.845400 
2.846000 
2.846100 
2.846700 
2.846900 
2.847200 
2.847600 
2.848100 
2.848100 
2.848700 
2.848800 
2.849700 
2.849800 
2.850500 
2.850700 
2.852400 
2.854200 
2.854300 
2.854500 
2.854900 
2.854900 
2.854900 
2.855300 
2.855800 
2.856500 
2.858000 
2.858200 
2.858600 
2.859100 
2.859600 
2.859700 
2.860200 
2.860200 
2.860600 
2.860700 
2.862100 
2.862300 
2.862700 
2.862800 
2.862900 
2.863500 
2.863700 
2.864100 
2.864500 
2.864500 
2.864700 
2.865000 
2.865500 
2.865500 
2.865700 
2.866100 
2.866300 
2.866700 
2.866800 
2.867300 
2.867400 
2.868700 
2.868700 
2.870700 
2.871000 
2.871300 
2.872000 
2.872100 
2.872500 
2.873100 
2.873500 
2.873800 
2.874200 
2.875500 
2.875600 
2.876100 
2.877300 
2.878000 
2.878400 
2.878800 
2.880600 
2.880600 
2.880700 
2.880900 
2.881300 
2.881400 
2.881500 
2.881500 
2.881900 
2.882600 
2.883900 
2.884200 
2.884400 
2.884400 
2.884900 
2.884900 
2.885000 
2.885900 
2.886300 
2.886400 
2.888000 
2.888200 
2.889500 
2.889600 
2.889700 
2.889700 
2.890400 
2.890500 
2.890800 
2.891400 
2.893500 
2.894400 
2.894500 
2.894600 
2.894700 
2.896000 
2.896100 
2.896600 
2.897900 
2.898500 
2.899100 
2.899200 
2.899200 
2.899300 
2.900100 
2.900600 
2.900600 
2.900700 
2.900800 
2.901100 
2.901800 
2.901900 
2.902200 
2.903100 
2.904000 
2.904100 
2.904400 
2.904500 
2.904500 
2.905100 
2.905900 
2.908000 
2.909600 
2.909800 
2.910300 
2.911000 
2.912400 
2.913800 
2.914200 
2.914700 
2.915000 
2.915100 
2.915200 
2.915600 
2.916700 
2.917100 
2.917100 
2.917600 
2.917600 
2.917700 
2.918400 
2.918600 
2.920100 
2.920500 
2.920600 
2.922600 
2.922900 
2.922900 
2.923700 
2.923700 
2.923900 
2.924100 
2.924300 
2.924500 
2.924600 
2.924900 
2.926400 
2.927300 
2.927700 
2.927800 
2.927900 
2.928400 
2.928600 
2.928800 
2.929200 
2.929300 
2.929300 
2.929800 
2.931300 
2.932300 
2.933200 
2.933200 
2.933300 
2.933800 
2.934300 
2.934400 
2.934400 
2.934800 
2.935300 
2.935600 
2.936200 
2.936700 
2.937700 
2.938300 
2.938600 
2.939700 
2.940000 
2.940100 
2.940600 
2.940800 
2.941400 
2.941800 
2.943600 
2.944400 
2.944500 
2.944600 
2.944800 
2.945500 
2.945900 
2.946000 
2.946300 
2.946300 
2.946500 
2.946500 
2.946800 
2.947100 
2.947700 
2.947700 
2.947700 
2.948300 
2.949300 
2.949500 
2.949800 
2.949800 
2.950400 
2.950800 
2.951700 
2.953700 
2.953700 
2.954300 
2.955500 
2.955600 
2.956000 
2.956400 
2.956500 
2.957400 
2.957800 
2.958100 
2.958300 
2.958400 
2.959800 
2.960600 
2.961200 
2.961200 
2.961400 
2.961500 
2.961700 
2.962000 
2.962200 
2.963400 
2.964200 
2.964300 
2.964400 
2.964500 
2.964900 
2.965300 
2.965400 
2.965500 
2.965500 
2.966300 
2.967100 
2.968200 
2.969100 
2.969800 
2.970100 
2.970400 
2.970800 
2.970900 
2.970900 
2.971100 
2.972600 
2.973500 
2.974300 
2.974400 
2.975300 
2.975700 
2.977800 
2.979000 
2.979000 
2.979700 
2.980000 
2.980400 
2.980700 
2.980700 
2.980800 
2.981200 
2.981500 
2.983000 
2.983200 
2.983200 
2.983200 
2.983600 
2.983800 
2.984000 
2.984500 
2.985500 
2.986500 
2.986600 
2.986900 
2.987900 
2.988600 
2.988800 
2.989000 
2.989500 
2.990300 
2.991400 
2.991500 
2.991700 
2.992200 
2.992600 
2.993200 
2.993300 
2.994300 
2.994700 
2.995400 
2.996100 
2.999800 
