0.048400 
0.056500 
0.073000 
0.074400 
0.081400 
0.091600 
0.102000 
0.108200 
0.112500 
0.124000 
0.127200 
0.131000 
0.136400 
0.138200 
0.138300 
0.158500 
0.160000 
0.183400 
0.210300 
0.214100 
0.218600 
0.224400 
0.243300 
0.245700 
0.248900 
0.286700 
0.289800 
0.290900 
0.295500 
0.296200 
0.325300 
0.335900 
0.344900 
0.350000 
0.373000 
0.374000 
0.384400 
0.395000 
0.397900 
0.398200 
0.417100 
0.427400 
0.462500 
0.463100 
0.472200 
0.479700 
0.490000 
0.498300 
0.514900 
0.518000 
0.531300 
0.540900 
0.567400 
0.576400 
0.583200 
0.607500 
0.610900 
0.611200 
0.613200 
0.626700 
0.631200 
0.639000 
0.640100 
0.640700 
0.640700 
0.643100 
0.644100 
0.650000 
0.650400 
0.656700 
0.672500 
0.674400 
0.713800 
0.724700 
0.724800 
0.726500 
0.742800 
0.746400 
0.762700 
0.767600 
0.768500 
0.777200 
0.780500 
0.847800 
0.850600 
0.855100 
0.878300 
0.886300 
0.897900 
0.911400 
0.912600 
0.915500 
0.918400 
0.931200 
0.932300 
0.938800 
0.948600 
0.957300 
0.960400 
0.966300 
0.977700 
0.989700 
0.995300 
1.005800 
1.014500 
1.021000 
1.048200 
1.081800 
1.088900 
1.090500 
1.106900 
1.114900 
1.122800 
1.130900 
1.133400 
1.146300 
1.158700 
1.162200 
1.166400 
1.170000 
1.178300 
1.194500 
1.205600 
1.206700 
1.207900 
1.209500 
1.214200 
1.238200 
1.241400 
1.254000 
1.254600 
1.264300 
1.267700 
1.280500 
1.282900 
1.296400 
1.301600 
1.302600 
1.311900 
1.312600 
1.324600 
1.328300 
1.352200 
1.364400 
1.367200 
1.368000 
1.368000 
1.384500 
1.402800 
1.411100 
1.432800 
1.439600 
1.441900 
1.451500 
1.455700 
1.459100 
1.462400 
1.468700 
1.474500 
1.475900 
1.487400 
