0.028000 
0.031100 
0.031900 
0.038000 
0.038000 
0.038700 
0.041900 
0.043000 
0.044000 
0.046300 
0.046500 
0.047000 
0.047600 
0.048500 
0.048500 
0.049100 
0.049900 
0.050100 
0.050200 
0.050200 
0.051000 
0.054000 
0.055600 
0.058300 
0.059400 
0.060500 
0.060800 
0.062200 
0.063600 
0.064600 
0.067400 
0.068000 
0.072300 
0.072400 
0.073400 
0.075600 
0.077000 
0.077700 
0.082300 
0.082500 
0.082600 
0.082700 
0.084200 
0.084700 
0.084700 
0.085300 
0.085400 
0.086500 
0.087000 
0.087200 
0.087800 
0.087800 
0.088500 
0.088700 
0.089400 
0.090600 
0.091400 
0.092000 
0.093400 
0.093600 
0.095100 
0.096100 
0.097500 
0.098100 
0.098900 
0.099100 
0.099700 
0.100800 
0.103600 
0.104300 
0.105600 
0.106800 
0.109600 
0.110600 
0.110800 
0.111300 
0.112000 
0.112600 
0.115700 
0.116100 
0.118300 
0.119100 
0.119900 
0.123300 
0.123300 
0.123900 
0.126600 
0.127200 
0.128900 
0.129600 
0.129600 
0.129900 
0.131200 
0.131400 
0.135200 
0.136000 
0.136200 
0.136500 
0.138800 
0.140300 
0.141700 
0.141900 
0.142300 
0.142300 
0.143600 
0.143800 
0.145700 
0.146700 
0.147100 
0.147700 
0.149400 
0.149700 
0.156300 
0.156800 
0.158300 
0.162800 
0.164100 
0.164800 
0.167300 
0.168600 
0.168900 
0.168900 
0.169200 
0.171100 
0.171300 
0.171400 
0.171500 
0.172100 
0.172400 
0.173200 
0.173800 
0.174400 
0.175100 
0.175400 
0.175900 
0.176500 
0.176700 
0.178400 
0.180700 
0.182100 
0.182200 
0.183000 
0.184200 
0.186500 
0.187000 
0.187300 
0.187800 
0.187900 
0.189400 
0.190500 
0.190600 
0.191500 
0.192700 
0.193000 
0.193100 
0.193900 
0.193900 
0.195100 
0.195200 
0.195300 
0.195400 
0.197100 
0.197200 
0.197700 
0.199500 
0.200200 
0.201700 
0.201900 
0.204400 
0.205600 
0.205700 
0.206200 
0.206600 
0.207200 
0.207400 
0.207900 
0.209000 
0.209100 
0.209200 
0.209200 
0.209700 
0.209800 
0.210000 
0.210300 
0.213600 
0.214800 
0.216000 
0.218100 
0.218900 
0.219600 
0.221500 
0.224400 
0.225000 
0.225300 
0.225500 
0.225800 
0.227700 
0.228300 
0.228500 
0.228900 
0.231000 
0.231200 
0.231400 
0.232300 
0.232500 
0.232500 
0.233500 
0.234400 
0.235600 
0.236500 
0.236700 
0.237500 
0.237600 
0.238100 
0.240700 
0.242700 
0.243900 
0.246800 
0.247700 
0.248200 
0.248600 
0.249000 
0.249100 
0.249100 
0.249900 
0.250100 
0.250600 
0.250600 
0.251600 
0.252700 
0.253100 
0.253500 
0.255400 
0.255500 
0.256100 
0.256400 
0.256900 
0.256900 
0.257300 
0.259000 
0.259800 
0.261400 
0.261700 
0.264000 
0.264200 
0.265000 
0.265300 
0.265400 
0.265800 
0.265900 
0.267300 
0.268800 
0.271300 
0.271300 
0.271600 
0.273400 
0.275000 
0.276100 
0.276400 
0.276400 
0.279600 
0.279700 
0.280200 
0.281500 
0.284000 
0.285100 
0.285500 
0.291100 
0.292300 
0.292900 
0.294300 
0.294900 
0.295600 
0.296500 
0.300900 
0.301500 
0.302700 
0.303300 
0.304100 
0.304100 
0.304500 
0.304500 
0.306100 
0.307900 
0.307900 
0.308800 
0.309000 
0.310400 
0.311200 
0.313200 
0.313600 
0.315000 
0.315900 
0.316300 
0.316400 
0.317400 
0.320600 
0.320700 
0.321400 
0.322500 
0.323100 
0.324100 
0.326700 
0.327000 
0.328800 
0.332800 
0.332900 
0.335000 
0.336100 
0.336300 
0.340900 
0.344000 
0.344600 
0.349400 
0.350200 
0.352300 
0.353800 
0.357300 
0.358300 
0.361100 
0.362200 
0.363100 
0.363600 
0.363900 
0.365100 
0.365300 
0.368600 
0.369200 
0.371800 
0.372800 
0.373200 
0.374900 
0.375900 
0.376100 
0.376400 
0.376500 
0.377000 
0.377000 
0.377200 
0.377600 
0.378000 
0.378500 
0.379700 
0.380000 
0.383500 
0.383700 
0.383900 
0.384700 
0.385100 
0.385700 
0.388900 
0.391100 
0.391500 
0.391600 
0.392600 
0.393600 
0.394300 
0.394500 
0.394700 
0.397600 
0.398100 
0.400500 
0.401000 
0.402300 
0.403100 
0.407700 
0.407800 
0.408700 
0.409100 
0.410400 
0.410400 
0.410600 
0.410600 
0.410800 
0.411400 
0.411500 
0.413900 
0.414700 
0.416800 
0.419400 
0.420400 
0.421100 
0.421600 
0.423600 
0.424000 
0.426200 
0.428100 
0.429000 
0.430400 
0.430500 
0.430800 
0.431300 
0.431400 
0.431600 
0.431700 
0.433400 
0.433400 
0.433800 
0.435600 
0.438000 
0.439200 
0.440400 
0.441500 
0.442000 
0.442200 
0.442700 
0.442900 
0.443800 
0.445300 
0.445900 
0.447300 
0.448100 
0.448700 
0.448700 
0.448900 
0.450700 
0.451500 
0.451700 
0.455900 
0.457600 
0.458000 
0.459000 
0.460400 
0.461000 
0.464100 
0.464300 
0.465300 
0.465300 
0.466500 
0.466700 
0.467800 
0.471100 
0.471400 
0.471700 
0.472200 
0.472700 
0.473000 
0.475200 
0.475300 
0.476500 
0.477100 
0.478200 
0.478500 
0.480500 
0.480600 
0.482200 
0.483100 
0.484000 
0.484800 
0.485300 
0.485800 
0.486100 
0.486200 
0.486500 
0.487100 
0.488300 
0.488300 
0.488500 
0.489200 
0.490300 
0.492100 
0.492600 
0.493000 
0.494000 
0.494500 
0.495400 
0.496300 
0.497000 
0.497800 
0.497900 
0.500200 
0.502100 
0.502800 
0.504400 
0.505000 
0.505000 
0.505600 
0.506400 
0.506400 
0.507700 
0.507800 
0.508100 
0.508500 
0.509100 
0.509500 
0.510000 
0.510200 
0.511800 
0.512800 
0.513200 
0.515200 
0.516100 
0.516900 
0.518500 
0.518900 
0.521000 
0.523100 
0.524200 
0.525000 
0.525000 
0.526600 
0.526700 
0.527100 
0.531100 
0.531100 
0.531200 
0.531800 
0.532000 
0.533400 
0.533500 
0.534500 
0.535300 
0.536900 
0.537300 
0.539900 
0.540200 
0.541300 
0.542100 
0.543400 
0.544200 
0.544600 
0.544900 
0.547500 
0.548400 
0.549600 
0.549600 
0.551200 
0.551300 
0.552200 
0.552500 
0.552500 
0.553300 
0.553300 
0.554100 
0.554200 
0.555100 
0.557300 
0.557400 
0.557500 
0.558600 
0.558600 
0.558700 
0.559000 
0.559600 
0.559800 
0.560300 
0.561800 
0.562000 
0.563300 
0.564100 
0.564800 
0.565000 
0.565300 
0.565900 
0.567000 
0.567400 
0.567500 
0.569600 
0.573100 
0.574100 
0.574200 
0.577000 
0.577300 
0.577700 
0.580400 
0.582000 
0.583200 
0.583200 
0.585200 
0.585700 
0.585800 
0.587800 
0.588200 
0.591100 
0.593100 
0.593400 
0.594000 
0.594400 
0.595600 
0.597400 
0.597600 
0.598200 
0.598900 
0.600700 
0.601100 
0.601500 
0.601700 
0.602100 
0.602500 
0.603200 
0.603500 
0.605200 
0.607400 
0.607900 
0.608200 
0.608900 
0.611400 
0.612200 
0.614400 
0.615300 
0.615500 
0.615700 
0.617000 
0.617900 
0.618000 
0.618600 
0.619300 
0.620000 
0.622300 
0.625600 
0.626700 
0.627200 
0.628400 
0.632100 
0.634200 
0.634700 
0.635300 
0.636600 
0.636800 
0.637300 
0.639000 
0.639300 
0.640000 
0.647400 
0.648300 
0.648400 
0.648600 
0.648700 
0.649800 
0.651500 
0.651600 
0.652100 
0.653000 
0.653000 
0.654100 
0.654600 
0.654800 
0.655100 
0.655200 
0.656000 
0.656400 
0.656600 
0.657400 
0.658200 
0.658500 
0.660000 
0.662200 
0.663200 
0.664200 
0.664500 
0.664600 
0.664600 
0.665300 
0.665500 
0.665500 
0.665700 
0.665900 
0.666000 
0.666800 
0.667400 
0.668700 
0.668900 
0.669100 
0.669400 
0.669400 
0.669600 
0.669600 
0.669700 
0.670200 
0.670900 
0.671400 
0.672100 
0.672700 
0.673600 
0.675300 
0.675800 
0.676300 
0.676700 
0.677900 
0.679200 
0.680100 
0.680800 
0.684500 
0.685900 
0.688800 
0.689000 
0.690500 
0.692300 
0.693700 
0.694400 
0.697500 
0.700300 
0.700400 
0.700600 
0.701000 
0.705300 
0.706700 
0.706800 
0.707900 
0.708600 
0.708700 
0.708700 
0.709100 
0.709200 
0.709700 
0.709900 
0.711400 
0.712400 
0.712700 
0.712900 
0.714400 
0.714600 
0.714900 
0.715600 
0.717300 
0.717500 
0.717800 
0.718900 
0.719200 
0.719200 
0.719600 
0.720200 
0.722600 
0.723000 
0.724400 
0.726200 
0.729300 
0.730000 
0.730400 
0.731300 
0.732500 
0.733700 
0.734900 
0.736100 
0.736500 
0.738000 
0.739900 
0.741500 
0.743000 
0.743700 
0.743900 
0.744000 
0.744700 
0.745500 
0.746200 
0.746500 
0.747600 
0.748400 
0.749500 
0.750100 
0.752400 
0.753900 
0.754800 
0.756300 
0.757200 
0.757600 
0.763100 
0.764200 
0.764700 
0.766900 
0.769400 
0.772800 
0.774100 
0.774900 
0.775900 
0.776100 
0.779900 
0.780500 
0.782100 
0.782300 
0.783000 
0.788000 
0.789100 
0.791000 
0.792000 
0.793600 
0.793900 
0.795500 
0.795600 
0.795900 
0.796800 
0.796900 
0.797000 
0.797700 
0.797800 
0.797900 
0.799000 
0.799100 
0.799600 
0.800100 
0.800500 
0.802700 
0.802800 
0.804700 
0.805100 
0.805700 
0.805900 
0.806400 
0.808300 
0.809400 
0.810000 
0.811900 
0.813000 
0.813700 
0.815800 
0.816500 
0.816500 
0.816900 
0.818100 
0.819100 
0.819900 
0.820700 
0.822900 
0.823000 
0.824200 
0.825900 
0.827200 
0.828400 
0.830200 
0.830200 
0.831100 
0.831900 
0.834100 
0.834700 
0.834800 
0.835000 
0.836100 
0.836800 
0.838000 
0.838800 
0.839100 
0.840600 
0.842400 
0.842700 
0.842900 
0.843400 
0.844800 
0.847600 
0.847600 
0.847900 
0.848200 
0.848500 
0.849200 
0.849300 
0.850500 
0.851500 
0.852400 
0.852700 
0.855900 
0.857600 
0.858000 
0.858800 
0.858900 
0.859000 
0.859100 
0.859500 
0.860100 
0.860200 
0.862000 
0.862100 
0.862200 
0.862500 
0.864200 
0.864800 
0.864900 
0.865200 
0.865700 
0.867200 
0.869500 
0.869700 
0.870400 
0.872500 
0.874200 
0.874800 
0.883200 
0.883300 
0.883600 
0.885500 
0.885900 
0.887000 
0.888800 
0.888900 
0.889200 
0.889500 
0.891000 
0.892500 
0.893900 
0.894000 
0.894100 
0.894500 
0.895800 
0.896100 
0.896700 
0.897500 
0.897500 
0.899300 
0.900600 
0.901000 
0.901400 
0.901500 
0.901900 
0.902400 
0.903500 
0.904200 
0.904200 
0.904900 
0.905700 
0.906100 
0.907300 
0.907800 
0.908600 
0.914600 
0.915000 
0.916300 
0.917600 
0.918300 
0.918400 
0.918400 
0.918900 
0.919100 
0.919700 
0.920500 
0.920800 
0.921300 
0.921400 
0.921600 
0.921800 
0.922400 
0.924500 
0.925200 
0.925600 
0.925700 
0.926200 
0.927700 
0.928400 
0.928500 
0.930300 
0.930900 
0.931200 
0.936200 
0.938600 
0.939900 
0.941300 
0.942200 
0.942400 
0.942700 
0.944700 
0.949800 
0.949900 
0.950600 
0.950700 
0.951900 
0.952300 
0.952700 
0.953400 
0.955200 
0.955700 
0.956200 
0.958200 
0.958900 
0.960200 
0.961400 
0.961700 
0.963400 
0.965200 
0.966000 
0.966500 
0.967300 
0.967500 
0.968600 
0.970400 
0.970500 
0.970900 
0.971000 
0.971800 
0.972800 
0.973000 
0.973000 
0.974300 
0.974700 
0.975600 
0.975700 
0.978400 
0.978900 
0.980400 
0.980500 
0.980500 
0.980900 
0.981000 
0.981100 
0.983300 
0.983700 
0.984000 
0.984100 
0.985800 
0.986000 
0.986300 
0.987300 
0.987400 
0.988500 
0.989900 
0.991700 
0.992700 
0.993100 
0.994200 
0.995200 
0.995300 
0.996000 
0.996500 
0.996900 
0.997600 
1.000700 
1.001000 
1.001100 
1.001700 
1.003300 
1.003400 
1.003700 
1.004100 
1.004600 
1.005600 
1.006100 
1.006600 
1.007700 
1.008000 
1.008000 
1.008100 
1.008300 
1.008700 
1.011400 
1.012400 
1.012600 
1.013200 
1.014800 
1.016200 
1.017300 
1.019200 
1.027900 
1.028900 
1.029200 
1.030100 
1.033000 
1.034900 
1.037300 
1.038200 
1.041300 
1.041300 
1.042800 
1.042800 
1.044400 
1.044900 
1.045500 
1.046100 
1.047000 
1.047000 
1.047600 
1.048200 
1.048300 
1.049600 
1.050400 
1.050500 
1.052800 
1.052800 
1.052900 
1.055300 
1.055500 
1.055600 
1.055600 
1.055600 
1.056500 
1.057000 
1.057400 
1.058500 
1.058600 
1.059300 
1.062000 
1.062200 
1.064000 
1.064200 
1.064400 
1.064700 
1.064700 
1.065800 
1.066700 
1.069100 
1.069300 
1.069900 
1.072200 
1.073600 
1.073900 
1.074400 
1.079700 
1.079800 
1.079900 
1.079900 
1.084300 
1.086900 
1.089700 
1.091500 
1.091800 
1.092800 
1.094300 
1.097900 
1.100000 
1.100600 
1.102400 
1.102800 
1.104500 
1.105000 
1.105100 
1.105200 
1.107000 
1.108100 
1.108200 
1.108900 
1.110000 
1.113300 
1.117500 
1.117900 
1.118600 
1.119600 
1.120200 
1.121600 
1.121900 
1.122400 
1.122900 
1.124700 
1.126100 
1.126100 
1.126400 
1.129200 
1.129800 
1.131900 
1.132100 
1.132700 
1.133800 
1.134500 
1.137700 
1.137900 
1.139400 
1.140200 
1.140200 
1.141400 
1.141400 
1.142100 
1.143300 
1.143400 
1.143500 
1.143500 
1.143900 
1.144100 
1.144500 
1.146000 
1.146600 
1.146800 
1.147100 
1.147300 
1.147700 
1.147800 
1.148300 
1.148600 
1.150100 
1.152800 
1.153400 
1.153600 
1.155500 
1.158300 
1.160100 
1.160400 
1.160600 
1.161700 
1.162100 
1.162400 
1.166600 
1.166800 
1.167300 
1.167400 
1.168600 
1.171100 
1.171200 
1.172600 
1.174600 
1.174600 
1.176100 
1.177500 
1.180500 
1.180900 
1.181000 
1.181100 
1.181200 
1.181400 
1.181500 
1.181600 
1.182300 
1.182700 
1.183000 
1.183300 
1.183600 
1.184300 
1.184500 
1.186100 
1.186900 
1.188900 
1.189900 
1.191800 
1.194200 
1.196000 
1.196300 
1.197400 
1.199200 
1.200400 
1.201600 
1.201900 
1.202200 
1.203000 
1.203800 
1.205500 
1.206000 
1.207300 
1.207800 
1.208000 
1.209100 
1.209500 
1.209800 
1.210800 
1.210900 
1.212800 
1.213100 
1.214300 
1.215100 
1.215100 
1.215500 
1.218700 
1.219000 
1.219900 
1.220900 
1.221000 
1.221300 
1.221300 
1.222800 
1.225600 
1.226400 
1.232200 
1.232400 
1.233800 
1.235200 
1.235800 
1.239000 
1.241100 
1.242800 
1.246200 
1.253600 
1.254300 
1.258400 
1.259400 
1.262800 
1.263400 
1.266300 
1.267100 
1.268200 
1.268700 
1.269700 
1.272600 
1.273500 
1.273800 
1.274300 
1.275100 
1.275600 
1.276200 
1.276400 
1.277300 
1.280200 
1.280500 
1.280600 
1.281100 
1.282500 
1.285400 
1.285900 
1.286700 
1.287900 
1.289800 
1.292000 
1.292800 
1.293500 
1.294200 
1.294200 
1.295300 
1.295700 
1.296200 
1.296700 
1.297700 
1.298100 
1.300100 
1.300200 
1.302500 
1.303100 
1.304400 
1.304500 
1.304600 
1.305800 
1.306700 
1.310600 
1.311200 
1.311800 
1.312700 
1.313700 
1.315200 
1.316800 
1.317500 
1.319000 
1.320100 
1.321800 
1.322000 
1.322400 
1.322800 
1.323000 
1.324200 
1.324800 
1.325300 
1.326800 
1.328100 
1.328600 
1.329000 
1.329600 
1.331600 
1.331900 
1.332100 
1.333600 
1.334700 
1.335000 
1.335600 
1.336000 
1.337400 
1.340100 
1.341000 
1.341300 
1.343500 
1.347200 
1.347500 
1.348000 
1.348700 
1.349000 
1.350000 
1.351200 
1.351800 
1.352100 
1.352400 
1.352500 
1.353400 
1.354900 
1.354900 
1.355900 
1.358000 
1.358700 
1.358900 
1.359700 
1.360200 
1.362000 
1.362200 
1.363500 
1.363700 
1.363800 
1.364200 
1.366000 
1.366300 
1.366800 
1.367400 
1.368800 
1.369400 
1.369600 
1.370400 
1.374600 
1.375800 
1.376200 
1.376500 
1.376600 
1.377000 
1.378000 
1.378500 
1.381100 
1.381400 
1.381500 
1.381500 
1.382500 
1.383500 
1.385500 
1.387800 
1.388200 
1.388200 
1.389300 
1.389700 
1.390300 
1.391100 
1.391400 
1.392700 
1.393800 
1.395000 
1.395700 
1.395700 
1.397300 
1.398000 
1.398900 
1.401200 
1.403200 
1.403800 
1.404500 
1.404700 
1.405000 
1.405300 
1.411100 
1.411600 
1.414000 
1.414600 
1.414800 
1.417500 
1.419000 
1.419600 
1.419900 
1.420400 
1.421600 
1.424300 
1.424400 
1.424500 
1.424500 
1.424900 
1.425100 
1.425700 
1.428000 
1.428600 
1.428800 
1.429200 
1.429900 
1.432300 
1.433400 
1.434200 
1.435300 
1.436100 
1.436200 
1.437800 
1.438100 
1.438600 
1.440900 
1.442200 
1.442800 
1.445800 
1.446800 
1.447000 
1.447300 
1.447400 
1.447900 
1.452600 
1.453300 
1.453700 
1.455300 
1.455700 
1.456200 
1.458300 
1.460500 
1.460800 
1.463200 
1.463400 
1.463600 
1.464700 
1.465700 
1.466200 
1.467700 
1.468200 
1.469200 
1.470800 
1.472800 
1.473300 
1.475200 
1.479900 
1.480600 
1.481000 
1.481800 
1.483100 
1.483100 
1.483400 
1.483600 
1.484500 
1.485200 
1.487000 
1.487400 
1.489100 
1.489400 
1.489500 
1.490400 
1.490800 
1.492900 
1.494100 
1.495300 
1.495400 
1.496000 
1.498400 
1.498900 
1.499300 
1.502000 
1.503500 
1.503600 
1.504700 
1.504900 
1.505800 
1.507200 
1.507300 
1.507300 
1.509200 
1.510300 
1.510500 
1.510800 
1.510800 
1.512000 
1.512400 
1.512900 
1.513200 
1.514400 
1.514500 
1.514900 
1.515400 
1.515400 
1.516300 
1.516300 
1.517000 
1.517400 
1.517900 
1.518100 
1.519600 
1.520000 
1.521200 
1.521600 
1.521800 
1.523800 
1.524700 
1.526900 
1.528200 
1.529100 
1.529200 
1.530400 
1.530400 
1.530700 
1.531400 
1.531800 
1.534300 
1.534300 
1.535300 
1.535500 
1.536500 
1.536900 
1.538700 
1.538800 
1.539200 
1.539200 
1.539700 
1.539700 
1.540800 
1.541000 
1.541000 
1.541900 
1.542200 
1.543100 
1.544300 
1.544800 
1.545400 
1.545500 
1.545700 
1.545800 
1.546900 
1.547000 
1.549000 
1.549900 
1.550300 
1.550600 
1.551500 
1.552600 
1.558400 
1.559200 
1.560800 
1.561100 
1.562900 
1.564300 
1.566300 
1.566900 
1.567800 
1.568400 
1.570300 
1.571000 
1.571300 
1.571600 
1.571700 
1.573000 
1.573200 
1.573700 
1.574000 
1.575500 
1.576700 
1.577300 
1.578000 
1.578000 
1.578400 
1.580300 
1.581100 
1.581200 
1.581300 
1.581300 
1.582800 
1.583700 
1.584100 
1.584100 
1.584300 
1.585200 
1.586000 
1.586500 
1.587100 
1.590100 
1.590300 
1.590400 
1.590600 
1.591200 
1.591300 
1.593400 
1.593700 
1.595100 
1.598700 
1.598900 
1.598900 
1.600400 
1.600500 
1.600700 
1.600900 
1.601800 
1.604400 
1.605100 
1.605100 
1.605500 
1.605600 
1.606700 
1.607400 
1.607500 
1.607900 
1.610600 
1.611100 
1.611500 
1.614900 
1.615500 
1.616200 
1.619300 
1.621900 
1.622600 
1.622600 
1.623500 
1.623500 
1.624800 
1.625600 
1.625700 
1.627100 
1.630300 
1.630400 
1.630800 
1.631800 
1.632200 
1.632200 
1.632800 
1.633100 
1.635400 
1.635500 
1.635500 
1.637100 
1.637200 
1.637200 
1.637500 
1.639900 
1.641500 
1.644300 
1.647200 
1.647300 
1.649000 
1.650000 
1.650200 
1.651000 
1.651100 
1.651300 
1.652600 
1.653200 
1.653400 
1.654500 
1.655000 
1.658100 
1.659200 
1.662200 
1.662300 
1.663400 
1.664500 
1.664700 
1.664800 
1.667500 
1.670900 
1.672300 
1.672400 
1.673100 
1.673300 
1.675000 
1.675800 
1.676300 
1.676600 
1.679100 
1.679300 
1.680200 
1.680500 
1.680600 
1.684900 
1.685200 
1.685600 
1.687000 
1.687300 
1.687500 
1.688100 
1.690000 
1.690300 
1.690600 
1.691500 
1.691900 
1.692500 
1.693300 
1.694200 
1.694400 
1.695200 
1.696100 
1.696300 
1.696800 
1.696800 
1.697800 
1.698500 
1.699900 
1.700800 
1.701700 
1.704500 
1.705600 
1.706700 
1.708600 
1.709700 
1.711000 
1.712000 
1.713200 
1.716400 
1.716800 
1.720100 
1.722200 
1.724600 
1.726100 
1.726100 
1.726900 
1.727100 
1.727800 
1.728000 
1.728600 
1.729300 
1.730000 
1.730500 
1.732400 
1.733900 
1.735700 
1.736400 
1.736600 
1.739400 
1.739900 
1.741600 
1.741800 
1.742300 
1.743000 
1.743200 
1.745100 
1.747800 
1.748900 
1.749300 
1.752200 
1.752400 
1.752500 
1.752500 
1.752500 
1.758700 
1.758900 
1.760300 
1.760600 
1.761900 
1.763100 
1.763200 
1.763400 
1.763700 
1.765100 
1.765900 
1.766200 
1.769000 
1.769900 
1.770200 
1.771300 
1.775700 
1.775900 
1.777000 
1.779700 
1.780200 
1.780400 
1.780500 
1.784300 
1.786400 
1.787000 
1.788500 
1.790600 
1.790800 
1.795400 
1.796700 
1.797500 
1.797900 
1.798600 
1.799400 
1.800200 
1.800400 
1.800500 
1.800600 
1.800900 
1.801400 
1.802400 
1.805800 
1.806100 
1.806900 
1.808200 
1.808300 
1.808900 
1.810600 
1.810900 
1.811500 
1.811600 
1.811800 
1.812600 
1.814700 
1.815000 
1.815300 
1.815300 
1.815500 
1.815900 
1.816400 
1.816800 
1.819300 
1.821100 
1.822600 
1.823200 
1.824700 
1.825000 
1.825200 
1.825700 
1.826000 
1.826400 
1.826700 
1.826700 
1.827600 
1.830300 
1.830700 
1.830900 
1.831800 
1.831800 
1.834300 
1.838200 
1.839300 
1.839600 
1.840100 
1.841500 
1.843200 
1.844100 
1.844800 
1.845800 
1.846100 
1.846200 
1.846600 
1.846800 
1.847100 
1.848400 
1.849500 
1.849800 
1.850800 
1.851200 
1.853500 
1.855000 
1.856000 
1.857500 
1.858600 
1.858900 
1.859100 
1.859800 
1.862000 
1.862800 
1.863200 
1.863500 
1.866100 
1.867200 
1.868500 
1.868600 
1.869800 
1.870300 
1.871300 
1.871900 
1.872200 
1.872900 
1.873000 
1.873900 
1.874500 
1.874500 
1.875100 
1.876400 
1.876700 
1.878300 
1.879300 
1.879500 
1.880600 
1.882600 
1.883200 
1.883500 
1.883800 
1.884000 
1.885100 
1.886500 
1.887100 
1.887600 
1.887700 
1.888200 
1.888300 
1.888400 
1.888500 
1.888900 
1.890900 
1.894500 
1.894900 
1.895600 
1.895600 
1.896000 
1.897700 
1.899200 
1.899500 
1.899800 
1.901300 
1.902300 
1.902500 
1.902800 
1.903800 
1.904000 
1.904400 
1.904600 
1.905300 
1.905800 
1.906400 
1.907200 
1.909000 
1.910700 
1.911600 
1.912700 
1.914300 
1.914500 
1.915300 
1.917100 
1.917700 
1.919200 
1.920100 
1.920300 
1.921300 
1.923400 
1.923800 
1.928800 
1.929400 
1.929700 
1.929900 
1.931200 
1.931400 
1.932600 
1.933300 
1.934200 
1.934300 
1.934300 
1.935200 
1.938000 
1.942100 
1.942700 
1.943200 
1.944300 
1.946700 
1.948200 
1.949200 
1.950600 
1.951300 
1.953400 
1.956200 
1.957000 
1.957100 
1.957600 
1.958000 
1.960000 
1.960000 
1.961200 
1.962400 
1.962400 
1.963200 
1.963400 
1.964200 
1.966200 
1.966900 
1.967000 
1.967900 
1.969100 
1.971600 
1.972300 
1.972700 
1.973500 
1.974500 
1.975600 
1.975900 
1.976200 
1.976700 
1.977400 
1.979000 
1.980800 
1.980800 
1.981900 
1.982000 
1.982100 
1.982500 
1.983700 
1.986100 
1.986200 
1.987000 
1.987100 
1.988500 
1.988900 
1.988900 
1.990100 
1.991800 
1.992300 
1.992700 
1.992800 
1.994800 
1.995300 
1.995900 
1.997400 
1.998000 
1.998700 
2.000100 
2.001200 
2.001300 
2.001800 
2.001900 
2.003000 
2.003500 
2.004200 
2.004400 
2.004600 
2.005300 
2.006400 
2.009900 
2.011400 
2.011700 
2.011700 
2.012200 
2.015200 
2.015200 
2.017900 
2.020500 
2.021400 
2.021600 
2.022000 
2.022400 
2.022700 
2.023800 
2.024000 
2.026500 
2.028000 
2.029300 
2.031100 
2.031400 
2.031600 
2.032900 
2.034000 
2.034700 
2.036300 
2.036400 
2.036600 
2.038800 
2.039500 
2.039900 
2.042600 
2.043000 
2.043500 
2.044300 
2.044900 
2.045100 
2.045600 
2.047100 
2.049500 
2.051200 
2.051300 
2.051700 
2.052700 
2.053900 
2.054300 
2.054800 
2.054800 
2.055000 
2.055700 
2.055800 
2.058700 
2.059400 
2.059600 
2.059800 
2.060100 
2.060100 
2.060900 
2.062400 
2.064100 
2.064200 
2.064800 
2.066600 
2.066800 
2.066800 
2.067200 
2.067600 
2.068100 
2.069900 
2.070300 
2.070600 
2.071800 
2.072000 
2.072100 
2.072700 
2.075400 
2.076300 
2.077200 
2.078100 
2.081800 
2.082000 
2.082100 
2.082100 
2.082600 
2.084900 
2.085400 
2.085500 
2.089300 
2.090400 
2.091700 
2.093600 
2.094500 
2.095400 
2.096200 
2.096700 
2.097000 
2.099000 
2.100600 
2.100900 
2.102700 
2.107900 
2.109200 
2.110100 
2.111200 
2.112200 
2.113000 
2.114200 
2.114900 
2.121700 
2.122900 
2.123500 
2.125400 
2.125700 
2.127200 
2.127400 
2.129100 
2.129100 
2.129700 
2.130100 
2.130900 
2.132400 
2.133400 
2.134700 
2.135700 
2.136300 
2.136400 
2.136800 
2.136800 
2.138700 
2.140200 
2.141500 
2.142400 
2.146500 
2.146900 
2.148100 
2.148900 
2.149200 
2.151400 
2.151400 
2.152500 
2.154100 
2.154900 
2.155600 
2.157400 
2.159300 
2.159500 
2.160500 
2.161200 
2.161700 
2.162000 
2.162500 
2.162900 
2.163300 
2.163600 
2.165200 
2.167400 
2.167700 
2.170900 
2.171300 
2.171700 
2.172000 
2.172100 
2.173500 
2.174500 
2.176000 
2.177900 
2.178400 
2.178900 
2.180300 
2.182100 
2.182300 
2.183200 
2.183500 
2.184300 
2.185000 
2.185600 
2.187600 
2.189600 
2.190000 
2.190500 
2.190800 
2.191100 
2.194800 
2.196600 
2.197000 
2.199700 
2.199800 
2.200700 
2.200900 
2.201200 
2.201500 
2.203600 
2.207200 
2.208200 
2.208800 
2.208900 
2.209000 
2.209600 
2.209600 
2.210000 
2.210200 
2.210200 
2.210600 
2.211900 
2.212300 
2.212800 
2.213700 
2.217200 
2.217700 
2.220000 
2.220700 
2.221200 
2.223500 
2.224100 
2.224300 
2.225800 
2.228300 
2.228800 
2.231500 
2.233200 
2.235200 
2.236000 
2.236600 
2.237600 
2.239300 
2.241500 
2.245100 
2.247400 
2.247700 
2.247800 
2.248100 
2.250800 
2.250800 
2.250900 
2.251100 
2.251500 
2.251800 
2.253300 
2.253800 
2.254000 
2.254200 
2.255600 
2.256600 
2.257600 
2.257800 
2.258700 
2.258900 
2.259700 
2.261400 
2.262100 
2.262700 
2.263500 
2.265900 
2.266600 
2.268000 
2.268500 
2.268800 
2.269000 
2.269000 
2.269300 
2.269300 
2.271300 
2.271600 
2.271900 
2.272400 
2.273300 
2.273500 
2.274200 
2.274700 
2.276400 
2.279700 
2.280400 
2.280700 
2.281000 
2.282100 
2.282300 
2.282400 
2.283700 
2.284900 
2.285600 
2.288500 
2.291900 
2.292300 
2.292800 
2.293000 
2.293600 
2.294000 
2.295900 
2.296700 
2.296700 
2.297200 
2.297400 
2.297900 
2.300000 
2.301100 
2.306100 
2.306500 
2.307200 
2.307300 
2.307700 
2.307800 
2.308300 
2.309000 
2.309500 
2.310700 
2.313600 
2.315600 
2.316200 
2.318000 
2.318600 
2.318700 
2.318800 
2.322700 
2.324100 
2.325100 
2.326100 
2.326300 
2.326500 
2.327100 
2.327300 
2.328400 
2.329400 
2.329700 
2.329900 
2.330100 
2.330800 
2.331800 
2.331900 
2.331900 
2.332200 
2.333100 
2.334500 
2.336000 
2.338800 
2.339000 
2.339500 
2.339900 
2.339900 
2.340600 
2.341900 
2.341900 
2.343000 
2.343500 
2.344200 
2.344500 
2.345300 
2.348000 
2.348100 
2.348200 
2.348600 
2.348600 
2.349600 
2.349700 
2.351000 
2.352300 
2.352500 
2.353100 
2.353300 
2.354100 
2.354100 
2.354900 
2.356100 
2.356100 
2.358300 
2.360300 
2.362200 
2.362500 
2.362600 
2.364100 
2.365400 
2.366800 
2.367200 
2.367300 
2.367500 
2.368500 
2.368700 
2.369000 
2.369400 
2.370800 
2.370900 
2.371300 
2.372400 
2.373700 
2.375100 
2.375700 
2.375900 
2.377600 
2.378400 
2.379000 
2.379600 
2.380900 
2.381000 
2.381100 
2.384800 
2.386800 
2.387900 
2.390100 
2.390400 
2.391000 
2.391800 
2.391800 
2.392300 
2.396000 
2.397100 
2.400000 
2.400700 
2.401100 
2.401100 
2.403400 
2.404100 
2.404200 
2.406800 
2.407500 
2.407800 
2.408600 
2.411800 
2.412000 
2.414800 
2.415300 
2.417100 
2.419400 
2.421500 
2.421500 
2.423000 
2.423200 
2.424400 
2.424600 
2.424800 
2.425100 
2.425300 
2.426800 
2.428500 
2.428800 
2.429100 
2.430200 
2.433300 
2.433300 
2.433500 
2.433800 
2.435200 
2.436300 
2.436800 
2.437100 
2.438200 
2.439100 
2.439800 
2.440900 
2.441300 
2.441400 
2.445400 
2.447000 
2.447400 
2.447600 
2.447600 
2.448300 
2.450300 
2.450400 
2.451600 
2.452200 
2.452500 
2.452600 
2.454200 
2.454700 
2.455500 
2.456100 
2.456300 
2.456400 
2.457100 
2.457400 
2.461400 
2.461600 
2.466800 
2.469300 
2.470500 
2.471100 
2.471500 
2.472800 
2.474100 
2.476000 
2.477000 
2.477200 
2.477200 
2.477400 
2.477900 
2.478500 
2.480000 
2.480600 
2.481100 
2.482100 
2.484700 
2.485600 
2.485900 
2.487300 
2.487500 
2.487900 
2.488000 
2.488200 
2.489700 
2.490200 
2.490300 
2.490800 
2.491300 
2.491900 
2.492500 
2.493200 
2.494000 
2.494200 
2.494600 
2.495400 
2.495700 
2.496000 
2.497600 
2.497800 
2.498400 
2.498600 
2.499700 
2.499800 
2.500100 
2.500600 
2.501000 
2.501200 
2.501300 
2.501400 
2.501900 
2.502500 
2.503900 
2.504000 
2.505100 
2.505400 
2.505700 
2.505800 
2.505900 
2.506200 
2.506600 
2.507200 
2.507200 
2.507600 
2.508200 
2.509300 
2.510900 
2.511500 
2.511700 
2.512700 
2.513600 
2.513900 
2.514000 
2.514700 
2.514900 
2.515400 
2.517200 
2.517600 
2.518500 
2.518800 
2.519100 
2.520500 
2.524300 
2.524500 
2.527500 
2.529800 
2.531100 
2.531700 
2.533500 
2.534200 
2.534700 
2.535800 
2.536200 
2.536600 
2.540100 
2.540900 
2.541800 
2.541800 
2.544300 
2.544300 
2.544800 
2.545100 
2.545300 
2.545500 
2.546200 
2.547400 
2.550300 
2.550500 
2.551500 
2.553600 
2.554600 
2.555100 
2.556600 
2.557100 
2.558600 
2.559400 
2.559600 
2.559600 
2.559900 
2.560300 
2.562800 
2.563800 
2.564100 
2.564200 
2.566300 
2.566700 
2.567200 
2.568000 
2.568700 
2.568900 
2.569300 
2.569500 
2.571300 
2.572600 
2.574400 
2.575200 
2.575900 
2.580700 
2.580800 
2.581300 
2.582100 
2.582500 
2.582500 
2.582800 
2.583300 
2.583700 
2.586000 
2.587700 
2.588100 
2.588400 
2.588800 
2.589500 
2.590300 
2.591600 
2.592100 
2.592100 
2.592600 
2.592600 
2.595100 
2.596100 
2.596600 
2.598300 
2.598900 
2.602100 
2.602400 
2.602600 
2.605600 
2.606900 
2.607800 
2.610900 
2.612400 
2.613500 
2.614200 
2.614500 
2.614600 
2.616800 
2.616800 
2.616800 
2.619400 
2.621300 
2.621700 
2.622700 
2.622900 
2.622900 
2.623400 
2.626700 
2.627000 
2.627300 
2.628100 
2.628600 
2.629100 
2.630000 
2.630600 
2.631600 
2.631700 
2.632400 
2.632400 
2.635400 
2.635700 
2.636900 
2.638000 
2.638600 
2.639800 
2.642500 
2.643000 
2.644200 
2.644900 
2.645100 
2.645600 
2.647400 
2.647700 
2.649200 
2.649600 
2.650000 
2.650200 
2.652600 
2.653700 
2.657900 
2.658300 
2.659400 
2.659600 
2.659900 
2.660000 
2.661100 
2.661500 
2.662400 
2.662800 
2.663200 
2.666000 
2.668000 
2.668500 
2.669200 
2.669600 
2.670000 
2.670500 
2.672000 
2.672100 
2.674000 
2.674100 
2.674400 
2.675200 
2.677100 
2.677300 
2.678200 
2.678300 
2.679900 
2.680300 
2.680300 
2.681700 
2.683100 
2.683300 
2.683400 
2.683500 
2.683800 
2.683900 
2.683900 
2.685100 
2.686000 
2.687000 
2.687300 
2.688600 
2.688900 
2.689300 
2.689500 
2.690000 
2.690700 
2.690900 
2.691500 
2.691700 
2.691900 
2.692900 
2.693000 
2.693200 
2.694000 
2.694300 
2.694700 
2.694900 
2.695000 
2.696900 
2.697100 
2.698600 
2.699300 
2.700300 
2.701200 
2.701900 
2.703600 
2.704000 
2.704100 
2.705500 
2.706700 
2.707500 
2.707800 
2.709700 
2.711400 
2.711500 
2.712300 
2.712300 
2.713200 
2.714700 
2.715300 
2.715600 
2.719600 
2.719600 
2.721200 
2.722700 
2.722800 
2.723600 
2.723600 
2.725000 
2.725300 
2.725900 
2.726800 
2.727600 
2.728900 
2.729200 
2.729800 
2.730600 
2.731100 
2.734800 
2.736800 
2.736900 
2.737000 
2.737100 
2.737400 
2.738100 
2.738400 
2.738500 
2.738800 
2.739900 
2.739900 
2.741000 
2.744100 
2.744400 
2.745800 
2.748600 
2.751200 
2.752300 
2.753000 
2.754500 
2.757400 
2.757600 
2.757900 
2.759300 
2.759600 
2.760400 
2.762400 
2.762800 
2.762900 
2.764100 
2.766200 
2.767300 
2.768600 
2.768800 
2.771800 
2.772100 
2.772800 
2.774900 
2.775900 
2.778200 
2.778600 
2.780900 
2.782200 
2.782500 
2.783300 
2.783300 
2.783800 
2.784100 
2.784600 
2.786400 
2.786900 
2.787600 
2.790200 
2.790600 
2.792800 
2.793200 
2.794200 
2.794200 
2.794900 
2.795600 
2.796100 
2.796900 
2.797900 
2.798000 
2.798500 
2.799700 
2.803400 
2.806400 
2.806600 
2.806700 
2.807200 
2.808200 
2.810400 
2.811200 
2.811300 
2.814600 
2.815700 
2.816300 
2.817000 
2.817800 
2.818300 
2.818500 
2.818600 
2.819000 
2.819200 
2.820000 
2.820800 
2.821000 
2.821700 
2.821800 
2.822800 
2.823900 
2.824000 
2.825500 
2.826000 
2.827300 
2.828400 
2.828900 
2.830300 
2.830400 
2.830700 
2.833200 
2.833500 
2.834100 
2.834600 
2.835600 
2.836800 
2.836900 
2.837300 
2.837700 
2.837800 
2.838400 
2.838600 
2.840400 
2.840600 
2.841800 
2.843200 
2.844000 
2.844700 
2.844800 
2.846000 
2.846800 
2.847300 
2.848000 
2.848800 
2.850200 
2.850700 
2.852800 
2.855600 
2.856800 
2.856800 
2.859000 
2.859800 
2.860200 
2.863300 
2.863800 
2.863800 
2.864200 
2.865500 
2.865900 
2.867800 
2.870000 
2.870100 
2.871300 
2.871300 
2.871800 
2.872800 
2.872900 
2.873500 
2.873600 
2.874100 
2.874500 
2.874700 
2.875900 
2.876600 
2.876700 
2.879500 
2.880500 
2.881100 
2.885300 
2.886100 
2.886300 
2.887700 
2.888700 
2.888700 
2.893600 
2.894800 
2.896100 
2.896900 
2.898500 
2.898900 
2.901400 
2.901900 
2.902000 
2.902400 
2.902500 
2.905100 
2.906100 
2.908200 
2.908400 
2.910000 
2.911400 
2.914100 
2.914500 
2.914900 
2.915500 
2.915600 
2.916100 
2.916200 
2.918400 
2.918800 
2.919500 
2.920000 
2.921100 
2.921500 
2.921900 
2.925400 
2.927300 
2.927800 
2.931500 
2.932400 
2.933500 
2.933800 
2.935700 
2.936000 
2.936400 
2.936900 
2.937000 
2.938000 
2.938900 
2.939200 
2.939200 
2.941000 
2.941500 
2.941600 
2.944100 
2.944600 
2.948200 
2.948200 
2.948900 
2.949800 
2.951000 
2.953500 
2.953800 
2.954000 
2.955400 
2.956300 
2.957100 
2.958000 
2.958700 
2.959700 
2.960100 
2.960600 
2.960700 
2.963400 
2.965400 
2.965700 
2.965900 
2.966400 
2.966400 
2.967600 
2.969100 
2.971600 
2.971900 
2.972000 
2.972500 
2.973500 
2.974700 
2.975300 
2.975900 
2.976900 
2.978300 
2.978700 
2.980600 
2.981300 
2.982300 
2.982700 
2.983000 
2.984100 
2.985100 
2.988100 
2.989200 
2.993000 
2.994300 
2.996900 
