28 
12 
32 
23 
17 
24 
31 
0 
39 
51 
19 
10 
29 
37 
41 
40 
21 
44 
35 
33 
37 
17 
21 
32 
12 
39 
2 
31 
1 
30 
37 
9 
10 
41 
3 
44 
29 
14 
21 
8 
47 
3 
12 
32 
40 
44 
35 
52 
27 
17 
35 
41 
44 
6 
3 
35 
24 
7 
38 
37 
49 
23 
26 
16 
15 
26 
20 
2 
10 
23 
48 
12 
24 
51 
39 
20 
28 
37 
1 
19 
4 
46 
11 
10 
49 
39 
29 
6 
8 
1 
33 
37 
9 
39 
4 
47 
36 
31 
40 
23 
15 
32 
50 
45 
30 
24 
34 
40 
49 
1 
32 
47 
20 
21 
33 
51 
41 
11 
34 
49 
12 
51 
38 
36 
16 
33 
27 
37 
4 
33 
39 
11 
38 
52 
44 
26 
8 
36 
33 
35 
23 
44 
27 
24 
13 
33 
32 
29 
15 
26 
41 
36 
8 
17 
33 
1 
23 
8 
3 
21 
28 
48 
16 
37 
33 
13 
47 
11 
40 
7 
6 
15 
2 
39 
51 
49 
43 
32 
19 
28 
36 
27 
18 
32 
23 
52 
40 
37 
24 
8 
36 
49 
32 
17 
6 
8 
3 
37 
29 
36 
13 
31 
35 
44 
10 
15 
43 
35 
12 
49 
33 
20 
1 
48 
17 
39 
16 
21 
41 
44 
1 
32 
50 
47 
7 
39 
28 
0 
1 
30 
48 
24 
10 
21 
39 
30 
43 
31 
40 
12 
8 
52 
40 
44 
34 
3 
47 
31 
40 
27 
24 
12 
19 
7 
51 
41 
32 
30 
2 
37 
9 
27 
8 
10 
32 
52 
49 
49 
26 
19 
40 
46 
8 
20 
16 
33 
26 
46 
23 
41 
35 
29 
31 
43 
29 
40 
21 
23 
18 
37 
13 
40 
31 
44 
2 
