11 
44 
13 
54 
28 
46 
16 
55 
20 
10 
14 
23 
38 
35 
9 
3 
30 
25 
14 
48 
5 
46 
41 
18 
26 
7 
49 
38 
28 
2 
4 
19 
38 
27 
34 
52 
6 
45 
11 
42 
16 
49 
47 
26 
14 
33 
15 
51 
17 
11 
46 
25 
27 
31 
34 
44 
55 
51 
50 
52 
1 
53 
11 
46 
15 
25 
5 
0 
37 
34 
40 
6 
13 
41 
30 
0 
50 
25 
4 
6 
11 
26 
22 
12 
6 
9 
38 
28 
46 
26 
11 
44 
21 
31 
46 
38 
9 
25 
28 
17 
45 
43 
20 
9 
6 
30 
35 
49 
28 
47 
6 
46 
13 
18 
40 
16 
23 
30 
35 
51 
9 
36 
13 
41 
26 
46 
30 
34 
31 
20 
32 
46 
0 
50 
11 
15 
44 
51 
5 
4 
33 
45 
9 
35 
40 
37 
14 
43 
6 
52 
54 
32 
13 
1 
51 
17 
14 
30 
55 
6 
0 
41 
27 
16 
33 
22 
37 
4 
32 
46 
54 
18 
49 
34 
20 
37 
6 
54 
34 
11 
38 
9 
17 
3 
32 
45 
50 
15 
4 
14 
51 
17 
26 
18 
6 
32 
28 
5 
14 
38 
51 
13 
17 
43 
35 
32 
49 
10 
39 
7 
32 
10 
51 
13 
8 
50 
24 
11 
2 
14 
52 
30 
38 
13 
50 
26 
20 
39 
18 
9 
40 
25 
28 
47 
35 
32 
52 
14 
10 
50 
30 
33 
51 
0 
4 
21 
14 
11 
10 
6 
25 
8 
12 
37 
2 
15 
33 
11 
51 
14 
32 
6 
50 
54 
52 
0 
43 
9 
20 
21 
15 
40 
2 
13 
49 
39 
19 
16 
40 
4 
38 
37 
13 
49 
46 
30 
9 
17 
3 
36 
19 
12 
13 
26 
0 
5 
30 
14 
6 
20 
46 
23 
54 
9 
1 
28 
31 
2 
37 
1 
50 
53 
47 
23 
43 
47 
49 
39 
19 
21 
38 
23 
30 
26 
46 
10 
11 
16 
37 
0 
9 
4 
46 
18 
38 
51 
19 
32 
39 
51 
13 
30 
12 
17 
20 
31 
1 
33 
21 
39 
11 
6 
49 
2 
44 
0 
35 
5 
36 
28 
50 
32 
41 
8 
40 
18 
46 
5 
43 
38 
3 
11 
39 
46 
47 
51 
30 
53 
37 
51 
38 
9 
36 
13 
22 
32 
6 
45 
14 
25 
17 
13 
4 
51 
34 
0 
50 
4 
25 
54 
8 
45 
42 
13 
18 
21 
39 
51 
15 
47 
3 
1 
51 
45 
29 
13 
54 
32 
40 
31 
37 
44 
29 
18 
1 
31 
27 
8 
43 
13 
36 
28 
16 
46 
53 
43 
22 
18 
33 
44 
10 
27 
51 
22 
29 
15 
3 
2 
47 
0 
46 
55 
50 
12 
13 
38 
52 
18 
15 
19 
5 
40 
50 
17 
0 
28 
19 
20 
34 
0 
38 
25 
52 
46 
40 
6 
49 
14 
2 
11 
54 
26 
9 
6 
12 
21 
32 
34 
4 
30 
10 
14 
35 
46 
23 
54 
50 
26 
9 
27 
5 
6 
0 
39 
18 
40 
36 
30 
44 
9 
15 
6 
0 
45 
7 
17 
54 
27 
37 
51 
18 
49 
39 
20 
13 
11 
14 
31 
24 
33 
0 
52 
38 
28 
39 
49 
10 
41 
26 
9 
22 
19 
6 
46 
25 
42 
38 
22 
27 
9 
15 
6 
49 
24 
1 
44 
5 
11 
0 
31 
4 
45 
36 
42 
34 
25 
41 
49 
24 
3 
39 
6 
45 
25 
48 
9 
33 
40 
25 
52 
11 
34 
32 
4 
14 
41 
18 
9 
38 
10 
37 
49 
53 
47 
5 
18 
39 
40 
32 
14 
28 
25 
8 
11 
37 
50 
33 
4 
49 
2 
15 
52 
11 
10 
28 
39 
27 
26 
4 
24 
42 
23 
9 
46 
34 
44 
51 
49 
27 
15 
10 
28 
51 
5 
11 
16 
48 
6 
47 
50 
34 
54 
7 
13 
44 
5 
37 
54 
12 
18 
7 
31 
23 
50 
28 
38 
14 
10 
46 
20 
11 
0 
44 
1 
32 
55 
26 
25 
13 
48 
21 
33 
