0.016800 
0.021700 
0.022800 
0.025800 
0.029500 
0.035100 
0.036800 
0.038100 
0.042800 
0.046900 
0.048400 
0.049700 
0.055400 
0.055700 
0.057900 
0.058200 
0.059100 
0.059300 
0.060900 
0.062100 
0.064100 
0.064600 
0.066100 
0.067500 
0.067600 
0.067700 
0.068700 
0.069500 
0.070500 
0.070900 
0.071300 
0.072300 
0.074100 
0.074600 
0.075700 
0.076900 
0.077300 
0.077500 
0.077600 
0.078200 
0.080100 
0.080800 
0.081700 
0.082200 
0.083100 
0.083400 
0.084000 
0.084100 
0.084500 
0.084900 
0.085000 
0.085900 
0.086000 
0.086200 
0.087400 
0.087600 
0.090900 
0.091500 
0.092400 
0.092500 
0.093100 
0.093600 
0.093700 
0.093900 
0.094900 
0.095000 
0.095300 
0.098900 
0.099400 
0.101100 
0.101900 
0.102900 
0.103300 
0.103800 
0.105400 
0.110300 
0.110500 
0.111500 
0.112400 
0.115300 
0.115500 
0.115900 
0.116100 
0.116700 
0.116700 
0.119900 
0.120000 
0.121800 
0.122200 
0.122400 
0.122600 
0.123100 
0.123500 
0.123700 
0.128000 
0.128400 
0.129400 
0.130700 
0.130700 
0.131100 
0.131700 
0.131700 
0.131700 
0.133400 
0.133900 
0.134300 
0.134900 
0.137100 
0.137300 
0.137900 
0.138800 
0.140300 
0.140900 
0.142000 
0.142300 
0.142600 
0.142800 
0.142900 
0.147000 
0.147400 
0.147500 
0.147500 
0.147800 
0.148600 
0.148800 
0.150000 
0.151000 
0.151500 
0.153000 
0.154400 
0.156200 
0.157000 
0.158500 
0.160100 
0.160700 
0.160700 
0.160900 
0.161600 
0.162000 
0.164400 
0.164600 
0.165000 
0.165600 
0.166100 
0.168100 
0.168300 
0.169000 
0.170000 
0.171300 
0.171500 
0.172900 
0.173500 
0.173600 
0.173600 
0.174300 
0.175300 
0.176500 
0.177300 
0.177700 
0.178000 
0.178700 
0.178800 
0.178900 
0.179400 
0.179400 
0.179500 
0.180100 
0.180900 
0.183100 
0.183500 
0.184300 
0.184400 
0.188600 
0.188700 
0.190000 
0.190800 
0.191900 
0.192400 
0.197800 
0.201300 
0.201700 
0.202000 
0.203600 
0.204100 
0.204700 
0.204700 
0.206000 
0.206300 
0.206500 
0.206600 
0.206800 
0.207100 
0.207300 
0.207600 
0.209400 
0.209600 
0.212200 
0.212400 
0.212400 
0.215200 
0.215500 
0.215700 
0.215800 
0.215800 
0.217300 
0.220600 
0.221100 
0.221100 
0.221200 
0.221300 
0.221400 
0.221400 
0.221700 
0.223800 
0.225300 
0.225300 
0.225900 
0.227100 
0.229400 
0.230000 
0.231500 
0.231800 
0.231800 
0.231900 
0.232900 
0.233000 
0.234000 
0.234400 
0.235800 
0.236700 
0.238700 
0.241400 
0.241500 
0.241800 
0.242800 
0.243200 
0.243500 
0.243500 
0.244700 
0.244800 
0.245000 
0.245000 
0.245900 
0.245900 
0.246600 
0.247000 
0.247700 
0.247800 
0.248100 
0.248400 
0.248800 
0.250600 
0.251100 
0.251700 
0.253100 
0.253100 
0.253900 
0.254100 
0.254600 
0.254700 
0.254900 
0.256900 
0.256900 
0.259200 
0.260000 
0.261400 
0.261600 
0.262000 
0.262300 
0.263600 
0.264000 
0.265600 
0.265700 
0.265800 
0.266700 
0.267500 
0.267700 
0.267700 
0.268000 
0.268600 
0.268900 
0.270300 
0.270800 
0.271500 
0.271900 
0.272400 
0.272800 
0.274400 
0.274400 
0.274700 
0.274800 
0.275200 
0.277000 
0.277600 
0.279200 
0.282900 
0.285100 
0.286600 
0.287000 
0.287400 
0.287900 
0.289700 
0.289900 
0.291100 
0.292200 
0.293000 
0.294200 
0.294800 
0.297100 
0.297700 
0.298000 
0.298000 
0.298200 
0.298600 
0.299000 
0.299100 
0.299200 
0.300200 
0.300600 
0.300900 
0.303100 
0.303600 
0.303800 
0.305600 
0.307300 
0.310100 
0.310800 
0.311400 
0.311600 
0.311700 
0.311800 
0.313000 
0.313300 
0.313600 
0.315300 
0.315500 
0.316000 
0.316800 
0.317800 
0.318600 
0.319600 
0.320700 
0.323100 
0.324400 
0.325000 
0.325100 
0.325300 
0.326900 
0.327200 
0.327200 
0.327400 
0.327700 
0.328100 
0.328600 
0.332000 
0.332200 
0.332500 
0.333300 
0.333300 
0.333300 
0.333900 
0.334500 
0.334600 
0.335900 
0.336000 
0.336200 
0.336700 
0.337300 
0.338700 
0.338700 
0.341500 
0.341900 
0.342000 
0.342300 
0.342800 
0.343000 
0.343800 
0.344300 
0.347400 
0.348100 
0.350100 
0.351300 
0.352800 
0.352800 
0.353100 
0.353100 
0.354000 
0.354400 
0.354500 
0.355100 
0.355700 
0.355700 
0.356100 
0.356200 
0.356800 
0.357200 
0.357400 
0.358900 
0.359000 
0.359200 
0.359400 
0.359700 
0.360200 
0.360600 
0.360700 
0.361400 
0.361900 
0.363300 
0.364600 
0.364600 
0.364900 
0.365400 
0.366000 
0.367600 
0.369200 
0.370100 
0.371800 
0.372300 
0.373500 
0.373600 
0.373800 
0.376200 
0.376700 
0.377200 
0.378500 
0.379200 
0.379700 
0.380100 
0.380600 
0.381000 
0.381100 
0.381500 
0.382400 
0.383600 
0.383600 
0.387900 
0.388400 
0.388900 
0.389300 
0.390300 
0.391600 
0.393900 
0.394700 
0.395800 
0.396300 
0.397700 
0.398200 
0.398900 
0.399800 
0.400500 
0.400700 
0.401200 
0.401300 
0.401400 
0.401500 
0.401700 
0.402100 
0.402600 
0.404700 
0.404800 
0.405600 
0.405900 
0.406600 
0.406800 
0.407300 
0.409000 
0.410000 
0.412100 
0.412100 
0.412400 
0.412400 
0.412400 
0.412900 
0.413100 
0.415000 
0.417400 
0.418200 
0.419600 
0.419600 
0.419800 
0.420600 
0.422300 
0.424300 
0.425000 
0.425300 
0.427100 
0.427400 
0.427600 
0.428200 
0.428900 
0.429100 
0.429600 
0.430900 
0.433000 
0.433200 
0.433800 
0.434900 
0.435400 
0.438000 
0.438000 
0.438900 
0.439200 
0.439900 
0.441000 
0.441200 
0.441400 
0.441500 
0.445100 
0.445600 
0.445900 
0.446000 
0.447100 
0.447900 
0.448600 
0.449300 
0.449800 
0.450200 
0.451400 
0.451900 
0.452500 
0.452700 
0.452800 
0.453000 
0.453300 
0.453400 
0.454300 
0.454700 
0.455300 
0.456600 
0.457100 
0.457800 
0.458000 
0.458700 
0.458900 
0.459300 
0.459800 
0.461100 
0.461900 
0.462300 
0.462900 
0.464700 
0.466700 
0.467000 
0.467700 
0.468200 
0.468300 
0.470600 
0.471000 
0.473500 
0.474700 
0.475800 
0.476000 
0.477000 
0.478200 
0.479700 
0.479800 
0.480800 
0.481200 
0.482600 
0.482600 
0.483400 
0.483500 
0.483800 
0.484300 
0.484300 
0.484400 
0.484400 
0.485600 
0.485600 
0.486600 
0.487100 
0.489300 
0.489800 
0.490900 
0.491500 
0.492500 
0.494900 
0.495200 
0.495500 
0.496400 
0.496600 
0.496600 
0.496700 
0.497400 
0.497500 
0.498400 
0.499300 
0.499600 
0.500600 
0.500800 
0.500800 
0.501100 
0.502100 
0.504700 
0.505100 
0.506600 
0.507200 
0.508600 
0.509900 
0.510700 
0.511100 
0.511500 
0.512100 
0.512400 
0.512800 
0.513000 
0.513200 
0.514200 
0.514400 
0.517300 
0.517400 
0.517600 
0.517900 
0.519300 
0.520800 
0.521000 
0.521900 
0.522200 
0.522400 
0.524600 
0.525600 
0.526600 
0.526800 
0.527600 
0.528700 
0.528900 
0.531600 
0.532100 
0.532800 
0.533000 
0.535000 
0.535300 
0.536400 
0.537400 
0.539200 
0.539500 
0.540700 
0.540900 
0.541500 
0.541600 
0.541800 
0.542500 
0.543100 
0.543400 
0.544500 
0.544800 
0.545000 
0.546200 
0.546700 
0.546700 
0.547000 
0.547000 
0.547800 
0.547900 
0.549800 
0.550000 
0.550600 
0.550700 
0.551100 
0.551600 
0.551800 
0.552200 
0.552500 
0.553300 
0.553400 
0.553900 
0.553900 
0.555300 
0.556000 
0.556200 
0.558600 
0.558700 
0.559000 
0.559600 
0.559800 
0.560400 
0.560800 
0.561300 
0.561900 
0.562400 
0.562800 
0.563200 
0.564000 
0.564100 
0.564700 
0.564900 
0.565500 
0.568300 
0.568400 
0.569000 
0.569600 
0.570100 
0.570500 
0.570800 
0.571100 
0.573200 
0.573500 
0.574800 
0.575000 
0.577100 
0.577200 
0.581100 
0.581500 
0.584500 
0.585800 
0.586300 
0.586500 
0.589600 
0.591700 
0.594300 
0.595700 
0.595900 
0.596400 
0.597600 
0.598700 
0.598800 
0.600900 
0.601400 
0.601700 
0.601800 
0.601900 
0.602400 
0.602500 
0.603000 
0.603700 
0.604400 
0.605300 
0.606900 
0.607100 
0.608100 
0.608800 
0.608800 
0.611500 
0.612700 
0.614100 
0.614500 
0.614500 
0.615000 
0.617200 
0.618000 
0.618000 
0.619400 
0.619600 
0.620000 
0.620400 
0.622000 
0.622200 
0.623200 
0.623300 
0.623600 
0.623800 
0.623800 
0.623900 
0.625000 
0.625300 
0.626700 
0.626700 
0.627200 
0.628700 
0.629300 
0.631700 
0.632300 
0.633400 
0.634400 
0.634900 
0.636200 
0.637400 
0.637900 
0.639600 
0.640000 
0.640500 
0.642200 
0.643600 
0.645100 
0.645200 
0.645900 
0.646100 
0.646200 
0.648500 
0.648600 
0.649000 
0.649000 
0.649200 
0.649900 
0.650000 
0.650200 
0.651100 
0.652700 
0.653400 
0.654200 
0.654400 
0.655300 
0.655700 
0.656100 
0.657200 
0.657300 
0.657500 
0.657600 
0.657900 
0.658600 
0.659100 
0.659600 
0.661000 
0.662300 
0.662500 
0.662500 
0.663200 
0.663300 
0.663900 
0.665500 
0.665800 
0.665900 
0.666600 
0.667600 
0.668100 
0.668900 
0.669500 
0.670500 
0.672600 
0.672600 
0.673400 
0.673600 
0.675300 
0.675300 
0.676200 
0.676700 
0.676800 
0.678100 
0.678400 
0.678900 
0.679500 
0.679500 
0.680400 
0.680500 
0.680900 
0.681000 
0.681000 
0.685900 
0.687300 
0.688000 
0.688300 
0.688400 
0.690100 
0.690500 
0.690900 
0.691200 
0.691800 
0.693500 
0.694100 
0.695300 
0.695300 
0.695500 
0.695900 
0.696500 
0.696900 
0.697300 
0.697700 
0.698800 
0.699200 
0.701800 
0.702500 
0.702900 
0.703700 
0.704800 
0.705900 
0.706600 
0.707600 
0.708400 
0.708900 
0.709100 
0.709400 
0.709500 
0.709500 
0.710200 
0.710400 
0.710900 
0.713200 
0.714400 
0.716300 
0.720500 
0.721000 
0.721200 
0.722700 
0.723700 
0.724000 
0.725200 
0.726000 
0.726300 
0.726700 
0.727000 
0.727700 
0.727900 
0.728700 
0.728800 
0.728900 
0.729400 
0.729400 
0.729400 
0.729900 
0.730500 
0.731800 
0.734300 
0.734800 
0.737600 
0.738100 
0.738500 
0.740500 
0.740900 
0.742200 
0.742500 
0.743300 
0.743400 
0.745400 
0.746100 
0.746300 
0.746600 
0.747200 
0.747200 
0.747200 
0.747300 
0.747300 
0.747600 
0.747600 
0.747800 
0.749700 
0.750300 
0.752600 
0.753000 
0.753100 
0.753200 
0.753400 
0.753900 
0.754500 
0.754800 
0.755000 
0.755000 
0.755900 
0.756000 
0.757800 
0.758400 
0.760300 
0.760500 
0.763000 
0.764400 
0.765400 
0.765400 
0.765800 
0.766900 
0.768500 
0.768500 
0.768900 
0.769000 
0.769100 
0.770500 
0.770800 
0.771400 
0.771700 
0.772000 
0.772500 
0.773800 
0.774900 
0.775500 
0.776200 
0.776400 
0.776900 
0.777000 
0.777300 
0.778600 
0.779600 
0.780300 
0.780800 
0.781700 
0.781700 
0.782700 
0.783000 
0.784800 
0.785500 
0.786500 
0.786600 
0.786700 
0.789200 
0.790500 
0.790800 
0.791700 
0.792500 
0.792800 
0.793800 
0.795100 
0.796200 
0.798100 
0.798800 
0.798900 
0.799000 
0.800500 
0.801600 
0.801800 
0.802200 
0.803100 
0.804200 
0.804300 
0.804800 
0.807600 
0.808400 
0.809900 
0.810400 
0.811400 
0.811600 
0.811700 
0.811800 
0.812000 
0.815000 
0.815200 
0.815800 
0.815800 
0.815900 
0.816600 
0.816800 
0.816800 
0.818600 
0.818700 
0.820000 
0.820400 
0.820500 
0.821000 
0.821100 
0.822000 
0.822800 
0.822900 
0.824500 
0.824600 
0.824900 
0.826800 
0.826900 
0.828000 
0.828700 
0.830100 
0.830400 
0.832700 
0.833600 
0.834100 
0.835400 
0.837200 
0.837400 
0.838500 
0.839000 
0.840300 
0.840700 
0.842000 
0.842100 
0.842500 
0.843300 
0.844500 
0.844900 
0.845100 
0.845900 
0.846100 
0.847000 
0.849500 
0.849500 
0.849800 
0.851100 
0.851500 
0.851500 
0.852200 
0.852400 
0.854500 
0.854900 
0.858200 
0.860300 
0.861800 
0.863900 
0.864800 
0.865700 
0.866800 
0.867100 
0.868900 
0.869100 
0.869900 
0.871600 
0.872400 
0.872600 
0.873500 
0.875300 
0.876100 
0.876200 
0.876400 
0.877300 
0.878100 
0.878100 
0.878500 
0.879000 
0.879200 
0.879600 
0.880000 
0.883300 
0.883300 
0.883600 
0.884000 
0.884800 
0.885200 
0.885600 
0.888000 
0.888600 
0.888900 
0.888900 
0.891700 
0.892600 
0.893400 
0.893800 
0.894100 
0.894400 
0.895900 
0.896900 
0.896900 
0.897400 
0.897700 
0.897800 
0.898400 
0.900300 
0.900300 
0.900400 
0.900400 
0.902200 
0.903600 
0.903800 
0.904700 
0.904800 
0.905500 
0.907400 
0.907700 
0.907800 
0.908200 
0.908700 
0.909100 
0.909400 
0.910400 
0.912100 
0.912200 
0.914200 
0.916200 
0.917300 
0.917500 
0.917600 
0.917800 
0.919000 
0.919500 
0.920900 
0.921100 
0.921700 
0.922000 
0.923100 
0.923600 
0.923800 
0.924500 
0.925100 
0.925300 
0.925600 
0.925700 
0.927400 
0.927400 
0.927500 
0.929100 
0.931300 
0.931600 
0.932300 
0.932700 
0.933700 
0.934000 
0.934100 
0.935300 
0.935500 
0.938900 
0.939300 
0.939800 
0.942400 
0.944300 
0.944400 
0.946700 
0.947500 
0.948800 
0.950100 
0.950500 
0.950600 
0.950700 
0.950700 
0.952900 
0.953000 
0.953400 
0.953600 
0.954000 
0.954300 
0.955900 
0.956000 
0.956500 
0.957100 
0.957700 
0.958400 
0.959800 
0.960600 
0.960800 
0.961800 
0.962600 
0.964400 
0.964900 
0.965100 
0.967700 
0.968800 
0.969100 
0.971500 
0.971700 
0.972700 
0.973500 
0.973500 
0.975200 
0.975500 
0.976000 
0.976100 
0.977000 
0.977100 
0.978000 
0.980300 
0.980800 
0.981700 
0.983400 
0.984200 
0.984300 
0.984400 
0.985800 
0.987200 
0.987600 
0.988200 
0.992000 
0.992200 
0.992300 
0.992500 
0.992600 
0.992900 
0.993000 
0.994800 
0.995000 
0.995700 
0.995800 
0.996300 
0.996700 
0.997400 
0.997500 
0.999800 
1.000700 
1.002700 
1.004100 
1.004300 
1.004500 
1.004900 
1.005000 
1.006000 
1.007500 
1.007800 
1.008200 
1.008900 
1.009200 
1.011600 
1.011600 
1.011600 
1.014500 
1.014700 
1.015000 
1.015500 
1.015600 
1.016300 
1.016500 
1.016900 
1.017300 
1.017400 
1.017400 
1.018700 
1.019500 
1.021200 
1.021700 
1.023300 
1.023700 
1.024200 
1.025300 
1.025600 
1.026700 
1.029400 
1.029700 
1.029800 
1.030100 
1.030400 
1.032100 
1.032300 
1.033700 
1.034200 
1.034300 
1.034700 
1.035100 
1.036200 
1.036200 
1.036200 
1.037000 
1.038100 
1.038800 
1.039800 
1.040300 
1.040700 
1.042300 
1.042700 
1.043400 
1.043500 
1.043600 
1.046200 
1.047100 
1.047400 
1.049800 
1.050800 
1.051700 
1.051800 
1.052000 
1.053000 
1.053000 
1.053600 
1.053900 
1.054300 
1.054400 
1.054500 
1.055900 
1.056300 
1.057400 
1.057600 
1.058400 
1.060000 
1.060300 
1.060700 
1.061200 
1.062600 
1.062600 
1.063000 
1.063700 
1.064200 
1.065000 
1.066900 
1.067100 
1.067700 
1.067900 
1.068200 
1.068800 
1.071200 
1.071400 
1.071800 
1.072700 
1.073300 
1.074500 
1.074700 
1.074900 
1.078200 
1.079800 
1.082500 
1.082600 
1.083500 
1.084200 
1.085600 
1.086000 
1.087300 
1.087500 
1.090800 
1.091100 
1.091200 
1.092000 
1.093600 
1.094200 
1.094300 
1.094300 
1.094400 
1.096700 
1.096900 
1.097400 
1.097900 
1.098400 
1.101600 
1.101700 
1.102300 
1.103000 
1.103200 
1.104200 
1.104200 
1.104300 
1.107200 
1.107400 
1.108700 
1.109600 
1.109800 
1.110900 
1.111400 
1.112700 
1.112900 
1.113500 
1.113700 
1.114400 
1.114800 
1.114900 
1.116000 
1.116500 
1.116600 
1.117200 
1.118200 
1.119200 
1.119300 
1.121200 
1.121500 
1.122600 
1.124700 
1.126000 
1.127000 
1.127700 
1.127800 
1.131000 
1.131000 
1.132800 
1.132800 
1.133600 
1.137500 
1.137700 
1.138100 
1.138800 
1.139000 
1.139100 
1.139600 
1.140600 
1.142600 
1.145100 
1.146400 
1.150900 
1.151700 
1.152400 
1.152400 
1.152900 
1.153000 
1.153800 
1.155700 
1.156000 
1.156500 
1.156700 
1.157100 
1.157800 
1.158000 
1.158100 
1.158500 
1.159200 
1.160300 
1.160500 
1.161500 
1.164400 
1.165600 
1.167700 
1.168500 
1.169000 
1.169200 
1.170400 
1.171500 
1.172400 
1.172700 
1.173300 
1.173400 
1.173700 
1.173900 
1.174900 
1.175000 
1.176200 
1.176800 
1.178100 
1.180200 
1.180400 
1.181900 
1.183600 
1.186700 
1.189000 
1.191200 
1.191500 
1.191900 
1.193700 
1.194000 
1.194100 
1.195200 
1.195700 
1.196100 
1.196300 
1.198300 
1.198400 
1.198500 
1.199400 
1.200200 
1.200600 
1.201100 
1.204000 
1.204300 
1.204400 
1.205800 
1.206600 
1.207000 
1.207100 
1.207200 
1.207300 
1.209300 
1.209900 
1.211700 
1.211800 
1.213700 
1.214100 
1.215300 
1.215700 
1.216200 
1.216300 
1.217400 
1.217400 
1.218300 
1.218900 
1.220000 
1.221500 
1.222800 
1.223300 
1.223300 
1.224300 
1.224400 
1.224700 
1.225600 
1.227900 
1.230600 
1.231000 
1.231300 
1.234100 
1.234600 
1.234800 
1.235000 
1.235500 
1.236400 
1.240100 
1.240900 
1.241700 
1.243000 
1.243400 
1.243700 
1.244400 
1.244400 
1.244800 
1.245600 
1.246000 
1.246600 
1.248300 
1.248300 
1.250600 
1.251000 
1.251600 
1.253600 
1.254000 
1.254500 
1.254600 
1.254800 
1.254900 
1.255600 
1.255700 
1.256100 
1.259300 
1.260600 
1.260700 
1.262600 
1.264300 
1.264700 
1.266700 
1.268300 
1.271000 
1.274300 
1.274400 
1.274700 
1.275200 
1.275300 
1.275400 
1.276100 
1.276800 
1.277200 
1.277900 
1.278700 
1.280400 
1.280800 
1.281400 
1.282500 
1.283300 
1.283300 
1.285600 
1.287200 
1.287400 
1.287500 
1.288500 
1.288800 
1.289000 
1.289300 
1.289400 
1.289700 
1.289800 
1.290300 
1.290900 
1.291400 
1.291900 
1.292800 
1.293400 
1.293500 
1.293700 
1.294500 
1.294600 
1.295100 
1.295500 
1.296900 
1.298100 
1.301100 
1.302400 
1.307300 
1.309000 
1.311700 
1.311700 
1.312200 
1.312500 
1.313800 
1.314400 
1.317000 
1.317500 
1.317800 
1.318200 
1.319500 
1.320600 
1.320800 
1.322400 
1.322800 
1.322900 
1.323400 
1.323500 
1.324400 
1.326300 
1.326900 
1.328100 
1.328800 
1.329200 
1.330100 
1.331400 
1.332800 
1.333600 
1.334400 
1.334600 
1.335000 
1.335100 
1.336100 
1.336800 
1.336900 
1.337500 
1.338200 
1.339400 
1.340000 
1.340700 
1.340800 
1.341700 
1.341800 
1.342400 
1.344000 
1.344300 
1.344500 
1.345200 
1.345400 
1.346200 
1.347800 
1.348500 
1.348800 
1.349500 
1.350400 
1.350800 
1.351100 
1.351800 
1.352300 
1.352700 
1.352900 
1.353200 
1.353200 
1.355000 
1.356500 
1.358300 
1.359000 
1.360100 
1.360600 
1.360900 
1.361400 
1.362000 
1.363900 
1.364500 
1.364800 
1.365900 
1.366400 
1.367700 
1.367800 
1.368300 
1.368400 
1.368400 
1.370700 
1.371100 
1.371300 
1.371700 
1.372800 
1.374300 
1.375300 
1.376000 
1.376300 
1.376600 
1.376800 
1.377100 
1.379600 
1.380300 
1.380600 
1.380600 
1.381600 
1.383500 
1.384000 
1.384600 
1.384800 
1.386200 
1.386500 
1.386700 
1.386800 
1.388700 
1.389300 
1.391700 
1.391700 
1.391800 
1.393900 
1.394400 
1.395700 
1.396000 
1.396100 
1.397900 
1.398300 
1.399800 
1.399900 
1.400300 
1.402600 
1.405300 
1.405500 
1.406600 
1.407800 
1.408900 
1.409300 
1.409700 
1.410300 
1.411400 
1.413000 
1.413400 
1.414600 
1.416300 
1.416400 
1.417500 
1.418000 
1.418100 
1.418200 
1.418500 
1.419500 
1.419700 
1.420700 
1.420700 
1.420700 
1.422600 
1.423400 
1.423400 
1.424000 
1.425200 
1.426500 
1.426700 
1.426900 
1.428200 
1.429300 
1.429700 
1.430300 
1.432000 
1.436700 
1.437400 
1.437400 
1.438400 
1.438600 
1.440800 
1.441100 
1.441100 
1.441300 
1.442600 
1.442700 
1.443300 
1.445400 
1.446200 
1.446500 
1.446900 
1.447300 
1.448700 
1.449700 
1.449900 
1.450800 
1.452400 
1.452700 
1.452800 
1.453900 
1.454400 
1.455400 
1.455600 
1.456600 
1.459300 
1.461400 
1.462900 
1.463300 
1.463500 
1.464600 
1.464700 
1.464700 
1.465000 
1.465700 
1.466900 
1.467900 
1.469200 
1.469400 
1.469800 
1.470500 
1.470700 
1.471100 
1.471600 
1.472200 
1.472200 
1.472700 
1.473000 
1.475800 
1.475900 
1.476300 
1.479000 
1.479100 
1.481600 
1.485900 
1.486200 
1.487100 
1.487400 
1.487400 
1.487500 
1.487900 
1.488300 
1.488500 
1.488800 
1.489700 
1.491600 
1.492400 
1.494200 
1.495400 
1.497700 
1.499700 
1.503100 
1.503300 
1.505100 
1.505300 
1.506600 
1.507600 
1.507700 
1.508200 
1.508900 
1.509700 
1.509800 
1.510100 
1.511400 
1.512600 
1.513000 
1.513300 
1.513600 
1.513800 
1.514000 
1.515000 
1.515700 
1.517400 
1.519500 
1.521700 
1.522500 
1.523300 
1.523600 
1.524200 
1.526000 
1.526200 
1.527900 
1.528600 
1.529800 
1.530200 
1.530900 
1.532500 
1.534700 
1.534900 
1.535400 
1.536800 
1.538100 
1.539000 
1.539200 
1.541800 
1.542100 
1.542600 
1.543100 
1.543300 
1.544100 
1.545500 
1.547800 
1.549800 
1.551100 
1.551100 
1.552000 
1.552200 
1.553800 
1.554500 
1.555800 
1.556700 
1.557400 
1.557700 
1.557800 
1.558600 
1.559100 
1.559300 
1.559500 
1.559500 
1.560600 
1.561300 
1.561600 
1.564200 
1.566000 
1.569500 
1.569700 
1.570100 
1.570200 
1.570300 
1.573600 
1.575200 
1.575400 
1.577100 
1.577100 
1.578000 
1.579000 
1.580400 
1.581000 
1.582500 
1.582500 
1.583100 
1.583800 
1.584900 
1.585300 
1.585700 
1.586400 
1.590000 
1.590900 
1.591000 
1.592000 
1.593100 
1.594700 
1.595600 
1.595600 
1.597200 
1.597400 
1.597500 
1.598400 
1.598900 
1.599500 
1.600700 
1.601600 
1.601700 
1.602900 
1.604800 
1.605300 
1.606800 
1.607300 
1.607400 
1.607500 
1.607700 
1.609000 
1.610000 
1.610600 
1.610900 
1.611000 
1.611600 
1.612000 
1.612000 
1.613100 
1.613800 
1.614200 
1.620400 
1.620500 
1.621400 
1.621800 
1.622300 
1.623100 
1.623700 
1.623900 
1.624500 
1.624600 
1.625600 
1.626300 
1.626900 
1.627300 
1.627800 
1.628900 
1.629100 
1.630300 
1.632600 
1.633100 
1.633700 
1.633900 
1.633900 
1.637300 
1.638500 
1.640400 
1.640800 
1.641700 
1.641900 
1.642400 
1.644300 
1.647400 
1.647600 
1.649800 
1.650200 
1.651100 
1.651500 
1.651900 
1.652800 
1.653300 
1.653900 
1.654000 
1.656400 
1.656600 
1.656900 
1.656900 
1.657300 
1.657700 
1.658100 
1.659700 
1.659800 
1.660000 
1.660500 
1.661300 
1.661900 
1.662500 
1.662600 
1.663000 
1.663000 
1.663700 
1.663800 
1.663800 
1.664100 
1.665100 
1.665400 
1.668400 
1.668600 
1.669200 
1.671700 
1.671700 
1.672700 
1.674300 
1.676300 
1.677000 
1.677100 
1.678600 
1.678600 
1.679800 
1.680200 
1.680800 
1.681600 
1.681900 
1.681900 
1.682100 
1.683000 
1.683600 
1.684200 
1.684300 
1.684700 
1.684800 
1.686000 
1.687200 
1.689100 
1.690300 
1.690300 
1.693100 
1.694000 
1.694800 
1.696100 
1.697900 
1.698300 
1.698400 
1.698900 
1.700200 
1.700200 
1.702600 
1.703900 
1.704600 
1.706800 
1.707200 
1.708300 
1.708700 
1.709300 
1.709500 
1.709500 
1.709800 
1.710100 
1.710500 
1.711000 
1.711500 
1.712300 
1.712900 
1.713200 
1.714000 
1.715100 
1.715300 
1.715500 
1.715600 
1.716100 
1.717900 
1.719700 
1.719800 
1.721600 
1.723300 
1.723400 
1.724900 
1.725700 
1.726500 
1.726900 
1.726900 
1.727800 
1.729800 
1.730700 
1.731600 
1.731800 
1.732100 
1.732200 
1.732600 
1.735600 
1.737300 
1.737600 
1.738100 
1.738400 
1.738800 
1.739800 
1.740400 
1.742000 
1.742300 
1.742500 
1.743900 
1.744000 
1.744400 
1.746700 
1.747600 
1.747700 
1.748300 
1.749300 
1.750500 
1.750700 
1.752600 
1.753300 
1.753300 
1.753700 
1.758000 
1.758800 
1.759500 
1.760200 
1.760300 
1.764700 
1.764800 
1.765900 
1.766400 
1.766700 
1.767000 
1.770100 
1.770800 
1.771200 
1.771300 
1.771400 
1.772200 
1.772500 
1.773300 
1.773800 
1.774500 
1.775200 
1.776600 
1.776900 
1.777200 
1.777400 
1.780200 
1.780300 
1.781000 
1.781200 
1.782100 
1.784600 
1.785300 
1.785900 
1.786400 
1.787900 
1.789500 
1.789500 
1.790500 
1.791000 
1.792700 
1.792800 
1.793400 
1.793500 
1.794600 
1.795600 
1.798000 
1.798100 
1.798200 
1.800000 
1.801200 
1.801600 
1.802300 
1.802600 
1.802700 
1.802900 
1.804100 
1.805700 
1.806100 
1.806800 
1.807500 
1.807700 
1.808600 
1.810800 
1.811400 
1.811500 
1.811600 
1.811800 
1.814600 
1.816100 
1.817400 
1.817700 
1.817800 
1.819700 
1.819800 
1.820800 
1.821200 
1.821600 
1.821800 
1.821800 
1.822000 
1.822300 
1.824000 
1.824100 
1.826300 
1.826500 
1.828100 
1.828600 
1.829000 
1.829800 
1.830300 
1.830300 
1.830900 
1.831300 
1.832000 
1.832600 
1.833000 
1.833400 
1.833900 
1.834400 
1.834400 
1.835500 
1.835900 
1.836200 
1.836400 
1.837800 
1.838900 
1.839500 
1.839900 
1.842400 
1.843400 
1.844500 
1.844900 
1.845300 
1.845500 
1.846200 
1.848300 
1.848800 
1.850200 
1.850400 
1.851500 
1.854000 
1.854300 
1.856000 
1.856400 
1.856700 
1.857800 
1.858200 
1.858400 
1.858900 
1.859100 
1.859500 
1.861400 
1.862000 
1.862200 
1.862800 
1.863100 
1.863500 
1.864500 
1.864900 
1.865500 
1.867100 
1.867100 
1.867600 
1.869600 
1.871300 
1.872000 
1.875200 
1.875400 
1.876200 
1.877400 
1.877600 
1.877900 
1.878100 
1.878600 
1.879100 
1.879500 
1.882700 
1.884700 
1.888400 
1.888400 
1.889800 
1.890400 
1.890400 
1.890500 
1.891500 
1.891700 
1.892200 
1.893000 
1.893500 
1.893500 
1.893800 
1.895700 
1.896600 
1.897000 
1.897500 
1.898000 
1.898200 
1.899200 
1.899700 
1.901200 
1.901400 
1.902900 
1.904000 
1.904600 
1.906200 
1.906400 
1.906400 
1.907800 
1.907900 
1.907900 
1.908400 
1.909100 
1.910000 
1.911000 
1.913300 
1.913600 
1.914700 
1.915400 
1.915700 
1.916700 
1.916900 
1.917800 
1.917900 
1.918100 
1.918500 
1.918700 
1.919300 
1.919300 
1.921800 
1.922400 
1.922700 
1.924200 
1.924300 
1.924900 
1.926100 
1.926200 
1.927200 
1.927300 
1.927600 
1.928500 
1.928600 
1.929300 
1.929900 
1.930900 
1.932900 
1.933500 
1.933500 
1.934000 
1.934200 
1.934200 
1.935300 
1.935800 
1.937900 
1.938600 
1.938800 
1.940700 
1.940800 
1.941400 
1.942400 
1.942500 
1.942900 
1.945600 
1.945700 
1.946900 
1.947700 
1.948400 
1.948600 
1.950800 
1.951400 
1.951800 
1.952400 
1.953500 
1.953700 
1.954100 
1.955200 
1.955900 
1.956200 
1.956800 
1.958100 
1.958300 
1.958900 
1.959500 
1.960100 
1.963000 
1.964500 
1.964800 
1.964800 
1.967700 
1.968300 
1.970100 
1.970300 
1.971100 
1.971500 
1.972200 
1.973900 
1.974100 
1.974700 
1.974700 
1.975200 
1.975300 
1.977400 
1.977900 
1.979800 
1.979900 
1.981000 
1.982000 
1.982200 
1.982400 
1.982700 
1.983500 
1.986600 
1.988100 
1.988600 
1.989300 
1.990900 
1.992300 
1.993600 
1.995000 
1.995300 
1.996500 
1.997000 
1.997300 
1.998700 
1.998900 
1.999200 
1.999500 
1.999500 
2.000200 
2.000500 
2.002400 
2.002500 
2.002700 
2.003900 
2.003900 
2.004100 
2.005900 
2.006100 
2.007000 
2.007200 
2.008700 
2.010100 
2.010700 
2.010900 
2.011300 
2.011900 
2.012500 
2.012600 
2.014000 
2.014500 
2.014600 
2.015000 
2.015700 
2.016300 
2.017900 
2.018200 
2.018300 
2.018400 
2.018400 
2.018700 
2.018800 
2.019000 
2.019200 
2.019800 
2.020200 
2.020600 
2.022200 
2.022500 
2.022900 
2.023100 
2.023200 
2.023400 
2.023900 
2.024000 
2.024100 
2.024600 
2.028300 
2.029800 
2.029900 
2.030200 
2.030300 
2.030600 
2.030600 
2.030700 
2.032200 
2.032300 
2.033000 
2.033100 
2.033700 
2.034200 
2.035100 
2.036300 
2.041000 
2.041200 
2.042600 
2.042600 
2.043100 
2.044300 
2.046700 
2.047500 
2.048500 
2.049100 
2.050000 
2.050100 
2.050300 
2.050400 
2.052000 
2.054100 
2.054300 
2.056200 
2.057300 
2.057500 
2.058300 
2.058900 
2.059100 
2.059400 
2.060400 
2.060500 
2.061300 
2.061700 
2.062800 
2.063300 
2.063300 
2.063400 
2.064200 
2.065400 
2.066000 
2.066900 
2.067000 
2.067600 
2.069700 
2.070400 
2.070700 
2.072200 
2.072300 
2.073200 
2.074400 
2.074400 
2.075200 
2.075600 
2.077100 
2.078800 
2.080300 
2.081000 
2.082000 
2.083300 
2.083500 
2.084800 
2.086200 
2.087500 
2.087900 
2.090600 
2.090900 
2.092900 
2.094300 
2.095800 
2.097000 
2.098600 
2.099000 
2.099200 
2.099700 
2.099700 
2.100100 
2.100400 
2.101000 
2.101300 
2.101400 
2.105000 
2.106000 
2.107800 
2.108100 
2.108500 
2.108800 
2.109400 
2.109600 
2.110400 
2.111700 
2.112100 
2.112500 
2.113200 
2.114500 
2.115100 
2.115600 
2.117400 
2.119500 
2.119700 
2.119800 
2.121000 
2.121000 
2.121300 
2.121500 
2.121900 
2.122300 
2.122400 
2.123100 
2.124000 
2.126700 
2.126700 
2.128300 
2.128600 
2.128700 
2.129700 
2.130700 
2.132200 
2.132200 
2.132600 
2.132600 
2.133800 
2.136400 
2.137500 
2.137900 
2.137900 
2.141000 
2.141900 
2.142700 
2.146100 
2.146100 
2.146200 
2.146300 
2.146400 
2.147600 
2.148900 
2.149200 
2.149200 
2.150000 
2.150300 
2.152000 
2.153800 
2.154400 
2.156300 
2.156300 
2.157900 
2.158400 
2.158400 
2.158700 
2.158800 
2.159100 
2.159500 
2.159700 
2.161200 
2.161800 
2.161800 
2.161900 
2.162100 
2.163500 
2.164700 
2.164800 
2.166200 
2.166200 
2.167800 
2.168300 
2.169300 
2.169900 
2.169900 
2.170200 
2.170700 
2.171900 
2.174300 
2.177500 
2.178500 
2.180000 
2.180300 
2.180800 
2.180900 
2.184200 
2.184400 
2.185000 
2.185100 
2.185200 
2.187200 
2.188200 
2.188500 
2.188600 
2.188700 
2.190000 
2.190200 
2.192300 
2.193200 
2.193800 
2.195000 
2.197100 
2.198600 
2.199900 
2.200100 
2.200200 
2.200500 
2.201800 
2.202700 
2.205300 
2.205600 
2.206700 
2.207600 
2.208300 
2.209600 
2.210800 
2.211600 
2.211900 
2.212000 
2.212000 
2.212000 
2.213300 
2.213300 
2.213400 
2.215200 
2.216200 
2.216200 
2.221300 
2.221300 
2.223100 
2.223100 
2.223600 
2.224000 
2.224000 
2.224900 
2.225700 
2.225900 
2.226200 
2.226200 
2.226300 
2.226500 
2.227000 
2.227100 
2.228300 
2.229200 
2.229600 
2.231300 
2.233700 
2.235200 
2.235300 
2.235500 
2.235700 
2.236000 
2.237100 
2.238600 
2.239000 
2.239600 
2.240800 
2.241500 
2.245300 
2.245500 
2.246000 
2.246700 
2.247200 
2.248100 
2.248900 
2.249800 
2.252400 
2.252600 
2.252900 
2.253100 
2.253700 
2.254500 
2.255100 
2.255200 
2.255800 
2.256000 
2.256200 
2.256600 
2.256700 
2.258200 
2.258400 
2.259800 
2.259800 
2.261500 
2.262700 
2.263100 
2.263700 
2.265400 
2.266000 
2.266500 
2.266700 
2.267200 
2.268000 
2.268800 
2.268900 
2.270500 
2.271000 
2.271600 
2.272100 
2.273000 
2.273000 
2.274100 
2.274600 
2.274700 
2.275000 
2.275500 
2.276600 
2.277100 
2.277400 
2.278700 
2.279000 
2.279800 
2.280000 
2.280400 
2.281700 
2.282800 
2.286400 
2.286600 
2.287100 
2.288600 
2.289400 
2.289500 
2.293700 
2.294000 
2.294700 
2.296200 
2.298500 
2.298500 
2.300400 
2.300500 
2.301600 
2.304100 
2.304200 
2.304500 
2.304800 
2.306400 
2.307900 
2.307900 
2.309500 
2.309600 
2.310000 
2.311400 
2.311400 
2.311900 
2.312000 
2.313400 
2.314000 
2.314400 
2.314800 
2.314900 
2.316000 
2.318400 
2.318600 
2.318600 
2.318700 
2.318700 
2.319300 
2.319600 
2.319600 
2.319900 
2.320500 
2.321400 
2.324000 
2.324000 
2.324100 
2.325000 
2.325400 
2.325600 
2.325700 
2.325900 
2.326800 
2.326900 
2.327100 
2.327800 
2.327900 
2.328500 
2.330100 
2.330500 
2.330600 
2.335200 
2.335300 
2.335600 
2.336300 
2.337000 
2.337000 
2.337100 
2.337700 
2.338300 
2.338800 
2.341300 
2.341400 
2.341500 
2.342300 
2.344000 
2.344900 
2.347800 
2.348200 
2.348200 
2.349200 
2.350300 
2.351600 
2.353900 
2.354400 
2.354400 
2.356400 
2.356600 
2.357300 
2.358200 
2.358800 
2.359600 
2.361000 
2.361400 
2.361700 
2.362300 
2.363800 
2.365000 
2.366300 
2.366500 
2.366700 
2.367900 
2.368800 
2.369100 
2.370300 
2.371800 
2.371900 
2.372400 
2.372700 
2.373000 
2.375600 
2.376500 
2.377200 
2.378100 
2.378700 
2.379200 
2.381700 
2.382100 
2.382900 
2.383300 
2.383300 
2.384900 
2.385000 
2.386500 
2.386800 
2.389000 
2.389300 
2.389500 
2.389900 
2.390200 
2.391000 
2.391000 
2.391000 
2.392100 
2.392900 
2.393600 
2.397500 
2.398500 
2.400500 
2.401000 
2.401300 
2.403500 
2.403800 
2.403900 
2.405800 
2.406200 
2.406900 
2.407500 
2.408800 
2.410300 
2.411800 
2.412600 
2.416600 
2.417100 
2.417500 
2.418400 
2.419000 
2.419100 
2.419500 
2.420000 
2.420400 
2.423200 
2.423500 
2.423700 
2.427000 
2.427000 
2.427100 
2.427900 
2.428900 
2.429500 
2.429500 
2.430000 
2.432600 
2.433100 
2.433400 
2.433800 
2.434200 
2.436000 
2.436900 
2.437000 
2.438400 
2.439300 
2.439900 
2.440700 
2.442200 
2.442500 
2.442800 
2.442800 
2.442900 
2.443800 
2.444700 
2.444900 
2.445900 
2.446700 
2.447500 
2.447800 
2.448100 
2.448200 
2.449800 
2.450000 
2.450000 
2.451400 
2.453700 
2.454400 
2.454600 
2.455700 
2.457600 
2.457700 
2.459700 
2.460100 
2.461500 
2.461800 
2.462000 
2.463100 
2.464800 
2.464800 
2.464800 
2.465300 
2.465600 
2.465700 
2.466800 
2.468000 
2.468200 
2.470200 
2.470400 
2.471200 
2.471500 
2.471500 
2.472000 
2.472500 
2.473900 
2.474000 
2.475700 
2.475800 
2.476900 
2.476900 
2.477000 
2.477500 
2.477700 
2.479700 
2.482100 
2.483100 
2.483600 
2.484500 
2.485400 
2.486200 
2.486600 
2.486800 
2.486900 
2.487000 
2.487300 
2.487400 
2.487500 
2.488100 
2.489700 
2.489900 
2.491000 
2.492200 
2.493600 
2.493900 
2.495400 
2.495900 
2.500000 
2.500000 
2.500000 
2.500500 
2.501800 
2.502000 
2.503900 
2.504800 
2.505500 
2.505800 
2.506100 
2.507700 
2.507900 
2.509200 
2.509300 
2.510200 
2.510400 
2.513700 
2.514000 
2.514600 
2.516300 
2.517200 
2.519400 
2.520000 
2.520100 
2.520600 
2.521300 
2.522100 
2.523200 
2.523900 
2.524500 
2.524900 
2.525100 
2.525200 
2.527000 
2.527300 
2.527300 
2.528400 
2.529500 
2.529500 
2.530200 
2.530400 
2.530600 
2.533100 
2.533100 
2.533800 
2.534400 
2.534800 
2.537000 
2.537300 
2.538100 
2.539600 
2.539900 
2.540000 
2.540000 
2.541100 
2.541700 
2.543200 
2.543600 
2.544000 
2.544000 
2.545900 
2.547500 
2.547700 
2.550400 
2.550600 
2.553100 
2.556700 
2.556700 
2.559500 
2.559800 
2.559900 
2.560300 
2.560300 
2.560900 
2.562000 
2.562600 
2.563700 
2.563800 
2.564000 
2.564200 
2.565100 
2.565100 
2.566300 
2.566700 
2.568000 
2.569400 
2.569500 
2.570300 
2.572000 
2.572400 
2.572600 
2.574900 
2.575600 
2.575600 
2.576500 
2.577000 
2.577000 
2.577400 
2.578000 
2.579500 
2.579800 
2.580100 
2.580700 
2.581400 
2.582700 
2.583200 
2.583200 
2.584100 
2.587700 
2.587800 
2.588500 
2.589000 
2.591100 
2.592200 
2.592400 
2.593300 
2.593600 
2.595500 
2.596400 
2.596700 
2.597100 
2.597200 
2.599200 
2.599600 
2.600400 
2.600500 
2.602500 
2.602800 
2.603000 
2.603200 
2.603400 
2.604700 
2.605000 
2.606300 
2.606500 
2.607100 
2.608000 
2.610900 
2.611000 
2.612500 
2.613100 
2.613600 
2.614200 
2.614400 
2.615100 
2.617600 
2.618600 
2.619200 
2.620700 
2.621300 
2.621400 
2.622300 
2.623100 
2.623900 
2.623900 
2.624100 
2.625900 
2.626800 
2.627400 
2.627600 
2.628300 
2.628300 
2.628700 
2.628800 
2.628800 
2.629100 
2.631100 
2.631800 
2.633200 
2.633400 
2.634400 
2.636200 
2.636500 
2.637400 
2.637400 
2.637600 
2.638800 
2.640100 
2.641100 
2.641700 
2.642800 
2.643000 
2.643900 
2.644900 
2.647000 
2.647600 
2.649200 
2.649500 
2.650300 
2.650800 
2.651700 
2.652600 
2.652800 
2.653700 
2.654200 
2.655600 
2.655600 
2.655800 
2.656000 
2.656300 
2.656400 
2.656800 
2.658500 
2.658800 
2.659300 
2.660600 
2.661800 
2.663100 
2.663300 
2.664600 
2.664700 
2.665200 
2.665300 
2.666900 
2.667900 
2.668800 
2.670700 
2.671000 
2.671300 
2.674700 
2.674700 
2.675200 
2.675200 
2.675400 
2.675800 
2.676300 
2.676400 
2.677300 
2.677800 
2.678500 
2.679700 
2.679800 
2.683800 
2.684300 
2.684500 
2.684700 
2.686400 
2.687100 
2.688700 
2.689500 
2.691300 
2.691400 
2.692100 
2.693000 
2.693400 
2.693900 
2.694200 
2.695400 
2.696500 
2.696900 
2.697800 
2.697900 
2.698800 
2.699300 
2.699400 
2.699700 
2.700400 
2.700500 
2.700700 
2.700800 
2.701400 
2.701400 
2.702300 
2.702500 
2.703700 
2.705000 
2.705200 
2.705700 
2.707200 
2.707300 
2.708200 
2.709400 
2.709700 
2.709800 
2.710500 
2.712600 
2.713200 
2.715000 
2.715100 
2.716100 
2.718900 
2.719300 
2.720700 
2.721400 
2.722800 
2.723600 
2.724800 
2.725700 
2.727400 
2.727600 
2.727700 
2.728200 
2.730600 
2.731000 
2.731200 
2.731200 
2.733800 
2.734000 
2.734100 
2.734200 
2.734400 
2.734800 
2.734900 
2.735000 
2.735200 
2.735500 
2.737000 
2.738300 
2.738500 
2.739400 
2.740800 
2.743500 
2.744500 
2.744800 
2.745000 
2.746900 
2.747100 
2.748600 
2.748800 
2.749800 
2.752300 
2.752300 
2.752600 
2.753100 
2.753300 
2.754200 
2.754900 
2.755100 
2.755400 
2.755500 
2.756300 
2.757700 
2.759000 
2.759300 
2.759900 
2.760900 
2.761200 
2.761300 
2.762000 
2.762300 
2.762400 
2.762700 
2.763100 
2.764200 
2.765400 
2.765900 
2.766000 
2.766400 
2.767600 
2.767800 
2.767900 
2.769700 
2.771600 
2.772500 
2.774100 
2.774100 
2.775600 
2.777000 
2.778800 
2.780600 
2.781200 
2.781500 
2.781600 
2.781800 
2.783600 
2.784700 
2.785100 
2.785300 
2.786100 
2.786700 
2.787800 
2.789300 
2.789700 
2.790700 
2.791900 
2.793800 
2.796100 
2.796300 
2.797100 
2.797200 
2.798100 
2.798700 
2.798900 
2.799000 
2.799100 
2.799700 
2.801400 
2.802700 
2.802800 
2.805400 
2.806200 
2.806700 
2.807400 
2.808100 
2.808100 
2.808700 
2.809300 
2.812400 
2.812500 
2.812600 
2.813800 
2.814300 
2.814300 
2.814800 
2.816600 
2.816600 
2.817200 
2.817500 
2.818600 
2.819000 
2.821000 
2.823700 
2.825300 
2.826800 
2.827500 
2.827700 
2.827800 
2.827900 
2.828500 
2.828600 
2.828700 
2.828900 
2.829100 
2.830100 
2.830400 
2.830700 
2.831500 
2.831700 
2.832400 
2.835000 
2.835700 
2.836000 
2.836900 
2.837400 
2.837400 
2.837600 
2.840600 
2.840900 
2.841500 
2.842900 
2.843300 
2.843900 
2.844700 
2.846400 
2.847000 
2.847000 
2.847600 
2.848000 
2.848400 
2.849200 
2.849600 
2.849600 
2.850100 
2.851000 
2.852600 
2.855300 
2.857200 
2.857300 
2.857500 
2.858300 
2.858600 
2.858700 
2.859500 
2.859900 
2.860100 
2.862200 
2.862300 
2.864300 
2.865200 
2.867900 
2.869400 
2.870100 
2.870300 
2.870400 
2.871300 
2.872900 
2.873100 
2.873100 
2.873600 
2.874600 
2.875300 
2.876400 
2.877200 
2.877600 
2.877900 
2.878100 
2.878400 
2.880000 
2.880300 
2.880800 
2.881800 
2.881800 
2.882000 
2.882300 
2.883300 
2.884000 
2.885500 
2.886100 
2.886400 
2.886400 
2.887500 
2.889000 
2.891100 
2.891400 
2.891600 
2.891600 
2.892500 
2.893500 
2.894700 
2.896500 
2.897400 
2.897600 
2.899200 
2.901400 
2.901700 
2.902600 
2.903400 
2.903600 
2.904400 
2.904800 
2.905000 
2.907000 
2.907400 
2.911200 
2.911700 
2.911900 
2.913500 
2.913500 
2.914200 
2.914800 
2.916400 
2.916700 
2.918300 
2.918500 
2.918600 
2.919600 
2.920400 
2.920500 
2.920700 
2.921300 
2.921500 
2.921700 
2.921800 
2.922800 
2.923100 
2.923600 
2.924000 
2.924500 
2.925000 
2.925900 
2.926000 
2.927600 
2.927800 
2.927800 
2.929300 
2.929500 
2.930400 
2.933500 
2.934100 
2.936700 
2.937500 
2.938200 
2.939200 
2.940300 
2.940900 
2.941600 
2.943800 
2.944600 
2.946000 
2.946900 
2.948600 
2.949500 
2.950000 
2.950200 
2.950600 
2.951300 
2.951600 
2.951700 
2.951700 
2.952400 
2.952700 
2.952800 
2.952900 
2.956500 
2.956700 
2.957200 
2.957600 
2.957700 
2.958700 
2.960400 
2.960500 
2.960700 
2.961400 
2.962200 
2.962800 
2.963800 
2.964900 
2.965500 
2.966700 
2.967400 
2.968500 
2.968700 
2.969700 
2.971300 
2.971600 
2.971600 
2.973000 
2.973400 
2.975000 
2.976000 
2.977000 
2.977500 
2.979400 
2.979900 
2.981200 
2.981600 
2.981700 
2.983900 
2.987500 
2.987700 
2.987700 
2.987900 
2.988900 
2.990300 
2.990400 
2.990600 
2.991500 
2.991800 
2.991900 
2.993500 
2.993500 
2.993600 
2.994300 
2.994900 
2.995900 
2.998200 
2.998300 
2.998400 
2.999500 
2.999600 
