0.030900 
0.031500 
0.059300 
0.061700 
0.066700 
0.067000 
0.077300 
0.077900 
0.085400 
0.085900 
0.086000 
0.088700 
0.089600 
0.091000 
0.096700 
0.104500 
0.105100 
0.109700 
0.115300 
0.118600 
0.125900 
0.141500 
0.151200 
0.162600 
0.164800 
0.171700 
0.180300 
0.183500 
0.186200 
0.187700 
0.189100 
0.192100 
0.194900 
0.206600 
0.207500 
0.207800 
0.208300 
0.209500 
0.210900 
0.215200 
0.216900 
0.228900 
0.235800 
0.236600 
0.251300 
0.252600 
0.252900 
0.256000 
0.259300 
0.260400 
0.261300 
0.261500 
0.270000 
0.272900 
0.273200 
0.276000 
0.290500 
0.291400 
0.297400 
0.298300 
0.301700 
0.302600 
0.306300 
0.312700 
0.322400 
0.323500 
0.325400 
0.333000 
0.336900 
0.340800 
0.346500 
0.349200 
0.350600 
0.367800 
0.376400 
0.377100 
0.379000 
0.379700 
0.383600 
0.384900 
0.386700 
0.389400 
0.409800 
0.410100 
0.412400 
0.412700 
0.419800 
0.425300 
0.436700 
0.437900 
0.444700 
0.451300 
0.451400 
0.460200 
0.460800 
0.462600 
0.484800 
0.485400 
0.489200 
0.492100 
0.492700 
0.493800 
0.495000 
0.500400 
0.500800 
0.506800 
0.507500 
0.508400 
0.509500 
0.510600 
0.514900 
0.526400 
0.533300 
0.535200 
0.546200 
0.549600 
0.549600 
0.554000 
0.572000 
0.573400 
0.584800 
0.585000 
0.585100 
0.585200 
0.590500 
0.596600 
0.598400 
0.602600 
0.612700 
0.614300 
0.614700 
0.619200 
0.623400 
0.624100 
0.634900 
0.635300 
0.639500 
0.641300 
0.643000 
0.646600 
0.646800 
0.649300 
0.652800 
0.660100 
0.664700 
0.672400 
0.676000 
0.686800 
0.695000 
0.695500 
0.696900 
0.703300 
0.707800 
0.711600 
0.718300 
0.724900 
0.725600 
0.726500 
0.728900 
0.742800 
0.747600 
0.750000 
0.751800 
0.753600 
0.753600 
0.766300 
0.770100 
0.771700 
0.778600 
0.780800 
0.784200 
0.787300 
0.806400 
0.808200 
0.809100 
0.812900 
0.816900 
0.820200 
0.839700 
0.839900 
0.840900 
0.842100 
0.843400 
0.847600 
0.848800 
0.853800 
0.863200 
0.867900 
0.868100 
0.870700 
0.880700 
0.883000 
0.886700 
0.888400 
0.898200 
0.899400 
0.916700 
0.918700 
0.933200 
0.933700 
0.940700 
0.943900 
0.944400 
0.946300 
0.950600 
0.955400 
0.969500 
0.978100 
0.981500 
0.991200 
0.992900 
1.000700 
1.015600 
1.016700 
1.019300 
1.026200 
1.031600 
1.047600 
1.049600 
1.050100 
1.054500 
1.056300 
1.058600 
1.060800 
1.072000 
1.072500 
1.074500 
1.079000 
1.088700 
1.123100 
1.133100 
1.135700 
1.138300 
1.143800 
1.148700 
1.149500 
1.150700 
1.154600 
1.157300 
1.164300 
1.165500 
1.179400 
1.180700 
1.184600 
1.193800 
1.193900 
1.206200 
1.208200 
1.211800 
1.211900 
1.231600 
1.231800 
1.232000 
1.232100 
1.234600 
1.238200 
1.239500 
1.243200 
1.249900 
1.252100 
1.256700 
1.259800 
1.262400 
1.278900 
1.280200 
1.285000 
1.286400 
1.286400 
1.294900 
1.298800 
1.304000 
1.305200 
1.313300 
1.314500 
1.317300 
1.323000 
1.324600 
1.325300 
1.328200 
1.334900 
1.352000 
1.358200 
1.361500 
1.368900 
1.372400 
1.373400 
1.376500 
1.397100 
1.399500 
1.402300 
1.404600 
1.405400 
1.409800 
1.417700 
1.426800 
1.427600 
1.432200 
1.439400 
1.442900 
1.447100 
1.451900 
1.452000 
1.452300 
1.453800 
1.458600 
1.460900 
1.466600 
1.473000 
1.485300 
1.487300 
1.501800 
1.505300 
1.510900 
1.515600 
1.518100 
1.519600 
1.520700 
1.524600 
1.527700 
1.528200 
1.530900 
1.535000 
1.537100 
1.543600 
1.546200 
1.546400 
1.554700 
1.556800 
1.559400 
1.559800 
1.563300 
1.568300 
1.570300 
1.593400 
1.594700 
1.595400 
1.597100 
1.611100 
1.617800 
1.621900 
1.623800 
1.632000 
1.639600 
1.644900 
1.649100 
1.664800 
1.672000 
1.675000 
1.678300 
1.686600 
1.688100 
1.691800 
1.693800 
1.695700 
1.701000 
1.701500 
1.702300 
1.702700 
1.706500 
1.709400 
1.712700 
1.720000 
1.721000 
1.726100 
1.730300 
1.735100 
1.741100 
1.745300 
1.753300 
1.756800 
1.761800 
1.762500 
1.764400 
1.767000 
1.770100 
1.770500 
1.776400 
1.779200 
1.781800 
1.785100 
1.786300 
1.787300 
1.792500 
1.801500 
1.802100 
1.808900 
1.809100 
1.811600 
1.821400 
1.828900 
1.831200 
1.836200 
1.840800 
1.841400 
1.859000 
1.859300 
1.859800 
1.861000 
1.862400 
1.866600 
1.868200 
1.872400 
1.873100 
1.879700 
1.887800 
1.889800 
1.899800 
1.908000 
1.908400 
1.909500 
1.910600 
1.917200 
1.931700 
1.933600 
1.934300 
1.940200 
1.945200 
1.948400 
1.955600 
1.956700 
1.972500 
1.973500 
1.978700 
1.990600 
1.993400 
1.996000 
2.004900 
2.012600 
2.014300 
2.015900 
2.016700 
2.029200 
2.033000 
2.035600 
2.038200 
2.050800 
2.051000 
2.063800 
2.067400 
2.072000 
2.074600 
2.076400 
2.078300 
2.081100 
2.088600 
2.095600 
2.096000 
2.097600 
2.103900 
2.108100 
2.110000 
2.111100 
2.116200 
2.139400 
2.139900 
2.146600 
2.151000 
2.155100 
2.156300 
2.166500 
2.170800 
2.173000 
2.176800 
2.180700 
2.189100 
2.189300 
2.194300 
2.194400 
2.199800 
2.202000 
2.210600 
2.210900 
2.211100 
2.213500 
2.214400 
2.218200 
2.218900 
2.219600 
2.221300 
2.225800 
2.226400 
2.246500 
2.250100 
2.250600 
2.252200 
2.265300 
2.273300 
2.281600 
2.287000 
2.287200 
2.287700 
2.290500 
2.299600 
2.308100 
2.310200 
2.311600 
2.315100 
2.317300 
2.317700 
2.320500 
2.333700 
2.335900 
2.341000 
2.348200 
2.348800 
2.350300 
2.351100 
2.355700 
2.356200 
2.356800 
2.357200 
2.361200 
2.362300 
2.364200 
2.366600 
2.369200 
2.371000 
2.381700 
2.383300 
2.387400 
2.389600 
2.395900 
2.400900 
2.402200 
2.404800 
2.415400 
2.417900 
2.421300 
2.423700 
2.427300 
2.428400 
2.432300 
2.432900 
2.435500 
2.443400 
2.451700 
2.459300 
2.460200 
2.461400 
2.467200 
2.473100 
2.477800 
2.478300 
2.499900 
2.522200 
2.529200 
2.532100 
2.533000 
2.544000 
2.550400 
2.552000 
2.568300 
2.571000 
2.575300 
2.575800 
2.584600 
2.593900 
2.599300 
2.600100 
2.600900 
2.609300 
2.610900 
2.612800 
2.618600 
2.631500 
2.640900 
2.642500 
2.642900 
2.644200 
2.652800 
2.654100 
2.654800 
2.659800 
2.661500 
2.662400 
2.665800 
2.673800 
2.676000 
2.680600 
2.685300 
2.688900 
2.691800 
2.692000 
2.705800 
2.708100 
2.708800 
2.709200 
2.724200 
2.732300 
2.738600 
2.741700 
2.745900 
2.754500 
2.756700 
2.758000 
2.759300 
2.760900 
2.761900 
2.762700 
2.763100 
2.763500 
2.763900 
2.765800 
2.767900 
2.768900 
2.787800 
2.787900 
2.788000 
2.793400 
2.794300 
2.805600 
2.805800 
2.806600 
2.810900 
2.811300 
2.812200 
2.825800 
2.848000 
2.848600 
2.854900 
2.857900 
2.861100 
2.865300 
2.868200 
2.870800 
2.872700 
2.879600 
2.883700 
2.885600 
2.889000 
2.889500 
2.890000 
2.892400 
2.895500 
2.909400 
2.911000 
2.921600 
2.923200 
2.925700 
2.935300 
2.944800 
2.949100 
2.949900 
2.957700 
2.958000 
2.961800 
2.964300 
2.964700 
2.965400 
2.971400 
2.971800 
2.974900 
2.976500 
2.990300 
2.993900 
2.995200 
