37 
3 
21 
39 
24 
20 
41 
4 
26 
16 
23 
44 
0 
19 
33 
27 
21 
3 
41 
14 
30 
38 
17 
18 
4 
42 
39 
26 
1 
37 
32 
11 
15 
38 
10 
35 
44 
41 
6 
28 
24 
42 
12 
9 
39 
35 
38 
1 
18 
43 
31 
32 
26 
44 
46 
40 
21 
28 
14 
27 
4 
34 
12 
45 
17 
16 
41 
36 
33 
23 
3 
18 
7 
25 
44 
29 
19 
6 
21 
38 
1 
42 
28 
31 
26 
36 
32 
37 
44 
17 
10 
46 
16 
2 
19 
12 
0 
33 
15 
8 
23 
11 
25 
18 
6 
1 
31 
26 
10 
35 
14 
7 
13 
29 
42 
28 
21 
19 
0 
35 
8 
3 
16 
20 
41 
24 
37 
42 
45 
27 
39 
25 
13 
10 
8 
0 
7 
26 
40 
4 
34 
23 
35 
41 
44 
32 
12 
36 
30 
0 
17 
45 
18 
21 
27 
22 
26 
34 
19 
31 
14 
16 
4 
36 
10 
42 
6 
3 
37 
19 
35 
41 
43 
28 
42 
0 
21 
25 
15 
41 
9 
24 
7 
33 
4 
26 
1 
27 
23 
3 
41 
16 
10 
40 
21 
26 
1 
13 
32 
9 
28 
25 
46 
33 
30 
2 
20 
42 
34 
45 
35 
22 
17 
37 
30 
21 
2 
12 
3 
19 
9 
0 
7 
40 
41 
29 
6 
4 
32 
8 
44 
26 
46 
25 
24 
0 
36 
18 
45 
41 
28 
37 
21 
44 
29 
14 
12 
33 
6 
35 
42 
7 
40 
15 
9 
1 
45 
43 
13 
20 
31 
19 
26 
22 
27 
23 
33 
28 
37 
17 
41 
15 
35 
18 
9 
0 
38 
43 
45 
33 
41 
27 
20 
1 
36 
42 
2 
39 
19 
31 
14 
7 
11 
25 
30 
3 
28 
40 
4 
37 
9 
29 
41 
38 
23 
44 
21 
16 
8 
24 
36 
35 
40 
19 
4 
30 
32 
27 
39 
26 
13 
15 
42 
43 
16 
24 
29 
41 
28 
17 
7 
0 
25 
19 
45 
31 
29 
42 
30 
18 
33 
46 
35 
24 
20 
14 
7 
27 
17 
41 
40 
28 
26 
4 
1 
39 
19 
5 
2 
21 
16 
38 
3 
24 
31 
10 
42 
28 
41 
12 
16 
0 
15 
33 
39 
29 
46 
18 
38 
14 
9 
24 
41 
36 
31 
32 
2 
34 
44 
42 
8 
40 
6 
17 
21 
18 
23 
43 
2 
0 
34 
16 
4 
7 
24 
45 
27 
44 
20 
5 
22 
33 
26 
31 
19 
4 
28 
7 
2 
9 
35 
40 
21 
38 
25 
42 
46 
19 
13 
37 
20 
24 
5 
1 
41 
17 
26 
16 
10 
23 
3 
39 
0 
33 
13 
41 
42 
2 
25 
38 
28 
20 
26 
21 
8 
24 
32 
45 
31 
19 
12 
14 
29 
9 
3 
33 
23 
4 
7 
41 
39 
2 
18 
19 
28 
40 
20 
21 
17 
34 
11 
26 
1 
37 
45 
16 
42 
35 
4 
14 
27 
44 
30 
0 
41 
19 
33 
25 
9 
46 
3 
34 
24 
39 
12 
28 
18 
21 
41 
19 
15 
40 
4 
2 
23 
45 
32 
29 
0 
22 
30 
7 
19 
34 
11 
41 
18 
35 
26 
39 
44 
42 
46 
40 
8 
25 
28 
4 
12 
15 
43 
2 
16 
33 
32 
34 
38 
35 
27 
30 
17 
41 
19 
24 
31 
10 
40 
18 
12 
46 
1 
21 
6 
16 
9 
2 
39 
31 
42 
3 
1 
22 
28 
15 
4 
7 
45 
5 
10 
16 
11 
26 
43 
24 
42 
1 
33 
22 
19 
14 
25 
39 
40 
35 
41 
18 
0 
9 
32 
24 
12 
39 
1 
42 
27 
26 
36 
40 
35 
41 
33 
19 
16 
20 
11 
45 
0 
27 
15 
29 
44 
12 
21 
24 
26 
35 
33 
8 
18 
7 
31 
37 
6 
30 
0 
29 
42 
9 
43 
2 
1 
15 
40 
44 
45 
19 
33 
38 
35 
16 
25 
8 
28 
23 
18 
22 
21 
5 
42 
3 
16 
31 
41 
12 
45 
4 
2 
0 
32 
37 
7 
38 
41 
25 
27 
23 
2 
36 
16 
33 
24 
0 
26 
3 
42 
4 
45 
6 
39 
30 
8 
41 
35 
19 
26 
33 
42 
44 
45 
34 
41 
1 
21 
38 
15 
16 
32 
37 
14 
46 
45 
25 
9 
6 
27 
24 
23 
32 
21 
18 
41 
0 
35 
5 
11 
17 
26 
40 
2 
4 
19 
28 
25 
3 
16 
7 
12 
41 
21 
29 
24 
13 
32 
0 
4 
17 
31 
40 
35 
26 
18 
25 
38 
20 
1 
27 
45 
14 
21 
33 
3 
44 
8 
28 
7 
12 
4 
10 
35 
41 
29 
25 
0 
43 
32 
19 
30 
33 
45 
2 
21 
13 
16 
27 
4 
8 
20 
39 
19 
17 
40 
41 
32 
42 
15 
29 
13 
1 
22 
2 
4 
10 
31 
33 
34 
17 
35 
6 
42 
26 
7 
16 
29 
28 
3 
22 
41 
0 
42 
39 
45 
27 
30 
46 
44 
12 
2 
17 
31 
40 
41 
33 
21 
24 
32 
18 
38 
5 
45 
3 
22 
42 
37 
39 
0 
10 
12 
17 
8 
35 
38 
30 
4 
41 
26 
33 
46 
19 
34 
27 
1 
29 
25 
31 
15 
18 
24 
42 
2 
41 
20 
46 
40 
38 
7 
32 
35 
4 
39 
11 
33 
44 
43 
25 
45 
32 
26 
19 
21 
27 
10 
41 
9 
0 
18 
22 
30 
37 
24 
23 
8 
4 
35 
20 
45 
18 
29 
42 
31 
28 
13 
41 
12 
39 
24 
33 
40 
35 
44 
14 
18 
27 
46 
45 
19 
32 
9 
1 
17 
42 
23 
26 
41 
7 
24 
15 
28 
13 
33 
38 
19 
36 
0 
39 
44 
25 
18 
30 
16 
20 
41 
12 
9 
28 
21 
29 
3 
13 
41 
45 
15 
6 
26 
19 
34 
31 
25 
46 
16 
23 
39 
18 
38 
2 
21 
29 
36 
4 
33 
15 
11 
10 
35 
39 
41 
27 
0 
37 
44 
24 
16 
25 
38 
5 
1 
19 
12 
40 
42 
26 
29 
13 
7 
4 
14 
41 
10 
17 
32 
28 
38 
22 
16 
45 
18 
8 
31 
6 
44 
37 
46 
19 
41 
42 
25 
40 
43 
32 
26 
24 
0 
44 
3 
39 
41 
45 
12 
38 
37 
33 
42 
4 
1 
18 
27 
36 
39 
46 
35 
2 
17 
21 
32 
29 
30 
16 
40 
33 
28 
25 
45 
20 
44 
37 
41 
24 
9 
31 
38 
26 
17 
7 
46 
0 
33 
34 
41 
4 
21 
14 
39 
30 
3 
35 
44 
25 
36 
24 
29 
16 
41 
37 
11 
40 
4 
46 
33 
17 
35 
44 
22 
19 
0 
2 
27 
6 
25 
30 
42 
45 
16 
38 
28 
9 
11 
4 
46 
14 
17 
18 
31 
40 
13 
27 
23 
41 
20 
28 
2 
26 
42 
1 
