37 
10 
26 
54 
12 
59 
57 
6 
49 
15 
44 
34 
7 
31 
11 
38 
29 
22 
17 
14 
25 
19 
55 
47 
8 
9 
64 
61 
34 
60 
30 
17 
59 
38 
20 
25 
54 
14 
12 
19 
60 
32 
61 
9 
64 
8 
7 
59 
47 
31 
17 
35 
19 
57 
8 
32 
29 
28 
52 
6 
30 
15 
14 
59 
62 
16 
4 
49 
54 
53 
13 
19 
59 
15 
0 
52 
57 
17 
14 
13 
27 
48 
7 
32 
63 
38 
57 
15 
14 
31 
34 
28 
8 
23 
17 
47 
60 
49 
30 
45 
63 
24 
7 
41 
25 
48 
11 
54 
0 
51 
21 
61 
47 
18 
34 
45 
57 
19 
43 
13 
28 
47 
25 
29 
51 
50 
14 
17 
47 
34 
62 
59 
2 
35 
61 
1 
18 
27 
46 
38 
8 
0 
9 
17 
24 
37 
23 
57 
15 
61 
30 
25 
11 
31 
13 
61 
17 
64 
12 
38 
6 
31 
40 
55 
60 
54 
59 
5 
62 
17 
28 
53 
14 
34 
2 
46 
13 
9 
0 
55 
14 
51 
49 
13 
19 
47 
54 
17 
35 
28 
37 
48 
59 
14 
8 
27 
62 
18 
0 
34 
23 
40 
16 
30 
57 
20 
61 
35 
17 
23 
47 
48 
41 
29 
18 
23 
35 
40 
57 
17 
28 
0 
55 
14 
8 
21 
51 
14 
33 
43 
55 
47 
61 
31 
6 
45 
57 
22 
34 
51 
27 
62 
36 
30 
6 
40 
31 
19 
7 
55 
0 
58 
54 
48 
57 
40 
14 
17 
30 
32 
11 
34 
2 
28 
7 
57 
59 
51 
62 
24 
25 
61 
46 
4 
34 
28 
54 
10 
6 
61 
19 
47 
7 
14 
60 
17 
62 
30 
5 
38 
53 
6 
12 
47 
25 
48 
31 
8 
43 
14 
27 
54 
18 
4 
20 
2 
42 
51 
38 
31 
58 
55 
59 
63 
61 
62 
19 
45 
16 
17 
8 
40 
53 
50 
34 
14 
29 
37 
33 
58 
39 
49 
61 
31 
17 
38 
57 
44 
47 
21 
27 
34 
60 
28 
35 
8 
51 
41 
20 
9 
31 
32 
30 
47 
6 
2 
25 
46 
24 
38 
57 
60 
34 
0 
62 
31 
27 
30 
33 
42 
14 
51 
9 
19 
10 
48 
1 
56 
38 
13 
47 
2 
63 
43 
50 
19 
51 
54 
1 
31 
7 
17 
6 
33 
52 
16 
13 
62 
32 
38 
0 
28 
47 
46 
24 
33 
59 
9 
27 
2 
54 
22 
17 
19 
30 
57 
34 
44 
14 
21 
51 
20 
17 
8 
0 
27 
19 
49 
61 
52 
9 
60 
31 
18 
2 
14 
16 
33 
7 
34 
38 
45 
18 
49 
24 
40 
17 
59 
7 
51 
47 
31 
6 
60 
21 
27 
53 
28 
38 
62 
17 
14 
31 
59 
57 
30 
61 
18 
44 
62 
34 
17 
29 
6 
0 
47 
52 
7 
57 
31 
32 
30 
2 
45 
53 
1 
11 
48 
41 
7 
46 
24 
14 
57 
59 
62 
12 
17 
33 
49 
39 
16 
59 
63 
30 
0 
38 
14 
48 
53 
40 
15 
47 
21 
60 
41 
28 
59 
53 
61 
7 
29 
11 
62 
13 
8 
20 
57 
19 
15 
10 
30 
24 
16 
17 
14 
57 
34 
2 
0 
25 
35 
17 
27 
16 
18 
44 
55 
62 
41 
31 
57 
29 
51 
15 
59 
28 
54 
14 
17 
11 
2 
47 
12 
62 
30 
33 
60 
25 
23 
14 
11 
4 
52 
7 
27 
31 
17 
49 
36 
22 
15 
30 
47 
19 
18 
0 
53 
2 
51 
38 
16 
57 
27 
33 
29 
13 
11 
7 
49 
61 
62 
17 
19 
27 
32 
8 
41 
52 
21 
57 
34 
59 
10 
55 
61 
38 
50 
17 
47 
2 
60 
14 
23 
31 
10 
51 
11 
38 
40 
31 
57 
56 
45 
61 
59 
60 
14 
58 
51 
11 
31 
48 
47 
23 
16 
62 
57 
31 
61 
19 
12 
52 
49 
58 
46 
37 
17 
9 
61 
8 
59 
18 
44 
57 
40 
54 
63 
21 
17 
18 
60 
55 
49 
29 
36 
39 
20 
30 
62 
52 
54 
0 
47 
14 
2 
32 
44 
6 
64 
24 
31 
23 
41 
53 
16 
57 
14 
30 
61 
21 
9 
47 
48 
14 
51 
32 
11 
56 
30 
60 
34 
43 
2 
12 
0 
17 
38 
32 
18 
36 
60 
6 
17 
16 
49 
2 
13 
59 
19 
31 
48 
40 
61 
0 
17 
26 
23 
38 
57 
31 
7 
48 
59 
14 
11 
53 
15 
10 
13 
17 
2 
27 
47 
28 
9 
8 
36 
15 
57 
10 
60 
31 
11 
47 
30 
32 
58 
59 
52 
20 
4 
33 
51 
29 
37 
17 
18 
59 
2 
28 
61 
15 
7 
51 
55 
27 
17 
32 
48 
0 
9 
47 
1 
53 
49 
62 
16 
0 
13 
6 
7 
31 
10 
34 
63 
54 
55 
62 
4 
10 
20 
45 
34 
22 
47 
8 
11 
7 
19 
57 
16 
0 
1 
30 
58 
48 
51 
24 
6 
7 
29 
47 
21 
31 
38 
14 
44 
25 
28 
55 
54 
9 
7 
49 
38 
48 
57 
59 
47 
41 
8 
51 
14 
55 
59 
17 
57 
34 
23 
10 
32 
44 
8 
60 
9 
33 
31 
37 
59 
51 
61 
14 
16 
18 
40 
21 
29 
45 
38 
13 
43 
11 
33 
58 
2 
10 
40 
13 
20 
64 
14 
56 
12 
46 
15 
17 
61 
54 
47 
7 
19 
34 
22 
1 
60 
30 
17 
31 
61 
45 
40 
23 
47 
63 
43 
62 
16 
24 
37 
52 
49 
21 
43 
2 
28 
0 
38 
31 
49 
1 
6 
61 
12 
56 
7 
55 
57 
59 
50 
17 
7 
51 
16 
45 
8 
29 
19 
62 
34 
31 
59 
0 
56 
51 
6 
39 
25 
14 
60 
40 
17 
34 
38 
51 
15 
48 
23 
49 
47 
6 
11 
4 
48 
15 
8 
30 
55 
31 
51 
60 
53 
5 
28 
29 
27 
56 
11 
14 
25 
31 
23 
47 
43 
57 
60 
8 
51 
38 
40 
17 
14 
59 
6 
30 
15 
21 
49 
32 
17 
52 
37 
40 
64 
48 
19 
54 
6 
58 
27 
17 
31 
14 
51 
63 
59 
30 
2 
52 
7 
15 
29 
54 
57 
49 
8 
17 
61 
64 
2 
19 
60 
17 
40 
38 
1 
7 
30 
25 
24 
41 
58 
16 
4 
54 
40 
17 
26 
30 
21 
54 
12 
8 
10 
11 
31 
62 
51 
39 
48 
18 
9 
57 
15 
58 
6 
35 
52 
61 
63 
17 
19 
13 
54 
62 
64 
49 
8 
40 
36 
28 
11 
30 
23 
19 
57 
25 
36 
46 
27 
31 
54 
64 
55 
52 
51 
17 
21 
61 
31 
35 
6 
60 
0 
7 
46 
57 
14 
15 
23 
24 
8 
45 
59 
61 
56 
37 
36 
2 
25 
11 
0 
56 
23 
17 
61 
10 
7 
14 
47 
62 
30 
41 
17 
23 
6 
54 
44 
51 
59 
16 
52 
60 
61 
15 
17 
11 
40 
57 
34 
62 
47 
10 
17 
49 
14 
7 
48 
59 
20 
45 
18 
54 
31 
12 
51 
9 
21 
2 
15 
18 
31 
8 
34 
30 
32 
41 
16 
58 
44 
20 
1 
63 
15 
26 
11 
9 
17 
36 
34 
60 
48 
57 
55 
32 
2 
35 
14 
59 
45 
17 
6 
55 
48 
14 
53 
4 
62 
7 
30 
18 
13 
22 
32 
56 
19 
59 
0 
12 
34 
61 
36 
21 
57 
29 
2 
8 
62 
46 
17 
9 
20 
59 
0 
31 
45 
60 
6 
22 
57 
10 
40 
51 
12 
38 
62 
28 
53 
14 
23 
40 
47 
58 
44 
38 
17 
9 
47 
45 
14 
8 
31 
34 
24 
27 
6 
17 
30 
1 
42 
35 
38 
47 
52 
6 
57 
51 
43 
55 
10 
36 
13 
16 
35 
19 
20 
14 
63 
54 
8 
0 
44 
17 
21 
52 
23 
15 
58 
57 
46 
20 
59 
29 
14 
50 
47 
4 
26 
6 
16 
19 
11 
17 
34 
10 
31 
0 
51 
60 
62 
26 
2 
47 
46 
18 
58 
29 
34 
24 
32 
52 
38 
31 
61 
19 
6 
37 
51 
17 
33 
7 
15 
8 
57 
41 
11 
17 
31 
13 
33 
51 
9 
45 
19 
56 
16 
14 
12 
40 
6 
51 
42 
34 
20 
8 
25 
0 
4 
17 
13 
57 
15 
2 
39 
60 
63 
51 
28 
31 
58 
15 
61 
35 
54 
34 
39 
10 
38 
29 
7 
31 
54 
28 
4 
14 
25 
48 
61 
46 
31 
11 
12 
51 
59 
17 
19 
52 
42 
34 
30 
57 
28 
38 
27 
48 
17 
36 
29 
18 
33 
1 
40 
17 
10 
59 
21 
48 
54 
51 
30 
31 
49 
38 
56 
62 
6 
55 
9 
35 
54 
36 
17 
63 
48 
40 
4 
24 
59 
42 
0 
32 
6 
52 
18 
34 
21 
41 
24 
51 
14 
13 
47 
15 
19 
10 
45 
55 
33 
31 
11 
57 
59 
26 
44 
7 
34 
8 
0 
59 
21 
51 
52 
4 
13 
14 
45 
58 
47 
18 
23 
9 
17 
43 
11 
2 
31 
8 
7 
20 
18 
58 
46 
40 
14 
39 
28 
31 
62 
51 
19 
57 
56 
8 
17 
9 
59 
48 
14 
16 
33 
39 
58 
45 
18 
57 
28 
32 
21 
1 
47 
35 
39 
32 
59 
27 
11 
7 
41 
19 
34 
31 
0 
15 
17 
18 
25 
13 
51 
59 
30 
62 
0 
54 
13 
19 
51 
40 
45 
23 
2 
16 
57 
39 
61 
41 
21 
55 
27 
35 
28 
30 
15 
59 
58 
53 
60 
24 
17 
51 
45 
27 
57 
25 
30 
31 
60 
61 
4 
18 
28 
6 
39 
38 
50 
54 
23 
17 
6 
11 
61 
28 
52 
4 
19 
37 
30 
2 
25 
47 
49 
28 
18 
62 
59 
11 
17 
31 
35 
8 
61 
10 
14 
48 
30 
19 
59 
37 
12 
33 
6 
52 
22 
47 
60 
3 
10 
58 
2 
7 
31 
32 
17 
61 
15 
40 
20 
63 
47 
0 
54 
22 
12 
37 
17 
19 
58 
4 
20 
10 
1 
30 
27 
55 
6 
15 
49 
59 
61 
0 
60 
33 
28 
40 
30 
62 
48 
31 
26 
9 
7 
52 
15 
27 
51 
46 
32 
48 
57 
20 
60 
55 
13 
59 
12 
18 
61 
62 
17 
19 
31 
14 
52 
53 
54 
44 
49 
7 
4 
51 
12 
59 
17 
47 
58 
41 
11 
6 
46 
52 
28 
0 
7 
17 
18 
9 
26 
58 
63 
32 
48 
28 
41 
21 
47 
22 
57 
54 
31 
62 
59 
58 
51 
63 
6 
40 
17 
47 
8 
0 
18 
19 
48 
31 
64 
17 
60 
25 
57 
1 
41 
9 
59 
62 
2 
23 
35 
6 
23 
43 
45 
0 
14 
60 
48 
12 
18 
37 
55 
57 
19 
16 
31 
59 
9 
24 
10 
51 
23 
48 
8 
0 
47 
20 
15 
5 
24 
13 
12 
34 
28 
39 
45 
53 
63 
62 
40 
23 
38 
9 
25 
36 
33 
28 
8 
23 
30 
19 
60 
11 
21 
22 
10 
58 
40 
0 
38 
44 
55 
4 
43 
29 
45 
7 
61 
25 
19 
58 
54 
48 
13 
30 
17 
59 
4 
28 
14 
7 
10 
2 
48 
47 
17 
57 
33 
41 
62 
53 
51 
23 
25 
61 
32 
17 
1 
18 
28 
34 
0 
10 
51 
2 
9 
30 
8 
59 
14 
58 
38 
55 
29 
11 
34 
15 
31 
53 
1 
0 
46 
3 
55 
2 
20 
18 
14 
52 
58 
13 
48 
57 
53 
30 
25 
59 
40 
6 
60 
51 
19 
18 
37 
42 
34 
16 
12 
9 
55 
40 
28 
8 
13 
63 
17 
30 
51 
49 
62 
12 
27 
40 
19 
48 
29 
13 
10 
18 
57 
63 
1 
31 
17 
34 
7 
29 
48 
53 
16 
36 
62 
6 
13 
49 
44 
41 
58 
3 
18 
9 
17 
27 
61 
53 
48 
13 
29 
46 
19 
55 
30 
4 
60 
47 
41 
52 
21 
14 
53 
32 
27 
8 
43 
30 
13 
15 
35 
31 
0 
23 
44 
51 
62 
57 
1 
17 
30 
41 
18 
14 
27 
29 
40 
48 
45 
10 
13 
25 
49 
14 
22 
30 
19 
35 
51 
53 
47 
54 
43 
58 
9 
44 
24 
13 
2 
17 
60 
11 
38 
14 
32 
6 
61 
21 
39 
49 
37 
55 
4 
36 
2 
42 
24 
53 
22 
10 
47 
56 
51 
54 
57 
27 
31 
48 
43 
56 
23 
53 
16 
29 
57 
58 
35 
46 
61 
55 
33 
31 
22 
19 
16 
4 
20 
49 
21 
13 
31 
11 
57 
24 
26 
58 
0 
6 
7 
45 
2 
43 
59 
41 
38 
12 
42 
39 
21 
5 
49 
59 
28 
29 
14 
4 
61 
0 
51 
21 
33 
40 
23 
47 
20 
54 
30 
29 
6 
49 
37 
26 
44 
64 
0 
49 
16 
23 
2 
25 
14 
54 
57 
18 
58 
51 
56 
10 
40 
59 
4 
58 
47 
7 
49 
15 
9 
59 
34 
35 
1 
13 
17 
24 
20 
8 
17 
63 
46 
0 
34 
30 
14 
62 
35 
19 
15 
17 
7 
2 
11 
31 
45 
6 
8 
30 
4 
61 
9 
56 
12 
23 
13 
19 
63 
55 
54 
17 
38 
14 
47 
37 
46 
33 
43 
56 
6 
48 
57 
51 
11 
23 
53 
17 
