0.014600 
0.015100 
0.015200 
0.018100 
0.018800 
0.020000 
0.020100 
0.020700 
0.020800 
0.022100 
0.022200 
0.022500 
0.022600 
0.023700 
0.025300 
0.026000 
0.026000 
0.026400 
0.026500 
0.026900 
0.027300 
0.027600 
0.027600 
0.028200 
0.029200 
0.029200 
0.029300 
0.030700 
0.030700 
0.031000 
0.031400 
0.031900 
0.032000 
0.032000 
0.033600 
0.033900 
0.034100 
0.035200 
0.035400 
0.036300 
0.036600 
0.037800 
0.038400 
0.038500 
0.039200 
0.039800 
0.040800 
0.041000 
0.041700 
0.042500 
0.042900 
0.043000 
0.043700 
0.043800 
0.044000 
0.044400 
0.044600 
0.044700 
0.044700 
0.045800 
0.046200 
0.046200 
0.047100 
0.047400 
0.048200 
0.049400 
0.049400 
0.050300 
0.050300 
0.050500 
0.050600 
0.051200 
0.051500 
0.051700 
0.052000 
0.053000 
0.053400 
0.053800 
0.054000 
0.054100 
0.054200 
0.056000 
0.056600 
0.057200 
0.057200 
0.057900 
0.057900 
0.058200 
0.058200 
0.058400 
0.059000 
0.059300 
0.060700 
0.061100 
0.061300 
0.062400 
0.063100 
0.063500 
0.064500 
0.064500 
0.065300 
0.065700 
0.065800 
0.066100 
0.066500 
0.066900 
0.067000 
0.067800 
0.067900 
0.068100 
0.068600 
0.068800 
0.068900 
0.069900 
0.070900 
0.071000 
0.071300 
0.071700 
0.072000 
0.072300 
0.072500 
0.072700 
0.073000 
0.073000 
0.073000 
0.073500 
0.073500 
0.073600 
0.076400 
0.076900 
0.077200 
0.077500 
0.077800 
0.077800 
0.078000 
0.078100 
0.079200 
0.079200 
0.080100 
0.080300 
0.080300 
0.080600 
0.080800 
0.081300 
0.081300 
0.082600 
0.082700 
0.083300 
0.083400 
0.083400 
0.083500 
0.083500 
0.084100 
0.084300 
0.084400 
0.084700 
0.085100 
0.085200 
0.085200 
0.085300 
0.086100 
0.086100 
0.086200 
0.086700 
0.089000 
0.089100 
0.089600 
0.090000 
0.090700 
0.091200 
0.091400 
0.091500 
0.091600 
0.091700 
0.092000 
0.092400 
0.092700 
0.092800 
0.093700 
0.094700 
0.095100 
0.095300 
0.095900 
0.096400 
0.096800 
0.097200 
0.097900 
0.098300 
0.098400 
0.098700 
0.098700 
0.099100 
0.099500 
0.100000 
0.100400 
0.100800 
0.101000 
0.101100 
0.101300 
0.101300 
0.102100 
0.102400 
0.102600 
0.103900 
0.104500 
0.105600 
0.106000 
0.107300 
0.107800 
0.108100 
0.108400 
0.108400 
0.108400 
0.109100 
0.109500 
0.109900 
0.111300 
0.111600 
0.111800 
0.112200 
0.112200 
0.112500 
0.112600 
0.112600 
0.112700 
0.113400 
0.113700 
0.113700 
0.113800 
0.113900 
0.114300 
0.114800 
0.115100 
0.115200 
0.115500 
0.115600 
0.115900 
0.117100 
0.117200 
0.117300 
0.117500 
0.119500 
0.119700 
0.120700 
0.121300 
0.121700 
0.121800 
0.122200 
0.122300 
0.122500 
0.122800 
0.123100 
0.123500 
0.123500 
0.123700 
0.124500 
0.126700 
0.127200 
0.127300 
0.127500 
0.128000 
0.128900 
0.129800 
0.130100 
0.130300 
0.130300 
0.130500 
0.130800 
0.130800 
0.131200 
0.131500 
0.132100 
0.132400 
0.133200 
0.133900 
0.134400 
0.136000 
0.136700 
0.136900 
0.137100 
0.137900 
0.138000 
0.139000 
0.139000 
0.139400 
0.139700 
0.139800 
0.141200 
0.141200 
0.141500 
0.141800 
0.142100 
0.142300 
0.142400 
0.142800 
0.143300 
0.143400 
0.144000 
0.144600 
0.144900 
0.145700 
0.145800 
0.145800 
0.146100 
0.146300 
0.146600 
0.146900 
0.147100 
0.147100 
0.147300 
0.147400 
0.147400 
0.148300 
0.148800 
0.149300 
0.149500 
0.149600 
0.151000 
0.151400 
0.151700 
0.152100 
0.153100 
0.153500 
0.154000 
0.154600 
0.154600 
0.154900 
0.155700 
0.156400 
0.156700 
0.157100 
0.157300 
0.157700 
0.158600 
0.159200 
0.159400 
0.159700 
0.159700 
0.160500 
0.160500 
0.160900 
0.161100 
0.161800 
0.162000 
0.162100 
0.163100 
0.164000 
0.164700 
0.164800 
0.165300 
0.165900 
0.166000 
0.166000 
0.166100 
0.166200 
0.166300 
0.166400 
0.166700 
0.166700 
0.167000 
0.167200 
0.168000 
0.168500 
0.169600 
0.171200 
0.171500 
0.171700 
0.172400 
0.172400 
0.172600 
0.172600 
0.172600 
0.173300 
0.173600 
0.174100 
0.174500 
0.174900 
0.175600 
0.175800 
0.176000 
0.176100 
0.176200 
0.176400 
0.177100 
0.177100 
0.178000 
0.178800 
0.179100 
0.179300 
0.180200 
0.181000 
0.182400 
0.183100 
0.184100 
0.184300 
0.184700 
0.184800 
0.185300 
0.185500 
0.186000 
0.187700 
0.187900 
0.188100 
0.188800 
0.189000 
0.189500 
0.189800 
0.190500 
0.190900 
0.191300 
0.192100 
0.192600 
0.193300 
0.193600 
0.194200 
0.194500 
0.194700 
0.195000 
0.195700 
0.195900 
0.195900 
0.196200 
0.198300 
0.198800 
0.198800 
0.200500 
0.200800 
0.201600 
0.201600 
0.202400 
0.202400 
0.202500 
0.203400 
0.203900 
0.204300 
0.204700 
0.205300 
0.205300 
0.205500 
0.205900 
0.206300 
0.206300 
0.206500 
0.206600 
0.206600 
0.206700 
0.207000 
0.207100 
0.207900 
0.207900 
0.208100 
0.208300 
0.208800 
0.209100 
0.209200 
0.209700 
0.209800 
0.209800 
0.210300 
0.210400 
0.210900 
0.211000 
0.211100 
0.211200 
0.211500 
0.211600 
0.212000 
0.212200 
0.212700 
0.213100 
0.213100 
0.213600 
0.214400 
0.215100 
0.216200 
0.216500 
0.219400 
0.220200 
0.220300 
0.220900 
0.221000 
0.221400 
0.221900 
0.222400 
0.222400 
0.223000 
0.223300 
0.223800 
0.224100 
0.224200 
0.224600 
0.224900 
0.225800 
0.226200 
0.226900 
0.227300 
0.227400 
0.227800 
0.228100 
0.228400 
0.229300 
0.229700 
0.230200 
0.230500 
0.231200 
0.231700 
0.231900 
0.231900 
0.232100 
0.232200 
0.232200 
0.232700 
0.233300 
0.233700 
0.233800 
0.233800 
0.236400 
0.237500 
0.237700 
0.238300 
0.238600 
0.239500 
0.239500 
0.239800 
0.241100 
0.241100 
0.241300 
0.241300 
0.241500 
0.241800 
0.242700 
0.242800 
0.243700 
0.244400 
0.244600 
0.244600 
0.245100 
0.246000 
0.246000 
0.246000 
0.246100 
0.246500 
0.246800 
0.247200 
0.248300 
0.248400 
0.248600 
0.248600 
0.248900 
0.249900 
0.250200 
0.251000 
0.251100 
0.251300 
0.251600 
0.252100 
0.253200 
0.253800 
0.254300 
0.254600 
0.255000 
0.255300 
0.255700 
0.256000 
0.256700 
0.256900 
0.257100 
0.258000 
0.258900 
0.259100 
0.259500 
0.260000 
0.260000 
0.260400 
0.260400 
0.261000 
0.261300 
0.261500 
0.261500 
0.262600 
0.263000 
0.263400 
0.263600 
0.264500 
0.264500 
0.264600 
0.264700 
0.266600 
0.267200 
0.267200 
0.267200 
0.267300 
0.267500 
0.267700 
0.267900 
0.268500 
0.268600 
0.269300 
0.269400 
0.270100 
0.270400 
0.271100 
0.272200 
0.272500 
0.272700 
0.273700 
0.273900 
0.274300 
0.274300 
0.274500 
0.274600 
0.275000 
0.275600 
0.276300 
0.276600 
0.277300 
0.277500 
0.277900 
0.278700 
0.278700 
0.279300 
0.279300 
0.280500 
0.280600 
0.281300 
0.281700 
0.281800 
0.282100 
0.282200 
0.283200 
0.283600 
0.283700 
0.283900 
0.284600 
0.284700 
0.285500 
0.286300 
0.287100 
0.287300 
0.287900 
0.288400 
0.289000 
0.289200 
0.289700 
0.289900 
0.290500 
0.290700 
0.291000 
0.292000 
0.292600 
0.293000 
0.293100 
0.293400 
0.293700 
0.293800 
0.294300 
0.295800 
0.297300 
0.297500 
0.297700 
0.297800 
0.297900 
0.298700 
0.299300 
0.299700 
0.299900 
0.300000 
0.300200 
0.300700 
0.300800 
0.300800 
0.301100 
0.301200 
0.301400 
0.301600 
0.301700 
0.302200 
0.302500 
0.302700 
0.302900 
0.303800 
0.303800 
0.304500 
0.304700 
0.304900 
0.305100 
0.305500 
0.307000 
0.307000 
0.308000 
0.308600 
0.308900 
0.309000 
0.309100 
0.309600 
0.309600 
0.309800 
0.310900 
0.311200 
0.312300 
0.313100 
0.313100 
0.314000 
0.314100 
0.314500 
0.314600 
0.314700 
0.315100 
0.315700 
0.315900 
0.316100 
0.316200 
0.316300 
0.316500 
0.316600 
0.317100 
0.317200 
0.317300 
0.317800 
0.318200 
0.318300 
0.319300 
0.319400 
0.319800 
0.320500 
0.320600 
0.320700 
0.320800 
0.321100 
0.321700 
0.322700 
0.323300 
0.323400 
0.324000 
0.325700 
0.325800 
0.325800 
0.326400 
0.326500 
0.326700 
0.326800 
0.327400 
0.328000 
0.328800 
0.329200 
0.330100 
0.330700 
0.331200 
0.331400 
0.331900 
0.332000 
0.332200 
0.332600 
0.332800 
0.332800 
0.332800 
0.333100 
0.333200 
0.333200 
0.333800 
0.334000 
0.334500 
0.334900 
0.335200 
0.335500 
0.335800 
0.336500 
0.336800 
0.337100 
0.337200 
0.337300 
0.338300 
0.339500 
0.341100 
0.341200 
0.341300 
0.341600 
0.341900 
0.342000 
0.342400 
0.342600 
0.342900 
0.343000 
0.344100 
0.345200 
0.345400 
0.345600 
0.346100 
0.346900 
0.347100 
0.348500 
0.348900 
0.350500 
0.350500 
0.350800 
0.351100 
0.351800 
0.351900 
0.352000 
0.352100 
0.352300 
0.352300 
0.352500 
0.352700 
0.352700 
0.353700 
0.353700 
0.353700 
0.354000 
0.354000 
0.354500 
0.354800 
0.355200 
0.355400 
0.355500 
0.355600 
0.355900 
0.355900 
0.356300 
0.357300 
0.357400 
0.357900 
0.358200 
0.359100 
0.359300 
0.359800 
0.360400 
0.360500 
0.360800 
0.361700 
0.362000 
0.362100 
0.362200 
0.362700 
0.362700 
0.363200 
0.363600 
0.364000 
0.364100 
0.364300 
0.364600 
0.364700 
0.365600 
0.365800 
0.366200 
0.366300 
0.366300 
0.366700 
0.366800 
0.366900 
0.367800 
0.367800 
0.367900 
0.368100 
0.368700 
0.370900 
0.371000 
0.371500 
0.371900 
0.372100 
0.372700 
0.372700 
0.372900 
0.373400 
0.373400 
0.374000 
0.374100 
0.375300 
0.376200 
0.376600 
0.376800 
0.377800 
0.377900 
0.378400 
0.378600 
0.379200 
0.379600 
0.379900 
0.380000 
0.380300 
0.381300 
0.381500 
0.382000 
0.382500 
0.382600 
0.382700 
0.384200 
0.384300 
0.384500 
0.385400 
0.386100 
0.386900 
0.387300 
0.388000 
0.389800 
0.389800 
0.390100 
0.390300 
0.390700 
0.390700 
0.391300 
0.392000 
0.392100 
0.392400 
0.392700 
0.393100 
0.393900 
0.393900 
0.394200 
0.394500 
0.395200 
0.395900 
0.395900 
0.396400 
0.396800 
0.397100 
0.397200 
0.397400 
0.398000 
0.398400 
0.398600 
0.398700 
0.398800 
0.398800 
0.398900 
0.399000 
0.399100 
0.399500 
0.399500 
0.400400 
0.401200 
0.402200 
0.402700 
0.402700 
0.402800 
0.402900 
0.402900 
0.403000 
0.403600 
0.405200 
0.405500 
0.406200 
0.407400 
0.408400 
0.409100 
0.409100 
0.410000 
0.410300 
0.410600 
0.411500 
0.411500 
0.411800 
0.411900 
0.412200 
0.412700 
0.412800 
0.412900 
0.413000 
0.413400 
0.414500 
0.414600 
0.414700 
0.414700 
0.415700 
0.415800 
0.416000 
0.416100 
0.416800 
0.417000 
0.417000 
0.417200 
0.417300 
0.418000 
0.419100 
0.419200 
0.421500 
0.422300 
0.422300 
0.422600 
0.423000 
0.423700 
0.423700 
0.424300 
0.424300 
0.424500 
0.424800 
0.425000 
0.425500 
0.425600 
0.425600 
0.425900 
0.426200 
0.426800 
0.427300 
0.428000 
0.428200 
0.428200 
0.428700 
0.429900 
0.430100 
0.430200 
0.430200 
0.430500 
0.431000 
0.431100 
0.431200 
0.432700 
0.433500 
0.433700 
0.434600 
0.435100 
0.436400 
0.436700 
0.437000 
0.437000 
0.437100 
0.437600 
0.438200 
0.438300 
0.439000 
0.439100 
0.439500 
0.439600 
0.440200 
0.440700 
0.440700 
0.440700 
0.441200 
0.441300 
0.442200 
0.442600 
0.443300 
0.443400 
0.444100 
0.444200 
0.445500 
0.445600 
0.445800 
0.446800 
0.447000 
0.447200 
0.447500 
0.447600 
0.448300 
0.448800 
0.449300 
0.449600 
0.449900 
0.451000 
0.451000 
0.451400 
0.451400 
0.451500 
0.451700 
0.452000 
0.452200 
0.452800 
0.452800 
0.452900 
0.453100 
0.453200 
0.453600 
0.454100 
0.454300 
0.456000 
0.456100 
0.456700 
0.457100 
0.457300 
0.457500 
0.457900 
0.458700 
0.459000 
0.459200 
0.459800 
0.460200 
0.460200 
0.460300 
0.460400 
0.461200 
0.461400 
0.461500 
0.462000 
0.462100 
0.462900 
0.463300 
0.463800 
0.464200 
0.465000 
0.465200 
0.465300 
0.465600 
0.466500 
0.466500 
0.466500 
0.467000 
0.467400 
0.467500 
0.467600 
0.470900 
0.472500 
0.472500 
0.472800 
0.473000 
0.473300 
0.473300 
0.473800 
0.474300 
0.474500 
0.474500 
0.474600 
0.474600 
0.474600 
0.474900 
0.475200 
0.476200 
0.476300 
0.476400 
0.477000 
0.477000 
0.477500 
0.477600 
0.477700 
0.479400 
0.479700 
0.480400 
0.480600 
0.481000 
0.481000 
0.481200 
0.481300 
0.481400 
0.481700 
0.482500 
0.483200 
0.483200 
0.483400 
0.483400 
0.483500 
0.483700 
0.485200 
0.485400 
0.485500 
0.486000 
0.487200 
0.488200 
0.488600 
0.489800 
0.489900 
0.490000 
0.490800 
0.491600 
0.493600 
0.493700 
0.493800 
0.494400 
0.494500 
0.494600 
0.495300 
0.495400 
0.495700 
0.496200 
0.496300 
0.496600 
0.497600 
0.497700 
0.497700 
0.497700 
0.497900 
0.498000 
0.498700 
0.498800 
0.499300 
0.499300 
0.499600 
0.499700 
0.499800 
0.500100 
0.500100 
0.501400 
0.502700 
0.502800 
0.504000 
0.504800 
0.505900 
0.505900 
0.506200 
0.506200 
0.507300 
0.507300 
0.507800 
0.507900 
0.508900 
0.508900 
0.509800 
0.510500 
0.511200 
0.511300 
0.511400 
0.511500 
0.512100 
0.512700 
0.513200 
0.513500 
0.513800 
0.514100 
0.514600 
0.514700 
0.514800 
0.514900 
0.515800 
0.516100 
0.516200 
0.516400 
0.516700 
0.516700 
0.516800 
0.517100 
0.517300 
0.517500 
0.517600 
0.518400 
0.518700 
0.519000 
0.519400 
0.519800 
0.521300 
0.523100 
0.523600 
0.523800 
0.524500 
0.524700 
0.525100 
0.525700 
0.526200 
0.526300 
0.526800 
0.527200 
0.528100 
0.529700 
0.529900 
0.530000 
0.530600 
0.530600 
0.531000 
0.531300 
0.532000 
0.532500 
0.532900 
0.533000 
0.534100 
0.534700 
0.535100 
0.535300 
0.535700 
0.536800 
0.536900 
0.536900 
0.537100 
0.537200 
0.538100 
0.538300 
0.540000 
0.540200 
0.540500 
0.541600 
0.541700 
0.541800 
0.542200 
0.542300 
0.542500 
0.543000 
0.543900 
0.544100 
0.544100 
0.544100 
0.544500 
0.545000 
0.545500 
0.546000 
0.546000 
0.546000 
0.546900 
0.547100 
0.547200 
0.547300 
0.547400 
0.548100 
0.548300 
0.548800 
0.548900 
0.549000 
0.549200 
0.549500 
0.550200 
0.550400 
0.550600 
0.550700 
0.550900 
0.551000 
0.551200 
0.551500 
0.551900 
0.552400 
0.554100 
0.554100 
0.554800 
0.554800 
0.555800 
0.556900 
0.557700 
0.557900 
0.558000 
0.558400 
0.558800 
0.559000 
0.559500 
0.559500 
0.559500 
0.560300 
0.560500 
0.560600 
0.560600 
0.560600 
0.561100 
0.561500 
0.562000 
0.562100 
0.562500 
0.562600 
0.563200 
0.563400 
0.563500 
0.563600 
0.564000 
0.564400 
0.565400 
0.565500 
0.565600 
0.567100 
0.567500 
0.567600 
0.567700 
0.567700 
0.569300 
0.569400 
0.570000 
0.570900 
0.570900 
0.571000 
0.571000 
0.571500 
0.572000 
0.572200 
0.572600 
0.572900 
0.573400 
0.573800 
0.574000 
0.574100 
0.574900 
0.575400 
0.575400 
0.575900 
0.576700 
0.577200 
0.577300 
0.577600 
0.578300 
0.578600 
0.578800 
0.579100 
0.579800 
0.580400 
0.581800 
0.582300 
0.583900 
0.584700 
0.585200 
0.586200 
0.587200 
0.587300 
0.587400 
0.587900 
0.588000 
0.588500 
0.589800 
0.590400 
0.591600 
0.591600 
0.592500 
0.593100 
0.593500 
0.593700 
0.594200 
0.594200 
0.594900 
0.595000 
0.595300 
0.595600 
0.596900 
0.597300 
0.598500 
0.598800 
0.599300 
0.599500 
0.599600 
0.599900 
0.600000 
0.600300 
0.600500 
0.600600 
0.601200 
0.601200 
0.601900 
0.601900 
0.602100 
0.602500 
0.603500 
0.603500 
0.604400 
0.605200 
0.605900 
0.606000 
0.606100 
0.606300 
0.606300 
0.606400 
0.607000 
0.607300 
0.607600 
0.607800 
0.608100 
0.608400 
0.609600 
0.610200 
0.610600 
0.610600 
0.611100 
0.611700 
0.612800 
0.613600 
0.613800 
0.613800 
0.614800 
0.614900 
0.615900 
0.616100 
0.616500 
0.616600 
0.616700 
0.616900 
0.617000 
0.617200 
0.617500 
0.617700 
0.617800 
0.618300 
0.618900 
0.620700 
0.621300 
0.621500 
0.621500 
0.622000 
0.622200 
0.622800 
0.623100 
0.623200 
0.623600 
0.623700 
0.624900 
0.625800 
0.626300 
0.627300 
0.627500 
0.628500 
0.629100 
0.629400 
0.629400 
0.629600 
0.629700 
0.629900 
0.629900 
0.630100 
0.631200 
0.631300 
0.631500 
0.631600 
0.632400 
0.632700 
0.633300 
0.633400 
0.634000 
0.634500 
0.634600 
0.634800 
0.635700 
0.636400 
0.637100 
0.637500 
0.637600 
0.637800 
0.638400 
0.638600 
0.638900 
0.639000 
0.639200 
0.639400 
0.639400 
0.639500 
0.639600 
0.639700 
0.639900 
0.640000 
0.640000 
0.641700 
0.642300 
0.642600 
0.643700 
0.644600 
0.645200 
0.645400 
0.645400 
0.646300 
0.646600 
0.646900 
0.647700 
0.647900 
0.648100 
0.648200 
0.648300 
0.648500 
0.648500 
0.648600 
0.648600 
0.648700 
0.649300 
0.649900 
0.649900 
0.651400 
0.651600 
0.651600 
0.652200 
0.652700 
0.653000 
0.653100 
0.653300 
0.653900 
0.655100 
0.655700 
0.655900 
0.657000 
0.657000 
0.657200 
0.657500 
0.657600 
0.657700 
0.658400 
0.658400 
0.658600 
0.658900 
0.659500 
0.660000 
0.660100 
0.661200 
0.662100 
0.662800 
0.662800 
0.664300 
0.664400 
0.665000 
0.665200 
0.665400 
0.665800 
0.666300 
0.667100 
0.668200 
0.668200 
0.668600 
0.668800 
0.669500 
0.669700 
0.670100 
0.670100 
0.670200 
0.670200 
0.671000 
0.671100 
0.671200 
0.672300 
0.672600 
0.673000 
0.673100 
0.673700 
0.673800 
0.674200 
0.674300 
0.675300 
0.675900 
0.676200 
0.676500 
0.676600 
0.677300 
0.677500 
0.677600 
0.677700 
0.677900 
0.677900 
0.678300 
0.679500 
0.679700 
0.680000 
0.680300 
0.681500 
0.681800 
0.681800 
0.682600 
0.683000 
0.683300 
0.683400 
0.684900 
0.685300 
0.686100 
0.686300 
0.686600 
0.686600 
0.687100 
0.687200 
0.687700 
0.688200 
0.688300 
0.688400 
0.688400 
0.688500 
0.689000 
0.689100 
0.689200 
0.690200 
0.690500 
0.691200 
0.691800 
0.691900 
0.692000 
0.692500 
0.692900 
0.693500 
0.694100 
0.694700 
0.695000 
0.695600 
0.695900 
0.695900 
0.696800 
0.696900 
0.697700 
0.698200 
0.698300 
0.699700 
0.699800 
0.700100 
0.700400 
0.700400 
0.700800 
0.700900 
0.701500 
0.702000 
0.702000 
0.702200 
0.702700 
0.703400 
0.703700 
0.703700 
0.704000 
0.704000 
0.704600 
0.704600 
0.705300 
0.705700 
0.706000 
0.706700 
0.707600 
0.707700 
0.708500 
0.709000 
0.709100 
0.710800 
0.711800 
0.712200 
0.712900 
0.713600 
0.713600 
0.713800 
0.714700 
0.714800 
0.716400 
0.718800 
0.719000 
0.719100 
0.719300 
0.719600 
0.719800 
0.720700 
0.720700 
0.720900 
0.721200 
0.721700 
0.721900 
0.722100 
0.722600 
0.723000 
0.723100 
0.723300 
0.724700 
0.725000 
0.725300 
0.726100 
0.726400 
0.726400 
0.727600 
0.727600 
0.728000 
0.728100 
0.728200 
0.728600 
0.729900 
0.730100 
0.730500 
0.731000 
0.731600 
0.731800 
0.733200 
0.733600 
0.733800 
0.734400 
0.734500 
0.734700 
0.734800 
0.735500 
0.735600 
0.736300 
0.736600 
0.738400 
0.738400 
0.738600 
0.738600 
0.739000 
0.739300 
0.739500 
0.739500 
0.740300 
0.740700 
0.740700 
0.740800 
0.740900 
0.742100 
0.742100 
0.742100 
0.742500 
0.742600 
0.743000 
0.743300 
0.743300 
0.743900 
0.744100 
0.744800 
0.746100 
0.746500 
0.747300 
0.747500 
0.748100 
0.748800 
0.749100 
0.749400 
0.750200 
0.750900 
0.751000 
0.751300 
0.751700 
0.752000 
0.752100 
0.752400 
0.752600 
0.752800 
0.752900 
0.753100 
0.753600 
0.754000 
0.754100 
0.754300 
0.755000 
0.755100 
0.755500 
0.756100 
0.756400 
0.756800 
0.757500 
0.758300 
0.759400 
0.759900 
0.759900 
0.760300 
0.760500 
0.761200 
0.761400 
0.761900 
0.762000 
0.762300 
0.762600 
0.762600 
0.763100 
0.763500 
0.763700 
0.764500 
0.764800 
0.764800 
0.765300 
0.765700 
0.766000 
0.766100 
0.766400 
0.767000 
0.767000 
0.767600 
0.767600 
0.768000 
0.768000 
0.768200 
0.768600 
0.768800 
0.769300 
0.769700 
0.770000 
0.771100 
0.771700 
0.772200 
0.773200 
0.773200 
0.773400 
0.773400 
0.774300 
0.774800 
0.775400 
0.776700 
0.777100 
0.777400 
0.778400 
0.778800 
0.779900 
0.780100 
0.780400 
0.780900 
0.781100 
0.781600 
0.782400 
0.782400 
0.782500 
0.782900 
0.783000 
0.783500 
0.783600 
0.784000 
0.784500 
0.784500 
0.784800 
0.785100 
0.785100 
0.785500 
0.785900 
0.787100 
0.788000 
0.788100 
0.789200 
0.790000 
0.790000 
0.790100 
0.791100 
0.791200 
0.792300 
0.793200 
0.793500 
0.794000 
0.794200 
0.794700 
0.795100 
0.795600 
0.795800 
0.796300 
0.796400 
0.796400 
0.796800 
0.797200 
0.797700 
0.799100 
0.799400 
0.799900 
0.800700 
0.801000 
0.801100 
0.801900 
0.801900 
0.802300 
0.802300 
0.802300 
0.803200 
0.804200 
0.804600 
0.804900 
0.806000 
0.806400 
0.806600 
0.806700 
0.807600 
0.807600 
0.807700 
0.808100 
0.808100 
0.808200 
0.808500 
0.809000 
0.809300 
0.809500 
0.810100 
0.810500 
0.810600 
0.810800 
0.811400 
0.811400 
0.811400 
0.811800 
0.812600 
0.813400 
0.814300 
0.814700 
0.815200 
0.816000 
0.816300 
0.817000 
0.817400 
0.818500 
0.818800 
0.818800 
0.819000 
0.819300 
0.819800 
0.819900 
0.819900 
0.819900 
0.820100 
0.820300 
0.820300 
0.821000 
0.821300 
0.821300 
0.821600 
0.821800 
0.823700 
0.823900 
0.823900 
0.824000 
0.824900 
0.825400 
0.826400 
0.826900 
0.827200 
0.828200 
0.828800 
0.828900 
0.829300 
0.829900 
0.830400 
0.830700 
0.830700 
0.831100 
0.831600 
0.832100 
0.832200 
0.832200 
0.832300 
0.832500 
0.832900 
0.833000 
0.833600 
0.833800 
0.834400 
0.834500 
0.834900 
0.835000 
0.835100 
0.836500 
0.836800 
0.836800 
0.837500 
0.837800 
0.837900 
0.838400 
0.838900 
0.839000 
0.839500 
0.840100 
0.840200 
0.840800 
0.840800 
0.841300 
0.842800 
0.843200 
0.843400 
0.845000 
0.845200 
0.845200 
0.845400 
0.845500 
0.845600 
0.846200 
0.846300 
0.846400 
0.846500 
0.846600 
0.847000 
0.847100 
0.847700 
0.849100 
0.849700 
0.850200 
0.850500 
0.850600 
0.850900 
0.851000 
0.851100 
0.851200 
0.851300 
0.852500 
0.853500 
0.853600 
0.853600 
0.854600 
0.855800 
0.855900 
0.857200 
0.858800 
0.859100 
0.859700 
0.860300 
0.860400 
0.861100 
0.863200 
0.863200 
0.863500 
0.864400 
0.864600 
0.864700 
0.865400 
0.865500 
0.865500 
0.865500 
0.866300 
0.866400 
0.867200 
0.867300 
0.867400 
0.868200 
0.868200 
0.868500 
0.869000 
0.869300 
0.870300 
0.870500 
0.871100 
0.871400 
0.871700 
0.871900 
0.872600 
0.873100 
0.873200 
0.873500 
0.873800 
0.873900 
0.874300 
0.874700 
0.874800 
0.874900 
0.875500 
0.875600 
0.875900 
0.876100 
0.876900 
0.878100 
0.878300 
0.878800 
0.879500 
0.880600 
0.880800 
0.881000 
0.881400 
0.882200 
0.882200 
0.882300 
0.882300 
0.882300 
0.882600 
0.882700 
0.882700 
0.883700 
0.884300 
0.884700 
0.884800 
0.884800 
0.885300 
0.885900 
0.886200 
0.887200 
0.887200 
0.887500 
0.887700 
0.887700 
0.887900 
0.888300 
0.888500 
0.890400 
0.891400 
0.891700 
0.892200 
0.892300 
0.892700 
0.892700 
0.892900 
0.893500 
0.893800 
0.894400 
0.894700 
0.894800 
0.895100 
0.895200 
0.895600 
0.895700 
0.896900 
0.897100 
0.898100 
0.898300 
0.898700 
0.899200 
0.900100 
0.900400 
0.900600 
0.901300 
0.901400 
0.901800 
0.902000 
0.903400 
0.904100 
0.904500 
0.904900 
0.905200 
0.905400 
0.906000 
0.906200 
0.906700 
0.906900 
0.906900 
0.907000 
0.907200 
0.907400 
0.907500 
0.908300 
0.908300 
0.908300 
0.908600 
0.909300 
0.909400 
0.910000 
0.910300 
0.910400 
0.912000 
0.912100 
0.912300 
0.912400 
0.912600 
0.913700 
0.914400 
0.914700 
0.915200 
0.915300 
0.915500 
0.916300 
0.917000 
0.917000 
0.917000 
0.917400 
0.917600 
0.918200 
0.919200 
0.919700 
0.919900 
0.920400 
0.921200 
0.921300 
0.921600 
0.922000 
0.922000 
0.922300 
0.922500 
0.922500 
0.923200 
0.923300 
0.923600 
0.924700 
0.924700 
0.925000 
0.925600 
0.925600 
0.925900 
0.926900 
0.927000 
0.928500 
0.929300 
0.929900 
0.930800 
0.931300 
0.931300 
0.931400 
0.931800 
0.931900 
0.932100 
0.932600 
0.933400 
0.933600 
0.934200 
0.934400 
0.935900 
0.936500 
0.936500 
0.936900 
0.937000 
0.938100 
0.939100 
0.939100 
0.939300 
0.939500 
0.939600 
0.941000 
0.942100 
0.943700 
0.943900 
0.944000 
0.944100 
0.944100 
0.945700 
0.945700 
0.945900 
0.946100 
0.946700 
0.946900 
0.947300 
0.947700 
0.947800 
0.948100 
0.948100 
0.948200 
0.948600 
0.948800 
0.949600 
0.949700 
0.950300 
0.950400 
0.950600 
0.950600 
0.950800 
0.951000 
0.951700 
0.952200 
0.952700 
0.952900 
0.952900 
0.953200 
0.953400 
0.953600 
0.954200 
0.954300 
0.954600 
0.954700 
0.955200 
0.956200 
0.956600 
0.956800 
0.957100 
0.957400 
0.957500 
0.958500 
0.958800 
0.959100 
0.959300 
0.959600 
0.959700 
0.959800 
0.960900 
0.961400 
0.961400 
0.961900 
0.962700 
0.963700 
0.963800 
0.964100 
0.964400 
0.964600 
0.964900 
0.965300 
0.965300 
0.966500 
0.967900 
0.968200 
0.969300 
0.969400 
0.970600 
0.971400 
0.971700 
0.972600 
0.972600 
0.972900 
0.972900 
0.973800 
0.973900 
0.974200 
0.974400 
0.974500 
0.974800 
0.974800 
0.975500 
0.975700 
0.976900 
0.976900 
0.977000 
0.977200 
0.977900 
0.978400 
0.978500 
0.979500 
0.979900 
0.980200 
0.980600 
0.981500 
0.981700 
0.981900 
0.981900 
0.982400 
0.982700 
0.982800 
0.982900 
0.984600 
0.985600 
0.985900 
0.986600 
0.986900 
0.987500 
0.988000 
0.988400 
0.988500 
0.988600 
0.988800 
0.989000 
0.989100 
0.989200 
0.989600 
0.989800 
0.990500 
0.991100 
0.991400 
0.991700 
0.991700 
0.991900 
0.992500 
0.992500 
0.993300 
0.994200 
0.994700 
0.994800 
0.994900 
0.995000 
0.995000 
0.995100 
0.995100 
0.995300 
0.995400 
0.995600 
0.996300 
0.996300 
0.996600 
0.999000 
0.999300 
0.999700 
1.000100 
1.000300 
1.000900 
1.001000 
1.001300 
1.001400 
1.001700 
1.003100 
1.003200 
1.003400 
1.003600 
1.003900 
1.004000 
1.004100 
1.006000 
1.006200 
1.006400 
1.006500 
1.007500 
1.007900 
1.008100 
1.008200 
1.009400 
1.010300 
1.011100 
1.011300 
1.011600 
1.012100 
1.014500 
1.014500 
1.014500 
1.014700 
1.014800 
1.014900 
1.015400 
1.015500 
1.015600 
1.015700 
1.015900 
1.016000 
1.016200 
1.016600 
1.017200 
1.017700 
1.018500 
1.018600 
1.018800 
1.019100 
1.019500 
1.019600 
1.020200 
1.021200 
1.021700 
1.021700 
1.022900 
1.024100 
1.024900 
1.025000 
1.025200 
1.025400 
1.025500 
1.026300 
1.026400 
1.026400 
1.027300 
1.027900 
1.028100 
1.028200 
1.029200 
1.029300 
1.029600 
1.029700 
1.029900 
1.030300 
1.030900 
1.030900 
1.031000 
1.031400 
1.031700 
1.031800 
1.034000 
1.034800 
1.034900 
1.034900 
1.035000 
1.035100 
1.035100 
1.035700 
1.036200 
1.036700 
1.037100 
1.037300 
1.037700 
1.038100 
1.038700 
1.039700 
1.039800 
1.040000 
1.040600 
1.041100 
1.041500 
1.041800 
1.042100 
1.042700 
1.042900 
1.043100 
1.043600 
1.043700 
1.044000 
1.045100 
1.045100 
1.045100 
1.045300 
1.045700 
1.047300 
1.048900 
1.049700 
1.050200 
1.050800 
1.051300 
1.051300 
1.051500 
1.051600 
1.051600 
1.051900 
1.052100 
1.052200 
1.052400 
1.052700 
1.052900 
1.053100 
1.053200 
1.053200 
1.053300 
1.053500 
1.053600 
1.054500 
1.054600 
1.055200 
1.055300 
1.055300 
1.055800 
1.057700 
1.057900 
1.058000 
1.058400 
1.059100 
1.059200 
1.059800 
1.061600 
1.061800 
1.061900 
1.062000 
1.062500 
1.062800 
1.063100 
1.064200 
1.064400 
1.065400 
1.065600 
1.066000 
1.066200 
1.066300 
1.066400 
1.067400 
1.068400 
1.069200 
1.069400 
1.069600 
1.070000 
1.070400 
1.070500 
1.070900 
1.071200 
1.071400 
1.071800 
1.071900 
1.072100 
1.072600 
1.073300 
1.074500 
1.076000 
1.076200 
1.077000 
1.077900 
1.077900 
1.078000 
1.078100 
1.078200 
1.079000 
1.079200 
1.079400 
1.079900 
1.080100 
1.080600 
1.081300 
1.082800 
1.083000 
1.083300 
1.083500 
1.083600 
1.083800 
1.083800 
1.083900 
1.084100 
1.084300 
1.084500 
1.084900 
1.084900 
1.085300 
1.086100 
1.086200 
1.086900 
1.087300 
1.087700 
1.088300 
1.088400 
1.088600 
1.088900 
1.089600 
1.090100 
1.090600 
1.091100 
1.091900 
1.093000 
1.093300 
1.094200 
1.094500 
1.094700 
1.094700 
1.094900 
1.095000 
1.095100 
1.095400 
1.095600 
1.096000 
1.096500 
1.096600 
1.097500 
1.097500 
1.097700 
1.098400 
1.099600 
1.100100 
1.100600 
1.101400 
1.101400 
1.101900 
1.102300 
1.102400 
1.102400 
1.102500 
1.104100 
1.104800 
1.104900 
1.105000 
1.105900 
1.106300 
1.106800 
1.107300 
1.108100 
1.108300 
1.108800 
1.109300 
1.109300 
1.109800 
1.110000 
1.110900 
1.112000 
1.112500 
1.112500 
1.112800 
1.113300 
1.113500 
1.113600 
1.114300 
1.114300 
1.115700 
1.116300 
1.118000 
1.118300 
1.118600 
1.119100 
1.120000 
1.120900 
1.121700 
1.122100 
1.122400 
1.122500 
1.123200 
1.123800 
1.124900 
1.125500 
1.125500 
1.127000 
1.127000 
1.127100 
1.127300 
1.128900 
1.129700 
1.129900 
1.130000 
1.130100 
1.130400 
1.130800 
1.131400 
1.131900 
1.131900 
1.132200 
1.132700 
1.134200 
1.134700 
1.135400 
1.135600 
1.136600 
1.137000 
1.138000 
1.138900 
1.139100 
1.140100 
1.140400 
1.140800 
1.141500 
1.141800 
1.141900 
1.141900 
1.142000 
1.142600 
1.142700 
1.142800 
1.142800 
1.143300 
1.144600 
1.144900 
1.144900 
1.145600 
1.146200 
1.146500 
1.147200 
1.147800 
1.148500 
1.148700 
1.148800 
1.149200 
1.149800 
1.150200 
1.151200 
1.151400 
1.151900 
1.151900 
1.152400 
1.152500 
1.152700 
1.152700 
1.152800 
1.153800 
1.154100 
1.154700 
1.155300 
1.155800 
1.156300 
1.156600 
1.156800 
1.157100 
1.157400 
1.157400 
1.157400 
1.157600 
1.158200 
1.158500 
1.158900 
1.159800 
1.161200 
1.162900 
1.163000 
1.163100 
1.163500 
1.164600 
1.164700 
1.165100 
1.165600 
1.166400 
1.166500 
1.166700 
1.168400 
1.168700 
1.169000 
1.169600 
1.169900 
1.170600 
1.170900 
1.171300 
1.171800 
1.171900 
1.172000 
1.172300 
1.172600 
1.174700 
1.174900 
1.174900 
1.175800 
1.176500 
1.176600 
1.178300 
1.179000 
1.179600 
1.180100 
1.180500 
1.180900 
1.181900 
1.182000 
1.182100 
1.182600 
1.182700 
1.183500 
1.184100 
1.184300 
1.184400 
1.184900 
1.186100 
1.186500 
1.186600 
1.187200 
1.187500 
1.187900 
1.188000 
1.188400 
1.188400 
1.188500 
1.188500 
1.188900 
1.189000 
1.189100 
1.189800 
1.189800 
1.190700 
1.190900 
1.190900 
1.192100 
1.192200 
1.192600 
1.193600 
1.194000 
1.194300 
1.195800 
1.195800 
1.196400 
1.196700 
1.197800 
1.199100 
1.200400 
1.200600 
1.201400 
1.201400 
1.202000 
1.202600 
1.202600 
1.203000 
1.203400 
1.203500 
1.203600 
1.204000 
1.204400 
1.205200 
1.205800 
1.206100 
1.206100 
1.206300 
1.206600 
1.206600 
1.207000 
1.207200 
1.207300 
1.207600 
1.208200 
1.209000 
1.209400 
1.210100 
1.210300 
1.210700 
1.210800 
1.211100 
1.211200 
1.212200 
1.212300 
1.212400 
1.213200 
1.213300 
1.214700 
1.214700 
1.215000 
1.215000 
1.215100 
1.215100 
1.216200 
1.216600 
1.216600 
1.216800 
1.217300 
1.217500 
1.218300 
1.218500 
1.218900 
1.218900 
1.219900 
1.220100 
1.220500 
1.221700 
1.222400 
1.222900 
1.223200 
1.223900 
1.224200 
1.224600 
1.224700 
1.225200 
1.226300 
1.228800 
1.228900 
1.229200 
1.229300 
1.229900 
1.230300 
1.230400 
1.230400 
1.230400 
1.231900 
1.232100 
1.232500 
1.233300 
1.234300 
1.234600 
1.234700 
1.234900 
1.236400 
1.236800 
1.237100 
1.237100 
1.238200 
1.238400 
1.238500 
1.238700 
1.239000 
1.239000 
1.239400 
1.239600 
1.240000 
1.240600 
1.241100 
1.241400 
1.241900 
1.242600 
1.242900 
1.243100 
1.243200 
1.243400 
1.243700 
1.243700 
1.243800 
1.244700 
1.244900 
1.245300 
1.245500 
1.247100 
1.247200 
1.248600 
1.249300 
1.249900 
1.250300 
1.250900 
1.251400 
1.251700 
1.251900 
1.251900 
1.252200 
1.252700 
1.252900 
1.253700 
1.253800 
1.254100 
1.254600 
1.254700 
1.255300 
1.255300 
1.255800 
1.256500 
1.257300 
1.257400 
1.258000 
1.258800 
1.259400 
1.259500 
1.259700 
1.260100 
1.260300 
1.261200 
1.261400 
1.261500 
1.261500 
1.262800 
1.263000 
1.263300 
1.263400 
1.263500 
1.264700 
1.265000 
1.265300 
1.265600 
1.265600 
1.265800 
1.266300 
1.266500 
1.267000 
1.267100 
1.267500 
1.268000 
1.268100 
1.268400 
1.269200 
1.270000 
1.270200 
1.270900 
1.271000 
1.271300 
1.273000 
1.273100 
1.273900 
1.274000 
1.274300 
1.274800 
1.275000 
1.275100 
1.275100 
1.275400 
1.276800 
1.276800 
1.277000 
1.277800 
1.278100 
1.278700 
1.278900 
1.279600 
1.279700 
1.279700 
1.279700 
1.280200 
1.281100 
1.282300 
1.282400 
1.282800 
1.283200 
1.283300 
1.283700 
1.285000 
1.285500 
1.285600 
1.286200 
1.286500 
1.286700 
1.287100 
1.287200 
1.287300 
1.287700 
1.288200 
1.288200 
1.288400 
1.288700 
1.288700 
1.289800 
1.289800 
1.289900 
1.290100 
1.290100 
1.290300 
1.290400 
1.290700 
1.291400 
1.292300 
1.292600 
1.292800 
1.293100 
1.293300 
1.293300 
1.295200 
1.295200 
1.295400 
1.297200 
1.297200 
1.299100 
1.299500 
1.299700 
1.299800 
1.300400 
1.300900 
1.301100 
1.301100 
1.303600 
1.303700 
1.305400 
1.305600 
1.305600 
1.305600 
1.305900 
1.306700 
1.306800 
1.307100 
1.307800 
1.308300 
1.308300 
1.308500 
1.308900 
1.309000 
1.309600 
1.310100 
1.311700 
1.312000 
1.312500 
1.313100 
1.313200 
1.313300 
1.313800 
1.314000 
1.314100 
1.314200 
1.315200 
1.315900 
1.316500 
1.317600 
1.317800 
1.318100 
1.319600 
1.321100 
1.321600 
1.321900 
1.322800 
1.323200 
1.323300 
1.323300 
1.323700 
1.324200 
1.324300 
1.325300 
1.325400 
1.326000 
1.326000 
1.326100 
1.326400 
1.326600 
1.327300 
1.327900 
1.328000 
1.328100 
1.328400 
1.328600 
1.328700 
1.329600 
1.329700 
1.329800 
1.330500 
1.330700 
1.331000 
1.331500 
1.331600 
1.332300 
1.332500 
1.332700 
1.332700 
1.333100 
1.333300 
1.333300 
1.333400 
1.333700 
1.334100 
1.335400 
1.335600 
1.335700 
1.336300 
1.336700 
1.336900 
1.337000 
1.337200 
1.337600 
1.338200 
1.338400 
1.338600 
1.339500 
1.339500 
1.340600 
1.341100 
1.341700 
1.341700 
1.342400 
1.342800 
1.342800 
1.343400 
1.343500 
1.343600 
1.343700 
1.344500 
1.344500 
1.345300 
1.345900 
1.347100 
1.347100 
1.347900 
1.348600 
1.348600 
1.348600 
1.349000 
1.349100 
1.349300 
1.350200 
1.350600 
1.351300 
1.351500 
1.351800 
1.352100 
1.352100 
1.353600 
1.354200 
1.354500 
1.354700 
1.354700 
1.354900 
1.356500 
1.357200 
1.357700 
1.357800 
1.358400 
1.360000 
1.360000 
1.360500 
1.361300 
1.361300 
1.362100 
1.362300 
1.362800 
1.363200 
1.363700 
1.363800 
1.363800 
1.363800 
1.364200 
1.364600 
1.365600 
1.365900 
1.366900 
1.367200 
1.367500 
1.368400 
1.368500 
1.370200 
1.371100 
1.371400 
1.371400 
1.371400 
1.371600 
1.372300 
1.372300 
1.373000 
1.373100 
1.373100 
1.373600 
1.374100 
1.375000 
1.375100 
1.375100 
1.375700 
1.375800 
1.376000 
1.376000 
1.376000 
1.377100 
1.377300 
1.377700 
1.378100 
1.378400 
1.378500 
1.378600 
1.378800 
1.380200 
1.380300 
1.381600 
1.382300 
1.382600 
1.384000 
1.385300 
1.385500 
1.385600 
1.385900 
1.385900 
1.386500 
1.386600 
1.386800 
1.386900 
1.387000 
1.387100 
1.388800 
1.389000 
1.389600 
1.389600 
1.389800 
1.391300 
1.391700 
1.391900 
1.392300 
1.392500 
1.392700 
1.393600 
1.393700 
1.393700 
1.394200 
1.394700 
1.395100 
1.395200 
1.395600 
1.395800 
1.396000 
1.396900 
1.397000 
1.397400 
1.398100 
1.398200 
1.399300 
1.399300 
1.399500 
1.399800 
1.400200 
1.400200 
1.400400 
1.401400 
1.401500 
1.401800 
1.402100 
1.403300 
1.403500 
1.403500 
1.404200 
1.404400 
1.404800 
1.405800 
1.406100 
1.406600 
1.406800 
1.406900 
1.407500 
1.407700 
1.408400 
1.408700 
1.409600 
1.409700 
1.409900 
1.410200 
1.410400 
1.412000 
1.412200 
1.413200 
1.413700 
1.413900 
1.414600 
1.414900 
1.415400 
1.415700 
1.415800 
1.415900 
1.415900 
1.415900 
1.416100 
1.416500 
1.416800 
1.417300 
1.417600 
1.418400 
1.418500 
1.418600 
1.418900 
1.419400 
1.419600 
1.420500 
1.420500 
1.420800 
1.421000 
1.421100 
1.421500 
1.421900 
1.421900 
1.422200 
1.422200 
1.422900 
1.422900 
1.425100 
1.425500 
1.425900 
1.426300 
1.426600 
1.427400 
1.428100 
1.428500 
1.428800 
1.429000 
1.430300 
1.430700 
1.431400 
1.431500 
1.432600 
1.432600 
1.433100 
1.435800 
1.436200 
1.436900 
1.436900 
1.437400 
1.437400 
1.438000 
1.438400 
1.438700 
1.438700 
1.439000 
1.439400 
1.440300 
1.440700 
1.440800 
1.440900 
1.441000 
1.441200 
1.441400 
1.441500 
1.441800 
1.442700 
1.443000 
1.444100 
1.445000 
1.445200 
1.445500 
1.446100 
1.446300 
1.446400 
1.446900 
1.449100 
1.449900 
1.450200 
1.450300 
1.450400 
1.450500 
1.450600 
1.451300 
1.451400 
1.451800 
1.452000 
1.452300 
1.453800 
1.455600 
1.456000 
1.456300 
1.456500 
1.458000 
1.458300 
1.458400 
1.458900 
1.459800 
1.459800 
1.460900 
1.461400 
1.461600 
1.462300 
1.462700 
1.462700 
1.462800 
1.463200 
1.463300 
1.463300 
1.463300 
1.463400 
1.463500 
1.464600 
1.464700 
1.464900 
1.465300 
1.466300 
1.466500 
1.466500 
1.467000 
1.467200 
1.467200 
1.467200 
1.467400 
1.467700 
1.467700 
1.468000 
1.468000 
1.468200 
1.468500 
1.468700 
1.469500 
1.470200 
1.470300 
1.470900 
1.471000 
1.471100 
1.471200 
1.471300 
1.471800 
1.472700 
1.472900 
1.473100 
1.475500 
1.476200 
1.476900 
1.477700 
1.478400 
1.478600 
1.479200 
1.479700 
1.480200 
1.481400 
1.482300 
1.482300 
1.483200 
1.483700 
1.484100 
1.484500 
1.484800 
1.485200 
1.485500 
1.486000 
1.486100 
1.486100 
1.486400 
1.486500 
1.487400 
1.487600 
1.487700 
1.487800 
1.488000 
1.488300 
1.488400 
1.488500 
1.488700 
1.489500 
1.489600 
1.490400 
1.490800 
1.490900 
1.491400 
1.491500 
1.491800 
1.493300 
1.493600 
1.493800 
1.494200 
1.494600 
1.495300 
1.495300 
1.496400 
1.498600 
1.499100 
1.499700 
1.499800 
1.500400 
1.500900 
1.501000 
1.501700 
1.501800 
1.502200 
1.502400 
1.502500 
1.503100 
1.503900 
1.505900 
1.506000 
1.506900 
1.507700 
1.508400 
1.508400 
1.508600 
1.508800 
1.509100 
1.510300 
1.510900 
1.511800 
1.512500 
1.512800 
1.513500 
1.513500 
1.514000 
1.514200 
1.514500 
1.514700 
1.514700 
1.514800 
1.514900 
1.515200 
1.515400 
1.515600 
1.515800 
1.516100 
1.516200 
1.516600 
1.516600 
1.516800 
1.517100 
1.518500 
1.518800 
1.519200 
1.519400 
1.520200 
1.520300 
1.520400 
1.521600 
1.521600 
1.521700 
1.522200 
1.522300 
1.522500 
1.522500 
1.522700 
1.523000 
1.523400 
1.523800 
1.524300 
1.524900 
1.525300 
1.525600 
1.526300 
1.526900 
1.528100 
1.528500 
1.529200 
1.530200 
1.530200 
1.530900 
1.531200 
1.531200 
1.531900 
1.532700 
1.532800 
1.533000 
1.535300 
1.535400 
1.536400 
1.537000 
1.537500 
1.538000 
1.538700 
1.538900 
1.539000 
1.539300 
1.540500 
1.540900 
1.541100 
1.541200 
1.541300 
1.542200 
1.542300 
1.542300 
1.542400 
1.542600 
1.543500 
1.544000 
1.545700 
1.546200 
1.546300 
1.546700 
1.548700 
1.549200 
1.549700 
1.549900 
1.550600 
1.550600 
1.551000 
1.551100 
1.551400 
1.552100 
1.552200 
1.552300 
1.552800 
1.554300 
1.554400 
1.554700 
1.555000 
1.555100 
1.555500 
1.555600 
1.555800 
1.555900 
1.556500 
1.556600 
1.556900 
1.557000 
1.557200 
1.557500 
1.557600 
1.557700 
1.557900 
1.558500 
1.558500 
1.559100 
1.559400 
1.561200 
1.563400 
1.564100 
1.564300 
1.565500 
1.565900 
1.566500 
1.566500 
1.566700 
1.566800 
1.567500 
1.568300 
1.568500 
1.569000 
1.569700 
1.569700 
1.570300 
1.570700 
1.571300 
1.571700 
1.572200 
1.572400 
1.572800 
1.573400 
1.574700 
1.574800 
1.575300 
1.575300 
1.575400 
1.575400 
1.575800 
1.576000 
1.577200 
1.577800 
1.578000 
1.578000 
1.578600 
1.579400 
1.579400 
1.579500 
1.579500 
1.579700 
1.580400 
1.580400 
1.580600 
1.580900 
1.581200 
1.581200 
1.581300 
1.581700 
1.582000 
1.582100 
1.582400 
1.584000 
1.584400 
1.584500 
1.585600 
1.586000 
1.586800 
1.587000 
1.587400 
1.588300 
1.589400 
1.590000 
1.590000 
1.590400 
1.590800 
1.591000 
1.591300 
1.591800 
1.592500 
1.592800 
1.593000 
1.593300 
1.594400 
1.594600 
1.595100 
1.595300 
1.596100 
1.596300 
1.596400 
1.597200 
1.597900 
1.597900 
1.598400 
1.599400 
1.599400 
1.599400 
1.599900 
1.600000 
1.600300 
1.600600 
1.603200 
1.603300 
1.603400 
1.603600 
1.603600 
1.603600 
1.603800 
1.603800 
1.604000 
1.604500 
1.604800 
1.604800 
1.606100 
1.606500 
1.606800 
1.606900 
1.607100 
1.607600 
1.607800 
1.608200 
1.608700 
1.609200 
1.609600 
1.609700 
1.610000 
1.610300 
1.610500 
1.611000 
1.611100 
1.611500 
1.611900 
1.611900 
1.613000 
1.613800 
1.614200 
1.614500 
1.614700 
1.615000 
1.615600 
1.615800 
1.616100 
1.616200 
1.616500 
1.618500 
1.618600 
1.619000 
1.619900 
1.620500 
1.620900 
1.621400 
1.621400 
1.621500 
1.621500 
1.621700 
1.622800 
1.622800 
1.623300 
1.624100 
1.624500 
1.625000 
1.625300 
1.625300 
1.625300 
1.626700 
1.627100 
1.628400 
1.628600 
1.628900 
1.629600 
1.629700 
1.629800 
1.631500 
1.631800 
1.631800 
1.631800 
1.632100 
1.632500 
1.633000 
1.634200 
1.634700 
1.634800 
1.635500 
1.635900 
1.636600 
1.637700 
1.637800 
1.637900 
1.638400 
1.638500 
1.638700 
1.639200 
1.639300 
1.639300 
1.639400 
1.639700 
1.640800 
1.641200 
1.641500 
1.641700 
1.643000 
1.644000 
1.645000 
1.645700 
1.646700 
1.647100 
1.647300 
1.647400 
1.647800 
1.648800 
1.649000 
1.649000 
1.649300 
1.650100 
1.650500 
1.650700 
1.650700 
1.651600 
1.651800 
1.651800 
1.653400 
1.653400 
1.653500 
1.653700 
1.653800 
1.653900 
1.654500 
1.654900 
1.655600 
1.655600 
1.656100 
1.656400 
1.657000 
1.658700 
1.658900 
1.659700 
1.659900 
1.659900 
1.660900 
1.661000 
1.661300 
1.661400 
1.661800 
1.662000 
1.662500 
1.662800 
1.663000 
1.663200 
1.664200 
1.664200 
1.664400 
1.664800 
1.665400 
1.665600 
1.665800 
1.666800 
1.667000 
1.667300 
1.667900 
1.671700 
1.671900 
1.671900 
1.672200 
1.672600 
1.672800 
1.672900 
1.673200 
1.673500 
1.673800 
1.673800 
1.673900 
1.674200 
1.674700 
1.675400 
1.675600 
1.675600 
1.675700 
1.675700 
1.677000 
1.678000 
1.679000 
1.679600 
1.679800 
1.681400 
1.681600 
1.681900 
1.682100 
1.682300 
1.682300 
1.682300 
1.682400 
1.682600 
1.682700 
1.683100 
1.683200 
1.683400 
1.683500 
1.683800 
1.684600 
1.684600 
1.685400 
1.686300 
1.687200 
1.688000 
1.688200 
1.688300 
1.689200 
1.689300 
1.689500 
1.689600 
1.689800 
1.690200 
1.690300 
1.692300 
1.693400 
1.693500 
1.694500 
1.694800 
1.694900 
1.695300 
1.695400 
1.695600 
1.695700 
1.696900 
1.697400 
1.697400 
1.697600 
1.698000 
1.698100 
1.698700 
1.699300 
1.699600 
1.699600 
1.699700 
1.699700 
1.700100 
1.700700 
1.700900 
1.702400 
1.702500 
1.703200 
1.704500 
1.704600 
1.705700 
1.705900 
1.706000 
1.706100 
1.706500 
1.706800 
1.706800 
1.707900 
1.709100 
1.709600 
1.709600 
1.710000 
1.710500 
1.710900 
1.711000 
1.711200 
1.711300 
1.711500 
1.712100 
1.712600 
1.712800 
1.713300 
1.713900 
1.714600 
1.715100 
1.715100 
1.716500 
1.717200 
1.717800 
1.718000 
1.718000 
1.718700 
1.718700 
1.718700 
1.718700 
1.719100 
1.719200 
1.719200 
1.720100 
1.720800 
1.721000 
1.721200 
1.721300 
1.721600 
1.721700 
1.722100 
1.723000 
1.723600 
1.723900 
1.724800 
1.725600 
1.725900 
1.726200 
1.726200 
1.727400 
1.727700 
1.727700 
1.729700 
1.730000 
1.730500 
1.730700 
1.731000 
1.731600 
1.731700 
1.732500 
1.732700 
1.732700 
1.732900 
1.733800 
1.734100 
1.734500 
1.735000 
1.735400 
1.735600 
1.736100 
1.736300 
1.736800 
1.737200 
1.738100 
1.738800 
1.738800 
1.738900 
1.739100 
1.739300 
1.740000 
1.740300 
1.740400 
1.740600 
1.740800 
1.741400 
1.742000 
1.742100 
1.742100 
1.743000 
1.743600 
1.743900 
1.744700 
1.745100 
1.746100 
1.746300 
1.746500 
1.747900 
1.748100 
1.748700 
1.749100 
1.749600 
1.749700 
1.749800 
1.749900 
1.750500 
1.750700 
1.750900 
1.751000 
1.752000 
1.752600 
1.753100 
1.754300 
1.755200 
1.756500 
1.756600 
1.758000 
1.758100 
1.759000 
1.759400 
1.760300 
1.760700 
1.761600 
1.762000 
1.762200 
1.763000 
1.763300 
1.763900 
1.764300 
1.764700 
1.765400 
1.765500 
1.766600 
1.766700 
1.767100 
1.768100 
1.768600 
1.768800 
1.769000 
1.769100 
1.769200 
1.769800 
1.769900 
1.770500 
1.770600 
1.771100 
1.771100 
1.771200 
1.772000 
1.772200 
1.772300 
1.772600 
1.772700 
1.774100 
1.775300 
1.776000 
1.776000 
1.776100 
1.776200 
1.776400 
1.777000 
1.777500 
1.777700 
1.778000 
1.778200 
1.778400 
1.778900 
1.779300 
1.779400 
1.779600 
1.779800 
1.780400 
1.781000 
1.781200 
1.781200 
1.781500 
1.781600 
1.782600 
1.783300 
1.783500 
1.783700 
1.783900 
1.785000 
1.785400 
1.785700 
1.785800 
1.786300 
1.786400 
1.786400 
1.786900 
1.788100 
1.789100 
1.789500 
1.789700 
1.790200 
1.790200 
1.790300 
1.791200 
1.792300 
1.792500 
1.792700 
1.792900 
1.793100 
1.793500 
1.793600 
1.794400 
1.794400 
1.794900 
1.795300 
1.795400 
1.796300 
1.796400 
1.797000 
1.797800 
1.798300 
1.798400 
1.798500 
1.798900 
1.799800 
1.800400 
1.800500 
1.800600 
1.800800 
1.800900 
1.800900 
1.801000 
1.801100 
1.802200 
1.803100 
1.803400 
1.804300 
1.804300 
1.805300 
1.805500 
1.807100 
1.807300 
1.807400 
1.808000 
1.808200 
1.808500 
1.808600 
1.808700 
1.809200 
1.809400 
1.809600 
1.809800 
1.809800 
1.809900 
1.810500 
1.810700 
1.811200 
1.811200 
1.811700 
1.813200 
1.813300 
1.814800 
1.816600 
1.816700 
1.817000 
1.817400 
1.817900 
1.818100 
1.818700 
1.818900 
1.819100 
1.819600 
1.819800 
1.819900 
1.819900 
1.820300 
1.820400 
1.820800 
1.821000 
1.821600 
1.821700 
1.821700 
1.821900 
1.821900 
1.822300 
1.822600 
1.822700 
1.824000 
1.824300 
1.824700 
1.827200 
1.827400 
1.827500 
1.827700 
1.828700 
1.828900 
1.829700 
1.830200 
1.830300 
1.830400 
1.831000 
1.831100 
1.831200 
1.831300 
1.831800 
1.832000 
1.832200 
1.832200 
1.832600 
1.832700 
1.832900 
1.833600 
1.834000 
1.834100 
1.834100 
1.834900 
1.835400 
1.835700 
1.835700 
1.835700 
1.836100 
1.836200 
1.837300 
1.837800 
1.838700 
1.838900 
1.839100 
1.839400 
1.839500 
1.839700 
1.840000 
1.841000 
1.841800 
1.842400 
1.842700 
1.843300 
1.843500 
1.843600 
1.843800 
1.844100 
1.844200 
1.845300 
1.845600 
1.845800 
1.846400 
1.846400 
1.847000 
1.847800 
1.848100 
1.848200 
1.848600 
1.850400 
1.851300 
1.851400 
1.852600 
1.852900 
1.853400 
1.853400 
1.854200 
1.854300 
1.854300 
1.854500 
1.854600 
1.855400 
1.855500 
1.855800 
1.855800 
1.856200 
1.856200 
1.856400 
1.857000 
1.857200 
1.858500 
1.858800 
1.858800 
1.859400 
1.860100 
1.860400 
1.860700 
1.861100 
1.861300 
1.861500 
1.861500 
1.862000 
1.862400 
1.862600 
1.862700 
1.862700 
1.863100 
1.863200 
1.863200 
1.864800 
1.864800 
1.865000 
1.866000 
1.866100 
1.866800 
1.867300 
1.867500 
1.867600 
1.867800 
1.870300 
1.870400 
1.870900 
1.871900 
1.872000 
1.872700 
1.874000 
1.874000 
1.874500 
1.875000 
1.875300 
1.875500 
1.875700 
1.875800 
1.876400 
1.876700 
1.878100 
1.878200 
1.878800 
1.878900 
1.879700 
1.879800 
1.880000 
1.881300 
1.881700 
1.882100 
1.882600 
1.883400 
1.884600 
1.885400 
1.886100 
1.886400 
1.886500 
1.887000 
1.887200 
1.888200 
1.888400 
1.888400 
1.889300 
1.889500 
1.889600 
1.891000 
1.891000 
1.891100 
1.891200 
1.891400 
1.892200 
1.892800 
1.893000 
1.893400 
1.893500 
1.893500 
1.893900 
1.894300 
1.894400 
1.894600 
1.896000 
1.897200 
1.897200 
1.898300 
1.898400 
1.898500 
1.899300 
1.899300 
1.899700 
1.900600 
1.901300 
1.901400 
1.901500 
1.901500 
1.902100 
1.902100 
1.902200 
1.902200 
1.902300 
1.902400 
1.902900 
1.905000 
1.905400 
1.905800 
1.905800 
1.905900 
1.906200 
1.906200 
1.906500 
1.906800 
1.906800 
1.907200 
1.907300 
1.907500 
1.908100 
1.908200 
1.908300 
1.908300 
1.909200 
1.909900 
1.910200 
1.911500 
1.912200 
1.912400 
1.912500 
1.912700 
1.912900 
1.913600 
1.913800 
1.914200 
1.914400 
1.914600 
1.914600 
1.914900 
1.915400 
1.915400 
1.915700 
1.915700 
1.915800 
1.917000 
1.917300 
1.917300 
1.917500 
1.918600 
1.918800 
1.920200 
1.920700 
1.921100 
1.922000 
1.922100 
1.922200 
1.922900 
1.923500 
1.923900 
1.924000 
1.924600 
1.924700 
1.925000 
1.925100 
1.925300 
1.925400 
1.926700 
1.926700 
1.927300 
1.927600 
1.928400 
1.929600 
1.929800 
1.930300 
1.930700 
1.930800 
1.931100 
1.931100 
1.931500 
1.931800 
1.932100 
1.932300 
1.932400 
1.932500 
1.932600 
1.932700 
1.933000 
1.933000 
1.933800 
1.933900 
1.934300 
1.934400 
1.935800 
1.936200 
1.936400 
1.936800 
1.937200 
1.938200 
1.939200 
1.939300 
1.939300 
1.939700 
1.939800 
1.940000 
1.940100 
1.940600 
1.940600 
1.940800 
1.941000 
1.941200 
1.941300 
1.941400 
1.942700 
1.942900 
1.943500 
1.944600 
1.946600 
1.948000 
1.948000 
1.948100 
1.948100 
1.948500 
1.948500 
1.948900 
1.949100 
1.950900 
1.951600 
1.951900 
1.952300 
1.952500 
1.952800 
1.953100 
1.954100 
1.954200 
1.954700 
1.954900 
1.955100 
1.955500 
1.955500 
1.955700 
1.956000 
1.956600 
1.956800 
1.957100 
1.957200 
1.957700 
1.957700 
1.958000 
1.958000 
1.958200 
1.958300 
1.958900 
1.959700 
1.960200 
1.961100 
1.961400 
1.962700 
1.962900 
1.963000 
1.963600 
1.963800 
1.963800 
1.964400 
1.964500 
1.964700 
1.965100 
1.965100 
1.965200 
1.965200 
1.966400 
1.966600 
1.967300 
1.967700 
1.968100 
1.968300 
1.968600 
1.970000 
1.970200 
1.970700 
1.971300 
1.972200 
1.972800 
1.973600 
1.974000 
1.974300 
1.974600 
1.975200 
1.975600 
1.976000 
1.976500 
1.976600 
1.977200 
1.977400 
1.978000 
1.978200 
1.978900 
1.979000 
1.979000 
1.979700 
1.979800 
1.980000 
1.980800 
1.981200 
1.981200 
1.981700 
1.982400 
1.983200 
1.983200 
1.983900 
1.984000 
1.984300 
1.984900 
1.984900 
1.986100 
1.987500 
1.987700 
1.987900 
1.987900 
1.988700 
1.988900 
1.989000 
1.989400 
1.990000 
1.990100 
1.991000 
1.991100 
1.991500 
1.992400 
1.992700 
1.992800 
1.994400 
1.995700 
1.996000 
1.996000 
1.997500 
1.997800 
1.997800 
1.998100 
1.999400 
1.999400 
2.000000 
2.000300 
2.000400 
2.000600 
2.000700 
2.000800 
2.001300 
2.001800 
2.002600 
2.002800 
2.003100 
2.003300 
2.003500 
2.004700 
2.005500 
2.005700 
2.006000 
2.006100 
2.006300 
2.006400 
2.006600 
2.006600 
2.007000 
2.007600 
2.007900 
2.008400 
2.008500 
2.009100 
2.009200 
2.010200 
2.010400 
2.010700 
2.011000 
2.011100 
2.011200 
2.011400 
2.011800 
2.012200 
2.012300 
2.012700 
2.012700 
2.013800 
2.014200 
2.014200 
2.014500 
2.014800 
2.015100 
2.015700 
2.015800 
2.016800 
2.017000 
2.017100 
2.017300 
2.017700 
2.018000 
2.018100 
2.018200 
2.018600 
2.018700 
2.018800 
2.019000 
2.019900 
2.020000 
2.020100 
2.021000 
2.021100 
2.021700 
2.022100 
2.022300 
2.022300 
2.022700 
2.022900 
2.023300 
2.023900 
2.024600 
2.024600 
2.025800 
2.026700 
2.027300 
2.027600 
2.027700 
2.027800 
2.028100 
2.028300 
2.028700 
2.029000 
2.030200 
2.030200 
2.030500 
2.030600 
2.030600 
2.030600 
2.031300 
2.031300 
2.031500 
2.031600 
2.032100 
2.032200 
2.032300 
2.032700 
2.032800 
2.032800 
2.033300 
2.033500 
2.034000 
2.034400 
2.034700 
2.035100 
2.037300 
2.037900 
2.038100 
2.038700 
2.039600 
2.039600 
2.040600 
2.040600 
2.040800 
2.042500 
2.042500 
2.043000 
2.043400 
2.043600 
2.043700 
2.044200 
2.044600 
2.045700 
2.046700 
2.047800 
2.048200 
2.049300 
2.049300 
2.049500 
2.049600 
2.050000 
2.050000 
2.050100 
2.050200 
2.050900 
2.053000 
2.053000 
2.053400 
2.053400 
2.053600 
2.053600 
2.053700 
2.053900 
2.054200 
2.054500 
2.054500 
2.054500 
2.055000 
2.055000 
2.055800 
2.055900 
2.056100 
2.056200 
2.058100 
2.058200 
2.058500 
2.058600 
2.059200 
2.059800 
2.059800 
2.060200 
2.060900 
2.060900 
2.062100 
2.063800 
2.063800 
2.063900 
2.063900 
2.064200 
2.064700 
2.065200 
2.065800 
2.066100 
2.066400 
2.067300 
2.068000 
2.068100 
2.068700 
2.068900 
2.069200 
2.069300 
2.069300 
2.069800 
2.070000 
2.070800 
2.070900 
2.070900 
2.071200 
2.071600 
2.071700 
2.072700 
2.072700 
2.073500 
2.074300 
2.074500 
2.075000 
2.075300 
2.075300 
2.078400 
2.079300 
2.080100 
2.080300 
2.080400 
2.080600 
2.081400 
2.081400 
2.081900 
2.082100 
2.082500 
2.083100 
2.083200 
2.085000 
2.085800 
2.085900 
2.086900 
2.087100 
2.087600 
2.087700 
2.088000 
2.088500 
2.088700 
2.088700 
2.088700 
2.089000 
2.089600 
2.089700 
2.089800 
2.091200 
2.091600 
2.093300 
2.093500 
2.094100 
2.095000 
2.095100 
2.096400 
2.096600 
2.096700 
2.097000 
2.097000 
2.097100 
2.097200 
2.097700 
2.097800 
2.098000 
2.098000 
2.098900 
2.099300 
2.099400 
2.099800 
2.100700 
2.103000 
2.104000 
2.104300 
2.104400 
2.104700 
2.104700 
2.105800 
2.106100 
2.106200 
2.107300 
2.108000 
2.108500 
2.108700 
2.109000 
2.109300 
2.109400 
2.110400 
2.110700 
2.110800 
2.110900 
2.111000 
2.111600 
2.111600 
2.111700 
2.112200 
2.112400 
2.112900 
2.113300 
2.113500 
2.113900 
2.114400 
2.114900 
2.114900 
2.115000 
2.115500 
2.115800 
2.117200 
2.117300 
2.117400 
2.117400 
2.118600 
2.119700 
2.120100 
2.120100 
2.120100 
2.120600 
2.120600 
2.120700 
2.120800 
2.120900 
2.121100 
2.121600 
2.122100 
2.123100 
2.123300 
2.123900 
2.124200 
2.124600 
2.125400 
2.127700 
2.127900 
2.128800 
2.129400 
2.129500 
2.129700 
2.130200 
2.131400 
2.131800 
2.131900 
2.132100 
2.132400 
2.132500 
2.132900 
2.133000 
2.133200 
2.133300 
2.133500 
2.133700 
2.134400 
2.135100 
2.135200 
2.136100 
2.136600 
2.136800 
2.137900 
2.138500 
2.138900 
2.138900 
2.139300 
2.140700 
2.140800 
2.141200 
2.141500 
2.142100 
2.142300 
2.142800 
2.144200 
2.144400 
2.145900 
2.146000 
2.146700 
2.146900 
2.147400 
2.148000 
2.148100 
2.148300 
2.149300 
2.149300 
2.149300 
2.149400 
2.149600 
2.150300 
2.150500 
2.151100 
2.151800 
2.151900 
2.153900 
2.154600 
2.155200 
2.156300 
2.156400 
2.156700 
2.156700 
2.156700 
2.157200 
2.157500 
2.157800 
2.157900 
2.157900 
2.158300 
2.158700 
2.158700 
2.159200 
2.159400 
2.159700 
2.160200 
2.161000 
2.161100 
2.161700 
2.161900 
2.162000 
2.162200 
2.162300 
2.164800 
2.164800 
2.164900 
2.166900 
2.166900 
2.168000 
2.168100 
2.168100 
2.168500 
2.169200 
2.169300 
2.169500 
2.169500 
2.169700 
2.169700 
2.169900 
2.170000 
2.170400 
2.170700 
2.171300 
2.171600 
2.173300 
2.173300 
2.173600 
2.174000 
2.174000 
2.174500 
2.176100 
2.176600 
2.177500 
2.178700 
2.178900 
2.179000 
2.179300 
2.179500 
2.179700 
2.180100 
2.180200 
2.180300 
2.180900 
2.181300 
2.181900 
2.182100 
2.182700 
2.183100 
2.183200 
2.183600 
2.184000 
2.184000 
2.184100 
2.184500 
2.184900 
2.185600 
2.186000 
2.186000 
2.187100 
2.187600 
2.188200 
2.188400 
2.189200 
2.189500 
2.190100 
2.190400 
2.190400 
2.190600 
2.190900 
2.191200 
2.191300 
2.191300 
2.191500 
2.193000 
2.193200 
2.193400 
2.194100 
2.195500 
2.195600 
2.196400 
2.196400 
2.196700 
2.197900 
2.198800 
2.199300 
2.199400 
2.200000 
2.200500 
2.201300 
2.202400 
2.202400 
2.202700 
2.202800 
2.203300 
2.203300 
2.203500 
2.204200 
2.204300 
2.204500 
2.204700 
2.204900 
2.205100 
2.205600 
2.205800 
2.205900 
2.206000 
2.206500 
2.207800 
2.207800 
2.207900 
2.208500 
2.208600 
2.208700 
2.209600 
2.210100 
2.210600 
2.211000 
2.211100 
2.211300 
2.212200 
2.212500 
2.213000 
2.213400 
2.214200 
2.214700 
2.215000 
2.215500 
2.216300 
2.216700 
2.216800 
2.217400 
2.217900 
2.218400 
2.218400 
2.219400 
2.219700 
2.220100 
2.220100 
2.220300 
2.221100 
2.221800 
2.222000 
2.222300 
2.222600 
2.223600 
2.223700 
2.223800 
2.224000 
2.224400 
2.224500 
2.225200 
2.225200 
2.225300 
2.225400 
2.225600 
2.225800 
2.226200 
2.226300 
2.227100 
2.228600 
2.229100 
2.230300 
2.230700 
2.230900 
2.231300 
2.231600 
2.231600 
2.231700 
2.231900 
2.231900 
2.232600 
2.232900 
2.233100 
2.233100 
2.233600 
2.233600 
2.233800 
2.235000 
2.235300 
2.236600 
2.237400 
2.238400 
2.238900 
2.240300 
2.240500 
2.240700 
2.240900 
2.240900 
2.241400 
2.241500 
2.241700 
2.241800 
2.242400 
2.242900 
2.243500 
2.243600 
2.244000 
2.244500 
2.244800 
2.245000 
2.245100 
2.245400 
2.245800 
2.246300 
2.246400 
2.247500 
2.248200 
2.249400 
2.249800 
2.250400 
2.251400 
2.251800 
2.252000 
2.252100 
2.252100 
2.252700 
2.253300 
2.253800 
2.254200 
2.254200 
2.254900 
2.255500 
2.255500 
2.256000 
2.256200 
2.256300 
2.256600 
2.256900 
2.257300 
2.257400 
2.257900 
2.258000 
2.258700 
2.259100 
2.259200 
2.260000 
2.260400 
2.261300 
2.261900 
2.262300 
2.263300 
2.263400 
2.263400 
2.263500 
2.263700 
2.263700 
2.264000 
2.264300 
2.264500 
2.264600 
2.264700 
2.264700 
2.265800 
2.266000 
2.266300 
2.266800 
2.267400 
2.267800 
2.268300 
2.269700 
2.270000 
2.270200 
2.270800 
2.271300 
2.271400 
2.271400 
2.271500 
2.272100 
2.272400 
2.272500 
2.272800 
2.272900 
2.273600 
2.275000 
2.275800 
2.275900 
2.275900 
2.276000 
2.276200 
2.277200 
2.277300 
2.278500 
2.278800 
2.278900 
2.279400 
2.279500 
2.279600 
2.279900 
2.280300 
2.281000 
2.281100 
2.281500 
2.282400 
2.282500 
2.284400 
2.284800 
2.284900 
2.284900 
2.285300 
2.285500 
2.286800 
2.287200 
2.288200 
2.288800 
2.288900 
2.288900 
2.290500 
2.290700 
2.290900 
2.291000 
2.291100 
2.291800 
2.292800 
2.293700 
2.293700 
2.294500 
2.294600 
2.294800 
2.296300 
2.297000 
2.297500 
2.298000 
2.298200 
2.299400 
2.300200 
2.300300 
2.300400 
2.301000 
2.301500 
2.301700 
2.302000 
2.302800 
2.302900 
2.303100 
2.303800 
2.303900 
2.304200 
2.304400 
2.304700 
2.304700 
2.305200 
2.305200 
2.305500 
2.306400 
2.306800 
2.306900 
2.307000 
2.307300 
2.307900 
2.308200 
2.308700 
2.308800 
2.309100 
2.309900 
2.309900 
2.311100 
2.312300 
2.312800 
2.312800 
2.313900 
2.314200 
2.315300 
2.315400 
2.315500 
2.316700 
2.316900 
2.317400 
2.317600 
2.317800 
2.317800 
2.318100 
2.318100 
2.318300 
2.318500 
2.318500 
2.318700 
2.319000 
2.319100 
2.319300 
2.320200 
2.321000 
2.321500 
2.322800 
2.322800 
2.323100 
2.323700 
2.323900 
2.324300 
2.324400 
2.324500 
2.324700 
2.324700 
2.325700 
2.326000 
2.326000 
2.326300 
2.326800 
2.327000 
2.328400 
2.328700 
2.328700 
2.329500 
2.329600 
2.330200 
2.330500 
2.330900 
2.331600 
2.331800 
2.332300 
2.332400 
2.333400 
2.333500 
2.334200 
2.334300 
2.335400 
2.335700 
2.335800 
2.336000 
2.336200 
2.336500 
2.337100 
2.337100 
2.337300 
2.337300 
2.337900 
2.338200 
2.338300 
2.338500 
2.339100 
2.339800 
2.339900 
2.340100 
2.340800 
2.341900 
2.342500 
2.343000 
2.343600 
2.344000 
2.344100 
2.345100 
2.346300 
2.346700 
2.347600 
2.347800 
2.347800 
2.348100 
2.348100 
2.348200 
2.348700 
2.348700 
2.350300 
2.350300 
2.350400 
2.350700 
2.351400 
2.351400 
2.351600 
2.351900 
2.352300 
2.352600 
2.352800 
2.352800 
2.353400 
2.353400 
2.354900 
2.354900 
2.355000 
2.355300 
2.355500 
2.356100 
2.356200 
2.356200 
2.357200 
2.357400 
2.357400 
2.358600 
2.358600 
2.361000 
2.362100 
2.363300 
2.363300 
2.366500 
2.366800 
2.367200 
2.367600 
2.367900 
2.368000 
2.368200 
2.368200 
2.368400 
2.369000 
2.369700 
2.370300 
2.371000 
2.371100 
2.371600 
2.371900 
2.372700 
2.373000 
2.373000 
2.373200 
2.373700 
2.373800 
2.373800 
2.373800 
2.374000 
2.374400 
2.374500 
2.374800 
2.375400 
2.375400 
2.375900 
2.376000 
2.376700 
2.377000 
2.377400 
2.377400 
2.377600 
2.377600 
2.377900 
2.379000 
2.379300 
2.379900 
2.380500 
2.380800 
2.380800 
2.381900 
2.382000 
2.382200 
2.382400 
2.382600 
2.382600 
2.382800 
2.382800 
2.383000 
2.383700 
2.383800 
2.384700 
2.384900 
2.387300 
2.389000 
2.389100 
2.389200 
2.389500 
2.389900 
2.390400 
2.391400 
2.391700 
2.392100 
2.392700 
2.392900 
2.393600 
2.394000 
2.394900 
2.396200 
2.397000 
2.397100 
2.397100 
2.397300 
2.397600 
2.398200 
2.398800 
2.398900 
2.399200 
2.399300 
2.399500 
2.399800 
2.400000 
2.400000 
2.400500 
2.401300 
2.401500 
2.401500 
2.401700 
2.401800 
2.401900 
2.401900 
2.402000 
2.402100 
2.403200 
2.403300 
2.404600 
2.404800 
2.404900 
2.405100 
2.405100 
2.405200 
2.405700 
2.405700 
2.405800 
2.405900 
2.406900 
2.407000 
2.408100 
2.410100 
2.410700 
2.411400 
2.411800 
2.413100 
2.413400 
2.413400 
2.413600 
2.414000 
2.414400 
2.415100 
2.415500 
2.415700 
2.416200 
2.416700 
2.416800 
2.416800 
2.416900 
2.417700 
2.417700 
2.418000 
2.418800 
2.419100 
2.419600 
2.420200 
2.420300 
2.420500 
2.421400 
2.421400 
2.421700 
2.422300 
2.422600 
2.423000 
2.424100 
2.425000 
2.425700 
2.426700 
2.426900 
2.427100 
2.427500 
2.427700 
2.427800 
2.428500 
2.428500 
2.428900 
2.429900 
2.430100 
2.430500 
2.430800 
2.431200 
2.431200 
2.431400 
2.431600 
2.432100 
2.432300 
2.432400 
2.432400 
2.432700 
2.432700 
2.433000 
2.433000 
2.433200 
2.433500 
2.433900 
2.434200 
2.434600 
2.434600 
2.434600 
2.435300 
2.437200 
2.437400 
2.437800 
2.437800 
2.438900 
2.439700 
2.439900 
2.441100 
2.441100 
2.441100 
2.441100 
2.441200 
2.441300 
2.441300 
2.441500 
2.441600 
2.442200 
2.442600 
2.442800 
2.443100 
2.444200 
2.444200 
2.445200 
2.445200 
2.445400 
2.446000 
2.446400 
2.446500 
2.447000 
2.447200 
2.449000 
2.449600 
2.450200 
2.450500 
2.452600 
2.453100 
2.453400 
2.453500 
2.454100 
2.454500 
2.454800 
2.454900 
2.455600 
2.455700 
2.455700 
2.455900 
2.456100 
2.456200 
2.457500 
2.457500 
2.457600 
2.457600 
2.457800 
2.458200 
2.459400 
2.459500 
2.460000 
2.460600 
2.461100 
2.461300 
2.461700 
2.462100 
2.463700 
2.463700 
2.463700 
2.464300 
2.464300 
2.464700 
2.464800 
2.465900 
2.466700 
2.469100 
2.469100 
2.469300 
2.469400 
2.469400 
2.469600 
2.470000 
2.470100 
2.470200 
2.470400 
2.470700 
2.471100 
2.471100 
2.471200 
2.471700 
2.472200 
2.472700 
2.473200 
2.473300 
2.474600 
2.475300 
2.475500 
2.475900 
2.476400 
2.476600 
2.476600 
2.476700 
2.476700 
2.476700 
2.476800 
2.477800 
2.478400 
2.479300 
2.479800 
2.479900 
2.480100 
2.480400 
2.482300 
2.483100 
2.483400 
2.483700 
2.483700 
2.484500 
2.485300 
2.485500 
2.485700 
2.485700 
2.486000 
2.486600 
2.487000 
2.487100 
2.487200 
2.488200 
2.488300 
2.488300 
2.488600 
2.488900 
2.488900 
2.489800 
2.489900 
2.489900 
2.489900 
2.490000 
2.490100 
2.490300 
2.490400 
2.491000 
2.491400 
2.492400 
2.492500 
2.493600 
2.494400 
2.494700 
2.494800 
2.494900 
2.495200 
2.495300 
2.495800 
2.496000 
2.496300 
2.496400 
2.497100 
2.497600 
2.499100 
2.499300 
2.499500 
2.499700 
2.500100 
2.500400 
2.500700 
2.501400 
2.501700 
2.501800 
2.502300 
2.502500 
2.502500 
2.502700 
2.503200 
2.504000 
2.504300 
2.504800 
2.505000 
2.505300 
2.505400 
2.506800 
2.507300 
2.507300 
2.507700 
2.507800 
2.509500 
2.509900 
2.510800 
2.511000 
2.511000 
2.511900 
2.511900 
2.512100 
2.512700 
2.512800 
2.513300 
2.513800 
2.514000 
2.514000 
2.514000 
2.514700 
2.514700 
2.514900 
2.515100 
2.515500 
2.515500 
2.515800 
2.516000 
2.516800 
2.516800 
2.517000 
2.517100 
2.517700 
2.517800 
2.517900 
2.518700 
2.519400 
2.519400 
2.520500 
2.521100 
2.521300 
2.521900 
2.522200 
2.522300 
2.522600 
2.523200 
2.524000 
2.524600 
2.524600 
2.524700 
2.525500 
2.525900 
2.526100 
2.526200 
2.526200 
2.526900 
2.527200 
2.529000 
2.529300 
2.530000 
2.530000 
2.530700 
2.531400 
2.531600 
2.532500 
2.532700 
2.532900 
2.532900 
2.532900 
2.533100 
2.533200 
2.533300 
2.533400 
2.533400 
2.534100 
2.535100 
2.535100 
2.535300 
2.535800 
2.536400 
2.536500 
2.537200 
2.538300 
2.538900 
2.539400 
2.540100 
2.540400 
2.540400 
2.541000 
2.541600 
2.542700 
2.542800 
2.543000 
2.543200 
2.543200 
2.543700 
2.543900 
2.544300 
2.545100 
2.545100 
2.545800 
2.545900 
2.546000 
2.546200 
2.547000 
2.547100 
2.547800 
2.548600 
2.548700 
2.548900 
2.549000 
2.550400 
2.551600 
2.552600 
2.552800 
2.552800 
2.553100 
2.553600 
2.554200 
2.554200 
2.554900 
2.555000 
2.556200 
2.557100 
2.558100 
2.558700 
2.558700 
2.559600 
2.559700 
2.560200 
2.560400 
2.560500 
2.560500 
2.561100 
2.561300 
2.561500 
2.561800 
2.562200 
2.562500 
2.562600 
2.562600 
2.563300 
2.563700 
2.563700 
2.563800 
2.563800 
2.564000 
2.565100 
2.565200 
2.565500 
2.565800 
2.567200 
2.567300 
2.567600 
2.567700 
2.568100 
2.568200 
2.568500 
2.569000 
2.570300 
2.570700 
2.571800 
2.571900 
2.573300 
2.573600 
2.574100 
2.574400 
2.574500 
2.575300 
2.575300 
2.575600 
2.575600 
2.575800 
2.576200 
2.577000 
2.577700 
2.578100 
2.578100 
2.578200 
2.578700 
2.578700 
2.578900 
2.579000 
2.579400 
2.579500 
2.579600 
2.581000 
2.581500 
2.581600 
2.581900 
2.582400 
2.582900 
2.582900 
2.584400 
2.584400 
2.585000 
2.585400 
2.585800 
2.586600 
2.586800 
2.587000 
2.587000 
2.588100 
2.588300 
2.589100 
2.589200 
2.589300 
2.589600 
2.589800 
2.590500 
2.590700 
2.591400 
2.592100 
2.592200 
2.593200 
2.593300 
2.595000 
2.596000 
2.596300 
2.596500 
2.596600 
2.596700 
2.596800 
2.597000 
2.597200 
2.598000 
2.598100 
2.599100 
2.599700 
2.600100 
2.600900 
2.601500 
2.601900 
2.601900 
2.602600 
2.602700 
2.602800 
2.602800 
2.603100 
2.603500 
2.604400 
2.604400 
2.605000 
2.605000 
2.606100 
2.606400 
2.606500 
2.606600 
2.606800 
2.607700 
2.608300 
2.608700 
2.610000 
2.610100 
2.610100 
2.610400 
2.610600 
2.610800 
2.612300 
2.612800 
2.613600 
2.614100 
2.614200 
2.614200 
2.614400 
2.614800 
2.615000 
2.615100 
2.615300 
2.615900 
2.616900 
2.617500 
2.617600 
2.617800 
2.618000 
2.618200 
2.618300 
2.618700 
2.619400 
2.620500 
2.620900 
2.621600 
2.622000 
2.622500 
2.622700 
2.622900 
2.623100 
2.623900 
2.625000 
2.625300 
2.625700 
2.626100 
2.626100 
2.626400 
2.627000 
2.627200 
2.627300 
2.627500 
2.627600 
2.628100 
2.628100 
2.628300 
2.628500 
2.629100 
2.629300 
2.629400 
2.630400 
2.630800 
2.631100 
2.632200 
2.633200 
2.634500 
2.634600 
2.634600 
2.635400 
2.635800 
2.636000 
2.636200 
2.636300 
2.636400 
2.637600 
2.637600 
2.637700 
2.637800 
2.637900 
2.638000 
2.638700 
2.639400 
2.639900 
2.640300 
2.640500 
2.641000 
2.641200 
2.641300 
2.641600 
2.642000 
2.642500 
2.643000 
2.643100 
2.644400 
2.644900 
2.645000 
2.646000 
2.646500 
2.647400 
2.648800 
2.648800 
2.649400 
2.649400 
2.650100 
2.650400 
2.650400 
2.650800 
2.650800 
2.650800 
2.651400 
2.651700 
2.652300 
2.652500 
2.652600 
2.652600 
2.652700 
2.652800 
2.652900 
2.653400 
2.653500 
2.653600 
2.653700 
2.653700 
2.655100 
2.655200 
2.655500 
2.656000 
2.656400 
2.656500 
2.657400 
2.657900 
2.658900 
2.659100 
2.659500 
2.659600 
2.660100 
2.660300 
2.660400 
2.661400 
2.661900 
2.663100 
2.663400 
2.664100 
2.664500 
2.664600 
2.665900 
2.666200 
2.666400 
2.666900 
2.668000 
2.668400 
2.669000 
2.669600 
2.669800 
2.670000 
2.670100 
2.670100 
2.670100 
2.671500 
2.671600 
2.672700 
2.672800 
2.672800 
2.673200 
2.674400 
2.674700 
2.674800 
2.675000 
2.675900 
2.676900 
2.677000 
2.677100 
2.677200 
2.677800 
2.677900 
2.678100 
2.679100 
2.679500 
2.680000 
2.680500 
2.680500 
2.680900 
2.681100 
2.681300 
2.682100 
2.682200 
2.682700 
2.683300 
2.683600 
2.683700 
2.683700 
2.683800 
2.684100 
2.684200 
2.685800 
2.686900 
2.687100 
2.687200 
2.687700 
2.688700 
2.689200 
2.689300 
2.690000 
2.690200 
2.690400 
2.690700 
2.690800 
2.691200 
2.691300 
2.691700 
2.692500 
2.693900 
2.694900 
2.694900 
2.695100 
2.695400 
2.695600 
2.695700 
2.696700 
2.696800 
2.697100 
2.697400 
2.698100 
2.698100 
2.698600 
2.698700 
2.698900 
2.699200 
2.699200 
2.699300 
2.699600 
2.699700 
2.699700 
2.700000 
2.700100 
2.700400 
2.701000 
2.702100 
2.702400 
2.703000 
2.703500 
2.703600 
2.704100 
2.704400 
2.704600 
2.704800 
2.704900 
2.705800 
2.705900 
2.706300 
2.706600 
2.706800 
2.707700 
2.708000 
2.708500 
2.708700 
2.708800 
2.709100 
2.709600 
2.710100 
2.711000 
2.712800 
2.713400 
2.713500 
2.714200 
2.714800 
2.714800 
2.715000 
2.715400 
2.715500 
2.716000 
2.716200 
2.716300 
2.716400 
2.717200 
2.718700 
2.718900 
2.719300 
2.719400 
2.720100 
2.721200 
2.722800 
2.723200 
2.723400 
2.723400 
2.723600 
2.724700 
2.725400 
2.726400 
2.727000 
2.727200 
2.727600 
2.728000 
2.728100 
2.728400 
2.729400 
2.729400 
2.729700 
2.730300 
2.730400 
2.730400 
2.730500 
2.731400 
2.731600 
2.732100 
2.732100 
2.732600 
2.732600 
2.732700 
2.733000 
2.733400 
2.733700 
2.733800 
2.734300 
2.734500 
2.734800 
2.735100 
2.735100 
2.735200 
2.735200 
2.735800 
2.736000 
2.736100 
2.736600 
2.736900 
2.736900 
2.737500 
2.737500 
2.738300 
2.738400 
2.738900 
2.739200 
2.739400 
2.739600 
2.739700 
2.739700 
2.741100 
2.741100 
2.742800 
2.743000 
2.744200 
2.745200 
2.747000 
2.747400 
2.747900 
2.748100 
2.748400 
2.748900 
2.750200 
2.750400 
2.750900 
2.751100 
2.751500 
2.751500 
2.751700 
2.751700 
2.751800 
2.752600 
2.752700 
2.753600 
2.754200 
2.754700 
2.754700 
2.754700 
2.755100 
2.757300 
2.758600 
2.758800 
2.759000 
2.759300 
2.759500 
2.759700 
2.760100 
2.760300 
2.760600 
2.760900 
2.761000 
2.761300 
2.761600 
2.761700 
2.761900 
2.762300 
2.763100 
2.763400 
2.763800 
2.764200 
2.765300 
2.766000 
2.766100 
2.766800 
2.766900 
2.767200 
2.767400 
2.767500 
2.767700 
2.767700 
2.768100 
2.768200 
2.768400 
2.769400 
2.769500 
2.770400 
2.771200 
2.771700 
2.772300 
2.772500 
2.773300 
2.773500 
2.773800 
2.774700 
2.775100 
2.777600 
2.777700 
2.777700 
2.778000 
2.778200 
2.779000 
2.779900 
2.779900 
2.780200 
2.780200 
2.781000 
2.781400 
2.781600 
2.781700 
2.781800 
2.782400 
2.782600 
2.782700 
2.782900 
2.783100 
2.783300 
2.783500 
2.783500 
2.783600 
2.783900 
2.784000 
2.784500 
2.785200 
2.785600 
2.786400 
2.787400 
2.788500 
2.788800 
2.791200 
2.791600 
2.791600 
2.791900 
2.793100 
2.794200 
2.794900 
2.794900 
2.794900 
2.795600 
2.795600 
2.795700 
2.795800 
2.796300 
2.796600 
2.796700 
2.796900 
2.797000 
2.797100 
2.797200 
2.797300 
2.797400 
2.798500 
2.799900 
2.800100 
2.800100 
2.800700 
2.801400 
2.801600 
2.801800 
2.802000 
2.802100 
2.802300 
2.802600 
2.802900 
2.803100 
2.803300 
2.803400 
2.803700 
2.805000 
2.805100 
2.805600 
2.805600 
2.805900 
2.806000 
2.806700 
2.807200 
2.807300 
2.807600 
2.808300 
2.808400 
2.808900 
2.809700 
2.809900 
2.810200 
2.811000 
2.811200 
2.811300 
2.811500 
2.812400 
2.813000 
2.813800 
2.814000 
2.814300 
2.814500 
2.814800 
2.815200 
2.815200 
2.815400 
2.815600 
2.816200 
2.816800 
2.817500 
2.817700 
2.817700 
2.818800 
2.819100 
2.819100 
2.819800 
2.820400 
2.820800 
2.821700 
2.823400 
2.824300 
2.824500 
2.825100 
2.825200 
2.825300 
2.826400 
2.826400 
2.826400 
2.826800 
2.827000 
2.827600 
2.827800 
2.828300 
2.828500 
2.828800 
2.829000 
2.829600 
2.829900 
2.830300 
2.831200 
2.831400 
2.832400 
2.833100 
2.833300 
2.833500 
2.834600 
2.834900 
2.835200 
2.835700 
2.835900 
2.836300 
2.836600 
2.836700 
2.837000 
2.838000 
2.838100 
2.838500 
2.838500 
2.839700 
2.840200 
2.840500 
2.840700 
2.841900 
2.842100 
2.842200 
2.842400 
2.842700 
2.842700 
2.843400 
2.843600 
2.844400 
2.844800 
2.845500 
2.845900 
2.846000 
2.846700 
2.846700 
2.847300 
2.848600 
2.848700 
2.849000 
2.849100 
2.849100 
2.849200 
2.849300 
2.849800 
2.850200 
2.850400 
2.850500 
2.850700 
2.851600 
2.852400 
2.853300 
2.853400 
2.853800 
2.854600 
2.855300 
2.855600 
2.856300 
2.856300 
2.856700 
2.856700 
2.856700 
2.857000 
2.857300 
2.857500 
2.857800 
2.858600 
2.858800 
2.858800 
2.859200 
2.859300 
2.860100 
2.860900 
2.860900 
2.861000 
2.861200 
2.862500 
2.862600 
2.862800 
2.862900 
2.863800 
2.863900 
2.865500 
2.866400 
2.866700 
2.866700 
2.867600 
2.868700 
2.869100 
2.869400 
2.870400 
2.870900 
2.871000 
2.871400 
2.871500 
2.872800 
2.872900 
2.873000 
2.873400 
2.873500 
2.873600 
2.874000 
2.874100 
2.874300 
2.874500 
2.874700 
2.875000 
2.875000 
2.875600 
2.876300 
2.876500 
2.876500 
2.877300 
2.878300 
2.878500 
2.878600 
2.879000 
2.879600 
2.880000 
2.880200 
2.880800 
2.881400 
2.881400 
2.881700 
2.882000 
2.882400 
2.882600 
2.882800 
2.883300 
2.883500 
2.883700 
2.883700 
2.883900 
2.883900 
2.884000 
2.884300 
2.884400 
2.885200 
2.885400 
2.885700 
2.886200 
2.886500 
2.887100 
2.887400 
2.887800 
2.888200 
2.888300 
2.888800 
2.889400 
2.890200 
2.890400 
2.890700 
2.891100 
2.891600 
2.892400 
2.894800 
2.896300 
2.896500 
2.897300 
2.897400 
2.898200 
2.899000 
2.899200 
2.899300 
2.899300 
2.899300 
2.899700 
2.899900 
2.901200 
2.901400 
2.901600 
2.901800 
2.902500 
2.903000 
2.903200 
2.904000 
2.904000 
2.904300 
2.904600 
2.905800 
2.906600 
2.907800 
2.908100 
2.908300 
2.908600 
2.908900 
2.910200 
2.910500 
2.911100 
2.912300 
2.912700 
2.912700 
2.913000 
2.913000 
2.913800 
2.913900 
2.914100 
2.915300 
2.916000 
2.916100 
2.916500 
2.916700 
2.917100 
2.917900 
2.918100 
2.918300 
2.918400 
2.918800 
2.919000 
2.919000 
2.919200 
2.919200 
2.919300 
2.919500 
2.919500 
2.919700 
2.919800 
2.920100 
2.920400 
2.920400 
2.920500 
2.920600 
2.920900 
2.922200 
2.922200 
2.923100 
2.923100 
2.923500 
2.924500 
2.925400 
2.926100 
2.926400 
2.926500 
2.926500 
2.926700 
2.926800 
2.926900 
2.927800 
2.928400 
2.928500 
2.929200 
2.929500 
2.931200 
2.932600 
2.932800 
2.933400 
2.934300 
2.934800 
2.935100 
2.936100 
2.936800 
2.937300 
2.937500 
2.937700 
2.938100 
2.939300 
2.940300 
2.940400 
2.941000 
2.941100 
2.941300 
2.941400 
2.942200 
2.942300 
2.942600 
2.943900 
2.944000 
2.944100 
2.944700 
2.945000 
2.945100 
2.946200 
2.946500 
2.946500 
2.946800 
2.947300 
2.947600 
2.947600 
2.948200 
2.948600 
2.948900 
2.949700 
2.950100 
2.950300 
2.951100 
2.951200 
2.951500 
2.951500 
2.952100 
2.952300 
2.953400 
2.953500 
2.953700 
2.954000 
2.954100 
2.954200 
2.954800 
2.954900 
2.955000 
2.955900 
2.956100 
2.956700 
2.957000 
2.957100 
2.958500 
2.958800 
2.959300 
2.959600 
2.960100 
2.960100 
2.960200 
2.960400 
2.960800 
2.961000 
2.961400 
2.962500 
2.963100 
2.963500 
2.963800 
2.963900 
2.964300 
2.964900 
2.965400 
2.965600 
2.966500 
2.966500 
2.967300 
2.967600 
2.967700 
2.967800 
2.968000 
2.968000 
2.968800 
2.969300 
2.969300 
2.969400 
2.969500 
2.971400 
2.972100 
2.972400 
2.972900 
2.973100 
2.973700 
2.973800 
2.974400 
2.974400 
2.974900 
2.975500 
2.975600 
2.975900 
2.976000 
2.976200 
2.976400 
2.977100 
2.977300 
2.978300 
2.978700 
2.979000 
2.980400 
2.980700 
2.981200 
2.982200 
2.982400 
2.982500 
2.982800 
2.983200 
2.983300 
2.983800 
2.983900 
2.984000 
2.984300 
2.984600 
2.985200 
2.985400 
2.985400 
2.986200 
2.986300 
2.986700 
2.987100 
2.987500 
2.988100 
2.988400 
2.988700 
2.989400 
2.989800 
2.991300 
2.991300 
2.992700 
2.993100 
2.993200 
2.993400 
2.993600 
2.993700 
2.993800 
2.994300 
2.994400 
2.994900 
2.995300 
2.995300 
2.995400 
2.995900 
2.996100 
2.996200 
2.996500 
2.996900 
2.997700 
2.997800 
2.998200 
2.999100 
2.999100 
2.999400 
2.999800 
