45 
42 
57 
54 
60 
64 
1 
46 
51 
42 
19 
0 
20 
62 
14 
44 
52 
24 
4 
25 
18 
47 
32 
41 
17 
43 
64 
4 
41 
31 
22 
55 
51 
45 
54 
27 
14 
33 
29 
55 
8 
1 
24 
25 
49 
44 
2 
11 
21 
50 
5 
15 
3 
10 
48 
44 
53 
33 
64 
19 
41 
25 
40 
53 
17 
20 
50 
22 
15 
57 
45 
60 
17 
25 
5 
11 
33 
49 
43 
8 
56 
13 
20 
41 
50 
1 
30 
4 
12 
27 
16 
39 
9 
56 
25 
59 
50 
21 
6 
44 
58 
40 
41 
29 
27 
31 
9 
48 
46 
45 
41 
19 
50 
63 
64 
12 
49 
34 
61 
47 
4 
14 
48 
34 
30 
28 
50 
20 
42 
6 
38 
12 
41 
22 
4 
14 
56 
20 
45 
13 
15 
34 
40 
44 
29 
48 
4 
1 
14 
25 
56 
8 
63 
38 
64 
31 
41 
15 
4 
1 
33 
17 
64 
54 
29 
26 
5 
60 
30 
10 
55 
20 
17 
18 
26 
27 
42 
0 
14 
28 
46 
53 
59 
25 
3 
36 
52 
60 
19 
59 
45 
13 
2 
17 
29 
58 
22 
35 
11 
30 
27 
32 
6 
51 
37 
20 
64 
48 
30 
26 
49 
15 
44 
18 
6 
62 
54 
2 
53 
37 
45 
35 
3 
47 
52 
1 
54 
22 
31 
18 
30 
27 
50 
61 
26 
51 
59 
44 
36 
29 
6 
64 
38 
41 
58 
17 
37 
18 
21 
4 
8 
50 
47 
29 
46 
41 
14 
1 
59 
58 
17 
34 
45 
51 
3 
28 
38 
43 
60 
35 
2 
44 
62 
61 
56 
31 
46 
36 
50 
21 
41 
3 
27 
28 
6 
46 
42 
48 
17 
50 
20 
15 
56 
62 
8 
61 
13 
46 
24 
62 
56 
60 
41 
22 
14 
35 
37 
18 
19 
33 
49 
5 
57 
51 
21 
20 
50 
10 
6 
47 
30 
2 
39 
38 
58 
4 
17 
8 
56 
34 
27 
25 
42 
35 
14 
36 
64 
46 
56 
43 
58 
2 
22 
33 
9 
10 
60 
45 
3 
17 
2 
4 
46 
6 
48 
62 
14 
47 
8 
55 
43 
59 
29 
18 
54 
37 
57 
15 
6 
31 
26 
24 
45 
46 
62 
19 
50 
36 
6 
54 
35 
39 
1 
45 
2 
20 
10 
48 
61 
43 
56 
64 
39 
42 
40 
62 
51 
1 
54 
59 
41 
39 
49 
32 
9 
47 
64 
61 
5 
45 
44 
36 
35 
28 
52 
2 
55 
29 
17 
58 
20 
56 
4 
40 
8 
54 
38 
62 
7 
57 
16 
13 
36 
46 
15 
47 
11 
50 
37 
36 
43 
6 
8 
44 
21 
34 
0 
61 
41 
58 
54 
14 
62 
48 
55 
5 
44 
1 
28 
31 
46 
39 
62 
4 
6 
3 
20 
25 
38 
64 
33 
1 
19 
43 
45 
4 
62 
21 
11 
7 
49 
4 
31 
36 
58 
27 
2 
63 
28 
48 
33 
15 
41 
6 
14 
62 
35 
48 
60 
50 
9 
51 
21 
17 
1 
39 
8 
38 
0 
64 
44 
36 
24 
27 
54 
20 
17 
62 
59 
55 
3 
46 
15 
6 
38 
51 
14 
18 
47 
25 
24 
38 
28 
49 
17 
63 
21 
40 
36 
10 
62 
39 
4 
25 
56 
0 
3 
17 
31 
20 
54 
21 
52 
29 
19 
48 
37 
8 
46 
40 
14 
64 
45 
50 
55 
39 
4 
38 
24 
18 
28 
17 
4 
35 
14 
30 
6 
50 
28 
5 
29 
43 
42 
41 
17 
60 
20 
22 
37 
27 
33 
64 
10 
50 
20 
36 
18 
9 
1 
2 
11 
56 
7 
53 
50 
45 
43 
44 
35 
64 
33 
0 
16 
10 
15 
54 
60 
53 
41 
8 
47 
19 
27 
24 
17 
25 
38 
43 
9 
57 
44 
4 
64 
54 
15 
40 
62 
36 
4 
59 
26 
20 
50 
1 
11 
7 
6 
29 
30 
41 
26 
64 
32 
57 
60 
37 
35 
2 
55 
21 
34 
42 
31 
24 
50 
5 
61 
60 
41 
13 
28 
14 
46 
21 
18 
43 
63 
20 
50 
19 
17 
64 
24 
25 
36 
62 
4 
6 
1 
17 
56 
58 
59 
51 
2 
16 
8 
25 
6 
0 
12 
48 
53 
40 
46 
18 
4 
21 
20 
39 
36 
41 
32 
54 
25 
55 
1 
16 
44 
37 
19 
62 
58 
8 
24 
50 
44 
53 
13 
8 
18 
9 
50 
29 
56 
4 
12 
44 
15 
1 
36 
47 
45 
21 
49 
3 
13 
43 
29 
39 
34 
45 
33 
26 
17 
44 
25 
42 
15 
14 
9 
64 
24 
3 
62 
48 
1 
34 
29 
41 
39 
35 
44 
46 
4 
30 
0 
37 
60 
47 
33 
8 
48 
18 
10 
9 
12 
6 
49 
51 
36 
4 
54 
40 
15 
14 
22 
60 
19 
25 
9 
62 
18 
36 
50 
8 
64 
58 
30 
51 
50 
7 
6 
64 
2 
11 
31 
40 
23 
47 
30 
4 
24 
5 
45 
26 
53 
0 
27 
3 
39 
9 
4 
52 
36 
7 
41 
22 
40 
15 
35 
47 
2 
64 
4 
61 
35 
29 
2 
58 
15 
36 
62 
6 
25 
8 
48 
11 
27 
62 
47 
17 
41 
19 
54 
46 
25 
7 
3 
12 
53 
43 
46 
56 
34 
9 
2 
27 
5 
52 
47 
42 
20 
45 
60 
58 
6 
18 
33 
23 
52 
29 
48 
4 
43 
62 
22 
3 
6 
47 
39 
5 
52 
15 
60 
51 
4 
26 
13 
48 
55 
30 
45 
14 
50 
36 
25 
64 
37 
11 
8 
51 
47 
43 
4 
22 
54 
63 
44 
24 
13 
47 
29 
27 
37 
4 
60 
44 
39 
50 
17 
30 
21 
42 
47 
14 
63 
39 
19 
25 
56 
26 
1 
44 
4 
3 
30 
46 
28 
40 
13 
31 
62 
45 
1 
47 
50 
22 
11 
10 
20 
60 
6 
21 
8 
34 
45 
27 
53 
50 
28 
17 
29 
9 
22 
55 
14 
50 
64 
63 
15 
48 
6 
62 
29 
8 
34 
26 
2 
40 
50 
55 
42 
8 
29 
10 
64 
41 
0 
57 
18 
20 
3 
51 
18 
25 
28 
58 
2 
39 
60 
63 
10 
33 
17 
6 
12 
26 
5 
18 
8 
52 
35 
10 
12 
3 
59 
21 
45 
41 
28 
36 
48 
54 
64 
13 
30 
0 
26 
46 
15 
48 
38 
3 
6 
31 
59 
18 
42 
7 
10 
50 
0 
17 
64 
21 
36 
54 
23 
57 
30 
6 
52 
56 
28 
61 
62 
8 
27 
34 
44 
22 
50 
64 
42 
32 
18 
44 
45 
55 
17 
43 
23 
27 
1 
42 
31 
39 
19 
5 
61 
38 
41 
58 
27 
63 
18 
21 
64 
2 
45 
51 
48 
50 
33 
39 
28 
30 
44 
49 
59 
38 
6 
30 
28 
44 
54 
47 
31 
45 
55 
41 
44 
50 
21 
1 
22 
30 
29 
6 
28 
27 
4 
8 
42 
46 
50 
31 
37 
58 
3 
41 
57 
56 
0 
38 
56 
25 
53 
42 
6 
5 
52 
39 
50 
29 
31 
2 
8 
52 
28 
22 
33 
36 
60 
5 
51 
0 
8 
3 
2 
29 
31 
62 
1 
20 
48 
36 
61 
18 
24 
4 
41 
2 
39 
46 
54 
48 
30 
11 
28 
21 
64 
5 
54 
41 
53 
40 
45 
9 
4 
47 
14 
6 
28 
17 
37 
55 
50 
18 
43 
34 
59 
38 
27 
4 
23 
12 
47 
13 
20 
60 
57 
62 
53 
44 
64 
39 
34 
57 
49 
55 
22 
17 
46 
26 
39 
36 
21 
33 
7 
31 
30 
29 
64 
25 
43 
59 
57 
0 
42 
51 
61 
48 
23 
31 
14 
47 
60 
10 
38 
55 
3 
56 
6 
57 
50 
62 
21 
4 
34 
61 
25 
15 
48 
30 
42 
64 
60 
36 
8 
46 
21 
30 
52 
47 
62 
50 
20 
32 
63 
33 
30 
29 
55 
50 
64 
38 
43 
35 
37 
13 
58 
36 
54 
44 
60 
30 
28 
2 
17 
54 
39 
35 
5 
4 
34 
38 
41 
48 
47 
6 
56 
37 
8 
2 
21 
49 
45 
14 
5 
29 
9 
3 
60 
33 
17 
41 
6 
58 
53 
45 
31 
54 
27 
60 
36 
22 
29 
6 
39 
43 
9 
1 
41 
13 
8 
25 
44 
4 
33 
51 
63 
41 
50 
62 
55 
29 
25 
39 
49 
6 
27 
38 
15 
16 
10 
14 
41 
39 
33 
50 
54 
4 
13 
56 
46 
18 
6 
1 
53 
20 
30 
36 
26 
5 
58 
38 
25 
41 
56 
14 
51 
2 
64 
42 
8 
27 
10 
29 
20 
35 
7 
4 
27 
37 
61 
33 
26 
57 
14 
52 
60 
6 
58 
8 
9 
50 
15 
17 
18 
38 
6 
54 
5 
32 
59 
2 
61 
47 
49 
37 
36 
64 
33 
21 
44 
48 
52 
6 
18 
49 
28 
64 
26 
54 
52 
58 
55 
0 
62 
6 
9 
33 
18 
21 
5 
47 
30 
10 
27 
44 
4 
6 
8 
46 
20 
3 
40 
29 
52 
56 
60 
25 
49 
22 
45 
26 
4 
32 
64 
34 
50 
58 
39 
10 
25 
30 
52 
28 
14 
60 
31 
64 
36 
41 
62 
13 
44 
40 
15 
50 
12 
64 
35 
36 
9 
13 
2 
10 
25 
8 
33 
6 
14 
58 
40 
55 
60 
22 
21 
3 
5 
4 
40 
42 
8 
26 
28 
15 
16 
35 
13 
56 
62 
64 
6 
41 
2 
12 
46 
9 
18 
47 
44 
21 
50 
14 
20 
31 
2 
4 
33 
64 
6 
25 
54 
39 
35 
2 
64 
63 
4 
36 
17 
55 
56 
26 
46 
44 
8 
20 
54 
27 
62 
47 
36 
34 
10 
41 
48 
23 
30 
25 
38 
54 
50 
26 
4 
64 
8 
53 
56 
63 
58 
20 
6 
56 
21 
32 
33 
3 
1 
54 
58 
60 
25 
11 
27 
26 
52 
34 
29 
24 
62 
44 
45 
64 
46 
47 
43 
12 
2 
23 
39 
31 
25 
11 
64 
24 
3 
54 
62 
22 
46 
53 
5 
23 
64 
20 
36 
33 
43 
29 
41 
10 
39 
30 
7 
8 
55 
58 
13 
54 
40 
4 
31 
51 
26 
49 
29 
50 
21 
52 
31 
39 
41 
30 
25 
27 
11 
44 
50 
60 
53 
0 
45 
31 
36 
19 
1 
59 
24 
56 
11 
22 
36 
54 
17 
43 
46 
21 
50 
56 
14 
40 
55 
53 
46 
36 
50 
29 
2 
24 
18 
9 
58 
44 
25 
10 
17 
60 
61 
21 
50 
53 
54 
27 
18 
12 
62 
28 
36 
58 
8 
54 
64 
19 
10 
37 
18 
24 
41 
30 
39 
54 
8 
22 
46 
41 
49 
1 
25 
27 
44 
31 
48 
47 
3 
40 
17 
52 
46 
14 
20 
42 
44 
58 
47 
8 
16 
38 
12 
6 
35 
55 
42 
15 
41 
4 
45 
50 
0 
38 
19 
29 
55 
38 
25 
8 
40 
23 
39 
34 
26 
45 
51 
63 
