37 
3 
21 
41 
39 
24 
4 
16 
23 
44 
33 
0 
19 
3 
21 
14 
30 
17 
42 
4 
26 
39 
38 
37 
10 
15 
44 
40 
41 
6 
18 
24 
35 
42 
1 
39 
28 
38 
43 
44 
32 
46 
40 
21 
14 
12 
18 
17 
4 
45 
36 
15 
31 
16 
41 
23 
33 
3 
7 
44 
42 
21 
46 
28 
26 
31 
32 
36 
44 
10 
19 
12 
33 
15 
37 
23 
0 
18 
1 
6 
31 
10 
14 
35 
2 
7 
29 
28 
42 
21 
8 
16 
26 
24 
39 
42 
13 
10 
0 
7 
36 
40 
25 
44 
23 
41 
32 
30 
12 
34 
22 
0 
17 
18 
2 
21 
31 
26 
10 
14 
27 
44 
19 
16 
42 
36 
4 
6 
28 
3 
37 
19 
35 
42 
0 
41 
21 
24 
25 
15 
9 
7 
26 
1 
23 
41 
33 
24 
40 
10 
26 
21 
32 
9 
13 
28 
25 
16 
42 
46 
44 
34 
30 
22 
18 
37 
3 
21 
2 
19 
30 
7 
40 
10 
0 
41 
32 
3 
8 
44 
46 
4 
26 
24 
42 
36 
45 
25 
28 
37 
33 
21 
31 
44 
29 
18 
8 
14 
12 
35 
40 
1 
15 
43 
45 
13 
7 
19 
31 
22 
42 
26 
33 
41 
37 
16 
17 
30 
9 
10 
39 
23 
0 
35 
38 
45 
41 
33 
27 
20 
28 
4 
42 
2 
19 
31 
40 
25 
3 
9 
44 
39 
1 
23 
36 
21 
16 
24 
41 
14 
4 
35 
40 
29 
19 
28 
30 
13 
15 
44 
42 
43 
24 
16 
17 
0 
23 
29 
31 
7 
42 
18 
30 
33 
24 
20 
14 
40 
45 
27 
41 
28 
26 
44 
31 
19 
39 
17 
2 
1 
46 
38 
3 
16 
24 
10 
4 
21 
28 
42 
41 
15 
0 
33 
39 
16 
29 
38 
14 
46 
18 
9 
24 
36 
31 
34 
2 
44 
42 
40 
8 
6 
18 
17 
21 
23 
43 
0 
34 
32 
7 
4 
16 
24 
44 
22 
26 
33 
31 
19 
27 
28 
4 
20 
2 
9 
10 
37 
40 
42 
25 
13 
24 
5 
1 
26 
41 
16 
44 
23 
3 
35 
39 
0 
28 
21 
13 
42 
20 
25 
26 
32 
24 
41 
31 
19 
14 
30 
12 
29 
33 
8 
9 
3 
16 
23 
45 
7 
2 
18 
19 
28 
40 
20 
17 
4 
21 
42 
26 
14 
44 
0 
1 
16 
19 
42 
33 
37 
24 
41 
12 
28 
18 
40 
44 
19 
15 
2 
23 
32 
39 
10 
21 
0 
29 
36 
30 
22 
31 
34 
45 
11 
18 
41 
42 
28 
44 
3 
40 
14 
25 
4 
12 
7 
15 
2 
33 
32 
35 
31 
19 
24 
41 
42 
40 
18 
46 
12 
1 
34 
6 
2 
21 
16 
39 
31 
3 
30 
28 
42 
7 
22 
4 
10 
16 
11 
14 
43 
26 
1 
24 
25 
42 
33 
39 
40 
18 
44 
41 
0 
32 
2 
24 
39 
27 
26 
36 
35 
40 
45 
3 
1 
41 
33 
19 
16 
20 
0 
15 
44 
11 
18 
29 
21 
12 
24 
16 
35 
33 
8 
7 
31 
37 
6 
0 
42 
40 
43 
2 
39 
44 
29 
19 
33 
16 
35 
24 
25 
38 
10 
8 
28 
18 
23 
22 
21 
1 
42 
44 
3 
31 
16 
41 
0 
4 
32 
7 
2 
25 
27 
41 
38 
23 
36 
0 
16 
24 
33 
3 
26 
4 
45 
8 
39 
6 
41 
35 
42 
33 
24 
26 
44 
14 
45 
1 
41 
21 
15 
38 
16 
32 
37 
46 
25 
36 
23 
24 
45 
32 
18 
21 
41 
0 
42 
11 
17 
40 
19 
25 
4 
16 
44 
12 
41 
29 
24 
13 
2 
21 
3 
17 
31 
18 
40 
32 
7 
20 
1 
14 
33 
27 
42 
44 
21 
4 
8 
28 
10 
35 
0 
25 
41 
7 
32 
30 
19 
45 
33 
2 
13 
16 
27 
4 
17 
39 
19 
40 
41 
32 
8 
46 
42 
15 
13 
22 
29 
2 
4 
33 
10 
31 
5 
17 
18 
35 
42 
23 
16 
6 
7 
13 
28 
3 
0 
22 
41 
39 
42 
45 
29 
30 
44 
31 
24 
40 
33 
2 
21 
41 
18 
32 
45 
42 
22 
3 
37 
39 
11 
10 
17 
14 
12 
38 
33 
4 
26 
46 
34 
27 
0 
29 
1 
42 
31 
15 
24 
18 
41 
20 
2 
6 
40 
46 
38 
7 
32 
35 
39 
11 
44 
33 
25 
43 
45 
32 
10 
21 
9 
41 
18 
0 
30 
22 
42 
14 
19 
24 
23 
20 
4 
29 
31 
28 
12 
44 
13 
39 
33 
40 
35 
18 
45 
19 
42 
17 
24 
13 
31 
23 
46 
26 
41 
28 
15 
44 
32 
33 
38 
7 
10 
36 
0 
39 
25 
18 
16 
30 
20 
12 
41 
3 
21 
29 
13 
28 
45 
6 
25 
15 
19 
34 
31 
41 
9 
46 
16 
26 
23 
39 
21 
33 
29 
38 
4 
10 
15 
11 
35 
39 
37 
44 
24 
41 
25 
16 
5 
19 
12 
3 
40 
42 
26 
29 
2 
28 
4 
14 
10 
17 
13 
38 
18 
22 
41 
8 
16 
44 
31 
6 
46 
37 
42 
40 
25 
32 
26 
41 
24 
0 
44 
3 
39 
14 
12 
42 
18 
4 
1 
27 
33 
36 
39 
41 
38 
46 
17 
45 
37 
21 
2 
32 
29 
30 
40 
28 
16 
25 
44 
24 
42 
41 
33 
31 
7 
46 
17 
0 
26 
14 
21 
39 
41 
3 
44 
36 
33 
24 
29 
16 
37 
30 
11 
40 
4 
22 
25 
46 
44 
35 
17 
19 
2 
0 
42 
16 
30 
28 
24 
8 
18 
31 
40 
9 
13 
4 
27 
23 
10 
20 
28 
26 
42 
2 
1 
