0.028000 
0.034700 
0.044700 
0.055100 
0.057700 
0.068400 
0.071000 
0.071600 
0.092600 
0.095400 
0.101200 
0.101900 
0.103300 
0.109600 
0.112400 
0.112700 
0.112700 
0.136200 
0.147500 
0.164400 
0.166600 
0.168100 
0.173300 
0.179200 
0.180400 
0.185100 
0.193300 
0.202900 
0.207800 
0.209300 
0.210700 
0.214400 
0.218800 
0.226600 
0.230300 
0.240700 
0.243700 
0.250000 
0.257400 
0.265100 
0.267400 
0.268400 
0.270400 
0.290900 
0.294800 
0.296500 
0.298300 
0.309800 
0.313300 
0.313300 
0.314300 
0.324100 
0.324500 
0.326900 
0.328700 
0.337800 
0.339300 
0.339800 
0.350100 
0.351600 
0.354900 
0.356600 
0.363700 
0.372600 
0.374600 
0.379100 
0.382100 
0.392300 
0.394300 
0.396100 
0.401800 
0.404000 
0.405700 
0.422700 
0.433100 
0.434400 
0.435700 
0.440600 
0.442200 
0.443100 
0.450100 
0.453600 
0.457900 
0.466700 
0.467900 
0.482500 
0.492300 
0.494100 
0.494200 
0.496000 
0.501200 
0.504300 
0.511500 
0.518600 
0.524100 
0.528000 
0.533400 
0.536500 
0.536700 
0.537600 
0.540800 
0.551500 
0.554200 
0.557300 
0.558300 
0.559400 
0.560100 
0.581700 
0.583400 
0.587600 
0.590900 
0.592300 
0.594200 
0.596900 
0.599700 
0.609800 
0.609900 
0.627200 
0.628800 
0.629000 
0.630600 
0.635800 
0.640300 
0.645700 
0.646800 
0.654400 
0.659100 
0.670000 
0.676600 
0.679800 
0.683400 
0.694900 
0.695400 
0.699700 
0.706500 
0.713100 
0.714300 
0.722400 
0.723200 
0.723600 
0.725800 
0.727300 
0.730500 
0.732200 
0.734700 
0.738500 
0.753700 
0.762200 
0.774300 
0.777200 
0.778500 
0.787700 
0.793300 
0.793600 
0.794700 
0.796800 
0.806400 
0.818100 
0.818600 
0.819800 
0.820800 
0.835700 
0.842500 
0.844300 
0.845700 
0.850600 
0.859500 
0.860000 
0.866800 
0.870100 
0.873300 
0.876700 
0.877800 
0.878600 
0.881300 
0.882600 
0.891600 
0.897500 
0.898200 
0.903200 
0.904900 
0.909000 
0.916100 
0.924500 
0.929800 
0.936100 
0.945300 
0.945400 
0.946800 
0.953500 
0.954500 
0.956700 
0.958700 
0.960200 
0.970700 
0.974400 
0.975300 
0.976600 
0.982300 
0.984600 
0.987100 
0.988300 
0.994800 
0.999000 
1.005000 
1.006500 
1.014100 
1.016300 
1.028000 
1.039900 
1.040300 
1.041900 
1.047000 
1.050600 
1.052100 
1.053400 
1.059300 
1.067200 
1.067500 
1.068400 
1.074100 
1.074300 
1.088200 
1.101500 
1.111800 
1.117000 
1.118900 
1.138400 
1.139700 
1.154400 
1.157200 
1.158500 
1.167600 
1.180700 
1.184400 
1.184700 
1.184700 
1.202700 
1.203700 
1.209400 
1.217000 
1.219400 
1.223300 
1.243900 
1.247500 
1.254300 
1.264000 
1.275600 
1.275900 
1.276000 
1.276600 
1.276900 
1.284500 
1.296600 
1.299600 
1.313300 
1.315700 
1.320700 
1.331500 
1.331700 
1.332000 
1.333800 
1.335900 
1.339500 
1.350700 
1.355400 
1.357800 
1.360600 
1.368300 
1.372100 
1.376400 
1.377600 
1.388700 
1.398500 
1.409700 
1.410700 
1.413000 
1.420800 
1.433600 
1.435400 
1.438200 
1.445300 
1.448500 
1.450100 
1.461900 
1.462100 
1.465900 
1.475100 
1.480100 
1.482300 
1.484000 
1.484600 
1.489400 
1.490100 
1.490400 
1.501500 
1.507600 
1.514300 
1.517700 
1.521700 
1.539300 
1.539400 
1.543900 
1.546500 
1.550800 
1.565600 
1.566600 
1.571700 
1.575300 
1.584200 
1.588700 
1.596200 
1.604800 
1.606200 
1.608000 
1.608000 
1.608200 
1.619700 
1.626000 
1.628100 
1.628200 
1.637000 
1.639400 
1.640300 
1.640500 
1.648100 
1.648500 
1.651300 
1.654400 
1.667700 
1.670100 
1.670500 
1.692500 
1.696500 
1.701300 
1.703300 
1.706100 
1.710200 
1.718500 
1.720600 
1.727700 
1.731000 
1.731000 
1.731100 
1.735100 
1.739500 
1.744400 
1.746900 
1.760800 
1.760900 
1.762700 
1.764500 
1.766200 
1.767000 
1.772800 
1.775200 
1.775900 
1.781000 
1.791000 
1.795800 
1.796000 
1.808300 
1.815900 
1.827300 
1.830300 
1.834300 
1.840400 
1.852800 
1.853800 
1.866500 
1.866700 
1.870500 
1.874900 
1.876200 
1.876800 
1.880000 
1.881200 
1.884600 
1.894800 
1.903800 
1.908900 
1.912100 
1.913100 
1.916300 
1.918600 
1.930500 
1.931600 
1.933800 
1.935000 
1.941300 
1.942800 
1.943000 
1.945200 
1.947900 
1.957200 
1.960900 
1.961600 
1.962300 
1.965000 
1.970000 
1.977200 
1.977800 
1.980300 
1.983000 
1.984200 
1.991100 
1.992600 
1.997800 
2.014100 
2.015600 
2.032600 
2.032800 
2.038100 
2.038200 
2.043900 
2.057600 
2.060200 
2.064100 
2.065400 
2.065700 
2.065900 
2.076100 
2.077600 
2.085500 
2.090000 
2.093300 
2.108200 
2.112600 
2.113700 
2.117800 
2.118100 
2.119300 
2.125600 
2.129400 
2.137200 
2.142400 
2.148200 
2.150800 
2.155800 
2.158200 
2.161700 
2.168500 
2.172600 
2.183800 
2.187300 
2.197300 
2.198100 
2.198900 
2.204600 
2.213800 
2.224200 
2.227300 
2.227500 
2.230500 
2.238000 
2.238900 
2.244400 
2.256300 
2.257600 
2.259400 
2.268700 
2.270200 
2.277700 
2.280800 
2.287000 
2.289500 
2.291300 
2.297600 
2.307200 
2.311200 
2.311300 
2.315300 
2.315700 
2.325300 
2.334700 
2.339900 
2.342500 
2.351800 
2.354400 
2.361800 
2.368500 
2.371700 
2.375400 
2.377100 
2.378800 
2.384200 
2.404800 
2.405700 
2.406600 
2.409100 
2.418300 
2.422300 
2.422900 
2.425100 
2.427100 
2.428200 
2.434000 
2.436200 
2.436400 
2.442500 
2.448900 
2.449200 
2.456900 
2.462700 
2.475500 
2.475700 
2.477000 
2.477800 
2.485700 
2.502700 
2.506800 
2.512100 
2.513300 
2.517700 
2.523600 
2.529800 
2.529900 
2.534200 
2.537700 
2.540200 
2.541400 
2.550000 
2.554800 
2.562000 
2.566500 
2.567100 
2.567700 
2.568400 
2.572200 
2.576700 
2.579500 
2.583700 
2.588900 
2.592000 
2.597700 
2.598800 
2.600200 
2.607000 
2.607700 
2.608800 
2.611000 
2.622300 
2.623300 
2.631500 
2.650400 
2.653100 
2.653500 
2.667900 
2.678300 
2.679000 
2.683800 
2.687800 
2.699600 
2.704300 
2.714500 
2.717500 
2.721800 
2.724900 
2.729600 
2.732700 
2.735900 
2.736400 
2.739100 
2.743800 
2.745000 
2.750100 
2.751700 
2.753900 
2.760700 
2.770400 
2.781900 
2.781900 
2.785600 
2.789300 
2.790400 
2.801100 
2.810000 
2.816600 
2.825200 
2.828900 
2.835000 
2.839300 
2.854200 
2.861300 
2.869700 
2.870100 
2.870500 
2.889200 
2.891200 
2.898100 
2.898500 
2.907500 
2.907800 
2.909700 
2.917800 
2.918200 
2.932400 
2.934600 
2.946600 
2.955600 
2.957100 
2.958600 
2.960000 
2.965300 
2.967100 
2.975300 
2.982300 
2.984700 
2.987800 
2.989700 
2.989800 
2.991400 
