0.033100 
0.034600 
0.034600 
0.035100 
0.038300 
0.042700 
0.043900 
0.044300 
0.045200 
0.045700 
0.048200 
0.049000 
0.049100 
0.049800 
0.050100 
0.050500 
0.051200 
0.051600 
0.051700 
0.052100 
0.052200 
0.055900 
0.059000 
0.062600 
0.064800 
0.067400 
0.068100 
0.068600 
0.069100 
0.069300 
0.071000 
0.072400 
0.072500 
0.074400 
0.076400 
0.077600 
0.083400 
0.085700 
0.087100 
0.087200 
0.087400 
0.089400 
0.089900 
0.091200 
0.092700 
0.093200 
0.094800 
0.096700 
0.096900 
0.100100 
0.101100 
0.101500 
0.101500 
0.101600 
0.101700 
0.102300 
0.103000 
0.106200 
0.107500 
0.108200 
0.108900 
0.109100 
0.110800 
0.111000 
0.114100 
0.119200 
0.119400 
0.119400 
0.119400 
0.121000 
0.121200 
0.122000 
0.124200 
0.124900 
0.125500 
0.126700 
0.127300 
0.130100 
0.130700 
0.136700 
0.138200 
0.140700 
0.141000 
0.141300 
0.143100 
0.144100 
0.145900 
0.147300 
0.148700 
0.148800 
0.149600 
0.150800 
0.151000 
0.153000 
0.153000 
0.155900 
0.156000 
0.156300 
0.156500 
0.157300 
0.157400 
0.158500 
0.159400 
0.160500 
0.160800 
0.161300 
0.162600 
0.163000 
0.164000 
0.164600 
0.167200 
0.168100 
0.168400 
0.170300 
0.174600 
0.176300 
0.177600 
0.178000 
0.178100 
0.179400 
0.182500 
0.186300 
0.186400 
0.187600 
0.188600 
0.188900 
0.189100 
0.190300 
0.190500 
0.191700 
0.193700 
0.194000 
0.194700 
0.195000 
0.198000 
0.198500 
0.199100 
0.200400 
0.203000 
0.203500 
0.204200 
0.204500 
0.208400 
0.209000 
0.209200 
0.211700 
0.214000 
0.215100 
0.215100 
0.217500 
0.219800 
0.220100 
0.221700 
0.222400 
0.222600 
0.223000 
0.223100 
0.223300 
0.224200 
0.225900 
0.226100 
0.226200 
0.226500 
0.227300 
0.232000 
0.234200 
0.235300 
0.236400 
0.237900 
0.239600 
0.241800 
0.243300 
0.243300 
0.243800 
0.244300 
0.245000 
0.245600 
0.245700 
0.245900 
0.246500 
0.247900 
0.248000 
0.249900 
0.250100 
0.250500 
0.251000 
0.253900 
0.254700 
0.257500 
0.258700 
0.259000 
0.260000 
0.261100 
0.261400 
0.261800 
0.263300 
0.263400 
0.263700 
0.268100 
0.268200 
0.268400 
0.268900 
0.270900 
0.271700 
0.271800 
0.272000 
0.272500 
0.274400 
0.276000 
0.282500 
0.283300 
0.284300 
0.285000 
0.287000 
0.289000 
0.289000 
0.289200 
0.290800 
0.292300 
0.294200 
0.294900 
0.296000 
0.296500 
0.297800 
0.298000 
0.299300 
0.300800 
0.302000 
0.303300 
0.303600 
0.304300 
0.305300 
0.306600 
0.306800 
0.308500 
0.310300 
0.310300 
0.311100 
0.315800 
0.317000 
0.318600 
0.320300 
0.320400 
0.323800 
0.324300 
0.325400 
0.325900 
0.326500 
0.326500 
0.331500 
0.332000 
0.332100 
0.335200 
0.338900 
0.338900 
0.340500 
0.342800 
0.343300 
0.343700 
0.344100 
0.344300 
0.345500 
0.346500 
0.346700 
0.346800 
0.347500 
0.349500 
0.351300 
0.352500 
0.357700 
0.358600 
0.358900 
0.361500 
0.364100 
0.365100 
0.365600 
0.367400 
0.369100 
0.369200 
0.371200 
0.371600 
0.372900 
0.373700 
0.375700 
0.378300 
0.381000 
0.382700 
0.383600 
0.383700 
0.384700 
0.388700 
0.388900 
0.389200 
0.389500 
0.391700 
0.392400 
0.392500 
0.393800 
0.393900 
0.394800 
0.395400 
0.395700 
0.397000 
0.398500 
0.400000 
0.401300 
0.402600 
0.406300 
0.406500 
0.407100 
0.410000 
0.414500 
0.416900 
0.417600 
0.418100 
0.418200 
0.418400 
0.419400 
0.420100 
0.420400 
0.421500 
0.423300 
0.423700 
0.423900 
0.424100 
0.424900 
0.431500 
0.431800 
0.432300 
0.433000 
0.433400 
0.436300 
0.437900 
0.438300 
0.438400 
0.438500 
0.438700 
0.441200 
0.443300 
0.444700 
0.446900 
0.448100 
0.450200 
0.453900 
0.457000 
0.458400 
0.458500 
0.461500 
0.461700 
0.463700 
0.465500 
0.467200 
0.467200 
0.468000 
0.469000 
0.469800 
0.470800 
0.470800 
0.471300 
0.471600 
0.473500 
0.473700 
0.475600 
0.476200 
0.479400 
0.480600 
0.481000 
0.481000 
0.481000 
0.482100 
0.482900 
0.483400 
0.485400 
0.488200 
0.489700 
0.489800 
0.491400 
0.492800 
0.493100 
0.493900 
0.497200 
0.497500 
0.499100 
0.499800 
0.500600 
0.501600 
0.502600 
0.505100 
0.506100 
0.508200 
0.510100 
0.511300 
0.511600 
0.512100 
0.514600 
0.516600 
0.518100 
0.519200 
0.521500 
0.522800 
0.523100 
0.523200 
0.523500 
0.523900 
0.523900 
0.525500 
0.528000 
0.529600 
0.530800 
0.531200 
0.533600 
0.535600 
0.535800 
0.537600 
0.538700 
0.538800 
0.539800 
0.543400 
0.543500 
0.546800 
0.547600 
0.548500 
0.548500 
0.550500 
0.550700 
0.551100 
0.551500 
0.553000 
0.554300 
0.555700 
0.557000 
0.558100 
0.558500 
0.560100 
0.560300 
0.560400 
0.563600 
0.564200 
0.564500 
0.564500 
0.568100 
0.568600 
0.573600 
0.573900 
0.575500 
0.575800 
0.578000 
0.580800 
0.582000 
0.582300 
0.582400 
0.584000 
0.584700 
0.587700 
0.588300 
0.588700 
0.591300 
0.595200 
0.598800 
0.598800 
0.599200 
0.599700 
0.601200 
0.601200 
0.601500 
0.603800 
0.605100 
0.605900 
0.606500 
0.607100 
0.607200 
0.608000 
0.608300 
0.611300 
0.611700 
0.612500 
0.616100 
0.616700 
0.618600 
0.621200 
0.621900 
0.622600 
0.622800 
0.624100 
0.624200 
0.627500 
0.628000 
0.633300 
0.634000 
0.634400 
0.636400 
0.637700 
0.638100 
0.638100 
0.638700 
0.640900 
0.641300 
0.641800 
0.643500 
0.643600 
0.647000 
0.648000 
0.648400 
0.650200 
0.651100 
0.652500 
0.652600 
0.654500 
0.656200 
0.656300 
0.657600 
0.658100 
0.658600 
0.663100 
0.663700 
0.664400 
0.666900 
0.668700 
0.669500 
0.669800 
0.671300 
0.672300 
0.675300 
0.676700 
0.676800 
0.677000 
0.680000 
0.680100 
0.684800 
0.685400 
0.687500 
0.687800 
0.689200 
0.689700 
0.690800 
0.692100 
0.692700 
0.694100 
0.694400 
0.694500 
0.696300 
0.697900 
0.698300 
0.699900 
0.700200 
0.700400 
0.702400 
0.702400 
0.702500 
0.702700 
0.702800 
0.703200 
0.703200 
0.704200 
0.707700 
0.708400 
0.708600 
0.712800 
0.715500 
0.716200 
0.716400 
0.716700 
0.719000 
0.719200 
0.719400 
0.719700 
0.721200 
0.722000 
0.723500 
0.724000 
0.724400 
0.724600 
0.724800 
0.726600 
0.727600 
0.728200 
0.731400 
0.734700 
0.736100 
0.736200 
0.736400 
0.736500 
0.737100 
0.738600 
0.740000 
0.740900 
0.741000 
0.741600 
0.743300 
0.743500 
0.748600 
0.749900 
0.750100 
0.751100 
0.751200 
0.753200 
0.756000 
0.756500 
0.758100 
0.758300 
0.759100 
0.759500 
0.760500 
0.760700 
0.762300 
0.763000 
0.763000 
0.763900 
0.767400 
0.768100 
0.770300 
0.771100 
0.773900 
0.774700 
0.775100 
0.775200 
0.775600 
0.775800 
0.776400 
0.776600 
0.777800 
0.778300 
0.782200 
0.783800 
0.786200 
0.786400 
0.790500 
0.790600 
0.792100 
0.792800 
0.796500 
0.796700 
0.797700 
0.799200 
0.799500 
0.799600 
0.799700 
0.802400 
0.803900 
0.804500 
0.805300 
0.806000 
0.807300 
0.809000 
0.809400 
0.810100 
0.810400 
0.813900 
0.814000 
0.814700 
0.817800 
0.818200 
0.819100 
0.820700 
0.822600 
0.823200 
0.825600 
0.826200 
0.828400 
0.829300 
0.830600 
0.831600 
0.832500 
0.833300 
0.834400 
0.836200 
0.836600 
0.837600 
0.838500 
0.839300 
0.839700 
0.842800 
0.843200 
0.843600 
0.844300 
0.844800 
0.846000 
0.846600 
0.846600 
0.846800 
0.847800 
0.847800 
0.848400 
0.850200 
0.852900 
0.854200 
0.854300 
0.855400 
0.859800 
0.860400 
0.860400 
0.860900 
0.863600 
0.864000 
0.864100 
0.865400 
0.865400 
0.868600 
0.870600 
0.870700 
0.871300 
0.871900 
0.873500 
0.873800 
0.874700 
0.875200 
0.876700 
0.878700 
0.880600 
0.880700 
0.880800 
0.881900 
0.882300 
0.883500 
0.883500 
0.884500 
0.886200 
0.893900 
0.896500 
0.897500 
0.902600 
0.902700 
0.903000 
0.903600 
0.905100 
0.906200 
0.906500 
0.911000 
0.911900 
0.912600 
0.912700 
0.912800 
0.914600 
0.916500 
0.918000 
0.920300 
0.920700 
0.921700 
0.922400 
0.922800 
0.924100 
0.924200 
0.926700 
0.926900 
0.927300 
0.928700 
0.929900 
0.930700 
0.931700 
0.934300 
0.934900 
0.936800 
0.936900 
0.941400 
0.942700 
0.942900 
0.943800 
0.945900 
0.946400 
0.947300 
0.949200 
0.949200 
0.951100 
0.951700 
0.952700 
0.952700 
0.954300 
0.954600 
0.955400 
0.955900 
0.956500 
0.957400 
0.957800 
0.959500 
0.959900 
0.960800 
0.961900 
0.962300 
0.964100 
0.964500 
0.967500 
0.967800 
0.968700 
0.969100 
0.969500 
0.970600 
0.975500 
0.976000 
0.977600 
0.978000 
0.978900 
0.979600 
0.981000 
0.982100 
0.983100 
0.983700 
0.984700 
0.986100 
0.987900 
0.988500 
0.988700 
0.991300 
0.993300 
0.995900 
0.997600 
0.998600 
0.999400 
1.000100 
1.001500 
1.002600 
1.005000 
1.006500 
1.009400 
1.010700 
1.011600 
1.012200 
1.012800 
1.013200 
1.013500 
1.013900 
1.015400 
1.015400 
1.018200 
1.019300 
1.023000 
1.023200 
1.024200 
1.024600 
1.025700 
1.026100 
1.027300 
1.027900 
1.028700 
1.031100 
1.032900 
1.034100 
1.034500 
1.035600 
1.036900 
1.038400 
1.039100 
1.039900 
1.041100 
1.042200 
1.043000 
1.043700 
1.043800 
1.047400 
1.048700 
1.049900 
1.052300 
1.053200 
1.054100 
1.054800 
1.056000 
1.058400 
1.058700 
1.061600 
1.062000 
1.063900 
1.067200 
1.067400 
1.067500 
1.067700 
1.068200 
1.068700 
1.069600 
1.070400 
1.070400 
1.070900 
1.075200 
1.075600 
1.076500 
1.079600 
1.080700 
1.081500 
1.081800 
1.082700 
1.083000 
1.083500 
1.085800 
1.086800 
1.086900 
1.088600 
1.089200 
1.091300 
1.092100 
1.092700 
1.094300 
1.095300 
1.097700 
1.098700 
1.100900 
1.101700 
1.101700 
1.103400 
1.103500 
1.106200 
1.108100 
1.109800 
1.113200 
1.113700 
1.114700 
1.115600 
1.115900 
1.119700 
1.121300 
1.122500 
1.123500 
1.125300 
1.126000 
1.126600 
1.127000 
1.128600 
1.129100 
1.132000 
1.132600 
1.135200 
1.138100 
1.138800 
1.138800 
1.140600 
1.140700 
1.140700 
1.141500 
1.142200 
1.143300 
1.143300 
1.145300 
1.148700 
1.150300 
1.150600 
1.151800 
1.154500 
1.156000 
1.157700 
1.157800 
1.158300 
1.160500 
1.162200 
1.162400 
1.163100 
1.164200 
1.166100 
1.166500 
1.166900 
1.167800 
1.168300 
1.170600 
1.173100 
1.173800 
1.176400 
1.177300 
1.178300 
1.180700 
1.181400 
1.183200 
1.185700 
1.186900 
1.188900 
1.190200 
1.191600 
1.194000 
1.194700 
1.196300 
1.199700 
1.200200 
1.201800 
1.203000 
1.203300 
1.203900 
1.204600 
1.204600 
1.205000 
1.205200 
1.206300 
1.209500 
1.210000 
1.211300 
1.212400 
1.213200 
1.213400 
1.214100 
1.220400 
1.220400 
1.221500 
1.221600 
1.221700 
1.224900 
1.225800 
1.226600 
1.227100 
1.228300 
1.228500 
1.229000 
1.229000 
1.231200 
1.233800 
1.233800 
1.234200 
1.237200 
1.238200 
1.242000 
1.242100 
1.242700 
1.245500 
1.245600 
1.246600 
1.246700 
1.247300 
1.248100 
1.251100 
1.252800 
1.253200 
1.253900 
1.254300 
1.254900 
1.255400 
1.256100 
1.257000 
1.257000 
1.258800 
1.259000 
1.259600 
1.261000 
1.264700 
1.265700 
1.266500 
1.268300 
1.271500 
1.272300 
1.273200 
1.273200 
1.273400 
1.273600 
1.273700 
1.274300 
1.275000 
1.275200 
1.275200 
1.275300 
1.276100 
1.276300 
1.277300 
1.279000 
1.282600 
1.282700 
1.283800 
1.284400 
1.285500 
1.286000 
1.287800 
1.288200 
1.288700 
1.288900 
1.289400 
1.291000 
1.291700 
1.293400 
1.294400 
1.297900 
1.301700 
1.301800 
1.304500 
1.305300 
1.305400 
1.305600 
1.306000 
1.306500 
1.306500 
1.306600 
1.306700 
1.306800 
1.307800 
1.309300 
1.309900 
1.310400 
1.311800 
1.320900 
1.320900 
1.321000 
1.322500 
1.322700 
1.323700 
1.324100 
1.325600 
1.327000 
1.327000 
1.328800 
1.328800 
1.329300 
1.330100 
1.330700 
1.331800 
1.332100 
1.335800 
1.336800 
1.337800 
1.337900 
1.339100 
1.339400 
1.339700 
1.342100 
1.342300 
1.342700 
1.344400 
1.346600 
1.347800 
1.348200 
1.349200 
1.350200 
1.352900 
1.353500 
1.356200 
1.356800 
1.357900 
1.363400 
1.364700 
1.368400 
1.369800 
1.370700 
1.371200 
1.371700 
1.373700 
1.374700 
1.375100 
1.375100 
1.376500 
1.378400 
1.380500 
1.382200 
1.383500 
1.384600 
1.385600 
1.388700 
1.388700 
1.388900 
1.389000 
1.390800 
1.391200 
1.393200 
1.399900 
1.401000 
1.402200 
1.403200 
1.403300 
1.407100 
1.407800 
1.407900 
1.409100 
1.411800 
1.413100 
1.415700 
1.416100 
1.416800 
1.418000 
1.419900 
1.421100 
1.422900 
1.426700 
1.426800 
1.427900 
1.428600 
1.428700 
1.430200 
1.432600 
1.432800 
1.434000 
1.434100 
1.434500 
1.434500 
1.435800 
1.438000 
1.438700 
1.439400 
1.441700 
1.441900 
1.442300 
1.445900 
1.448700 
1.450400 
1.450600 
1.452500 
1.454400 
1.455400 
1.455500 
1.455800 
1.457600 
1.461700 
1.464400 
1.464900 
1.465100 
1.470100 
1.470500 
1.471700 
1.473200 
1.473900 
1.474300 
1.474500 
1.474700 
1.475400 
1.475600 
1.476700 
1.478000 
1.478100 
1.487600 
1.487600 
1.488200 
1.488700 
1.489000 
1.489200 
1.489200 
1.489500 
1.490000 
1.492200 
1.494800 
1.495200 
1.497200 
1.497900 
1.498400 
1.499400 
1.500800 
1.501400 
1.502000 
1.502000 
1.508400 
1.508400 
1.514300 
1.514500 
1.515600 
1.516200 
1.518300 
1.519400 
1.519800 
1.521200 
1.522100 
1.522200 
1.523000 
1.523300 
1.525200 
1.528600 
1.529500 
1.531000 
1.532800 
1.535800 
1.536100 
1.536800 
1.537600 
1.537800 
1.537800 
1.539000 
1.541100 
1.541900 
1.545200 
1.545300 
1.547200 
1.547800 
1.548600 
1.549300 
1.550200 
1.551200 
1.551300 
1.551800 
1.552400 
1.553300 
1.555700 
1.556000 
1.557000 
1.558300 
1.558500 
1.564400 
1.566700 
1.567500 
1.567800 
1.569900 
1.570000 
1.570200 
1.571500 
1.573300 
1.575100 
1.575500 
1.575800 
1.577700 
1.579400 
1.581100 
1.582900 
1.583100 
1.584500 
1.584800 
1.587500 
1.589000 
1.591700 
1.593700 
1.594000 
1.595600 
1.597200 
1.599000 
1.601500 
1.602300 
1.603200 
1.605600 
1.605700 
1.606100 
1.606600 
1.611400 
1.611700 
1.611700 
1.612400 
1.612500 
1.613600 
1.614900 
1.618600 
1.619800 
1.620100 
1.623500 
1.627500 
1.628700 
1.629600 
1.630200 
1.631600 
1.631800 
1.632800 
1.632900 
1.633600 
1.634300 
1.634500 
1.634600 
1.635000 
1.636200 
1.636800 
1.639500 
1.639900 
1.640700 
1.641200 
1.641600 
1.644300 
1.645000 
1.646100 
1.647700 
1.651200 
1.651900 
1.655100 
1.655300 
1.655700 
1.656700 
1.658600 
1.659200 
1.659900 
1.660700 
1.661600 
1.661700 
1.661900 
1.662400 
1.663600 
1.664000 
1.664700 
1.665800 
1.668600 
1.668600 
1.669300 
1.669900 
1.670000 
1.673700 
1.673900 
1.674200 
1.677700 
1.677800 
1.678200 
1.679500 
1.683600 
1.684100 
1.684900 
1.685500 
1.686600 
1.686800 
1.687600 
1.690500 
1.691600 
1.691600 
1.692300 
1.693600 
1.694800 
1.699800 
1.700400 
1.701800 
1.702000 
1.702400 
1.703000 
1.705300 
1.706200 
1.707700 
1.710300 
1.710600 
1.711200 
1.711600 
1.712900 
1.713700 
1.713800 
1.714100 
1.715700 
1.718400 
1.721400 
1.723500 
1.723900 
1.725300 
1.726900 
1.727700 
1.729100 
1.731100 
1.732300 
1.732500 
1.736800 
1.737800 
1.739700 
1.740500 
1.740700 
1.741200 
1.743000 
1.743600 
1.743600 
1.744600 
1.745100 
1.745500 
1.746800 
1.747700 
1.751700 
1.753100 
1.753700 
1.753800 
1.754500 
1.754700 
1.757100 
1.757200 
1.758300 
1.761500 
1.762600 
1.762800 
1.763800 
1.764000 
1.764900 
1.766100 
1.767200 
1.767400 
1.767500 
1.770900 
1.771100 
1.771600 
1.771600 
1.771700 
1.772200 
1.774200 
1.774600 
1.774800 
1.775700 
1.776100 
1.778700 
1.780900 
1.781600 
1.782800 
1.783300 
1.783600 
1.783700 
1.784200 
1.784700 
1.785100 
1.785500 
1.786000 
1.789400 
1.791600 
1.791900 
1.792200 
1.792800 
1.793100 
1.795800 
1.796200 
1.798100 
1.798300 
1.799300 
1.801700 
1.803000 
1.804200 
1.804300 
1.804800 
1.807400 
1.808300 
1.809100 
1.809900 
1.810400 
1.811800 
1.811900 
1.814100 
1.815900 
1.816300 
1.816800 
1.817600 
1.819100 
1.821000 
1.824200 
1.824400 
1.825200 
1.825600 
1.826100 
1.827200 
1.827400 
1.828800 
1.831200 
1.832500 
1.836400 
1.837500 
1.837900 
1.838400 
1.838500 
1.839100 
1.843300 
1.843600 
1.843600 
1.846700 
1.847300 
1.847300 
1.847800 
1.849800 
1.850900 
1.852100 
1.853900 
1.854200 
1.854600 
1.857200 
1.858700 
1.860100 
1.860300 
1.860400 
1.861700 
1.863400 
1.863800 
1.863900 
1.865300 
1.865500 
1.866000 
1.866900 
1.867000 
1.868300 
1.868900 
1.870400 
1.870500 
1.872300 
1.872600 
1.873000 
1.873700 
1.875600 
1.876000 
1.876600 
1.877200 
1.877600 
1.879100 
1.882100 
1.883700 
1.884500 
1.884600 
1.886200 
1.887600 
1.888400 
1.889300 
1.889300 
1.893400 
1.894500 
1.894900 
1.895100 
1.895700 
1.896000 
1.896100 
1.898500 
1.898700 
1.898900 
1.899100 
1.900300 
1.901000 
1.906700 
1.906800 
1.907400 
1.909700 
1.910400 
1.912800 
1.914100 
1.914200 
1.914800 
1.915300 
1.915700 
1.918300 
1.921400 
1.921500 
1.922900 
1.924300 
1.924500 
1.925300 
1.926100 
1.927500 
1.927900 
1.929100 
1.931200 
1.933500 
1.935100 
1.936100 
1.936200 
1.936500 
1.937500 
1.944200 
1.944200 
1.944900 
1.946200 
1.946600 
1.946800 
1.949000 
1.950100 
1.951600 
1.951900 
1.952200 
1.953400 
1.953400 
1.956700 
1.959300 
1.960600 
1.960600 
1.962400 
1.962900 
1.963900 
1.964400 
1.964700 
1.967300 
1.972500 
1.973000 
1.973600 
1.974600 
1.975000 
1.976100 
1.976100 
1.976200 
1.977200 
1.977600 
1.978900 
1.980900 
1.982900 
1.984000 
1.985400 
1.989800 
1.990500 
1.992600 
1.992700 
1.994400 
1.994400 
1.994600 
1.994900 
1.995100 
1.995300 
1.999800 
2.000000 
2.001100 
2.003100 
2.003900 
2.004600 
2.006700 
2.007200 
2.007500 
2.010800 
2.012100 
2.012100 
2.012200 
2.013600 
2.014200 
2.016200 
2.017700 
2.018600 
2.019200 
2.020900 
2.022600 
2.023400 
2.025100 
2.026600 
2.028000 
2.030400 
2.031900 
2.032700 
2.033400 
2.033600 
2.036900 
2.037200 
2.037400 
2.037500 
2.041900 
2.042700 
2.042800 
2.042800 
2.042900 
2.044800 
2.045500 
2.046900 
2.048000 
2.048500 
2.048600 
2.051900 
2.052300 
2.052800 
2.056600 
2.060500 
2.060700 
2.064400 
2.064500 
2.064900 
2.065600 
2.066600 
2.066600 
2.066700 
2.067000 
2.068500 
2.068500 
2.068800 
2.069000 
2.069400 
2.069400 
2.071000 
2.071200 
2.072700 
2.073900 
2.078500 
2.080700 
2.081400 
2.081800 
2.082700 
2.083800 
2.084200 
2.084900 
2.086400 
2.086600 
2.089100 
2.090000 
2.090000 
2.090900 
2.091400 
2.093500 
2.093700 
2.096600 
2.097000 
2.099600 
2.099800 
2.099900 
2.100200 
2.102700 
2.104600 
2.105500 
2.108100 
2.108500 
2.109600 
2.111400 
2.113700 
2.113700 
2.113700 
2.113900 
2.115400 
2.116000 
2.116600 
2.117100 
2.117100 
2.117800 
2.118900 
2.119400 
2.121100 
2.121900 
2.121900 
2.122900 
2.123900 
2.125800 
2.126700 
2.127700 
2.129800 
2.131400 
2.132700 
2.134000 
2.134200 
2.139400 
2.140500 
2.140700 
2.141400 
2.143700 
2.145600 
2.145800 
2.146000 
2.148500 
2.150400 
2.151600 
2.151800 
2.152200 
2.153800 
2.154000 
2.155800 
2.157400 
2.159400 
2.161500 
2.161600 
2.162200 
2.162500 
2.166300 
2.166900 
2.169000 
2.169900 
2.171800 
2.172900 
2.173000 
2.175400 
2.175600 
2.176000 
2.176800 
2.178700 
2.178800 
2.181600 
2.181900 
2.182700 
2.187100 
2.189700 
2.190700 
2.192600 
2.192700 
2.194500 
2.197700 
2.198000 
2.198000 
2.198300 
2.201700 
2.202200 
2.203800 
2.205000 
2.206500 
2.207200 
2.208300 
2.208400 
2.208900 
2.209000 
2.209500 
2.209900 
2.211500 
2.216600 
2.219100 
2.221500 
2.222400 
2.225200 
2.226400 
2.227000 
2.227500 
2.228500 
2.230100 
2.231500 
2.232800 
2.237100 
2.238000 
2.243400 
2.243500 
2.243700 
2.244700 
2.246000 
2.246700 
2.251300 
2.251700 
2.252800 
2.254200 
2.256500 
2.257000 
2.257100 
2.257300 
2.257700 
2.257700 
2.259300 
2.262500 
2.263700 
2.264100 
2.264700 
2.268700 
2.268800 
2.269000 
2.270800 
2.271000 
2.271200 
2.271500 
2.271900 
2.272500 
2.273100 
2.276400 
2.276500 
2.277600 
2.279500 
2.284500 
2.286100 
2.286300 
2.287100 
2.288600 
2.289100 
2.291700 
2.293900 
2.295500 
2.296800 
2.296900 
2.297600 
2.298100 
2.298300 
2.298500 
2.298800 
2.299700 
2.301500 
2.302200 
2.302800 
2.302800 
2.303700 
2.304200 
2.305100 
2.308500 
2.310100 
2.310800 
2.311400 
2.311600 
2.312600 
2.313800 
2.314500 
2.316800 
2.320400 
2.323400 
2.323600 
2.325900 
2.327300 
2.328000 
2.329600 
2.331200 
2.332900 
2.333400 
2.334100 
2.337900 
2.338100 
2.338600 
2.341100 
2.341900 
2.343000 
2.344100 
2.345400 
2.345400 
2.347000 
2.347400 
2.347600 
2.347600 
2.353900 
2.358900 
2.359400 
2.360300 
2.360800 
2.361200 
2.362700 
2.362900 
2.362900 
2.363600 
2.364900 
2.365500 
2.366300 
2.372300 
2.373300 
2.373500 
2.374000 
2.375000 
2.376700 
2.377000 
2.377400 
2.378500 
2.379600 
2.382500 
2.382500 
2.384300 
2.384600 
2.386600 
2.387700 
2.387800 
2.389400 
2.389600 
2.390300 
2.390900 
2.392400 
2.392500 
2.393500 
2.393600 
2.394700 
2.395400 
2.395800 
2.397700 
2.398400 
2.398800 
2.401200 
2.402000 
2.404100 
2.404300 
2.406500 
2.407200 
2.407400 
2.408000 
2.408100 
2.409900 
2.410900 
2.412500 
2.414300 
2.416300 
2.417300 
2.418400 
2.418600 
2.419700 
2.420600 
2.420700 
2.421100 
2.423200 
2.425000 
2.425200 
2.425500 
2.426800 
2.427800 
2.427800 
2.428100 
2.428200 
2.430100 
2.430900 
2.432800 
2.433000 
2.433100 
2.434000 
2.434200 
2.434500 
2.435200 
2.439200 
2.439600 
2.442000 
2.442500 
2.443600 
2.445300 
2.445300 
2.446800 
2.449200 
2.450000 
2.451600 
2.454600 
2.454600 
2.455200 
2.457300 
2.457400 
2.460700 
2.461600 
2.463300 
2.464700 
2.465300 
2.466100 
2.466300 
2.466300 
2.466600 
2.466700 
2.467800 
2.469000 
2.470600 
2.470700 
2.471900 
2.472000 
2.472400 
2.472700 
2.474200 
2.475400 
2.477400 
2.477800 
2.478800 
2.483100 
2.483500 
2.483900 
2.484500 
2.486300 
2.487400 
2.489000 
2.489500 
2.490300 
2.490700 
2.491200 
2.491600 
2.491600 
2.493400 
2.493700 
2.496300 
2.497100 
2.497300 
2.500000 
2.500100 
2.501100 
2.501400 
2.502500 
2.503100 
2.506200 
2.507300 
2.510100 
2.512500 
2.514600 
2.515700 
2.516200 
2.516700 
2.517600 
2.518900 
2.519200 
2.519500 
2.523900 
2.524600 
2.528200 
2.529200 
2.529400 
2.531300 
2.532500 
2.532700 
2.534200 
2.535700 
2.535700 
2.536300 
2.536300 
2.537900 
2.540700 
2.540900 
2.542600 
2.543900 
2.544700 
2.545200 
2.545600 
2.546100 
2.546500 
2.547000 
2.548600 
2.548600 
2.548900 
2.548900 
2.548900 
2.550800 
2.552300 
2.552700 
2.553500 
2.555900 
2.556900 
2.557200 
2.557400 
2.557500 
2.558400 
2.560900 
2.563000 
2.563300 
2.564300 
2.564500 
2.565400 
2.567400 
2.570100 
2.571600 
2.572400 
2.572700 
2.573900 
2.573900 
2.574900 
2.580800 
2.581900 
2.582400 
2.584100 
2.584200 
2.585200 
2.588600 
2.589000 
2.589500 
2.591400 
2.592500 
2.593200 
2.595200 
2.596700 
2.596700 
2.596800 
2.597100 
2.598300 
2.599700 
2.601400 
2.601900 
2.602700 
2.604000 
2.605600 
2.606500 
2.606900 
2.607700 
2.608900 
2.610700 
2.612800 
2.615200 
2.616400 
2.616800 
2.616900 
2.617600 
2.617700 
2.618000 
2.618600 
2.618700 
2.619400 
2.619900 
2.620200 
2.620500 
2.625700 
2.626000 
2.626200 
2.626600 
2.628500 
2.632000 
2.633900 
2.636600 
2.637300 
2.637600 
2.637700 
2.640500 
2.643000 
2.643400 
2.643400 
2.643500 
2.643500 
2.644200 
2.647300 
2.647900 
2.650100 
2.650800 
2.654400 
2.654900 
2.655700 
2.658000 
2.658000 
2.659000 
2.659900 
2.660600 
2.660700 
2.662000 
2.662000 
2.662100 
2.663200 
2.665000 
2.666900 
2.667800 
2.668600 
2.671700 
2.672800 
2.674300 
2.674400 
2.674400 
2.677200 
2.677800 
2.677900 
2.678500 
2.680200 
2.680600 
2.681700 
2.682200 
2.683600 
2.683900 
2.684300 
2.687800 
2.689000 
2.690500 
2.691700 
2.691800 
2.694400 
2.695000 
2.695600 
2.696100 
2.696200 
2.697100 
2.698400 
2.699500 
2.700900 
2.702600 
2.705400 
2.705600 
2.705600 
2.705900 
2.708600 
2.708700 
2.709100 
2.710400 
2.711600 
2.712600 
2.713600 
2.714600 
2.715300 
2.715500 
2.716000 
2.719300 
2.720700 
2.723300 
2.723500 
2.724100 
2.724600 
2.725400 
2.726500 
2.730400 
2.730700 
2.731200 
2.731600 
2.732000 
2.732100 
2.732400 
2.735900 
2.737400 
2.740100 
2.741100 
2.742900 
2.743200 
2.743200 
2.745900 
2.746600 
2.747300 
2.747500 
2.747600 
2.749400 
2.749800 
2.752800 
2.753900 
2.755300 
2.757000 
2.757000 
2.757200 
2.758500 
2.758500 
2.758600 
2.760400 
2.761100 
2.762400 
2.763800 
2.764600 
2.765100 
2.767200 
2.768500 
2.768600 
2.769200 
2.770200 
2.771400 
2.771500 
2.772800 
2.773300 
2.778100 
2.781000 
2.782400 
2.785900 
2.786300 
2.787200 
2.787600 
2.790200 
2.791000 
2.791400 
2.793700 
2.794900 
2.795300 
2.795400 
2.799100 
2.800800 
2.801700 
2.802400 
2.802900 
2.803300 
2.803400 
2.803900 
2.805300 
2.805300 
2.805400 
2.807700 
2.807900 
2.810700 
2.811700 
2.811900 
2.813100 
2.816200 
2.818200 
2.818400 
2.818600 
2.821700 
2.823100 
2.825600 
2.825700 
2.826100 
2.826700 
2.828400 
2.829000 
2.831100 
2.831900 
2.833100 
2.834300 
2.834800 
2.835400 
2.836100 
2.836900 
2.837500 
2.841100 
2.842300 
2.845000 
2.846700 
2.848900 
2.849000 
2.849400 
2.850500 
2.850600 
2.852600 
2.854500 
2.854800 
2.855100 
2.859800 
2.860000 
2.860800 
2.860800 
2.860900 
2.861400 
2.861700 
2.861800 
2.862100 
2.862400 
2.865000 
2.866100 
2.866800 
2.868300 
2.868500 
2.870800 
2.871700 
2.872400 
2.873800 
2.874900 
2.875000 
2.880500 
2.880600 
2.880700 
2.882500 
2.884500 
2.885300 
2.885700 
2.886700 
2.886800 
2.888000 
2.891400 
2.892800 
2.895200 
2.896100 
2.897200 
2.897800 
2.898300 
2.899200 
2.901400 
2.901900 
2.903600 
2.904000 
2.904000 
2.905000 
2.906600 
2.907900 
2.908200 
2.908500 
2.909000 
2.909600 
2.914900 
2.914900 
2.916400 
2.918300 
2.920200 
2.921100 
2.921400 
2.921600 
2.923500 
2.925100 
2.926500 
2.927100 
2.932000 
2.932100 
2.933600 
2.933700 
2.936100 
2.936100 
2.937100 
2.938700 
2.942000 
2.942800 
2.942800 
2.944400 
2.944700 
2.945500 
2.945900 
2.948000 
2.950400 
2.952400 
2.955000 
2.955100 
2.957400 
2.957700 
2.959600 
2.960500 
2.960900 
2.963600 
2.966000 
2.966800 
2.967000 
2.967100 
2.968200 
2.968500 
2.970100 
2.972100 
2.974100 
2.974700 
2.975400 
2.976000 
2.976800 
2.977600 
2.978700 
2.979000 
2.979300 
2.979900 
2.980000 
2.980100 
2.981700 
2.984300 
2.988200 
2.988900 
2.989200 
2.992800 
2.993100 
2.994600 
2.995800 
2.997600 
2.997800 
2.998900 
2.999400 
2.999800 
