0.010400 
0.010900 
0.011500 
0.018400 
0.022200 
0.022300 
0.024700 
0.031700 
0.033000 
0.035300 
0.035300 
0.036700 
0.038600 
0.039500 
0.039600 
0.042100 
0.043500 
0.043600 
0.043600 
0.045600 
0.048500 
0.049900 
0.050400 
0.051500 
0.051800 
0.052900 
0.053200 
0.053800 
0.055000 
0.055100 
0.055300 
0.055500 
0.059900 
0.060200 
0.062200 
0.064500 
0.064700 
0.065300 
0.065400 
0.068100 
0.070200 
0.070900 
0.071700 
0.072300 
0.072500 
0.073600 
0.074400 
0.075100 
0.076100 
0.076100 
0.076800 
0.077100 
0.079100 
0.079500 
0.080600 
0.082000 
0.082800 
0.083600 
0.085700 
0.090300 
0.091200 
0.093500 
0.093600 
0.094400 
0.094800 
0.095500 
0.096100 
0.098300 
0.099400 
0.101900 
0.102800 
0.103400 
0.103900 
0.104000 
0.105100 
0.105600 
0.105700 
0.106600 
0.106800 
0.109200 
0.112100 
0.112800 
0.114400 
0.114800 
0.115000 
0.115600 
0.116500 
0.117700 
0.119000 
0.124100 
0.125200 
0.126800 
0.127000 
0.127700 
0.127900 
0.128100 
0.128900 
0.129200 
0.129200 
0.129700 
0.132500 
0.132800 
0.134700 
0.136700 
0.137100 
0.140000 
0.140300 
0.140700 
0.141900 
0.145600 
0.146000 
0.146900 
0.148300 
0.148600 
0.151300 
0.153300 
0.153400 
0.154400 
0.155400 
0.155700 
0.156000 
0.156100 
0.157000 
0.157400 
0.157400 
0.158700 
0.160000 
0.160400 
0.161400 
0.161600 
0.162000 
0.163000 
0.163500 
0.163600 
0.163900 
0.164600 
0.165200 
0.166600 
0.172200 
0.172800 
0.174400 
0.175300 
0.175600 
0.176300 
0.177600 
0.181200 
0.182000 
0.183700 
0.184600 
0.186300 
0.186300 
0.187100 
0.187800 
0.187800 
0.188000 
0.188300 
0.188700 
0.188800 
0.189600 
0.189900 
0.190300 
0.191100 
0.191600 
0.195500 
0.197800 
0.198200 
0.198200 
0.198400 
0.200300 
0.202000 
0.202000 
0.202900 
0.204400 
0.205800 
0.206800 
0.206800 
0.208900 
0.209500 
0.212400 
0.212500 
0.216100 
0.216400 
0.217100 
0.217900 
0.219500 
0.221400 
0.221500 
0.225400 
0.225600 
0.228000 
0.228100 
0.228100 
0.228100 
0.229100 
0.231300 
0.232300 
0.232300 
0.233800 
0.235100 
0.235500 
0.235700 
0.236400 
0.238400 
0.239100 
0.240900 
0.242400 
0.242600 
0.243700 
0.246300 
0.246800 
0.248300 
0.248400 
0.249200 
0.250600 
0.250800 
0.251000 
0.252000 
0.252200 
0.252900 
0.253900 
0.254200 
0.254300 
0.256700 
0.257500 
0.257600 
0.259800 
0.260000 
0.261100 
0.262500 
0.266300 
0.266400 
0.267200 
0.268500 
0.269500 
0.269800 
0.270500 
0.270600 
0.270800 
0.271100 
0.271600 
0.271800 
0.272200 
0.278600 
0.279200 
0.279600 
0.280800 
0.281200 
0.284800 
0.285600 
0.286100 
0.287000 
0.288700 
0.290100 
0.290200 
0.291400 
0.291800 
0.293000 
0.294100 
0.294700 
0.298400 
0.299800 
0.300400 
0.300400 
0.301400 
0.302400 
0.303600 
0.303900 
0.306600 
0.307300 
0.307800 
0.308200 
0.308500 
0.309400 
0.309800 
0.310900 
0.312200 
0.312800 
0.316900 
0.317700 
0.317800 
0.320600 
0.320800 
0.321100 
0.322000 
0.324000 
0.324100 
0.326300 
0.326500 
0.327800 
0.328600 
0.329800 
0.330700 
0.331900 
0.333700 
0.337200 
0.338500 
0.339300 
0.340300 
0.340300 
0.340700 
0.342100 
0.342800 
0.345800 
0.346300 
0.346400 
0.347500 
0.347800 
0.350700 
0.351000 
0.352500 
0.354700 
0.354700 
0.355500 
0.357400 
0.357600 
0.357800 
0.359700 
0.363200 
0.365100 
0.365200 
0.366700 
0.367800 
0.370600 
0.370700 
0.372700 
0.374600 
0.374700 
0.376000 
0.376000 
0.377200 
0.377400 
0.378700 
0.378700 
0.380900 
0.382100 
0.385700 
0.386400 
0.388700 
0.388800 
0.390000 
0.390100 
0.392300 
0.393500 
0.394200 
0.395500 
0.397100 
0.397200 
0.397300 
0.398000 
0.398700 
0.399600 
0.400000 
0.401100 
0.401200 
0.401500 
0.401900 
0.409700 
0.409800 
0.410900 
0.413300 
0.414200 
0.416300 
0.417100 
0.419000 
0.419300 
0.421100 
0.423000 
0.423300 
0.425900 
0.429000 
0.430100 
0.430500 
0.431700 
0.436600 
0.436600 
0.437200 
0.438100 
0.438400 
0.438500 
0.438700 
0.439400 
0.439900 
0.439900 
0.440300 
0.441300 
0.442700 
0.448200 
0.448600 
0.450000 
0.450700 
0.451400 
0.459900 
0.461100 
0.462000 
0.464500 
0.465500 
0.466400 
0.467200 
0.468800 
0.469200 
0.471000 
0.471600 
0.472400 
0.472500 
0.472900 
0.473700 
0.476900 
0.477200 
0.477700 
0.478200 
0.478200 
0.478700 
0.479100 
0.479600 
0.482100 
0.483700 
0.486400 
0.486600 
0.488200 
0.488300 
0.488600 
0.488700 
0.488700 
0.489200 
0.489400 
0.492100 
0.493700 
0.494500 
0.495000 
0.498200 
0.499300 
0.499900 
0.500800 
0.502500 
0.504300 
0.505700 
0.506400 
0.506600 
0.507800 
0.508700 
0.510500 
0.511400 
0.513400 
0.513400 
0.515200 
0.515300 
0.520200 
0.522200 
0.523300 
0.523900 
0.524900 
0.525100 
0.525500 
0.526100 
0.528000 
0.528100 
0.528800 
0.529600 
0.531000 
0.531000 
0.531100 
0.532100 
0.534000 
0.534700 
0.534800 
0.534900 
0.536400 
0.537000 
0.537600 
0.538000 
0.540800 
0.543500 
0.543600 
0.543600 
0.546400 
0.547600 
0.549200 
0.549800 
0.552100 
0.552700 
0.554400 
0.555700 
0.556100 
0.556100 
0.556300 
0.558400 
0.559300 
0.560600 
0.561300 
0.563000 
0.563600 
0.563700 
0.564700 
0.565600 
0.571100 
0.572600 
0.572700 
0.574200 
0.574700 
0.576000 
0.576400 
0.578100 
0.578600 
0.580300 
0.583400 
0.584200 
0.584500 
0.585200 
0.585300 
0.586700 
0.586800 
0.587700 
0.587800 
0.588300 
0.592100 
0.594600 
0.594700 
0.594800 
0.595600 
0.596300 
0.597000 
0.598000 
0.599000 
0.601200 
0.602200 
0.603500 
0.605800 
0.606000 
0.606300 
0.607600 
0.607600 
0.609600 
0.611600 
0.612700 
0.613000 
0.614600 
0.615200 
0.616700 
0.618500 
0.618700 
0.619400 
0.619500 
0.619700 
0.619900 
0.620200 
0.620800 
0.621100 
0.626300 
0.626400 
0.626500 
0.627800 
0.629200 
0.630400 
0.631200 
0.631400 
0.632000 
0.633100 
0.633800 
0.635800 
0.636400 
0.637800 
0.638200 
0.639100 
0.640800 
0.641600 
0.643200 
0.643500 
0.643600 
0.645000 
0.645800 
0.645900 
0.646500 
0.649200 
0.649600 
0.649600 
0.649800 
0.649800 
0.651400 
0.652600 
0.655300 
0.656500 
0.656500 
0.657400 
0.658500 
0.659500 
0.659800 
0.666200 
0.666300 
0.667200 
0.667700 
0.668000 
0.669100 
0.669800 
0.670400 
0.671000 
0.673300 
0.673800 
0.674800 
0.676900 
0.677400 
0.678900 
0.679700 
0.679900 
0.680500 
0.684100 
0.684900 
0.688700 
0.689700 
0.691000 
0.692900 
0.693500 
0.693600 
0.693900 
0.694100 
0.695900 
0.696300 
0.697600 
0.697800 
0.698800 
0.699100 
0.700100 
0.700100 
0.700500 
0.700900 
0.701600 
0.702500 
0.702900 
0.703600 
0.704300 
0.706000 
0.709300 
0.710000 
0.710300 
0.710300 
0.711500 
0.712900 
0.714500 
0.714600 
0.715300 
0.717300 
0.717700 
0.718500 
0.720100 
0.720200 
0.721400 
0.721500 
0.723600 
0.723700 
0.723900 
0.724800 
0.725300 
0.728000 
0.729000 
0.733000 
0.734200 
0.734300 
0.735900 
0.736400 
0.737300 
0.740500 
0.742900 
0.743700 
0.743900 
0.747100 
0.747500 
0.747500 
0.747800 
0.750900 
0.751000 
0.751300 
0.755300 
0.755500 
0.755500 
0.755600 
0.756300 
0.759000 
0.759500 
0.760500 
0.760500 
0.760700 
0.761000 
0.763600 
0.764300 
0.767100 
0.767800 
0.770000 
0.770500 
0.771000 
0.772300 
0.774100 
0.774700 
0.775400 
0.775500 
0.776000 
0.778200 
0.780200 
0.780600 
0.781000 
0.781100 
0.781800 
0.782900 
0.784500 
0.785600 
0.787800 
0.789800 
0.790200 
0.793700 
0.794400 
0.795400 
0.798200 
0.798300 
0.798400 
0.799600 
0.799800 
0.800100 
0.801700 
0.802800 
0.803100 
0.805900 
0.805900 
0.808700 
0.809400 
0.810800 
0.811200 
0.813400 
0.813900 
0.816500 
0.817000 
0.817100 
0.817300 
0.818200 
0.818500 
0.819100 
0.820800 
0.821200 
0.821900 
0.821900 
0.822100 
0.823100 
0.824100 
0.824200 
0.829100 
0.829300 
0.830800 
0.831100 
0.831500 
0.831700 
0.834300 
0.835400 
0.838400 
0.838400 
0.838700 
0.839400 
0.839900 
0.840300 
0.840600 
0.843600 
0.844500 
0.844700 
0.846800 
0.847300 
0.847500 
0.847500 
0.847600 
0.849400 
0.850300 
0.851100 
0.851300 
0.853100 
0.855300 
0.857400 
0.859600 
0.860100 
0.860100 
0.861900 
0.866400 
0.867800 
0.869900 
0.870200 
0.870500 
0.871600 
0.872000 
0.872600 
0.873200 
0.875100 
0.875500 
0.875600 
0.878400 
0.880700 
0.881600 
0.883400 
0.883700 
0.883900 
0.884000 
0.884700 
0.884800 
0.885000 
0.885100 
0.887200 
0.890400 
0.892200 
0.892900 
0.894300 
0.896500 
0.899300 
0.901000 
0.902500 
0.903000 
0.903100 
0.903700 
0.905100 
0.905600 
0.906500 
0.907800 
0.908400 
0.909600 
0.911400 
0.911500 
0.912500 
0.912900 
0.917400 
0.918600 
0.918800 
0.919000 
0.919800 
0.921100 
0.921200 
0.921900 
0.922100 
0.922600 
0.925700 
0.927900 
0.928300 
0.929000 
0.930200 
0.930500 
0.931000 
0.932300 
0.932500 
0.932600 
0.932800 
0.932800 
0.936300 
0.936900 
0.937400 
0.937500 
0.938000 
0.939800 
0.941200 
0.942600 
0.943500 
0.946200 
0.948900 
0.949100 
0.949900 
0.952100 
0.952200 
0.952200 
0.952200 
0.952500 
0.953100 
0.953900 
0.954700 
0.956100 
0.956500 
0.958200 
0.958400 
0.960300 
0.960600 
0.962200 
0.962800 
0.962800 
0.963400 
0.963400 
0.965900 
0.967800 
0.969400 
0.969600 
0.969600 
0.970700 
0.977000 
0.977500 
0.978000 
0.978100 
0.978300 
0.978400 
0.978500 
0.978600 
0.979100 
0.979400 
0.981100 
0.987000 
0.987200 
0.987300 
0.987500 
0.988200 
0.988300 
0.988900 
0.991300 
0.992200 
0.994100 
0.994600 
0.995600 
0.996100 
0.996300 
0.996800 
0.997500 
0.998200 
1.003600 
1.004600 
1.005700 
1.005900 
1.009900 
1.011000 
1.011200 
1.011300 
1.011900 
1.012000 
1.013400 
1.013800 
1.013900 
1.016100 
1.017000 
1.018000 
1.018600 
1.020700 
1.021800 
1.022500 
1.023300 
1.024900 
1.025000 
1.025400 
1.025600 
1.026600 
1.026800 
1.027200 
1.027900 
1.033600 
1.033800 
1.034300 
1.034600 
1.034600 
1.037400 
1.038100 
1.039200 
1.040300 
1.041400 
1.042000 
1.042800 
1.044200 
1.045900 
1.049200 
1.049300 
1.050700 
1.050800 
1.053900 
1.055600 
1.055900 
1.056100 
1.056800 
1.057700 
1.058600 
1.061900 
1.062600 
1.063600 
1.065000 
1.066700 
1.066800 
1.067400 
1.070100 
1.071400 
1.073100 
1.074200 
1.075700 
1.076300 
1.076300 
1.078900 
1.079800 
1.080200 
1.080200 
1.080400 
1.080700 
1.082300 
1.086600 
1.086800 
1.087400 
1.087900 
1.088400 
1.088500 
1.088500 
1.089300 
1.090800 
1.092800 
1.097800 
1.098100 
1.098600 
1.098600 
1.099200 
1.101100 
1.102700 
1.102700 
1.103800 
1.106700 
1.107000 
1.107600 
1.108000 
1.108300 
1.111500 
1.111700 
1.112000 
1.112100 
1.113800 
1.116500 
1.118900 
1.118900 
1.121400 
1.122700 
1.123600 
1.123700 
1.124700 
1.125600 
1.126100 
1.126600 
1.127300 
1.130400 
1.130600 
1.134100 
1.136600 
1.136700 
1.138100 
1.138500 
1.140600 
1.140600 
1.140600 
1.142800 
1.143900 
1.144500 
1.146100 
1.147700 
1.148500 
1.148800 
1.149800 
1.150300 
1.152000 
1.152500 
1.152700 
1.155300 
1.156300 
1.156800 
1.158900 
1.160000 
1.160800 
1.161400 
1.165000 
1.167700 
1.168300 
1.168800 
1.171000 
1.173000 
1.173000 
1.176400 
1.179200 
1.179200 
1.180300 
1.180600 
1.181600 
1.181700 
1.182100 
1.182900 
1.183100 
1.185000 
1.185100 
1.185400 
1.190000 
1.191100 
1.191100 
1.192100 
1.192700 
1.193000 
1.197300 
1.198700 
1.199200 
1.200100 
1.200300 
1.204200 
1.204500 
1.204800 
1.206300 
1.208600 
1.212600 
1.212700 
1.212900 
1.213000 
1.214500 
1.215600 
1.216700 
1.218400 
1.220900 
1.221500 
1.224100 
1.224200 
1.224300 
1.224800 
1.224900 
1.225200 
1.226400 
1.226900 
1.227200 
1.228200 
1.228400 
1.230200 
1.231300 
1.233100 
1.235000 
1.236800 
1.238000 
1.239300 
1.239400 
1.239500 
1.241600 
1.242700 
1.242800 
1.243200 
1.243500 
1.245200 
1.246700 
1.246900 
1.247100 
1.249100 
1.254100 
1.254300 
1.256500 
1.256600 
1.257500 
1.257900 
1.258900 
1.259400 
1.262800 
1.263000 
1.264800 
1.265800 
1.266300 
1.266600 
1.268300 
1.269500 
1.269900 
1.271300 
1.271800 
1.271800 
1.272000 
1.272200 
1.272700 
1.273700 
1.274900 
1.275300 
1.276500 
1.277200 
1.283100 
1.283100 
1.283700 
1.283900 
1.284100 
1.284400 
1.285100 
1.287200 
1.287900 
1.289200 
1.290600 
1.293400 
1.293900 
1.294200 
1.295200 
1.296800 
1.297400 
1.300700 
1.301000 
1.302300 
1.303400 
1.303500 
1.304000 
1.304500 
1.305300 
1.305400 
1.305600 
1.305700 
1.306000 
1.310400 
1.312200 
1.313400 
1.314500 
1.314700 
1.315600 
1.319300 
1.319500 
1.320200 
1.323500 
1.323600 
1.323600 
1.325000 
1.326300 
1.326600 
1.326700 
1.327000 
1.328300 
1.332400 
1.333300 
1.333300 
1.334300 
1.335500 
1.337600 
1.337900 
1.339300 
1.341500 
1.341600 
1.342800 
1.342900 
1.343200 
1.343900 
1.345800 
1.346500 
1.347500 
1.351700 
1.353000 
1.353100 
1.353400 
1.355100 
1.355500 
1.359800 
1.361200 
1.361600 
1.362000 
1.362700 
1.365400 
1.365900 
1.368700 
1.370600 
1.370900 
1.371400 
1.372700 
1.375700 
1.376600 
1.377500 
1.379500 
1.380300 
1.381300 
1.382000 
1.382500 
1.382700 
1.384100 
1.387300 
1.388900 
1.390400 
1.390900 
1.391200 
1.392600 
1.394200 
1.395600 
1.396300 
1.398900 
1.401600 
1.401700 
1.405200 
1.405500 
1.407000 
1.407400 
1.407500 
1.407600 
1.408700 
1.409800 
1.410000 
1.411400 
1.417400 
1.417900 
1.418000 
1.418600 
1.418800 
1.419000 
1.421200 
1.422900 
1.424800 
1.427700 
1.427700 
1.428800 
1.428900 
1.429200 
1.431600 
1.433400 
1.434600 
1.435000 
1.435600 
1.435800 
1.437800 
1.437900 
1.438200 
1.438900 
1.439200 
1.439400 
1.439600 
1.439700 
1.441300 
1.442500 
1.445300 
1.449400 
1.450600 
1.451200 
1.451400 
1.452200 
1.460200 
1.460800 
1.460900 
1.461800 
1.462200 
1.462400 
1.463800 
1.464300 
1.464300 
1.465500 
1.465600 
1.466100 
1.468600 
1.471100 
1.471600 
1.472200 
1.472900 
1.475900 
1.476600 
1.478200 
1.478200 
1.480300 
1.480500 
1.484300 
1.487200 
1.488500 
1.488700 
1.489100 
1.489300 
1.489500 
1.490800 
1.490800 
1.491400 
1.492800 
1.494600 
1.497300 
1.497400 
1.497800 
1.498800 
1.498800 
1.499400 
1.501700 
1.501800 
1.502700 
1.504000 
1.508100 
1.508600 
1.508900 
1.509000 
1.510800 
1.511200 
1.511600 
1.515100 
1.515200 
1.515300 
1.515800 
1.517600 
1.519200 
1.522000 
1.524200 
1.525300 
1.525300 
1.525800 
1.526500 
1.527500 
1.528300 
1.530800 
1.531200 
1.531800 
1.534600 
1.535000 
1.536500 
1.537200 
1.538200 
1.538200 
1.540000 
1.544100 
1.544700 
1.545400 
1.546500 
1.547200 
1.547500 
1.547500 
1.548700 
1.548800 
1.548900 
1.549000 
1.550700 
1.551100 
1.556400 
1.557000 
1.557200 
1.557500 
1.558900 
1.559100 
1.559100 
1.562800 
1.564700 
1.566200 
1.566200 
1.566900 
1.570500 
1.571000 
1.571100 
1.571900 
1.573600 
1.573700 
1.574500 
1.574700 
1.576600 
1.576600 
1.577100 
1.578100 
1.578100 
1.578200 
1.579100 
1.579300 
1.580800 
1.581800 
1.587100 
1.587500 
1.587600 
1.588000 
1.588600 
1.591600 
1.591600 
1.592900 
1.593000 
1.593400 
1.597000 
1.597100 
1.597300 
1.600000 
1.601500 
1.601900 
1.602200 
1.602500 
1.602800 
1.603700 
1.603900 
1.608100 
1.610900 
1.612500 
1.612600 
1.612700 
1.613600 
1.613700 
1.615200 
1.615800 
1.617400 
1.617900 
1.620500 
1.621100 
1.622100 
1.622900 
1.624800 
1.624900 
1.626300 
1.627200 
1.629600 
1.630800 
1.630900 
1.633700 
1.633900 
1.634400 
1.634700 
1.635000 
1.635100 
1.635500 
1.637600 
1.638300 
1.639300 
1.640100 
1.641800 
1.643700 
1.645500 
1.646200 
1.646700 
1.646900 
1.647000 
1.647300 
1.648000 
1.648900 
1.649000 
1.650000 
1.652100 
1.652200 
1.653800 
1.656700 
1.657200 
1.658000 
1.659800 
1.659800 
1.660600 
1.660900 
1.660900 
1.662200 
1.662300 
1.665800 
1.666000 
1.667900 
1.668500 
1.668800 
1.669000 
1.670000 
1.670100 
1.672200 
1.673100 
1.674400 
1.675300 
1.675800 
1.677100 
1.677700 
1.677800 
1.679000 
1.679100 
1.682400 
1.683100 
1.684600 
1.686200 
1.686300 
1.687400 
1.688500 
1.690800 
1.691700 
1.691800 
1.692300 
1.695600 
1.698300 
1.699800 
1.699800 
1.699800 
1.700600 
1.701000 
1.702200 
1.702300 
1.702400 
1.703100 
1.706100 
1.706300 
1.707000 
1.707400 
1.707800 
1.709000 
1.709400 
1.710300 
1.711800 
1.713800 
1.714200 
1.715600 
1.716100 
1.720100 
1.721700 
1.721900 
1.722600 
1.725800 
1.726100 
1.726300 
1.726700 
1.726700 
1.729100 
1.729700 
1.730600 
1.731300 
1.732700 
1.732800 
1.733600 
1.733700 
1.736800 
1.738300 
1.738900 
1.740500 
1.740700 
1.743500 
1.744000 
1.745700 
1.748200 
1.749200 
1.749400 
1.749700 
1.751200 
1.751900 
1.753300 
1.754900 
1.755500 
1.755700 
1.755800 
1.756500 
1.756700 
1.758300 
1.758300 
1.760700 
1.760900 
1.761800 
1.762000 
1.762000 
1.762100 
1.764500 
1.765900 
1.766000 
1.767900 
1.768300 
1.771700 
1.772900 
1.773200 
1.773600 
1.776000 
1.776800 
1.777000 
1.777300 
1.777500 
1.777700 
1.777700 
1.778600 
1.778600 
1.781500 
1.782700 
1.783700 
1.784000 
1.784800 
1.785800 
1.787800 
1.788200 
1.788400 
1.789700 
1.790400 
1.790600 
1.791900 
1.792500 
1.793100 
1.794000 
1.794200 
1.795200 
1.795800 
1.797200 
1.800900 
1.800900 
1.801300 
1.802200 
1.802200 
1.802400 
1.803300 
1.804100 
1.804500 
1.804600 
1.809800 
1.811500 
1.812100 
1.814800 
1.815000 
1.816200 
1.816600 
1.817200 
1.817400 
1.817500 
1.818500 
1.820300 
1.820400 
1.821000 
1.821100 
1.822200 
1.824100 
1.825400 
1.826500 
1.830200 
1.830500 
1.832200 
1.832300 
1.833100 
1.834200 
1.834800 
1.835500 
1.836500 
1.837500 
1.837600 
1.838400 
1.840400 
1.840900 
1.841400 
1.842700 
1.843400 
1.844000 
1.846000 
1.846600 
1.847800 
1.849200 
1.849500 
1.850800 
1.851400 
1.855000 
1.855900 
1.857400 
1.858600 
1.860400 
1.860600 
1.862200 
1.863900 
1.864100 
1.864600 
1.864900 
1.865100 
1.865900 
1.866000 
1.866500 
1.866800 
1.867400 
1.868300 
1.869300 
1.871100 
1.871600 
1.871600 
1.873000 
1.873700 
1.873800 
1.873900 
1.875300 
1.876200 
1.876900 
1.877000 
1.880600 
1.881400 
1.882200 
1.883200 
1.884400 
1.884900 
1.884900 
1.886100 
1.886500 
1.889200 
1.892400 
1.892500 
1.894300 
1.894500 
1.896200 
1.897100 
1.897200 
1.897400 
1.897900 
1.898900 
1.899500 
1.899900 
1.901000 
1.903200 
1.907500 
1.908700 
1.908800 
1.909000 
1.910200 
1.910500 
1.910600 
1.911200 
1.912000 
1.912600 
1.917900 
1.918000 
1.919000 
1.919700 
1.920300 
1.920900 
1.921800 
1.922500 
1.923300 
1.924500 
1.926100 
1.927500 
1.928400 
1.930500 
1.930600 
1.931400 
1.931700 
1.932100 
1.932300 
1.934600 
1.937000 
1.937300 
1.937600 
1.937900 
1.939900 
1.940300 
1.941200 
1.941400 
1.942200 
1.943600 
1.944200 
1.945000 
1.946200 
1.946500 
1.946600 
1.949600 
1.949800 
1.952200 
1.952400 
1.952500 
1.952700 
1.952800 
1.952900 
1.954000 
1.956500 
1.958500 
1.958800 
1.959400 
1.961200 
1.961900 
1.962600 
1.964500 
1.965600 
1.965700 
1.966200 
1.966700 
1.973400 
1.973500 
1.973700 
1.974200 
1.974500 
1.975600 
1.976700 
1.976800 
1.977500 
1.978600 
1.981000 
1.984200 
1.984400 
1.985000 
1.985000 
1.985100 
1.985600 
1.986900 
1.990200 
1.993300 
1.994100 
1.995600 
1.996800 
1.997600 
1.997600 
1.999100 
2.001600 
2.003500 
2.005300 
2.005600 
2.006300 
2.009300 
2.010500 
2.012600 
2.014000 
2.014200 
2.015100 
2.015300 
2.017100 
2.018500 
2.019400 
2.019600 
2.022500 
2.023300 
2.023700 
2.025500 
2.026200 
2.026500 
2.028200 
2.028300 
2.030400 
2.033500 
2.034600 
2.035200 
2.035500 
2.035800 
2.036300 
2.037600 
2.040100 
2.041300 
2.041800 
2.043700 
2.044100 
2.044700 
2.045300 
2.045400 
2.045900 
2.047400 
2.049700 
2.051700 
2.052300 
2.053100 
2.053100 
2.053900 
2.061000 
2.061000 
2.062200 
2.062500 
2.062600 
2.062900 
2.063300 
2.064100 
2.066400 
2.066900 
2.067200 
2.068100 
2.069300 
2.070800 
2.071100 
2.071300 
2.072100 
2.072700 
2.074300 
2.074400 
2.078500 
2.078800 
2.079000 
2.080100 
2.083900 
2.084600 
2.085600 
2.088700 
2.089500 
2.090400 
2.091100 
2.091200 
2.093000 
2.094100 
2.094200 
2.098900 
2.099100 
2.099400 
2.099900 
2.102400 
2.103900 
2.105700 
2.107900 
2.107900 
2.109800 
2.109900 
2.110100 
2.111500 
2.111900 
2.112600 
2.113500 
2.114000 
2.117200 
2.117700 
2.118200 
2.118500 
2.119000 
2.119000 
2.119300 
2.120300 
2.121300 
2.124900 
2.126800 
2.126900 
2.127500 
2.128100 
2.129300 
2.129400 
2.130800 
2.133600 
2.138000 
2.138100 
2.140600 
2.141600 
2.142400 
2.144000 
2.144300 
2.144600 
2.147000 
2.148500 
2.148500 
2.148700 
2.148800 
2.150100 
2.150200 
2.151800 
2.152900 
2.154600 
2.156300 
2.157900 
2.158100 
2.159000 
2.160100 
2.160300 
2.162000 
2.162500 
2.165300 
2.166900 
2.168200 
2.168200 
2.169500 
2.170700 
2.171800 
2.175100 
2.176500 
2.176900 
2.177300 
2.177700 
2.178100 
2.178500 
2.178800 
2.179400 
2.181500 
2.182600 
2.183600 
2.184800 
2.185600 
2.187800 
2.188800 
2.190500 
2.190500 
2.192100 
2.193100 
2.196400 
2.198100 
2.198100 
2.198100 
2.198100 
2.199200 
2.199500 
2.200900 
2.203500 
2.204500 
2.205500 
2.205900 
2.207900 
2.209700 
2.210500 
2.212400 
2.212600 
2.213300 
2.213500 
2.213700 
2.214400 
2.216600 
2.217700 
2.224500 
2.225000 
2.225400 
2.226900 
2.228600 
2.229000 
2.229500 
2.232700 
2.233700 
2.234000 
2.235600 
2.236600 
2.239100 
2.239800 
2.241000 
2.241000 
2.245400 
2.246900 
2.248200 
2.251600 
2.251900 
2.251900 
2.253300 
2.253600 
2.255700 
2.256800 
2.257400 
2.258600 
2.259500 
2.259900 
2.262500 
2.264400 
2.264900 
2.267700 
2.270100 
2.270400 
2.270700 
2.271100 
2.273300 
2.273600 
2.274000 
2.274100 
2.275100 
2.276100 
2.277800 
2.277900 
2.284200 
2.285800 
2.287800 
2.288800 
2.289100 
2.289300 
2.293100 
2.293200 
2.293300 
2.293800 
2.297900 
2.298200 
2.298500 
2.299800 
2.300300 
2.300900 
2.301300 
2.302400 
2.302800 
2.303500 
2.306700 
2.307100 
2.307900 
2.309200 
2.310200 
2.310700 
2.311300 
2.311400 
2.315300 
2.315300 
2.316400 
2.316500 
2.317000 
2.317300 
2.319700 
2.321100 
2.321500 
2.324000 
2.325800 
2.328900 
2.330200 
2.330600 
2.330900 
2.330900 
2.331200 
2.331800 
2.332000 
2.332400 
2.334900 
2.336500 
2.337300 
2.339000 
2.339700 
2.341700 
2.343400 
2.343800 
2.343800 
2.344600 
2.345600 
2.345700 
2.346400 
2.347200 
2.348700 
2.349400 
2.349800 
2.352200 
2.356600 
2.356800 
2.358900 
2.361100 
2.361800 
2.362400 
2.364000 
2.364200 
2.364500 
2.366500 
2.367600 
2.370700 
2.374500 
2.375100 
2.376100 
2.376200 
2.376900 
2.377000 
2.377500 
2.377800 
2.378300 
2.379000 
2.380500 
2.381400 
2.383500 
2.383700 
2.384300 
2.385400 
2.385600 
2.385600 
2.386900 
2.387100 
2.387300 
2.389800 
2.390000 
2.390400 
2.391200 
2.392500 
2.392800 
2.393000 
2.393400 
2.396200 
2.397400 
2.397500 
2.398200 
2.398600 
2.401200 
2.401800 
2.402100 
2.402300 
2.402700 
2.403000 
2.403400 
2.407500 
2.408500 
2.408600 
2.409300 
2.409400 
2.411600 
2.413100 
2.414800 
2.414900 
2.416800 
2.417200 
2.418700 
2.420800 
2.421000 
2.421200 
2.422100 
2.422400 
2.423000 
2.423200 
2.423300 
2.424600 
2.424700 
2.424900 
2.425200 
2.426200 
2.427300 
2.428700 
2.430200 
2.431400 
2.432900 
2.432900 
2.433700 
2.433700 
2.434100 
2.435100 
2.435600 
2.436200 
2.436600 
2.440200 
2.442000 
2.443300 
2.444100 
2.444400 
2.444500 
2.446800 
2.447100 
2.447500 
2.449100 
2.450500 
2.452700 
2.453400 
2.454900 
2.455200 
2.455500 
2.457600 
2.457800 
2.461500 
2.462600 
2.462700 
2.463000 
2.463100 
2.464900 
2.465600 
2.466100 
2.466600 
2.467600 
2.470000 
2.471000 
2.471300 
2.471400 
2.474100 
2.474400 
2.475200 
2.475800 
2.477400 
2.478900 
2.481900 
2.482600 
2.483100 
2.483700 
2.485000 
2.485600 
2.486000 
2.486300 
2.486600 
2.487000 
2.487000 
2.488000 
2.488600 
2.489600 
2.490300 
2.490500 
2.491500 
2.493400 
2.493600 
2.494600 
2.496100 
2.496800 
2.497500 
2.499000 
2.500300 
2.500900 
2.501100 
2.503600 
2.503600 
2.504600 
2.506500 
2.508800 
2.510200 
2.510800 
2.510800 
2.511200 
2.512900 
2.513200 
2.514500 
2.517700 
2.518800 
2.519200 
2.520300 
2.520300 
2.525200 
2.527100 
2.527200 
2.527300 
2.528800 
2.530000 
2.530400 
2.531500 
2.532100 
2.533400 
2.533800 
2.533800 
2.535300 
2.535500 
2.538400 
2.539300 
2.539500 
2.539800 
2.540200 
2.541000 
2.541200 
2.542800 
2.544500 
2.544600 
2.546500 
2.546600 
2.546800 
2.547200 
2.547500 
2.547500 
2.548700 
2.550100 
2.550800 
2.550900 
2.552100 
2.552100 
2.553000 
2.554900 
2.558500 
2.558900 
2.559600 
2.559700 
2.561700 
2.562500 
2.562600 
2.564500 
2.568000 
2.569900 
2.570200 
2.570700 
2.571400 
2.572500 
2.572900 
2.573300 
2.576900 
2.580000 
2.580600 
2.580700 
2.581600 
2.582000 
2.583500 
2.587800 
2.588500 
2.590500 
2.591000 
2.592400 
2.593800 
2.594400 
2.594700 
2.594900 
2.596100 
2.596700 
2.599000 
2.599200 
2.601300 
2.601800 
2.602300 
2.602700 
2.603100 
2.603400 
2.603700 
2.604200 
2.604800 
2.608100 
2.611400 
2.611800 
2.613400 
2.613500 
2.614300 
2.614700 
2.615200 
2.615500 
2.615500 
2.616200 
2.616500 
2.617200 
2.617600 
2.621700 
2.622500 
2.626200 
2.627900 
2.628200 
2.631300 
2.632100 
2.632500 
2.637000 
2.638600 
2.639500 
2.639900 
2.640000 
2.642600 
2.643300 
2.643600 
2.643600 
2.643800 
2.645100 
2.645200 
2.645500 
2.646900 
2.649300 
2.649400 
2.649400 
2.650400 
2.653200 
2.656600 
2.657600 
2.660100 
2.661100 
2.661400 
2.661500 
2.662100 
2.662500 
2.663400 
2.664900 
2.665400 
2.665600 
2.666300 
2.667200 
2.667200 
2.668300 
2.669200 
2.669300 
2.671000 
2.673900 
2.674100 
2.675000 
2.675300 
2.675900 
2.676600 
2.678600 
2.679300 
2.680500 
2.680500 
2.680700 
2.680700 
2.680900 
2.681100 
2.682800 
2.684700 
2.685800 
2.686200 
2.691900 
2.692300 
2.693800 
2.693900 
2.693900 
2.694300 
2.694500 
2.695200 
2.696200 
2.697800 
2.697800 
2.700700 
2.700800 
2.702400 
2.702400 
2.703400 
2.704300 
2.705400 
2.707600 
2.708300 
2.711200 
2.711400 
2.712100 
2.714100 
2.715300 
2.715500 
2.716000 
2.716700 
2.718900 
2.719400 
2.721400 
2.721500 
2.722100 
2.722100 
2.722900 
2.724600 
2.727400 
2.727500 
2.729300 
2.730200 
2.731700 
2.734500 
2.735200 
2.735700 
2.736000 
2.736800 
2.737600 
2.737700 
2.738200 
2.739900 
2.740600 
2.741100 
2.741200 
2.741200 
2.743600 
2.745100 
2.747000 
2.747600 
2.748700 
2.749800 
2.750500 
2.750800 
2.755300 
2.755400 
2.755800 
2.755900 
2.756200 
2.756200 
2.757000 
2.758100 
2.759700 
2.759900 
2.762800 
2.763100 
2.765600 
2.765600 
2.766100 
2.766600 
2.769600 
2.769800 
2.771300 
2.773500 
2.774900 
2.775300 
2.776300 
2.780000 
2.780700 
2.781100 
2.782800 
2.784700 
2.785000 
2.785800 
2.786200 
2.790300 
2.790600 
2.792100 
2.793400 
2.793600 
2.794400 
2.794900 
2.795300 
2.796100 
2.801700 
2.802300 
2.802600 
2.802700 
2.803400 
2.804400 
2.804500 
2.804900 
2.805700 
2.806000 
2.806200 
2.807100 
2.808800 
2.810400 
2.810700 
2.811500 
2.814500 
2.814700 
2.814800 
2.816300 
2.819700 
2.820800 
2.823500 
2.823900 
2.824000 
2.824600 
2.824800 
2.826100 
2.826500 
2.826800 
2.827500 
2.829200 
2.829600 
2.829600 
2.831900 
2.833000 
2.834100 
2.834200 
2.835000 
2.835900 
2.838100 
2.838900 
2.840500 
2.842600 
2.844000 
2.844400 
2.849600 
2.850800 
2.852800 
2.853200 
2.853400 
2.853700 
2.854400 
2.859200 
2.860000 
2.860200 
2.860500 
2.861400 
2.861800 
2.862100 
2.862400 
2.862600 
2.862900 
2.863100 
2.863200 
2.863400 
2.868100 
2.870600 
2.871000 
2.875000 
2.876700 
2.876700 
2.877400 
2.877600 
2.878100 
2.879100 
2.880400 
2.880800 
2.883400 
2.885000 
2.886600 
2.886900 
2.887100 
2.887500 
2.889000 
2.889100 
2.894100 
2.894800 
2.894800 
2.895800 
2.896000 
2.896400 
2.899000 
2.901200 
2.901900 
2.902900 
2.903500 
2.904400 
2.904600 
2.906300 
2.907800 
2.908400 
2.909200 
2.909600 
2.910200 
2.911300 
2.912000 
2.914900 
2.915400 
2.916100 
2.919700 
2.921000 
2.921800 
2.924000 
2.924000 
2.925300 
2.925700 
2.927400 
2.927500 
2.928500 
2.928800 
2.930400 
2.931600 
2.933600 
2.935100 
2.935200 
2.939200 
2.941400 
2.942400 
2.942700 
2.942700 
2.942700 
2.942800 
2.944700 
2.944800 
2.944900 
2.947100 
2.947300 
2.949100 
2.952400 
2.953900 
2.954700 
2.955600 
2.956100 
2.957000 
2.957200 
2.958500 
2.959600 
2.959800 
2.961700 
2.963400 
2.963900 
2.965500 
2.965900 
2.966400 
2.966700 
2.967100 
2.967300 
2.967400 
2.967900 
2.969400 
2.969700 
2.971000 
2.977500 
2.977900 
2.978100 
2.978500 
2.978500 
2.978800 
2.978900 
2.980100 
2.981900 
2.981900 
2.985400 
2.987300 
2.987700 
2.987900 
2.988500 
2.988500 
2.989600 
2.993100 
2.993800 
2.995600 
2.995700 
2.998100 
2.998600 
2.999700 
