20 
50 
41 
16 
23 
15 
57 
59 
27 
53 
25 
13 
43 
20 
26 
46 
29 
23 
9 
49 
24 
27 
40 
33 
56 
6 
23 
48 
14 
35 
33 
43 
24 
50 
25 
18 
29 
4 
28 
36 
11 
56 
0 
23 
24 
40 
15 
4 
45 
52 
14 
59 
4 
51 
27 
52 
43 
10 
45 
48 
3 
29 
53 
7 
60 
46 
43 
12 
51 
56 
25 
45 
29 
59 
36 
33 
62 
12 
2 
8 
1 
52 
30 
23 
43 
37 
32 
7 
30 
34 
25 
11 
5 
33 
47 
23 
56 
29 
45 
48 
52 
57 
38 
62 
37 
55 
22 
1 
28 
11 
0 
60 
62 
61 
10 
42 
45 
46 
21 
52 
51 
47 
31 
20 
53 
7 
49 
12 
61 
26 
58 
40 
13 
46 
24 
25 
19 
23 
37 
52 
58 
56 
27 
40 
1 
52 
0 
23 
2 
59 
30 
31 
21 
26 
24 
48 
56 
61 
62 
16 
30 
23 
14 
48 
45 
8 
56 
1 
46 
22 
6 
31 
51 
53 
37 
6 
12 
57 
51 
25 
43 
14 
49 
50 
23 
31 
20 
62 
22 
35 
2 
12 
14 
45 
44 
26 
32 
35 
52 
41 
46 
6 
23 
60 
9 
36 
45 
57 
30 
14 
44 
46 
40 
21 
47 
57 
36 
46 
16 
56 
2 
51 
9 
39 
4 
45 
35 
32 
57 
42 
26 
27 
46 
23 
62 
9 
31 
50 
11 
14 
46 
58 
21 
41 
62 
3 
17 
25 
4 
29 
14 
31 
51 
22 
1 
42 
16 
46 
26 
27 
25 
41 
14 
34 
12 
33 
29 
4 
16 
5 
41 
56 
40 
8 
24 
3 
36 
33 
44 
25 
21 
0 
4 
41 
14 
17 
32 
31 
5 
62 
57 
56 
53 
24 
51 
9 
22 
61 
23 
45 
30 
3 
21 
8 
4 
16 
22 
2 
26 
46 
5 
15 
14 
0 
29 
22 
49 
41 
17 
25 
42 
30 
26 
27 
59 
22 
14 
9 
51 
27 
12 
5 
35 
24 
36 
42 
56 
24 
16 
18 
10 
47 
26 
14 
19 
61 
31 
53 
35 
21 
22 
43 
51 
61 
2 
39 
26 
52 
58 
35 
30 
60 
51 
30 
10 
53 
16 
52 
22 
40 
13 
2 
45 
23 
59 
56 
19 
61 
38 
31 
52 
17 
12 
18 
61 
53 
50 
34 
29 
56 
15 
8 
53 
6 
50 
46 
45 
5 
22 
35 
59 
9 
37 
4 
21 
16 
8 
53 
18 
41 
46 
57 
13 
25 
31 
21 
46 
22 
29 
23 
40 
10 
37 
62 
28 
35 
34 
46 
33 
62 
52 
8 
46 
6 
5 
51 
32 
10 
33 
46 
48 
60 
29 
52 
35 
61 
32 
33 
25 
23 
28 
35 
9 
8 
32 
24 
52 
25 
41 
57 
22 
19 
45 
61 
16 
26 
51 
41 
22 
59 
32 
6 
28 
43 
49 
56 
57 
45 
62 
36 
18 
26 
37 
25 
48 
51 
19 
62 
52 
49 
41 
53 
25 
42 
50 
27 
9 
0 
45 
60 
31 
16 
2 
22 
12 
6 
48 
17 
23 
58 
33 
46 
9 
21 
20 
52 
25 
33 
61 
11 
22 
48 
32 
0 
33 
25 
26 
19 
24 
52 
41 
58 
57 
22 
20 
9 
47 
42 
23 
46 
11 
49 
56 
45 
32 
0 
42 
9 
25 
34 
52 
33 
41 
58 
29 
55 
57 
21 
11 
39 
52 
32 
46 
54 
34 
8 
30 
41 
36 
60 
28 
23 
14 
1 
17 
47 
61 
0 
50 
25 
41 
51 
2 
35 
56 
42 
49 
50 
56 
12 
24 
25 
52 
21 
59 
48 
58 
9 
60 
43 
2 
10 
30 
31 
56 
39 
20 
41 
33 
62 
37 
54 
43 
8 
14 
21 
1 
22 
6 
3 
35 
24 
57 
31 
8 
44 
41 
45 
28 
33 
36 
52 
6 
25 
34 
57 
47 
48 
56 
23 
46 
14 
30 
10 
37 
42 
28 
37 
33 
59 
31 
35 
1 
61 
2 
14 
60 
3 
7 
29 
57 
20 
13 
33 
43 
28 
41 
11 
25 
59 
1 
35 
17 
13 
37 
25 
8 
33 
21 
56 
26 
55 
6 
3 
59 
13 
50 
52 
47 
16 
8 
29 
6 
22 
41 
58 
60 
25 
26 
52 
49 
0 
57 
33 
46 
18 
40 
58 
35 
18 
45 
21 
56 
44 
6 
36 
22 
59 
31 
20 
46 
16 
0 
62 
24 
34 
54 
13 
27 
50 
33 
29 
46 
24 
43 
22 
25 
59 
45 
35 
46 
32 
62 
26 
9 
52 
35 
22 
23 
14 
42 
8 
39 
11 
37 
60 
9 
32 
29 
47 
8 
19 
20 
53 
52 
25 
60 
15 
42 
17 
6 
29 
59 
9 
19 
24 
46 
27 
49 
0 
56 
8 
60 
48 
44 
21 
59 
32 
27 
45 
34 
52 
51 
0 
4 
16 
22 
35 
53 
43 
47 
11 
46 
26 
20 
34 
50 
31 
37 
18 
0 
46 
53 
56 
45 
22 
29 
61 
17 
57 
30 
47 
51 
49 
48 
34 
31 
22 
1 
61 
38 
46 
61 
35 
30 
49 
28 
43 
32 
17 
1 
55 
21 
30 
29 
38 
22 
49 
48 
8 
57 
37 
23 
5 
31 
48 
61 
19 
15 
23 
9 
61 
29 
49 
32 
3 
24 
15 
45 
23 
62 
38 
51 
41 
30 
43 
31 
5 
2 
48 
14 
0 
33 
44 
36 
35 
26 
23 
48 
51 
57 
22 
61 
48 
3 
45 
29 
16 
35 
44 
1 
53 
8 
23 
47 
42 
24 
20 
15 
3 
17 
14 
18 
61 
32 
56 
52 
0 
25 
43 
32 
22 
33 
14 
21 
8 
9 
1 
29 
6 
13 
39 
17 
55 
45 
58 
52 
33 
14 
1 
9 
49 
44 
51 
17 
55 
62 
24 
1 
12 
23 
3 
35 
13 
45 
42 
20 
40 
62 
3 
47 
11 
14 
45 
42 
61 
10 
54 
39 
4 
22 
59 
46 
53 
16 
52 
3 
7 
