11 
44 
13 
40 
54 
25 
20 
28 
45 
26 
46 
6 
16 
55 
41 
49 
10 
20 
48 
23 
38 
50 
35 
9 
30 
3 
14 
44 
25 
5 
18 
48 
41 
46 
51 
26 
6 
18 
31 
49 
7 
38 
41 
39 
24 
10 
28 
2 
4 
19 
26 
44 
36 
45 
34 
8 
52 
3 
4 
30 
6 
38 
42 
23 
28 
47 
16 
42 
49 
35 
26 
5 
33 
14 
41 
15 
18 
43 
51 
17 
44 
40 
11 
46 
19 
36 
25 
27 
31 
34 
6 
51 
42 
50 
1 
53 
26 
55 
29 
52 
28 
18 
11 
30 
3 
54 
25 
41 
11 
15 
2 
53 
39 
19 
7 
46 
34 
37 
0 
40 
6 
44 
32 
13 
25 
54 
49 
28 
50 
41 
26 
30 
38 
19 
6 
47 
25 
4 
51 
35 
11 
26 
32 
22 
44 
6 
1 
12 
9 
49 
25 
16 
38 
28 
55 
46 
26 
14 
37 
11 
44 
21 
31 
1 
42 
34 
46 
38 
31 
6 
25 
30 
28 
2 
17 
36 
9 
53 
1 
7 
23 
22 
3 
10 
43 
20 
47 
13 
45 
35 
30 
6 
28 
9 
41 
46 
33 
6 
32 
40 
16 
18 
13 
23 
34 
40 
42 
44 
29 
25 
27 
30 
23 
51 
15 
35 
36 
9 
41 
13 
26 
3 
46 
0 
25 
30 
50 
34 
16 
20 
31 
10 
32 
43 
46 
45 
0 
47 
13 
51 
11 
44 
15 
5 
32 
6 
44 
7 
4 
26 
2 
33 
38 
42 
45 
35 
28 
9 
40 
54 
37 
32 
14 
43 
25 
52 
6 
47 
3 
26 
11 
46 
14 
1 
13 
17 
51 
30 
2 
45 
42 
18 
55 
49 
11 
16 
41 
0 
17 
27 
33 
22 
14 
37 
4 
24 
6 
1 
32 
54 
46 
28 
41 
42 
39 
18 
25 
38 
49 
31 
46 
32 
34 
16 
20 
35 
41 
37 
4 
6 
1 
54 
34 
11 
38 
22 
20 
17 
9 
3 
32 
45 
14 
34 
33 
1 
50 
51 
17 
26 
4 
18 
14 
55 
6 
28 
32 
4 
18 
5 
14 
44 
38 
39 
6 
17 
32 
28 
51 
25 
13 
26 
47 
43 
41 
38 
49 
35 
32 
51 
10 
20 
26 
28 
39 
7 
30 
45 
18 
32 
44 
19 
10 
16 
51 
13 
50 
38 
29 
8 
14 
24 
33 
20 
17 
2 
30 
50 
18 
48 
52 
26 
32 
1 
13 
28 
39 
41 
20 
50 
40 
25 
18 
9 
10 
0 
14 
47 
30 
32 
35 
46 
26 
22 
11 
48 
25 
10 
14 
29 
50 
30 
20 
43 
2 
33 
35 
41 
4 
51 
26 
28 
21 
11 
47 
14 
3 
12 
41 
53 
10 
22 
6 
4 
25 
50 
30 
8 
32 
37 
53 
20 
33 
2 
15 
11 
51 
18 
14 
5 
32 
50 
13 
47 
44 
6 
48 
38 
17 
35 
54 
41 
46 
52 
0 
28 
24 
51 
45 
36 
11 
7 
29 
43 
1 
5 
9 
30 
20 
27 
35 
40 
2 
21 
15 
23 
13 
49 
16 
19 
25 
39 
34 
37 
6 
16 
31 
4 
46 
40 
33 
49 
51 
9 
2 
37 
13 
3 
30 
18 
24 
55 
39 
17 
28 
4 
9 
36 
6 
47 
26 
2 
19 
31 
35 
54 
49 
50 
18 
12 
13 
10 
26 
40 
8 
32 
0 
5 
43 
30 
6 
14 
55 
28 
20 
46 
54 
1 
47 
53 
40 
16 
9 
28 
31 
30 
32 
4 
2 
44 
37 
6 
38 
1 
45 
50 
46 
41 
53 
47 
23 
0 
20 
16 
29 
54 
3 
43 
1 
18 
19 
47 
49 
44 
25 
36 
28 
14 
39 
51 
13 
19 
20 
21 
10 
37 
23 
30 
26 
46 
49 
11 
16 
35 
0 
1 
47 
11 
6 
20 
9 
28 
40 
38 
12 
44 
46 
30 
18 
4 
50 
51 
32 
39 
19 
4 
34 
15 
6 
51 
46 
13 
30 
37 
17 
7 
12 
20 
35 
26 
31 
1 
33 
49 
39 
32 
21 
11 
6 
50 
44 
46 
2 
45 
49 
28 
0 
35 
5 
34 
3 
37 
28 
50 
1 
9 
32 
41 
8 
6 
19 
25 
35 
40 
18 
46 
15 
5 
31 
43 
38 
30 
3 
11 
47 
39 
51 
46 
20 
47 
43 
36 
53 
46 
3 
51 
14 
37 
38 
50 
16 
48 
10 
9 
30 
13 
18 
22 
3 
32 
54 
41 
6 
45 
17 
25 
34 
13 
33 
26 
4 
28 
51 
11 
32 
0 
42 
44 
23 
35 
50 
31 
10 
25 
4 
37 
0 
18 
54 
45 
8 
51 
42 
13 
25 
21 
18 
39 
7 
10 
30 
15 
50 
47 
51 
3 
1 
45 
29 
41 
51 
54 
13 
49 
32 
40 
31 
11 
30 
44 
37 
29 
42 
28 
25 
49 
18 
1 
8 
51 
31 
27 
43 
47 
7 
10 
22 
13 
36 
30 
19 
33 
16 
46 
53 
2 
26 
1 
28 
4 
44 
22 
43 
36 
42 
48 
41 
26 
21 
18 
16 
27 
10 
20 
44 
32 
33 
38 
5 
49 
46 
47 
51 
13 
22 
10 
41 
26 
35 
3 
29 
15 
2 
37 
47 
46 
0 
42 
32 
25 
55 
13 
50 
12 
28 
6 
49 
16 
20 
38 
52 
15 
37 
18 
14 
18 
9 
32 
23 
22 
5 
51 
40 
50 
3 
17 
24 
28 
42 
19 
49 
20 
33 
34 
18 
0 
25 
7 
19 
38 
46 
32 
52 
31 
13 
3 
51 
55 
20 
25 
40 
6 
32 
2 
49 
14 
54 
11 
26 
1 
9 
6 
18 
24 
49 
12 
32 
21 
17 
25 
19 
6 
14 
34 
30 
45 
41 
4 
46 
23 
10 
35 
31 
12 
50 
22 
1 
26 
54 
25 
27 
5 
9 
0 
39 
6 
18 
2 
20 
51 
40 
28 
41 
27 
36 
10 
44 
30 
39 
17 
46 
1 
26 
9 
35 
11 
6 
0 
51 
45 
25 
15 
43 
49 
17 
54 
18 
3 
27 
37 
5 
51 
7 
23 
49 
18 
20 
15 
13 
14 
11 
26 
31 
2 
32 
24 
33 
19 
0 
7 
52 
22 
38 
46 
28 
10 
39 
49 
42 
13 
35 
16 
32 
41 
26 
38 
9 
10 
19 
6 
31 
15 
42 
46 
25 
17 
5 
7 
49 
41 
23 
30 
2 
48 
54 
22 
44 
10 
32 
27 
46 
6 
9 
15 
39 
38 
16 
49 
24 
4 
1 
0 
52 
33 
35 
44 
3 
1 
36 
50 
45 
30 
25 
12 
42 
5 
4 
2 
11 
0 
15 
6 
5 
45 
36 
41 
42 
25 
34 
30 
49 
28 
55 
24 
32 
10 
41 
25 
3 
39 
31 
6 
48 
8 
35 
18 
9 
33 
50 
25 
17 
13 
52 
6 
40 
54 
28 
38 
4 
47 
16 
39 
11 
23 
34 
7 
0 
42 
14 
32 
41 
18 
10 
9 
38 
28 
16 
26 
4 
49 
19 
35 
37 
53 
21 
47 
5 
32 
3 
18 
13 
49 
40 
39 
11 
4 
54 
16 
14 
32 
28 
44 
26 
8 
25 
18 
37 
19 
23 
30 
35 
50 
11 
33 
46 
4 
17 
1 
49 
2 
48 
26 
15 
52 
41 
11 
50 
30 
10 
28 
33 
39 
27 
26 
37 
24 
4 
3 
47 
13 
23 
42 
44 
46 
31 
18 
9 
34 
33 
51 
50 
17 
15 
12 
49 
4 
27 
28 
5 
9 
39 
10 
44 
23 
40 
51 
29 
26 
18 
43 
32 
16 
51 
15 
41 
0 
16 
35 
28 
53 
48 
6 
24 
9 
47 
50 
44 
2 
54 
3 
13 
7 
5 
44 
37 
54 
28 
49 
12 
1 
18 
7 
27 
31 
11 
23 
20 
14 
38 
50 
54 
25 
10 
5 
46 
3 
52 
16 
20 
38 
30 
11 
33 
42 
6 
50 
44 
0 
26 
19 
1 
32 
55 
25 
48 
13 
27 
21 
13 
33 
9 
