0.015900 
0.016000 
0.018500 
0.018700 
0.019000 
0.020000 
0.020300 
0.020600 
0.020700 
0.023000 
0.024600 
0.025700 
0.025900 
0.026300 
0.027000 
0.027400 
0.027600 
0.027700 
0.027900 
0.028400 
0.030600 
0.032000 
0.033100 
0.034100 
0.034200 
0.035600 
0.035700 
0.036300 
0.037900 
0.038800 
0.039700 
0.040100 
0.040500 
0.041000 
0.041700 
0.041900 
0.042000 
0.042400 
0.043700 
0.046700 
0.047300 
0.049100 
0.051300 
0.051800 
0.051800 
0.051800 
0.052200 
0.052200 
0.052800 
0.053300 
0.054200 
0.055400 
0.056300 
0.057200 
0.058100 
0.061500 
0.064600 
0.066300 
0.066600 
0.066600 
0.066700 
0.067000 
0.068100 
0.068200 
0.068400 
0.070100 
0.071600 
0.071900 
0.072700 
0.072700 
0.074400 
0.076000 
0.076800 
0.078900 
0.081000 
0.083100 
0.083500 
0.084200 
0.084800 
0.085000 
0.085400 
0.085400 
0.088400 
0.090100 
0.090400 
0.091700 
0.093000 
0.093100 
0.093300 
0.093900 
0.094000 
0.094200 
0.094600 
0.095100 
0.095400 
0.096500 
0.097700 
0.097700 
0.097900 
0.098100 
0.098900 
0.098900 
0.100000 
0.101100 
0.102100 
0.102100 
0.105000 
0.105100 
0.106200 
0.106700 
0.107400 
0.107400 
0.108300 
0.109300 
0.109400 
0.110400 
0.110600 
0.110600 
0.110800 
0.111800 
0.113500 
0.114400 
0.115300 
0.115400 
0.118000 
0.118700 
0.119700 
0.120600 
0.121000 
0.122400 
0.122700 
0.122800 
0.122800 
0.122900 
0.123800 
0.124200 
0.124800 
0.125300 
0.125800 
0.127400 
0.127900 
0.128500 
0.129500 
0.129500 
0.129500 
0.131200 
0.131600 
0.131800 
0.132000 
0.132300 
0.132700 
0.133400 
0.135000 
0.135500 
0.136100 
0.137100 
0.138100 
0.139300 
0.140500 
0.141300 
0.142400 
0.143000 
0.143100 
0.143200 
0.143900 
0.144300 
0.144500 
0.144500 
0.145300 
0.147000 
0.147400 
0.148500 
0.148500 
0.148800 
0.148900 
0.149700 
0.150000 
0.150300 
0.150600 
0.150800 
0.153300 
0.156000 
0.157800 
0.158300 
0.160400 
0.161300 
0.162400 
0.162500 
0.162900 
0.163000 
0.163700 
0.163700 
0.165800 
0.165900 
0.166000 
0.167600 
0.167900 
0.169200 
0.169500 
0.169700 
0.170700 
0.172000 
0.172900 
0.174600 
0.174800 
0.175300 
0.176600 
0.177000 
0.177400 
0.177600 
0.177700 
0.177800 
0.178300 
0.178300 
0.179000 
0.180000 
0.180200 
0.182700 
0.184600 
0.185100 
0.185100 
0.185100 
0.185700 
0.187200 
0.188200 
0.189100 
0.189300 
0.190900 
0.191200 
0.192500 
0.193400 
0.193500 
0.194100 
0.195000 
0.195300 
0.195500 
0.196000 
0.196400 
0.196900 
0.197600 
0.199100 
0.199300 
0.199500 
0.199600 
0.201100 
0.201200 
0.201400 
0.201800 
0.201800 
0.202100 
0.202600 
0.202900 
0.203100 
0.204100 
0.204200 
0.204300 
0.205000 
0.206300 
0.206300 
0.207500 
0.208200 
0.208800 
0.209000 
0.209200 
0.209300 
0.209700 
0.211700 
0.213900 
0.213900 
0.215500 
0.216200 
0.218500 
0.220300 
0.220400 
0.222000 
0.223700 
0.223800 
0.224500 
0.224500 
0.224600 
0.224800 
0.225500 
0.225900 
0.226900 
0.227100 
0.227200 
0.227200 
0.227300 
0.230100 
0.232900 
0.233400 
0.234000 
0.234500 
0.234500 
0.234600 
0.236700 
0.236900 
0.237000 
0.237400 
0.239700 
0.239900 
0.240800 
0.241100 
0.241300 
0.242000 
0.242100 
0.242400 
0.242800 
0.243000 
0.243200 
0.243300 
0.244500 
0.247000 
0.247100 
0.248500 
0.248900 
0.249200 
0.249300 
0.249900 
0.251100 
0.252400 
0.254400 
0.254600 
0.254800 
0.255400 
0.256300 
0.256500 
0.257700 
0.259500 
0.259700 
0.260500 
0.261200 
0.261400 
0.261400 
0.261700 
0.261700 
0.262600 
0.262700 
0.263900 
0.264200 
0.264600 
0.265400 
0.266000 
0.266100 
0.266900 
0.267100 
0.270500 
0.271400 
0.271900 
0.272500 
0.273800 
0.274100 
0.274400 
0.276000 
0.276200 
0.277200 
0.277400 
0.277500 
0.278100 
0.279500 
0.281100 
0.281400 
0.282200 
0.283000 
0.283600 
0.284500 
0.284700 
0.285100 
0.286800 
0.287400 
0.287500 
0.288500 
0.288800 
0.289500 
0.289600 
0.290100 
0.291000 
0.291300 
0.293000 
0.293300 
0.295300 
0.296100 
0.296500 
0.296900 
0.297100 
0.297200 
0.297500 
0.297800 
0.298900 
0.299600 
0.301800 
0.301800 
0.302100 
0.302200 
0.302900 
0.303400 
0.303500 
0.304000 
0.304300 
0.304300 
0.304800 
0.305000 
0.305400 
0.305500 
0.305700 
0.305900 
0.306800 
0.307900 
0.309500 
0.309600 
0.310800 
0.311500 
0.312400 
0.312500 
0.312900 
0.314700 
0.314900 
0.316600 
0.316600 
0.316800 
0.317000 
0.317200 
0.317600 
0.317800 
0.318100 
0.318400 
0.318600 
0.319100 
0.319100 
0.319400 
0.320600 
0.321100 
0.321400 
0.324100 
0.324700 
0.325800 
0.326500 
0.327000 
0.328600 
0.328700 
0.328800 
0.329000 
0.329000 
0.329300 
0.329600 
0.329600 
0.330400 
0.331100 
0.331800 
0.332300 
0.333300 
0.333600 
0.334500 
0.335700 
0.337000 
0.338300 
0.339600 
0.340100 
0.340200 
0.340500 
0.341200 
0.341300 
0.343000 
0.343700 
0.345500 
0.346900 
0.347500 
0.348700 
0.349100 
0.350300 
0.350700 
0.350800 
0.351500 
0.351500 
0.352400 
0.352500 
0.353600 
0.354000 
0.354200 
0.354400 
0.354500 
0.355000 
0.355200 
0.357200 
0.357600 
0.357600 
0.357900 
0.358800 
0.359600 
0.359700 
0.359800 
0.360000 
0.360100 
0.360300 
0.360700 
0.363000 
0.363800 
0.363900 
0.364400 
0.364700 
0.365200 
0.366200 
0.366800 
0.367100 
0.367800 
0.367800 
0.367800 
0.368000 
0.370500 
0.370600 
0.370600 
0.370800 
0.371000 
0.372000 
0.372000 
0.372600 
0.373300 
0.373800 
0.374000 
0.374400 
0.374700 
0.375500 
0.377500 
0.377900 
0.378100 
0.378200 
0.378700 
0.378800 
0.380100 
0.380200 
0.380500 
0.383300 
0.383500 
0.383600 
0.383700 
0.385600 
0.385700 
0.386300 
0.391600 
0.392400 
0.395300 
0.395300 
0.395400 
0.395900 
0.397000 
0.398800 
0.399200 
0.400600 
0.401600 
0.402200 
0.403700 
0.403700 
0.403900 
0.405200 
0.406200 
0.406800 
0.408900 
0.411900 
0.413400 
0.413700 
0.413900 
0.414200 
0.415300 
0.415800 
0.416600 
0.418700 
0.418800 
0.419100 
0.419200 
0.420300 
0.421200 
0.421800 
0.421800 
0.422300 
0.422600 
0.422900 
0.423900 
0.424000 
0.424300 
0.425000 
0.425400 
0.425500 
0.426000 
0.427000 
0.427400 
0.429400 
0.430200 
0.431200 
0.431300 
0.431900 
0.432500 
0.432600 
0.432900 
0.433300 
0.433600 
0.433700 
0.433800 
0.435000 
0.435100 
0.435200 
0.435500 
0.436300 
0.436400 
0.436800 
0.437100 
0.437400 
0.439200 
0.439300 
0.439900 
0.440000 
0.440800 
0.443000 
0.444100 
0.444300 
0.444900 
0.445500 
0.445600 
0.445700 
0.446200 
0.446200 
0.447100 
0.447800 
0.448000 
0.448500 
0.449200 
0.449200 
0.449300 
0.449400 
0.450000 
0.450400 
0.451200 
0.452600 
0.453200 
0.455300 
0.455700 
0.456100 
0.460500 
0.463100 
0.463800 
0.463800 
0.464000 
0.464500 
0.464800 
0.465700 
0.466000 
0.466300 
0.466500 
0.466800 
0.467300 
0.468000 
0.470000 
0.470600 
0.471700 
0.471800 
0.472500 
0.473400 
0.473600 
0.473800 
0.474900 
0.475900 
0.476200 
0.477100 
0.478100 
0.478200 
0.478600 
0.478600 
0.478900 
0.481100 
0.482800 
0.483500 
0.483900 
0.485600 
0.485800 
0.486100 
0.486500 
0.486500 
0.486800 
0.486900 
0.488300 
0.488900 
0.490000 
0.490000 
0.490400 
0.491000 
0.492200 
0.492600 
0.493600 
0.494500 
0.494900 
0.495000 
0.495500 
0.495500 
0.496700 
0.498400 
0.499400 
0.499400 
0.499700 
0.502100 
0.503700 
0.504000 
0.504000 
0.504100 
0.504900 
0.505200 
0.505500 
0.505500 
0.506500 
0.508200 
0.508700 
0.509200 
0.509700 
0.510200 
0.510500 
0.511700 
0.513200 
0.513500 
0.513600 
0.516000 
0.516700 
0.516800 
0.516800 
0.517900 
0.518200 
0.518700 
0.519000 
0.520600 
0.521300 
0.521400 
0.521500 
0.522900 
0.523000 
0.523400 
0.524900 
0.525800 
0.526200 
0.526700 
0.527300 
0.527700 
0.527800 
0.528600 
0.528700 
0.530700 
0.530700 
0.532400 
0.532600 
0.533500 
0.533800 
0.534400 
0.534800 
0.535800 
0.536000 
0.536100 
0.536700 
0.536700 
0.537300 
0.538100 
0.538400 
0.539500 
0.540300 
0.540600 
0.540900 
0.541300 
0.541400 
0.542700 
0.543000 
0.543300 
0.543900 
0.544500 
0.544700 
0.544800 
0.545600 
0.545800 
0.546400 
0.547700 
0.548200 
0.548400 
0.550300 
0.550400 
0.551000 
0.552400 
0.552900 
0.553600 
0.553700 
0.554800 
0.557700 
0.558200 
0.558300 
0.558400 
0.560800 
0.561300 
0.562500 
0.563200 
0.563500 
0.564000 
0.564000 
0.564200 
0.565300 
0.565300 
0.565700 
0.565700 
0.565900 
0.566400 
0.567600 
0.568100 
0.568600 
0.568900 
0.569300 
0.569600 
0.570700 
0.571100 
0.572100 
0.573500 
0.574100 
0.574400 
0.574700 
0.574900 
0.575100 
0.576200 
0.577900 
0.578200 
0.578400 
0.578500 
0.578900 
0.579700 
0.580000 
0.580100 
0.580500 
0.581300 
0.581600 
0.581600 
0.581700 
0.582000 
0.582400 
0.582800 
0.584300 
0.584600 
0.585000 
0.585300 
0.585300 
0.585300 
0.588100 
0.588600 
0.590400 
0.590700 
0.590900 
0.591100 
0.591200 
0.591300 
0.592200 
0.592700 
0.593400 
0.593600 
0.594300 
0.594400 
0.595000 
0.595500 
0.596000 
0.597800 
0.598700 
0.599700 
0.599700 
0.600100 
0.600400 
0.600600 
0.601300 
0.601400 
0.601400 
0.601500 
0.604900 
0.606200 
0.606200 
0.606200 
0.608300 
0.609000 
0.609100 
0.610500 
0.610800 
0.611700 
0.612100 
0.612700 
0.613400 
0.613600 
0.613700 
0.613900 
0.614600 
0.614800 
0.615000 
0.616000 
0.616100 
0.616400 
0.619400 
0.620300 
0.622000 
0.622700 
0.623200 
0.624100 
0.624600 
0.625200 
0.626900 
0.627500 
0.627500 
0.627700 
0.628200 
0.629800 
0.631800 
0.632300 
0.632500 
0.632800 
0.633600 
0.633800 
0.635300 
0.635300 
0.635800 
0.637200 
0.638300 
0.641600 
0.642700 
0.643400 
0.643400 
0.643500 
0.643800 
0.645900 
0.646700 
0.647200 
0.647300 
0.649000 
0.649000 
0.649500 
0.650200 
0.650200 
0.650400 
0.650800 
0.651000 
0.651900 
0.652500 
0.653200 
0.653500 
0.653500 
0.654100 
0.654500 
0.654700 
0.655000 
0.655200 
0.656200 
0.656300 
0.656700 
0.658100 
0.658300 
0.658600 
0.659000 
0.659100 
0.659300 
0.659400 
0.659700 
0.659900 
0.660600 
0.660800 
0.663200 
0.663200 
0.665000 
0.665200 
0.665700 
0.665700 
0.666300 
0.667100 
0.669300 
0.669600 
0.669700 
0.669800 
0.670600 
0.671500 
0.674600 
0.674600 
0.674700 
0.675600 
0.676900 
0.677000 
0.677400 
0.678700 
0.679600 
0.680100 
0.681300 
0.681400 
0.681900 
0.683800 
0.684800 
0.685200 
0.685400 
0.685400 
0.685400 
0.685700 
0.689600 
0.689800 
0.690100 
0.690600 
0.691100 
0.692000 
0.693900 
0.695600 
0.695700 
0.696200 
0.696900 
0.696900 
0.697000 
0.697100 
0.697400 
0.697700 
0.698000 
0.698000 
0.699100 
0.701300 
0.701500 
0.701800 
0.702100 
0.702200 
0.702500 
0.703200 
0.703200 
0.704000 
0.704000 
0.705000 
0.705600 
0.706900 
0.709800 
0.710400 
0.711300 
0.711700 
0.712100 
0.712200 
0.713200 
0.715300 
0.716800 
0.717100 
0.717100 
0.718300 
0.719100 
0.719400 
0.719600 
0.719600 
0.720800 
0.720800 
0.721700 
0.722000 
0.723000 
0.723700 
0.724800 
0.725100 
0.725400 
0.725800 
0.726000 
0.727600 
0.728100 
0.728300 
0.728900 
0.729500 
0.731100 
0.731700 
0.732100 
0.733000 
0.733000 
0.733900 
0.734000 
0.734300 
0.735100 
0.735900 
0.736100 
0.736700 
0.737700 
0.738800 
0.740000 
0.741400 
0.743400 
0.744200 
0.744400 
0.744800 
0.745500 
0.745700 
0.746500 
0.748300 
0.749300 
0.749600 
0.750500 
0.750700 
0.751700 
0.752300 
0.752400 
0.752500 
0.753100 
0.753300 
0.753800 
0.753900 
0.754700 
0.756600 
0.761200 
0.761300 
0.761700 
0.762700 
0.763600 
0.764100 
0.764400 
0.765100 
0.766400 
0.766800 
0.767000 
0.767000 
0.768700 
0.768800 
0.769400 
0.769600 
0.770200 
0.770300 
0.770500 
0.773100 
0.774400 
0.774800 
0.774900 
0.775900 
0.777400 
0.778400 
0.779000 
0.781100 
0.781200 
0.781500 
0.784000 
0.787000 
0.787100 
0.787600 
0.787800 
0.788800 
0.789500 
0.790900 
0.792000 
0.792000 
0.792500 
0.793200 
0.793200 
0.793200 
0.793300 
0.793700 
0.793800 
0.794500 
0.795100 
0.795700 
0.795800 
0.796500 
0.797900 
0.800200 
0.800800 
0.803200 
0.803300 
0.804600 
0.805000 
0.805900 
0.806500 
0.807700 
0.808100 
0.808200 
0.808400 
0.809800 
0.810800 
0.811800 
0.812200 
0.815800 
0.816500 
0.816600 
0.816700 
0.816900 
0.817700 
0.818700 
0.819700 
0.819900 
0.824100 
0.825200 
0.826400 
0.826500 
0.827000 
0.827100 
0.828800 
0.828900 
0.829400 
0.829900 
0.830500 
0.830700 
0.832100 
0.832200 
0.833000 
0.833400 
0.835800 
0.835800 
0.836400 
0.836400 
0.837200 
0.837200 
0.837400 
0.838100 
0.838200 
0.839100 
0.840900 
0.841300 
0.841800 
0.841800 
0.842100 
0.843000 
0.844400 
0.846400 
0.848100 
0.848500 
0.850200 
0.850300 
0.851000 
0.852600 
0.854000 
0.854600 
0.855200 
0.855600 
0.856100 
0.857600 
0.858800 
0.859200 
0.859900 
0.860500 
0.861500 
0.862500 
0.862600 
0.862700 
0.863600 
0.864000 
0.864900 
0.868400 
0.869100 
0.869400 
0.869700 
0.870000 
0.871800 
0.872500 
0.872600 
0.872700 
0.873200 
0.873600 
0.873800 
0.874100 
0.874200 
0.875000 
0.875500 
0.877700 
0.877800 
0.878400 
0.878800 
0.879200 
0.879400 
0.879500 
0.879700 
0.880400 
0.881000 
0.881200 
0.881700 
0.884000 
0.884100 
0.884200 
0.884200 
0.885200 
0.885200 
0.887300 
0.887700 
0.887900 
0.889700 
0.889800 
0.891600 
0.892000 
0.892200 
0.894500 
0.896100 
0.896600 
0.896600 
0.896800 
0.897300 
0.897400 
0.897500 
0.897600 
0.897900 
0.898600 
0.898600 
0.898700 
0.899000 
0.899300 
0.899800 
0.900100 
0.902600 
0.903800 
0.904400 
0.906700 
0.906900 
0.907400 
0.909400 
0.909500 
0.910100 
0.911600 
0.911700 
0.911800 
0.912800 
0.914300 
0.914500 
0.914600 
0.915000 
0.915400 
0.916800 
0.918800 
0.918800 
0.919900 
0.920000 
0.920000 
0.920200 
0.920400 
0.921100 
0.921200 
0.921300 
0.922500 
0.922800 
0.923600 
0.923900 
0.924300 
0.924400 
0.925600 
0.925800 
0.925900 
0.926700 
0.928300 
0.928400 
0.928500 
0.929700 
0.931300 
0.934100 
0.934300 
0.934900 
0.936100 
0.936300 
0.936700 
0.937400 
0.938200 
0.939000 
0.939500 
0.940600 
0.941900 
0.942000 
0.942200 
0.942400 
0.943400 
0.943900 
0.944100 
0.944900 
0.945600 
0.946100 
0.946500 
0.948400 
0.948600 
0.949700 
0.950500 
0.951000 
0.951100 
0.952300 
0.952500 
0.953700 
0.953900 
0.954000 
0.954100 
0.956200 
0.958300 
0.959800 
0.960600 
0.961300 
0.961900 
0.962500 
0.963000 
0.964500 
0.964500 
0.965200 
0.965500 
0.966300 
0.967200 
0.969000 
0.970700 
0.972100 
0.972900 
0.973200 
0.976000 
0.976000 
0.976100 
0.976300 
0.977800 
0.978000 
0.979700 
0.979900 
0.980000 
0.980700 
0.981000 
0.981300 
0.982900 
0.983200 
0.983500 
0.983800 
0.985900 
0.986000 
0.986100 
0.986800 
0.987600 
0.988600 
0.990000 
0.991000 
0.991100 
0.993500 
0.993700 
0.995100 
0.995400 
0.995800 
0.995900 
0.996200 
0.997200 
0.997600 
0.998000 
0.998200 
0.999800 
0.999800 
1.000800 
1.000900 
1.001100 
1.002000 
1.002900 
1.003200 
1.003700 
1.004500 
1.005200 
1.005200 
1.005300 
1.005900 
1.006400 
1.007500 
1.008500 
1.008600 
1.008700 
1.009000 
1.009100 
1.009500 
1.010200 
1.010300 
1.010800 
1.011000 
1.011900 
1.012500 
1.012800 
1.013700 
1.014100 
1.014400 
1.014700 
1.015400 
1.015800 
1.015800 
1.016300 
1.016800 
1.017100 
1.017400 
1.019000 
1.019100 
1.019500 
1.019900 
1.020200 
1.020300 
1.020600 
1.020700 
1.020800 
1.020900 
1.021100 
1.022000 
1.022700 
1.023000 
1.023500 
1.024000 
1.024500 
1.024700 
1.026400 
1.026800 
1.027600 
1.027900 
1.028100 
1.028400 
1.030000 
1.031000 
1.032100 
1.032400 
1.032900 
1.034300 
1.034500 
1.034700 
1.036400 
1.037200 
1.037400 
1.038100 
1.040400 
1.041600 
1.042200 
1.042500 
1.042900 
1.044400 
1.046200 
1.046900 
1.047300 
1.047600 
1.047900 
1.049100 
1.049400 
1.050000 
1.050300 
1.051600 
1.052300 
1.052700 
1.052800 
1.052900 
1.053000 
1.054300 
1.056400 
1.056900 
1.057100 
1.057400 
1.058100 
1.058200 
1.058600 
1.059500 
1.061400 
1.061800 
1.062200 
1.063600 
1.063600 
1.063700 
1.064400 
1.064500 
1.064600 
1.065200 
1.066100 
1.066300 
1.066700 
1.067000 
1.067600 
1.068600 
1.069600 
1.069900 
1.071900 
1.072600 
1.073100 
1.073300 
1.073400 
1.074100 
1.076400 
1.078200 
1.079100 
1.079500 
1.081100 
1.082500 
1.082900 
1.083000 
1.085500 
1.085600 
1.086000 
1.086300 
1.086300 
1.087300 
1.090000 
1.090100 
1.090300 
1.090400 
1.091600 
1.091900 
1.092300 
1.093100 
1.096800 
1.096900 
1.097100 
1.097900 
1.098400 
1.099100 
1.099700 
1.099900 
1.099900 
1.101100 
1.102000 
1.102900 
1.103000 
1.104300 
1.104300 
1.105300 
1.105500 
1.105700 
1.105900 
1.107600 
1.108100 
1.108700 
1.109000 
1.109100 
1.109400 
1.109500 
1.109500 
1.110300 
1.110300 
1.112300 
1.113200 
1.113700 
1.114100 
1.114800 
1.115700 
1.121900 
1.122400 
1.123200 
1.124100 
1.124700 
1.125200 
1.127900 
1.128300 
1.128900 
1.129000 
1.130200 
1.130300 
1.130500 
1.131300 
1.131400 
1.131800 
1.132400 
1.132700 
1.133200 
1.134200 
1.134500 
1.135100 
1.135300 
1.135800 
1.136100 
1.136700 
1.136700 
1.136800 
1.138000 
1.138300 
1.139600 
1.140900 
1.141100 
1.141600 
1.143600 
1.145900 
1.146100 
1.148000 
1.148700 
1.148900 
1.149700 
1.149800 
1.151800 
1.151900 
1.155500 
1.155800 
1.156000 
1.156100 
1.157300 
1.157800 
1.158000 
1.158000 
1.158300 
1.158700 
1.159200 
1.159600 
1.161100 
1.162200 
1.163000 
1.163800 
1.165000 
1.165400 
1.166000 
1.166000 
1.167200 
1.168200 
1.168800 
1.168900 
1.169800 
1.170400 
1.170700 
1.171900 
1.172900 
1.173700 
1.174200 
1.175100 
1.175300 
1.176700 
1.177300 
1.177500 
1.177800 
1.178300 
1.178400 
1.179500 
1.180000 
1.181900 
1.183100 
1.183200 
1.183300 
1.184500 
1.184500 
1.185500 
1.185600 
1.186600 
1.186700 
1.186900 
1.188100 
1.188200 
1.188300 
1.188700 
1.188700 
1.188800 
1.188800 
1.189100 
1.189500 
1.189600 
1.190000 
1.190200 
1.190700 
1.191000 
1.191500 
1.191600 
1.191900 
1.192200 
1.192300 
1.192900 
1.193500 
1.193600 
1.193600 
1.194500 
1.194900 
1.196400 
1.197700 
1.198900 
1.199100 
1.199700 
1.199900 
1.200000 
1.200200 
1.201000 
1.201400 
1.201800 
1.203300 
1.204000 
1.205500 
1.205800 
1.205900 
1.208300 
1.208700 
1.208900 
1.209100 
1.209500 
1.211800 
1.211900 
1.212300 
1.213000 
1.213700 
1.214100 
1.215800 
1.216100 
1.216100 
1.217500 
1.217700 
1.218500 
1.218700 
1.218900 
1.219100 
1.219600 
1.220700 
1.221800 
1.223500 
1.223600 
1.223800 
1.224000 
1.224400 
1.224600 
1.224600 
1.224900 
1.225200 
1.226300 
1.227000 
1.227100 
1.227800 
1.228400 
1.229500 
1.229800 
1.230400 
1.231700 
1.233800 
1.236500 
1.237400 
1.238400 
1.240100 
1.240800 
1.241600 
1.242000 
1.242100 
1.242700 
1.243400 
1.244100 
1.244100 
1.245000 
1.245600 
1.245700 
1.246000 
1.246700 
1.247100 
1.247100 
1.247200 
1.247300 
1.247500 
1.247900 
1.248400 
1.248800 
1.248900 
1.249300 
1.252300 
1.252700 
1.253200 
1.254300 
1.254500 
1.254800 
1.256100 
1.256300 
1.258400 
1.258700 
1.259400 
1.260100 
1.262600 
1.263200 
1.264300 
1.264900 
1.266200 
1.267400 
1.268500 
1.271200 
1.272600 
1.272700 
1.273200 
1.273500 
1.273900 
1.274600 
1.275500 
1.275800 
1.276100 
1.276200 
1.278300 
1.279300 
1.279400 
1.282300 
1.283400 
1.283400 
1.284200 
1.284700 
1.285300 
1.287000 
1.287000 
1.287200 
1.287500 
1.287700 
1.289600 
1.289700 
1.289800 
1.290400 
1.291700 
1.291900 
1.292000 
1.292900 
1.293400 
1.293800 
1.293900 
1.294000 
1.294200 
1.294400 
1.294600 
1.294700 
1.295100 
1.296000 
1.296200 
1.296300 
1.296800 
1.298800 
1.299200 
1.299900 
1.301500 
1.302200 
1.302800 
1.305100 
1.305600 
1.306600 
1.307500 
1.307900 
1.308200 
1.308900 
1.309200 
1.310200 
1.310700 
1.312500 
1.313000 
1.314700 
1.315100 
1.315400 
1.315600 
1.315800 
1.317200 
1.317400 
1.319100 
1.321000 
1.322500 
1.323100 
1.323900 
1.325400 
1.328100 
1.328600 
1.328700 
1.329100 
1.329400 
1.329900 
1.330400 
1.330800 
1.332500 
1.333300 
1.334100 
1.335200 
1.335400 
1.335600 
1.336600 
1.338900 
1.340300 
1.342400 
1.342800 
1.343200 
1.344000 
1.344000 
1.344300 
1.345300 
1.345400 
1.345400 
1.345500 
1.345800 
1.345800 
1.347600 
1.348400 
1.349000 
1.349200 
1.349500 
1.351000 
1.352100 
1.352100 
1.352200 
1.352200 
1.354000 
1.354500 
1.355700 
1.355800 
1.356100 
1.357000 
1.357200 
1.358200 
1.358500 
1.358800 
1.359200 
1.359300 
1.359800 
1.359900 
1.362300 
1.363500 
1.364000 
1.364300 
1.364500 
1.365300 
1.367200 
1.367500 
1.368700 
1.370400 
1.371000 
1.371200 
1.372000 
1.372100 
1.372600 
1.372800 
1.373500 
1.374400 
1.374600 
1.374600 
1.375800 
1.376200 
1.377000 
1.377100 
1.377700 
1.378400 
1.378900 
1.379900 
1.380000 
1.380900 
1.381000 
1.383100 
1.383400 
1.383800 
1.384200 
1.384300 
1.385300 
1.385700 
1.386000 
1.386300 
1.386300 
1.387300 
1.387400 
1.389700 
1.390400 
1.391500 
1.391500 
1.393300 
1.395300 
1.395400 
1.395400 
1.395500 
1.396200 
1.396400 
1.397000 
1.397000 
1.398300 
1.398400 
1.400100 
1.400500 
1.400900 
1.402800 
1.403000 
1.403500 
1.404800 
1.405100 
1.406300 
1.406900 
1.408100 
1.408400 
1.408600 
1.409500 
1.410000 
1.413100 
1.413700 
1.413800 
1.414700 
1.415200 
1.415500 
1.417100 
1.417300 
1.418600 
1.418900 
1.419900 
1.420600 
1.421500 
1.422300 
1.422700 
1.422800 
1.423300 
1.423700 
1.424400 
1.425300 
1.425400 
1.425700 
1.425700 
1.426700 
1.426700 
1.427500 
1.429400 
1.429500 
1.430200 
1.431900 
1.432200 
1.432400 
1.433600 
1.436500 
1.437800 
1.438000 
1.438500 
1.438900 
1.440500 
1.441200 
1.441900 
1.442900 
1.443600 
1.444800 
1.445400 
1.445600 
1.447400 
1.448000 
1.448500 
1.450000 
1.450500 
1.452500 
1.453300 
1.454000 
1.454400 
1.454600 
1.455500 
1.456300 
1.456900 
1.457200 
1.458000 
1.458300 
1.459200 
1.459600 
1.460700 
1.461100 
1.461300 
1.462300 
1.462300 
1.463400 
1.463900 
1.464100 
1.465300 
1.465500 
1.466700 
1.467200 
1.469000 
1.469400 
1.469500 
1.470600 
1.471900 
1.473100 
1.473100 
1.474000 
1.475700 
1.475800 
1.476900 
1.477500 
1.478200 
1.478800 
1.480300 
1.480500 
1.481400 
1.481500 
1.482300 
1.483300 
1.483600 
1.484700 
1.484900 
1.485100 
1.485700 
1.485800 
1.486600 
1.487000 
1.488000 
1.489400 
1.489500 
1.490200 
1.491000 
1.492800 
1.492800 
1.493300 
1.494800 
1.495400 
1.495700 
1.497800 
1.499300 
1.499800 
1.500000 
1.501900 
1.504100 
1.504600 
1.504900 
1.505700 
1.506300 
1.507400 
1.507800 
1.507800 
1.508500 
1.508600 
1.509400 
1.509400 
1.509800 
1.510900 
1.510900 
1.510900 
1.511100 
1.511400 
1.511500 
1.512800 
1.513700 
1.514800 
1.515000 
1.515100 
1.515900 
1.517400 
1.518800 
1.518800 
1.520100 
1.520400 
1.520900 
1.521200 
1.521800 
1.522800 
1.522900 
1.523000 
1.523000 
1.523500 
1.523700 
1.524200 
1.525000 
1.525000 
1.526000 
1.526300 
1.529200 
1.529900 
1.530100 
1.530600 
1.530600 
1.530600 
1.530900 
1.532900 
1.533400 
1.533800 
1.533900 
1.534200 
1.535100 
1.535200 
1.536300 
1.537400 
1.538800 
1.539000 
1.539200 
1.539300 
1.539600 
1.539900 
1.542100 
1.542200 
1.543300 
1.543400 
1.544000 
1.544300 
1.545000 
1.545400 
1.546000 
1.546000 
1.546400 
1.547700 
1.551000 
1.551200 
1.551500 
1.551800 
1.552300 
1.553400 
1.553900 
1.554100 
1.554300 
1.555700 
1.556300 
1.557700 
1.558900 
1.559200 
1.559300 
1.559800 
1.560300 
1.560600 
1.560700 
1.562800 
1.564000 
1.564900 
1.565000 
1.568700 
1.568800 
1.569700 
1.569900 
1.570600 
1.570800 
1.571200 
1.571700 
1.571800 
1.572900 
1.573600 
1.573900 
1.575200 
1.575900 
1.575900 
1.576000 
1.577500 
1.580500 
1.580500 
1.581500 
1.582900 
1.583000 
1.584700 
1.585300 
1.585500 
1.585900 
1.586000 
1.586000 
1.586900 
1.587300 
1.587800 
1.588000 
1.588000 
1.588200 
1.588400 
1.588500 
1.589200 
1.589800 
1.590300 
1.590700 
1.591800 
1.593200 
1.594500 
1.597000 
1.597100 
1.597200 
1.598100 
1.598500 
1.599400 
1.601900 
1.603800 
1.604400 
1.605000 
1.605200 
1.606400 
1.606500 
1.606900 
1.608100 
1.608200 
1.608900 
1.610000 
1.610700 
1.614100 
1.615800 
1.616700 
1.617700 
1.619100 
1.619200 
1.619300 
1.619300 
1.619700 
1.619900 
1.620100 
1.620300 
1.620500 
1.621800 
1.621800 
1.623900 
1.626300 
1.626900 
1.627100 
1.627300 
1.628200 
1.628400 
1.629500 
1.630300 
1.632900 
1.633100 
1.634200 
1.634400 
1.634600 
1.635200 
1.635500 
1.636500 
1.636900 
1.637100 
1.637300 
1.637500 
1.639200 
1.639500 
1.639600 
1.640800 
1.642500 
1.642900 
1.644600 
1.644700 
1.646800 
1.647700 
1.648200 
1.648400 
1.650600 
1.650700 
1.650900 
1.651000 
1.651200 
1.651300 
1.651500 
1.651900 
1.652600 
1.655300 
1.657900 
1.657900 
1.657900 
1.659300 
1.660000 
1.660100 
1.660200 
1.660500 
1.662700 
1.663000 
1.663100 
1.663400 
1.663600 
1.664100 
1.665000 
1.665400 
1.665500 
1.665600 
1.666200 
1.667100 
1.667500 
1.667500 
1.667700 
1.669300 
1.669700 
1.670100 
1.670500 
1.670900 
1.671100 
1.671200 
1.671800 
1.672200 
1.672300 
1.672300 
1.672900 
1.673100 
1.673400 
1.674700 
1.675000 
1.675200 
1.675800 
1.676000 
1.678600 
1.681500 
1.683200 
1.684100 
1.685300 
1.685900 
1.686000 
1.686200 
1.686900 
1.687400 
1.688100 
1.688300 
1.689200 
1.692000 
1.692300 
1.692300 
1.692900 
1.693100 
1.693400 
1.693700 
1.693900 
1.694100 
1.694200 
1.695500 
1.696100 
1.696300 
1.696400 
1.698200 
1.698600 
1.698900 
1.699900 
1.700000 
1.701600 
1.701900 
1.704100 
1.704300 
1.704800 
1.705000 
1.705000 
1.705200 
1.705500 
1.706100 
1.706700 
1.706800 
1.706800 
1.707300 
1.708100 
1.708200 
1.709400 
1.709800 
1.710400 
1.710500 
1.711500 
1.713000 
1.713200 
1.713200 
1.715000 
1.715500 
1.716800 
1.717300 
1.718600 
1.718900 
1.720000 
1.720600 
1.722300 
1.722700 
1.722700 
1.723100 
1.723600 
1.726400 
1.727500 
1.729600 
1.732000 
1.732100 
1.734200 
1.736500 
1.736800 
1.737400 
1.737400 
1.737600 
1.738100 
1.738200 
1.740100 
1.740300 
1.743000 
1.743500 
1.743900 
1.744500 
1.744900 
1.746300 
1.746700 
1.747500 
1.747600 
1.747900 
1.749300 
1.750600 
1.750900 
1.752000 
1.752200 
1.753000 
1.753100 
1.754900 
1.756100 
1.756400 
1.757000 
1.757600 
1.757600 
1.758000 
1.758500 
1.759300 
1.760000 
1.761300 
1.761900 
1.763000 
1.763400 
1.763500 
1.763500 
1.764000 
1.764500 
1.764800 
1.764900 
1.765300 
1.767400 
1.767500 
1.767900 
1.768200 
1.768500 
1.771500 
1.771900 
1.772800 
1.773100 
1.773900 
1.774200 
1.774600 
1.775000 
1.775300 
1.775400 
1.775600 
1.775700 
1.776000 
1.777200 
1.777600 
1.778000 
1.778600 
1.781000 
1.781500 
1.781900 
1.782700 
1.784800 
1.785000 
1.785300 
1.785400 
1.786200 
1.786800 
1.787700 
1.788000 
1.788500 
1.790300 
1.790300 
1.790800 
1.791000 
1.791600 
1.791600 
1.791800 
1.793600 
1.794100 
1.795000 
1.795400 
1.795800 
1.797000 
1.798300 
1.798500 
1.799100 
1.800100 
1.800200 
1.800600 
1.801300 
1.802200 
1.803100 
1.803300 
1.803900 
1.805500 
1.806700 
1.806900 
1.807000 
1.807100 
1.807400 
1.807500 
1.807600 
1.808200 
1.808400 
1.808700 
1.808700 
1.809200 
1.809300 
1.809400 
1.809800 
1.811600 
1.811700 
1.812100 
1.812200 
1.813500 
1.813700 
1.813800 
1.813900 
1.814100 
1.814500 
1.814500 
1.815500 
1.815600 
1.815800 
1.816100 
1.816800 
1.816900 
1.817100 
1.817200 
1.817400 
1.817600 
1.818200 
1.819600 
1.820600 
1.821200 
1.821200 
1.825500 
1.826200 
1.826400 
1.827900 
1.829300 
1.830200 
1.830800 
1.830900 
1.831800 
1.832900 
1.832900 
1.833400 
1.836000 
1.836400 
1.836500 
1.838100 
1.838700 
1.839300 
1.840900 
1.842700 
1.844200 
1.844500 
1.844900 
1.845300 
1.845700 
1.846600 
1.846900 
1.847400 
1.847700 
1.848700 
1.850100 
1.850300 
1.851200 
1.851700 
1.852300 
1.853900 
1.853900 
1.853900 
1.854700 
1.855900 
1.856100 
1.856600 
1.857500 
1.858100 
1.858700 
1.859800 
1.859900 
1.860100 
1.861300 
1.861400 
1.861400 
1.864100 
1.864200 
1.865200 
1.865300 
1.865400 
1.865900 
1.866300 
1.866400 
1.866500 
1.866900 
1.867200 
1.867400 
1.867700 
1.868100 
1.868700 
1.869100 
1.869600 
1.870400 
1.870800 
1.872600 
1.873300 
1.873600 
1.874100 
1.875700 
1.875900 
1.877100 
1.879000 
1.879100 
1.880600 
1.881000 
1.881200 
1.881600 
1.882200 
1.882600 
1.883100 
1.884000 
1.884100 
1.888200 
1.888500 
1.888600 
1.888800 
1.891200 
1.891200 
1.891600 
1.891800 
1.892500 
1.892600 
1.893600 
1.893900 
1.894000 
1.894200 
1.894300 
1.894800 
1.895600 
1.897500 
1.897700 
1.898100 
1.899000 
1.899100 
1.899400 
1.899800 
1.900100 
1.900100 
1.900500 
1.901300 
1.902500 
1.903100 
1.904100 
1.904400 
1.905200 
1.905900 
1.906000 
1.907100 
1.908100 
1.909500 
1.909700 
1.910300 
1.911200 
1.911900 
1.912300 
1.912300 
1.912800 
1.912800 
1.914000 
1.914300 
1.915300 
1.915700 
1.916300 
1.917000 
1.917300 
1.918300 
1.918900 
1.919600 
1.920100 
1.921100 
1.921800 
1.922000 
1.922500 
1.922900 
1.923700 
1.925400 
1.925400 
1.925800 
1.926500 
1.926600 
1.926900 
1.927300 
1.928500 
1.929300 
1.929500 
1.930200 
1.930300 
1.930700 
1.930700 
1.931100 
1.931100 
1.931500 
1.931600 
1.932900 
1.935200 
1.936100 
1.936200 
1.936200 
1.936900 
1.938100 
1.938100 
1.939500 
1.940300 
1.940300 
1.940900 
1.941100 
1.943100 
1.943900 
1.944400 
1.945200 
1.946000 
1.946100 
1.946200 
1.946800 
1.946900 
1.947900 
1.948000 
1.948500 
1.949300 
1.949900 
1.950000 
1.950100 
1.950200 
1.950700 
1.950700 
1.951100 
1.951500 
1.952200 
1.952800 
1.953400 
1.954800 
1.954900 
1.956000 
1.957300 
1.959100 
1.959800 
1.960200 
1.961900 
1.962000 
1.962000 
1.962600 
1.962700 
1.962900 
1.963100 
1.963400 
1.963400 
1.963400 
1.964100 
1.964200 
1.964200 
1.965700 
1.966300 
1.966400 
1.966900 
1.967000 
1.967200 
1.967600 
1.968200 
1.968500 
1.969000 
1.969400 
1.970800 
1.971100 
1.972000 
1.972700 
1.972900 
1.974500 
1.974900 
1.975100 
1.975200 
1.975300 
1.976800 
1.977800 
1.978500 
1.983400 
1.984200 
1.984900 
1.985200 
1.988700 
1.989800 
1.990600 
1.991400 
1.992300 
1.992400 
1.992500 
1.992500 
1.993500 
1.993500 
1.994300 
1.994700 
1.994900 
1.995600 
1.995800 
1.997400 
1.997900 
1.998500 
1.998700 
1.999100 
1.999600 
2.000200 
2.000800 
2.001100 
2.002600 
2.004200 
2.004200 
2.005900 
2.006400 
2.007300 
2.008100 
2.008100 
2.008200 
2.008900 
2.009400 
2.009700 
2.011900 
2.012200 
2.012400 
2.013400 
2.014100 
2.014400 
2.014600 
2.016600 
2.017200 
2.018000 
2.018200 
2.019200 
2.020000 
2.020100 
2.020700 
2.020800 
2.021300 
2.023800 
2.025200 
2.025400 
2.025400 
2.026000 
2.026200 
2.026400 
2.026900 
2.027300 
2.027800 
2.028500 
2.028800 
2.029500 
2.030000 
2.030500 
2.031700 
2.031900 
2.035600 
2.037900 
2.039200 
2.039400 
2.040100 
2.041800 
2.042100 
2.042300 
2.043100 
2.043200 
2.044600 
2.046500 
2.047400 
2.047800 
2.048500 
2.048600 
2.049700 
2.049800 
2.052700 
2.052700 
2.054100 
2.054500 
2.054600 
2.055000 
2.056900 
2.057100 
2.058000 
2.059100 
2.060100 
2.061500 
2.062000 
2.062700 
2.062700 
2.062800 
2.063000 
2.064200 
2.065000 
2.065400 
2.065400 
2.067300 
2.068200 
2.069700 
2.070200 
2.070400 
2.071000 
2.071800 
2.072800 
2.073600 
2.073800 
2.074700 
2.074900 
2.076300 
2.077000 
2.077100 
2.077700 
2.078100 
2.078800 
2.079400 
2.081000 
2.081100 
2.081700 
2.081700 
2.082200 
2.083500 
2.083700 
2.084000 
2.084600 
2.084600 
2.085400 
2.085800 
2.085900 
2.086800 
2.087100 
2.087200 
2.087600 
2.087800 
2.087900 
2.088000 
2.088700 
2.090500 
2.091900 
2.092200 
2.092500 
2.092600 
2.092700 
2.092900 
2.093500 
2.094200 
2.095900 
2.096000 
2.096300 
2.096400 
2.096600 
2.096900 
2.097700 
2.097700 
2.097800 
2.098100 
2.098100 
2.098100 
2.100000 
2.100000 
2.100000 
2.100100 
2.100300 
2.100800 
2.101300 
2.101500 
2.102100 
2.102600 
2.103000 
2.103100 
2.103800 
2.103900 
2.104100 
2.104300 
2.104300 
2.104400 
2.105200 
2.105300 
2.105600 
2.105800 
2.106000 
2.106200 
2.106600 
2.107000 
2.108900 
2.109900 
2.110000 
2.110300 
2.110500 
2.110900 
2.112300 
2.113300 
2.113300 
2.113800 
2.114800 
2.117500 
2.117500 
2.117600 
2.117700 
2.117700 
2.118000 
2.118100 
2.118200 
2.118700 
2.119300 
2.120900 
2.121300 
2.121800 
2.122500 
2.122600 
2.122600 
2.124500 
2.125200 
2.126200 
2.126300 
2.127100 
2.127700 
2.128000 
2.128200 
2.128400 
2.129000 
2.129500 
2.130400 
2.131000 
2.131600 
2.133100 
2.133400 
2.134200 
2.134500 
2.134600 
2.134800 
2.135300 
2.135600 
2.138300 
2.138500 
2.140400 
2.140500 
2.141800 
2.143600 
2.143900 
2.144500 
2.144900 
2.145900 
2.146200 
2.146500 
2.146800 
2.147700 
2.148100 
2.149500 
2.150300 
2.150500 
2.150600 
2.151800 
2.151900 
2.152000 
2.152800 
2.153000 
2.154400 
2.154800 
2.156200 
2.158900 
2.161500 
2.163800 
2.163900 
2.164000 
2.164900 
2.164900 
2.165600 
2.166200 
2.167400 
2.168500 
2.168600 
2.169000 
2.169000 
2.169400 
2.169900 
2.170200 
2.170800 
2.170900 
2.171100 
2.172100 
2.172400 
2.172500 
2.172700 
2.173100 
2.174600 
2.175600 
2.175900 
2.175900 
2.176200 
2.176800 
2.177800 
2.178300 
2.180100 
2.180300 
2.182600 
2.182700 
2.183400 
2.183400 
2.183400 
2.184000 
2.185300 
2.185600 
2.186300 
2.186300 
2.186900 
2.187700 
2.188500 
2.188900 
2.189500 
2.191400 
2.191700 
2.193300 
2.195300 
2.195600 
2.196000 
2.196400 
2.197400 
2.198200 
2.198700 
2.199000 
2.199200 
2.199800 
2.199900 
2.200200 
2.200400 
2.201600 
2.201600 
2.203500 
2.203600 
2.203800 
2.204000 
2.204800 
2.205800 
2.206700 
2.207000 
2.208500 
2.209600 
2.211600 
2.212000 
2.213900 
2.215000 
2.215700 
2.215700 
2.216300 
2.216500 
2.216500 
2.216800 
2.217300 
2.220500 
2.220700 
2.220900 
2.222100 
2.222900 
2.224500 
2.225300 
2.225300 
2.227000 
2.227300 
2.227900 
2.229300 
2.229600 
2.229800 
2.230100 
2.230200 
2.230600 
2.230600 
2.232300 
2.232500 
2.233400 
2.233400 
2.233500 
2.234600 
2.235000 
2.236100 
2.236400 
2.238900 
2.238900 
2.239700 
2.240100 
2.240500 
2.242100 
2.243500 
2.243500 
2.244200 
2.247300 
2.248400 
2.248500 
2.248800 
2.249500 
2.250900 
2.251300 
2.251300 
2.251600 
2.252100 
2.252800 
2.253000 
2.253400 
2.254500 
2.254500 
2.255500 
2.256500 
2.257500 
2.257900 
2.259200 
2.259600 
2.260200 
2.260400 
2.262100 
2.262600 
2.263500 
2.265400 
2.265900 
2.266300 
2.266600 
2.268500 
2.269500 
2.270400 
2.270500 
2.271200 
2.271400 
2.273500 
2.273500 
2.273800 
2.274000 
2.274300 
2.274900 
2.276300 
2.276500 
2.277300 
2.278300 
2.278600 
2.278600 
2.280300 
2.280800 
2.280900 
2.281100 
2.281500 
2.281600 
2.283000 
2.283100 
2.283700 
2.283800 
2.283900 
2.285600 
2.286600 
2.286800 
2.286800 
2.287100 
2.287500 
2.287500 
2.288200 
2.290100 
2.290800 
2.290900 
2.290900 
2.293000 
2.293500 
2.294100 
2.294300 
2.294500 
2.294700 
2.295700 
2.296400 
2.296500 
2.296700 
2.297300 
2.298300 
2.298600 
2.299100 
2.299300 
2.299400 
2.299500 
2.301000 
2.301100 
2.301200 
2.301600 
2.301700 
2.301900 
2.302100 
2.302900 
2.303700 
2.304000 
2.304100 
2.305500 
2.305900 
2.306000 
2.307800 
2.308000 
2.309000 
2.311000 
2.314200 
2.315400 
2.316100 
2.316500 
2.317200 
2.318000 
2.318800 
2.319800 
2.320000 
2.321000 
2.321400 
2.321700 
2.322100 
2.322400 
2.322700 
2.323400 
2.324300 
2.325000 
2.326000 
2.326100 
2.326400 
2.326900 
2.327000 
2.327500 
2.330900 
2.330900 
2.333300 
2.333700 
2.333900 
2.335300 
2.336000 
2.336500 
2.336900 
2.337900 
2.338300 
2.338500 
2.338600 
2.338600 
2.338900 
2.338900 
2.339700 
2.343500 
2.344100 
2.345700 
2.347000 
2.347000 
2.349000 
2.349200 
2.350400 
2.350600 
2.351200 
2.352300 
2.353600 
2.354000 
2.354800 
2.355700 
2.357200 
2.357900 
2.358400 
2.359500 
2.360100 
2.360600 
2.360900 
2.362800 
2.362900 
2.363100 
2.363600 
2.364300 
2.364600 
2.365800 
2.366000 
2.366500 
2.366700 
2.368700 
2.369000 
2.369400 
2.369500 
2.370100 
2.371700 
2.373200 
2.373300 
2.374400 
2.374600 
2.375100 
2.375200 
2.377200 
2.378100 
2.378500 
2.378700 
2.378900 
2.378900 
2.379900 
2.379900 
2.380800 
2.382200 
2.384600 
2.384700 
2.385600 
2.385700 
2.386200 
2.386700 
2.387100 
2.387700 
2.388800 
2.389400 
2.389900 
2.390800 
2.391100 
2.392700 
2.393200 
2.393200 
2.393900 
2.394000 
2.394200 
2.396100 
2.396200 
2.399500 
2.399600 
2.401100 
2.401100 
2.401500 
2.401600 
2.402400 
2.402700 
2.403000 
2.403300 
2.403500 
2.404000 
2.404800 
2.405100 
2.406200 
2.406300 
2.407900 
2.408000 
2.409600 
2.410000 
2.410700 
2.410900 
2.411500 
2.411600 
2.411800 
2.412600 
2.413900 
2.414200 
2.415000 
2.415000 
2.415800 
2.416200 
2.416600 
2.416800 
2.417900 
2.418000 
2.418100 
2.418300 
2.420000 
2.420100 
2.420200 
2.420400 
2.421300 
2.422000 
2.422600 
2.423600 
2.424100 
2.425900 
2.426100 
2.426700 
2.427200 
2.427300 
2.427600 
2.428000 
2.428200 
2.428700 
2.430300 
2.431200 
2.431600 
2.432000 
2.432700 
2.433300 
2.433900 
2.434500 
2.434700 
2.436300 
2.436500 
2.437200 
2.437700 
2.439800 
2.440100 
2.440400 
2.443100 
2.443300 
2.443400 
2.443600 
2.445800 
2.446000 
2.446300 
2.446700 
2.447100 
2.447100 
2.447700 
2.447900 
2.448500 
2.448600 
2.449200 
2.449800 
2.451700 
2.452100 
2.453000 
2.453100 
2.453500 
2.453500 
2.453600 
2.454300 
2.454400 
2.455500 
2.456500 
2.456500 
2.457600 
2.459800 
2.460500 
2.462200 
2.463100 
2.463600 
2.464900 
2.465700 
2.467000 
2.468100 
2.468500 
2.471100 
2.471600 
2.471700 
2.472400 
2.475300 
2.477600 
2.478000 
2.478000 
2.478100 
2.478100 
2.479700 
2.480100 
2.480200 
2.480500 
2.480600 
2.480900 
2.481000 
2.481400 
2.483000 
2.483200 
2.483500 
2.483500 
2.484000 
2.484100 
2.484200 
2.484200 
2.484600 
2.485300 
2.486200 
2.487000 
2.487400 
2.488200 
2.488300 
2.488400 
2.488400 
2.489200 
2.490700 
2.492200 
2.492300 
2.494100 
2.494300 
2.494800 
2.495200 
2.496400 
2.496900 
2.499100 
2.500700 
2.501200 
2.501200 
2.501300 
2.501600 
2.502700 
2.503300 
2.504500 
2.505100 
2.505600 
2.506000 
2.506800 
2.507400 
2.507800 
2.507900 
2.510000 
2.510300 
2.510300 
2.511000 
2.511200 
2.512700 
2.514100 
2.514600 
2.516700 
2.517100 
2.518500 
2.520900 
2.521100 
2.521500 
2.521700 
2.523400 
2.524000 
2.524300 
2.525300 
2.526200 
2.526300 
2.526400 
2.526400 
2.527600 
2.528300 
2.531700 
2.532400 
2.533500 
2.534400 
2.534700 
2.534900 
2.535000 
2.535900 
2.536200 
2.536500 
2.536600 
2.536600 
2.536900 
2.538000 
2.538300 
2.538600 
2.538900 
2.539600 
2.540000 
2.540300 
2.541200 
2.541300 
2.545300 
2.545500 
2.546700 
2.546800 
2.546900 
2.547300 
2.547500 
2.548100 
2.548200 
2.549300 
2.553700 
2.554200 
2.554900 
2.556200 
2.556700 
2.557200 
2.558300 
2.559100 
2.561100 
2.562600 
2.562700 
2.563600 
2.564200 
2.564700 
2.564800 
2.565400 
2.565800 
2.565900 
2.566100 
2.566200 
2.567400 
2.567800 
2.567900 
2.568300 
2.568400 
2.569000 
2.570000 
2.571200 
2.571800 
2.572100 
2.572600 
2.572700 
2.573100 
2.573200 
2.574800 
2.575400 
2.576900 
2.577200 
2.577300 
2.577800 
2.579000 
2.579700 
2.580000 
2.580900 
2.581500 
2.581600 
2.582600 
2.583300 
2.583600 
2.584000 
2.584000 
2.584500 
2.584800 
2.585500 
2.585900 
2.586600 
2.586700 
2.587000 
2.588500 
2.588600 
2.589900 
2.590400 
2.591300 
2.592300 
2.592500 
2.592600 
2.593200 
2.594400 
2.594800 
2.595600 
2.597500 
2.597700 
2.598100 
2.600400 
2.600600 
2.600600 
2.601100 
2.603100 
2.605600 
2.606100 
2.609100 
2.609100 
2.610300 
2.610600 
2.610900 
2.611100 
2.611700 
2.611800 
2.612300 
2.612400 
2.612800 
2.613000 
2.613600 
2.614600 
2.614900 
2.615000 
2.615100 
2.615200 
2.615600 
2.615700 
2.615700 
2.616100 
2.616600 
2.617300 
2.617900 
2.618200 
2.618800 
2.618900 
2.621400 
2.621700 
2.622200 
2.622400 
2.622500 
2.622700 
2.623500 
2.623600 
2.624500 
2.624700 
2.624800 
2.625300 
2.626000 
2.626300 
2.627000 
2.627400 
2.627800 
2.628400 
2.628500 
2.628800 
2.629500 
2.630400 
2.633400 
2.634100 
2.634200 
2.634700 
2.634700 
2.636600 
2.636600 
2.636700 
2.636700 
2.636800 
2.637000 
2.637800 
2.638600 
2.639300 
2.639500 
2.640200 
2.641300 
2.641600 
2.641700 
2.642700 
2.643500 
2.643500 
2.643900 
2.645100 
2.646400 
2.647000 
2.647100 
2.647100 
2.649200 
2.649700 
2.650400 
2.650500 
2.650900 
2.652300 
2.652800 
2.653400 
2.653900 
2.654300 
2.655200 
2.655400 
2.655800 
2.655800 
2.659600 
2.659700 
2.659800 
2.660200 
2.660700 
2.661500 
2.661500 
2.661500 
2.661700 
2.662100 
2.663300 
2.663400 
2.663500 
2.664300 
2.664900 
2.665500 
2.665900 
2.666000 
2.666000 
2.666900 
2.667100 
2.667800 
2.667900 
2.668800 
2.669600 
2.669700 
2.669900 
2.671600 
2.672000 
2.673900 
2.674100 
2.674900 
2.675400 
2.676400 
2.676700 
2.677000 
2.677100 
2.677300 
2.677500 
2.678400 
2.679200 
2.681300 
2.681400 
2.682700 
2.683000 
2.683800 
2.683900 
2.684400 
2.684600 
2.687200 
2.688000 
2.688200 
2.689800 
2.690000 
2.690200 
2.690500 
2.692000 
2.693200 
2.693300 
2.693400 
2.693700 
2.694100 
2.694600 
2.696600 
2.697300 
2.697500 
2.699700 
2.700500 
2.700700 
2.700900 
2.702300 
2.702300 
2.703100 
2.703200 
2.705100 
2.706100 
2.706700 
2.707100 
2.707400 
2.707400 
2.707500 
2.708200 
2.708300 
2.709800 
2.711000 
2.715400 
2.715500 
2.715700 
2.716200 
2.716500 
2.716800 
2.716900 
2.717100 
2.717900 
2.718900 
2.719000 
2.719300 
2.720300 
2.720500 
2.721200 
2.722400 
2.723400 
2.724500 
2.724900 
2.725400 
2.726600 
2.726700 
2.726900 
2.729100 
2.729900 
2.730200 
2.730900 
2.731500 
2.733800 
2.733900 
2.734300 
2.735500 
2.735600 
2.736000 
2.736800 
2.736800 
2.739600 
2.739600 
2.739700 
2.741400 
2.741800 
2.743300 
2.743700 
2.744600 
2.744700 
2.744800 
2.746300 
2.748300 
2.748600 
2.748600 
2.748800 
2.749400 
2.750800 
2.751100 
2.751500 
2.751600 
2.752100 
2.753400 
2.753400 
2.754900 
2.755100 
2.756900 
2.757200 
2.757200 
2.757700 
2.759600 
2.760600 
2.761500 
2.761800 
2.762500 
2.762600 
2.762700 
2.763800 
2.765100 
2.765200 
2.766200 
2.767600 
2.768300 
2.769100 
2.769400 
2.769500 
2.770700 
2.772000 
2.772700 
2.772700 
2.773200 
2.773400 
2.773800 
2.774100 
2.774900 
2.775200 
2.775300 
2.775600 
2.775900 
2.776300 
2.776400 
2.776400 
2.776900 
2.778000 
2.778800 
2.779100 
2.781700 
2.782600 
2.783000 
2.783200 
2.784100 
2.785000 
2.785800 
2.785900 
2.786500 
2.788300 
2.791300 
2.791800 
2.793700 
2.794000 
2.794200 
2.795500 
2.796000 
2.796200 
2.798700 
2.799700 
2.800500 
2.800600 
2.801600 
2.802500 
2.802700 
2.803900 
2.804500 
2.804900 
2.806500 
2.806600 
2.806900 
2.806900 
2.807100 
2.807500 
2.807700 
2.808700 
2.809300 
2.809400 
2.809600 
2.810700 
2.810800 
2.811000 
2.811600 
2.812100 
2.812300 
2.812700 
2.812700 
2.814000 
2.817200 
2.818100 
2.818500 
2.818600 
2.818700 
2.819100 
2.819600 
2.820100 
2.820900 
2.821200 
2.821400 
2.822100 
2.822800 
2.824300 
2.824500 
2.824700 
2.824900 
2.825300 
2.825600 
2.826100 
2.826300 
2.828300 
2.828700 
2.829600 
2.831900 
2.832100 
2.832400 
2.832900 
2.833200 
2.834200 
2.835300 
2.835600 
2.835700 
2.836200 
2.838600 
2.840000 
2.841400 
2.841700 
2.843000 
2.843200 
2.843900 
2.844300 
2.845100 
2.845400 
2.845600 
2.845800 
2.845900 
2.846200 
2.846700 
2.846800 
2.846800 
2.847400 
2.847400 
2.847500 
2.849100 
2.849700 
2.850800 
2.851300 
2.852400 
2.854200 
2.855200 
2.855400 
2.856500 
2.856600 
2.857000 
2.857300 
2.857600 
2.858000 
2.858500 
2.859600 
2.860500 
2.861000 
2.861800 
2.862000 
2.862100 
2.862900 
2.862900 
2.863000 
2.863100 
2.863400 
2.864300 
2.864600 
2.865000 
2.865700 
2.866300 
2.867600 
2.870100 
2.870500 
2.872400 
2.873000 
2.873100 
2.873300 
2.874400 
2.874600 
2.876700 
2.878300 
2.878700 
2.879200 
2.879500 
2.879700 
2.880100 
2.880400 
2.880800 
2.881200 
2.881500 
2.883400 
2.883800 
2.885400 
2.886600 
2.886600 
2.886900 
2.888000 
2.888600 
2.889500 
2.889500 
2.892000 
2.894500 
2.894600 
2.895400 
2.895700 
2.895900 
2.896700 
2.898600 
2.900000 
2.900300 
2.900700 
2.901400 
2.901500 
2.901700 
2.902600 
2.903000 
2.903500 
2.903700 
2.904100 
2.904300 
2.905600 
2.906200 
2.906800 
2.907200 
2.910200 
2.910200 
2.911300 
2.912200 
2.914700 
2.915300 
2.915800 
2.916300 
2.916600 
2.917900 
2.918500 
2.918500 
2.919400 
2.919800 
2.920200 
2.920300 
2.921100 
2.921600 
2.922700 
2.923000 
2.923800 
2.924800 
2.925400 
2.925700 
2.926300 
2.926600 
2.926700 
2.927900 
2.928200 
2.928400 
2.928500 
2.928900 
2.929200 
2.929300 
2.930600 
2.930900 
2.931400 
2.933000 
2.933700 
2.933700 
2.935500 
2.935500 
2.936200 
2.936900 
2.937500 
2.938800 
2.939900 
2.940000 
2.940100 
2.940400 
2.941000 
2.941200 
2.942700 
2.942900 
2.943200 
2.943700 
2.943900 
2.945000 
2.945500 
2.946200 
2.946700 
2.948700 
2.951200 
2.951300 
2.952400 
2.952400 
2.952900 
2.955100 
2.955400 
2.956900 
2.957400 
2.959500 
2.959600 
2.959600 
2.960100 
2.960200 
2.960300 
2.962400 
2.964000 
2.964100 
2.964500 
2.965200 
2.965200 
2.965300 
2.965600 
2.966600 
2.967200 
2.968800 
2.970400 
2.970600 
2.972100 
2.972300 
2.973300 
2.973900 
2.974100 
2.974200 
2.974600 
2.975500 
2.975600 
2.975900 
2.976500 
2.977000 
2.977500 
2.979000 
2.979700 
2.980000 
2.981200 
2.982200 
2.982700 
2.983100 
2.983200 
2.983300 
2.984300 
2.985300 
2.985500 
2.985600 
2.986100 
2.986200 
2.986400 
2.986900 
2.987400 
2.988200 
2.989900 
2.990100 
2.990700 
2.991000 
2.991600 
2.991800 
2.992100 
2.992400 
2.993100 
2.993300 
2.993300 
2.994200 
2.994300 
2.995300 
2.995600 
2.997400 
2.998000 
2.998000 
2.998800 
2.999100 
2.999100 
2.999600 
2.999600 
