0.000000000000000000e+00
6.930054178051083813e-01
6.092268490729833008e-01
7.777397876936218424e-01
7.485905786786529736e-01
0.000000000000000000e+00
6.615110555998164887e-01
6.762468732451882847e-01
6.991051041793719945e-01
6.655312976382140588e-01
1.110920396047487380e+00
5.097921270056439136e-01
5.908048143855844092e-01
0.000000000000000000e+00
4.711934057195213410e-01
3.589009013148172222e-01
5.073912782905511953e-01
7.241731266263516931e-01
3.717688982640752204e-01
7.373140952369331425e-01
4.555778804054850251e-01
7.185016557940786530e-01
5.203930263494832564e-01
6.151624047976167464e-01
6.757990299908269716e-01
6.529862201494788243e-01
1.017938159778105423e+00
8.907242693773822495e-01
7.198125890454170062e-01
7.938954458957679927e-01
1.511860455937149128e+00
4.290661852132630627e-01
6.538206899878431511e-01
9.170503965287114534e-01
5.412852976874148458e-01
6.119615257655669494e-01
2.423962568880718427e-01
4.281019758957508858e-01
0.000000000000000000e+00
7.352435651707798225e-01
8.154339637646128569e-01
4.921212353895256797e-01
7.304073810595201888e-01
1.141164269144489207e+00
4.219262078443807296e-01
4.964911714668502341e-01
1.191657475761749518e+00
5.406257601569410820e-01
0.000000000000000000e+00
7.041793650767681489e-01
7.768714189395979908e-01
