0.021500 
0.021700 
0.023100 
0.023500 
0.023500 
0.025200 
0.026300 
0.026600 
0.026600 
0.027900 
0.028000 
0.029000 
0.029100 
0.030300 
0.031400 
0.031600 
0.031800 
0.032100 
0.032500 
0.032500 
0.034900 
0.035500 
0.035900 
0.036300 
0.036700 
0.037000 
0.037300 
0.037400 
0.038300 
0.038300 
0.038500 
0.039100 
0.039800 
0.040100 
0.040700 
0.041500 
0.042300 
0.042600 
0.042600 
0.043100 
0.043900 
0.045300 
0.045500 
0.045500 
0.045700 
0.045800 
0.047400 
0.047600 
0.048500 
0.049000 
0.049200 
0.049500 
0.050400 
0.052400 
0.053700 
0.053900 
0.054000 
0.054100 
0.054100 
0.054100 
0.054200 
0.054400 
0.054600 
0.055000 
0.055000 
0.055100 
0.055500 
0.056100 
0.057800 
0.058100 
0.059900 
0.060200 
0.060200 
0.061000 
0.061600 
0.061600 
0.062300 
0.062300 
0.063700 
0.064100 
0.064600 
0.064700 
0.065100 
0.066000 
0.066500 
0.066700 
0.066800 
0.067600 
0.067900 
0.069100 
0.071300 
0.072100 
0.072900 
0.073100 
0.073200 
0.073300 
0.075100 
0.075900 
0.076100 
0.077200 
0.077300 
0.077300 
0.077900 
0.078300 
0.078500 
0.079600 
0.079700 
0.080100 
0.080200 
0.080800 
0.082000 
0.082000 
0.082200 
0.082600 
0.083600 
0.083600 
0.085400 
0.085500 
0.089200 
0.089300 
0.089700 
0.090300 
0.091000 
0.091700 
0.092700 
0.093500 
0.093600 
0.093900 
0.094100 
0.095300 
0.095400 
0.095700 
0.095900 
0.097100 
0.097400 
0.098400 
0.098400 
0.098900 
0.098900 
0.099000 
0.100100 
0.100400 
0.102400 
0.102700 
0.102800 
0.102900 
0.104000 
0.104800 
0.106200 
0.106400 
0.107000 
0.107700 
0.107800 
0.108500 
0.108900 
0.109400 
0.109500 
0.110200 
0.110300 
0.112200 
0.112400 
0.112500 
0.113900 
0.114000 
0.114100 
0.114900 
0.115600 
0.117800 
0.118100 
0.118300 
0.118800 
0.119900 
0.120300 
0.121000 
0.121600 
0.122100 
0.122100 
0.123500 
0.123900 
0.124100 
0.124200 
0.124400 
0.124500 
0.124600 
0.124700 
0.124900 
0.125600 
0.126200 
0.127500 
0.127700 
0.128200 
0.128700 
0.130100 
0.130400 
0.130500 
0.131000 
0.131500 
0.131500 
0.132200 
0.136000 
0.137000 
0.137600 
0.137600 
0.138000 
0.138700 
0.140500 
0.141400 
0.141700 
0.141700 
0.143300 
0.143700 
0.144200 
0.144200 
0.145800 
0.146300 
0.146900 
0.147200 
0.147500 
0.147500 
0.147600 
0.147800 
0.149400 
0.150100 
0.150300 
0.151200 
0.151500 
0.154000 
0.154300 
0.155100 
0.155600 
0.155800 
0.156400 
0.156500 
0.157000 
0.158200 
0.159200 
0.161400 
0.162300 
0.162500 
0.162600 
0.162900 
0.163500 
0.163600 
0.164200 
0.165200 
0.167200 
0.167900 
0.168700 
0.169600 
0.170700 
0.170700 
0.171200 
0.171200 
0.171600 
0.171700 
0.171900 
0.172100 
0.172700 
0.174400 
0.174800 
0.174800 
0.175000 
0.175100 
0.175400 
0.175500 
0.175600 
0.176100 
0.176200 
0.176400 
0.177100 
0.177200 
0.178300 
0.178400 
0.178500 
0.178700 
0.178800 
0.179200 
0.179700 
0.180900 
0.181000 
0.181800 
0.182000 
0.185100 
0.185900 
0.186200 
0.187300 
0.187400 
0.187700 
0.187900 
0.188300 
0.189000 
0.189200 
0.189500 
0.189700 
0.191300 
0.191300 
0.191600 
0.192100 
0.192700 
0.192700 
0.192900 
0.193500 
0.194100 
0.195000 
0.196300 
0.196300 
0.197200 
0.198600 
0.199200 
0.199800 
0.201000 
0.201000 
0.201500 
0.203200 
0.203200 
0.203600 
0.203600 
0.204600 
0.205200 
0.205400 
0.205800 
0.206100 
0.206100 
0.206200 
0.206400 
0.206500 
0.206800 
0.207100 
0.207300 
0.209000 
0.209900 
0.212500 
0.213100 
0.213300 
0.214400 
0.214400 
0.214500 
0.214800 
0.215700 
0.215900 
0.216000 
0.216100 
0.216600 
0.216800 
0.217900 
0.218300 
0.218500 
0.218600 
0.218900 
0.220700 
0.221400 
0.222000 
0.223300 
0.224000 
0.224100 
0.224700 
0.225500 
0.226500 
0.226900 
0.228000 
0.228400 
0.228500 
0.228600 
0.230100 
0.230500 
0.231300 
0.231500 
0.232400 
0.232700 
0.232900 
0.233100 
0.233600 
0.233700 
0.234800 
0.235700 
0.237300 
0.238700 
0.239500 
0.239600 
0.239800 
0.240700 
0.240900 
0.243200 
0.244600 
0.244800 
0.245000 
0.245300 
0.245800 
0.246200 
0.246200 
0.246700 
0.246700 
0.247800 
0.249100 
0.249500 
0.249800 
0.249900 
0.250800 
0.251000 
0.251000 
0.254400 
0.254400 
0.254700 
0.255200 
0.256100 
0.256200 
0.256900 
0.258800 
0.258900 
0.259100 
0.260200 
0.260500 
0.262200 
0.262400 
0.264100 
0.264200 
0.266100 
0.266400 
0.266400 
0.267000 
0.267200 
0.267900 
0.268700 
0.269700 
0.271400 
0.271600 
0.272200 
0.272300 
0.272600 
0.273300 
0.274100 
0.275200 
0.275700 
0.276900 
0.277400 
0.277500 
0.277600 
0.278000 
0.278700 
0.279300 
0.279600 
0.280400 
0.280800 
0.280900 
0.281200 
0.281500 
0.282800 
0.282900 
0.283200 
0.283200 
0.284000 
0.284500 
0.285200 
0.285300 
0.286100 
0.286200 
0.286200 
0.286300 
0.286500 
0.286800 
0.287000 
0.288600 
0.288700 
0.289300 
0.289500 
0.290100 
0.290200 
0.291200 
0.291200 
0.292800 
0.293700 
0.293700 
0.293700 
0.294400 
0.296700 
0.297300 
0.298300 
0.298300 
0.299500 
0.299700 
0.299900 
0.300600 
0.302000 
0.303400 
0.303800 
0.303900 
0.305500 
0.308100 
0.308200 
0.308700 
0.309100 
0.309200 
0.309500 
0.309800 
0.310700 
0.310900 
0.312200 
0.312200 
0.312300 
0.312800 
0.313100 
0.314000 
0.314000 
0.314900 
0.315000 
0.315200 
0.315200 
0.315400 
0.315700 
0.315800 
0.316300 
0.316800 
0.316900 
0.317100 
0.317500 
0.318000 
0.318500 
0.318600 
0.318600 
0.318800 
0.319500 
0.319800 
0.320000 
0.320300 
0.320700 
0.320800 
0.321000 
0.321600 
0.322200 
0.322900 
0.323200 
0.323300 
0.323800 
0.323900 
0.324100 
0.324200 
0.324400 
0.324400 
0.324800 
0.324900 
0.325100 
0.326600 
0.327300 
0.327700 
0.327800 
0.328200 
0.328900 
0.328900 
0.329000 
0.329100 
0.329400 
0.329500 
0.329600 
0.329900 
0.330100 
0.330200 
0.331000 
0.331400 
0.331500 
0.332100 
0.332300 
0.334100 
0.334700 
0.335400 
0.335900 
0.336500 
0.336700 
0.337700 
0.339600 
0.342300 
0.342800 
0.343700 
0.343800 
0.344100 
0.345400 
0.345900 
0.346500 
0.346600 
0.346600 
0.346800 
0.347000 
0.347300 
0.347900 
0.348300 
0.349500 
0.350200 
0.351200 
0.351200 
0.352100 
0.353600 
0.353800 
0.353900 
0.354100 
0.355200 
0.356700 
0.356900 
0.357000 
0.357400 
0.358200 
0.358400 
0.358400 
0.358800 
0.359500 
0.359500 
0.359800 
0.361100 
0.361300 
0.361400 
0.362400 
0.362900 
0.363700 
0.363700 
0.364100 
0.364500 
0.365100 
0.365900 
0.366000 
0.367200 
0.367800 
0.368100 
0.370400 
0.371100 
0.372300 
0.374900 
0.374900 
0.375000 
0.375300 
0.377600 
0.377700 
0.378400 
0.378900 
0.379100 
0.379700 
0.379900 
0.380300 
0.380500 
0.380500 
0.381100 
0.381300 
0.381900 
0.382500 
0.382600 
0.383500 
0.384700 
0.384700 
0.384800 
0.385200 
0.385300 
0.385500 
0.385700 
0.386000 
0.386100 
0.386300 
0.388100 
0.388300 
0.388300 
0.388800 
0.389000 
0.389700 
0.390900 
0.390900 
0.391000 
0.392200 
0.393200 
0.393500 
0.393700 
0.394000 
0.394300 
0.394500 
0.394900 
0.395300 
0.395400 
0.396200 
0.396400 
0.396500 
0.396700 
0.398300 
0.398500 
0.398900 
0.399800 
0.400100 
0.400200 
0.400600 
0.401400 
0.401500 
0.402300 
0.402500 
0.402900 
0.403100 
0.403300 
0.403900 
0.404400 
0.404600 
0.405300 
0.405900 
0.406100 
0.406600 
0.407300 
0.407500 
0.408700 
0.409000 
0.409300 
0.409900 
0.410700 
0.411000 
0.411200 
0.411800 
0.412200 
0.412800 
0.412900 
0.413200 
0.414000 
0.414700 
0.415200 
0.416600 
0.416800 
0.416900 
0.417000 
0.417200 
0.418000 
0.418100 
0.418700 
0.418800 
0.419500 
0.420200 
0.420700 
0.421400 
0.421700 
0.422300 
0.422600 
0.422700 
0.423700 
0.424500 
0.425300 
0.426000 
0.426400 
0.426500 
0.427800 
0.428800 
0.429400 
0.430300 
0.430900 
0.432000 
0.432200 
0.432600 
0.433100 
0.434600 
0.434900 
0.435900 
0.436400 
0.437700 
0.438100 
0.438500 
0.439000 
0.439200 
0.440400 
0.441400 
0.441700 
0.442000 
0.442300 
0.442900 
0.446000 
0.446000 
0.446100 
0.447300 
0.447700 
0.448300 
0.448600 
0.448800 
0.449200 
0.449800 
0.450900 
0.452000 
0.452700 
0.454800 
0.455100 
0.455500 
0.457600 
0.457900 
0.458500 
0.459100 
0.459200 
0.460100 
0.460500 
0.461300 
0.462100 
0.463500 
0.463600 
0.464200 
0.464700 
0.465900 
0.466000 
0.466200 
0.466800 
0.467100 
0.467800 
0.467900 
0.468000 
0.469200 
0.469600 
0.470900 
0.471100 
0.472100 
0.473000 
0.473500 
0.473700 
0.473700 
0.474700 
0.475200 
0.475800 
0.476300 
0.477100 
0.477200 
0.477300 
0.478400 
0.478600 
0.479300 
0.479300 
0.480300 
0.482500 
0.483500 
0.483900 
0.484200 
0.485300 
0.485800 
0.486500 
0.486600 
0.487800 
0.487900 
0.488200 
0.488900 
0.490100 
0.490900 
0.491100 
0.492000 
0.493300 
0.494200 
0.494400 
0.494500 
0.495400 
0.498000 
0.498600 
0.498600 
0.499000 
0.499300 
0.500200 
0.500200 
0.501100 
0.501300 
0.502100 
0.502300 
0.502700 
0.504000 
0.504400 
0.504600 
0.504700 
0.505600 
0.505700 
0.506900 
0.507100 
0.507100 
0.507300 
0.508900 
0.509500 
0.510300 
0.510600 
0.510900 
0.511100 
0.511800 
0.513100 
0.513800 
0.513900 
0.514100 
0.516600 
0.516900 
0.517100 
0.517400 
0.517400 
0.517900 
0.518000 
0.518900 
0.519100 
0.519400 
0.521000 
0.521000 
0.521400 
0.521900 
0.523300 
0.524200 
0.524500 
0.524600 
0.525000 
0.525100 
0.525400 
0.525500 
0.525800 
0.526200 
0.526800 
0.527200 
0.527600 
0.529200 
0.531000 
0.531300 
0.531700 
0.532600 
0.533000 
0.533500 
0.535600 
0.535700 
0.537000 
0.537100 
0.537400 
0.537800 
0.538500 
0.539300 
0.539300 
0.540000 
0.541200 
0.542700 
0.545300 
0.545300 
0.545400 
0.545900 
0.546300 
0.547900 
0.548000 
0.548600 
0.549000 
0.549200 
0.549700 
0.549900 
0.550400 
0.550900 
0.551200 
0.551300 
0.552000 
0.553100 
0.553200 
0.553600 
0.553600 
0.554800 
0.556800 
0.557400 
0.558000 
0.558100 
0.558500 
0.559300 
0.559700 
0.560000 
0.560700 
0.560700 
0.560900 
0.561800 
0.562000 
0.562000 
0.563000 
0.563100 
0.563900 
0.565700 
0.567300 
0.567400 
0.567500 
0.569800 
0.569900 
0.570000 
0.570300 
0.570400 
0.570600 
0.571400 
0.572300 
0.572400 
0.573300 
0.573600 
0.573900 
0.574500 
0.575700 
0.575900 
0.577300 
0.578000 
0.578000 
0.578400 
0.578800 
0.579400 
0.579500 
0.579800 
0.580200 
0.580900 
0.581000 
0.581200 
0.581700 
0.583700 
0.583700 
0.584500 
0.584700 
0.584800 
0.584800 
0.584900 
0.585900 
0.586300 
0.587200 
0.587700 
0.587800 
0.589100 
0.589600 
0.589900 
0.590100 
0.591800 
0.592500 
0.593600 
0.594900 
0.595100 
0.596300 
0.596500 
0.597500 
0.598000 
0.598900 
0.599000 
0.599500 
0.602500 
0.602800 
0.603000 
0.605100 
0.605400 
0.605600 
0.607300 
0.609400 
0.610300 
0.610500 
0.611800 
0.612200 
0.612300 
0.612500 
0.612700 
0.612900 
0.613300 
0.613800 
0.613900 
0.614000 
0.614100 
0.615000 
0.616500 
0.616500 
0.617100 
0.617400 
0.619200 
0.619600 
0.619700 
0.620100 
0.620500 
0.620500 
0.621700 
0.622100 
0.623500 
0.624500 
0.624900 
0.626300 
0.626700 
0.626900 
0.627700 
0.628200 
0.628500 
0.629900 
0.631400 
0.631500 
0.631600 
0.631900 
0.632000 
0.632200 
0.633600 
0.633600 
0.633800 
0.634300 
0.634600 
0.634900 
0.635300 
0.635300 
0.635700 
0.636200 
0.636300 
0.636300 
0.636400 
0.636900 
0.637500 
0.637600 
0.637600 
0.638800 
0.639000 
0.639700 
0.640200 
0.640300 
0.640900 
0.642100 
0.642400 
0.642700 
0.643000 
0.644000 
0.644100 
0.644300 
0.645300 
0.645400 
0.645700 
0.645800 
0.646900 
0.647000 
0.647700 
0.647900 
0.649300 
0.649600 
0.649700 
0.649700 
0.650000 
0.650300 
0.650400 
0.651400 
0.651500 
0.652100 
0.653500 
0.654500 
0.654700 
0.654800 
0.654900 
0.655100 
0.656000 
0.656000 
0.656300 
0.657200 
0.657300 
0.659100 
0.659800 
0.659800 
0.660000 
0.660000 
0.660200 
0.660300 
0.660900 
0.661800 
0.662300 
0.664700 
0.665200 
0.665400 
0.665800 
0.666900 
0.667400 
0.668600 
0.669100 
0.669600 
0.670600 
0.670800 
0.670900 
0.671500 
0.671800 
0.672100 
0.672400 
0.673900 
0.675300 
0.676500 
0.676900 
0.677000 
0.678000 
0.679900 
0.680000 
0.681000 
0.681100 
0.681200 
0.681200 
0.681400 
0.682000 
0.682200 
0.682300 
0.683500 
0.683800 
0.683800 
0.683900 
0.684000 
0.684100 
0.684700 
0.685200 
0.685300 
0.685700 
0.686000 
0.686600 
0.687300 
0.689200 
0.689300 
0.689400 
0.689600 
0.690100 
0.690200 
0.690900 
0.691000 
0.691500 
0.691800 
0.692900 
0.692900 
0.693300 
0.693400 
0.693900 
0.694200 
0.694900 
0.695600 
0.696400 
0.696700 
0.696800 
0.696900 
0.697700 
0.698000 
0.698400 
0.698700 
0.699000 
0.699000 
0.699700 
0.699800 
0.700000 
0.701100 
0.701200 
0.701500 
0.701600 
0.701800 
0.702100 
0.702100 
0.702200 
0.702200 
0.702500 
0.702700 
0.704800 
0.704900 
0.705200 
0.706100 
0.707400 
0.707600 
0.707800 
0.707800 
0.708100 
0.708900 
0.710200 
0.711200 
0.712100 
0.716400 
0.716900 
0.717800 
0.718400 
0.720600 
0.721000 
0.721900 
0.722000 
0.722200 
0.722200 
0.722300 
0.722500 
0.723200 
0.724300 
0.724500 
0.725200 
0.725200 
0.725400 
0.725900 
0.726200 
0.726400 
0.726500 
0.727100 
0.727200 
0.727600 
0.729700 
0.733700 
0.734600 
0.737400 
0.737800 
0.738300 
0.738500 
0.738900 
0.740900 
0.741200 
0.743100 
0.743500 
0.743700 
0.743800 
0.744400 
0.745000 
0.745400 
0.745700 
0.746200 
0.747400 
0.748700 
0.749000 
0.750000 
0.751600 
0.751700 
0.753400 
0.753400 
0.754100 
0.754700 
0.755400 
0.755600 
0.755700 
0.755800 
0.756600 
0.757000 
0.757800 
0.759200 
0.759500 
0.760400 
0.760800 
0.761100 
0.762400 
0.762900 
0.763300 
0.765500 
0.765600 
0.766100 
0.766700 
0.767100 
0.767800 
0.768200 
0.769800 
0.769900 
0.769900 
0.770000 
0.771800 
0.773100 
0.773200 
0.774200 
0.774500 
0.774900 
0.774900 
0.775400 
0.775500 
0.775700 
0.776200 
0.778800 
0.778900 
0.780300 
0.780700 
0.781000 
0.781400 
0.781900 
0.782800 
0.782900 
0.786900 
0.788600 
0.788700 
0.788800 
0.788900 
0.788900 
0.789400 
0.789800 
0.790300 
0.791900 
0.792000 
0.793200 
0.794000 
0.794800 
0.795600 
0.797000 
0.798000 
0.798400 
0.798700 
0.799800 
0.800500 
0.800800 
0.801300 
0.801700 
0.801700 
0.801900 
0.802100 
0.802800 
0.802800 
0.803100 
0.803300 
0.803400 
0.804100 
0.804200 
0.805000 
0.805200 
0.805700 
0.805800 
0.806000 
0.806600 
0.808200 
0.809900 
0.810000 
0.810800 
0.810800 
0.811300 
0.811500 
0.812000 
0.812000 
0.812100 
0.812100 
0.812200 
0.813200 
0.813700 
0.814600 
0.814800 
0.815600 
0.816000 
0.816100 
0.816200 
0.816500 
0.816800 
0.817100 
0.817100 
0.817500 
0.818500 
0.819000 
0.819300 
0.820000 
0.820000 
0.820400 
0.821000 
0.822000 
0.822100 
0.822600 
0.822600 
0.822600 
0.822800 
0.823500 
0.824400 
0.824600 
0.824600 
0.824700 
0.825500 
0.826100 
0.826500 
0.826500 
0.827400 
0.827600 
0.828000 
0.828100 
0.828300 
0.828800 
0.829100 
0.829300 
0.831000 
0.831500 
0.831600 
0.831700 
0.832000 
0.832900 
0.833600 
0.834000 
0.834100 
0.834300 
0.834300 
0.835700 
0.835900 
0.836500 
0.836700 
0.837100 
0.837200 
0.837900 
0.838400 
0.838800 
0.838900 
0.839200 
0.839700 
0.839800 
0.840400 
0.840600 
0.841400 
0.841500 
0.841500 
0.841700 
0.842000 
0.842800 
0.843800 
0.844000 
0.844200 
0.844600 
0.846200 
0.846300 
0.846400 
0.846400 
0.847200 
0.847500 
0.847700 
0.848100 
0.848900 
0.849500 
0.849900 
0.850200 
0.851100 
0.852700 
0.852900 
0.853400 
0.853600 
0.854100 
0.854300 
0.854700 
0.855000 
0.855200 
0.859000 
0.859800 
0.859900 
0.860700 
0.860900 
0.861400 
0.861400 
0.861600 
0.863400 
0.863600 
0.863700 
0.864300 
0.864900 
0.864900 
0.865300 
0.866100 
0.866200 
0.866400 
0.866500 
0.867200 
0.867400 
0.868300 
0.868500 
0.870500 
0.870800 
0.871100 
0.871500 
0.871900 
0.872500 
0.873100 
0.873300 
0.874600 
0.874700 
0.875000 
0.875100 
0.875500 
0.875600 
0.875600 
0.876100 
0.876700 
0.877400 
0.877800 
0.877900 
0.878300 
0.878400 
0.878400 
0.878800 
0.879500 
0.879500 
0.880200 
0.880900 
0.881000 
0.881200 
0.882100 
0.882400 
0.882700 
0.883100 
0.883200 
0.884800 
0.884800 
0.885500 
0.885800 
0.886200 
0.886800 
0.887200 
0.887500 
0.887900 
0.888100 
0.891000 
0.891200 
0.891800 
0.892000 
0.892200 
0.892800 
0.893400 
0.893500 
0.894200 
0.894300 
0.894800 
0.895500 
0.895500 
0.896100 
0.896800 
0.897200 
0.899000 
0.900000 
0.900100 
0.900200 
0.900300 
0.901000 
0.901200 
0.901300 
0.902000 
0.902200 
0.902700 
0.903300 
0.903900 
0.904700 
0.905700 
0.906200 
0.906400 
0.907200 
0.908700 
0.909800 
0.911400 
0.911500 
0.911800 
0.912000 
0.912600 
0.912700 
0.912700 
0.912700 
0.913500 
0.914100 
0.914500 
0.916400 
0.917900 
0.918500 
0.918800 
0.919100 
0.919700 
0.920100 
0.921100 
0.921200 
0.921300 
0.921600 
0.921800 
0.922500 
0.923200 
0.923200 
0.923900 
0.924800 
0.924900 
0.925200 
0.925400 
0.926100 
0.926100 
0.926700 
0.927100 
0.927300 
0.927500 
0.927700 
0.928200 
0.928400 
0.929900 
0.930100 
0.930200 
0.930300 
0.930800 
0.932300 
0.933000 
0.934100 
0.935300 
0.936000 
0.936300 
0.936400 
0.937500 
0.937900 
0.938100 
0.938900 
0.939200 
0.939400 
0.939800 
0.940500 
0.940700 
0.940900 
0.941100 
0.941100 
0.941600 
0.942000 
0.942100 
0.942300 
0.942700 
0.944700 
0.944900 
0.945000 
0.945900 
0.945900 
0.946400 
0.946400 
0.947400 
0.947900 
0.949800 
0.949800 
0.950000 
0.952200 
0.953100 
0.953400 
0.953500 
0.954000 
0.955200 
0.955500 
0.956400 
0.956900 
0.957000 
0.957200 
0.957700 
0.958400 
0.958900 
0.959100 
0.959200 
0.960000 
0.960800 
0.961700 
0.962400 
0.962400 
0.962700 
0.963000 
0.964300 
0.966600 
0.967100 
0.967400 
0.967900 
0.968200 
0.969800 
0.970200 
0.971000 
0.971500 
0.971600 
0.972000 
0.972700 
0.972700 
0.972900 
0.973300 
0.974400 
0.975700 
0.975700 
0.975900 
0.976000 
0.976200 
0.976400 
0.976600 
0.977400 
0.977600 
0.977900 
0.979000 
0.979300 
0.979500 
0.980100 
0.982700 
0.983400 
0.983600 
0.983900 
0.984100 
0.984200 
0.984200 
0.985800 
0.985900 
0.986800 
0.987400 
0.988000 
0.988700 
0.989000 
0.989500 
0.990100 
0.990700 
0.990900 
0.990900 
0.991000 
0.993400 
0.994800 
0.994900 
0.995200 
0.995200 
0.995400 
0.995900 
0.996000 
0.996400 
0.996700 
0.996900 
0.997000 
0.997000 
0.997400 
0.997900 
0.998300 
0.999200 
0.999700 
0.999800 
0.999900 
1.000700 
1.000800 
1.001100 
1.001600 
1.002300 
1.002400 
1.003300 
1.003700 
1.004000 
1.004000 
1.005200 
1.005800 
1.006100 
1.006300 
1.006900 
1.008100 
1.009200 
1.010300 
1.010600 
1.010600 
1.010900 
1.011800 
1.011900 
1.012000 
1.012300 
1.012900 
1.013200 
1.013500 
1.013500 
1.013600 
1.015600 
1.019400 
1.019700 
1.020500 
1.021800 
1.022000 
1.022000 
1.022100 
1.022200 
1.022400 
1.023100 
1.024200 
1.024400 
1.024800 
1.025500 
1.027000 
1.027000 
1.027500 
1.027900 
1.028400 
1.028500 
1.029200 
1.029300 
1.030100 
1.030200 
1.030200 
1.030400 
1.030700 
1.030800 
1.031500 
1.032300 
1.034100 
1.034200 
1.034500 
1.034500 
1.035000 
1.035500 
1.035600 
1.038300 
1.039300 
1.039600 
1.040100 
1.040700 
1.042500 
1.042800 
1.043000 
1.043000 
1.045000 
1.045500 
1.046700 
1.046800 
1.046800 
1.046800 
1.046800 
1.047200 
1.047700 
1.048000 
1.048100 
1.048200 
1.048900 
1.049100 
1.049300 
1.049800 
1.049800 
1.050900 
1.051400 
1.051400 
1.051800 
1.053200 
1.053400 
1.053500 
1.053800 
1.054800 
1.055400 
1.055600 
1.055900 
1.056000 
1.057000 
1.057300 
1.057900 
1.059600 
1.060000 
1.060400 
1.060700 
1.061100 
1.062300 
1.064300 
1.065200 
1.065300 
1.065700 
1.066000 
1.068100 
1.069200 
1.069200 
1.070000 
1.070400 
1.070600 
1.071800 
1.071800 
1.074000 
1.074700 
1.075600 
1.077100 
1.077100 
1.078000 
1.079100 
1.079800 
1.079800 
1.080200 
1.080800 
1.080800 
1.082000 
1.082400 
1.082700 
1.082800 
1.083100 
1.084200 
1.084800 
1.085300 
1.085900 
1.086100 
1.086300 
1.086500 
1.086600 
1.086800 
1.086900 
1.087200 
1.088000 
1.088100 
1.089800 
1.091300 
1.091800 
1.092200 
1.092500 
1.092600 
1.093300 
1.094100 
1.094200 
1.094300 
1.094300 
1.094500 
1.094800 
1.095400 
1.095500 
1.096400 
1.098100 
1.098500 
1.101100 
1.101800 
1.102100 
1.103100 
1.103300 
1.104700 
1.105400 
1.105600 
1.106000 
1.107300 
1.108600 
1.109300 
1.109500 
1.109900 
1.109900 
1.110200 
1.110300 
1.110500 
1.111200 
1.111600 
1.112400 
1.114500 
1.115500 
1.115600 
1.117300 
1.118000 
1.118800 
1.121200 
1.121900 
1.123200 
1.123600 
1.123700 
1.124100 
1.124700 
1.124800 
1.125000 
1.125100 
1.125100 
1.125500 
1.125600 
1.125700 
1.126500 
1.126600 
1.127200 
1.128300 
1.128400 
1.128700 
1.129000 
1.130400 
1.131300 
1.131900 
1.131900 
1.132000 
1.132800 
1.134700 
1.136900 
1.137200 
1.137400 
1.139800 
1.141000 
1.141200 
1.141700 
1.142400 
1.143200 
1.143500 
1.144700 
1.144900 
1.146300 
1.147000 
1.147100 
1.147400 
1.148000 
1.148400 
1.149600 
1.150100 
1.150500 
1.150800 
1.150900 
1.153400 
1.154500 
1.154900 
1.155800 
1.156100 
1.156400 
1.157000 
1.157000 
1.157300 
1.157900 
1.158800 
1.159300 
1.159800 
1.160800 
1.161600 
1.162500 
1.163100 
1.163200 
1.165900 
1.168400 
1.168400 
1.168500 
1.168800 
1.168900 
1.169900 
1.170000 
1.171500 
1.171600 
1.171800 
1.172100 
1.172100 
1.172400 
1.172500 
1.173200 
1.173300 
1.173400 
1.173800 
1.174200 
1.175100 
1.175400 
1.175700 
1.175800 
1.175900 
1.175900 
1.176500 
1.178300 
1.178500 
1.179000 
1.179300 
1.179900 
1.180000 
1.180100 
1.180700 
1.181600 
1.185000 
1.185200 
1.185300 
1.186100 
1.186700 
1.186800 
1.187400 
1.188200 
1.190200 
1.190900 
1.190900 
1.191000 
1.191000 
1.191100 
1.191600 
1.193100 
1.194000 
1.194400 
1.194500 
1.195500 
1.195500 
1.195600 
1.196300 
1.196600 
1.196600 
1.196800 
1.197200 
1.198200 
1.199000 
1.199500 
1.200200 
1.200600 
1.201500 
1.201800 
1.202000 
1.202200 
1.202500 
1.202800 
1.203400 
1.203500 
1.203500 
1.204000 
1.204300 
1.204400 
1.204400 
1.204900 
1.205300 
1.205600 
1.206000 
1.206400 
1.207100 
1.207400 
1.207600 
1.207700 
1.208800 
1.209300 
1.209400 
1.209600 
1.210000 
1.210500 
1.210500 
1.210500 
1.210700 
1.210700 
1.211000 
1.211700 
1.212700 
1.214000 
1.214800 
1.216300 
1.216300 
1.216700 
1.217400 
1.217700 
1.217900 
1.218400 
1.218600 
1.219000 
1.219300 
1.219400 
1.219600 
1.220100 
1.220400 
1.220500 
1.220700 
1.220700 
1.221900 
1.222100 
1.223700 
1.226100 
1.226100 
1.226400 
1.226600 
1.227000 
1.227100 
1.227300 
1.227300 
1.229200 
1.229900 
1.230000 
1.231300 
1.231700 
1.233200 
1.233300 
1.235400 
1.235500 
1.235700 
1.236100 
1.236900 
1.237700 
1.237800 
1.238200 
1.238700 
1.239000 
1.239400 
1.239700 
1.242300 
1.242400 
1.242700 
1.244500 
1.245600 
1.246100 
1.246600 
1.247400 
1.247500 
1.248200 
1.249000 
1.249900 
1.250100 
1.250100 
1.250400 
1.250900 
1.251400 
1.252200 
1.252300 
1.253400 
1.253500 
1.255500 
1.255600 
1.256200 
1.257800 
1.257900 
1.258200 
1.258500 
1.259400 
1.260100 
1.260900 
1.261100 
1.261200 
1.263400 
1.263800 
1.265400 
1.265900 
1.267800 
1.269000 
1.269000 
1.269500 
1.269600 
1.270600 
1.271800 
1.272100 
1.272100 
1.274000 
1.274100 
1.274600 
1.274600 
1.275400 
1.275600 
1.275800 
1.275800 
1.276300 
1.276900 
1.277700 
1.277800 
1.278000 
1.278100 
1.279500 
1.280000 
1.280200 
1.282900 
1.285400 
1.285600 
1.285700 
1.286100 
1.286100 
1.286800 
1.287000 
1.287400 
1.288300 
1.289200 
1.290700 
1.290700 
1.291400 
1.291700 
1.292600 
1.293200 
1.293800 
1.294100 
1.294100 
1.294500 
1.295000 
1.295400 
1.296100 
1.296300 
1.296400 
1.296500 
1.297000 
1.297200 
1.297300 
1.297600 
1.297900 
1.298000 
1.299900 
1.300300 
1.300500 
1.300800 
1.301500 
1.302900 
1.303200 
1.303300 
1.303700 
1.303900 
1.304300 
1.305100 
1.305400 
1.305700 
1.305700 
1.306000 
1.306900 
1.307100 
1.307600 
1.307600 
1.308800 
1.308800 
1.309200 
1.309300 
1.309700 
1.310700 
1.311700 
1.311900 
1.312000 
1.312100 
1.313100 
1.313600 
1.314300 
1.314900 
1.315800 
1.316200 
1.316500 
1.316800 
1.318800 
1.318900 
1.319200 
1.319200 
1.322300 
1.324400 
1.326000 
1.326600 
1.327700 
1.328100 
1.328200 
1.330000 
1.330600 
1.330600 
1.330600 
1.330600 
1.330900 
1.331000 
1.331100 
1.331100 
1.331200 
1.333400 
1.333700 
1.335700 
1.335900 
1.336300 
1.337200 
1.337300 
1.337300 
1.337700 
1.338500 
1.339000 
1.339400 
1.340700 
1.341100 
1.342500 
1.342600 
1.342800 
1.343300 
1.343400 
1.343500 
1.344000 
1.344500 
1.344700 
1.345300 
1.345500 
1.346100 
1.346600 
1.347000 
1.348800 
1.349000 
1.349500 
1.350000 
1.350200 
1.351000 
1.352100 
1.352300 
1.352900 
1.353500 
1.353700 
1.355000 
1.355100 
1.355500 
1.355500 
1.355600 
1.356300 
1.356400 
1.357100 
1.357900 
1.358200 
1.358400 
1.358700 
1.359200 
1.359500 
1.361000 
1.361300 
1.361500 
1.361600 
1.362500 
1.363100 
1.365200 
1.365600 
1.365800 
1.365800 
1.366800 
1.367700 
1.367700 
1.368500 
1.368500 
1.368800 
1.368900 
1.369900 
1.370200 
1.370400 
1.370400 
1.371300 
1.371400 
1.372100 
1.372700 
1.373000 
1.374000 
1.374100 
1.374400 
1.374700 
1.375400 
1.376300 
1.376500 
1.378400 
1.378500 
1.378700 
1.379000 
1.379200 
1.379300 
1.380600 
1.382400 
1.383100 
1.383300 
1.383400 
1.383500 
1.383600 
1.384100 
1.384200 
1.384800 
1.385700 
1.386400 
1.387200 
1.387300 
1.387800 
1.388300 
1.388400 
1.388700 
1.389900 
1.391800 
1.391800 
1.392100 
1.392300 
1.392400 
1.393500 
1.393500 
1.394000 
1.394000 
1.394500 
1.394600 
1.395400 
1.395400 
1.395500 
1.396900 
1.397200 
1.398000 
1.398100 
1.398200 
1.398400 
1.399200 
1.399200 
1.399400 
1.400300 
1.400800 
1.401300 
1.401800 
1.401900 
1.402700 
1.402700 
1.403700 
1.403800 
1.404000 
1.404000 
1.404100 
1.404500 
1.404900 
1.406200 
1.407000 
1.407000 
1.407000 
1.408600 
1.411200 
1.411400 
1.411400 
1.411600 
1.412000 
1.412100 
1.412700 
1.413300 
1.413900 
1.414400 
1.414600 
1.415100 
1.415100 
1.416900 
1.417300 
1.417400 
1.417600 
1.417900 
1.418100 
1.418400 
1.418800 
1.419100 
1.419600 
1.421600 
1.421900 
1.422700 
1.423400 
1.423400 
1.423600 
1.423600 
1.423900 
1.424000 
1.424500 
1.424700 
1.425900 
1.426100 
1.427600 
1.428500 
1.429000 
1.429200 
1.430000 
1.430400 
1.430700 
1.430800 
1.431100 
1.431300 
1.432100 
1.432100 
1.432100 
1.433200 
1.433600 
1.434400 
1.435200 
1.436000 
1.436000 
1.436000 
1.437200 
1.437400 
1.437500 
1.438400 
1.439400 
1.439600 
1.439600 
1.440000 
1.440200 
1.440400 
1.440500 
1.440600 
1.441200 
1.441900 
1.442100 
1.442400 
1.442500 
1.442800 
1.443100 
1.443900 
1.444800 
1.444800 
1.446200 
1.446300 
1.447200 
1.447300 
1.447500 
1.447600 
1.447800 
1.448500 
1.448600 
1.451000 
1.451300 
1.451500 
1.452500 
1.452900 
1.453300 
1.453600 
1.454600 
1.455300 
1.458400 
1.459300 
1.459400 
1.460400 
1.460900 
1.461700 
1.461800 
1.462500 
1.462700 
1.462900 
1.463900 
1.464600 
1.464700 
1.464800 
1.466000 
1.466200 
1.466400 
1.468600 
1.469400 
1.469800 
1.470900 
1.471400 
1.471800 
1.472400 
1.472900 
1.472900 
1.473600 
1.473800 
1.474500 
1.474600 
1.474900 
1.475600 
1.476300 
1.476400 
1.476600 
1.477000 
1.477000 
1.477900 
1.479400 
1.479500 
1.479600 
1.480000 
1.480700 
1.481400 
1.482600 
1.482900 
1.483900 
1.483900 
1.484600 
1.484700 
1.484700 
1.484800 
1.485200 
1.485200 
1.485500 
1.485500 
1.486300 
1.487300 
1.487700 
1.488500 
1.488500 
1.489600 
1.489700 
1.490000 
1.490300 
1.490500 
1.490600 
1.492800 
1.493700 
1.494000 
1.494200 
1.495700 
1.496500 
1.496700 
1.497800 
1.498400 
1.498500 
1.498500 
1.498800 
1.498800 
1.499200 
1.499700 
1.500300 
1.500600 
1.501800 
1.502400 
1.504100 
1.504300 
1.504500 
1.504700 
1.504800 
1.505500 
1.507000 
1.508700 
1.509200 
1.509900 
1.510100 
1.510500 
1.510800 
1.510800 
1.511300 
1.512100 
1.512700 
1.512900 
1.513000 
1.514700 
1.515300 
1.515300 
1.517000 
1.518000 
1.518300 
1.518500 
1.518800 
1.518900 
1.521400 
1.521600 
1.522800 
1.522800 
1.524100 
1.524200 
1.524500 
1.524500 
1.525600 
1.525800 
1.526300 
1.527300 
1.528000 
1.528100 
1.530000 
1.530900 
1.531000 
1.531600 
1.531800 
1.532500 
1.533000 
1.533500 
1.534300 
1.534300 
1.534600 
1.535000 
1.535400 
1.535800 
1.536600 
1.536700 
1.537200 
1.538400 
1.538400 
1.538400 
1.538700 
1.540100 
1.540700 
1.541000 
1.541200 
1.542000 
1.543000 
1.543400 
1.543500 
1.543500 
1.545300 
1.546100 
1.546600 
1.547400 
1.548800 
1.548900 
1.549000 
1.549600 
1.549600 
1.550800 
1.551200 
1.551300 
1.551500 
1.551900 
1.552200 
1.554700 
1.555300 
1.555400 
1.556300 
1.556500 
1.556600 
1.556600 
1.558000 
1.560300 
1.560400 
1.560500 
1.560900 
1.564500 
1.564900 
1.565500 
1.565700 
1.565900 
1.566000 
1.566800 
1.566900 
1.568800 
1.569400 
1.569700 
1.569900 
1.570200 
1.570900 
1.571400 
1.571500 
1.574400 
1.575000 
1.575200 
1.575700 
1.576100 
1.576200 
1.577900 
1.578800 
1.579100 
1.579300 
1.579500 
1.580200 
1.581100 
1.581700 
1.581700 
1.582400 
1.582600 
1.582600 
1.583000 
1.583800 
1.583900 
1.584100 
1.584500 
1.584600 
1.584800 
1.585200 
1.586000 
1.588200 
1.589500 
1.589900 
1.590400 
1.592400 
1.592500 
1.593200 
1.593500 
1.594200 
1.596200 
1.596200 
1.597500 
1.597500 
1.598600 
1.599300 
1.599600 
1.600000 
1.600100 
1.601800 
1.601900 
1.603500 
1.604200 
1.604500 
1.604700 
1.605200 
1.606300 
1.606400 
1.606700 
1.607400 
1.607500 
1.608000 
1.608400 
1.608500 
1.608500 
1.609700 
1.611500 
1.611700 
1.612800 
1.612900 
1.613900 
1.614200 
1.614400 
1.614500 
1.614600 
1.615600 
1.615600 
1.617900 
1.618700 
1.619500 
1.619900 
1.620100 
1.620200 
1.620300 
1.621000 
1.622200 
1.622700 
1.622900 
1.623500 
1.624600 
1.624800 
1.624900 
1.625000 
1.626100 
1.626700 
1.626900 
1.627000 
1.627400 
1.627500 
1.627900 
1.628200 
1.628400 
1.628800 
1.629900 
1.631000 
1.631000 
1.631600 
1.631900 
1.632000 
1.632100 
1.632700 
1.633500 
1.633700 
1.634500 
1.634800 
1.635000 
1.636100 
1.637400 
1.637700 
1.637800 
1.638000 
1.638800 
1.638900 
1.640300 
1.640600 
1.641000 
1.641700 
1.641900 
1.642300 
1.642400 
1.642400 
1.642800 
1.643100 
1.643300 
1.643700 
1.643900 
1.644100 
1.644100 
1.644800 
1.645100 
1.645600 
1.645700 
1.646300 
1.646700 
1.646900 
1.651700 
1.652600 
1.653100 
1.653300 
1.653300 
1.655100 
1.656900 
1.657800 
1.657900 
1.658400 
1.658500 
1.658800 
1.659200 
1.660700 
1.661000 
1.661000 
1.661500 
1.661600 
1.662700 
1.663100 
1.664300 
1.664400 
1.664900 
1.666500 
1.667000 
1.667300 
1.667400 
1.667600 
1.667700 
1.667900 
1.668200 
1.668900 
1.669800 
1.671200 
1.671500 
1.672000 
1.673700 
1.674100 
1.675000 
1.675000 
1.676800 
1.677600 
1.679400 
1.679600 
1.680100 
1.680300 
1.681100 
1.681500 
1.681600 
1.681800 
1.682100 
1.682800 
1.683000 
1.684200 
1.684600 
1.684700 
1.684900 
1.685900 
1.686200 
1.686400 
1.686500 
1.688000 
1.688700 
1.688700 
1.689300 
1.690000 
1.690400 
1.690700 
1.691900 
1.693100 
1.693200 
1.693900 
1.694300 
1.694500 
1.695600 
1.696200 
1.696200 
1.696300 
1.696500 
1.696900 
1.697500 
1.698100 
1.698100 
1.698100 
1.699300 
1.699500 
1.699500 
1.700200 
1.700900 
1.701300 
1.701600 
1.701700 
1.702600 
1.703200 
1.704000 
1.704000 
1.704400 
1.704500 
1.706400 
1.706400 
1.707000 
1.707900 
1.708100 
1.709000 
1.709200 
1.709300 
1.709700 
1.711200 
1.711600 
1.711900 
1.712300 
1.713500 
1.714000 
1.714600 
1.714700 
1.716500 
1.716900 
1.717200 
1.717400 
1.717500 
1.717800 
1.720000 
1.721300 
1.722800 
1.722900 
1.723100 
1.723100 
1.723800 
1.725000 
1.725400 
1.727000 
1.728100 
1.729000 
1.729900 
1.731200 
1.731800 
1.732300 
1.732400 
1.732400 
1.732600 
1.732700 
1.733900 
1.734100 
1.735500 
1.735900 
1.736800 
1.737000 
1.737100 
1.737600 
1.738500 
1.738500 
1.739100 
1.739700 
1.739900 
1.741000 
1.741700 
1.742500 
1.742600 
1.742900 
1.744600 
1.744900 
1.745100 
1.745200 
1.747000 
1.747300 
1.747600 
1.748900 
1.750000 
1.750600 
1.750600 
1.751000 
1.751600 
1.752200 
1.752300 
1.753100 
1.753400 
1.754500 
1.755000 
1.755900 
1.756200 
1.756500 
1.756900 
1.757900 
1.758600 
1.758600 
1.758800 
1.759000 
1.759700 
1.759900 
1.760100 
1.760600 
1.760700 
1.761100 
1.761500 
1.762100 
1.762300 
1.762800 
1.762800 
1.763100 
1.763600 
1.766900 
1.766900 
1.767800 
1.768000 
1.768500 
1.769700 
1.770100 
1.770200 
1.771200 
1.771600 
1.772700 
1.774600 
1.775700 
1.775700 
1.775900 
1.778700 
1.778900 
1.779100 
1.779200 
1.779300 
1.780200 
1.780600 
1.780700 
1.781000 
1.781400 
1.782000 
1.782000 
1.782500 
1.783900 
1.785000 
1.785000 
1.786100 
1.786600 
1.787000 
1.787500 
1.787600 
1.788500 
1.788600 
1.789000 
1.790300 
1.790400 
1.791000 
1.791600 
1.792000 
1.792000 
1.792900 
1.792900 
1.793000 
1.793700 
1.794600 
1.795400 
1.795400 
1.795500 
1.796100 
1.797300 
1.798000 
1.799000 
1.799200 
1.799600 
1.799800 
1.800300 
1.802400 
1.803100 
1.803800 
1.804000 
1.804500 
1.805100 
1.805500 
1.805600 
1.806500 
1.807300 
1.807800 
1.809000 
1.809400 
1.810800 
1.810900 
1.811700 
1.812700 
1.812800 
1.813100 
1.814500 
1.815600 
1.816200 
1.816500 
1.816900 
1.817000 
1.817300 
1.817600 
1.818000 
1.818100 
1.818800 
1.819500 
1.819600 
1.820000 
1.820200 
1.820300 
1.820600 
1.820700 
1.821100 
1.821400 
1.822100 
1.822300 
1.823200 
1.823600 
1.823800 
1.825300 
1.825800 
1.825900 
1.826100 
1.826500 
1.828900 
1.829100 
1.829100 
1.829700 
1.829800 
1.831100 
1.831100 
1.832800 
1.833000 
1.833100 
1.833500 
1.834200 
1.834500 
1.834600 
1.835800 
1.836100 
1.836900 
1.836900 
1.837200 
1.837300 
1.838100 
1.838200 
1.838300 
1.839400 
1.839600 
1.839700 
1.841200 
1.841300 
1.841400 
1.842000 
1.842300 
1.843000 
1.843100 
1.843200 
1.844600 
1.845000 
1.845500 
1.845700 
1.846100 
1.846100 
1.846500 
1.848200 
1.848500 
1.848500 
1.848700 
1.848800 
1.849400 
1.849500 
1.849500 
1.849600 
1.849600 
1.849600 
1.849800 
1.850600 
1.850700 
1.850800 
1.851500 
1.852300 
1.855100 
1.855600 
1.856400 
1.856600 
1.856700 
1.858000 
1.859600 
1.860700 
1.860800 
1.860800 
1.861200 
1.861900 
1.862100 
1.862300 
1.862700 
1.862700 
1.863700 
1.863900 
1.864100 
1.864800 
1.867000 
1.867300 
1.867300 
1.867400 
1.867600 
1.867900 
1.868800 
1.869800 
1.869800 
1.870200 
1.870600 
1.870600 
1.871100 
1.871800 
1.871900 
1.872200 
1.872700 
1.872900 
1.873000 
1.873400 
1.874200 
1.874300 
1.876200 
1.876600 
1.876800 
1.877500 
1.877600 
1.878500 
1.879400 
1.880600 
1.880600 
1.880700 
1.880700 
1.880800 
1.881100 
1.881300 
1.881400 
1.882500 
1.882600 
1.883000 
1.883500 
1.883700 
1.883900 
1.884500 
1.884600 
1.884900 
1.885400 
1.885900 
1.886400 
1.886700 
1.886900 
1.887200 
1.888300 
1.888800 
1.889500 
1.890000 
1.890200 
1.890700 
1.892100 
1.892500 
1.892600 
1.893400 
1.893800 
1.895200 
1.895900 
1.896600 
1.896900 
1.896900 
1.897000 
1.897400 
1.897600 
1.898200 
1.899400 
1.899500 
1.900100 
1.900700 
1.901500 
1.902200 
1.903600 
1.903600 
1.903800 
1.904100 
1.904200 
1.904300 
1.904600 
1.905100 
1.905300 
1.905500 
1.906300 
1.906300 
1.907100 
1.907700 
1.908400 
1.908600 
1.909000 
1.910400 
1.910700 
1.910900 
1.912200 
1.912400 
1.912600 
1.914400 
1.914500 
1.914600 
1.914600 
1.915500 
1.916100 
1.916500 
1.916600 
1.917200 
1.919100 
1.919200 
1.919300 
1.919700 
1.921300 
1.922200 
1.923000 
1.923200 
1.923400 
1.924500 
1.924600 
1.927300 
1.927900 
1.929000 
1.929000 
1.929100 
1.929100 
1.929300 
1.929600 
1.930100 
1.930400 
1.930800 
1.931000 
1.931400 
1.931700 
1.931700 
1.932200 
1.932500 
1.932500 
1.933100 
1.933100 
1.935700 
1.935800 
1.935900 
1.936600 
1.936900 
1.937000 
1.938200 
1.938600 
1.938800 
1.939200 
1.940100 
1.940400 
1.941000 
1.941800 
1.943100 
1.943500 
1.944200 
1.944500 
1.944700 
1.945700 
1.946600 
1.947700 
1.948000 
1.948000 
1.948400 
1.949300 
1.949400 
1.949900 
1.950400 
1.950700 
1.951100 
1.951900 
1.953000 
1.954700 
1.955900 
1.956200 
1.956500 
1.957300 
1.957600 
1.958000 
1.958600 
1.960200 
1.960300 
1.960300 
1.960400 
1.960500 
1.961100 
1.961300 
1.961400 
1.961500 
1.963800 
1.964200 
1.965000 
1.965200 
1.965800 
1.965900 
1.966200 
1.966300 
1.966900 
1.967800 
1.969300 
1.970000 
1.970800 
1.972000 
1.972000 
1.972400 
1.973000 
1.973200 
1.974300 
1.975500 
1.975700 
1.975900 
1.976000 
1.976500 
1.977800 
1.980000 
1.980200 
1.980700 
1.980700 
1.981800 
1.982100 
1.984200 
1.984800 
1.985100 
1.985500 
1.986400 
1.986500 
1.987000 
1.987100 
1.988400 
1.988700 
1.989700 
1.990500 
1.992500 
1.993600 
1.994000 
1.994500 
1.994600 
1.994700 
1.995200 
1.995900 
1.996500 
1.996600 
2.001700 
2.003000 
2.005200 
2.005600 
2.005700 
2.006500 
2.006900 
2.008100 
2.008200 
2.008200 
2.008800 
2.009000 
2.009700 
2.011200 
2.011300 
2.011600 
2.011700 
2.011800 
2.012300 
2.012300 
2.012400 
2.012500 
2.014100 
2.015100 
2.015400 
2.015700 
2.015900 
2.016800 
2.017300 
2.018000 
2.018700 
2.018700 
2.019200 
2.019500 
2.019500 
2.019800 
2.021900 
2.021900 
2.022000 
2.022700 
2.023200 
2.024600 
2.025200 
2.025900 
2.026300 
2.026900 
2.027300 
2.027800 
2.029700 
2.029700 
2.030600 
2.031100 
2.034200 
2.034400 
2.034500 
2.035000 
2.036100 
2.036100 
2.036600 
2.037100 
2.037400 
2.037800 
2.038200 
2.039500 
2.040200 
2.040200 
2.040700 
2.041100 
2.041700 
2.042600 
2.043100 
2.043900 
2.045000 
2.045700 
2.046900 
2.047300 
2.048700 
2.049200 
2.049300 
2.049500 
2.051700 
2.052300 
2.053000 
2.053100 
2.053600 
2.053900 
2.054300 
2.054900 
2.055300 
2.055900 
2.056300 
2.057200 
2.057500 
2.058900 
2.059600 
2.059900 
2.060300 
2.060600 
2.060600 
2.060900 
2.060900 
2.062100 
2.062500 
2.062600 
2.062600 
2.062600 
2.062800 
2.062800 
2.063100 
2.063600 
2.063800 
2.063900 
2.064300 
2.064600 
2.064900 
2.065100 
2.065700 
2.066300 
2.066500 
2.066600 
2.067800 
2.068000 
2.068600 
2.069700 
2.069700 
2.071400 
2.071800 
2.072600 
2.074100 
2.074200 
2.074600 
2.074700 
2.074900 
2.075200 
2.075500 
2.075800 
2.077800 
2.078500 
2.078900 
2.079000 
2.079700 
2.079700 
2.080100 
2.080200 
2.080400 
2.080700 
2.081700 
2.082800 
2.083600 
2.086500 
2.087100 
2.087400 
2.087700 
2.088800 
2.089800 
2.090800 
2.091300 
2.091400 
2.091900 
2.091900 
2.092000 
2.092500 
2.094200 
2.094800 
2.095600 
2.095600 
2.096300 
2.097100 
2.097800 
2.098200 
2.098400 
2.099600 
2.100700 
2.101800 
2.101900 
2.102000 
2.102900 
2.103100 
2.103400 
2.103700 
2.103900 
2.104300 
2.104600 
2.104800 
2.105000 
2.105600 
2.105800 
2.105900 
2.106300 
2.106500 
2.106700 
2.107700 
2.107900 
2.109600 
2.109700 
2.109900 
2.110000 
2.110100 
2.110700 
2.110800 
2.112100 
2.113000 
2.113300 
2.113300 
2.113600 
2.115300 
2.115500 
2.115500 
2.115500 
2.116700 
2.118100 
2.118300 
2.118700 
2.118800 
2.118900 
2.118900 
2.119300 
2.119600 
2.120000 
2.120300 
2.121400 
2.121900 
2.123600 
2.123700 
2.124700 
2.124900 
2.129600 
2.130300 
2.131200 
2.132100 
2.132500 
2.132800 
2.133100 
2.133800 
2.134200 
2.134500 
2.134600 
2.135500 
2.135700 
2.136300 
2.136400 
2.136500 
2.138200 
2.138400 
2.138700 
2.139500 
2.139700 
2.139900 
2.139900 
2.140600 
2.141000 
2.141400 
2.142100 
2.142200 
2.142300 
2.142500 
2.142700 
2.142800 
2.142800 
2.143400 
2.143500 
2.143900 
2.145600 
2.146000 
2.148200 
2.148400 
2.148900 
2.149700 
2.150000 
2.150200 
2.151300 
2.151500 
2.151600 
2.152100 
2.152400 
2.153500 
2.153700 
2.154500 
2.154800 
2.155500 
2.155600 
2.156100 
2.156400 
2.156500 
2.156900 
2.159200 
2.159200 
2.161400 
2.162200 
2.162700 
2.162800 
2.163100 
2.163600 
2.165700 
2.166000 
2.167700 
2.168200 
2.169300 
2.170100 
2.170100 
2.170300 
2.170700 
2.171400 
2.171800 
2.172500 
2.172600 
2.172700 
2.172800 
2.172900 
2.174500 
2.175000 
2.175500 
2.176200 
2.177300 
2.177800 
2.179100 
2.179700 
2.179700 
2.179800 
2.180600 
2.181700 
2.181800 
2.182000 
2.182600 
2.183800 
2.185100 
2.185400 
2.185800 
2.186400 
2.187000 
2.187700 
2.188500 
2.188900 
2.190100 
2.190700 
2.190800 
2.190800 
2.191100 
2.191900 
2.191900 
2.193300 
2.193400 
2.193700 
2.194100 
2.194100 
2.194200 
2.195500 
2.196200 
2.199500 
2.200000 
2.200800 
2.200900 
2.203500 
2.203800 
2.204800 
2.206200 
2.206300 
2.206500 
2.206700 
2.206800 
2.208200 
2.208900 
2.209400 
2.209500 
2.211000 
2.211300 
2.212200 
2.212800 
2.213000 
2.214700 
2.216800 
2.217100 
2.217900 
2.218100 
2.221300 
2.221900 
2.222100 
2.222200 
2.222600 
2.223600 
2.223700 
2.224500 
2.227000 
2.227400 
2.228300 
2.230100 
2.230500 
2.231300 
2.231700 
2.232400 
2.234000 
2.234200 
2.234500 
2.234600 
2.234700 
2.235800 
2.235800 
2.236800 
2.236900 
2.239000 
2.239500 
2.239700 
2.239800 
2.242000 
2.243500 
2.244100 
2.244400 
2.244500 
2.245200 
2.245300 
2.246100 
2.247800 
2.247800 
2.248100 
2.248500 
2.249300 
2.249600 
2.250100 
2.250300 
2.251900 
2.252700 
2.253300 
2.255000 
2.255500 
2.255900 
2.256000 
2.256200 
2.256600 
2.257000 
2.257400 
2.257600 
2.257900 
2.258300 
2.258600 
2.259800 
2.260600 
2.261000 
2.261100 
2.262300 
2.262300 
2.263100 
2.263800 
2.264800 
2.266100 
2.266500 
2.266800 
2.267000 
2.268000 
2.269000 
2.269800 
2.270800 
2.271700 
2.272600 
2.272900 
2.274000 
2.274300 
2.274500 
2.274800 
2.274900 
2.275300 
2.275400 
2.275500 
2.275700 
2.275700 
2.276400 
2.276600 
2.276600 
2.277500 
2.278800 
2.279300 
2.279800 
2.280400 
2.280400 
2.280600 
2.282900 
2.282900 
2.283300 
2.283800 
2.284800 
2.285300 
2.285700 
2.285800 
2.286900 
2.287200 
2.288300 
2.289300 
2.291100 
2.291900 
2.292700 
2.293000 
2.293000 
2.294700 
2.296200 
2.296900 
2.297000 
2.297500 
2.299000 
2.299900 
2.301000 
2.301500 
2.301500 
2.302800 
2.303500 
2.303900 
2.304100 
2.304500 
2.304900 
2.305000 
2.305200 
2.305600 
2.305800 
2.305900 
2.306000 
2.306200 
2.306400 
2.306400 
2.306700 
2.307300 
2.309200 
2.309800 
2.309800 
2.310200 
2.310700 
2.312300 
2.312700 
2.313600 
2.313700 
2.314500 
2.314600 
2.314800 
2.315900 
2.316200 
2.317300 
2.317500 
2.317700 
2.318000 
2.318000 
2.319000 
2.320700 
2.321300 
2.321800 
2.322700 
2.323300 
2.323800 
2.323800 
2.324900 
2.325200 
2.326200 
2.326300 
2.327100 
2.327200 
2.327400 
2.327800 
2.328000 
2.328100 
2.328200 
2.328900 
2.329400 
2.330700 
2.331200 
2.331700 
2.332600 
2.332700 
2.333900 
2.334000 
2.334600 
2.336200 
2.336400 
2.338000 
2.338300 
2.338900 
2.340700 
2.340700 
2.341100 
2.341800 
2.341900 
2.342400 
2.343100 
2.343400 
2.345000 
2.345100 
2.345100 
2.345400 
2.346400 
2.346600 
2.346900 
2.347600 
2.348300 
2.348500 
2.348700 
2.348800 
2.349400 
2.349500 
2.350400 
2.351700 
2.352200 
2.352800 
2.353200 
2.353300 
2.355100 
2.355200 
2.355300 
2.356500 
2.356500 
2.356800 
2.357600 
2.357600 
2.357800 
2.359700 
2.360700 
2.360800 
2.361500 
2.362500 
2.363000 
2.363200 
2.364800 
2.365100 
2.365200 
2.366400 
2.366800 
2.367100 
2.368000 
2.368200 
2.368500 
2.368500 
2.370100 
2.370800 
2.371600 
2.373400 
2.373400 
2.373500 
2.375900 
2.376800 
2.377500 
2.378000 
2.378800 
2.381600 
2.382900 
2.385800 
2.387600 
2.387800 
2.387900 
2.388400 
2.388500 
2.389900 
2.390200 
2.390600 
2.392100 
2.392300 
2.394300 
2.395400 
2.395500 
2.397200 
2.397500 
2.398900 
2.398900 
2.399500 
2.400200 
2.400400 
2.400500 
2.400800 
2.402000 
2.402200 
2.402600 
2.403500 
2.404100 
2.404100 
2.404400 
2.405100 
2.405600 
2.406000 
2.406600 
2.407300 
2.410800 
2.410900 
2.411600 
2.415000 
2.415000 
2.415300 
2.415400 
2.415800 
2.416100 
2.416500 
2.417800 
2.420400 
2.421400 
2.421600 
2.422100 
2.422400 
2.422400 
2.423000 
2.423400 
2.423600 
2.424500 
2.424700 
2.424800 
2.424900 
2.425800 
2.425900 
2.426800 
2.427200 
2.427700 
2.428300 
2.428500 
2.429300 
2.430800 
2.432400 
2.432800 
2.435700 
2.436000 
2.436300 
2.436700 
2.436900 
2.437200 
2.437700 
2.438000 
2.438500 
2.438500 
2.439000 
2.439800 
2.440300 
2.440300 
2.440700 
2.442000 
2.443300 
2.443600 
2.443900 
2.444500 
2.444900 
2.445000 
2.445600 
2.445800 
2.445900 
2.446400 
2.447100 
2.447200 
2.447200 
2.448400 
2.448900 
2.449300 
2.449500 
2.451200 
2.451400 
2.451500 
2.451600 
2.452100 
2.452100 
2.452700 
2.452700 
2.452900 
2.453100 
2.453400 
2.455400 
2.456400 
2.457800 
2.458100 
2.459100 
2.459200 
2.460200 
2.462600 
2.462700 
2.463400 
2.463600 
2.463600 
2.464300 
2.464300 
2.464800 
2.465100 
2.465400 
2.467100 
2.467200 
2.467300 
2.467800 
2.468000 
2.468100 
2.468700 
2.469500 
2.470200 
2.470300 
2.470500 
2.470600 
2.472000 
2.472000 
2.472200 
2.472800 
2.472900 
2.472900 
2.473100 
2.473200 
2.474000 
2.474200 
2.474300 
2.474800 
2.476800 
2.477000 
2.477500 
2.481500 
2.482200 
2.482900 
2.482900 
2.483400 
2.483900 
2.485600 
2.485900 
2.486000 
2.487000 
2.488000 
2.488000 
2.488200 
2.488400 
2.488500 
2.488700 
2.489000 
2.489200 
2.489900 
2.490200 
2.490300 
2.491000 
2.491300 
2.492000 
2.492100 
2.492300 
2.492700 
2.492700 
2.493000 
2.493300 
2.493600 
2.493600 
2.493800 
2.493900 
2.494400 
2.494500 
2.495700 
2.495700 
2.495900 
2.496500 
2.496500 
2.496600 
2.498300 
2.498700 
2.498800 
2.499500 
2.499600 
2.500200 
2.500200 
2.501200 
2.501500 
2.501600 
2.501700 
2.503100 
2.503600 
2.503900 
2.505700 
2.507100 
2.507700 
2.507700 
2.508000 
2.508600 
2.508600 
2.509600 
2.509900 
2.509900 
2.510200 
2.510900 
2.511400 
2.511500 
2.511900 
2.512400 
2.513100 
2.513200 
2.513200 
2.513300 
2.514100 
2.515100 
2.515300 
2.515700 
2.516600 
2.516800 
2.517200 
2.517500 
2.518200 
2.518200 
2.520200 
2.520500 
2.520600 
2.521100 
2.521700 
2.522700 
2.524200 
2.525100 
2.525700 
2.526300 
2.526500 
2.527000 
2.527000 
2.527400 
2.528200 
2.528300 
2.528800 
2.528900 
2.529400 
2.529600 
2.529600 
2.530200 
2.530400 
2.530800 
2.531100 
2.531800 
2.532100 
2.532200 
2.532700 
2.533200 
2.533300 
2.533300 
2.533400 
2.534600 
2.534700 
2.535200 
2.538200 
2.538600 
2.538600 
2.538600 
2.538700 
2.539300 
2.540600 
2.541900 
2.543500 
2.543900 
2.544500 
2.545100 
2.545700 
2.547100 
2.547100 
2.547600 
2.548700 
2.548700 
2.549000 
2.549100 
2.549300 
2.550600 
2.550900 
2.551600 
2.551600 
2.552300 
2.552500 
2.552600 
2.553200 
2.553300 
2.553900 
2.554800 
2.555700 
2.556300 
2.556500 
2.556600 
2.556900 
2.557800 
2.558600 
2.558700 
2.559100 
2.559300 
2.559800 
2.560200 
2.560600 
2.560900 
2.561600 
2.561600 
2.563100 
2.563500 
2.564400 
2.564700 
2.565800 
2.566500 
2.567500 
2.567700 
2.568000 
2.568200 
2.568500 
2.569000 
2.569300 
2.569700 
2.569800 
2.571200 
2.571600 
2.571900 
2.572000 
2.572400 
2.573000 
2.573800 
2.574000 
2.574000 
2.574200 
2.574600 
2.576600 
2.576600 
2.576900 
2.577000 
2.577000 
2.577000 
2.577100 
2.577400 
2.578500 
2.578700 
2.578700 
2.579100 
2.579300 
2.579700 
2.579800 
2.579900 
2.580400 
2.581600 
2.581800 
2.582800 
2.583900 
2.584700 
2.584800 
2.584800 
2.585100 
2.585300 
2.585700 
2.585800 
2.587100 
2.588200 
2.588500 
2.588900 
2.589900 
2.590500 
2.591800 
2.592000 
2.592300 
2.592900 
2.594100 
2.594100 
2.594800 
2.595800 
2.595800 
2.596600 
2.597500 
2.597500 
2.597600 
2.599000 
2.599200 
2.599200 
2.599700 
2.600300 
2.600800 
2.601100 
2.601800 
2.601900 
2.602100 
2.603200 
2.603400 
2.603500 
2.604200 
2.604700 
2.605300 
2.605400 
2.605900 
2.606000 
2.607300 
2.607300 
2.607700 
2.607900 
2.608200 
2.608400 
2.608400 
2.609000 
2.609900 
2.610000 
2.610100 
2.610300 
2.610400 
2.610900 
2.612400 
2.612500 
2.612600 
2.612700 
2.613100 
2.614200 
2.615400 
2.616100 
2.616600 
2.617000 
2.617500 
2.617900 
2.620500 
2.621200 
2.621700 
2.623700 
2.623800 
2.625100 
2.625200 
2.625300 
2.627000 
2.628300 
2.628400 
2.629000 
2.629100 
2.629200 
2.630600 
2.630700 
2.631100 
2.631700 
2.631700 
2.631800 
2.632100 
2.632600 
2.632700 
2.633000 
2.633100 
2.633400 
2.634100 
2.634200 
2.634600 
2.635000 
2.635100 
2.635900 
2.636400 
2.637600 
2.637800 
2.637800 
2.638300 
2.639300 
2.639400 
2.640500 
2.640600 
2.640600 
2.642500 
2.642700 
2.643200 
2.646800 
2.647100 
2.650000 
2.650600 
2.650900 
2.650900 
2.650900 
2.652200 
2.652500 
2.653500 
2.654700 
2.654800 
2.655000 
2.656000 
2.656900 
2.657000 
2.657200 
2.657300 
2.658400 
2.658500 
2.658600 
2.659200 
2.659500 
2.659900 
2.660000 
2.661100 
2.662600 
2.664100 
2.664100 
2.664100 
2.665100 
2.665400 
2.665900 
2.666200 
2.666300 
2.666500 
2.667200 
2.667300 
2.668500 
2.668900 
2.669400 
2.671800 
2.673500 
2.673600 
2.673700 
2.673900 
2.675300 
2.675400 
2.675800 
2.676100 
2.676600 
2.676700 
2.676700 
2.676800 
2.677800 
2.680000 
2.680800 
2.681100 
2.681500 
2.682000 
2.682500 
2.683100 
2.683400 
2.683600 
2.683900 
2.686600 
2.686700 
2.687400 
2.687400 
2.687800 
2.688400 
2.688800 
2.688900 
2.689000 
2.689800 
2.690000 
2.691300 
2.691600 
2.691900 
2.693800 
2.694000 
2.694400 
2.694900 
2.695600 
2.696000 
2.697500 
2.698500 
2.699400 
2.699600 
2.701000 
2.701600 
2.703200 
2.703200 
2.704400 
2.705200 
2.705700 
2.706100 
2.708500 
2.708600 
2.709000 
2.710200 
2.710600 
2.711000 
2.711400 
2.711800 
2.712800 
2.713100 
2.714000 
2.714100 
2.714300 
2.714400 
2.715400 
2.715700 
2.715800 
2.716600 
2.717100 
2.718400 
2.718800 
2.719000 
2.719300 
2.720100 
2.720700 
2.720800 
2.721800 
2.722200 
2.724800 
2.725800 
2.726000 
2.726600 
2.727600 
2.727900 
2.728800 
2.728800 
2.729400 
2.730000 
2.730000 
2.730800 
2.730800 
2.731400 
2.731600 
2.733000 
2.735300 
2.735500 
2.735500 
2.735900 
2.735900 
2.736000 
2.736200 
2.736900 
2.737800 
2.738600 
2.738700 
2.738800 
2.738900 
2.741200 
2.741700 
2.742600 
2.743200 
2.743200 
2.743300 
2.743600 
2.743800 
2.744100 
2.744200 
2.745200 
2.747700 
2.748600 
2.749100 
2.749500 
2.749700 
2.749900 
2.750700 
2.752000 
2.752500 
2.752700 
2.753900 
2.754000 
2.754600 
2.754800 
2.754900 
2.756000 
2.758300 
2.759700 
2.760200 
2.760300 
2.761100 
2.762000 
2.762900 
2.763200 
2.763600 
2.763800 
2.764800 
2.764800 
2.765700 
2.765800 
2.769200 
2.770800 
2.771300 
2.771400 
2.771500 
2.772000 
2.772300 
2.772500 
2.774200 
2.774500 
2.774500 
2.775100 
2.775500 
2.776200 
2.778300 
2.779600 
2.780400 
2.780900 
2.781400 
2.781500 
2.782000 
2.783000 
2.783500 
2.784700 
2.785300 
2.785800 
2.785900 
2.786000 
2.786300 
2.787800 
2.788400 
2.789200 
2.789300 
2.789400 
2.790000 
2.790400 
2.790600 
2.791200 
2.791200 
2.791700 
2.792400 
2.792600 
2.794400 
2.795500 
2.798300 
2.801500 
2.801600 
2.801800 
2.802100 
2.802100 
2.802600 
2.803500 
2.803800 
2.803900 
2.804300 
2.806100 
2.806400 
2.806900 
2.806900 
2.807600 
2.807800 
2.808000 
2.808800 
2.809100 
2.809500 
2.809500 
2.809900 
2.810400 
2.810700 
2.810800 
2.810800 
2.811900 
2.812100 
2.813400 
2.813900 
2.816200 
2.816300 
2.816300 
2.818300 
2.819300 
2.820000 
2.820300 
2.820900 
2.821700 
2.821900 
2.823400 
2.823600 
2.823900 
2.824800 
2.825500 
2.826700 
2.826800 
2.827100 
2.828500 
2.829800 
2.830200 
2.831100 
2.831200 
2.831600 
2.831800 
2.832600 
2.833300 
2.833700 
2.834500 
2.834900 
2.835200 
2.835500 
2.835600 
2.836000 
2.836000 
2.836200 
2.836200 
2.837900 
2.837900 
2.838000 
2.838100 
2.839100 
2.839600 
2.839700 
2.840300 
2.840700 
2.840900 
2.841100 
2.841300 
2.842000 
2.843400 
2.843900 
2.844000 
2.844100 
2.846100 
2.846100 
2.846400 
2.846700 
2.847500 
2.847700 
2.847800 
2.848200 
2.849500 
2.849600 
2.849900 
2.851100 
2.852000 
2.853100 
2.853100 
2.853800 
2.854000 
2.854100 
2.855100 
2.855400 
2.855400 
2.855500 
2.855500 
2.855700 
2.856200 
2.858000 
2.858500 
2.859200 
2.859800 
2.860300 
2.860700 
2.860800 
2.860800 
2.860900 
2.861500 
2.861600 
2.861800 
2.862800 
2.862800 
2.863200 
2.863200 
2.863300 
2.863500 
2.865500 
2.865900 
2.866400 
2.866500 
2.866600 
2.867400 
2.867700 
2.867900 
2.871200 
2.873000 
2.873100 
2.874800 
2.875400 
2.876000 
2.876300 
2.876700 
2.876700 
2.877600 
2.878300 
2.878600 
2.878800 
2.879000 
2.879500 
2.879600 
2.879700 
2.880700 
2.880700 
2.880900 
2.881100 
2.881200 
2.882300 
2.882500 
2.883400 
2.883500 
2.883600 
2.883800 
2.883900 
2.884300 
2.884400 
2.884400 
2.884800 
2.886600 
2.886600 
2.887200 
2.887300 
2.888400 
2.888500 
2.889500 
2.890000 
2.890500 
2.890600 
2.890900 
2.891200 
2.891700 
2.892500 
2.892800 
2.893300 
2.893600 
2.893700 
2.894000 
2.895200 
2.896200 
2.896800 
2.897000 
2.897700 
2.897800 
2.898800 
2.898800 
2.899000 
2.900100 
2.900100 
2.900600 
2.900600 
2.901300 
2.902300 
2.902300 
2.902800 
2.903100 
2.903200 
2.903300 
2.904100 
2.904100 
2.904400 
2.905100 
2.906800 
2.907000 
2.908800 
2.909700 
2.910100 
2.910600 
2.910600 
2.912300 
2.912500 
2.913600 
2.915300 
2.915500 
2.917100 
2.920400 
2.920500 
2.923400 
2.923600 
2.923900 
2.924500 
2.924800 
2.925600 
2.926600 
2.927100 
2.927400 
2.927900 
2.928000 
2.929100 
2.929400 
2.929700 
2.930100 
2.930200 
2.930300 
2.930500 
2.931100 
2.931500 
2.932700 
2.932900 
2.933600 
2.934100 
2.934300 
2.934300 
2.934400 
2.935200 
2.935400 
2.935800 
2.936100 
2.936100 
2.936500 
2.936700 
2.937300 
2.938300 
2.938900 
2.939200 
2.940700 
2.941300 
2.941700 
2.942000 
2.942000 
2.942200 
2.942500 
2.942700 
2.942900 
2.942900 
2.943700 
2.943800 
2.943900 
2.944400 
2.945300 
2.945800 
2.946000 
2.947900 
2.948000 
2.949000 
2.949200 
2.950000 
2.950200 
2.950900 
2.951200 
2.951800 
2.952300 
2.953300 
2.954100 
2.954400 
2.954700 
2.955200 
2.955400 
2.955500 
2.956300 
2.956400 
2.956500 
2.957000 
2.957900 
2.958700 
2.959200 
2.959400 
2.960300 
2.960700 
2.962200 
2.962600 
2.963100 
2.963300 
2.963700 
2.963900 
2.964000 
2.964300 
2.964700 
2.964900 
2.965800 
2.966100 
2.966700 
2.967000 
2.967300 
2.967500 
2.967700 
2.968800 
2.969000 
2.969200 
2.969700 
2.969800 
2.969900 
2.970300 
2.970700 
2.970700 
2.971000 
2.971600 
2.972300 
2.972400 
2.972600 
2.973300 
2.975400 
2.977900 
2.979100 
2.979800 
2.980400 
2.982700 
2.982900 
2.983600 
2.984600 
2.984700 
2.985000 
2.985300 
2.986200 
2.986600 
2.987100 
2.988000 
2.988000 
2.988300 
2.989000 
2.989100 
2.990200 
2.990500 
2.991100 
2.993700 
2.993900 
2.994100 
2.995100 
2.995600 
2.998700 
2.999400 
2.999500 
