0.013200 
0.022000 
0.025000 
0.027900 
0.029100 
0.030300 
0.031400 
0.032500 
0.032600 
0.033600 
0.034100 
0.034800 
0.034900 
0.035900 
0.036000 
0.037200 
0.037400 
0.040600 
0.041300 
0.042700 
0.043600 
0.046700 
0.047100 
0.049400 
0.049700 
0.050900 
0.051700 
0.052300 
0.052400 
0.053000 
0.053300 
0.054000 
0.054400 
0.054500 
0.055700 
0.057200 
0.057400 
0.059900 
0.060000 
0.061000 
0.061100 
0.061200 
0.061500 
0.062100 
0.063900 
0.065300 
0.068800 
0.069100 
0.070100 
0.071600 
0.071700 
0.072200 
0.072800 
0.074800 
0.075000 
0.075600 
0.075800 
0.076300 
0.076800 
0.077600 
0.078200 
0.080200 
0.080300 
0.080700 
0.081700 
0.082000 
0.082300 
0.082400 
0.083000 
0.084000 
0.085700 
0.086700 
0.087200 
0.088300 
0.088500 
0.088600 
0.091200 
0.092700 
0.093000 
0.093300 
0.093700 
0.094000 
0.094500 
0.094500 
0.097000 
0.097300 
0.097400 
0.098200 
0.098400 
0.098400 
0.098500 
0.104900 
0.105400 
0.105900 
0.105900 
0.106100 
0.109100 
0.109400 
0.110200 
0.110400 
0.111200 
0.111500 
0.111900 
0.112100 
0.112400 
0.112900 
0.113200 
0.115400 
0.115500 
0.115800 
0.116700 
0.117600 
0.117700 
0.119000 
0.119200 
0.119200 
0.120400 
0.122400 
0.123300 
0.123500 
0.123600 
0.124100 
0.124400 
0.124400 
0.124600 
0.125600 
0.125700 
0.126700 
0.127700 
0.129400 
0.129500 
0.130100 
0.130100 
0.130700 
0.131000 
0.133300 
0.134500 
0.134700 
0.135300 
0.135600 
0.135600 
0.135800 
0.135800 
0.136300 
0.136600 
0.137200 
0.138100 
0.138100 
0.138200 
0.138300 
0.138300 
0.140600 
0.140900 
0.142000 
0.142400 
0.142600 
0.142700 
0.143200 
0.144700 
0.145900 
0.147300 
0.147300 
0.148500 
0.149500 
0.149800 
0.149800 
0.150000 
0.150900 
0.151200 
0.151300 
0.153100 
0.153200 
0.153300 
0.153300 
0.153600 
0.154600 
0.156300 
0.156300 
0.156500 
0.156900 
0.157700 
0.157700 
0.158000 
0.158900 
0.159200 
0.160700 
0.161800 
0.163100 
0.163600 
0.164200 
0.164800 
0.165300 
0.166500 
0.170300 
0.171500 
0.173000 
0.173500 
0.174300 
0.174400 
0.174500 
0.174700 
0.175200 
0.176300 
0.176400 
0.176500 
0.176700 
0.177200 
0.178400 
0.178500 
0.179800 
0.180100 
0.180400 
0.181100 
0.181400 
0.182900 
0.183100 
0.183200 
0.183400 
0.183500 
0.183900 
0.184100 
0.185400 
0.185800 
0.186400 
0.186600 
0.187000 
0.187400 
0.187500 
0.188300 
0.190500 
0.190600 
0.190800 
0.190900 
0.193600 
0.194100 
0.195300 
0.195700 
0.195700 
0.196900 
0.197000 
0.198000 
0.198300 
0.199900 
0.201300 
0.201600 
0.202000 
0.202000 
0.202000 
0.202200 
0.202300 
0.203100 
0.203900 
0.204900 
0.207600 
0.208700 
0.209000 
0.209000 
0.209900 
0.211100 
0.211900 
0.212100 
0.212300 
0.212500 
0.212700 
0.213000 
0.213100 
0.213200 
0.213300 
0.213300 
0.213800 
0.214300 
0.214300 
0.214800 
0.215100 
0.215800 
0.216400 
0.216800 
0.219200 
0.219600 
0.220800 
0.220900 
0.221300 
0.221500 
0.221500 
0.222500 
0.223900 
0.224300 
0.224700 
0.225400 
0.227000 
0.229300 
0.229500 
0.230300 
0.231300 
0.232100 
0.232400 
0.233600 
0.234200 
0.234500 
0.234800 
0.235000 
0.235200 
0.236100 
0.236200 
0.236600 
0.238400 
0.238500 
0.238700 
0.238900 
0.238900 
0.239000 
0.239200 
0.239900 
0.240000 
0.240100 
0.240400 
0.240700 
0.241500 
0.241600 
0.241700 
0.241800 
0.242300 
0.242600 
0.244800 
0.244800 
0.245000 
0.245400 
0.245400 
0.246000 
0.246900 
0.248100 
0.248700 
0.248900 
0.249300 
0.251400 
0.251800 
0.254600 
0.254600 
0.255700 
0.257100 
0.257500 
0.257800 
0.259200 
0.260000 
0.260000 
0.260200 
0.260700 
0.262800 
0.263200 
0.263600 
0.264500 
0.265200 
0.265700 
0.265800 
0.266000 
0.266600 
0.266700 
0.267300 
0.267800 
0.268000 
0.269100 
0.270500 
0.270900 
0.271500 
0.271500 
0.273300 
0.273400 
0.273600 
0.274300 
0.274300 
0.275300 
0.275500 
0.276000 
0.276400 
0.277200 
0.278200 
0.280000 
0.280100 
0.280600 
0.281900 
0.282100 
0.282700 
0.283200 
0.283600 
0.283700 
0.284600 
0.284700 
0.284800 
0.285400 
0.285500 
0.285800 
0.287000 
0.287800 
0.289000 
0.289600 
0.290400 
0.290400 
0.293100 
0.293600 
0.293800 
0.294000 
0.294100 
0.294200 
0.294700 
0.295100 
0.295300 
0.295600 
0.296100 
0.296700 
0.297300 
0.297500 
0.297700 
0.298900 
0.299300 
0.300000 
0.300700 
0.300900 
0.301800 
0.302500 
0.303600 
0.304300 
0.304600 
0.304900 
0.304900 
0.305300 
0.305600 
0.306200 
0.306400 
0.306900 
0.308700 
0.308900 
0.309400 
0.309800 
0.309900 
0.310800 
0.311400 
0.312200 
0.312600 
0.313000 
0.313000 
0.313300 
0.314000 
0.314200 
0.315600 
0.316200 
0.316700 
0.316800 
0.317900 
0.318300 
0.318900 
0.320600 
0.321500 
0.321800 
0.321900 
0.322300 
0.322400 
0.322400 
0.323000 
0.324500 
0.324900 
0.325300 
0.326200 
0.326400 
0.327500 
0.328200 
0.328300 
0.328700 
0.329500 
0.329700 
0.330500 
0.330600 
0.331000 
0.332500 
0.332700 
0.333100 
0.333400 
0.333800 
0.334300 
0.334900 
0.335000 
0.335100 
0.335100 
0.337800 
0.338400 
0.338600 
0.339000 
0.339700 
0.339900 
0.340000 
0.340200 
0.340800 
0.341400 
0.341700 
0.342700 
0.342800 
0.343000 
0.343400 
0.343500 
0.343600 
0.344000 
0.344000 
0.344000 
0.345100 
0.345300 
0.346100 
0.346200 
0.346400 
0.348000 
0.348300 
0.348900 
0.349400 
0.350900 
0.351000 
0.353800 
0.354100 
0.354300 
0.354600 
0.354700 
0.355300 
0.356900 
0.357100 
0.357200 
0.357300 
0.357500 
0.357500 
0.357900 
0.358700 
0.358900 
0.359900 
0.360400 
0.360800 
0.361700 
0.361900 
0.362100 
0.362200 
0.363000 
0.363600 
0.363600 
0.363800 
0.364000 
0.364100 
0.364600 
0.364600 
0.366100 
0.366500 
0.366600 
0.367000 
0.368000 
0.369500 
0.369500 
0.369800 
0.370200 
0.371200 
0.371300 
0.371700 
0.371800 
0.372400 
0.373400 
0.374100 
0.374300 
0.378000 
0.378800 
0.379000 
0.379100 
0.379100 
0.380400 
0.381400 
0.381500 
0.383000 
0.383200 
0.383800 
0.384300 
0.384700 
0.385600 
0.385700 
0.386500 
0.386500 
0.386700 
0.386700 
0.387400 
0.388300 
0.389000 
0.389700 
0.390300 
0.391100 
0.391600 
0.391700 
0.393600 
0.393600 
0.393700 
0.393800 
0.394500 
0.394500 
0.394700 
0.394800 
0.395200 
0.396000 
0.396300 
0.397400 
0.398200 
0.399000 
0.399700 
0.400500 
0.400500 
0.400600 
0.401600 
0.402100 
0.402200 
0.402900 
0.403100 
0.403100 
0.405900 
0.406000 
0.407100 
0.407100 
0.407900 
0.408000 
0.408300 
0.410100 
0.410800 
0.412600 
0.413400 
0.413500 
0.414600 
0.414800 
0.415100 
0.415300 
0.415600 
0.415800 
0.415900 
0.416000 
0.417500 
0.417500 
0.417700 
0.418200 
0.419100 
0.419300 
0.419300 
0.419900 
0.420000 
0.422000 
0.423400 
0.423400 
0.423600 
0.424000 
0.424900 
0.425400 
0.427000 
0.427300 
0.428300 
0.428700 
0.428800 
0.429600 
0.430000 
0.430500 
0.431000 
0.431100 
0.432500 
0.433900 
0.434200 
0.434400 
0.434900 
0.435000 
0.435000 
0.435700 
0.436500 
0.436700 
0.436700 
0.437100 
0.437500 
0.437700 
0.437800 
0.438000 
0.438100 
0.438300 
0.439000 
0.439200 
0.439600 
0.439600 
0.440200 
0.442300 
0.442400 
0.443000 
0.443700 
0.443700 
0.443800 
0.445100 
0.445300 
0.445400 
0.445500 
0.446500 
0.448000 
0.448200 
0.450100 
0.450200 
0.450700 
0.452200 
0.452700 
0.454000 
0.454200 
0.454300 
0.454400 
0.454600 
0.454800 
0.454900 
0.457800 
0.458600 
0.458900 
0.459700 
0.459800 
0.459900 
0.461100 
0.462900 
0.463100 
0.463600 
0.464500 
0.465200 
0.465600 
0.466000 
0.466000 
0.466800 
0.467200 
0.468100 
0.468600 
0.469200 
0.469800 
0.470000 
0.470100 
0.470300 
0.470500 
0.470900 
0.472400 
0.472400 
0.472800 
0.474200 
0.474500 
0.475800 
0.476100 
0.476300 
0.477100 
0.477100 
0.477200 
0.478300 
0.478400 
0.479600 
0.481400 
0.481500 
0.483600 
0.483700 
0.486200 
0.487100 
0.487300 
0.488200 
0.488300 
0.488600 
0.488700 
0.489400 
0.492300 
0.492500 
0.492600 
0.492600 
0.493000 
0.493700 
0.494100 
0.494400 
0.494500 
0.494500 
0.494800 
0.494800 
0.495500 
0.496200 
0.496600 
0.497700 
0.497700 
0.498400 
0.498400 
0.498700 
0.501500 
0.501700 
0.502300 
0.502400 
0.502500 
0.502500 
0.502700 
0.502700 
0.502800 
0.503700 
0.503900 
0.504000 
0.504500 
0.505700 
0.505700 
0.505900 
0.506500 
0.507900 
0.508000 
0.508200 
0.509800 
0.510200 
0.510300 
0.514100 
0.516100 
0.516400 
0.516900 
0.517600 
0.517900 
0.518500 
0.518800 
0.518800 
0.518900 
0.518900 
0.519300 
0.519400 
0.519900 
0.520200 
0.520400 
0.520800 
0.521300 
0.522900 
0.524600 
0.525200 
0.525400 
0.525400 
0.525500 
0.525900 
0.526600 
0.528600 
0.529200 
0.529500 
0.530300 
0.530400 
0.530700 
0.531000 
0.531500 
0.532300 
0.532600 
0.532600 
0.532700 
0.534100 
0.534100 
0.534400 
0.534400 
0.534600 
0.537900 
0.538800 
0.539600 
0.542000 
0.542100 
0.542200 
0.542200 
0.542600 
0.543000 
0.543300 
0.543400 
0.543700 
0.544100 
0.544200 
0.544200 
0.544600 
0.544800 
0.545000 
0.545300 
0.545900 
0.546000 
0.546400 
0.547200 
0.548100 
0.548200 
0.548200 
0.548300 
0.550100 
0.550400 
0.550500 
0.551000 
0.552500 
0.552500 
0.553800 
0.554600 
0.554800 
0.555600 
0.555800 
0.559200 
0.559300 
0.559700 
0.559800 
0.559900 
0.560900 
0.560900 
0.561400 
0.561600 
0.561900 
0.562300 
0.563800 
0.564500 
0.564600 
0.565500 
0.565600 
0.565800 
0.565900 
0.565900 
0.566000 
0.567000 
0.567100 
0.567100 
0.567600 
0.567700 
0.568000 
0.568900 
0.569000 
0.571100 
0.571600 
0.572800 
0.573100 
0.573300 
0.574600 
0.574600 
0.575000 
0.576700 
0.576900 
0.578200 
0.578300 
0.578500 
0.578600 
0.578600 
0.580400 
0.582500 
0.584800 
0.585100 
0.585500 
0.585800 
0.586800 
0.586800 
0.587100 
0.587800 
0.588000 
0.588500 
0.588500 
0.589100 
0.589200 
0.590000 
0.590100 
0.591400 
0.592200 
0.593500 
0.593500 
0.594600 
0.595000 
0.595000 
0.595500 
0.596000 
0.596700 
0.598000 
0.598000 
0.598200 
0.599700 
0.599700 
0.599900 
0.599900 
0.600500 
0.600700 
0.600900 
0.601400 
0.602100 
0.602700 
0.604200 
0.604600 
0.605200 
0.605400 
0.606600 
0.607800 
0.607900 
0.608200 
0.609600 
0.609800 
0.610100 
0.610200 
0.610300 
0.611300 
0.611500 
0.611700 
0.611900 
0.612100 
0.612400 
0.613800 
0.614000 
0.614500 
0.615500 
0.616300 
0.617100 
0.617500 
0.618300 
0.618400 
0.619200 
0.619800 
0.619900 
0.620300 
0.620400 
0.620600 
0.621300 
0.621500 
0.621600 
0.621700 
0.621900 
0.623700 
0.624000 
0.624100 
0.624600 
0.625200 
0.626700 
0.626800 
0.627100 
0.627500 
0.628100 
0.628100 
0.628400 
0.628600 
0.628800 
0.629800 
0.630100 
0.630400 
0.630400 
0.632400 
0.632400 
0.633500 
0.634300 
0.634400 
0.635900 
0.636200 
0.636600 
0.636900 
0.637100 
0.637500 
0.637800 
0.638100 
0.638200 
0.639000 
0.639800 
0.641700 
0.641800 
0.642200 
0.642900 
0.643000 
0.643300 
0.646200 
0.646500 
0.648100 
0.648400 
0.649500 
0.650900 
0.652300 
0.652500 
0.652600 
0.652700 
0.652700 
0.652800 
0.653600 
0.654100 
0.654500 
0.655900 
0.655900 
0.655900 
0.656400 
0.656400 
0.656600 
0.656800 
0.657300 
0.657600 
0.658800 
0.659200 
0.659600 
0.660500 
0.661700 
0.662100 
0.663800 
0.663900 
0.664300 
0.664300 
0.664600 
0.665900 
0.667200 
0.668700 
0.668700 
0.669000 
0.669100 
0.669200 
0.670200 
0.670500 
0.670700 
0.670900 
0.671500 
0.672000 
0.672800 
0.673800 
0.674100 
0.674200 
0.674400 
0.675100 
0.676400 
0.676500 
0.676600 
0.676600 
0.677500 
0.678300 
0.679000 
0.680300 
0.682000 
0.682700 
0.683500 
0.683900 
0.684100 
0.685000 
0.685700 
0.686200 
0.686700 
0.686700 
0.687000 
0.687100 
0.688300 
0.689200 
0.689300 
0.689800 
0.689900 
0.689900 
0.691100 
0.691700 
0.692300 
0.692600 
0.693800 
0.694400 
0.694400 
0.694800 
0.694800 
0.695700 
0.695900 
0.696100 
0.696100 
0.696200 
0.696300 
0.696400 
0.696400 
0.699100 
0.699600 
0.699800 
0.701000 
0.701300 
0.701800 
0.702000 
0.702700 
0.703000 
0.703100 
0.703400 
0.703400 
0.703600 
0.705000 
0.705500 
0.707000 
0.707200 
0.708100 
0.708400 
0.708500 
0.708900 
0.710100 
0.711600 
0.711800 
0.712200 
0.712400 
0.714500 
0.714800 
0.714900 
0.715000 
0.715400 
0.716300 
0.717100 
0.717400 
0.717700 
0.717800 
0.717900 
0.718300 
0.718600 
0.720000 
0.720200 
0.720300 
0.720300 
0.720900 
0.721700 
0.722400 
0.722500 
0.723100 
0.723200 
0.723600 
0.724200 
0.724600 
0.725400 
0.726000 
0.726600 
0.726900 
0.727400 
0.727600 
0.728900 
0.729300 
0.730000 
0.730400 
0.730500 
0.731000 
0.731100 
0.732300 
0.732300 
0.732700 
0.733500 
0.733700 
0.733900 
0.734700 
0.734700 
0.735900 
0.736600 
0.739700 
0.739800 
0.740000 
0.740200 
0.740300 
0.740400 
0.740500 
0.740500 
0.740800 
0.740900 
0.742000 
0.742200 
0.742600 
0.743900 
0.745500 
0.747200 
0.747400 
0.747600 
0.747700 
0.748300 
0.748500 
0.749400 
0.750000 
0.750500 
0.751700 
0.752700 
0.754700 
0.754700 
0.754700 
0.755500 
0.756100 
0.756900 
0.757200 
0.757200 
0.758000 
0.758800 
0.758800 
0.759300 
0.759300 
0.759500 
0.760700 
0.761100 
0.762500 
0.762500 
0.762600 
0.763000 
0.764300 
0.764400 
0.766400 
0.766700 
0.767000 
0.767900 
0.767900 
0.768000 
0.768000 
0.768800 
0.768900 
0.769900 
0.770000 
0.770700 
0.771000 
0.772000 
0.772500 
0.773100 
0.773400 
0.774200 
0.776300 
0.776700 
0.778000 
0.779200 
0.779300 
0.779300 
0.780100 
0.780200 
0.780200 
0.780700 
0.783100 
0.783900 
0.784300 
0.784300 
0.786000 
0.786000 
0.787000 
0.787500 
0.787800 
0.787900 
0.788100 
0.788300 
0.788500 
0.788600 
0.788800 
0.789200 
0.789300 
0.789600 
0.791800 
0.791900 
0.793700 
0.793900 
0.794100 
0.794400 
0.794500 
0.794800 
0.795000 
0.795500 
0.795600 
0.795800 
0.796300 
0.797300 
0.798400 
0.800000 
0.800800 
0.801700 
0.802600 
0.803000 
0.803200 
0.804100 
0.804500 
0.804900 
0.805200 
0.805300 
0.805400 
0.805600 
0.806600 
0.807000 
0.807200 
0.808000 
0.808500 
0.809000 
0.809700 
0.811100 
0.811200 
0.812000 
0.812000 
0.812400 
0.813000 
0.813300 
0.813400 
0.813500 
0.814500 
0.815600 
0.818400 
0.818600 
0.818900 
0.819400 
0.819400 
0.819600 
0.820700 
0.821200 
0.821400 
0.821900 
0.822100 
0.822400 
0.824700 
0.825600 
0.826500 
0.827200 
0.828000 
0.828000 
0.828300 
0.828300 
0.829300 
0.830700 
0.831200 
0.831300 
0.831400 
0.831400 
0.831700 
0.832200 
0.833200 
0.834500 
0.835200 
0.835400 
0.835600 
0.836600 
0.836600 
0.837000 
0.837200 
0.839300 
0.840000 
0.840300 
0.841200 
0.841700 
0.842000 
0.842200 
0.843200 
0.843300 
0.843400 
0.843400 
0.843600 
0.843600 
0.843600 
0.843700 
0.844200 
0.844300 
0.844300 
0.844700 
0.844800 
0.845500 
0.845700 
0.845800 
0.846700 
0.846700 
0.846700 
0.846800 
0.847700 
0.848000 
0.848200 
0.848400 
0.849400 
0.850000 
0.850400 
0.850500 
0.851400 
0.852400 
0.852900 
0.853900 
0.854500 
0.854700 
0.854800 
0.855100 
0.855400 
0.855600 
0.857400 
0.858600 
0.861000 
0.861600 
0.862900 
0.863000 
0.863500 
0.863500 
0.863800 
0.864600 
0.864800 
0.866000 
0.866200 
0.866400 
0.866600 
0.867200 
0.867300 
0.867300 
0.867800 
0.868300 
0.868400 
0.868500 
0.868800 
0.870200 
0.871700 
0.872400 
0.872500 
0.873400 
0.875900 
0.876000 
0.876500 
0.876600 
0.876700 
0.876800 
0.877600 
0.878400 
0.878800 
0.878900 
0.879400 
0.880600 
0.881500 
0.881700 
0.882500 
0.882500 
0.883800 
0.884000 
0.885000 
0.886000 
0.886700 
0.886900 
0.887000 
0.887400 
0.888000 
0.888500 
0.888800 
0.888900 
0.889200 
0.889400 
0.889600 
0.889600 
0.890100 
0.891400 
0.891500 
0.892200 
0.892400 
0.892600 
0.892600 
0.892600 
0.893000 
0.893900 
0.894200 
0.894500 
0.895300 
0.895300 
0.895800 
0.895800 
0.896000 
0.896100 
0.896900 
0.896900 
0.897800 
0.898600 
0.899400 
0.903000 
0.903300 
0.903500 
0.903800 
0.904000 
0.904300 
0.904500 
0.904600 
0.904700 
0.905400 
0.905500 
0.905600 
0.905700 
0.906200 
0.906400 
0.906500 
0.907700 
0.907700 
0.908000 
0.909200 
0.910200 
0.911200 
0.911500 
0.911800 
0.911800 
0.915200 
0.916500 
0.916800 
0.917200 
0.917900 
0.918700 
0.920400 
0.920500 
0.920700 
0.920900 
0.921000 
0.921500 
0.923300 
0.923500 
0.924100 
0.924300 
0.924900 
0.925600 
0.925600 
0.925900 
0.926200 
0.926200 
0.926900 
0.927000 
0.928800 
0.928900 
0.929600 
0.929800 
0.930100 
0.930200 
0.931200 
0.931300 
0.931400 
0.931900 
0.932100 
0.932500 
0.932500 
0.932600 
0.933600 
0.933600 
0.933600 
0.934700 
0.934900 
0.935200 
0.935400 
0.935600 
0.936300 
0.937600 
0.938000 
0.938400 
0.941800 
0.942000 
0.942300 
0.943400 
0.943800 
0.944000 
0.944400 
0.944600 
0.946400 
0.946700 
0.947400 
0.947500 
0.948200 
0.948600 
0.949400 
0.951200 
0.952800 
0.953000 
0.953400 
0.953600 
0.954100 
0.954200 
0.955100 
0.955100 
0.955200 
0.955400 
0.956100 
0.956200 
0.956300 
0.956500 
0.956900 
0.958000 
0.958100 
0.958300 
0.958400 
0.959300 
0.959400 
0.959800 
0.960300 
0.960600 
0.961000 
0.963000 
0.963000 
0.963200 
0.964100 
0.966100 
0.966600 
0.966900 
0.967000 
0.967100 
0.969100 
0.969200 
0.969800 
0.970300 
0.971100 
0.971300 
0.972300 
0.972500 
0.973800 
0.974300 
0.974600 
0.974700 
0.974700 
0.975000 
0.976800 
0.978200 
0.979000 
0.979400 
0.980000 
0.980300 
0.980300 
0.980500 
0.980600 
0.981400 
0.982300 
0.982500 
0.982500 
0.982900 
0.983200 
0.983500 
0.983700 
0.984100 
0.985700 
0.986300 
0.986400 
0.987300 
0.987600 
0.987800 
0.989200 
0.989700 
0.990900 
0.991300 
0.991900 
0.993100 
0.993600 
0.993700 
0.994500 
0.994600 
0.994700 
0.995400 
0.995600 
0.995800 
0.996100 
0.996300 
0.996700 
0.996800 
0.996800 
0.998800 
0.999800 
1.000800 
1.001200 
1.002600 
1.002700 
1.004300 
1.004800 
1.004800 
1.004900 
1.005200 
1.005200 
1.005700 
1.005700 
1.006600 
1.006800 
1.007500 
1.007800 
1.009200 
1.009800 
1.010000 
1.012500 
1.012500 
1.013500 
1.014500 
1.015300 
1.015500 
1.015500 
1.016400 
1.018000 
1.018000 
1.019200 
1.019500 
1.019700 
1.020100 
1.020200 
1.021700 
1.023200 
1.024500 
1.026100 
1.027100 
1.027300 
1.027900 
1.028000 
1.028300 
1.028800 
1.028800 
1.030200 
1.030300 
1.031000 
1.031400 
1.032200 
1.032500 
1.032900 
1.035000 
1.035900 
1.036200 
1.036300 
1.037000 
1.037500 
1.038100 
1.038400 
1.039300 
1.039400 
1.039900 
1.040200 
1.040300 
1.040700 
1.040800 
1.043000 
1.043100 
1.043200 
1.043300 
1.044000 
1.044700 
1.044800 
1.045100 
1.045700 
1.046400 
1.046400 
1.050300 
1.050600 
1.050700 
1.051300 
1.053000 
1.053600 
1.053900 
1.054500 
1.056200 
1.056600 
1.057000 
1.058200 
1.059700 
1.060000 
1.061000 
1.061900 
1.062200 
1.062700 
1.062800 
1.062800 
1.062900 
1.063100 
1.063500 
1.063800 
1.064300 
1.064400 
1.064600 
1.064900 
1.065000 
1.065100 
1.066500 
1.066600 
1.067200 
1.067200 
1.067400 
1.068000 
1.068700 
1.068800 
1.069300 
1.069900 
1.070100 
1.070200 
1.070900 
1.071100 
1.071100 
1.071800 
1.071900 
1.071900 
1.073300 
1.073500 
1.075700 
1.076000 
1.076100 
1.076200 
1.076500 
1.077000 
1.077000 
1.077200 
1.077400 
1.077900 
1.080900 
1.081000 
1.081000 
1.081700 
1.083100 
1.083100 
1.084300 
1.084700 
1.085600 
1.085800 
1.086100 
1.087000 
1.087100 
1.087300 
1.088000 
1.089600 
1.091000 
1.091100 
1.092200 
1.093300 
1.094100 
1.096500 
1.096500 
1.097300 
1.098000 
1.098500 
1.099000 
1.099700 
1.099800 
1.099900 
1.100800 
1.101000 
1.101700 
1.102400 
1.102700 
1.102900 
1.104200 
1.104800 
1.105300 
1.106700 
1.108400 
1.108900 
1.109400 
1.109500 
1.109600 
1.110100 
1.110300 
1.110300 
1.110500 
1.110800 
1.110900 
1.111100 
1.112800 
1.113400 
1.113500 
1.115000 
1.115400 
1.116700 
1.117200 
1.117600 
1.117800 
1.119200 
1.119300 
1.119600 
1.119600 
1.120900 
1.121300 
1.121600 
1.122700 
1.124200 
1.124500 
1.124500 
1.124800 
1.124900 
1.125800 
1.125800 
1.125900 
1.126000 
1.126300 
1.126800 
1.127700 
1.128000 
1.128300 
1.129400 
1.129800 
1.131500 
1.132700 
1.133200 
1.133700 
1.135900 
1.137700 
1.137900 
1.138200 
1.138500 
1.139600 
1.139700 
1.140000 
1.140700 
1.141500 
1.141800 
1.141900 
1.142500 
1.142600 
1.142600 
1.143400 
1.143600 
1.144500 
1.144600 
1.145100 
1.145500 
1.146500 
1.146600 
1.147400 
1.147600 
1.149300 
1.150200 
1.150400 
1.151800 
1.152000 
1.152700 
1.153200 
1.153200 
1.153800 
1.154000 
1.154400 
1.154600 
1.154700 
1.155700 
1.155900 
1.155900 
1.157100 
1.157700 
1.158000 
1.160700 
1.161000 
1.161000 
1.161400 
1.161600 
1.162200 
1.162300 
1.162800 
1.162800 
1.162800 
1.163100 
1.163600 
1.163600 
1.163800 
1.164200 
1.164700 
1.164900 
1.165000 
1.165900 
1.165900 
1.166100 
1.166100 
1.168200 
1.169600 
1.170600 
1.171300 
1.172100 
1.172600 
1.172800 
1.173000 
1.173100 
1.173300 
1.175400 
1.175500 
1.176200 
1.178100 
1.178400 
1.178900 
1.179100 
1.179700 
1.180900 
1.181800 
1.182100 
1.182200 
1.183000 
1.183100 
1.183800 
1.184400 
1.185500 
1.186000 
1.186800 
1.187100 
1.187100 
1.187600 
1.187800 
1.188000 
1.188100 
1.189000 
1.190000 
1.190200 
1.191000 
1.191100 
1.191100 
1.191300 
1.192500 
1.192500 
1.192800 
1.193000 
1.194300 
1.195100 
1.195500 
1.195700 
1.196100 
1.196700 
1.197800 
1.198200 
1.198700 
1.199000 
1.199000 
1.199800 
1.200100 
1.200300 
1.200500 
1.201000 
1.201400 
1.201700 
1.202400 
1.203500 
1.204300 
1.205400 
1.205700 
1.207500 
1.210200 
1.210500 
1.212000 
1.212700 
1.212700 
1.213200 
1.213600 
1.214000 
1.214100 
1.214100 
1.214500 
1.215700 
1.216900 
1.216900 
1.217000 
1.217300 
1.217300 
1.217400 
1.218400 
1.218600 
1.218800 
1.218900 
1.219000 
1.219100 
1.219300 
1.220400 
1.221000 
1.221200 
1.223600 
1.224500 
1.225900 
1.226000 
1.227300 
1.227500 
1.229100 
1.229800 
1.231000 
1.231100 
1.231300 
1.232100 
1.232200 
1.233200 
1.233900 
1.233900 
1.234400 
1.236500 
1.237000 
1.237100 
1.237400 
1.237600 
1.237600 
1.237700 
1.238200 
1.238500 
1.238600 
1.239000 
1.239100 
1.239500 
1.239800 
1.240800 
1.241100 
1.241200 
1.241400 
1.241500 
1.241700 
1.241900 
1.243600 
1.243800 
1.243900 
1.245800 
1.246700 
1.249000 
1.250400 
1.251000 
1.251000 
1.251200 
1.252300 
1.252800 
1.252900 
1.253000 
1.253800 
1.253900 
1.254000 
1.255000 
1.255400 
1.255700 
1.255900 
1.256600 
1.256900 
1.257100 
1.257500 
1.257500 
1.257600 
1.260400 
1.260400 
1.261000 
1.263600 
1.263800 
1.265200 
1.265300 
1.265500 
1.267100 
1.267200 
1.267400 
1.268200 
1.268300 
1.269100 
1.269800 
1.269800 
1.270000 
1.270300 
1.270300 
1.271400 
1.271500 
1.271500 
1.271500 
1.271600 
1.272000 
1.274400 
1.275200 
1.275300 
1.275600 
1.276000 
1.276800 
1.277200 
1.277200 
1.277700 
1.277900 
1.278600 
1.278900 
1.278900 
1.279100 
1.279500 
1.279500 
1.286300 
1.286700 
1.288300 
1.289000 
1.289400 
1.289600 
1.291400 
1.292000 
1.292800 
1.293100 
1.293200 
1.293600 
1.293600 
1.293700 
1.294200 
1.294500 
1.295000 
1.295300 
1.295500 
1.295900 
1.295900 
1.297200 
1.297600 
1.298300 
1.298400 
1.298900 
1.299200 
1.299900 
1.300400 
1.301100 
1.301300 
1.302600 
1.303300 
1.304200 
1.304400 
1.305300 
1.305600 
1.306100 
1.306700 
1.307000 
1.307400 
1.309400 
1.310300 
1.310600 
1.310700 
1.311400 
1.311500 
1.313400 
1.313600 
1.314500 
1.315700 
1.315800 
1.316000 
1.316100 
1.316300 
1.316400 
1.316700 
1.317600 
1.318600 
1.318600 
1.320500 
1.320900 
1.321300 
1.321500 
1.322100 
1.322500 
1.322600 
1.326300 
1.328600 
1.328700 
1.329100 
1.329300 
1.329400 
1.329800 
1.330200 
1.330700 
1.330900 
1.331100 
1.332200 
1.332700 
1.334500 
1.334500 
1.335200 
1.336300 
1.336500 
1.338100 
1.338100 
1.339500 
1.340300 
1.340400 
1.340500 
1.341200 
1.341500 
1.341600 
1.341700 
1.342400 
1.342500 
1.342900 
1.344100 
1.344500 
1.344700 
1.345200 
1.345700 
1.346700 
1.347900 
1.350300 
1.351100 
1.351300 
1.353400 
1.353500 
1.353900 
1.354500 
1.354700 
1.355200 
1.355400 
1.356100 
1.356400 
1.357200 
1.359200 
1.359300 
1.360200 
1.360600 
1.361100 
1.361300 
1.361900 
1.362000 
1.362600 
1.363300 
1.363400 
1.363500 
1.363800 
1.365000 
1.366500 
1.367200 
1.367300 
1.367900 
1.368100 
1.369200 
1.369400 
1.369400 
1.369800 
1.371100 
1.372300 
1.372800 
1.372900 
1.373600 
1.373600 
1.373700 
1.374400 
1.374700 
1.374900 
1.375500 
1.378900 
1.379200 
1.379600 
1.379800 
1.379900 
1.380200 
1.380400 
1.381500 
1.381500 
1.382000 
1.382800 
1.383800 
1.384100 
1.384900 
1.386100 
1.386300 
1.386500 
1.387400 
1.387600 
1.388200 
1.388400 
1.388700 
1.389300 
1.389300 
1.389500 
1.390200 
1.390500 
1.390500 
1.390500 
1.394000 
1.395400 
1.395600 
1.396900 
1.397100 
1.397400 
1.398000 
1.398800 
1.399300 
1.399600 
1.400000 
1.400100 
1.400200 
1.400300 
1.401300 
1.403800 
1.404600 
1.405100 
1.405200 
1.405700 
1.405700 
1.405900 
1.406800 
1.406900 
1.407000 
1.407900 
1.408100 
1.409700 
1.409800 
1.410100 
1.410200 
1.411000 
1.411500 
1.413800 
1.413900 
1.414100 
1.414700 
1.415600 
1.416600 
1.417100 
1.417400 
1.417500 
1.417700 
1.418100 
1.418200 
1.420000 
1.420200 
1.420200 
1.420800 
1.421000 
1.421900 
1.422100 
1.422200 
1.422300 
1.422600 
1.422600 
1.423600 
1.423800 
1.425000 
1.425100 
1.426600 
1.426700 
1.427100 
1.427400 
1.427600 
1.428700 
1.432600 
1.432800 
1.432900 
1.433900 
1.433900 
1.434600 
1.435300 
1.436100 
1.436200 
1.436400 
1.436500 
1.437300 
1.437700 
1.437900 
1.439700 
1.439900 
1.440100 
1.440200 
1.440300 
1.440600 
1.441000 
1.441100 
1.441900 
1.443000 
1.444200 
1.445900 
1.446300 
1.446300 
1.446400 
1.447000 
1.448300 
1.449600 
1.450100 
1.450200 
1.450600 
1.451500 
1.451600 
1.451800 
1.452000 
1.452600 
1.452800 
1.453200 
1.453800 
1.454000 
1.454300 
1.454800 
1.457300 
1.457400 
1.457500 
1.457900 
1.458000 
1.458100 
1.458600 
1.459600 
1.459900 
1.461400 
1.462700 
1.463100 
1.464000 
1.464300 
1.465000 
1.466100 
1.466300 
1.467900 
1.468200 
1.468800 
1.468900 
1.470100 
1.470800 
1.470900 
1.471400 
1.471800 
1.472000 
1.472700 
1.474100 
1.474400 
1.475700 
1.475900 
1.477200 
1.477200 
1.478400 
1.480700 
1.480800 
1.480900 
1.481200 
1.481300 
1.482400 
1.482400 
1.482900 
1.483400 
1.483500 
1.483500 
1.483700 
1.483700 
1.484000 
1.484600 
1.484600 
1.484700 
1.484900 
1.485100 
1.485900 
1.486700 
1.488000 
1.488000 
1.489400 
1.489500 
1.490200 
1.490700 
1.490900 
1.491200 
1.491500 
1.492800 
1.495200 
1.495600 
1.496300 
1.496400 
1.497000 
1.497500 
1.498300 
1.499500 
1.500100 
1.500600 
1.500600 
1.501300 
1.502700 
1.502900 
1.504100 
1.504200 
1.505700 
1.506100 
1.506600 
1.506900 
1.506900 
1.507000 
1.507800 
1.508100 
1.508500 
1.509500 
1.510300 
1.510800 
1.511200 
1.511500 
1.511600 
1.511900 
1.512400 
1.512400 
1.512600 
1.512900 
1.513000 
1.513700 
1.513800 
1.514800 
1.515500 
1.516200 
1.516900 
1.517000 
1.517300 
1.517400 
1.517500 
1.518800 
1.519600 
1.519800 
1.523400 
1.523700 
1.523900 
1.524800 
1.524900 
1.524900 
1.525300 
1.527200 
1.527500 
1.528000 
1.528200 
1.528300 
1.528900 
1.529000 
1.529700 
1.530000 
1.531100 
1.531400 
1.533000 
1.533600 
1.534000 
1.535100 
1.535900 
1.536600 
1.537000 
1.537100 
1.537300 
1.537500 
1.537600 
1.537900 
1.538400 
1.539000 
1.539400 
1.541500 
1.541600 
1.541600 
1.541700 
1.542400 
1.543700 
1.544400 
1.545100 
1.545500 
1.545600 
1.545600 
1.545800 
1.547000 
1.547300 
1.547700 
1.548700 
1.549800 
1.549900 
1.550000 
1.550000 
1.550200 
1.550300 
1.550500 
1.550900 
1.551000 
1.551100 
1.553100 
1.553500 
1.555300 
1.557700 
1.557800 
1.558000 
1.558100 
1.558200 
1.558400 
1.558500 
1.559700 
1.559900 
1.560400 
1.560600 
1.561000 
1.561400 
1.561500 
1.562300 
1.562500 
1.563800 
1.564000 
1.565400 
1.565500 
1.566000 
1.566100 
1.566500 
1.566500 
1.567600 
1.567700 
1.568000 
1.568200 
1.568800 
1.569600 
1.570200 
1.571500 
1.571800 
1.572000 
1.572400 
1.572900 
1.573100 
1.573300 
1.573500 
1.575100 
1.575500 
1.576100 
1.576200 
1.576900 
1.577300 
1.578700 
1.578800 
1.580400 
1.581400 
1.581500 
1.582000 
1.583400 
1.583600 
1.584900 
1.586000 
1.587300 
1.587300 
1.587500 
1.587600 
1.587700 
1.588200 
1.588600 
1.589000 
1.589000 
1.589400 
1.591300 
1.591500 
1.592700 
1.592900 
1.592900 
1.593300 
1.593700 
1.593900 
1.595800 
1.596400 
1.596500 
1.597700 
1.598900 
1.600700 
1.600700 
1.600800 
1.600800 
1.601100 
1.601500 
1.601800 
1.601900 
1.601900 
1.602200 
1.602600 
1.602700 
1.603000 
1.603100 
1.605500 
1.605600 
1.606400 
1.606500 
1.606700 
1.607700 
1.609900 
1.611000 
1.611400 
1.611700 
1.613400 
1.613500 
1.614200 
1.614700 
1.614700 
1.615200 
1.615900 
1.616300 
1.616700 
1.616800 
1.616800 
1.617200 
1.617800 
1.617800 
1.618100 
1.618900 
1.620300 
1.621800 
1.622000 
1.622200 
1.622300 
1.622700 
1.626800 
1.627100 
1.627400 
1.627500 
1.627700 
1.628400 
1.629700 
1.630000 
1.631000 
1.631500 
1.632100 
1.632300 
1.632800 
1.633600 
1.633600 
1.633600 
1.633600 
1.634200 
1.635400 
1.638100 
1.638300 
1.638300 
1.638500 
1.638900 
1.639000 
1.639600 
1.640900 
1.641600 
1.641700 
1.642100 
1.642700 
1.643900 
1.644200 
1.644500 
1.645100 
1.645200 
1.646400 
1.646400 
1.647300 
1.648200 
1.648400 
1.648800 
1.649400 
1.651000 
1.651200 
1.651500 
1.652600 
1.652900 
1.653100 
1.653300 
1.654000 
1.654300 
1.654800 
1.655000 
1.656600 
1.657300 
1.658300 
1.658400 
1.658800 
1.659200 
1.659300 
1.659800 
1.660500 
1.661300 
1.662200 
1.662500 
1.662900 
1.663300 
1.665200 
1.666400 
1.666900 
1.666900 
1.667000 
1.667300 
1.667400 
1.667500 
1.667900 
1.668200 
1.668500 
1.668700 
1.669900 
1.670100 
1.670200 
1.670300 
1.670300 
1.672200 
1.673200 
1.673900 
1.674000 
1.676900 
1.677100 
1.677200 
1.677300 
1.678400 
1.679600 
1.680300 
1.680900 
1.681700 
1.681900 
1.682700 
1.684100 
1.684300 
1.685100 
1.685400 
1.686300 
1.688700 
1.688700 
1.688900 
1.689200 
1.689700 
1.690600 
1.690700 
1.690700 
1.691000 
1.691600 
1.692200 
1.692500 
1.693400 
1.694700 
1.694900 
1.695300 
1.695400 
1.695500 
1.696000 
1.696800 
1.697000 
1.697200 
1.698000 
1.698500 
1.698600 
1.700300 
1.700300 
1.701100 
1.701500 
1.701900 
1.703500 
1.703800 
1.706400 
1.706600 
1.706700 
1.708600 
1.708700 
1.710000 
1.710600 
1.711200 
1.711200 
1.712400 
1.712700 
1.712900 
1.713000 
1.713700 
1.714500 
1.715500 
1.715700 
1.715900 
1.717400 
1.717500 
1.717800 
1.719800 
1.720700 
1.723800 
1.723800 
1.724300 
1.724400 
1.724500 
1.724900 
1.725000 
1.725200 
1.725500 
1.725600 
1.726200 
1.726600 
1.726700 
1.728700 
1.729400 
1.730100 
1.730900 
1.731900 
1.731900 
1.732000 
1.734000 
1.734600 
1.735100 
1.736000 
1.736600 
1.737800 
1.738000 
1.739100 
1.739900 
1.740500 
1.740500 
1.741200 
1.741400 
1.742300 
1.743300 
1.744200 
1.745300 
1.746400 
1.746500 
1.747300 
1.748900 
1.749600 
1.749600 
1.749600 
1.749600 
1.749600 
1.751700 
1.752100 
1.752400 
1.752400 
1.752400 
1.753600 
1.754200 
1.755900 
1.757300 
1.757700 
1.758100 
1.758100 
1.758600 
1.759300 
1.759600 
1.759600 
1.759800 
1.760000 
1.760000 
1.760500 
1.760900 
1.761900 
1.763300 
1.764200 
1.764400 
1.765000 
1.765500 
1.765600 
1.765900 
1.766300 
1.768000 
1.768000 
1.768100 
1.768100 
1.768800 
1.769200 
1.769500 
1.772900 
1.775100 
1.775600 
1.776200 
1.776400 
1.777000 
1.777800 
1.778000 
1.778400 
1.778600 
1.779600 
1.779600 
1.780300 
1.780900 
1.781900 
1.782700 
1.783500 
1.784000 
1.784100 
1.785000 
1.785800 
1.785900 
1.786500 
1.786600 
1.787500 
1.787800 
1.788000 
1.788300 
1.788900 
1.789700 
1.790200 
1.790300 
1.791100 
1.791800 
1.791900 
1.792000 
1.793800 
1.794700 
1.794900 
1.795900 
1.796800 
1.797300 
1.798400 
1.799100 
1.799300 
1.799500 
1.799800 
1.801100 
1.801100 
1.801800 
1.802000 
1.802600 
1.802800 
1.802900 
1.803200 
1.803900 
1.804000 
1.804000 
1.804200 
1.804700 
1.806900 
1.807100 
1.807400 
1.807600 
1.807700 
1.808100 
1.808100 
1.808600 
1.809600 
1.809700 
1.813600 
1.814100 
1.814800 
1.816700 
1.816900 
1.817400 
1.818300 
1.818700 
1.820200 
1.821000 
1.821200 
1.821600 
1.821900 
1.822100 
1.822800 
1.823100 
1.823300 
1.826700 
1.828900 
1.829500 
1.829600 
1.829800 
1.831200 
1.832200 
1.833000 
1.833000 
1.833100 
1.833700 
1.834500 
1.835300 
1.835500 
1.835600 
1.836000 
1.836700 
1.836800 
1.836800 
1.836900 
1.837200 
1.837300 
1.838100 
1.838100 
1.838700 
1.839400 
1.839500 
1.839700 
1.840600 
1.841300 
1.843700 
1.844700 
1.844800 
1.845100 
1.846100 
1.846600 
1.846900 
1.847400 
1.847400 
1.847500 
1.849000 
1.849600 
1.849800 
1.850800 
1.851800 
1.852400 
1.852800 
1.854200 
1.854600 
1.854700 
1.855700 
1.855800 
1.856100 
1.856200 
1.856400 
1.857500 
1.857600 
1.858400 
1.858800 
1.858900 
1.860100 
1.861000 
1.861000 
1.861100 
1.863300 
1.864000 
1.864300 
1.865100 
1.865600 
1.866400 
1.866500 
1.868700 
1.869300 
1.869500 
1.869700 
1.869800 
1.870800 
1.871300 
1.871800 
1.872500 
1.872900 
1.873200 
1.873200 
1.873400 
1.873800 
1.874300 
1.874300 
1.876000 
1.876600 
1.877100 
1.877800 
1.878100 
1.878400 
1.879900 
1.879900 
1.880600 
1.880800 
1.882700 
1.883100 
1.883500 
1.884400 
1.884500 
1.885200 
1.886100 
1.888200 
1.888600 
1.889800 
1.890400 
1.890800 
1.891100 
1.891700 
1.891700 
1.891900 
1.892200 
1.893200 
1.893300 
1.893400 
1.893600 
1.893700 
1.893900 
1.894500 
1.894600 
1.895300 
1.895600 
1.895900 
1.896700 
1.897100 
1.897400 
1.897400 
1.900800 
1.904300 
1.904500 
1.905700 
1.905800 
1.906000 
1.906600 
1.908100 
1.908800 
1.909900 
1.911300 
1.911500 
1.913800 
1.914100 
1.914100 
1.914500 
1.915500 
1.916700 
1.918400 
1.918600 
1.918800 
1.919100 
1.919800 
1.919900 
1.919900 
1.921200 
1.921600 
1.922700 
1.922800 
1.923200 
1.923600 
1.925300 
1.925800 
1.925900 
1.926900 
1.928000 
1.929400 
1.929900 
1.930100 
1.930500 
1.930500 
1.932900 
1.932900 
1.933100 
1.933600 
1.934000 
1.934800 
1.934900 
1.935600 
1.935600 
1.935900 
1.937400 
1.937400 
1.937500 
1.937500 
1.938500 
1.938600 
1.940200 
1.940500 
1.941400 
1.941500 
1.942800 
1.944200 
1.944600 
1.945800 
1.946800 
1.947600 
1.948200 
1.948900 
1.949200 
1.949400 
1.949800 
1.949800 
1.950200 
1.950500 
1.950900 
1.951200 
1.952000 
1.952200 
1.952400 
1.952400 
1.952500 
1.952800 
1.953700 
1.954000 
1.954900 
1.955700 
1.958300 
1.960300 
1.961600 
1.961600 
1.962700 
1.963400 
1.963500 
1.963500 
1.964600 
1.965600 
1.966000 
1.966400 
1.967400 
1.967900 
1.968400 
1.968500 
1.969100 
1.970400 
1.971300 
1.971800 
1.971900 
1.972100 
1.972700 
1.972800 
1.973100 
1.973400 
1.974600 
1.974700 
1.974900 
1.975200 
1.976700 
1.978300 
1.978800 
1.979400 
1.979900 
1.985600 
1.986400 
1.987300 
1.987400 
1.987400 
1.988100 
1.988300 
1.988800 
1.989400 
1.989700 
1.989700 
1.990600 
1.991500 
1.991900 
1.992600 
1.992700 
1.992700 
1.993000 
1.993000 
1.993400 
1.993500 
1.994400 
1.995900 
1.996000 
1.996900 
1.997000 
1.997100 
1.998600 
1.999300 
1.999500 
1.999800 
2.000400 
2.001700 
2.002000 
2.002200 
2.002800 
2.003300 
2.003900 
2.004000 
2.004200 
2.005600 
2.006000 
2.006100 
2.006300 
2.006700 
2.007000 
2.007100 
2.007400 
2.007400 
2.007800 
2.008000 
2.008400 
2.009200 
2.009300 
2.011400 
2.011800 
2.012600 
2.013200 
2.014400 
2.014900 
2.015100 
2.015600 
2.016000 
2.016200 
2.016600 
2.016600 
2.017400 
2.018300 
2.018500 
2.018500 
2.020300 
2.020800 
2.021100 
2.021100 
2.021700 
2.022200 
2.023800 
2.023800 
2.023900 
2.024300 
2.024800 
2.025900 
2.026200 
2.028100 
2.028900 
2.029200 
2.029200 
2.029200 
2.029400 
2.030300 
2.030900 
2.030900 
2.031100 
2.032500 
2.033600 
2.033800 
2.034000 
2.034400 
2.035100 
2.035200 
2.035600 
2.037200 
2.037200 
2.038600 
2.039400 
2.039400 
2.039600 
2.039700 
2.039900 
2.040300 
2.040600 
2.040900 
2.041400 
2.041900 
2.042700 
2.042800 
2.043300 
2.043500 
2.043500 
2.044000 
2.044500 
2.045200 
2.045400 
2.046000 
2.046700 
2.047700 
2.048000 
2.048700 
2.049400 
2.051900 
2.052700 
2.053800 
2.054100 
2.054200 
2.055000 
2.055300 
2.056000 
2.057000 
2.057400 
2.058000 
2.058700 
2.058900 
2.058900 
2.059000 
2.059600 
2.061000 
2.061100 
2.061200 
2.061200 
2.061400 
2.062000 
2.062700 
2.064000 
2.064300 
2.065800 
2.066200 
2.066300 
2.066900 
2.068300 
2.069700 
2.069900 
2.070000 
2.070400 
2.070600 
2.070700 
2.070900 
2.071000 
2.072800 
2.074600 
2.074900 
2.077100 
2.078100 
2.078100 
2.078700 
2.079000 
2.079600 
2.080000 
2.080400 
2.081200 
2.081700 
2.082000 
2.082100 
2.082600 
2.083700 
2.084700 
2.086000 
2.086300 
2.086500 
2.087200 
2.087300 
2.088100 
2.088800 
2.089700 
2.090400 
2.090600 
2.090700 
2.092000 
2.092400 
2.092900 
2.093100 
2.093200 
2.093900 
2.094000 
2.094000 
2.094300 
2.094900 
2.094900 
2.095400 
2.095700 
2.096100 
2.096300 
2.096300 
2.097700 
2.097700 
2.098300 
2.098300 
2.098400 
2.099100 
2.100100 
2.103000 
2.103100 
2.103300 
2.103500 
2.103700 
2.104300 
2.104400 
2.105000 
2.105600 
2.105700 
2.107000 
2.108400 
2.109200 
2.111200 
2.111200 
2.112300 
2.113100 
2.113800 
2.114800 
2.115000 
2.116300 
2.117000 
2.117600 
2.118000 
2.118200 
2.118500 
2.118800 
2.118900 
2.119200 
2.120600 
2.121200 
2.121300 
2.122500 
2.123300 
2.123700 
2.123800 
2.124800 
2.125000 
2.127100 
2.127400 
2.127400 
2.128000 
2.128100 
2.128200 
2.128600 
2.129000 
2.129300 
2.132300 
2.133000 
2.133100 
2.133500 
2.133500 
2.133900 
2.134400 
2.137200 
2.137500 
2.137800 
2.138200 
2.138300 
2.138300 
2.138900 
2.139200 
2.140300 
2.140500 
2.141300 
2.142000 
2.142400 
2.143500 
2.143800 
2.144300 
2.145800 
2.146500 
2.146900 
2.147000 
2.147100 
2.147300 
2.148100 
2.148600 
2.148600 
2.149500 
2.150100 
2.150100 
2.150500 
2.150800 
2.151200 
2.151600 
2.152700 
2.153000 
2.154000 
2.154500 
2.155000 
2.155400 
2.155900 
2.157800 
2.159100 
2.160100 
2.160400 
2.160500 
2.161200 
2.161300 
2.161500 
2.162200 
2.162600 
2.162600 
2.162900 
2.163000 
2.163100 
2.163900 
2.164200 
2.164600 
2.166500 
2.167600 
2.169200 
2.169400 
2.170400 
2.170900 
2.170900 
2.173200 
2.174300 
2.174400 
2.174500 
2.174700 
2.175300 
2.176000 
2.176100 
2.176600 
2.177000 
2.177300 
2.177400 
2.177700 
2.178300 
2.178300 
2.178900 
2.179000 
2.179300 
2.179400 
2.179600 
2.179700 
2.179900 
2.180500 
2.181900 
2.181900 
2.182800 
2.183400 
2.184700 
2.184700 
2.186100 
2.188000 
2.189200 
2.190000 
2.190700 
2.190700 
2.191400 
2.191700 
2.192900 
2.193100 
2.193200 
2.193400 
2.195900 
2.197600 
2.197800 
2.198500 
2.198700 
2.199200 
2.199600 
2.200200 
2.201200 
2.201500 
2.201600 
2.202900 
2.203900 
2.204900 
2.205100 
2.205100 
2.205600 
2.205800 
2.205800 
2.206700 
2.206700 
2.206800 
2.207500 
2.208100 
2.208400 
2.208500 
2.209100 
2.209100 
2.210200 
2.210300 
2.210300 
2.210600 
2.212800 
2.213900 
2.215900 
2.216600 
2.217200 
2.217400 
2.218900 
2.220500 
2.221100 
2.221100 
2.221200 
2.221300 
2.221300 
2.222000 
2.223500 
2.223600 
2.224100 
2.225600 
2.226200 
2.226200 
2.226400 
2.226400 
2.226600 
2.227000 
2.227100 
2.227300 
2.227700 
2.228000 
2.229500 
2.230700 
2.231800 
2.231800 
2.231800 
2.232100 
2.232200 
2.232300 
2.232500 
2.232700 
2.232900 
2.233100 
2.233200 
2.233600 
2.233600 
2.234500 
2.234700 
2.235500 
2.235700 
2.237600 
2.237800 
2.239100 
2.239200 
2.242100 
2.242700 
2.243100 
2.243600 
2.244200 
2.245000 
2.245300 
2.245600 
2.246200 
2.246600 
2.246700 
2.246800 
2.247000 
2.247100 
2.247600 
2.248100 
2.248200 
2.248400 
2.248600 
2.250200 
2.251200 
2.251500 
2.252100 
2.253600 
2.254800 
2.255500 
2.255500 
2.255600 
2.256000 
2.257800 
2.258000 
2.259300 
2.259500 
2.259500 
2.259600 
2.260000 
2.260200 
2.262100 
2.262300 
2.262400 
2.262800 
2.263600 
2.264900 
2.265300 
2.265900 
2.266700 
2.266700 
2.266900 
2.267100 
2.267900 
2.268200 
2.269500 
2.269800 
2.271800 
2.272600 
2.272900 
2.273500 
2.273700 
2.273800 
2.274500 
2.276000 
2.276400 
2.277200 
2.277200 
2.277700 
2.280300 
2.280600 
2.280700 
2.281300 
2.281700 
2.282100 
2.283500 
2.283900 
2.283900 
2.283900 
2.284200 
2.284400 
2.285300 
2.285600 
2.285600 
2.286100 
2.286300 
2.286400 
2.287300 
2.287700 
2.287800 
2.288200 
2.288200 
2.288300 
2.289500 
2.289700 
2.289700 
2.289900 
2.289900 
2.290100 
2.291100 
2.292000 
2.292300 
2.293500 
2.293700 
2.294500 
2.294500 
2.295400 
2.296000 
2.296200 
2.296700 
2.297300 
2.298800 
2.299100 
2.300800 
2.302100 
2.302500 
2.303400 
2.303800 
2.304400 
2.305100 
2.305100 
2.305200 
2.306500 
2.306700 
2.307400 
2.307400 
2.307400 
2.307500 
2.307900 
2.308500 
2.309200 
2.309600 
2.311300 
2.311600 
2.312200 
2.312300 
2.312700 
2.312800 
2.313200 
2.313600 
2.314400 
2.316200 
2.316600 
2.316900 
2.317100 
2.317300 
2.317400 
2.317500 
2.319200 
2.319500 
2.319700 
2.319800 
2.320000 
2.321200 
2.322500 
2.324800 
2.324900 
2.324900 
2.325100 
2.325300 
2.326100 
2.326400 
2.326500 
2.326500 
2.327100 
2.328200 
2.328400 
2.329700 
2.330100 
2.332900 
2.333100 
2.333400 
2.335100 
2.336800 
2.336900 
2.338400 
2.339200 
2.339200 
2.339700 
2.340200 
2.340300 
2.340600 
2.340800 
2.341100 
2.342000 
2.342100 
2.342200 
2.342300 
2.343100 
2.343100 
2.343800 
2.344000 
2.344300 
2.345000 
2.346400 
2.346500 
2.346600 
2.347300 
2.347400 
2.347600 
2.349300 
2.350700 
2.351100 
2.351200 
2.351400 
2.351500 
2.351700 
2.352800 
2.353700 
2.354200 
2.354200 
2.354800 
2.355000 
2.355100 
2.355400 
2.356200 
2.358400 
2.358900 
2.359700 
2.359900 
2.360100 
2.360500 
2.360700 
2.361200 
2.361900 
2.362200 
2.362500 
2.363100 
2.363200 
2.363300 
2.364000 
2.364100 
2.364400 
2.365000 
2.365200 
2.365400 
2.369100 
2.369800 
2.370000 
2.370000 
2.370100 
2.371700 
2.372000 
2.372200 
2.372800 
2.373700 
2.373900 
2.374100 
2.374400 
2.374500 
2.375500 
2.375800 
2.375900 
2.376400 
2.376700 
2.377500 
2.378000 
2.378300 
2.379300 
2.380900 
2.382600 
2.383000 
2.383600 
2.383900 
2.384600 
2.384700 
2.384900 
2.385100 
2.385800 
2.386000 
2.386900 
2.387400 
2.387600 
2.387600 
2.388300 
2.388600 
2.392600 
2.393400 
2.394200 
2.394400 
2.394700 
2.394900 
2.394900 
2.395100 
2.395300 
2.396100 
2.399600 
2.400800 
2.401200 
2.401500 
2.402000 
2.402100 
2.402100 
2.402500 
2.403400 
2.403600 
2.405700 
2.406100 
2.407900 
2.407900 
2.408700 
2.409300 
2.409400 
2.409500 
2.409700 
2.409800 
2.410700 
2.411200 
2.412400 
2.414000 
2.415000 
2.415400 
2.415400 
2.415500 
2.415500 
2.416100 
2.416200 
2.416700 
2.417200 
2.417400 
2.418300 
2.418500 
2.419000 
2.419600 
2.419700 
2.420500 
2.420600 
2.420700 
2.421800 
2.422400 
2.423400 
2.424100 
2.424600 
2.425500 
2.425700 
2.426900 
2.427000 
2.427300 
2.427900 
2.429900 
2.430400 
2.430600 
2.431800 
2.432400 
2.433200 
2.433200 
2.433700 
2.433900 
2.435300 
2.435700 
2.437300 
2.438300 
2.438700 
2.439200 
2.439600 
2.441100 
2.441200 
2.442100 
2.442700 
2.442900 
2.443400 
2.443500 
2.443500 
2.444400 
2.444700 
2.444800 
2.445500 
2.445600 
2.446200 
2.446600 
2.447400 
2.447400 
2.448300 
2.448400 
2.448800 
2.448800 
2.449200 
2.449700 
2.451200 
2.452500 
2.453700 
2.453700 
2.455200 
2.456200 
2.457000 
2.457100 
2.458400 
2.459000 
2.459200 
2.459400 
2.460000 
2.460500 
2.460600 
2.461100 
2.461500 
2.462300 
2.462900 
2.463300 
2.463600 
2.464100 
2.464300 
2.465500 
2.465800 
2.465800 
2.466200 
2.467000 
2.467300 
2.467300 
2.467300 
2.467900 
2.468000 
2.470000 
2.470000 
2.470800 
2.470900 
2.470900 
2.472000 
2.472100 
2.472900 
2.477000 
2.477100 
2.477700 
2.478000 
2.478800 
2.478800 
2.479200 
2.481900 
2.482000 
2.482200 
2.483200 
2.483600 
2.484600 
2.484800 
2.485100 
2.485400 
2.485500 
2.485600 
2.486400 
2.487000 
2.488800 
2.488900 
2.490000 
2.490000 
2.490000 
2.490300 
2.490400 
2.491400 
2.491900 
2.492300 
2.492800 
2.492800 
2.493000 
2.494100 
2.495200 
2.495400 
2.495600 
2.495800 
2.496600 
2.497200 
2.497200 
2.497300 
2.497500 
2.498300 
2.498600 
2.499300 
2.500600 
2.501100 
2.501300 
2.502600 
2.502900 
2.503600 
2.505700 
2.505700 
2.505900 
2.505900 
2.506400 
2.506600 
2.507000 
2.508500 
2.508600 
2.509000 
2.509600 
2.510100 
2.512200 
2.512300 
2.513800 
2.514200 
2.515200 
2.515200 
2.515700 
2.516200 
2.516200 
2.516700 
2.517000 
2.517200 
2.518400 
2.518700 
2.519200 
2.520200 
2.520200 
2.521800 
2.521800 
2.521800 
2.522200 
2.522300 
2.522800 
2.523100 
2.523400 
2.523600 
2.524200 
2.524600 
2.524700 
2.524800 
2.525400 
2.525700 
2.526500 
2.528000 
2.529000 
2.530200 
2.531700 
2.533000 
2.533300 
2.533600 
2.534400 
2.535200 
2.536700 
2.538100 
2.539600 
2.539900 
2.539900 
2.540100 
2.540200 
2.540700 
2.540800 
2.540900 
2.541300 
2.542200 
2.542200 
2.542600 
2.542800 
2.543200 
2.544200 
2.544900 
2.545800 
2.547000 
2.547400 
2.547600 
2.547700 
2.548800 
2.549000 
2.549500 
2.550400 
2.551100 
2.551500 
2.551700 
2.552500 
2.552700 
2.554000 
2.556000 
2.556900 
2.557200 
2.557400 
2.558100 
2.559200 
2.559900 
2.559900 
2.560700 
2.560800 
2.560900 
2.561200 
2.561400 
2.561600 
2.562100 
2.562500 
2.562700 
2.563600 
2.563900 
2.564700 
2.564700 
2.565000 
2.565700 
2.566500 
2.567600 
2.569200 
2.569300 
2.569300 
2.572000 
2.572400 
2.572700 
2.573300 
2.573700 
2.573800 
2.575300 
2.575600 
2.575900 
2.576200 
2.577600 
2.577900 
2.578700 
2.578900 
2.580100 
2.580100 
2.580400 
2.580800 
2.581200 
2.581300 
2.581800 
2.582100 
2.582100 
2.582400 
2.583900 
2.584000 
2.584900 
2.585300 
2.585500 
2.586200 
2.586400 
2.586600 
2.586700 
2.587000 
2.587400 
2.587600 
2.588300 
2.588700 
2.588900 
2.589600 
2.589700 
2.590000 
2.590800 
2.591500 
2.592700 
2.593300 
2.593300 
2.594600 
2.595000 
2.595500 
2.596800 
2.596900 
2.597700 
2.598400 
2.598800 
2.599000 
2.600100 
2.600400 
2.601200 
2.601500 
2.602000 
2.603800 
2.604400 
2.604600 
2.604800 
2.604900 
2.605900 
2.606600 
2.606800 
2.607400 
2.607900 
2.608100 
2.609000 
2.609000 
2.609000 
2.610300 
2.610600 
2.611800 
2.612100 
2.612100 
2.612100 
2.612400 
2.613100 
2.613400 
2.613500 
2.613600 
2.614300 
2.614500 
2.617900 
2.618500 
2.619300 
2.619700 
2.620000 
2.620000 
2.620200 
2.621100 
2.621500 
2.621600 
2.622500 
2.622700 
2.624400 
2.624700 
2.624800 
2.625100 
2.625200 
2.625600 
2.626600 
2.628400 
2.628700 
2.629100 
2.629700 
2.629800 
2.630200 
2.630600 
2.630800 
2.631100 
2.631100 
2.631400 
2.631800 
2.632100 
2.632400 
2.632500 
2.633500 
2.634900 
2.636500 
2.637100 
2.637500 
2.637600 
2.639000 
2.640400 
2.641000 
2.641500 
2.641500 
2.644100 
2.644100 
2.644600 
2.644800 
2.645400 
2.646400 
2.647100 
2.647100 
2.647400 
2.648100 
2.649300 
2.649800 
2.650400 
2.650700 
2.650900 
2.651000 
2.651300 
2.652000 
2.652200 
2.652200 
2.653300 
2.653900 
2.654400 
2.654400 
2.654800 
2.655500 
2.655700 
2.656500 
2.656800 
2.657500 
2.657700 
2.657800 
2.658000 
2.658100 
2.658300 
2.658900 
2.659000 
2.659900 
2.659900 
2.661300 
2.661500 
2.661800 
2.664100 
2.664900 
2.665300 
2.667400 
2.667800 
2.669000 
2.669200 
2.669600 
2.669800 
2.670000 
2.671000 
2.671100 
2.671800 
2.673300 
2.673400 
2.674100 
2.674700 
2.675200 
2.676000 
2.676300 
2.676600 
2.676900 
2.677400 
2.677700 
2.678500 
2.678900 
2.678900 
2.679100 
2.679200 
2.680100 
2.681200 
2.682400 
2.682600 
2.684000 
2.684200 
2.684900 
2.686300 
2.686400 
2.686800 
2.687300 
2.689000 
2.690000 
2.690700 
2.691100 
2.691400 
2.692100 
2.692800 
2.692900 
2.693400 
2.694100 
2.694400 
2.694600 
2.695000 
2.695300 
2.696700 
2.697000 
2.697500 
2.697700 
2.697800 
2.697800 
2.698600 
2.700600 
2.701100 
2.701900 
2.702400 
2.703400 
2.704800 
2.705000 
2.705900 
2.706300 
2.706600 
2.707200 
2.707200 
2.707900 
2.708100 
2.708500 
2.708700 
2.711300 
2.713200 
2.713400 
2.713500 
2.714600 
2.715000 
2.717000 
2.717100 
2.718000 
2.718200 
2.718300 
2.718300 
2.718400 
2.718500 
2.719800 
2.721200 
2.721300 
2.721600 
2.721600 
2.722200 
2.723700 
2.723800 
2.724000 
2.725700 
2.726400 
2.727300 
2.728200 
2.729100 
2.729200 
2.729900 
2.731000 
2.731000 
2.732500 
2.733300 
2.733700 
2.734300 
2.736100 
2.738000 
2.738100 
2.738700 
2.738800 
2.739500 
2.740900 
2.741300 
2.741400 
2.741600 
2.742000 
2.742400 
2.742700 
2.744200 
2.744500 
2.744600 
2.746400 
2.747200 
2.747200 
2.747400 
2.747700 
2.748000 
2.748700 
2.749100 
2.750800 
2.753500 
2.754900 
2.754900 
2.755100 
2.755600 
2.755900 
2.757500 
2.758500 
2.758700 
2.759800 
2.760000 
2.761400 
2.761600 
2.762900 
2.763100 
2.763400 
2.764400 
2.764600 
2.764700 
2.765800 
2.766000 
2.766300 
2.766500 
2.766800 
2.767300 
2.767500 
2.767900 
2.768000 
2.768100 
2.768200 
2.768800 
2.769400 
2.770400 
2.771800 
2.773500 
2.773900 
2.773900 
2.774500 
2.775900 
2.776100 
2.776100 
2.779100 
2.779400 
2.780500 
2.780700 
2.781000 
2.781300 
2.781300 
2.781600 
2.781700 
2.781800 
2.781900 
2.784600 
2.784800 
2.784800 
2.784900 
2.785200 
2.785400 
2.786100 
2.786500 
2.787800 
2.788100 
2.789000 
2.789400 
2.790700 
2.794600 
2.794700 
2.795100 
2.795100 
2.795600 
2.796200 
2.796400 
2.796400 
2.796600 
2.796800 
2.797000 
2.797100 
2.797100 
2.798600 
2.798700 
2.799200 
2.800100 
2.800600 
2.800700 
2.801200 
2.801500 
2.804000 
2.804800 
2.805200 
2.805800 
2.806000 
2.806500 
2.807200 
2.807300 
2.807400 
2.808000 
2.808500 
2.808600 
2.810000 
2.810000 
2.810400 
2.810600 
2.811100 
2.811400 
2.811400 
2.811600 
2.811600 
2.812700 
2.812800 
2.813400 
2.813600 
2.813700 
2.814500 
2.814700 
2.815800 
2.817400 
2.817800 
2.818700 
2.819500 
2.819700 
2.820600 
2.821400 
2.821400 
2.824700 
2.824700 
2.825100 
2.825400 
2.825400 
2.825500 
2.826200 
2.826800 
2.827200 
2.827500 
2.827800 
2.830500 
2.831700 
2.832300 
2.832800 
2.833400 
2.833700 
2.833700 
2.833900 
2.834400 
2.834900 
2.835100 
2.835100 
2.836800 
2.837800 
2.839100 
2.839600 
2.840400 
2.840600 
2.840900 
2.841100 
2.841800 
2.841900 
2.841900 
2.842300 
2.842800 
2.842900 
2.843100 
2.844800 
2.845000 
2.845600 
2.845600 
2.846200 
2.849100 
2.850100 
2.851500 
2.852100 
2.852300 
2.852500 
2.852700 
2.853900 
2.854200 
2.854900 
2.855200 
2.855400 
2.856100 
2.856500 
2.859700 
2.859800 
2.860400 
2.860900 
2.861700 
2.862100 
2.862200 
2.862500 
2.863200 
2.863600 
2.864200 
2.864200 
2.864700 
2.864800 
2.864900 
2.865500 
2.867800 
2.867800 
2.868100 
2.868800 
2.870600 
2.871400 
2.872500 
2.872600 
2.873000 
2.873100 
2.873500 
2.873800 
2.874000 
2.875400 
2.875800 
2.876000 
2.876000 
2.877700 
2.878000 
2.878000 
2.878200 
2.878400 
2.879200 
2.879700 
2.880100 
2.880400 
2.880500 
2.880900 
2.881300 
2.881400 
2.882400 
2.882800 
2.883000 
2.883400 
2.883700 
2.886900 
2.887400 
2.888000 
2.888900 
2.889000 
2.889300 
2.890800 
2.891800 
2.892300 
2.892300 
2.892500 
2.892900 
2.893300 
2.893800 
2.893800 
2.893900 
2.894700 
2.896000 
2.897500 
2.898300 
2.899400 
2.899500 
2.899600 
2.901000 
2.902200 
2.902500 
2.902800 
2.903000 
2.904100 
2.904500 
2.904600 
2.905000 
2.905900 
2.906000 
2.906400 
2.906500 
2.907600 
2.907800 
2.908500 
2.909700 
2.910400 
2.913200 
2.913800 
2.913900 
2.914100 
2.915000 
2.915300 
2.915600 
2.917100 
2.917600 
2.918500 
2.919300 
2.921100 
2.921400 
2.922400 
2.923600 
2.924600 
2.924800 
2.924900 
2.925600 
2.926000 
2.926300 
2.926700 
2.928700 
2.928700 
2.929300 
2.929500 
2.930100 
2.930600 
2.930700 
2.930700 
2.931300 
2.931800 
2.933100 
2.934100 
2.934300 
2.934300 
2.934600 
2.935100 
2.935300 
2.935600 
2.936100 
2.936300 
2.936500 
2.937100 
2.937300 
2.937500 
2.937600 
2.938700 
2.939300 
2.940500 
2.940600 
2.941400 
2.942400 
2.943400 
2.943700 
2.945100 
2.945400 
2.946000 
2.946900 
2.948000 
2.948200 
2.948500 
2.948900 
2.949000 
2.949400 
2.950200 
2.951600 
2.951700 
2.951900 
2.952100 
2.952800 
2.953000 
2.954100 
2.956200 
2.956800 
2.958000 
2.958600 
2.959300 
2.959800 
2.959800 
2.960200 
2.960800 
2.961100 
2.961400 
2.961700 
2.961700 
2.961700 
2.962800 
2.963100 
2.966000 
2.968000 
2.968000 
2.968300 
2.968900 
2.969300 
2.971200 
2.971200 
2.972000 
2.972200 
2.972400 
2.972700 
2.972900 
2.972900 
2.973100 
2.974700 
2.975000 
2.976200 
2.977400 
2.978800 
2.979100 
2.979200 
2.980300 
2.980500 
2.980800 
2.980900 
2.982000 
2.982600 
2.982900 
2.984200 
2.984900 
2.985400 
2.985400 
2.985900 
2.986300 
2.987300 
2.987400 
2.987600 
2.988000 
2.988400 
2.988800 
2.988800 
2.989200 
2.989600 
2.989900 
2.990500 
2.991400 
2.992000 
2.992800 
2.993200 
2.993400 
2.993700 
2.993700 
2.993900 
2.994000 
2.994600 
2.995900 
2.996300 
2.997200 
2.998800 
2.999600 
2.999700 
2.999800 
