0.047600 
0.051800 
0.055100 
0.072200 
0.095800 
0.112500 
0.115900 
0.156100 
0.156300 
0.164400 
0.174400 
0.187400 
0.194800 
0.198100 
0.209400 
0.213200 
0.241800 
0.260300 
0.260500 
0.261700 
0.280300 
0.307300 
0.313900 
0.326500 
0.328800 
0.338500 
0.346000 
0.359000 
0.372000 
0.372300 
0.372500 
0.381100 
0.385300 
0.403700 
0.403700 
0.417900 
0.422700 
0.450900 
0.467400 
0.469500 
0.473400 
0.483500 
0.483600 
0.496000 
0.502500 
0.546100 
0.551900 
0.569700 
0.576200 
0.581000 
0.594600 
0.595100 
0.615500 
0.624800 
0.654200 
0.687600 
0.688800 
0.689600 
0.711800 
0.715400 
0.721700 
0.733700 
0.760000 
0.770100 
0.792800 
0.794300 
0.799600 
0.820500 
0.829300 
0.832300 
0.846000 
0.854200 
0.854700 
0.862200 
0.862900 
0.878200 
0.891200 
0.896600 
0.900800 
0.902300 
0.907400 
0.911800 
0.913200 
0.941700 
0.953700 
0.985400 
0.985500 
1.008600 
1.016300 
1.022000 
1.033600 
1.046800 
1.051100 
1.065300 
1.081900 
1.082000 
1.095000 
1.108500 
1.117600 
1.127700 
1.133200 
1.133900 
1.136000 
1.147900 
1.154900 
1.159800 
1.179200 
1.180300 
1.194000 
1.199200 
1.206800 
1.208100 
1.209400 
1.222700 
1.235600 
1.269200 
1.275000 
1.282600 
1.287200 
1.292700 
1.294000 
1.297900 
1.313700 
1.317500 
1.318700 
1.328500 
1.330200 
1.334300 
1.339700 
1.351300 
1.355400 
1.356400 
1.357000 
1.361400 
1.372200 
1.378700 
1.381000 
1.394300 
1.396500 
1.408000 
1.412200 
1.417500 
1.424900 
1.426200 
1.432400 
1.446300 
1.453100 
1.454100 
1.468300 
1.479400 
1.497800 
1.510600 
1.514200 
1.523000 
1.541600 
1.561200 
1.562700 
1.580600 
1.595200 
1.604900 
1.634400 
1.656800 
1.679400 
1.683500 
1.688200 
1.701500 
1.704300 
1.705700 
1.708200 
1.720100 
1.722300 
1.738000 
1.762000 
1.787200 
1.796600 
1.811700 
1.826000 
1.869600 
1.870000 
1.875400 
1.880800 
1.895800 
1.909800 
1.912100 
1.918500 
1.921900 
1.935700 
1.940800 
1.943300 
1.965200 
1.973000 
1.973900 
1.981700 
1.990300 
1.993500 
1.998700 
2.014800 
2.016000 
2.016100 
2.036600 
2.037200 
2.040600 
2.051300 
2.066500 
2.075000 
2.075900 
2.087100 
2.091900 
2.095600 
2.095800 
2.103400 
2.106300 
2.112500 
2.121600 
2.122000 
2.126700 
2.153300 
2.161800 
2.165900 
2.192300 
2.192900 
2.192900 
2.210400 
2.212000 
2.225100 
2.228200 
2.236900 
2.245700 
2.255400 
2.258600 
2.288600 
2.311100 
2.318800 
2.334500 
2.341000 
2.343200 
2.344700 
2.347800 
2.349000 
2.358300 
2.377700 
2.386400 
2.387400 
2.392000 
2.431100 
2.444800 
2.467300 
2.477400 
2.484100 
2.522500 
2.525600 
2.531600 
2.541700 
2.555500 
2.560400 
2.564300 
2.573300 
2.580300 
2.596600 
2.600800 
2.609200 
2.613200 
2.643000 
2.647100 
2.649700 
2.655400 
2.662100 
2.668400 
2.670200 
2.722800 
2.732900 
2.733500 
2.750700 
2.751900 
2.755600 
2.769900 
2.774100 
2.784200 
2.788300 
2.819900 
2.841100 
2.856400 
2.874100 
2.890000 
2.898900 
2.908700 
2.913800 
2.928500 
2.958500 
2.960800 
2.966800 
2.966800 
2.978200 
2.996400 
