0.011700 
0.016800 
0.017100 
0.017500 
0.017600 
0.017600 
0.017800 
0.018000 
0.018900 
0.019500 
0.020100 
0.021300 
0.021300 
0.022400 
0.024100 
0.025000 
0.026000 
0.029800 
0.030100 
0.031100 
0.031500 
0.031600 
0.031800 
0.032000 
0.032000 
0.032100 
0.032200 
0.032300 
0.032700 
0.033100 
0.033500 
0.033600 
0.033800 
0.034100 
0.034200 
0.034300 
0.034900 
0.035000 
0.035000 
0.035300 
0.035500 
0.035500 
0.036000 
0.036300 
0.037000 
0.037400 
0.037700 
0.038900 
0.040300 
0.040500 
0.041100 
0.041200 
0.041200 
0.043100 
0.043700 
0.043800 
0.044700 
0.045400 
0.045700 
0.047700 
0.049100 
0.050100 
0.050300 
0.050400 
0.051000 
0.051800 
0.052500 
0.053400 
0.054000 
0.054100 
0.054200 
0.054200 
0.055300 
0.055500 
0.057900 
0.058000 
0.058000 
0.058800 
0.058800 
0.058900 
0.061100 
0.062300 
0.062600 
0.062700 
0.063400 
0.064500 
0.065000 
0.066000 
0.066300 
0.067000 
0.067100 
0.067100 
0.068000 
0.068100 
0.068500 
0.068700 
0.068900 
0.069200 
0.069700 
0.069700 
0.071500 
0.072700 
0.072900 
0.073600 
0.075900 
0.076000 
0.076000 
0.076300 
0.076300 
0.077600 
0.078200 
0.078400 
0.078700 
0.078700 
0.079400 
0.079400 
0.080400 
0.080700 
0.080900 
0.081100 
0.081100 
0.081300 
0.081300 
0.081400 
0.081600 
0.081800 
0.082200 
0.083100 
0.083300 
0.084700 
0.085600 
0.085800 
0.085900 
0.086300 
0.086400 
0.086600 
0.087500 
0.087900 
0.088100 
0.088600 
0.088900 
0.090100 
0.090200 
0.090600 
0.090900 
0.091900 
0.092200 
0.092200 
0.092500 
0.092900 
0.093500 
0.093800 
0.094100 
0.094600 
0.094800 
0.094900 
0.095200 
0.097300 
0.097300 
0.097400 
0.097500 
0.098000 
0.098400 
0.098400 
0.098900 
0.099100 
0.099500 
0.099700 
0.099900 
0.100000 
0.101500 
0.102700 
0.103000 
0.103400 
0.104000 
0.104600 
0.104800 
0.106000 
0.106300 
0.107300 
0.107600 
0.107700 
0.107800 
0.107900 
0.107900 
0.109500 
0.109700 
0.110100 
0.110200 
0.110400 
0.110700 
0.110800 
0.111100 
0.111200 
0.111300 
0.111600 
0.112000 
0.112200 
0.112400 
0.113300 
0.113400 
0.113400 
0.114700 
0.114800 
0.115000 
0.115600 
0.116000 
0.117100 
0.118900 
0.119300 
0.119700 
0.120400 
0.120500 
0.121600 
0.121900 
0.122100 
0.122500 
0.122600 
0.123900 
0.124100 
0.124200 
0.124700 
0.124900 
0.124900 
0.125400 
0.125700 
0.126100 
0.126100 
0.126200 
0.126200 
0.126600 
0.127700 
0.128200 
0.128200 
0.128600 
0.128800 
0.129100 
0.129800 
0.129900 
0.130900 
0.131000 
0.131000 
0.131400 
0.131600 
0.132000 
0.132200 
0.133100 
0.133500 
0.133800 
0.134400 
0.134500 
0.134500 
0.134800 
0.134900 
0.134900 
0.135200 
0.135600 
0.135600 
0.135600 
0.135600 
0.136300 
0.137000 
0.138500 
0.138700 
0.139500 
0.139500 
0.139600 
0.139700 
0.140500 
0.142300 
0.143400 
0.143500 
0.143600 
0.143700 
0.144200 
0.144300 
0.144300 
0.144400 
0.144800 
0.145200 
0.145300 
0.146200 
0.146400 
0.146800 
0.147100 
0.147500 
0.147700 
0.148300 
0.149100 
0.149600 
0.150600 
0.150700 
0.150900 
0.152800 
0.153200 
0.154100 
0.154300 
0.154700 
0.154900 
0.155300 
0.155400 
0.156700 
0.156800 
0.157900 
0.158200 
0.158300 
0.158900 
0.159000 
0.159200 
0.159400 
0.159400 
0.159600 
0.159700 
0.159800 
0.160500 
0.160800 
0.161300 
0.162400 
0.162500 
0.163000 
0.163000 
0.163700 
0.164100 
0.164500 
0.164700 
0.165400 
0.165800 
0.165800 
0.166700 
0.167300 
0.168000 
0.168100 
0.168300 
0.168400 
0.168700 
0.169000 
0.169300 
0.169400 
0.169500 
0.170200 
0.170200 
0.170300 
0.170400 
0.170700 
0.170900 
0.172100 
0.172700 
0.173000 
0.173200 
0.173300 
0.173400 
0.174500 
0.174700 
0.174900 
0.175000 
0.175200 
0.175200 
0.175300 
0.175900 
0.176300 
0.176800 
0.177200 
0.177200 
0.177500 
0.177600 
0.177600 
0.178200 
0.178700 
0.179000 
0.179100 
0.179500 
0.180300 
0.180700 
0.181600 
0.182500 
0.182600 
0.182700 
0.183300 
0.183800 
0.184400 
0.184600 
0.184600 
0.184900 
0.186000 
0.186100 
0.186500 
0.187500 
0.187800 
0.187900 
0.188200 
0.188500 
0.188500 
0.188800 
0.189700 
0.190100 
0.190200 
0.190200 
0.190500 
0.191100 
0.191400 
0.191500 
0.191600 
0.191800 
0.191900 
0.191900 
0.192100 
0.192700 
0.193200 
0.193300 
0.193400 
0.193700 
0.193900 
0.194000 
0.194100 
0.194300 
0.195200 
0.195700 
0.196300 
0.196700 
0.197200 
0.198000 
0.198700 
0.199000 
0.199000 
0.199600 
0.200700 
0.201300 
0.201900 
0.201900 
0.202200 
0.202500 
0.202800 
0.203100 
0.203200 
0.204100 
0.204700 
0.205000 
0.205500 
0.205900 
0.206000 
0.206100 
0.206300 
0.206700 
0.207500 
0.208000 
0.208200 
0.208200 
0.208700 
0.209100 
0.209200 
0.209700 
0.209900 
0.210800 
0.210900 
0.211500 
0.211500 
0.212600 
0.212800 
0.212900 
0.213200 
0.213700 
0.214600 
0.216200 
0.216500 
0.216900 
0.217200 
0.217800 
0.218000 
0.218200 
0.218600 
0.219400 
0.219500 
0.219500 
0.219700 
0.220400 
0.220500 
0.220600 
0.220700 
0.221500 
0.221800 
0.222000 
0.222500 
0.223600 
0.223700 
0.224000 
0.224300 
0.224300 
0.224600 
0.224800 
0.224900 
0.225200 
0.226700 
0.227500 
0.227900 
0.228600 
0.228700 
0.228800 
0.229000 
0.229100 
0.229400 
0.230400 
0.231000 
0.231000 
0.231000 
0.231100 
0.231300 
0.231900 
0.232400 
0.232700 
0.232800 
0.233700 
0.234100 
0.235000 
0.235600 
0.235800 
0.236300 
0.236600 
0.236600 
0.236700 
0.236900 
0.237100 
0.237200 
0.237500 
0.237700 
0.238500 
0.238900 
0.239100 
0.239300 
0.240100 
0.240700 
0.241200 
0.241300 
0.241700 
0.241700 
0.242200 
0.243000 
0.243100 
0.245000 
0.245400 
0.245700 
0.246000 
0.246100 
0.246300 
0.246500 
0.246600 
0.247100 
0.247600 
0.247600 
0.248100 
0.248300 
0.248300 
0.248500 
0.249900 
0.250800 
0.251200 
0.251700 
0.252200 
0.252300 
0.252800 
0.253100 
0.253500 
0.253600 
0.253900 
0.254300 
0.254300 
0.254300 
0.254700 
0.255000 
0.255300 
0.255800 
0.256300 
0.256400 
0.257600 
0.257700 
0.258100 
0.258100 
0.258100 
0.258300 
0.258400 
0.258700 
0.258700 
0.259500 
0.261200 
0.261600 
0.263000 
0.263900 
0.264000 
0.264100 
0.264300 
0.264300 
0.265200 
0.265700 
0.267500 
0.267700 
0.267900 
0.268000 
0.268500 
0.268700 
0.268800 
0.268800 
0.269000 
0.269500 
0.269600 
0.269800 
0.269800 
0.271200 
0.271300 
0.271700 
0.271700 
0.272200 
0.273100 
0.273100 
0.273300 
0.273400 
0.273600 
0.274100 
0.274200 
0.274300 
0.274400 
0.275000 
0.275800 
0.276000 
0.276000 
0.276000 
0.276200 
0.277000 
0.277000 
0.277500 
0.277900 
0.278000 
0.278200 
0.278900 
0.279600 
0.279600 
0.280500 
0.280500 
0.281200 
0.281300 
0.281500 
0.282400 
0.282600 
0.283500 
0.283900 
0.284300 
0.284800 
0.285000 
0.285100 
0.285500 
0.285800 
0.286900 
0.287000 
0.288200 
0.288500 
0.289600 
0.289700 
0.289700 
0.289800 
0.290200 
0.291200 
0.291300 
0.291400 
0.291600 
0.291700 
0.291900 
0.292100 
0.292300 
0.292300 
0.292600 
0.293100 
0.293400 
0.293600 
0.293800 
0.294200 
0.295200 
0.295300 
0.295900 
0.296400 
0.297200 
0.297600 
0.298800 
0.301300 
0.301400 
0.301900 
0.302100 
0.302200 
0.302700 
0.302800 
0.303500 
0.303800 
0.304000 
0.304200 
0.304300 
0.304400 
0.304900 
0.305000 
0.305400 
0.305400 
0.306500 
0.307000 
0.307600 
0.308100 
0.308200 
0.308400 
0.308600 
0.308800 
0.309200 
0.309700 
0.309800 
0.310100 
0.310200 
0.310200 
0.310300 
0.310700 
0.311000 
0.311200 
0.311600 
0.311800 
0.311900 
0.312100 
0.312200 
0.313300 
0.313900 
0.314100 
0.314300 
0.315700 
0.315900 
0.316600 
0.316700 
0.316700 
0.317600 
0.317700 
0.318000 
0.318100 
0.318300 
0.319200 
0.319600 
0.319900 
0.320400 
0.320600 
0.321200 
0.321700 
0.322300 
0.322400 
0.322900 
0.323000 
0.323700 
0.324000 
0.324100 
0.324700 
0.324900 
0.325800 
0.326400 
0.326500 
0.327500 
0.327700 
0.327800 
0.328100 
0.328100 
0.328600 
0.328600 
0.328700 
0.328700 
0.328700 
0.328800 
0.329400 
0.329400 
0.329700 
0.329800 
0.329900 
0.330000 
0.330600 
0.330900 
0.333200 
0.334500 
0.335000 
0.335100 
0.336100 
0.336200 
0.337300 
0.337500 
0.337800 
0.337800 
0.337900 
0.337900 
0.338600 
0.338900 
0.338900 
0.338900 
0.339200 
0.340100 
0.340100 
0.340100 
0.340500 
0.340600 
0.341000 
0.341100 
0.341300 
0.341400 
0.341600 
0.341900 
0.342600 
0.342800 
0.343000 
0.343000 
0.344700 
0.345100 
0.345100 
0.346500 
0.346600 
0.346800 
0.347200 
0.347300 
0.349000 
0.349000 
0.349500 
0.349600 
0.351300 
0.351300 
0.351400 
0.351500 
0.352100 
0.352200 
0.352800 
0.352900 
0.353700 
0.354500 
0.354900 
0.355200 
0.355200 
0.355400 
0.356000 
0.356000 
0.356700 
0.356700 
0.356800 
0.357000 
0.357400 
0.358000 
0.358100 
0.358400 
0.358600 
0.358700 
0.359100 
0.359200 
0.359300 
0.359400 
0.359600 
0.362600 
0.362900 
0.362900 
0.363100 
0.363100 
0.363700 
0.364000 
0.364000 
0.364600 
0.365500 
0.365700 
0.366000 
0.366200 
0.366600 
0.367000 
0.367300 
0.367500 
0.367600 
0.367800 
0.368600 
0.369000 
0.369900 
0.370400 
0.370900 
0.371000 
0.371400 
0.372500 
0.372700 
0.372800 
0.373000 
0.373000 
0.373200 
0.373400 
0.374700 
0.376100 
0.376200 
0.376200 
0.376700 
0.376800 
0.376900 
0.377000 
0.377200 
0.377900 
0.378300 
0.378400 
0.378600 
0.378800 
0.379200 
0.379300 
0.379600 
0.379700 
0.379900 
0.379900 
0.380500 
0.380500 
0.380600 
0.381100 
0.381300 
0.381400 
0.381500 
0.381700 
0.382100 
0.382500 
0.382700 
0.382900 
0.383400 
0.384600 
0.384600 
0.385200 
0.385900 
0.386100 
0.386700 
0.387400 
0.388300 
0.390100 
0.390300 
0.390300 
0.390700 
0.390700 
0.390900 
0.391000 
0.391100 
0.391300 
0.392000 
0.392200 
0.392500 
0.393100 
0.393300 
0.393600 
0.394300 
0.394400 
0.394800 
0.394900 
0.395400 
0.395600 
0.396500 
0.396600 
0.397900 
0.398300 
0.398400 
0.398500 
0.398700 
0.400000 
0.400200 
0.400600 
0.400700 
0.401000 
0.401300 
0.402000 
0.402100 
0.402900 
0.403300 
0.403600 
0.404200 
0.404800 
0.405000 
0.405100 
0.405500 
0.405700 
0.405800 
0.405900 
0.405900 
0.406000 
0.406200 
0.406900 
0.406900 
0.407400 
0.407500 
0.407700 
0.408000 
0.408500 
0.408700 
0.409500 
0.409500 
0.411000 
0.411000 
0.411100 
0.411100 
0.411900 
0.412600 
0.413000 
0.414000 
0.414200 
0.414300 
0.414500 
0.415000 
0.415300 
0.415700 
0.416200 
0.416500 
0.416600 
0.417300 
0.417800 
0.417800 
0.418000 
0.419100 
0.420000 
0.420200 
0.420400 
0.421000 
0.421100 
0.421300 
0.421600 
0.422200 
0.422400 
0.422600 
0.423200 
0.423200 
0.424100 
0.424200 
0.424300 
0.424500 
0.425600 
0.426100 
0.427100 
0.428000 
0.428500 
0.428900 
0.429100 
0.429200 
0.429900 
0.430100 
0.430200 
0.430700 
0.431200 
0.431300 
0.432100 
0.432100 
0.432200 
0.432300 
0.432400 
0.433100 
0.433500 
0.433700 
0.433700 
0.433900 
0.434100 
0.435100 
0.435200 
0.435500 
0.435600 
0.436200 
0.436800 
0.437400 
0.438600 
0.439800 
0.440100 
0.440200 
0.440400 
0.440400 
0.440500 
0.440700 
0.440700 
0.440800 
0.440800 
0.440900 
0.441300 
0.441500 
0.442500 
0.443900 
0.444100 
0.444100 
0.444300 
0.444500 
0.445000 
0.445200 
0.445900 
0.446000 
0.446000 
0.446000 
0.447000 
0.447100 
0.447800 
0.448200 
0.448200 
0.448600 
0.448800 
0.449900 
0.450300 
0.450800 
0.451400 
0.451700 
0.451900 
0.452400 
0.452600 
0.453300 
0.453700 
0.454300 
0.454400 
0.454500 
0.454800 
0.454900 
0.454900 
0.455000 
0.455700 
0.455900 
0.456400 
0.456400 
0.456500 
0.456500 
0.456600 
0.457400 
0.457600 
0.458000 
0.458200 
0.458600 
0.458800 
0.459000 
0.460600 
0.461000 
0.461100 
0.462000 
0.463500 
0.464000 
0.464000 
0.465100 
0.465300 
0.465400 
0.465800 
0.466400 
0.466500 
0.466600 
0.466600 
0.466900 
0.467000 
0.467300 
0.467600 
0.468400 
0.469000 
0.469400 
0.469900 
0.470100 
0.470100 
0.470200 
0.470700 
0.470800 
0.470900 
0.471200 
0.471400 
0.471600 
0.471600 
0.472100 
0.472200 
0.472600 
0.473000 
0.473200 
0.473500 
0.473700 
0.473700 
0.474000 
0.474100 
0.474300 
0.474400 
0.475200 
0.476800 
0.477000 
0.477100 
0.479300 
0.479400 
0.479600 
0.480300 
0.481800 
0.482300 
0.483100 
0.483600 
0.484100 
0.485000 
0.485200 
0.485500 
0.486000 
0.486000 
0.486500 
0.486600 
0.486600 
0.487000 
0.487100 
0.487200 
0.487700 
0.487700 
0.488100 
0.488200 
0.488500 
0.489100 
0.489400 
0.490100 
0.490800 
0.490800 
0.491300 
0.491500 
0.491600 
0.492100 
0.492100 
0.492400 
0.492500 
0.492700 
0.493700 
0.494800 
0.495700 
0.496700 
0.496800 
0.498700 
0.499800 
0.500000 
0.500000 
0.500100 
0.500300 
0.500400 
0.500500 
0.500900 
0.501200 
0.501400 
0.501800 
0.502000 
0.502000 
0.502500 
0.502900 
0.503000 
0.503000 
0.503700 
0.503800 
0.503800 
0.503900 
0.504900 
0.505000 
0.505000 
0.505100 
0.506500 
0.506800 
0.507300 
0.507300 
0.507600 
0.507700 
0.508700 
0.509100 
0.509200 
0.509400 
0.509600 
0.510600 
0.511400 
0.512500 
0.512600 
0.513000 
0.513000 
0.513200 
0.513400 
0.513500 
0.513700 
0.513900 
0.513900 
0.514100 
0.514300 
0.514500 
0.514500 
0.514600 
0.514900 
0.515900 
0.516200 
0.516800 
0.517000 
0.517200 
0.517400 
0.517400 
0.517800 
0.519400 
0.519400 
0.519600 
0.519600 
0.519700 
0.519700 
0.519800 
0.520500 
0.520700 
0.521000 
0.521800 
0.522000 
0.522600 
0.522800 
0.522900 
0.523500 
0.523500 
0.523600 
0.523700 
0.523800 
0.526300 
0.526500 
0.527100 
0.527300 
0.527900 
0.528100 
0.528500 
0.529000 
0.529400 
0.530000 
0.530100 
0.530300 
0.530300 
0.530800 
0.530900 
0.531100 
0.531100 
0.531300 
0.531500 
0.532500 
0.534600 
0.535800 
0.536400 
0.536400 
0.536400 
0.536600 
0.537100 
0.537200 
0.537300 
0.537900 
0.538400 
0.538800 
0.538800 
0.538900 
0.539000 
0.539000 
0.539300 
0.539400 
0.539800 
0.540000 
0.540100 
0.541200 
0.541400 
0.542600 
0.542800 
0.542800 
0.543300 
0.543500 
0.543500 
0.543700 
0.543700 
0.545200 
0.545600 
0.545800 
0.545900 
0.546200 
0.546900 
0.547300 
0.547400 
0.547500 
0.547800 
0.547800 
0.548000 
0.548600 
0.549700 
0.549700 
0.549900 
0.549900 
0.550200 
0.550400 
0.550800 
0.551200 
0.551300 
0.551400 
0.551900 
0.551900 
0.552100 
0.552700 
0.552800 
0.553400 
0.554100 
0.554400 
0.556300 
0.556700 
0.556800 
0.556800 
0.557000 
0.557500 
0.557600 
0.557800 
0.558500 
0.559100 
0.559100 
0.559400 
0.559400 
0.559500 
0.559700 
0.559800 
0.559900 
0.560300 
0.560300 
0.560300 
0.561600 
0.561700 
0.561800 
0.563100 
0.563500 
0.563600 
0.565100 
0.565500 
0.565900 
0.565900 
0.566000 
0.567600 
0.568800 
0.569600 
0.569600 
0.570000 
0.570100 
0.571000 
0.571600 
0.571800 
0.572200 
0.572200 
0.572400 
0.572900 
0.573000 
0.574000 
0.574200 
0.574300 
0.574800 
0.575500 
0.575800 
0.575900 
0.576000 
0.576200 
0.576200 
0.576300 
0.576300 
0.576500 
0.576600 
0.576800 
0.577400 
0.580800 
0.581600 
0.582200 
0.582500 
0.583000 
0.583300 
0.583600 
0.583800 
0.583900 
0.584500 
0.585300 
0.585300 
0.585700 
0.586300 
0.586400 
0.586600 
0.586700 
0.587000 
0.587600 
0.587700 
0.587900 
0.588400 
0.588500 
0.588500 
0.588500 
0.588500 
0.588700 
0.589000 
0.589200 
0.589200 
0.589300 
0.589400 
0.589700 
0.589700 
0.589900 
0.590200 
0.590300 
0.590500 
0.590700 
0.590800 
0.590800 
0.591400 
0.591500 
0.592000 
0.592300 
0.592500 
0.592900 
0.593500 
0.594500 
0.595400 
0.595600 
0.595600 
0.595900 
0.596400 
0.597100 
0.597300 
0.598200 
0.599300 
0.599700 
0.600600 
0.601600 
0.601900 
0.602100 
0.603200 
0.603600 
0.603700 
0.603900 
0.603900 
0.605400 
0.605700 
0.605900 
0.605900 
0.606100 
0.606300 
0.606300 
0.606500 
0.606600 
0.607000 
0.607200 
0.607300 
0.607400 
0.608000 
0.608100 
0.608200 
0.608900 
0.609000 
0.609400 
0.609500 
0.610500 
0.610800 
0.611300 
0.612600 
0.612900 
0.615300 
0.615600 
0.615800 
0.615800 
0.616600 
0.617600 
0.617600 
0.617600 
0.617600 
0.617900 
0.617900 
0.618200 
0.618400 
0.618400 
0.618400 
0.619200 
0.619300 
0.619400 
0.619600 
0.619600 
0.619900 
0.621700 
0.622100 
0.622600 
0.623000 
0.623200 
0.623200 
0.623700 
0.623800 
0.624000 
0.624400 
0.625300 
0.626400 
0.626600 
0.627900 
0.627900 
0.628000 
0.628000 
0.628200 
0.628300 
0.629400 
0.629600 
0.630000 
0.630300 
0.631500 
0.631600 
0.631700 
0.633000 
0.634000 
0.634400 
0.634600 
0.634600 
0.634700 
0.634800 
0.635300 
0.635400 
0.635500 
0.636000 
0.637500 
0.637800 
0.637800 
0.637900 
0.638500 
0.639400 
0.639400 
0.639800 
0.640000 
0.640600 
0.640600 
0.640800 
0.640900 
0.641400 
0.641500 
0.642800 
0.643100 
0.643400 
0.643500 
0.644000 
0.644200 
0.644400 
0.645300 
0.645700 
0.646600 
0.647100 
0.647600 
0.647700 
0.648300 
0.649200 
0.649500 
0.650000 
0.650100 
0.651000 
0.651500 
0.651800 
0.651900 
0.652200 
0.652300 
0.652400 
0.652800 
0.653100 
0.653200 
0.653700 
0.653800 
0.654600 
0.655000 
0.655200 
0.656500 
0.656600 
0.656800 
0.657100 
0.657300 
0.657500 
0.657700 
0.657900 
0.659500 
0.659700 
0.660100 
0.660200 
0.661100 
0.661700 
0.662000 
0.662200 
0.662400 
0.662400 
0.662900 
0.663300 
0.663500 
0.663600 
0.664000 
0.665300 
0.665400 
0.665400 
0.665400 
0.665700 
0.665900 
0.666800 
0.667300 
0.667500 
0.667500 
0.667700 
0.668200 
0.669000 
0.669100 
0.669100 
0.669500 
0.670100 
0.670700 
0.670800 
0.671000 
0.672300 
0.672600 
0.672700 
0.673000 
0.673000 
0.673100 
0.673700 
0.674400 
0.674800 
0.675200 
0.675500 
0.675800 
0.676000 
0.677600 
0.678100 
0.679000 
0.679400 
0.679800 
0.680100 
0.680300 
0.680600 
0.680600 
0.680700 
0.680800 
0.681100 
0.681500 
0.681900 
0.683500 
0.683500 
0.683500 
0.683600 
0.683700 
0.684200 
0.684200 
0.684300 
0.684500 
0.684600 
0.684800 
0.684900 
0.685600 
0.686100 
0.686200 
0.686200 
0.686500 
0.686800 
0.687000 
0.687100 
0.687100 
0.687700 
0.689000 
0.689800 
0.691500 
0.691800 
0.692500 
0.692800 
0.693100 
0.693400 
0.694100 
0.694200 
0.694600 
0.694600 
0.694700 
0.694800 
0.695200 
0.695400 
0.696000 
0.696000 
0.697400 
0.698000 
0.698300 
0.699100 
0.699200 
0.699200 
0.699200 
0.699700 
0.699700 
0.700200 
0.700400 
0.700500 
0.701200 
0.701500 
0.701800 
0.702000 
0.703900 
0.704200 
0.704300 
0.704300 
0.704500 
0.704700 
0.704900 
0.705000 
0.705200 
0.705500 
0.705500 
0.705500 
0.706100 
0.706200 
0.706500 
0.706600 
0.707700 
0.707800 
0.708500 
0.709700 
0.710500 
0.711100 
0.711300 
0.712000 
0.712100 
0.713200 
0.713700 
0.713700 
0.714000 
0.714300 
0.715000 
0.715000 
0.715500 
0.715700 
0.716500 
0.716700 
0.716900 
0.717000 
0.717700 
0.718100 
0.719300 
0.721100 
0.721500 
0.722100 
0.722500 
0.722500 
0.722700 
0.722700 
0.723300 
0.723400 
0.723800 
0.723900 
0.724000 
0.724500 
0.724700 
0.724900 
0.725200 
0.725200 
0.725400 
0.725400 
0.725600 
0.725700 
0.726200 
0.726300 
0.726600 
0.727100 
0.727100 
0.727500 
0.727800 
0.728000 
0.728700 
0.729400 
0.730700 
0.730700 
0.730900 
0.731200 
0.731600 
0.732600 
0.733200 
0.733600 
0.733800 
0.734100 
0.734400 
0.734800 
0.734900 
0.736100 
0.736800 
0.737000 
0.737600 
0.737900 
0.738200 
0.738200 
0.739600 
0.741000 
0.741400 
0.741500 
0.741500 
0.741600 
0.741800 
0.742100 
0.742300 
0.742300 
0.742600 
0.742800 
0.743100 
0.743400 
0.743400 
0.743400 
0.744900 
0.745000 
0.745100 
0.745600 
0.746300 
0.746800 
0.747100 
0.747400 
0.747800 
0.748100 
0.748900 
0.749000 
0.749100 
0.749700 
0.749800 
0.750000 
0.750100 
0.750200 
0.750600 
0.750800 
0.751000 
0.751100 
0.751300 
0.752100 
0.752500 
0.752600 
0.752900 
0.754400 
0.754400 
0.754600 
0.754800 
0.755400 
0.755800 
0.755900 
0.757100 
0.757200 
0.757700 
0.757700 
0.757800 
0.758000 
0.759300 
0.760000 
0.760500 
0.760900 
0.760900 
0.761100 
0.761200 
0.761400 
0.761700 
0.762200 
0.762300 
0.762500 
0.762500 
0.762500 
0.762600 
0.762800 
0.763000 
0.763300 
0.763800 
0.763900 
0.764500 
0.764900 
0.765200 
0.765600 
0.766000 
0.766300 
0.766600 
0.766800 
0.767200 
0.767300 
0.767800 
0.768500 
0.768600 
0.768600 
0.768800 
0.769100 
0.769700 
0.770100 
0.770500 
0.771000 
0.771300 
0.772700 
0.772800 
0.773500 
0.774400 
0.774400 
0.774600 
0.775200 
0.775200 
0.775300 
0.775700 
0.776100 
0.776300 
0.776400 
0.777100 
0.777100 
0.777300 
0.777500 
0.777600 
0.777700 
0.777900 
0.778100 
0.778700 
0.778900 
0.779100 
0.779500 
0.780400 
0.780500 
0.780800 
0.782400 
0.782700 
0.783100 
0.783100 
0.783500 
0.783900 
0.783900 
0.784600 
0.784700 
0.785100 
0.785400 
0.785900 
0.787900 
0.788000 
0.789000 
0.789400 
0.790900 
0.791000 
0.791400 
0.792100 
0.792500 
0.792600 
0.793000 
0.793200 
0.793500 
0.793900 
0.794400 
0.794900 
0.795100 
0.795500 
0.795700 
0.796600 
0.796700 
0.796800 
0.797500 
0.797500 
0.798100 
0.798500 
0.798600 
0.798600 
0.799100 
0.799100 
0.799200 
0.799300 
0.799500 
0.800600 
0.801000 
0.801000 
0.801200 
0.801400 
0.801400 
0.801500 
0.802000 
0.802100 
0.802700 
0.803000 
0.803300 
0.803400 
0.803900 
0.803900 
0.805500 
0.805800 
0.806200 
0.806800 
0.807100 
0.808100 
0.808100 
0.809300 
0.809500 
0.809700 
0.810000 
0.810000 
0.810400 
0.811200 
0.811500 
0.812000 
0.812300 
0.812700 
0.812900 
0.813300 
0.813600 
0.813600 
0.814700 
0.814800 
0.815300 
0.815600 
0.815700 
0.815700 
0.816400 
0.817300 
0.817900 
0.818000 
0.818200 
0.818300 
0.818800 
0.819100 
0.819500 
0.819700 
0.819700 
0.819800 
0.819800 
0.820000 
0.820100 
0.820100 
0.820900 
0.820900 
0.821100 
0.821600 
0.821800 
0.821800 
0.821900 
0.822000 
0.822900 
0.824500 
0.825000 
0.825600 
0.826100 
0.826200 
0.827400 
0.827500 
0.827700 
0.828000 
0.828100 
0.828400 
0.828900 
0.829100 
0.829600 
0.829900 
0.830200 
0.830300 
0.830600 
0.832000 
0.832400 
0.834100 
0.834300 
0.834400 
0.835500 
0.835700 
0.836300 
0.836700 
0.836900 
0.837400 
0.837500 
0.838200 
0.838400 
0.838700 
0.839100 
0.839800 
0.840100 
0.840300 
0.840400 
0.840500 
0.840800 
0.840800 
0.841100 
0.841300 
0.841600 
0.841700 
0.841700 
0.841700 
0.841900 
0.841900 
0.842400 
0.842600 
0.842700 
0.842900 
0.843300 
0.844000 
0.844100 
0.844800 
0.844900 
0.845800 
0.846200 
0.846300 
0.846700 
0.847300 
0.847800 
0.848600 
0.850800 
0.850900 
0.850900 
0.851000 
0.851200 
0.851400 
0.853000 
0.853200 
0.853800 
0.853900 
0.854400 
0.855000 
0.855100 
0.855300 
0.855400 
0.856100 
0.856200 
0.856500 
0.856500 
0.856600 
0.856700 
0.857200 
0.857700 
0.858100 
0.858400 
0.859000 
0.859400 
0.859700 
0.859800 
0.860100 
0.860200 
0.860900 
0.861000 
0.861100 
0.861100 
0.861300 
0.861300 
0.861700 
0.862200 
0.862400 
0.862700 
0.862800 
0.863600 
0.864700 
0.864900 
0.866200 
0.866400 
0.866900 
0.867400 
0.867600 
0.868300 
0.868500 
0.868700 
0.869300 
0.869500 
0.869500 
0.870000 
0.870600 
0.871000 
0.871300 
0.872400 
0.872500 
0.873000 
0.873400 
0.874200 
0.874400 
0.874500 
0.874700 
0.875000 
0.875400 
0.875600 
0.875700 
0.876100 
0.876300 
0.876600 
0.876700 
0.876800 
0.877000 
0.877200 
0.877200 
0.877400 
0.877900 
0.877900 
0.878200 
0.878300 
0.878500 
0.878600 
0.878800 
0.879000 
0.879300 
0.879900 
0.880500 
0.881800 
0.882200 
0.882400 
0.882600 
0.883400 
0.883400 
0.883800 
0.884100 
0.884200 
0.884700 
0.884900 
0.887300 
0.887800 
0.889200 
0.889200 
0.889400 
0.890100 
0.890100 
0.890400 
0.890800 
0.890900 
0.891200 
0.891500 
0.892400 
0.892400 
0.892400 
0.892400 
0.892700 
0.892900 
0.892900 
0.893300 
0.893400 
0.893500 
0.894600 
0.895200 
0.895400 
0.895800 
0.895800 
0.896300 
0.896400 
0.896600 
0.898000 
0.898700 
0.898800 
0.899700 
0.900400 
0.900600 
0.901300 
0.901400 
0.901400 
0.901700 
0.902000 
0.902100 
0.902600 
0.903000 
0.903400 
0.903900 
0.904300 
0.904400 
0.904900 
0.904900 
0.905600 
0.905700 
0.905700 
0.905900 
0.906000 
0.906100 
0.906300 
0.906300 
0.906600 
0.907800 
0.907800 
0.907800 
0.908000 
0.908300 
0.908400 
0.909300 
0.909400 
0.909500 
0.909500 
0.909800 
0.911600 
0.913400 
0.914200 
0.914400 
0.915000 
0.916600 
0.916700 
0.916700 
0.916900 
0.917500 
0.918300 
0.918800 
0.919700 
0.919900 
0.920000 
0.921200 
0.922100 
0.922700 
0.922900 
0.923700 
0.923900 
0.924100 
0.924100 
0.924100 
0.924300 
0.925200 
0.925400 
0.925800 
0.925900 
0.926100 
0.926500 
0.927000 
0.927200 
0.927400 
0.927500 
0.927700 
0.927900 
0.928300 
0.928500 
0.928800 
0.929000 
0.929200 
0.929700 
0.930000 
0.930400 
0.930500 
0.931000 
0.931300 
0.931500 
0.932000 
0.932500 
0.933300 
0.933800 
0.934600 
0.934700 
0.935100 
0.936100 
0.936700 
0.937200 
0.937400 
0.937500 
0.937900 
0.937900 
0.938200 
0.938900 
0.939100 
0.939300 
0.939600 
0.939800 
0.940500 
0.940700 
0.940800 
0.940800 
0.941200 
0.941400 
0.941500 
0.941800 
0.941900 
0.941900 
0.942400 
0.942400 
0.942800 
0.943000 
0.943400 
0.944000 
0.944200 
0.945000 
0.945000 
0.945300 
0.946100 
0.946800 
0.947200 
0.947700 
0.948000 
0.948200 
0.948200 
0.949200 
0.950200 
0.951700 
0.951800 
0.952300 
0.952900 
0.954300 
0.954500 
0.955000 
0.955400 
0.955800 
0.956400 
0.956700 
0.956700 
0.957600 
0.957800 
0.958300 
0.958600 
0.958900 
0.959000 
0.959300 
0.959400 
0.959600 
0.959700 
0.960400 
0.960500 
0.960700 
0.961100 
0.961500 
0.961800 
0.961800 
0.962200 
0.962700 
0.962700 
0.962900 
0.963000 
0.963100 
0.963100 
0.963300 
0.964100 
0.964300 
0.964300 
0.965200 
0.965400 
0.965500 
0.966100 
0.966200 
0.966300 
0.966800 
0.967200 
0.967700 
0.968100 
0.969100 
0.969900 
0.970400 
0.970400 
0.970600 
0.971300 
0.971900 
0.972000 
0.973000 
0.973100 
0.973200 
0.973300 
0.973800 
0.975000 
0.976100 
0.977400 
0.977700 
0.978000 
0.978200 
0.978700 
0.979000 
0.979100 
0.979300 
0.979600 
0.980000 
0.981000 
0.981100 
0.981100 
0.981500 
0.981600 
0.981900 
0.981900 
0.983300 
0.983800 
0.984100 
0.984100 
0.984700 
0.985000 
0.985400 
0.985800 
0.985800 
0.985900 
0.986700 
0.987100 
0.987500 
0.987500 
0.988100 
0.988600 
0.988900 
0.989300 
0.989500 
0.990500 
0.990900 
0.991700 
0.992100 
0.993400 
0.993600 
0.994700 
0.994900 
0.995000 
0.995200 
0.995600 
0.996100 
0.996300 
0.996600 
0.996900 
0.997100 
0.997100 
0.997200 
0.997400 
0.998200 
0.998400 
0.999100 
1.000500 
1.000600 
1.000600 
1.001000 
1.002600 
1.002700 
1.002800 
1.002900 
1.003500 
1.003900 
1.004100 
1.004400 
1.005600 
1.005700 
1.006800 
1.006900 
1.006900 
1.008000 
1.008300 
1.008600 
1.008800 
1.009300 
1.009300 
1.009600 
1.009600 
1.009600 
1.010400 
1.010500 
1.010700 
1.010900 
1.010900 
1.011300 
1.011500 
1.012100 
1.012900 
1.013000 
1.013000 
1.013300 
1.013700 
1.013800 
1.014000 
1.014100 
1.015600 
1.016800 
1.016800 
1.017100 
1.017100 
1.017500 
1.017500 
1.018500 
1.019000 
1.020000 
1.020600 
1.020600 
1.020900 
1.021000 
1.021300 
1.021400 
1.021400 
1.022200 
1.022400 
1.023500 
1.024100 
1.024100 
1.024100 
1.024400 
1.025700 
1.025700 
1.025800 
1.025900 
1.026300 
1.026400 
1.026600 
1.026600 
1.026700 
1.027100 
1.027600 
1.027800 
1.028400 
1.028400 
1.030000 
1.030200 
1.030400 
1.030600 
1.030700 
1.031700 
1.032000 
1.032100 
1.032100 
1.033100 
1.033200 
1.033500 
1.033700 
1.033700 
1.034500 
1.034500 
1.034600 
1.034800 
1.034800 
1.035700 
1.035900 
1.036000 
1.036200 
1.036300 
1.036300 
1.036400 
1.037500 
1.038000 
1.038300 
1.038400 
1.038800 
1.039000 
1.039200 
1.039500 
1.039700 
1.039700 
1.040900 
1.041300 
1.041900 
1.042100 
1.042200 
1.042200 
1.042300 
1.042300 
1.043500 
1.044200 
1.044200 
1.044900 
1.045000 
1.046100 
1.046400 
1.046600 
1.046700 
1.046900 
1.047200 
1.047600 
1.047900 
1.049100 
1.049400 
1.049500 
1.049500 
1.050200 
1.050900 
1.050900 
1.051000 
1.051900 
1.052100 
1.052600 
1.053100 
1.053100 
1.053400 
1.053800 
1.054300 
1.054300 
1.054400 
1.054700 
1.055700 
1.056100 
1.056300 
1.056600 
1.056800 
1.056800 
1.058400 
1.058900 
1.059500 
1.059600 
1.059700 
1.060100 
1.060800 
1.060900 
1.061100 
1.061500 
1.061900 
1.063700 
1.064000 
1.064100 
1.064200 
1.065100 
1.065100 
1.065400 
1.065600 
1.066100 
1.066700 
1.067000 
1.067000 
1.067100 
1.067500 
1.067700 
1.067800 
1.068000 
1.068100 
1.068300 
1.068400 
1.068400 
1.068500 
1.068800 
1.068900 
1.069300 
1.069600 
1.069600 
1.069800 
1.069900 
1.070100 
1.071500 
1.071600 
1.072400 
1.072600 
1.073000 
1.073100 
1.073500 
1.075100 
1.075100 
1.076400 
1.077000 
1.077000 
1.077200 
1.077600 
1.080100 
1.080200 
1.081200 
1.081700 
1.082100 
1.082100 
1.082400 
1.082600 
1.082700 
1.083100 
1.083500 
1.083600 
1.083800 
1.084000 
1.084100 
1.084100 
1.084500 
1.085500 
1.085700 
1.085900 
1.086000 
1.086700 
1.086800 
1.086800 
1.087200 
1.087300 
1.087700 
1.087800 
1.087900 
1.087900 
1.088200 
1.088500 
1.089100 
1.090400 
1.090500 
1.091800 
1.092200 
1.092400 
1.093200 
1.093400 
1.093800 
1.093800 
1.094500 
1.095400 
1.095800 
1.096700 
1.097100 
1.097400 
1.097500 
1.098200 
1.098500 
1.099100 
1.099300 
1.099500 
1.100100 
1.100700 
1.101100 
1.101200 
1.101400 
1.101600 
1.101800 
1.102500 
1.103500 
1.104400 
1.104500 
1.104600 
1.105000 
1.105200 
1.105700 
1.105800 
1.106000 
1.106400 
1.107800 
1.108300 
1.108300 
1.108700 
1.109500 
1.109600 
1.110100 
1.110200 
1.110700 
1.111000 
1.111400 
1.111600 
1.111700 
1.112100 
1.112200 
1.112300 
1.113800 
1.114300 
1.114700 
1.115000 
1.117300 
1.117400 
1.117600 
1.119200 
1.119500 
1.119800 
1.120100 
1.120100 
1.120700 
1.120900 
1.121300 
1.121600 
1.122100 
1.122800 
1.123200 
1.123300 
1.123900 
1.124000 
1.124200 
1.124600 
1.124700 
1.125000 
1.125100 
1.125300 
1.126200 
1.127200 
1.127200 
1.127300 
1.127800 
1.127900 
1.128200 
1.128200 
1.128800 
1.129200 
1.130100 
1.130200 
1.130600 
1.130800 
1.131900 
1.132100 
1.132500 
1.132800 
1.132900 
1.133200 
1.133300 
1.133300 
1.133600 
1.133600 
1.133900 
1.134000 
1.134400 
1.134400 
1.134900 
1.135500 
1.135900 
1.135900 
1.135900 
1.136000 
1.137200 
1.137800 
1.139600 
1.141200 
1.141800 
1.142200 
1.142600 
1.142800 
1.143000 
1.143100 
1.143800 
1.144200 
1.144300 
1.145100 
1.145300 
1.146000 
1.146100 
1.146300 
1.146400 
1.146800 
1.147200 
1.148000 
1.148100 
1.148200 
1.148300 
1.148300 
1.148500 
1.148500 
1.148600 
1.148800 
1.148900 
1.149300 
1.150300 
1.150400 
1.150900 
1.151100 
1.151200 
1.151700 
1.151700 
1.151900 
1.152400 
1.152900 
1.153200 
1.154400 
1.154900 
1.155100 
1.155400 
1.156100 
1.156400 
1.156800 
1.157000 
1.157300 
1.157700 
1.158400 
1.159000 
1.159000 
1.159900 
1.160100 
1.160600 
1.161100 
1.161600 
1.161800 
1.161900 
1.162100 
1.162700 
1.163000 
1.163500 
1.163900 
1.164000 
1.165600 
1.165700 
1.165800 
1.165900 
1.165900 
1.166100 
1.166400 
1.166400 
1.166500 
1.166700 
1.167100 
1.168000 
1.168800 
1.168900 
1.169700 
1.170100 
1.170100 
1.170300 
1.170500 
1.171400 
1.171500 
1.171600 
1.172400 
1.173000 
1.173800 
1.174400 
1.174900 
1.175000 
1.175100 
1.175800 
1.176200 
1.176300 
1.176600 
1.176600 
1.176900 
1.177100 
1.177500 
1.177500 
1.178500 
1.178900 
1.179500 
1.179800 
1.180000 
1.180300 
1.180600 
1.180700 
1.181000 
1.181500 
1.182000 
1.183100 
1.183100 
1.183600 
1.184000 
1.184700 
1.185700 
1.186400 
1.186700 
1.186700 
1.186800 
1.187200 
1.187500 
1.187500 
1.187700 
1.188100 
1.188600 
1.188600 
1.188600 
1.188700 
1.189000 
1.189000 
1.189500 
1.189700 
1.190100 
1.190500 
1.190500 
1.190600 
1.191200 
1.191600 
1.192000 
1.193200 
1.193300 
1.193800 
1.194300 
1.196700 
1.196800 
1.196900 
1.197800 
1.198000 
1.198900 
1.199300 
1.199300 
1.199500 
1.200100 
1.200800 
1.200900 
1.201100 
1.201700 
1.201800 
1.201800 
1.201900 
1.202100 
1.202800 
1.202900 
1.203300 
1.203400 
1.204000 
1.204100 
1.204200 
1.205900 
1.205900 
1.206000 
1.206000 
1.206400 
1.206800 
1.207100 
1.207500 
1.208100 
1.208400 
1.208400 
1.208900 
1.209300 
1.209500 
1.210100 
1.210300 
1.210700 
1.211600 
1.212100 
1.212200 
1.212400 
1.215000 
1.215500 
1.215800 
1.215800 
1.216200 
1.217300 
1.217800 
1.217800 
1.218200 
1.218300 
1.218600 
1.218800 
1.219200 
1.219800 
1.220100 
1.220200 
1.220400 
1.220900 
1.221100 
1.222000 
1.222100 
1.222200 
1.222300 
1.222500 
1.222600 
1.222900 
1.223000 
1.223100 
1.223100 
1.223600 
1.223700 
1.224000 
1.224900 
1.225100 
1.225700 
1.227000 
1.227800 
1.228600 
1.229700 
1.229800 
1.230000 
1.230200 
1.231100 
1.231500 
1.231500 
1.232100 
1.232700 
1.232900 
1.233000 
1.233300 
1.234200 
1.234400 
1.234600 
1.234700 
1.234800 
1.234900 
1.235400 
1.235400 
1.235400 
1.235600 
1.235900 
1.235900 
1.236100 
1.236200 
1.236200 
1.236700 
1.237400 
1.237600 
1.238000 
1.238000 
1.238100 
1.238700 
1.239700 
1.241800 
1.241800 
1.242300 
1.243000 
1.243100 
1.243200 
1.243400 
1.243800 
1.244100 
1.244700 
1.245100 
1.245600 
1.245700 
1.246700 
1.246900 
1.246900 
1.247400 
1.248200 
1.248400 
1.248700 
1.249300 
1.250400 
1.250700 
1.251200 
1.251400 
1.252300 
1.252300 
1.252500 
1.253200 
1.253700 
1.254100 
1.254300 
1.254400 
1.254400 
1.254600 
1.256000 
1.256200 
1.256600 
1.256700 
1.256800 
1.257200 
1.257300 
1.257500 
1.258300 
1.259000 
1.259100 
1.260100 
1.260100 
1.260900 
1.261400 
1.261500 
1.261500 
1.261900 
1.262800 
1.263500 
1.264500 
1.265700 
1.265800 
1.266300 
1.267100 
1.267100 
1.267200 
1.267400 
1.267400 
1.267600 
1.267700 
1.267800 
1.268200 
1.268400 
1.268900 
1.269000 
1.269000 
1.269700 
1.269900 
1.270000 
1.270300 
1.270400 
1.270400 
1.270800 
1.271100 
1.271600 
1.271800 
1.272100 
1.272800 
1.273200 
1.273500 
1.274100 
1.274400 
1.274500 
1.275000 
1.275300 
1.276200 
1.277500 
1.277800 
1.277900 
1.278200 
1.278300 
1.279200 
1.279700 
1.279800 
1.279900 
1.281200 
1.281200 
1.281600 
1.282000 
1.282000 
1.282400 
1.282500 
1.283500 
1.284100 
1.284200 
1.284700 
1.284900 
1.285300 
1.285800 
1.285800 
1.286100 
1.286300 
1.286500 
1.287300 
1.287600 
1.287700 
1.288100 
1.288200 
1.289200 
1.289300 
1.289400 
1.290300 
1.290500 
1.291500 
1.291700 
1.292800 
1.292800 
1.293600 
1.293900 
1.295000 
1.296500 
1.296600 
1.296800 
1.297100 
1.297100 
1.297200 
1.297600 
1.297600 
1.297600 
1.297600 
1.297700 
1.297800 
1.297900 
1.298100 
1.298200 
1.298600 
1.299700 
1.299900 
1.299900 
1.300400 
1.301000 
1.301100 
1.301200 
1.301700 
1.302100 
1.303000 
1.303800 
1.304000 
1.304100 
1.304200 
1.304400 
1.305000 
1.305200 
1.305500 
1.305700 
1.305800 
1.306500 
1.307400 
1.307600 
1.307700 
1.308000 
1.308400 
1.308700 
1.308700 
1.308900 
1.309200 
1.310600 
1.312100 
1.312400 
1.313200 
1.313700 
1.314400 
1.314600 
1.314700 
1.314800 
1.315100 
1.315500 
1.315800 
1.316100 
1.316400 
1.316400 
1.316500 
1.317000 
1.317400 
1.317500 
1.317800 
1.318000 
1.318400 
1.319000 
1.319400 
1.319700 
1.320400 
1.320600 
1.320700 
1.321600 
1.322200 
1.323100 
1.323200 
1.323400 
1.323500 
1.323700 
1.324000 
1.325300 
1.325600 
1.327200 
1.327200 
1.327300 
1.327600 
1.327800 
1.328000 
1.328500 
1.329900 
1.330200 
1.330200 
1.330300 
1.330500 
1.331100 
1.331200 
1.331200 
1.331200 
1.331600 
1.331600 
1.331700 
1.331800 
1.331800 
1.332200 
1.332400 
1.332700 
1.333100 
1.333200 
1.333500 
1.334000 
1.334100 
1.335000 
1.335600 
1.336200 
1.336300 
1.337200 
1.337400 
1.337500 
1.338800 
1.338900 
1.339000 
1.340300 
1.341600 
1.343000 
1.343300 
1.343600 
1.343700 
1.343800 
1.344200 
1.344400 
1.344500 
1.344600 
1.344700 
1.344800 
1.345300 
1.345400 
1.345400 
1.345700 
1.345900 
1.346000 
1.346600 
1.346700 
1.346900 
1.347400 
1.348700 
1.348700 
1.348700 
1.348800 
1.348900 
1.349000 
1.349600 
1.349800 
1.349900 
1.350000 
1.350200 
1.351200 
1.351400 
1.351700 
1.352000 
1.352600 
1.353100 
1.353500 
1.353800 
1.353800 
1.353900 
1.355300 
1.355800 
1.356000 
1.356800 
1.357600 
1.357700 
1.359000 
1.359200 
1.359600 
1.360200 
1.360500 
1.361000 
1.361300 
1.361600 
1.361600 
1.362300 
1.362400 
1.362800 
1.362800 
1.363900 
1.364200 
1.364500 
1.365000 
1.365400 
1.366200 
1.366300 
1.367100 
1.367500 
1.367500 
1.367700 
1.367900 
1.368700 
1.368800 
1.368900 
1.369400 
1.369700 
1.369700 
1.371000 
1.371200 
1.371700 
1.371900 
1.372400 
1.373300 
1.373700 
1.373800 
1.373900 
1.373900 
1.374000 
1.374200 
1.374900 
1.375100 
1.375200 
1.375400 
1.376700 
1.377600 
1.378100 
1.379100 
1.379300 
1.379600 
1.379700 
1.380300 
1.380300 
1.380400 
1.380500 
1.380700 
1.380900 
1.381900 
1.382700 
1.383100 
1.383300 
1.383600 
1.383600 
1.383600 
1.383700 
1.385500 
1.386700 
1.386800 
1.386800 
1.387000 
1.387200 
1.387400 
1.388000 
1.388200 
1.388400 
1.389200 
1.389400 
1.389700 
1.389700 
1.389800 
1.390300 
1.391600 
1.391900 
1.392000 
1.392200 
1.392400 
1.392600 
1.392700 
1.392900 
1.393000 
1.393800 
1.394100 
1.394400 
1.394600 
1.394700 
1.394900 
1.395200 
1.395500 
1.395700 
1.395900 
1.396000 
1.396200 
1.397200 
1.397300 
1.398700 
1.398800 
1.399100 
1.399200 
1.399300 
1.399300 
1.399400 
1.399500 
1.400000 
1.400200 
1.401600 
1.401900 
1.402400 
1.402500 
1.402800 
1.403200 
1.404500 
1.404800 
1.405000 
1.405100 
1.406200 
1.406900 
1.407100 
1.407600 
1.407700 
1.408700 
1.409500 
1.409500 
1.410300 
1.410300 
1.410600 
1.410900 
1.411000 
1.411300 
1.411800 
1.412200 
1.412300 
1.413600 
1.414000 
1.414100 
1.415300 
1.415600 
1.415700 
1.416000 
1.416300 
1.416600 
1.416600 
1.416700 
1.416800 
1.417100 
1.417500 
1.418200 
1.418600 
1.418600 
1.419400 
1.419700 
1.419900 
1.420000 
1.420100 
1.420700 
1.420900 
1.421000 
1.421200 
1.422200 
1.422900 
1.423300 
1.423600 
1.424000 
1.424100 
1.424200 
1.424400 
1.424500 
1.424600 
1.424900 
1.425400 
1.426500 
1.427200 
1.427400 
1.427500 
1.428000 
1.429800 
1.430100 
1.430600 
1.430700 
1.431700 
1.432000 
1.432200 
1.432800 
1.433400 
1.433500 
1.434500 
1.434600 
1.435300 
1.435600 
1.436000 
1.436400 
1.436400 
1.436700 
1.436800 
1.437000 
1.437100 
1.437300 
1.437900 
1.438000 
1.438100 
1.438400 
1.438600 
1.440000 
1.440100 
1.440600 
1.442300 
1.442400 
1.442400 
1.442700 
1.442900 
1.444300 
1.444300 
1.444800 
1.444800 
1.445100 
1.445200 
1.445400 
1.445500 
1.445500 
1.445900 
1.446100 
1.446900 
1.447400 
1.447800 
1.447800 
1.447900 
1.448700 
1.448900 
1.449300 
1.449300 
1.449700 
1.450000 
1.450400 
1.450500 
1.451200 
1.451200 
1.453000 
1.453700 
1.454500 
1.454700 
1.454700 
1.455200 
1.455300 
1.455400 
1.455500 
1.455500 
1.455800 
1.456900 
1.457200 
1.457300 
1.457500 
1.458700 
1.458800 
1.458800 
1.458900 
1.459400 
1.460200 
1.460300 
1.460500 
1.461200 
1.461200 
1.461500 
1.461700 
1.461700 
1.461800 
1.462900 
1.463100 
1.463100 
1.463500 
1.463700 
1.464200 
1.464500 
1.464800 
1.464900 
1.465500 
1.466000 
1.466000 
1.466900 
1.468000 
1.468100 
1.468900 
1.469200 
1.470200 
1.470300 
1.470300 
1.470800 
1.470900 
1.472300 
1.472300 
1.472800 
1.472900 
1.473200 
1.473500 
1.473600 
1.473800 
1.473900 
1.474100 
1.474200 
1.475200 
1.475600 
1.476000 
1.476300 
1.476400 
1.476500 
1.476500 
1.477000 
1.477400 
1.477500 
1.477600 
1.477900 
1.478700 
1.479200 
1.479200 
1.482000 
1.482100 
1.482500 
1.482800 
1.483000 
1.485000 
1.487000 
1.488000 
1.488700 
1.488900 
1.489200 
1.489200 
1.489400 
1.489600 
1.489600 
1.490000 
1.490100 
1.490800 
1.491100 
1.491200 
1.491400 
1.491500 
1.492400 
1.492400 
1.492700 
1.492900 
1.494000 
1.494200 
1.494500 
1.494700 
1.495400 
1.495500 
1.495500 
1.495600 
1.495600 
1.496000 
1.496300 
1.496600 
1.496700 
1.496900 
1.497000 
1.497400 
1.497900 
1.498400 
1.498700 
1.498900 
1.499100 
1.499600 
1.501400 
1.502700 
1.502800 
1.503000 
1.503200 
1.503300 
1.503600 
1.504000 
1.504300 
1.504500 
1.504700 
1.504800 
1.504800 
1.504900 
1.504900 
1.505000 
1.505100 
1.505400 
1.505500 
1.506200 
1.506800 
1.507100 
1.507500 
1.507900 
1.507900 
1.508800 
1.509200 
1.509800 
1.510100 
1.510200 
1.511300 
1.511400 
1.511400 
1.511500 
1.512000 
1.512800 
1.513000 
1.513100 
1.513200 
1.513700 
1.513900 
1.513900 
1.514000 
1.515100 
1.515300 
1.515900 
1.516400 
1.518100 
1.518400 
1.518900 
1.519400 
1.520000 
1.520100 
1.521000 
1.521100 
1.521400 
1.521800 
1.522000 
1.522700 
1.524000 
1.524600 
1.524700 
1.524900 
1.525100 
1.525200 
1.525300 
1.525700 
1.526100 
1.526500 
1.526800 
1.526900 
1.527000 
1.527100 
1.527200 
1.528400 
1.528600 
1.528800 
1.529400 
1.529700 
1.530400 
1.530600 
1.530800 
1.531100 
1.531200 
1.531200 
1.532400 
1.533100 
1.534200 
1.534300 
1.534500 
1.535200 
1.535300 
1.535800 
1.537000 
1.537900 
1.538100 
1.538400 
1.538700 
1.538900 
1.539400 
1.539600 
1.539700 
1.540100 
1.540300 
1.540900 
1.540900 
1.541100 
1.541200 
1.541200 
1.542200 
1.542400 
1.543300 
1.544200 
1.544600 
1.544800 
1.545000 
1.545100 
1.545400 
1.545400 
1.545500 
1.545600 
1.545600 
1.546000 
1.546400 
1.546600 
1.547700 
1.547900 
1.547900 
1.548600 
1.549500 
1.549600 
1.549900 
1.552600 
1.552900 
1.553000 
1.554000 
1.554500 
1.554700 
1.555500 
1.555700 
1.555800 
1.555800 
1.556000 
1.556100 
1.556900 
1.557600 
1.558300 
1.558600 
1.560600 
1.560800 
1.561200 
1.561500 
1.561800 
1.561900 
1.561900 
1.562000 
1.562300 
1.562700 
1.563500 
1.563700 
1.563800 
1.563900 
1.565200 
1.565400 
1.565400 
1.565600 
1.566000 
1.566300 
1.566500 
1.566700 
1.567000 
1.567700 
1.567700 
1.567800 
1.567900 
1.569000 
1.569000 
1.569300 
1.569500 
1.569700 
1.570000 
1.570800 
1.570900 
1.571600 
1.572000 
1.572100 
1.572400 
1.573500 
1.573800 
1.574400 
1.574600 
1.575300 
1.575600 
1.575600 
1.575700 
1.575800 
1.575900 
1.577500 
1.577500 
1.578100 
1.578200 
1.578700 
1.578700 
1.578800 
1.578900 
1.579300 
1.579600 
1.579700 
1.580100 
1.580100 
1.580200 
1.580500 
1.581500 
1.582000 
1.582100 
1.582200 
1.582400 
1.582600 
1.583100 
1.583200 
1.583500 
1.584700 
1.584800 
1.584800 
1.584900 
1.584900 
1.585500 
1.585700 
1.587000 
1.587300 
1.588800 
1.589400 
1.589500 
1.590500 
1.591300 
1.591500 
1.592000 
1.592100 
1.592400 
1.593400 
1.594300 
1.594400 
1.594600 
1.595200 
1.595500 
1.595600 
1.595800 
1.595800 
1.596200 
1.596300 
1.596400 
1.596800 
1.597200 
1.597200 
1.597700 
1.597900 
1.598600 
1.598800 
1.598900 
1.599100 
1.599200 
1.599300 
1.600300 
1.600700 
1.600900 
1.602500 
1.602600 
1.602700 
1.603100 
1.603600 
1.604200 
1.604400 
1.604600 
1.604800 
1.606500 
1.608300 
1.609200 
1.609400 
1.609800 
1.610200 
1.610400 
1.610500 
1.610600 
1.610700 
1.610800 
1.610800 
1.611100 
1.612400 
1.612600 
1.613200 
1.613500 
1.613900 
1.614000 
1.614200 
1.614900 
1.615300 
1.615500 
1.615500 
1.615600 
1.615700 
1.615900 
1.615900 
1.616300 
1.617400 
1.617500 
1.617700 
1.617800 
1.617900 
1.618300 
1.618500 
1.618800 
1.619100 
1.619200 
1.619200 
1.619300 
1.619500 
1.619600 
1.619700 
1.620000 
1.621500 
1.621600 
1.622800 
1.624800 
1.624800 
1.625900 
1.626000 
1.627600 
1.627600 
1.627800 
1.628000 
1.628000 
1.628100 
1.628500 
1.628800 
1.629200 
1.629800 
1.629900 
1.630100 
1.630400 
1.632300 
1.632300 
1.633100 
1.633300 
1.633300 
1.634200 
1.634300 
1.634400 
1.634500 
1.634600 
1.634700 
1.634800 
1.634900 
1.635100 
1.635300 
1.635500 
1.636200 
1.636900 
1.636900 
1.636900 
1.637200 
1.637200 
1.637300 
1.637500 
1.637800 
1.638000 
1.638300 
1.638600 
1.638700 
1.639300 
1.641800 
1.641800 
1.642400 
1.642600 
1.643200 
1.643600 
1.644500 
1.645200 
1.645800 
1.646200 
1.646600 
1.646900 
1.647000 
1.647000 
1.647000 
1.648000 
1.648000 
1.648200 
1.648300 
1.648800 
1.649000 
1.649100 
1.649500 
1.650200 
1.650700 
1.650900 
1.651000 
1.651600 
1.651600 
1.652900 
1.653300 
1.653600 
1.653600 
1.653800 
1.654300 
1.654400 
1.654400 
1.654500 
1.655200 
1.655900 
1.656300 
1.656400 
1.657500 
1.657900 
1.658100 
1.659100 
1.659300 
1.659700 
1.660500 
1.661000 
1.661400 
1.661700 
1.661900 
1.662000 
1.662500 
1.662600 
1.664100 
1.664800 
1.665300 
1.665500 
1.666900 
1.667000 
1.667100 
1.667500 
1.667600 
1.668300 
1.668500 
1.669100 
1.669400 
1.670300 
1.670500 
1.670600 
1.670800 
1.671000 
1.671100 
1.671600 
1.671600 
1.671700 
1.672000 
1.672300 
1.672300 
1.672500 
1.672900 
1.673700 
1.673800 
1.674100 
1.674700 
1.674900 
1.675000 
1.675400 
1.675700 
1.676500 
1.676600 
1.676900 
1.677000 
1.677300 
1.677800 
1.677800 
1.678100 
1.678400 
1.678500 
1.679100 
1.679500 
1.679900 
1.680900 
1.681400 
1.681400 
1.681500 
1.681600 
1.681700 
1.682000 
1.682600 
1.683600 
1.683700 
1.684800 
1.684900 
1.685600 
1.685900 
1.686100 
1.687100 
1.687200 
1.688100 
1.688800 
1.689000 
1.689100 
1.689500 
1.690400 
1.690500 
1.690500 
1.690700 
1.690700 
1.690700 
1.691500 
1.691800 
1.692500 
1.692700 
1.693000 
1.693400 
1.693400 
1.693700 
1.694100 
1.694300 
1.694400 
1.695100 
1.695200 
1.695900 
1.696000 
1.696400 
1.696800 
1.697200 
1.697400 
1.697500 
1.697600 
1.698100 
1.700000 
1.700700 
1.700800 
1.701100 
1.701500 
1.701500 
1.701800 
1.701800 
1.702200 
1.702700 
1.702700 
1.703400 
1.703500 
1.703800 
1.703800 
1.704000 
1.704700 
1.704800 
1.704800 
1.704900 
1.705200 
1.705700 
1.705800 
1.706500 
1.706500 
1.707300 
1.707500 
1.708400 
1.708600 
1.709400 
1.710300 
1.710600 
1.710700 
1.711300 
1.711400 
1.711800 
1.712100 
1.712200 
1.712900 
1.713300 
1.714100 
1.715400 
1.715600 
1.715800 
1.716600 
1.717200 
1.717600 
1.717700 
1.717700 
1.717800 
1.718700 
1.718900 
1.719200 
1.719500 
1.719800 
1.720500 
1.720700 
1.721300 
1.721300 
1.722000 
1.722000 
1.722200 
1.724000 
1.724100 
1.724200 
1.724700 
1.724900 
1.725400 
1.726000 
1.726400 
1.726700 
1.726900 
1.727100 
1.727500 
1.728400 
1.728500 
1.728800 
1.729500 
1.729800 
1.731000 
1.731700 
1.732000 
1.732700 
1.733000 
1.733000 
1.733200 
1.733500 
1.733700 
1.734000 
1.734000 
1.734200 
1.734400 
1.735000 
1.735100 
1.735600 
1.735600 
1.735900 
1.735900 
1.736000 
1.736400 
1.736800 
1.737500 
1.737800 
1.738900 
1.738900 
1.741100 
1.741400 
1.741500 
1.741900 
1.743300 
1.744000 
1.744200 
1.744200 
1.744900 
1.745000 
1.745100 
1.746100 
1.746200 
1.746300 
1.746500 
1.746900 
1.747100 
1.748200 
1.748300 
1.748500 
1.749000 
1.749100 
1.749300 
1.749500 
1.750200 
1.750400 
1.751200 
1.751600 
1.751700 
1.751700 
1.752200 
1.752700 
1.752800 
1.752800 
1.753300 
1.753600 
1.753900 
1.754400 
1.754600 
1.754600 
1.754700 
1.754900 
1.755700 
1.756000 
1.756100 
1.756900 
1.757000 
1.757700 
1.758200 
1.758300 
1.759100 
1.759900 
1.760000 
1.760300 
1.760400 
1.760700 
1.760700 
1.760900 
1.761100 
1.762000 
1.762200 
1.762400 
1.762600 
1.762700 
1.762800 
1.762800 
1.763400 
1.763700 
1.764700 
1.765000 
1.765100 
1.765400 
1.767000 
1.767100 
1.767400 
1.768300 
1.769100 
1.770300 
1.770600 
1.771000 
1.771800 
1.771800 
1.772400 
1.772500 
1.773600 
1.774400 
1.774500 
1.774600 
1.774600 
1.774600 
1.774700 
1.775100 
1.775200 
1.775500 
1.775800 
1.775800 
1.775900 
1.776400 
1.777300 
1.777700 
1.777900 
1.778800 
1.780400 
1.780500 
1.781300 
1.781700 
1.781800 
1.781800 
1.783400 
1.783500 
1.783800 
1.784200 
1.784600 
1.784900 
1.785800 
1.786000 
1.786100 
1.786200 
1.786800 
1.786900 
1.786900 
1.787400 
1.787800 
1.787900 
1.788200 
1.788300 
1.788500 
1.788600 
1.788900 
1.789700 
1.790400 
1.790500 
1.791000 
1.791100 
1.791200 
1.791700 
1.791800 
1.792200 
1.792200 
1.793300 
1.793500 
1.793600 
1.794000 
1.795400 
1.795500 
1.796300 
1.797500 
1.798200 
1.798300 
1.798400 
1.799100 
1.799100 
1.800600 
1.800600 
1.801000 
1.801000 
1.801400 
1.801700 
1.802300 
1.802700 
1.803100 
1.804000 
1.804200 
1.804900 
1.805300 
1.805400 
1.805800 
1.806500 
1.806600 
1.807000 
1.807200 
1.807500 
1.807700 
1.807900 
1.808500 
1.808500 
1.809000 
1.810100 
1.810400 
1.810400 
1.810500 
1.810600 
1.810900 
1.811100 
1.811600 
1.811700 
1.812000 
1.812500 
1.813100 
1.813100 
1.814500 
1.814600 
1.815400 
1.815600 
1.816200 
1.816600 
1.817400 
1.817500 
1.817700 
1.817700 
1.818300 
1.818300 
1.818600 
1.819100 
1.819700 
1.819900 
1.820500 
1.820700 
1.820900 
1.821300 
1.821700 
1.821900 
1.822000 
1.822000 
1.822500 
1.823600 
1.824100 
1.824200 
1.824400 
1.825300 
1.825300 
1.825800 
1.825800 
1.826600 
1.826700 
1.826800 
1.826900 
1.827100 
1.827200 
1.827400 
1.827800 
1.829500 
1.829700 
1.830500 
1.831200 
1.831300 
1.831600 
1.832000 
1.832300 
1.832900 
1.833900 
1.834100 
1.834300 
1.834400 
1.834600 
1.834900 
1.834900 
1.835000 
1.835400 
1.835800 
1.836700 
1.836700 
1.836800 
1.837300 
1.838000 
1.839400 
1.839500 
1.839600 
1.839600 
1.839800 
1.840600 
1.841400 
1.841700 
1.841800 
1.843000 
1.843200 
1.843400 
1.843400 
1.843500 
1.843800 
1.844100 
1.844200 
1.845100 
1.845100 
1.845500 
1.845900 
1.846000 
1.846200 
1.846500 
1.847000 
1.847200 
1.847200 
1.847700 
1.848000 
1.848000 
1.848100 
1.848600 
1.849400 
1.849600 
1.850100 
1.850300 
1.850400 
1.850500 
1.850800 
1.851600 
1.852600 
1.852800 
1.853300 
1.854000 
1.854900 
1.855100 
1.855800 
1.856400 
1.856600 
1.856700 
1.857000 
1.857800 
1.857900 
1.858400 
1.858700 
1.859500 
1.859600 
1.859600 
1.860500 
1.860600 
1.860700 
1.860800 
1.861000 
1.861000 
1.861200 
1.861300 
1.861400 
1.861800 
1.861800 
1.861900 
1.861900 
1.862300 
1.862700 
1.862800 
1.862800 
1.863200 
1.863300 
1.863400 
1.863500 
1.864200 
1.864200 
1.864300 
1.864600 
1.864900 
1.865700 
1.866600 
1.866900 
1.867200 
1.867900 
1.868400 
1.868400 
1.869300 
1.869400 
1.869600 
1.870300 
1.870700 
1.871400 
1.871400 
1.871500 
1.873600 
1.874400 
1.874400 
1.874900 
1.875400 
1.875600 
1.875600 
1.876200 
1.876500 
1.877500 
1.879200 
1.879200 
1.879300 
1.879600 
1.879800 
1.880000 
1.880100 
1.880700 
1.881000 
1.881200 
1.882600 
1.882700 
1.883200 
1.883200 
1.883500 
1.883900 
1.884100 
1.884400 
1.884500 
1.884700 
1.885300 
1.885600 
1.885800 
1.886000 
1.886000 
1.886100 
1.886200 
1.886200 
1.887300 
1.887400 
1.887800 
1.887800 
1.888900 
1.889200 
1.890800 
1.891200 
1.892100 
1.892100 
1.892100 
1.892400 
1.892600 
1.893000 
1.893000 
1.893700 
1.893800 
1.893800 
1.893900 
1.894100 
1.894100 
1.894400 
1.895500 
1.895700 
1.896300 
1.896300 
1.896900 
1.898000 
1.898000 
1.898100 
1.898700 
1.898800 
1.898900 
1.899300 
1.899400 
1.902900 
1.902900 
1.902900 
1.904100 
1.904500 
1.904700 
1.905000 
1.905300 
1.905400 
1.905700 
1.905900 
1.906100 
1.907000 
1.907700 
1.908200 
1.908200 
1.908300 
1.908900 
1.909600 
1.909800 
1.910000 
1.910400 
1.910400 
1.910500 
1.910500 
1.910700 
1.911500 
1.912200 
1.912300 
1.912700 
1.913000 
1.913200 
1.914000 
1.914000 
1.914800 
1.915000 
1.915200 
1.915500 
1.917600 
1.917900 
1.918300 
1.918500 
1.918500 
1.918700 
1.919300 
1.919400 
1.920000 
1.921000 
1.921600 
1.921800 
1.921800 
1.921900 
1.921900 
1.922200 
1.922500 
1.922500 
1.923000 
1.923800 
1.924000 
1.924400 
1.924400 
1.924500 
1.924700 
1.925900 
1.926000 
1.926600 
1.927400 
1.927700 
1.928000 
1.928600 
1.929300 
1.930300 
1.931000 
1.931100 
1.931800 
1.932200 
1.932300 
1.932300 
1.932700 
1.933000 
1.933600 
1.933600 
1.934600 
1.934700 
1.935200 
1.935300 
1.935500 
1.935500 
1.935800 
1.936100 
1.937100 
1.937100 
1.937800 
1.938000 
1.938600 
1.938600 
1.938700 
1.940200 
1.940500 
1.940500 
1.942400 
1.943000 
1.943100 
1.943200 
1.943300 
1.943400 
1.943600 
1.944000 
1.944600 
1.945400 
1.947000 
1.947100 
1.948200 
1.948400 
1.948400 
1.948600 
1.949100 
1.949500 
1.949500 
1.950400 
1.950700 
1.950800 
1.950900 
1.951000 
1.951700 
1.951900 
1.952000 
1.952200 
1.952200 
1.952700 
1.953000 
1.953400 
1.953600 
1.954600 
1.955500 
1.955900 
1.956100 
1.956200 
1.956400 
1.956500 
1.956500 
1.957900 
1.958100 
1.958300 
1.958600 
1.958800 
1.959600 
1.959600 
1.960700 
1.960800 
1.961400 
1.962000 
1.962200 
1.962300 
1.962400 
1.962800 
1.963200 
1.963700 
1.964400 
1.964800 
1.965100 
1.965100 
1.965100 
1.965600 
1.965800 
1.966300 
1.966500 
1.966600 
1.966800 
1.967300 
1.967600 
1.967700 
1.967900 
1.967900 
1.968400 
1.968400 
1.968500 
1.968500 
1.968700 
1.969000 
1.969100 
1.970100 
1.970800 
1.971200 
1.972400 
1.972600 
1.972700 
1.972800 
1.972900 
1.974600 
1.974800 
1.975400 
1.977200 
1.978000 
1.978200 
1.978300 
1.978800 
1.979100 
1.979700 
1.980500 
1.980900 
1.981600 
1.981700 
1.982200 
1.982500 
1.982700 
1.982900 
1.983100 
1.983200 
1.983700 
1.985500 
1.985800 
1.985800 
1.986300 
1.987000 
1.987600 
1.987600 
1.987700 
1.987700 
1.987900 
1.988900 
1.988900 
1.989200 
1.989300 
1.989500 
1.990000 
1.990000 
1.991200 
1.991300 
1.991300 
1.991400 
1.991700 
1.992200 
1.992800 
1.992800 
1.993000 
1.993100 
1.993200 
1.994100 
1.994500 
1.994600 
1.994800 
1.995300 
1.996700 
1.996800 
1.998100 
1.999200 
1.999300 
1.999800 
2.000000 
2.000000 
2.000200 
2.000300 
2.000800 
2.000900 
2.001100 
2.001200 
2.001200 
2.001300 
2.001400 
2.001800 
2.001800 
2.001900 
2.002200 
2.002300 
2.002600 
2.003500 
2.003700 
2.003700 
2.004200 
2.004600 
2.004800 
2.005000 
2.005200 
2.005300 
2.005700 
2.005900 
2.007000 
2.007100 
2.007400 
2.007400 
2.007600 
2.008100 
2.008300 
2.008700 
2.008700 
2.009400 
2.009700 
2.009700 
2.010200 
2.011700 
2.011800 
2.013800 
2.013900 
2.014000 
2.014200 
2.014400 
2.015000 
2.015400 
2.015700 
2.016300 
2.016300 
2.016800 
2.016800 
2.017400 
2.017600 
2.018200 
2.018300 
2.018600 
2.019000 
2.019700 
2.019900 
2.020200 
2.020300 
2.020800 
2.021000 
2.021200 
2.021400 
2.021500 
2.021500 
2.021600 
2.021900 
2.023100 
2.023900 
2.024000 
2.024000 
2.024100 
2.024200 
2.024300 
2.024700 
2.025200 
2.025800 
2.025900 
2.026400 
2.028300 
2.028700 
2.029200 
2.029800 
2.030300 
2.030600 
2.030800 
2.031300 
2.031400 
2.031700 
2.032600 
2.033900 
2.034300 
2.034600 
2.035300 
2.036600 
2.037400 
2.037600 
2.037900 
2.038600 
2.038800 
2.038800 
2.038900 
2.039100 
2.039700 
2.039700 
2.039800 
2.040600 
2.041100 
2.041200 
2.041200 
2.041300 
2.042100 
2.042100 
2.042200 
2.042200 
2.042600 
2.043100 
2.043900 
2.043900 
2.044500 
2.044800 
2.045400 
2.046700 
2.047200 
2.047500 
2.047700 
2.047800 
2.048600 
2.048800 
2.048800 
2.049000 
2.049200 
2.049300 
2.049800 
2.049900 
2.049900 
2.050000 
2.051300 
2.051500 
2.051900 
2.052800 
2.053900 
2.054000 
2.054000 
2.055300 
2.055500 
2.055800 
2.055900 
2.056400 
2.056700 
2.056800 
2.056900 
2.057200 
2.057500 
2.058000 
2.058000 
2.058200 
2.058300 
2.058500 
2.058600 
2.059000 
2.059800 
2.060300 
2.060700 
2.060800 
2.061200 
2.061300 
2.061500 
2.062900 
2.063000 
2.063600 
2.063600 
2.064900 
2.065000 
2.065400 
2.065500 
2.066100 
2.066600 
2.067000 
2.067400 
2.067400 
2.068000 
2.068000 
2.068100 
2.068300 
2.068400 
2.069100 
2.069200 
2.069400 
2.069500 
2.069600 
2.070300 
2.070700 
2.071800 
2.072000 
2.072300 
2.072400 
2.072600 
2.073700 
2.073900 
2.073900 
2.073900 
2.074100 
2.074600 
2.074800 
2.075000 
2.075100 
2.075800 
2.076200 
2.076900 
2.076900 
2.077100 
2.077600 
2.077800 
2.078700 
2.079400 
2.081200 
2.081200 
2.081300 
2.081500 
2.081900 
2.082000 
2.082200 
2.082300 
2.082400 
2.083200 
2.083700 
2.083700 
2.084500 
2.084600 
2.084800 
2.084900 
2.086100 
2.086100 
2.086700 
2.086900 
2.087600 
2.087800 
2.087800 
2.087900 
2.087900 
2.088000 
2.088200 
2.088400 
2.088600 
2.089300 
2.089900 
2.090000 
2.090700 
2.090800 
2.091000 
2.091500 
2.091600 
2.091900 
2.092400 
2.093100 
2.093700 
2.094400 
2.094900 
2.095000 
2.095100 
2.096800 
2.096800 
2.097100 
2.097200 
2.097200 
2.098000 
2.098100 
2.098400 
2.098700 
2.098900 
2.100200 
2.100900 
2.101300 
2.101300 
2.101700 
2.101700 
2.101800 
2.102100 
2.102300 
2.102600 
2.102800 
2.103100 
2.103100 
2.103400 
2.103400 
2.103800 
2.103900 
2.104500 
2.105600 
2.105700 
2.106200 
2.106400 
2.106900 
2.107700 
2.108900 
2.108900 
2.109400 
2.109600 
2.110000 
2.110300 
2.111100 
2.111400 
2.112000 
2.112400 
2.112400 
2.112800 
2.113400 
2.115100 
2.115300 
2.115600 
2.115800 
2.116000 
2.116200 
2.117000 
2.117200 
2.117200 
2.118000 
2.118000 
2.118400 
2.118600 
2.118800 
2.119100 
2.119100 
2.119500 
2.119700 
2.119800 
2.120300 
2.120800 
2.120800 
2.121100 
2.121300 
2.122100 
2.123400 
2.123600 
2.124400 
2.124500 
2.124900 
2.125400 
2.125400 
2.125400 
2.125500 
2.126300 
2.126600 
2.127600 
2.128200 
2.129600 
2.130900 
2.131000 
2.131200 
2.131400 
2.131600 
2.132100 
2.132400 
2.133200 
2.133600 
2.133800 
2.134700 
2.134800 
2.134800 
2.135100 
2.135100 
2.135400 
2.136000 
2.136200 
2.136900 
2.137000 
2.137100 
2.138700 
2.139000 
2.139100 
2.139900 
2.140200 
2.140400 
2.140900 
2.141200 
2.141700 
2.142100 
2.143000 
2.143500 
2.143800 
2.144800 
2.145200 
2.146000 
2.146000 
2.146100 
2.146300 
2.146700 
2.146700 
2.146800 
2.147300 
2.147600 
2.147800 
2.148000 
2.148000 
2.148500 
2.148700 
2.149000 
2.149000 
2.149400 
2.149800 
2.150200 
2.150200 
2.151300 
2.151700 
2.152000 
2.152900 
2.153800 
2.154000 
2.154700 
2.155200 
2.155300 
2.155500 
2.156200 
2.156200 
2.156800 
2.157100 
2.157300 
2.157300 
2.157400 
2.158000 
2.158100 
2.159000 
2.159500 
2.159500 
2.159800 
2.160500 
2.162000 
2.162700 
2.162900 
2.163500 
2.163800 
2.164200 
2.164200 
2.164300 
2.164300 
2.164500 
2.164600 
2.164700 
2.165000 
2.165200 
2.165400 
2.166000 
2.166500 
2.166700 
2.166900 
2.167300 
2.167600 
2.168600 
2.168800 
2.168900 
2.169000 
2.170100 
2.170300 
2.170400 
2.170500 
2.170700 
2.170800 
2.171100 
2.171600 
2.171600 
2.172500 
2.173400 
2.173700 
2.173900 
2.174500 
2.174800 
2.175600 
2.175600 
2.176600 
2.177000 
2.177700 
2.179000 
2.179400 
2.179700 
2.180000 
2.181200 
2.181300 
2.181700 
2.182400 
2.182500 
2.182900 
2.183100 
2.183400 
2.184700 
2.184800 
2.184900 
2.185000 
2.185100 
2.185700 
2.186400 
2.186600 
2.186800 
2.187200 
2.188100 
2.188300 
2.188300 
2.188400 
2.188600 
2.188600 
2.188800 
2.189000 
2.189600 
2.190300 
2.190800 
2.190900 
2.191000 
2.191000 
2.192100 
2.192400 
2.192900 
2.193600 
2.194100 
2.194200 
2.194200 
2.194300 
2.194400 
2.195100 
2.195400 
2.195700 
2.195800 
2.196000 
2.196700 
2.197100 
2.197300 
2.198900 
2.199000 
2.199100 
2.199100 
2.199400 
2.199800 
2.199800 
2.200600 
2.200600 
2.201000 
2.201200 
2.202000 
2.202100 
2.202500 
2.204200 
2.204200 
2.205300 
2.206400 
2.206400 
2.206500 
2.208500 
2.209300 
2.210200 
2.210700 
2.211000 
2.211300 
2.211700 
2.212200 
2.212600 
2.212600 
2.212700 
2.213100 
2.213300 
2.213300 
2.213300 
2.214300 
2.214300 
2.214400 
2.214800 
2.214900 
2.215000 
2.215700 
2.216000 
2.216200 
2.216400 
2.216900 
2.217200 
2.217400 
2.218000 
2.218300 
2.218800 
2.218800 
2.219000 
2.219400 
2.220400 
2.220500 
2.220900 
2.221000 
2.221400 
2.221800 
2.222000 
2.222700 
2.223700 
2.223800 
2.224400 
2.224500 
2.224700 
2.224800 
2.225500 
2.225600 
2.226200 
2.226800 
2.227100 
2.227500 
2.227900 
2.227900 
2.228500 
2.228900 
2.229000 
2.230800 
2.231100 
2.231300 
2.232000 
2.232300 
2.232600 
2.233100 
2.233300 
2.233300 
2.233600 
2.233700 
2.234200 
2.234500 
2.235100 
2.235400 
2.236900 
2.237600 
2.237900 
2.238200 
2.238200 
2.238500 
2.239100 
2.239200 
2.239800 
2.239900 
2.240000 
2.240100 
2.240900 
2.240900 
2.241400 
2.241500 
2.241600 
2.242400 
2.242700 
2.242800 
2.244400 
2.244600 
2.245200 
2.245700 
2.246000 
2.246100 
2.246600 
2.246700 
2.247100 
2.247300 
2.247600 
2.247600 
2.248100 
2.248800 
2.249000 
2.249100 
2.250400 
2.250900 
2.250900 
2.251000 
2.251800 
2.252600 
2.252800 
2.253300 
2.253400 
2.253500 
2.253600 
2.254500 
2.255500 
2.256200 
2.256400 
2.256500 
2.256600 
2.256800 
2.257200 
2.257200 
2.257500 
2.257700 
2.257800 
2.258000 
2.258000 
2.259000 
2.259300 
2.259900 
2.260600 
2.260800 
2.261000 
2.261000 
2.261800 
2.262000 
2.262700 
2.262900 
2.263300 
2.263400 
2.263600 
2.263800 
2.264100 
2.264900 
2.265200 
2.265600 
2.265800 
2.266500 
2.266800 
2.268800 
2.269000 
2.269100 
2.271400 
2.271400 
2.271500 
2.271700 
2.272300 
2.273200 
2.274200 
2.274700 
2.275000 
2.275600 
2.275700 
2.275800 
2.276000 
2.276100 
2.276200 
2.276400 
2.276800 
2.277000 
2.277100 
2.277400 
2.277700 
2.277800 
2.278100 
2.278400 
2.278500 
2.278700 
2.278900 
2.279900 
2.280500 
2.280600 
2.280900 
2.281000 
2.281100 
2.281500 
2.281500 
2.281700 
2.281900 
2.282500 
2.282600 
2.283200 
2.283400 
2.283600 
2.284300 
2.284500 
2.284800 
2.285200 
2.285400 
2.287700 
2.290400 
2.290600 
2.291100 
2.291100 
2.291100 
2.291300 
2.291500 
2.291800 
2.292600 
2.293000 
2.293100 
2.293300 
2.293500 
2.294500 
2.294900 
2.295600 
2.295600 
2.296200 
2.296400 
2.296600 
2.296600 
2.296700 
2.296700 
2.297700 
2.297900 
2.298100 
2.298200 
2.298400 
2.298600 
2.298600 
2.298700 
2.299300 
2.299400 
2.299500 
2.299500 
2.299700 
2.299800 
2.300500 
2.300900 
2.302500 
2.302500 
2.303600 
2.303600 
2.305500 
2.305900 
2.306400 
2.306600 
2.307000 
2.307100 
2.307900 
2.307900 
2.308200 
2.308300 
2.308600 
2.309700 
2.309800 
2.310700 
2.311100 
2.311100 
2.311300 
2.311900 
2.311900 
2.312500 
2.312600 
2.312700 
2.312900 
2.313300 
2.313500 
2.313700 
2.314100 
2.315100 
2.315500 
2.315800 
2.316200 
2.316400 
2.316400 
2.316900 
2.317400 
2.317700 
2.317800 
2.317800 
2.318600 
2.318700 
2.318800 
2.319300 
2.319500 
2.319600 
2.319700 
2.320700 
2.320800 
2.321500 
2.321900 
2.322000 
2.322100 
2.323100 
2.323200 
2.323500 
2.324300 
2.324400 
2.324400 
2.326000 
2.326100 
2.326100 
2.327000 
2.327200 
2.327500 
2.327800 
2.327900 
2.328000 
2.328000 
2.328000 
2.328100 
2.328500 
2.328700 
2.328700 
2.328800 
2.329000 
2.329100 
2.330300 
2.330400 
2.330700 
2.330800 
2.332600 
2.332800 
2.332800 
2.333000 
2.333500 
2.333900 
2.334700 
2.335200 
2.335500 
2.335600 
2.338000 
2.338100 
2.338200 
2.338400 
2.338400 
2.338800 
2.338900 
2.339300 
2.339600 
2.339700 
2.339900 
2.340400 
2.341600 
2.342100 
2.342600 
2.343400 
2.344000 
2.344000 
2.344400 
2.344500 
2.344800 
2.345100 
2.345100 
2.345300 
2.345500 
2.346500 
2.346600 
2.346800 
2.346800 
2.346800 
2.347500 
2.348200 
2.348200 
2.348300 
2.348800 
2.349700 
2.349900 
2.350500 
2.350600 
2.351200 
2.352300 
2.352600 
2.352700 
2.352800 
2.353000 
2.353100 
2.354200 
2.354700 
2.356500 
2.356900 
2.356900 
2.357300 
2.357700 
2.357900 
2.357900 
2.358800 
2.358800 
2.359200 
2.359200 
2.360100 
2.360500 
2.360700 
2.361900 
2.362800 
2.362900 
2.363300 
2.363400 
2.364000 
2.364200 
2.364300 
2.364300 
2.365200 
2.366400 
2.367100 
2.367200 
2.367400 
2.368300 
2.368600 
2.369300 
2.369800 
2.370000 
2.370500 
2.371200 
2.371200 
2.371200 
2.371900 
2.372100 
2.372500 
2.372600 
2.372700 
2.372900 
2.372900 
2.373100 
2.373200 
2.373300 
2.373400 
2.373700 
2.374800 
2.374900 
2.375000 
2.375100 
2.376000 
2.377300 
2.377500 
2.378100 
2.378200 
2.378300 
2.378700 
2.378700 
2.378800 
2.379500 
2.380200 
2.380600 
2.381000 
2.381100 
2.381700 
2.381900 
2.382000 
2.382200 
2.384100 
2.384100 
2.384300 
2.384400 
2.384900 
2.385600 
2.386400 
2.386700 
2.387300 
2.387900 
2.388000 
2.388200 
2.388300 
2.389500 
2.389700 
2.389800 
2.390300 
2.391300 
2.391700 
2.391700 
2.391900 
2.392000 
2.392400 
2.392600 
2.392600 
2.392600 
2.392600 
2.393000 
2.393200 
2.393300 
2.393400 
2.393400 
2.393500 
2.393500 
2.393700 
2.394200 
2.395100 
2.395500 
2.396200 
2.396900 
2.397000 
2.397200 
2.398000 
2.398500 
2.398500 
2.399900 
2.400700 
2.400800 
2.401700 
2.401800 
2.402300 
2.402700 
2.403200 
2.403300 
2.403800 
2.404000 
2.404000 
2.404900 
2.405400 
2.406400 
2.407200 
2.407200 
2.407500 
2.407900 
2.408100 
2.408100 
2.408500 
2.408800 
2.409500 
2.409600 
2.409800 
2.409900 
2.411400 
2.412200 
2.412700 
2.413700 
2.414800 
2.414900 
2.415800 
2.416200 
2.416400 
2.416400 
2.417400 
2.417500 
2.417600 
2.418200 
2.418500 
2.418500 
2.418600 
2.418900 
2.419000 
2.419500 
2.419700 
2.420200 
2.420600 
2.421700 
2.421900 
2.422100 
2.422200 
2.422500 
2.422700 
2.422800 
2.423600 
2.423700 
2.424400 
2.424800 
2.425300 
2.426500 
2.426700 
2.426900 
2.427000 
2.427100 
2.427300 
2.427400 
2.427900 
2.428000 
2.429200 
2.429300 
2.429300 
2.429400 
2.429400 
2.429900 
2.430200 
2.430700 
2.431300 
2.431700 
2.431800 
2.432000 
2.432500 
2.433300 
2.435800 
2.435800 
2.436300 
2.436600 
2.436900 
2.437500 
2.437600 
2.437600 
2.437600 
2.437800 
2.437900 
2.438300 
2.438400 
2.438700 
2.439000 
2.439400 
2.439400 
2.439900 
2.440300 
2.440600 
2.441400 
2.441500 
2.442600 
2.443200 
2.443300 
2.444000 
2.444000 
2.444700 
2.445000 
2.445400 
2.446000 
2.446200 
2.446600 
2.447400 
2.447800 
2.448800 
2.449900 
2.449900 
2.450200 
2.450600 
2.450800 
2.451000 
2.451100 
2.451100 
2.451600 
2.451700 
2.451900 
2.452500 
2.452800 
2.453200 
2.453600 
2.453700 
2.453700 
2.453800 
2.453800 
2.453900 
2.454500 
2.455800 
2.456300 
2.457100 
2.457400 
2.457900 
2.458500 
2.458700 
2.459700 
2.460300 
2.460600 
2.461300 
2.462200 
2.462200 
2.462300 
2.462300 
2.463000 
2.464100 
2.464200 
2.464300 
2.465400 
2.465900 
2.466200 
2.466300 
2.467100 
2.467400 
2.467800 
2.467800 
2.467900 
2.468200 
2.468800 
2.468800 
2.470000 
2.470100 
2.470300 
2.470400 
2.470900 
2.471000 
2.471000 
2.471300 
2.472600 
2.473600 
2.473700 
2.473900 
2.475100 
2.475400 
2.476500 
2.477100 
2.477400 
2.477900 
2.478500 
2.478600 
2.478800 
2.479000 
2.479500 
2.479500 
2.479800 
2.480000 
2.482000 
2.482100 
2.482200 
2.482300 
2.482400 
2.482700 
2.482900 
2.483000 
2.483100 
2.483400 
2.483600 
2.483900 
2.483900 
2.486000 
2.486000 
2.486800 
2.486900 
2.488600 
2.489200 
2.489400 
2.489400 
2.489800 
2.490800 
2.491300 
2.491500 
2.491600 
2.491800 
2.492300 
2.492900 
2.493000 
2.493100 
2.493100 
2.493200 
2.493200 
2.493500 
2.494300 
2.494400 
2.494800 
2.495000 
2.495100 
2.496100 
2.497000 
2.497400 
2.497600 
2.497700 
2.497800 
2.498200 
2.498400 
2.499200 
2.499300 
2.499300 
2.499900 
2.500300 
2.500600 
2.500600 
2.500900 
2.501400 
2.501900 
2.501900 
2.501900 
2.502300 
2.502500 
2.502800 
2.503800 
2.505000 
2.505300 
2.505600 
2.505600 
2.506200 
2.506700 
2.507100 
2.507200 
2.507300 
2.507300 
2.507300 
2.507500 
2.507600 
2.508600 
2.509100 
2.509700 
2.509900 
2.509900 
2.511400 
2.511400 
2.511600 
2.511900 
2.512400 
2.512400 
2.512700 
2.512700 
2.512800 
2.513300 
2.513500 
2.513900 
2.514100 
2.515300 
2.515300 
2.515500 
2.515900 
2.516600 
2.516800 
2.517500 
2.518400 
2.519400 
2.519800 
2.520000 
2.520300 
2.520400 
2.520800 
2.521100 
2.521300 
2.521900 
2.524100 
2.524800 
2.525100 
2.525300 
2.525400 
2.525600 
2.526400 
2.526500 
2.527000 
2.527100 
2.527500 
2.528000 
2.528100 
2.528200 
2.528900 
2.529000 
2.529600 
2.529900 
2.529900 
2.529900 
2.530000 
2.530200 
2.530700 
2.530800 
2.531400 
2.531800 
2.532000 
2.532700 
2.533300 
2.534000 
2.534500 
2.534900 
2.535200 
2.535300 
2.535300 
2.536000 
2.537300 
2.538100 
2.538100 
2.538200 
2.538300 
2.538500 
2.538900 
2.539000 
2.539200 
2.539200 
2.539700 
2.539700 
2.540300 
2.540600 
2.540700 
2.541000 
2.541200 
2.541300 
2.541700 
2.541700 
2.541800 
2.542300 
2.542300 
2.543400 
2.544300 
2.544300 
2.544600 
2.544800 
2.545100 
2.545600 
2.546000 
2.546100 
2.546700 
2.546800 
2.547900 
2.548100 
2.548200 
2.548400 
2.548700 
2.550100 
2.550200 
2.550700 
2.550900 
2.551500 
2.551900 
2.552000 
2.552200 
2.554000 
2.554200 
2.554500 
2.554600 
2.554600 
2.554700 
2.555800 
2.555800 
2.555900 
2.555900 
2.556000 
2.556200 
2.556200 
2.556200 
2.557200 
2.558100 
2.559100 
2.559500 
2.559500 
2.559600 
2.560500 
2.561000 
2.561400 
2.561600 
2.561800 
2.561800 
2.562100 
2.562200 
2.562300 
2.562900 
2.563100 
2.563200 
2.563200 
2.563300 
2.563800 
2.564200 
2.564200 
2.564800 
2.565400 
2.566300 
2.566300 
2.566300 
2.566600 
2.567400 
2.567600 
2.567700 
2.567700 
2.567900 
2.568500 
2.569000 
2.569200 
2.569700 
2.570000 
2.570100 
2.570300 
2.571200 
2.571800 
2.572800 
2.572900 
2.574300 
2.574300 
2.574400 
2.574600 
2.574700 
2.575700 
2.575700 
2.575900 
2.576500 
2.576600 
2.576900 
2.577400 
2.577500 
2.578200 
2.578300 
2.578400 
2.579200 
2.579600 
2.580200 
2.580600 
2.581500 
2.581600 
2.582600 
2.582600 
2.582900 
2.583000 
2.583100 
2.583600 
2.583700 
2.583800 
2.583900 
2.584100 
2.584300 
2.584600 
2.584600 
2.585800 
2.586100 
2.586400 
2.586600 
2.587700 
2.587700 
2.587800 
2.587800 
2.588000 
2.588500 
2.588500 
2.588600 
2.588700 
2.588900 
2.589100 
2.589900 
2.590900 
2.591300 
2.591300 
2.592400 
2.593500 
2.594100 
2.594500 
2.594700 
2.594800 
2.595300 
2.595400 
2.595600 
2.596000 
2.596700 
2.596800 
2.597300 
2.597700 
2.597900 
2.598400 
2.598400 
2.599000 
2.599900 
2.600100 
2.600300 
2.600400 
2.600600 
2.601100 
2.602000 
2.604300 
2.604400 
2.605600 
2.605900 
2.607300 
2.607500 
2.607500 
2.607800 
2.607800 
2.607900 
2.608100 
2.608100 
2.608800 
2.608900 
2.609000 
2.610200 
2.610300 
2.610500 
2.610600 
2.610700 
2.610700 
2.610900 
2.611200 
2.611400 
2.612300 
2.612400 
2.612400 
2.613600 
2.613700 
2.613700 
2.614200 
2.614300 
2.614500 
2.614500 
2.614600 
2.614700 
2.615500 
2.615500 
2.615600 
2.616100 
2.616300 
2.616900 
2.616900 
2.617000 
2.617900 
2.618400 
2.618600 
2.618800 
2.619200 
2.619200 
2.619600 
2.621700 
2.621700 
2.623000 
2.623100 
2.623200 
2.623500 
2.624100 
2.624300 
2.624600 
2.624700 
2.625100 
2.625700 
2.625800 
2.625900 
2.626200 
2.626500 
2.626500 
2.626900 
2.627500 
2.627800 
2.628500 
2.628700 
2.629100 
2.630500 
2.630600 
2.630900 
2.630900 
2.631100 
2.631300 
2.631300 
2.631400 
2.631500 
2.632000 
2.632300 
2.632600 
2.632600 
2.632700 
2.632900 
2.636000 
2.636100 
2.636100 
2.636500 
2.636900 
2.637100 
2.637200 
2.637300 
2.637700 
2.638100 
2.638400 
2.638400 
2.640000 
2.640200 
2.640500 
2.641900 
2.642400 
2.642400 
2.642600 
2.643000 
2.643100 
2.643200 
2.643600 
2.644200 
2.644300 
2.644700 
2.644700 
2.645300 
2.645400 
2.645700 
2.645900 
2.646500 
2.646800 
2.647100 
2.647200 
2.647800 
2.649200 
2.649200 
2.649300 
2.649300 
2.649800 
2.650400 
2.650400 
2.650400 
2.650800 
2.651500 
2.651900 
2.652200 
2.652900 
2.653000 
2.653400 
2.654600 
2.655200 
2.655800 
2.657100 
2.657100 
2.658400 
2.658800 
2.659900 
2.660300 
2.660500 
2.661000 
2.661100 
2.661500 
2.661600 
2.662200 
2.662300 
2.662400 
2.662500 
2.662600 
2.663000 
2.663300 
2.663600 
2.664300 
2.664400 
2.664900 
2.665500 
2.665800 
2.666100 
2.667100 
2.667600 
2.667700 
2.668200 
2.668600 
2.668600 
2.668800 
2.669300 
2.669800 
2.669800 
2.669900 
2.671400 
2.671400 
2.671700 
2.672700 
2.672900 
2.672900 
2.672900 
2.673200 
2.673900 
2.674200 
2.674500 
2.675300 
2.675300 
2.676100 
2.676600 
2.678400 
2.678400 
2.679100 
2.679300 
2.679700 
2.679800 
2.679900 
2.680100 
2.680700 
2.680900 
2.680900 
2.681000 
2.681300 
2.681400 
2.681900 
2.682100 
2.682200 
2.683100 
2.683800 
2.683900 
2.684000 
2.684000 
2.684500 
2.685800 
2.686100 
2.686200 
2.686800 
2.687200 
2.687500 
2.687600 
2.687800 
2.688200 
2.689500 
2.690000 
2.690200 
2.690200 
2.690400 
2.690500 
2.691100 
2.692100 
2.692200 
2.692400 
2.692700 
2.693100 
2.693200 
2.694000 
2.694300 
2.694500 
2.695000 
2.695000 
2.695100 
2.696300 
2.696300 
2.696300 
2.696300 
2.697100 
2.698100 
2.698300 
2.698500 
2.698600 
2.698800 
2.699500 
2.700300 
2.700600 
2.701200 
2.701500 
2.701700 
2.701900 
2.702200 
2.702200 
2.702600 
2.703400 
2.703800 
2.704200 
2.704600 
2.705200 
2.705200 
2.706500 
2.706800 
2.706900 
2.707900 
2.708100 
2.709000 
2.710500 
2.711300 
2.711700 
2.711800 
2.712200 
2.712300 
2.712400 
2.712800 
2.712900 
2.713000 
2.714400 
2.714900 
2.715000 
2.715100 
2.715200 
2.715400 
2.715400 
2.715500 
2.715700 
2.716400 
2.716600 
2.717300 
2.717700 
2.718200 
2.718400 
2.718800 
2.718800 
2.719500 
2.719500 
2.719500 
2.719900 
2.720500 
2.720500 
2.720700 
2.721000 
2.722600 
2.723200 
2.723700 
2.724300 
2.724400 
2.724400 
2.724500 
2.724500 
2.724600 
2.725400 
2.726300 
2.726400 
2.726500 
2.727000 
2.727900 
2.728700 
2.729300 
2.729900 
2.730200 
2.730500 
2.730500 
2.731600 
2.731700 
2.732100 
2.732100 
2.732600 
2.732800 
2.733500 
2.734000 
2.734300 
2.734400 
2.734600 
2.735100 
2.735300 
2.736200 
2.737200 
2.737200 
2.737400 
2.738200 
2.738300 
2.738600 
2.739000 
2.739100 
2.739100 
2.739200 
2.739300 
2.739300 
2.739500 
2.740200 
2.740900 
2.741000 
2.741800 
2.742600 
2.743500 
2.743800 
2.744400 
2.744500 
2.744600 
2.745300 
2.745600 
2.746000 
2.746600 
2.747600 
2.748800 
2.748900 
2.750000 
2.750200 
2.750500 
2.750700 
2.750800 
2.751300 
2.751700 
2.751800 
2.751900 
2.752000 
2.752200 
2.752200 
2.752300 
2.753200 
2.753600 
2.754100 
2.754100 
2.754100 
2.755100 
2.755400 
2.755700 
2.755800 
2.756000 
2.756000 
2.756400 
2.758000 
2.758400 
2.758600 
2.758700 
2.759000 
2.759300 
2.759400 
2.759400 
2.759900 
2.760100 
2.760300 
2.760700 
2.760800 
2.761000 
2.761100 
2.762600 
2.762700 
2.763500 
2.764100 
2.764500 
2.765100 
2.765200 
2.765500 
2.767800 
2.767800 
2.768200 
2.768700 
2.769300 
2.770000 
2.770100 
2.770100 
2.770200 
2.771200 
2.771400 
2.771500 
2.771900 
2.772000 
2.772600 
2.772700 
2.772700 
2.773200 
2.773700 
2.773700 
2.774200 
2.775300 
2.776000 
2.776100 
2.776100 
2.776200 
2.776300 
2.776600 
2.776600 
2.777400 
2.777600 
2.779000 
2.779400 
2.780400 
2.780400 
2.780500 
2.780500 
2.780600 
2.781200 
2.782100 
2.782300 
2.783000 
2.783400 
2.783600 
2.784300 
2.784400 
2.784800 
2.784800 
2.785000 
2.785600 
2.785700 
2.786500 
2.786500 
2.786600 
2.786600 
2.787000 
2.787300 
2.787700 
2.789500 
2.789600 
2.790000 
2.790100 
2.790400 
2.790500 
2.790700 
2.790900 
2.791100 
2.791500 
2.791600 
2.791900 
2.793300 
2.793300 
2.793400 
2.793500 
2.794200 
2.794700 
2.795500 
2.795500 
2.795700 
2.795800 
2.796300 
2.796500 
2.796600 
2.796800 
2.798500 
2.798500 
2.800000 
2.800900 
2.800900 
2.801200 
2.801200 
2.801400 
2.801800 
2.802200 
2.802800 
2.803300 
2.803400 
2.803900 
2.803900 
2.805300 
2.805500 
2.805500 
2.805700 
2.806600 
2.806700 
2.806800 
2.807000 
2.807200 
2.807400 
2.807800 
2.808600 
2.808900 
2.808900 
2.809300 
2.809400 
2.810000 
2.810400 
2.811000 
2.811900 
2.812000 
2.813000 
2.813000 
2.814100 
2.814300 
2.814500 
2.814600 
2.814600 
2.814700 
2.814900 
2.815100 
2.815300 
2.815500 
2.815600 
2.816300 
2.816600 
2.817000 
2.817000 
2.817300 
2.818400 
2.819000 
2.819100 
2.819400 
2.819700 
2.821200 
2.821300 
2.821300 
2.821600 
2.821800 
2.822000 
2.822300 
2.822400 
2.822800 
2.823000 
2.823100 
2.823700 
2.823700 
2.823800 
2.824500 
2.824500 
2.824700 
2.825400 
2.825600 
2.825700 
2.826400 
2.827200 
2.827700 
2.828000 
2.828300 
2.828600 
2.828600 
2.829500 
2.829700 
2.829800 
2.830100 
2.830200 
2.830300 
2.830400 
2.830500 
2.830600 
2.833500 
2.833800 
2.834100 
2.834100 
2.834400 
2.834700 
2.834800 
2.835400 
2.836000 
2.836000 
2.836900 
2.837900 
2.838000 
2.838000 
2.838000 
2.838700 
2.839400 
2.839700 
2.839700 
2.841000 
2.841100 
2.841500 
2.841500 
2.841800 
2.842000 
2.842500 
2.843200 
2.843300 
2.843500 
2.843900 
2.845700 
2.845900 
2.846000 
2.846000 
2.846100 
2.846900 
2.847000 
2.847100 
2.847400 
2.847500 
2.847500 
2.848700 
2.848700 
2.848900 
2.850000 
2.850000 
2.850000 
2.850500 
2.851500 
2.851600 
2.852000 
2.852600 
2.853000 
2.853000 
2.853000 
2.853400 
2.853600 
2.853900 
2.854000 
2.854600 
2.855000 
2.855100 
2.855200 
2.855400 
2.855700 
2.855700 
2.856500 
2.857600 
2.858000 
2.858800 
2.859400 
2.859500 
2.859600 
2.859700 
2.859800 
2.860100 
2.861000 
2.861700 
2.861800 
2.861900 
2.862100 
2.862200 
2.862500 
2.863200 
2.863700 
2.864200 
2.865100 
2.865200 
2.865300 
2.865300 
2.865500 
2.865600 
2.866400 
2.866900 
2.867000 
2.868000 
2.868400 
2.868500 
2.868500 
2.869400 
2.869500 
2.869500 
2.870400 
2.870500 
2.870700 
2.870700 
2.871300 
2.871800 
2.871900 
2.872000 
2.872100 
2.872200 
2.872500 
2.872500 
2.872800 
2.873600 
2.874300 
2.874700 
2.875400 
2.876500 
2.876700 
2.877400 
2.877400 
2.877400 
2.877700 
2.878000 
2.878500 
2.878900 
2.878900 
2.878900 
2.879100 
2.880500 
2.880700 
2.880900 
2.881100 
2.881600 
2.881800 
2.881800 
2.882200 
2.882300 
2.882300 
2.882400 
2.882800 
2.882900 
2.883500 
2.883700 
2.885100 
2.885600 
2.885600 
2.885700 
2.886600 
2.887100 
2.887200 
2.887600 
2.888200 
2.888900 
2.889100 
2.889800 
2.889900 
2.889900 
2.890600 
2.890800 
2.891800 
2.891900 
2.892000 
2.892000 
2.892500 
2.892700 
2.893000 
2.893000 
2.893000 
2.893200 
2.894400 
2.894800 
2.894900 
2.895000 
2.896200 
2.896600 
2.896900 
2.897200 
2.897800 
2.898100 
2.898100 
2.898600 
2.898600 
2.898900 
2.899100 
2.899300 
2.900400 
2.900700 
2.901300 
2.901600 
2.902100 
2.902400 
2.902600 
2.902700 
2.902700 
2.902700 
2.902800 
2.903900 
2.904100 
2.904100 
2.904100 
2.905300 
2.905600 
2.905800 
2.906000 
2.906100 
2.907500 
2.907600 
2.907600 
2.908000 
2.908700 
2.908900 
2.909000 
2.910000 
2.910200 
2.910500 
2.910600 
2.910800 
2.911200 
2.911300 
2.911300 
2.911500 
2.912800 
2.913200 
2.913900 
2.914700 
2.915000 
2.915200 
2.915600 
2.917000 
2.917300 
2.917500 
2.918200 
2.918700 
2.918800 
2.919200 
2.919400 
2.919700 
2.920600 
2.920800 
2.920900 
2.921300 
2.922100 
2.922100 
2.922100 
2.922700 
2.923200 
2.923500 
2.924000 
2.924200 
2.924600 
2.925200 
2.925600 
2.925600 
2.925900 
2.926100 
2.926900 
2.926900 
2.927500 
2.928000 
2.928100 
2.928700 
2.928700 
2.928700 
2.929100 
2.929600 
2.930400 
2.930400 
2.930600 
2.930800 
2.931300 
2.932500 
2.932700 
2.932800 
2.933000 
2.933100 
2.933600 
2.933900 
2.934000 
2.934600 
2.934600 
2.934600 
2.934700 
2.934700 
2.934800 
2.935500 
2.936200 
2.936200 
2.936200 
2.936400 
2.936600 
2.936700 
2.938100 
2.938200 
2.938300 
2.938800 
2.938800 
2.938800 
2.938900 
2.939000 
2.939200 
2.939700 
2.940400 
2.940400 
2.940900 
2.943000 
2.943200 
2.943600 
2.943600 
2.943800 
2.943900 
2.944200 
2.945100 
2.945600 
2.945700 
2.946200 
2.946300 
2.946300 
2.946400 
2.946700 
2.946900 
2.947000 
2.947400 
2.947400 
2.947600 
2.947600 
2.948700 
2.949100 
2.949300 
2.949300 
2.949500 
2.949600 
2.949600 
2.950700 
2.951700 
2.952100 
2.952300 
2.953600 
2.953700 
2.954200 
2.954500 
2.955200 
2.955400 
2.956200 
2.956300 
2.956300 
2.956600 
2.957100 
2.957200 
2.957400 
2.957600 
2.959700 
2.960000 
2.960100 
2.960200 
2.960200 
2.960200 
2.960600 
2.960700 
2.960700 
2.960800 
2.960900 
2.961000 
2.961100 
2.961300 
2.962200 
2.962500 
2.962700 
2.962800 
2.963100 
2.963200 
2.963200 
2.964200 
2.964200 
2.964200 
2.964600 
2.964900 
2.965400 
2.965600 
2.966000 
2.966700 
2.967500 
2.968900 
2.969700 
2.970100 
2.970400 
2.971300 
2.971700 
2.973300 
2.973500 
2.973600 
2.974100 
2.974100 
2.974600 
2.974800 
2.975000 
2.975500 
2.975900 
2.977100 
2.977300 
2.977700 
2.977900 
2.978600 
2.978800 
2.979200 
2.979300 
2.979300 
2.979900 
2.980100 
2.980600 
2.980800 
2.980900 
2.981200 
2.981300 
2.981500 
2.981600 
2.981700 
2.981800 
2.981800 
2.982000 
2.982200 
2.982400 
2.983200 
2.983300 
2.983300 
2.986200 
2.986700 
2.986800 
2.987000 
2.988200 
2.988400 
2.988600 
2.989100 
2.989500 
2.989800 
2.990100 
2.990900 
2.991000 
2.991200 
2.992600 
2.992600 
2.993200 
2.993400 
2.993500 
2.993500 
2.993700 
2.994200 
2.994500 
2.994600 
2.995000 
2.995200 
2.995400 
2.996000 
2.998900 
