0.030300 
0.039900 
0.040800 
0.043900 
0.044300 
0.044800 
0.044800 
0.048700 
0.053400 
0.053600 
0.054700 
0.054700 
0.054800 
0.055400 
0.055500 
0.056100 
0.057200 
0.057400 
0.057700 
0.058200 
0.058900 
0.059900 
0.060800 
0.064100 
0.065200 
0.065300 
0.066700 
0.067500 
0.068000 
0.068200 
0.069900 
0.070100 
0.072900 
0.075600 
0.078800 
0.081400 
0.082700 
0.082900 
0.083700 
0.084900 
0.085100 
0.090900 
0.091200 
0.093400 
0.093600 
0.093700 
0.094100 
0.094800 
0.096200 
0.097900 
0.099400 
0.099400 
0.099400 
0.101100 
0.101100 
0.102200 
0.103400 
0.107000 
0.109400 
0.109500 
0.110600 
0.110600 
0.112400 
0.113600 
0.114300 
0.118100 
0.118400 
0.119300 
0.121400 
0.122600 
0.124200 
0.125000 
0.125300 
0.126700 
0.127000 
0.127500 
0.127700 
0.127700 
0.132100 
0.133000 
0.133800 
0.135100 
0.136800 
0.138400 
0.139000 
0.139300 
0.140000 
0.142400 
0.143400 
0.143700 
0.144100 
0.144400 
0.145000 
0.148100 
0.149300 
0.150700 
0.150800 
0.157400 
0.158300 
0.158400 
0.159300 
0.161500 
0.162100 
0.162700 
0.162800 
0.168100 
0.168800 
0.169100 
0.174500 
0.175500 
0.176700 
0.177000 
0.177800 
0.178000 
0.178500 
0.180500 
0.181700 
0.183500 
0.183900 
0.185100 
0.185900 
0.187600 
0.188700 
0.190800 
0.193000 
0.193600 
0.194800 
0.195700 
0.195900 
0.197400 
0.199100 
0.202000 
0.202300 
0.202400 
0.203500 
0.206600 
0.206800 
0.207400 
0.208200 
0.210100 
0.210300 
0.210300 
0.213800 
0.213900 
0.217300 
0.217700 
0.220300 
0.223100 
0.223400 
0.223500 
0.224400 
0.225500 
0.225700 
0.230000 
0.230700 
0.233000 
0.233100 
0.234500 
0.234700 
0.234900 
0.234900 
0.236300 
0.237400 
0.238000 
0.238200 
0.238900 
0.239500 
0.247400 
0.255000 
0.255100 
0.256900 
0.257600 
0.258100 
0.259000 
0.261100 
0.261900 
0.264900 
0.264900 
0.266300 
0.268600 
0.274500 
0.274900 
0.275200 
0.276600 
0.278800 
0.279800 
0.281600 
0.283100 
0.285200 
0.285600 
0.286500 
0.286900 
0.287000 
0.290700 
0.294000 
0.294300 
0.294700 
0.295200 
0.295700 
0.296900 
0.297400 
0.299800 
0.300600 
0.300600 
0.301600 
0.302300 
0.307200 
0.308100 
0.310000 
0.310300 
0.310900 
0.314700 
0.319600 
0.320800 
0.322700 
0.323500 
0.324400 
0.324700 
0.324800 
0.325100 
0.325600 
0.328800 
0.331600 
0.332000 
0.332400 
0.333700 
0.334700 
0.334800 
0.335200 
0.335600 
0.337400 
0.338600 
0.339800 
0.340100 
0.342000 
0.342300 
0.342600 
0.343800 
0.344200 
0.347300 
0.348000 
0.350900 
0.352800 
0.353800 
0.354100 
0.354900 
0.356600 
0.357400 
0.359200 
0.363400 
0.364700 
0.368100 
0.368200 
0.372000 
0.374200 
0.374700 
0.375100 
0.375200 
0.375300 
0.375900 
0.376200 
0.378000 
0.378400 
0.378700 
0.378800 
0.379400 
0.381500 
0.381600 
0.382700 
0.383600 
0.386600 
0.387700 
0.389100 
0.394100 
0.395000 
0.395400 
0.395600 
0.396000 
0.396400 
0.398000 
0.399000 
0.400600 
0.402900 
0.404600 
0.407100 
0.409600 
0.411700 
0.413000 
0.413800 
0.414100 
0.414600 
0.414800 
0.415800 
0.417000 
0.417300 
0.418800 
0.419800 
0.419900 
0.420000 
0.423000 
0.424800 
0.425200 
0.425500 
0.426400 
0.426400 
0.426900 
0.428900 
0.432100 
0.432400 
0.436600 
0.439500 
0.439500 
0.440600 
0.442400 
0.443300 
0.443400 
0.444000 
0.444200 
0.444700 
0.445100 
0.447300 
0.448400 
0.452100 
0.452300 
0.453800 
0.453900 
0.454500 
0.454700 
0.456200 
0.456500 
0.459900 
0.461700 
0.462700 
0.463300 
0.466100 
0.466200 
0.467500 
0.467800 
0.470900 
0.472800 
0.473400 
0.473600 
0.475000 
0.475400 
0.476100 
0.479700 
0.482900 
0.483500 
0.485200 
0.485800 
0.487000 
0.488300 
0.491600 
0.492700 
0.492800 
0.493800 
0.494200 
0.494700 
0.496300 
0.498400 
0.498900 
0.501700 
0.504100 
0.504900 
0.505000 
0.505000 
0.507400 
0.507900 
0.508000 
0.508600 
0.509100 
0.510500 
0.513200 
0.513200 
0.517300 
0.518600 
0.520900 
0.521700 
0.522000 
0.522800 
0.522900 
0.523500 
0.524700 
0.525600 
0.527400 
0.530900 
0.531200 
0.531700 
0.532700 
0.534400 
0.537000 
0.539900 
0.541200 
0.542300 
0.546600 
0.547500 
0.553100 
0.553800 
0.554800 
0.554800 
0.554800 
0.554900 
0.555800 
0.556000 
0.556500 
0.557100 
0.559400 
0.561100 
0.561300 
0.562500 
0.563100 
0.563100 
0.563400 
0.565400 
0.565700 
0.566300 
0.566900 
0.570500 
0.571000 
0.571500 
0.572500 
0.573100 
0.575900 
0.578400 
0.578600 
0.579000 
0.579200 
0.579800 
0.581200 
0.582300 
0.582400 
0.582500 
0.584100 
0.584400 
0.584500 
0.584700 
0.585900 
0.587000 
0.589300 
0.591900 
0.592100 
0.595800 
0.597600 
0.599000 
0.599700 
0.602400 
0.602500 
0.603800 
0.604700 
0.606900 
0.614500 
0.617300 
0.617800 
0.618200 
0.620500 
0.620800 
0.621700 
0.621800 
0.622100 
0.623400 
0.624600 
0.625200 
0.625400 
0.626500 
0.627400 
0.629700 
0.632100 
0.633200 
0.634200 
0.634900 
0.635900 
0.635900 
0.641400 
0.641600 
0.643500 
0.644300 
0.645600 
0.647500 
0.647600 
0.647900 
0.648000 
0.648300 
0.650500 
0.650900 
0.652100 
0.656000 
0.656700 
0.658200 
0.659000 
0.663100 
0.663200 
0.663200 
0.665000 
0.666400 
0.667800 
0.668200 
0.668800 
0.670000 
0.674300 
0.674800 
0.676000 
0.676100 
0.677000 
0.677300 
0.678400 
0.678400 
0.679200 
0.679700 
0.680600 
0.683300 
0.683700 
0.684400 
0.684500 
0.684500 
0.686000 
0.690500 
0.695400 
0.696500 
0.698800 
0.700000 
0.700300 
0.700400 
0.701200 
0.703000 
0.704200 
0.704300 
0.704900 
0.704900 
0.704900 
0.705600 
0.708000 
0.711900 
0.713600 
0.713900 
0.717500 
0.717500 
0.717700 
0.719100 
0.719600 
0.720100 
0.720100 
0.720700 
0.723500 
0.724900 
0.724900 
0.725200 
0.725800 
0.727200 
0.728600 
0.729600 
0.732200 
0.733200 
0.733700 
0.734900 
0.736500 
0.738500 
0.740600 
0.741600 
0.743000 
0.745300 
0.745600 
0.746700 
0.747000 
0.748300 
0.749200 
0.750600 
0.751100 
0.751400 
0.752400 
0.753200 
0.753900 
0.754700 
0.755700 
0.756500 
0.757600 
0.758400 
0.759000 
0.759700 
0.760400 
0.760700 
0.762500 
0.763400 
0.763800 
0.763900 
0.766200 
0.766300 
0.767600 
0.767900 
0.770700 
0.771400 
0.772700 
0.772800 
0.773400 
0.774200 
0.776200 
0.776200 
0.776400 
0.776900 
0.782200 
0.782700 
0.782800 
0.783700 
0.785800 
0.787700 
0.790300 
0.790600 
0.791100 
0.792600 
0.794400 
0.795200 
0.796600 
0.798900 
0.799200 
0.799700 
0.799900 
0.804800 
0.805200 
0.806700 
0.809200 
0.811500 
0.811700 
0.812200 
0.814600 
0.815200 
0.815800 
0.818700 
0.818900 
0.819600 
0.819700 
0.820100 
0.820400 
0.821700 
0.822300 
0.823400 
0.823900 
0.823900 
0.825000 
0.827100 
0.830000 
0.830500 
0.830900 
0.831400 
0.831600 
0.832700 
0.833800 
0.834800 
0.835300 
0.838700 
0.839900 
0.840100 
0.840200 
0.842200 
0.848200 
0.848900 
0.848900 
0.850800 
0.851100 
0.852200 
0.857000 
0.857200 
0.860500 
0.861900 
0.861900 
0.863700 
0.863800 
0.863900 
0.864100 
0.867200 
0.869600 
0.870500 
0.870700 
0.871800 
0.874200 
0.875300 
0.876300 
0.877900 
0.879700 
0.879800 
0.881000 
0.881200 
0.881200 
0.882700 
0.883400 
0.885300 
0.885400 
0.886400 
0.886700 
0.888100 
0.888400 
0.893100 
0.898900 
0.899300 
0.901500 
0.903700 
0.903800 
0.904700 
0.906500 
0.907300 
0.911800 
0.912500 
0.916000 
0.916700 
0.917000 
0.917100 
0.920700 
0.923100 
0.923300 
0.927700 
0.928300 
0.929700 
0.930500 
0.931100 
0.931200 
0.932300 
0.934500 
0.936800 
0.937200 
0.937700 
0.938800 
0.939500 
0.942900 
0.945400 
0.945500 
0.946200 
0.947800 
0.950300 
0.952000 
0.953200 
0.953600 
0.954300 
0.954900 
0.956100 
0.958600 
0.959200 
0.961800 
0.963800 
0.964200 
0.964400 
0.964700 
0.965400 
0.966900 
0.968600 
0.969400 
0.969500 
0.970100 
0.973600 
0.974700 
0.975600 
0.975700 
0.976000 
0.978600 
0.979000 
0.979200 
0.979700 
0.979800 
0.984300 
0.986000 
0.987300 
0.987800 
0.989400 
0.990000 
0.990300 
0.992600 
0.993600 
0.994500 
0.994800 
0.995000 
0.995900 
0.998000 
0.999800 
1.000200 
1.000600 
1.001100 
1.001700 
1.004400 
1.005300 
1.005600 
1.005900 
1.010500 
1.011800 
1.011900 
1.012600 
1.014700 
1.014700 
1.017300 
1.017700 
1.018300 
1.018300 
1.024700 
1.026900 
1.027500 
1.028000 
1.028900 
1.031400 
1.032100 
1.033200 
1.034200 
1.035500 
1.035600 
1.036500 
1.037000 
1.037800 
1.039600 
1.039600 
1.040600 
1.041200 
1.041800 
1.042300 
1.044400 
1.044500 
1.048900 
1.052100 
1.053800 
1.054000 
1.054600 
1.054800 
1.057100 
1.057900 
1.060000 
1.061800 
1.062400 
1.063300 
1.063600 
1.063900 
1.065000 
1.066700 
1.067000 
1.067100 
1.070000 
1.070700 
1.071700 
1.072100 
1.072600 
1.073700 
1.076600 
1.076800 
1.082400 
1.082700 
1.087100 
1.087100 
1.088300 
1.090000 
1.090800 
1.090900 
1.092100 
1.092900 
1.095700 
1.097400 
1.098100 
1.099400 
1.099600 
1.099700 
1.100800 
1.101200 
1.101200 
1.101300 
1.102900 
1.103200 
1.103300 
1.103600 
1.106500 
1.107300 
1.109000 
1.112000 
1.115000 
1.115400 
1.115600 
1.116000 
1.119400 
1.120200 
1.120700 
1.123800 
1.125000 
1.126900 
1.129100 
1.131500 
1.134600 
1.135300 
1.136300 
1.136500 
1.136700 
1.139500 
1.140800 
1.142100 
1.142100 
1.142500 
1.144100 
1.145800 
1.146600 
1.147200 
1.153400 
1.153900 
1.154900 
1.155200 
1.156500 
1.156700 
1.158600 
1.160400 
1.160900 
1.162400 
1.163700 
1.165400 
1.165700 
1.167400 
1.167800 
1.169200 
1.169400 
1.169500 
1.172300 
1.175100 
1.181600 
1.181700 
1.182200 
1.183500 
1.183700 
1.184200 
1.185500 
1.186700 
1.187000 
1.187600 
1.188100 
1.188200 
1.189000 
1.189000 
1.189500 
1.191900 
1.193300 
1.193800 
1.195600 
1.196100 
1.198100 
1.199200 
1.200600 
1.201300 
1.201700 
1.201900 
1.202800 
1.208400 
1.208600 
1.209000 
1.209000 
1.210500 
1.211300 
1.212500 
1.213100 
1.214700 
1.214900 
1.215400 
1.215800 
1.219200 
1.219300 
1.220000 
1.220300 
1.221200 
1.221300 
1.223000 
1.223100 
1.225400 
1.226300 
1.226400 
1.226400 
1.229600 
1.230200 
1.232200 
1.233200 
1.240800 
1.244000 
1.246600 
1.247400 
1.249300 
1.250200 
1.250500 
1.251600 
1.251700 
1.252800 
1.253400 
1.254200 
1.254300 
1.258300 
1.260200 
1.261100 
1.263000 
1.263400 
1.263900 
1.264400 
1.265300 
1.267700 
1.269100 
1.269200 
1.270700 
1.271900 
1.272100 
1.273200 
1.274200 
1.275500 
1.278700 
1.280900 
1.283500 
1.289100 
1.289600 
1.289900 
1.290400 
1.291100 
1.291300 
1.291600 
1.292500 
1.302000 
1.303500 
1.305900 
1.308100 
1.311400 
1.311800 
1.313600 
1.314900 
1.315200 
1.316100 
1.317300 
1.318100 
1.320700 
1.321400 
1.322500 
1.322800 
1.324500 
1.324700 
1.324700 
1.325300 
1.326300 
1.326400 
1.326600 
1.329200 
1.330400 
1.332600 
1.332800 
1.333400 
1.338400 
1.342500 
1.342900 
1.343000 
1.345700 
1.346800 
1.347700 
1.348400 
1.352600 
1.352700 
1.353400 
1.357100 
1.358300 
1.361100 
1.362500 
1.363600 
1.363800 
1.363900 
1.365100 
1.365300 
1.367500 
1.369500 
1.370600 
1.372500 
1.373600 
1.380600 
1.381200 
1.382000 
1.384100 
1.384100 
1.385100 
1.387100 
1.387800 
1.389300 
1.389900 
1.395300 
1.396500 
1.397300 
1.397900 
1.398300 
1.398700 
1.399400 
1.399800 
1.400000 
1.402200 
1.402200 
1.402700 
1.404300 
1.408000 
1.408400 
1.408500 
1.408700 
1.410200 
1.413400 
1.416600 
1.416600 
1.417100 
1.418600 
1.418900 
1.419500 
1.422400 
1.423100 
1.426700 
1.426800 
1.427500 
1.429300 
1.431500 
1.431700 
1.433400 
1.435900 
1.436400 
1.437500 
1.439000 
1.439800 
1.439800 
1.439900 
1.440300 
1.440500 
1.440700 
1.444200 
1.445400 
1.450600 
1.452800 
1.453100 
1.455100 
1.456200 
1.464600 
1.466100 
1.468800 
1.470400 
1.471600 
1.471600 
1.472000 
1.472700 
1.473500 
1.473600 
1.473600 
1.473900 
1.477000 
1.477000 
1.477800 
1.478500 
1.479400 
1.482000 
1.482100 
1.482400 
1.482700 
1.483300 
1.483600 
1.484400 
1.485300 
1.486900 
1.487200 
1.487700 
1.490200 
1.491100 
1.491100 
1.500000 
1.508800 
1.509700 
1.510100 
1.510200 
1.510500 
1.510500 
1.512400 
1.513300 
1.513900 
1.515300 
1.516700 
1.518700 
1.520000 
1.520400 
1.521300 
1.522800 
1.523900 
1.524600 
1.525300 
1.528200 
1.531300 
1.532600 
1.532600 
1.533300 
1.533400 
1.534400 
1.536100 
1.537400 
1.537600 
1.538600 
1.539400 
1.539600 
1.539800 
1.542100 
1.543300 
1.543700 
1.547800 
1.549600 
1.549700 
1.550300 
1.551100 
1.553300 
1.556300 
1.561000 
1.563200 
1.563500 
1.563600 
1.563700 
1.564300 
1.564700 
1.564700 
1.565500 
1.565700 
1.568300 
1.569200 
1.569600 
1.571400 
1.572100 
1.574800 
1.576600 
1.579300 
1.582700 
1.582800 
1.583900 
1.585600 
1.585900 
1.586000 
1.586700 
1.586900 
1.588100 
1.588900 
1.589000 
1.590200 
1.593300 
1.594100 
1.599800 
1.600000 
1.600100 
1.600500 
1.601100 
1.601900 
1.603100 
1.604300 
1.611300 
1.611800 
1.613000 
1.613500 
1.614100 
1.615800 
1.616000 
1.616200 
1.617500 
1.618300 
1.619400 
1.620400 
1.622100 
1.622200 
1.622600 
1.622700 
1.623000 
1.625700 
1.627900 
1.630200 
1.630500 
1.632700 
1.632700 
1.633400 
1.633900 
1.634600 
1.635100 
1.637500 
1.638400 
1.638500 
1.638600 
1.641300 
1.642600 
1.645400 
1.646300 
1.646800 
1.648100 
1.648500 
1.649400 
1.649700 
1.650200 
1.654900 
1.655000 
1.655800 
1.656800 
1.658500 
1.658900 
1.659000 
1.661300 
1.661600 
1.663800 
1.667000 
1.668600 
1.670100 
1.670300 
1.673100 
1.673800 
1.675400 
1.679300 
1.679300 
1.679900 
1.680200 
1.681000 
1.684000 
1.692500 
1.693200 
1.693200 
1.694500 
1.697800 
1.698200 
1.698400 
1.699000 
1.699300 
1.700200 
1.702100 
1.702200 
1.703900 
1.704100 
1.704400 
1.704800 
1.705000 
1.705900 
1.706500 
1.706600 
1.707100 
1.707200 
1.707400 
1.708000 
1.708100 
1.711500 
1.712200 
1.713600 
1.714700 
1.715100 
1.715500 
1.717800 
1.718600 
1.721100 
1.721600 
1.722300 
1.725000 
1.727500 
1.733100 
1.733900 
1.739800 
1.742400 
1.742800 
1.744100 
1.744600 
1.744800 
1.747700 
1.749200 
1.749500 
1.750200 
1.750400 
1.751300 
1.751900 
1.752500 
1.752500 
1.755800 
1.756700 
1.758700 
1.758800 
1.759300 
1.760900 
1.763600 
1.763800 
1.767100 
1.767400 
1.767400 
1.768300 
1.769000 
1.770200 
1.770400 
1.770700 
1.772700 
1.775500 
1.776300 
1.781300 
1.782400 
1.784900 
1.785800 
1.786000 
1.787900 
1.788500 
1.789500 
1.792300 
1.793300 
1.793500 
1.797200 
1.797900 
1.800500 
1.801100 
1.801900 
1.804000 
1.807800 
1.809300 
1.812900 
1.815200 
1.816300 
1.817700 
1.818200 
1.818900 
1.820100 
1.821000 
1.821800 
1.822000 
1.822100 
1.822700 
1.823700 
1.824100 
1.824200 
1.827200 
1.828500 
1.828500 
1.830800 
1.831200 
1.832300 
1.838400 
1.838700 
1.840000 
1.842100 
1.843000 
1.843200 
1.846900 
1.847400 
1.848400 
1.848400 
1.848800 
1.848900 
1.852600 
1.853800 
1.855100 
1.861000 
1.863000 
1.867400 
1.868000 
1.868000 
1.868400 
1.869100 
1.871500 
1.872000 
1.872500 
1.873500 
1.875700 
1.876700 
1.878000 
1.879400 
1.881800 
1.882000 
1.884600 
1.885500 
1.887600 
1.887800 
1.889000 
1.890700 
1.892100 
1.893100 
1.896800 
1.897600 
1.899800 
1.900400 
1.900600 
1.901800 
1.903600 
1.904500 
1.904700 
1.906100 
1.907900 
1.908100 
1.909300 
1.911000 
1.912700 
1.915200 
1.915700 
1.916200 
1.916400 
1.920400 
1.920900 
1.921200 
1.922800 
1.924600 
1.925300 
1.929800 
1.930100 
1.930500 
1.930500 
1.931200 
1.931500 
1.932500 
1.933200 
1.934300 
1.935000 
1.937000 
1.938500 
1.939100 
1.940600 
1.941400 
1.944500 
1.948600 
1.950100 
1.950600 
1.951000 
1.952100 
1.953300 
1.953500 
1.953700 
1.956400 
1.957700 
1.958700 
1.959200 
1.960600 
1.962000 
1.964500 
1.965900 
1.966200 
1.970400 
1.974800 
1.974900 
1.978300 
1.984700 
1.985900 
1.988200 
1.988500 
1.989200 
1.990800 
1.991400 
1.991800 
1.995100 
1.996400 
1.996600 
1.997600 
1.998300 
2.001300 
2.002800 
2.005600 
2.008300 
2.009000 
2.009200 
2.009400 
2.010000 
2.011100 
2.012600 
2.012800 
2.017000 
2.017500 
2.017600 
2.018400 
2.020800 
2.024100 
2.025600 
2.025700 
2.028000 
2.030800 
2.031800 
2.032800 
2.032900 
2.033400 
2.033900 
2.034100 
2.034300 
2.035800 
2.036100 
2.040800 
2.041300 
2.042100 
2.042500 
2.043800 
2.044000 
2.045000 
2.045800 
2.046600 
2.046800 
2.047200 
2.048100 
2.049600 
2.052800 
2.053900 
2.054300 
2.055900 
2.056700 
2.056700 
2.057100 
2.057200 
2.058500 
2.062200 
2.063700 
2.066200 
2.067000 
2.067000 
2.070200 
2.071400 
2.074500 
2.074800 
2.076000 
2.078700 
2.079300 
2.080300 
2.080800 
2.081600 
2.083700 
2.084300 
2.084800 
2.085200 
2.088800 
2.089400 
2.093200 
2.093700 
2.094000 
2.095700 
2.096300 
2.098500 
2.099200 
2.100300 
2.101000 
2.102800 
2.103200 
2.104200 
2.106000 
2.108900 
2.109800 
2.111600 
2.111700 
2.112300 
2.113800 
2.114000 
2.115000 
2.115300 
2.115700 
2.116500 
2.116600 
2.116600 
2.116900 
2.120700 
2.121500 
2.123300 
2.123400 
2.124500 
2.126600 
2.126700 
2.127300 
2.127900 
2.128000 
2.128900 
2.130700 
2.133700 
2.133800 
2.136600 
2.137500 
2.138300 
2.138800 
2.140200 
2.140900 
2.140900 
2.142000 
2.142700 
2.143300 
2.143600 
2.144600 
2.149900 
2.150500 
2.151900 
2.152400 
2.153400 
2.154200 
2.154700 
2.157800 
2.158900 
2.159600 
2.163300 
2.164600 
2.165400 
2.166600 
2.166900 
2.167600 
2.170100 
2.170400 
2.171500 
2.173300 
2.174000 
2.174600 
2.175600 
2.178200 
2.178300 
2.179200 
2.180300 
2.183700 
2.185800 
2.187800 
2.188300 
2.189700 
2.190800 
2.191100 
2.191300 
2.191500 
2.195200 
2.195800 
2.196200 
2.197700 
2.200200 
2.200900 
2.202500 
2.202500 
2.202500 
2.203200 
2.203400 
2.205600 
2.206300 
2.211500 
2.211900 
2.212000 
2.214000 
2.214500 
2.215500 
2.218100 
2.218200 
2.218900 
2.219900 
2.221600 
2.221700 
2.222000 
2.222000 
2.223800 
2.231200 
2.231700 
2.234300 
2.235100 
2.235700 
2.236300 
2.236300 
2.236800 
2.237500 
2.237700 
2.239800 
2.242000 
2.242100 
2.243400 
2.244600 
2.245900 
2.246100 
2.246200 
2.246700 
2.247100 
2.247800 
2.249200 
2.251400 
2.252200 
2.255300 
2.256500 
2.258300 
2.258800 
2.259000 
2.260700 
2.263900 
2.267500 
2.268700 
2.270100 
2.271600 
2.273600 
2.274100 
2.274700 
2.275000 
2.277700 
2.281300 
2.282600 
2.282800 
2.283300 
2.283700 
2.284100 
2.284900 
2.286000 
2.286100 
2.287800 
2.288800 
2.289300 
2.290500 
2.291400 
2.294600 
2.295700 
2.296300 
2.297500 
2.297600 
2.298000 
2.298700 
2.298800 
2.300400 
2.303200 
2.306100 
2.307100 
2.307300 
2.308400 
2.310200 
2.310600 
2.310600 
2.311900 
2.312100 
2.313300 
2.314600 
2.317500 
2.317900 
2.320200 
2.321300 
2.321600 
2.327800 
2.330000 
2.331500 
2.332300 
2.336000 
2.337000 
2.337600 
2.338300 
2.339500 
2.340200 
2.340900 
2.342200 
2.343400 
2.344000 
2.345000 
2.346200 
2.348500 
2.350200 
2.353000 
2.356300 
2.356800 
2.356800 
2.357900 
2.359500 
2.360700 
2.364300 
2.364500 
2.365200 
2.365300 
2.368000 
2.369800 
2.369900 
2.371100 
2.371800 
2.372200 
2.373300 
2.373300 
2.373700 
2.374400 
2.375800 
2.377800 
2.378300 
2.378600 
2.379900 
2.380400 
2.381300 
2.383500 
2.383600 
2.384800 
2.385200 
2.385400 
2.386100 
2.387900 
2.391100 
2.393200 
2.393500 
2.394600 
2.396200 
2.396200 
2.396200 
2.396500 
2.398100 
2.399800 
2.405300 
2.405500 
2.406000 
2.407700 
2.409000 
2.413200 
2.414500 
2.415200 
2.419700 
2.420200 
2.422200 
2.422300 
2.422400 
2.423100 
2.428400 
2.429200 
2.429400 
2.430900 
2.431500 
2.434200 
2.435000 
2.435600 
2.439200 
2.440200 
2.442300 
2.445100 
2.446300 
2.447400 
2.447500 
2.449300 
2.449600 
2.451300 
2.452300 
2.453500 
2.453600 
2.453700 
2.454600 
2.455700 
2.456700 
2.457300 
2.459300 
2.460100 
2.460300 
2.460900 
2.462200 
2.462600 
2.463200 
2.464000 
2.464200 
2.466900 
2.467200 
2.468200 
2.468900 
2.469700 
2.470900 
2.472200 
2.472300 
2.472900 
2.473300 
2.474100 
2.477700 
2.482400 
2.483700 
2.485100 
2.485700 
2.486100 
2.486600 
2.487400 
2.487600 
2.488100 
2.489000 
2.489200 
2.490000 
2.493300 
2.493900 
2.498800 
2.500200 
2.500300 
2.504200 
2.505300 
2.506000 
2.506900 
2.508400 
2.509700 
2.514300 
2.515800 
2.516300 
2.516600 
2.517100 
2.518400 
2.519300 
2.519500 
2.520400 
2.522100 
2.523800 
2.524100 
2.524900 
2.525600 
2.530100 
2.537200 
2.537500 
2.537800 
2.538000 
2.538300 
2.538600 
2.539000 
2.543400 
2.545000 
2.545800 
2.546100 
2.547400 
2.547400 
2.548100 
2.548400 
2.549900 
2.552300 
2.554800 
2.556100 
2.557400 
2.557600 
2.560700 
2.562900 
2.562900 
2.567000 
2.568900 
2.571000 
2.571300 
2.574700 
2.575200 
2.576000 
2.579000 
2.580000 
2.580000 
2.584400 
2.584900 
2.588100 
2.588200 
2.588500 
2.592700 
2.593800 
2.593900 
2.594400 
2.597000 
2.605000 
2.610500 
2.611400 
2.613300 
2.616300 
2.617100 
2.618600 
2.619500 
2.621800 
2.623600 
2.623800 
2.625000 
2.627000 
2.627200 
2.628200 
2.628900 
2.629900 
2.631100 
2.633100 
2.636200 
2.636300 
2.637000 
2.637100 
2.639200 
2.641300 
2.642200 
2.643900 
2.644400 
2.646700 
2.647700 
2.648800 
2.649100 
2.649500 
2.651700 
2.653300 
2.653400 
2.653600 
2.656500 
2.657500 
2.657500 
2.659800 
2.661400 
2.661500 
2.662800 
2.665800 
2.666100 
2.666200 
2.667200 
2.667700 
2.667800 
2.668200 
2.669800 
2.671800 
2.673800 
2.674500 
2.674900 
2.677400 
2.678200 
2.678500 
2.682300 
2.684500 
2.688300 
2.691600 
2.691700 
2.693700 
2.694500 
2.696800 
2.697000 
2.699100 
2.699300 
2.700400 
2.701000 
2.702300 
2.707200 
2.709300 
2.710400 
2.711300 
2.712300 
2.713400 
2.714100 
2.714200 
2.714500 
2.714800 
2.716000 
2.717800 
2.719200 
2.720800 
2.720900 
2.722200 
2.726100 
2.728700 
2.730200 
2.730900 
2.731500 
2.732500 
2.732700 
2.733600 
2.733900 
2.736000 
2.736500 
2.736600 
2.738200 
2.738800 
2.738900 
2.739600 
2.740900 
2.743900 
2.744300 
2.744600 
2.747100 
2.748400 
2.748500 
2.749300 
2.749700 
2.751000 
2.753600 
2.756200 
2.758300 
2.759800 
2.761200 
2.761500 
2.761800 
2.762900 
2.766200 
2.767400 
2.767900 
2.768900 
2.772100 
2.773100 
2.775100 
2.777100 
2.777400 
2.778100 
2.778800 
2.778900 
2.780300 
2.780600 
2.787400 
2.787400 
2.787600 
2.790400 
2.792000 
2.792800 
2.794500 
2.795500 
2.798200 
2.798400 
2.798500 
2.800000 
2.800600 
2.800800 
2.801700 
2.801900 
2.802700 
2.804200 
2.804800 
2.805500 
2.806200 
2.807000 
2.810700 
2.813300 
2.815400 
2.816500 
2.816500 
2.816900 
2.817400 
2.819000 
2.819400 
2.821100 
2.823900 
2.825700 
2.830200 
2.832000 
2.832200 
2.833600 
2.833700 
2.834800 
2.836000 
2.839300 
2.840000 
2.841700 
2.844200 
2.845100 
2.845900 
2.847600 
2.847900 
2.848100 
2.848300 
2.849600 
2.850300 
2.850500 
2.857200 
2.857400 
2.857900 
2.859700 
2.859900 
2.870400 
2.870600 
2.871000 
2.871100 
2.871200 
2.871300 
2.871700 
2.873400 
2.874600 
2.874800 
2.877000 
2.878000 
2.884600 
2.885200 
2.891500 
2.892400 
2.895900 
2.897500 
2.899100 
2.899400 
2.901200 
2.906300 
2.908300 
2.909000 
2.909600 
2.911000 
2.911100 
2.912000 
2.912300 
2.913300 
2.914000 
2.914500 
2.914500 
2.915100 
2.915900 
2.917600 
2.919300 
2.921300 
2.921900 
2.924600 
2.925500 
2.926500 
2.928100 
2.928700 
2.928900 
2.929600 
2.929800 
2.930900 
2.931000 
2.934800 
2.935100 
2.936200 
2.936400 
2.938200 
2.938300 
2.941100 
2.941800 
2.944500 
2.946900 
2.947800 
2.951400 
2.952600 
2.952800 
2.954700 
2.957700 
2.958500 
2.958800 
2.961100 
2.961500 
2.964900 
2.966800 
2.967500 
2.967600 
2.969200 
2.969500 
2.972300 
2.973100 
2.974400 
2.976400 
2.978000 
2.978100 
2.978300 
2.980100 
2.981100 
2.981900 
2.983000 
2.986100 
2.986800 
2.990000 
2.992000 
2.996900 
2.997800 
