28 
12 
2 
32 
51 
23 
21 
17 
24 
49 
31 
0 
1 
39 
51 
19 
10 
29 
37 
41 
40 
21 
44 
24 
12 
10 
33 
37 
2 
17 
21 
24 
32 
12 
29 
2 
1 
11 
29 
30 
2 
9 
10 
41 
44 
14 
1 
21 
12 
8 
25 
43 
32 
40 
24 
52 
27 
17 
35 
30 
44 
24 
6 
3 
7 
35 
37 
25 
10 
23 
16 
26 
15 
2 
10 
23 
1 
12 
4 
24 
51 
41 
4 
30 
24 
39 
20 
12 
28 
37 
1 
19 
11 
4 
10 
46 
49 
2 
23 
29 
24 
11 
39 
1 
33 
37 
44 
39 
23 
29 
4 
47 
36 
30 
23 
4 
32 
2 
14 
24 
30 
21 
4 
1 
29 
40 
32 
24 
2 
20 
4 
29 
33 
51 
41 
11 
34 
22 
12 
38 
4 
36 
16 
33 
37 
4 
24 
11 
38 
2 
29 
44 
36 
8 
35 
33 
23 
44 
2 
43 
32 
14 
33 
37 
29 
15 
41 
32 
2 
36 
8 
17 
1 
29 
23 
10 
8 
24 
21 
28 
37 
11 
47 
40 
6 
2 
15 
51 
49 
43 
32 
19 
2 
36 
28 
14 
23 
32 
40 
37 
29 
24 
4 
8 
29 
49 
17 
6 
3 
37 
29 
40 
4 
22 
34 
44 
28 
2 
10 
15 
43 
31 
12 
35 
33 
44 
20 
11 
41 
23 
1 
17 
39 
29 
48 
16 
21 
41 
44 
1 
4 
32 
24 
7 
29 
25 
28 
48 
10 
36 
30 
43 
29 
40 
31 
11 
12 
8 
40 
44 
34 
4 
31 
3 
40 
24 
12 
7 
51 
37 
41 
32 
30 
2 
14 
27 
11 
8 
10 
32 
23 
49 
26 
19 
2 
4 
46 
8 
20 
16 
11 
33 
23 
26 
41 
35 
2 
29 
19 
43 
40 
29 
21 
23 
12 
18 
40 
22 
2 
