1 
478 
479 
983 
69 
495 
486 
927 
84 
478 
115 
60 
1166 
490 
1094 
478 
330 
439 
280 
954 
61 
534 
871 
899 
525 
512 
439 
803 
478 
567 
788 
1213 
15 
1000 
491 
534 
72 
478 
490 
782 
727 
12 
1230 
223 
790 
1007 
904 
409 
1220 
630 
586 
177 
17 
490 
150 
72 
237 
21 
525 
586 
478 
636 
1040 
606 
1165 
1208 
816 
803 
12 
245 
60 
1000 
935 
534 
616 
1112 
146 
278 
337 
478 
393 
1213 
760 
725 
372 
1166 
1105 
490 
1174 
131 
798 
439 
435 
69 
104 
328 
174 
256 
490 
797 
58 
101 
72 
1220 
84 
482 
884 
1166 
490 
478 
546 
439 
106 
657 
961 
850 
1000 
935 
12 
49 
1002 
434 
214 
482 
1184 
490 
851 
947 
800 
294 
479 
342 
808 
12 
495 
1029 
386 
1150 
69 
1037 
468 
15 
490 
177 
574 
297 
1166 
495 
282 
517 
72 
478 
911 
342 
435 
61 
1039 
12 
935 
245 
294 
884 
439 
729 
15 
49 
534 
409 
490 
1213 
478 
954 
320 
884 
631 
606 
58 
334 
1166 
294 
260 
1213 
297 
1119 
763 
490 
92 
899 
534 
954 
1119 
164 
72 
478 
884 
586 
486 
833 
534 
924 
177 
983 
1122 
1123 
918 
1166 
72 
260 
490 
105 
21 
949 
84 
593 
435 
1202 
983 
346 
