0.016700 
0.017400 
0.018400 
0.020400 
0.022200 
0.024700 
0.025700 
0.027400 
0.027700 
0.028300 
0.029000 
0.029200 
0.029600 
0.029600 
0.029700 
0.030400 
0.031500 
0.032100 
0.032400 
0.032400 
0.036700 
0.038900 
0.039500 
0.041500 
0.042000 
0.043800 
0.045300 
0.046100 
0.052000 
0.052900 
0.057200 
0.057300 
0.058400 
0.058700 
0.061000 
0.061700 
0.062100 
0.063500 
0.066200 
0.067900 
0.068400 
0.068500 
0.068500 
0.070200 
0.070300 
0.070900 
0.072300 
0.073300 
0.074000 
0.076500 
0.076800 
0.077200 
0.078200 
0.079300 
0.083800 
0.084200 
0.085300 
0.085900 
0.088200 
0.090700 
0.091200 
0.091800 
0.091800 
0.091900 
0.092200 
0.092800 
0.093600 
0.095200 
0.097100 
0.098000 
0.098200 
0.104300 
0.104300 
0.104900 
0.105200 
0.105200 
0.106400 
0.108800 
0.110100 
0.110200 
0.110200 
0.110600 
0.111200 
0.115500 
0.116300 
0.117300 
0.117900 
0.121100 
0.122300 
0.122700 
0.123000 
0.123400 
0.124400 
0.129400 
0.130500 
0.132000 
0.133100 
0.133100 
0.134200 
0.134900 
0.136900 
0.137100 
0.137100 
0.139300 
0.140200 
0.144000 
0.145000 
0.145500 
0.148500 
0.149200 
0.150900 
0.152600 
0.152900 
0.153200 
0.153300 
0.153800 
0.154700 
0.156900 
0.157000 
0.157900 
0.160700 
0.161700 
0.162500 
0.164200 
0.164900 
0.165000 
0.165100 
0.167800 
0.168900 
0.169700 
0.171900 
0.172600 
0.175400 
0.176700 
0.177400 
0.177800 
0.178400 
0.180400 
0.183300 
0.183300 
0.184000 
0.185300 
0.185600 
0.188500 
0.190300 
0.191500 
0.192100 
0.192700 
0.193300 
0.196500 
0.196800 
0.197000 
0.203000 
0.203200 
0.203800 
0.204200 
0.205100 
0.205600 
0.213100 
0.214000 
0.214400 
0.215100 
0.216900 
0.217600 
0.217800 
0.218300 
0.218300 
0.218800 
0.218800 
0.219600 
0.224900 
0.225100 
0.227700 
0.228300 
0.229000 
0.229200 
0.231300 
0.231800 
0.232900 
0.234000 
0.234800 
0.236200 
0.238800 
0.239600 
0.241200 
0.243000 
0.244500 
0.244700 
0.244900 
0.247700 
0.248400 
0.248600 
0.250100 
0.250600 
0.251600 
0.251600 
0.251700 
0.252500 
0.253000 
0.257000 
0.257900 
0.261300 
0.263100 
0.264400 
0.268100 
0.268400 
0.269400 
0.272400 
0.273000 
0.273200 
0.275200 
0.275300 
0.276200 
0.277000 
0.281200 
0.282000 
0.291000 
0.294500 
0.296900 
0.297000 
0.297200 
0.298100 
0.299500 
0.299800 
0.302900 
0.305000 
0.306000 
0.307500 
0.307600 
0.308000 
0.308800 
0.309600 
0.310100 
0.311000 
0.312000 
0.312300 
0.313800 
0.321100 
0.322200 
0.322400 
0.322700 
0.323000 
0.324400 
0.325300 
0.327500 
0.327900 
0.329400 
0.329800 
0.331900 
0.332400 
0.333000 
0.334600 
0.337500 
0.338100 
0.338100 
0.340100 
0.340500 
0.340800 
0.341800 
0.343000 
0.343500 
0.346500 
0.347800 
0.350500 
0.350600 
0.353100 
0.354100 
0.354700 
0.355800 
0.359200 
0.359300 
0.359300 
0.361700 
0.362900 
0.363900 
0.364000 
0.364300 
0.365900 
0.369000 
0.376100 
0.377300 
0.377900 
0.378800 
0.379900 
0.380800 
0.380900 
0.384000 
0.384300 
0.389100 
0.390100 
0.390900 
0.391400 
0.391400 
0.391900 
0.392200 
0.396100 
0.396600 
0.397100 
0.401200 
0.402000 
0.402500 
0.403100 
0.404700 
0.407800 
0.410900 
0.412300 
0.412900 
0.414500 
0.415000 
0.418300 
0.420100 
0.420900 
0.422100 
0.422900 
0.425600 
0.427500 
0.429200 
0.430500 
0.431400 
0.434600 
0.436000 
0.436300 
0.438900 
0.440400 
0.441300 
0.442500 
0.442700 
0.443100 
0.446000 
0.446200 
0.448000 
0.449600 
0.449700 
0.450800 
0.451200 
0.453100 
0.453400 
0.454900 
0.455600 
0.456600 
0.458600 
0.459000 
0.465800 
0.467000 
0.467600 
0.470200 
0.471900 
0.474000 
0.474100 
0.475800 
0.476900 
0.477300 
0.477600 
0.480100 
0.481100 
0.481700 
0.484500 
0.485600 
0.486400 
0.488500 
0.490400 
0.491200 
0.494000 
0.494700 
0.499500 
0.501100 
0.501700 
0.502600 
0.504000 
0.504700 
0.505200 
0.505700 
0.507000 
0.509500 
0.510500 
0.511700 
0.511900 
0.512000 
0.516600 
0.517800 
0.517800 
0.517800 
0.520300 
0.520600 
0.521300 
0.523700 
0.524000 
0.524100 
0.524500 
0.525200 
0.525300 
0.526200 
0.526500 
0.526600 
0.532800 
0.533600 
0.534100 
0.537700 
0.538000 
0.541800 
0.541800 
0.542000 
0.543200 
0.545000 
0.545000 
0.545100 
0.545100 
0.545500 
0.547100 
0.548500 
0.552000 
0.554300 
0.555700 
0.556600 
0.557000 
0.560300 
0.560300 
0.563900 
0.564900 
0.566600 
0.567200 
0.568400 
0.568700 
0.570800 
0.571000 
0.575500 
0.575600 
0.576100 
0.576300 
0.576500 
0.577000 
0.577400 
0.579300 
0.580600 
0.581200 
0.581400 
0.583500 
0.585900 
0.586700 
0.587100 
0.590100 
0.593000 
0.596800 
0.597500 
0.597900 
0.598300 
0.598500 
0.600500 
0.601000 
0.601300 
0.602800 
0.603500 
0.607600 
0.608400 
0.608600 
0.608800 
0.609700 
0.609900 
0.611200 
0.612100 
0.614200 
0.616800 
0.617200 
0.618500 
0.620300 
0.620900 
0.622000 
0.625600 
0.629600 
0.629900 
0.630200 
0.633900 
0.635600 
0.635600 
0.636400 
0.638200 
0.638600 
0.640300 
0.642100 
0.642300 
0.644400 
0.646100 
0.647000 
0.648000 
0.648200 
0.650700 
0.650900 
0.651300 
0.652300 
0.655000 
0.655000 
0.655200 
0.656000 
0.658000 
0.658100 
0.658500 
0.659600 
0.661200 
0.661900 
0.662100 
0.662600 
0.662800 
0.663100 
0.664200 
0.667200 
0.667300 
0.667600 
0.667800 
0.668000 
0.668300 
0.669000 
0.670000 
0.670200 
0.673800 
0.675200 
0.675700 
0.680400 
0.680400 
0.682300 
0.682900 
0.686600 
0.687900 
0.688500 
0.689400 
0.690300 
0.691800 
0.692200 
0.695800 
0.695900 
0.696600 
0.696800 
0.696900 
0.697300 
0.700000 
0.700400 
0.700800 
0.701800 
0.702900 
0.703900 
0.704100 
0.704400 
0.706200 
0.707200 
0.709700 
0.711700 
0.713200 
0.715400 
0.716100 
0.716700 
0.717600 
0.718700 
0.718900 
0.719300 
0.720600 
0.720700 
0.722300 
0.724800 
0.726100 
0.727100 
0.727700 
0.728400 
0.728400 
0.729200 
0.732600 
0.733200 
0.737600 
0.738800 
0.739600 
0.739800 
0.741200 
0.742300 
0.744100 
0.744200 
0.745100 
0.745200 
0.748600 
0.749500 
0.751900 
0.752200 
0.752600 
0.754000 
0.755000 
0.756200 
0.756500 
0.761100 
0.762300 
0.763000 
0.763800 
0.764500 
0.765700 
0.765800 
0.770600 
0.772500 
0.773000 
0.773700 
0.773900 
0.774200 
0.774600 
0.775000 
0.775200 
0.776000 
0.776700 
0.780400 
0.781300 
0.782300 
0.783800 
0.785000 
0.785200 
0.785600 
0.786100 
0.786100 
0.791300 
0.791300 
0.791800 
0.793900 
0.796100 
0.796100 
0.796200 
0.798600 
0.799400 
0.801400 
0.804000 
0.804200 
0.804900 
0.805500 
0.805700 
0.806300 
0.806400 
0.807000 
0.808100 
0.811200 
0.811500 
0.811600 
0.813500 
0.813700 
0.814700 
0.818200 
0.818400 
0.818500 
0.819300 
0.819600 
0.820200 
0.823300 
0.823800 
0.825700 
0.826300 
0.826400 
0.828200 
0.828300 
0.828900 
0.833900 
0.834300 
0.835900 
0.838200 
0.843900 
0.844500 
0.845200 
0.847100 
0.848100 
0.851900 
0.852000 
0.853200 
0.853900 
0.854100 
0.856800 
0.858900 
0.858900 
0.861000 
0.863200 
0.864300 
0.865200 
0.866300 
0.868500 
0.869200 
0.871000 
0.872300 
0.872300 
0.872600 
0.875100 
0.875200 
0.875600 
0.875600 
0.875800 
0.879400 
0.881600 
0.881600 
0.882100 
0.882300 
0.882500 
0.885400 
0.888100 
0.888500 
0.892200 
0.893900 
0.898100 
0.899300 
0.901100 
0.902500 
0.902900 
0.903000 
0.905100 
0.905200 
0.905700 
0.906800 
0.907300 
0.907700 
0.910200 
0.912900 
0.914700 
0.916900 
0.917400 
0.921300 
0.921400 
0.921900 
0.922400 
0.925900 
0.928900 
0.929800 
0.930400 
0.932000 
0.933400 
0.934000 
0.937500 
0.939000 
0.940900 
0.941900 
0.942300 
0.942400 
0.942900 
0.943000 
0.944100 
0.947000 
0.950600 
0.950900 
0.952100 
0.953000 
0.953100 
0.954900 
0.954900 
0.955700 
0.956000 
0.956100 
0.957100 
0.957400 
0.959900 
0.960300 
0.961500 
0.961900 
0.963800 
0.967700 
0.968100 
0.969000 
0.974200 
0.974400 
0.974900 
0.976800 
0.978400 
0.979400 
0.981000 
0.981100 
0.981400 
0.981400 
0.981900 
0.982500 
0.984600 
0.985400 
0.985800 
0.989600 
0.991600 
0.995800 
0.996400 
0.997100 
0.997700 
0.997800 
0.999000 
1.000300 
1.002400 
1.002700 
1.004500 
1.007400 
1.008000 
1.008600 
1.009800 
1.011600 
1.011700 
1.018100 
1.018900 
1.019400 
1.020100 
1.022500 
1.023100 
1.023600 
1.023800 
1.024500 
1.025600 
1.027400 
1.028800 
1.029500 
1.032700 
1.032800 
1.037700 
1.039800 
1.040000 
1.040100 
1.040300 
1.040600 
1.042400 
1.043800 
1.044600 
1.047100 
1.049000 
1.051600 
1.052300 
1.053800 
1.054000 
1.055200 
1.055400 
1.055500 
1.056700 
1.056700 
1.056900 
1.058100 
1.059400 
1.063200 
1.063300 
1.063500 
1.064000 
1.064300 
1.065000 
1.065800 
1.067300 
1.067300 
1.068200 
1.070500 
1.070800 
1.072100 
1.075900 
1.076300 
1.076500 
1.076800 
1.078800 
1.078800 
1.081400 
1.083500 
1.084300 
1.085900 
1.086600 
1.086700 
1.086800 
1.088400 
1.090700 
1.092100 
1.097500 
1.099200 
1.099300 
1.101400 
1.101700 
1.101700 
1.102000 
1.102100 
1.102300 
1.103800 
1.105400 
1.106100 
1.108800 
1.109100 
1.109800 
1.110300 
1.111500 
1.112700 
1.113100 
1.117100 
1.117700 
1.118600 
1.118700 
1.119400 
1.120300 
1.120300 
1.123000 
1.123300 
1.125800 
1.127200 
1.128900 
1.130300 
1.130900 
1.131700 
1.131800 
1.132000 
1.132800 
1.134200 
1.135600 
1.136100 
1.141100 
1.142000 
1.142200 
1.146300 
1.148100 
1.151300 
1.151400 
1.154200 
1.154500 
1.156800 
1.157500 
1.161200 
1.162200 
1.165600 
1.168600 
1.170100 
1.174200 
1.174600 
1.175300 
1.175400 
1.175600 
1.177400 
1.177500 
1.183200 
1.184700 
1.185500 
1.188800 
1.189500 
1.189600 
1.189900 
1.191900 
1.194000 
1.194700 
1.196300 
1.198700 
1.199200 
1.199600 
1.199900 
1.201600 
1.202200 
1.204800 
1.205500 
1.205800 
1.209100 
1.210000 
1.211800 
1.213100 
1.213500 
1.213700 
1.214800 
1.215100 
1.215500 
1.216000 
1.217200 
1.217200 
1.220100 
1.222400 
1.224900 
1.226300 
1.226900 
1.227500 
1.227600 
1.227800 
1.228700 
1.229300 
1.230000 
1.232600 
1.233300 
1.235600 
1.236200 
1.236600 
1.237600 
1.238800 
1.240100 
1.241400 
1.241800 
1.242200 
1.245300 
1.245700 
1.246700 
1.247000 
1.247800 
1.250700 
1.251100 
1.251900 
1.252200 
1.252300 
1.253800 
1.254600 
1.254700 
1.255100 
1.257100 
1.258100 
1.259000 
1.263200 
1.263500 
1.264800 
1.265100 
1.265100 
1.265200 
1.267500 
1.267500 
1.267900 
1.268900 
1.270500 
1.271100 
1.271500 
1.275100 
1.279700 
1.279900 
1.280100 
1.280400 
1.281300 
1.286400 
1.286700 
1.291000 
1.291700 
1.292800 
1.294800 
1.295200 
1.301200 
1.301500 
1.302200 
1.302300 
1.305700 
1.306400 
1.307300 
1.309300 
1.310000 
1.311600 
1.312400 
1.318800 
1.319100 
1.319600 
1.319700 
1.319900 
1.323800 
1.325200 
1.328200 
1.329200 
1.329900 
1.331600 
1.333300 
1.334100 
1.334100 
1.334700 
1.336500 
1.337200 
1.339500 
1.339900 
1.343000 
1.344000 
1.344000 
1.345800 
1.350300 
1.351000 
1.352600 
1.353700 
1.355000 
1.356800 
1.358100 
1.360500 
1.362100 
1.362500 
1.363000 
1.364700 
1.364900 
1.366300 
1.366400 
1.367000 
1.368100 
1.368600 
1.369400 
1.370000 
1.370200 
1.370900 
1.371700 
1.372100 
1.373600 
1.377100 
1.377600 
1.379400 
1.379900 
1.380100 
1.386600 
1.386900 
1.388600 
1.391000 
1.394300 
1.395000 
1.395500 
1.396200 
1.397400 
1.398400 
1.401600 
1.402000 
1.402600 
1.403200 
1.403700 
1.405300 
1.406400 
1.406800 
1.408300 
1.409600 
1.412300 
1.414000 
1.418200 
1.419600 
1.419800 
1.423800 
1.425000 
1.429800 
1.431200 
1.431500 
1.437000 
1.438500 
1.440000 
1.440800 
1.442200 
1.443300 
1.444900 
1.446400 
1.446500 
1.447400 
1.448500 
1.449600 
1.450200 
1.453200 
1.453600 
1.454000 
1.457600 
1.461600 
1.462800 
1.462900 
1.463600 
1.464400 
1.464800 
1.465400 
1.469100 
1.471900 
1.472200 
1.472500 
1.474800 
1.477400 
1.478200 
1.478300 
1.478400 
1.478600 
1.479100 
1.479200 
1.479400 
1.480900 
1.482300 
1.482900 
1.483300 
1.483500 
1.487200 
1.487700 
1.491600 
1.491700 
1.494100 
1.495100 
1.496000 
1.496300 
1.496400 
1.497800 
1.498400 
1.499300 
1.500800 
1.506800 
1.507400 
1.507500 
1.508200 
1.509800 
1.511300 
1.511600 
1.511800 
1.514300 
1.514500 
1.515000 
1.517800 
1.518700 
1.518800 
1.521200 
1.522000 
1.522500 
1.523800 
1.525500 
1.527700 
1.529300 
1.531400 
1.531500 
1.534700 
1.535700 
1.540200 
1.540200 
1.542300 
1.543400 
1.546200 
1.548100 
1.555500 
1.556400 
1.558900 
1.561200 
1.562300 
1.563000 
1.565000 
1.565400 
1.567600 
1.573000 
1.573200 
1.573600 
1.574800 
1.575600 
1.576200 
1.576600 
1.578400 
1.578800 
1.582100 
1.584000 
1.585600 
1.586400 
1.586800 
1.587100 
1.590700 
1.593100 
1.594300 
1.595300 
1.596400 
1.602100 
1.602300 
1.604400 
1.607000 
1.611500 
1.612100 
1.612800 
1.615100 
1.615700 
1.615800 
1.616600 
1.618500 
1.623200 
1.623500 
1.623700 
1.623700 
1.624500 
1.625000 
1.627000 
1.627000 
1.627200 
1.627900 
1.627900 
1.630900 
1.632400 
1.633000 
1.633700 
1.634800 
1.636600 
1.637600 
1.639400 
1.640700 
1.640900 
1.644200 
1.644400 
1.645200 
1.645500 
1.648400 
1.648800 
1.649500 
1.650100 
1.653400 
1.653400 
1.654200 
1.654800 
1.657900 
1.658200 
1.658200 
1.659700 
1.663500 
1.664800 
1.665800 
1.665800 
1.666700 
1.667200 
1.667400 
1.668500 
1.669700 
1.671400 
1.674000 
1.674300 
1.675500 
1.679300 
1.680000 
1.680900 
1.681200 
1.682800 
1.686700 
1.688600 
1.689300 
1.689300 
1.690800 
1.694300 
1.696300 
1.697100 
1.698100 
1.701400 
1.702300 
1.703300 
1.707400 
1.710700 
1.711200 
1.711900 
1.712100 
1.714400 
1.716400 
1.716400 
1.717500 
1.718700 
1.720000 
1.721700 
1.722100 
1.723100 
1.724100 
1.724100 
1.724800 
1.726200 
1.727200 
1.728500 
1.732200 
1.733000 
1.734300 
1.734300 
1.737300 
1.737600 
1.738400 
1.740000 
1.745200 
1.747000 
1.748000 
1.750400 
1.751400 
1.751400 
1.753000 
1.754700 
1.757900 
1.759600 
1.760800 
1.760800 
1.761200 
1.763300 
1.764500 
1.766300 
1.766600 
1.769500 
1.770400 
1.770800 
1.771500 
1.772400 
1.776600 
1.776800 
1.777200 
1.780800 
1.783800 
1.784600 
1.784800 
1.785500 
1.788500 
1.788800 
1.791500 
1.791600 
1.792400 
1.792600 
1.794100 
1.794400 
1.796300 
1.797200 
1.797700 
1.797800 
1.798200 
1.799100 
1.799500 
1.801800 
1.803700 
1.806900 
1.808100 
1.808600 
1.809400 
1.809600 
1.810000 
1.810400 
1.813300 
1.813800 
1.814500 
1.814800 
1.816200 
1.816600 
1.817500 
1.818100 
1.818700 
1.819000 
1.819000 
1.820500 
1.821600 
1.822400 
1.822900 
1.824400 
1.829400 
1.829900 
1.830800 
1.832200 
1.832300 
1.833100 
1.833200 
1.833200 
1.834800 
1.835900 
1.837100 
1.839600 
1.840100 
1.844500 
1.844900 
1.848300 
1.851200 
1.851200 
1.853500 
1.857300 
1.857700 
1.858000 
1.858200 
1.858800 
1.860800 
1.861900 
1.862000 
1.864000 
1.864800 
1.865100 
1.865600 
1.869500 
1.870400 
1.872200 
1.873600 
1.874100 
1.875500 
1.877700 
1.878400 
1.880100 
1.884200 
1.885100 
1.888000 
1.890200 
1.892100 
1.892300 
1.895400 
1.896100 
1.897900 
1.904400 
1.904400 
1.906600 
1.907900 
1.909800 
1.912300 
1.912500 
1.912700 
1.915000 
1.916100 
1.916500 
1.916800 
1.918600 
1.919400 
1.919700 
1.920100 
1.920600 
1.922000 
1.923600 
1.927600 
1.929900 
1.930100 
1.930700 
1.932800 
1.933400 
1.935300 
1.936300 
1.936700 
1.936800 
1.939800 
1.941400 
1.943200 
1.945300 
1.945800 
1.946100 
1.946200 
1.947100 
1.949500 
1.951500 
1.951800 
1.952900 
1.954700 
1.955400 
1.956500 
1.957800 
1.958400 
1.958800 
1.960700 
1.961000 
1.963400 
1.965400 
1.969000 
1.970700 
1.970900 
1.977700 
1.978200 
1.979600 
1.980300 
1.982100 
1.985600 
1.987000 
1.990300 
1.991100 
1.991500 
1.992900 
1.993800 
1.994000 
1.995100 
1.996000 
1.996600 
1.997600 
1.999900 
2.002400 
2.002800 
2.003300 
2.003300 
2.004000 
2.004100 
2.004500 
2.005700 
2.006500 
2.008600 
2.011200 
2.011600 
2.013100 
2.014000 
2.014000 
2.014400 
2.015600 
2.015600 
2.016100 
2.017200 
2.017500 
2.018600 
2.019200 
2.023200 
2.024600 
2.025000 
2.025900 
2.026400 
2.028000 
2.029900 
2.034200 
2.035200 
2.035400 
2.036600 
2.038100 
2.038300 
2.038300 
2.039400 
2.039700 
2.042300 
2.043300 
2.045600 
2.047000 
2.048000 
2.051700 
2.055400 
2.056400 
2.056800 
2.059400 
2.060600 
2.061400 
2.062300 
2.065800 
2.067500 
2.068900 
2.069000 
2.070200 
2.070400 
2.071000 
2.071100 
2.072900 
2.075500 
2.078700 
2.080300 
2.080500 
2.080600 
2.082300 
2.082600 
2.082900 
2.084000 
2.084200 
2.084800 
2.085200 
2.085400 
2.086200 
2.086800 
2.087500 
2.087600 
2.088200 
2.090100 
2.094000 
2.094900 
2.098000 
2.098500 
2.099700 
2.100200 
2.100300 
2.100400 
2.101500 
2.101700 
2.102100 
2.103900 
2.104900 
2.106700 
2.108100 
2.108900 
2.110800 
2.113500 
2.114800 
2.117200 
2.120200 
2.123400 
2.123500 
2.124500 
2.125100 
2.125400 
2.125900 
2.130300 
2.131200 
2.131500 
2.138600 
2.140100 
2.141900 
2.142700 
2.143300 
2.143400 
2.144800 
2.147500 
2.148400 
2.148600 
2.149700 
2.152400 
2.153600 
2.154100 
2.161400 
2.162600 
2.165400 
2.166500 
2.166700 
2.168200 
2.169700 
2.170700 
2.170800 
2.172600 
2.172800 
2.174100 
2.174400 
2.175600 
2.175600 
2.176800 
2.178100 
2.178400 
2.178400 
2.178500 
2.179600 
2.180500 
2.181000 
2.182900 
2.184500 
2.187300 
2.193000 
2.197600 
2.199100 
2.199900 
2.200100 
2.206100 
2.206200 
2.207800 
2.207900 
2.208400 
2.211100 
2.211300 
2.213000 
2.213100 
2.215700 
2.216700 
2.217500 
2.220300 
2.222500 
2.222600 
2.223800 
2.226000 
2.227000 
2.227200 
2.227800 
2.232300 
2.233100 
2.233700 
2.237200 
2.238400 
2.238400 
2.240500 
2.241000 
2.243500 
2.244900 
2.245000 
2.246600 
2.247400 
2.247800 
2.248900 
2.249200 
2.249200 
2.252500 
2.253000 
2.253900 
2.254800 
2.257700 
2.258200 
2.258700 
2.258700 
2.259200 
2.259400 
2.261400 
2.264300 
2.266800 
2.269400 
2.270000 
2.271200 
2.271300 
2.271800 
2.272100 
2.273800 
2.276400 
2.276600 
2.278200 
2.283400 
2.284900 
2.285500 
2.286000 
2.286200 
2.288100 
2.288500 
2.289000 
2.290100 
2.291900 
2.293500 
2.295400 
2.296700 
2.296800 
2.298900 
2.298900 
2.299900 
2.301000 
2.302600 
2.303400 
2.307100 
2.307500 
2.307900 
2.309500 
2.312000 
2.313900 
2.317500 
2.318900 
2.324300 
2.324500 
2.324600 
2.324700 
2.328200 
2.328300 
2.329300 
2.329400 
2.330900 
2.333100 
2.340100 
2.341200 
2.341800 
2.342600 
2.342600 
2.344500 
2.345000 
2.346500 
2.350000 
2.351800 
2.353700 
2.355700 
2.357800 
2.358400 
2.361200 
2.361200 
2.361400 
2.362000 
2.364400 
2.364800 
2.367300 
2.370800 
2.371400 
2.374300 
2.379200 
2.379800 
2.381900 
2.382100 
2.384500 
2.385200 
2.386000 
2.386700 
2.389900 
2.395400 
2.396000 
2.396100 
2.396100 
2.396500 
2.399100 
2.400200 
2.402300 
2.405700 
2.406200 
2.408000 
2.411100 
2.413400 
2.414200 
2.415100 
2.415500 
2.415800 
2.418200 
2.419000 
2.421700 
2.423300 
2.425300 
2.425500 
2.428300 
2.428700 
2.429400 
2.433200 
2.434100 
2.434200 
2.435200 
2.435500 
2.438300 
2.441000 
2.442800 
2.443600 
2.443600 
2.443700 
2.444200 
2.444400 
2.445500 
2.445800 
2.446200 
2.446500 
2.447400 
2.447900 
2.448800 
2.452100 
2.452200 
2.452300 
2.453300 
2.453600 
2.454200 
2.456800 
2.457200 
2.458000 
2.459100 
2.459800 
2.466400 
2.466800 
2.468400 
2.469000 
2.469800 
2.469900 
2.470100 
2.471500 
2.472800 
2.473400 
2.477300 
2.479000 
2.480300 
2.480300 
2.481300 
2.481600 
2.484100 
2.486200 
2.488900 
2.490000 
2.490600 
2.491800 
2.492300 
2.492500 
2.493200 
2.497100 
2.498400 
2.500300 
2.502200 
2.503400 
2.503800 
2.504200 
2.507000 
2.507100 
2.510600 
2.512200 
2.512300 
2.513500 
2.515400 
2.515900 
2.516100 
2.517800 
2.518800 
2.521200 
2.522000 
2.523100 
2.523300 
2.526800 
2.527300 
2.528500 
2.528800 
2.531700 
2.534900 
2.536000 
2.536200 
2.537800 
2.537900 
2.541600 
2.544000 
2.544800 
2.546100 
2.546100 
2.550600 
2.551200 
2.556100 
2.559000 
2.559300 
2.560900 
2.561300 
2.561700 
2.563300 
2.564900 
2.565100 
2.565600 
2.565900 
2.566700 
2.569400 
2.569500 
2.569900 
2.569900 
2.572000 
2.573900 
2.575200 
2.577300 
2.577800 
2.577900 
2.578400 
2.578700 
2.579700 
2.582700 
2.583200 
2.585100 
2.586300 
2.590200 
2.591800 
2.592700 
2.593500 
2.595400 
2.596700 
2.597600 
2.597700 
2.598400 
2.598700 
2.599800 
2.604000 
2.606100 
2.607100 
2.611500 
2.614200 
2.617600 
2.618200 
2.618200 
2.621100 
2.621400 
2.624400 
2.625000 
2.625500 
2.627100 
2.629300 
2.630800 
2.631000 
2.633200 
2.634000 
2.635100 
2.635500 
2.637700 
2.640100 
2.640500 
2.641300 
2.641400 
2.644200 
2.645900 
2.646400 
2.649400 
2.650200 
2.650200 
2.650500 
2.652800 
2.654800 
2.655300 
2.655500 
2.655900 
2.657300 
2.661300 
2.661800 
2.662400 
2.662800 
2.662900 
2.663900 
2.664200 
2.664300 
2.665900 
2.666600 
2.667800 
2.669200 
2.671900 
2.672000 
2.673300 
2.674500 
2.676500 
2.677200 
2.677300 
2.677800 
2.677800 
2.679100 
2.679300 
2.679800 
2.681500 
2.683800 
2.683900 
2.685700 
2.689600 
2.691100 
2.692800 
2.692900 
2.694900 
2.696300 
2.697000 
2.700500 
2.700600 
2.700700 
2.703700 
2.704200 
2.706800 
2.707400 
2.708900 
2.710800 
2.712500 
2.713400 
2.714300 
2.714800 
2.715800 
2.717100 
2.719600 
2.721300 
2.722400 
2.723700 
2.724000 
2.726400 
2.727200 
2.727500 
2.729100 
2.729900 
2.731500 
2.731800 
2.731800 
2.735000 
2.738500 
2.741000 
2.741300 
2.741800 
2.742200 
2.742700 
2.742700 
2.743000 
2.743200 
2.750600 
2.750600 
2.750700 
2.750900 
2.751600 
2.754800 
2.754900 
2.755100 
2.757400 
2.757600 
2.758200 
2.759000 
2.759800 
2.761600 
2.763800 
2.764800 
2.765200 
2.767400 
2.767800 
2.769600 
2.771900 
2.772100 
2.773900 
2.777800 
2.778100 
2.781400 
2.781400 
2.781400 
2.783300 
2.784300 
2.784600 
2.784900 
2.785500 
2.788000 
2.788100 
2.788200 
2.792100 
2.793700 
2.794700 
2.797600 
2.797700 
2.799000 
2.800300 
2.802400 
2.805200 
2.806800 
2.807200 
2.807400 
2.812000 
2.813900 
2.814400 
2.816500 
2.819500 
2.822100 
2.823800 
2.825600 
2.829000 
2.831200 
2.835100 
2.835300 
2.835500 
2.838200 
2.840000 
2.841000 
2.841800 
2.845000 
2.846700 
2.847600 
2.847600 
2.848200 
2.849500 
2.851700 
2.858500 
2.860000 
2.860200 
2.861700 
2.861900 
2.863100 
2.863100 
2.863700 
2.864000 
2.866800 
2.870000 
2.870600 
2.871400 
2.872400 
2.872800 
2.874500 
2.875300 
2.878000 
2.880100 
2.884600 
2.886600 
2.886700 
2.887300 
2.888000 
2.889700 
2.890900 
2.891700 
2.892100 
2.893300 
2.895300 
2.898000 
2.899200 
2.899600 
2.901300 
2.902400 
2.902500 
2.908000 
2.908100 
2.908600 
2.909000 
2.909200 
2.909600 
2.910000 
2.911000 
2.912500 
2.912800 
2.912900 
2.913200 
2.916500 
2.917500 
2.918400 
2.921700 
2.922500 
2.922900 
2.924900 
2.927500 
2.927800 
2.928200 
2.929400 
2.931100 
2.932000 
2.935400 
2.938500 
2.939900 
2.942700 
2.942800 
2.943800 
2.946000 
2.946600 
2.947000 
2.948000 
2.948400 
2.948400 
2.949100 
2.950800 
2.951800 
2.952600 
2.954100 
2.954700 
2.957200 
2.959500 
2.960600 
2.962000 
2.962200 
2.962300 
2.963800 
2.964700 
2.967600 
2.967800 
2.968100 
2.969000 
2.972000 
2.972500 
2.973500 
2.977000 
2.977500 
2.979700 
2.982500 
2.982800 
2.988300 
2.990200 
2.993200 
2.995700 
2.999000 
