0.075200 
0.080900 
0.082200 
0.083200 
0.094100 
0.094700 
0.098700 
0.101400 
0.107400 
0.109400 
0.127200 
0.129400 
0.135700 
0.144400 
0.144700 
0.148100 
0.152900 
0.164700 
0.165100 
0.167600 
0.170900 
0.172000 
0.173400 
0.174800 
0.175900 
0.187200 
0.188600 
0.191100 
0.202100 
0.202300 
0.208300 
0.209200 
0.222600 
0.223500 
0.224200 
0.225100 
0.239600 
0.245300 
0.246500 
0.259900 
0.274800 
0.275800 
0.278000 
0.278700 
0.279900 
0.285700 
0.286800 
0.287900 
0.290200 
0.293100 
0.293200 
0.295400 
0.297000 
0.298800 
0.304800 
0.305700 
0.307300 
0.307600 
0.322600 
0.331000 
0.331200 
0.331200 
0.344200 
0.351700 
0.352100 
0.358700 
0.362600 
0.367800 
0.372700 
0.379100 
0.389900 
0.391300 
0.393700 
0.397500 
0.400400 
0.406600 
0.409600 
0.411800 
0.412500 
0.428900 
0.432400 
0.435600 
0.440000 
0.443600 
0.445900 
0.446700 
0.449100 
0.449800 
0.462300 
0.465100 
0.466800 
0.469800 
0.495400 
0.498400 
0.509000 
0.509100 
0.519700 
0.533700 
0.539700 
0.542300 
0.549800 
0.552200 
0.556200 
0.559700 
0.560200 
0.561400 
0.577100 
0.578800 
0.579000 
0.581800 
0.584100 
0.585100 
0.590600 
0.591900 
0.592900 
0.606900 
0.608100 
0.622500 
0.623000 
0.641600 
0.645600 
0.645700 
0.646600 
0.646700 
0.652300 
0.656400 
0.661400 
0.662900 
0.665100 
0.665100 
0.665400 
0.668500 
0.670000 
0.671300 
0.674800 
0.677000 
0.687100 
0.698600 
0.700400 
0.710400 
0.739400 
0.741100 
0.742900 
0.743600 
0.744500 
0.751300 
0.752300 
0.752800 
0.756300 
0.757300 
0.759000 
0.760400 
0.760400 
0.764800 
0.772700 
0.773500 
0.779000 
0.789300 
0.795900 
0.805200 
0.805600 
0.822300 
0.823500 
0.827400 
0.831800 
0.833100 
0.833500 
0.837100 
0.837700 
0.837900 
0.840700 
0.841800 
0.845900 
0.850400 
0.851900 
0.853700 
0.867100 
0.868200 
0.869600 
0.872900 
0.873200 
0.873400 
0.877300 
0.877800 
0.879000 
0.887700 
0.890700 
0.893700 
0.896100 
0.898100 
0.902700 
0.904900 
0.906600 
0.908500 
0.915400 
0.917600 
0.922000 
0.926500 
0.928600 
0.941400 
0.953400 
0.957900 
0.960600 
0.973700 
0.975600 
0.977500 
0.978000 
0.979100 
0.981900 
0.984300 
0.997000 
1.000200 
1.001400 
1.010200 
1.010700 
1.012500 
1.021100 
1.023200 
1.033900 
1.034600 
1.036500 
1.039300 
1.039900 
1.040000 
1.042900 
1.060200 
1.068700 
1.070500 
1.074600 
1.075400 
1.081600 
1.082300 
1.089500 
1.094400 
1.094500 
1.096400 
1.105500 
1.110800 
1.115800 
1.124500 
1.131800 
1.132000 
1.133200 
1.135100 
1.138000 
1.143300 
1.148500 
1.151000 
1.157700 
1.169700 
1.185900 
1.188200 
1.198300 
1.199600 
1.202500 
1.209000 
1.213200 
1.214300 
1.217900 
1.220400 
1.222000 
1.226100 
1.229200 
1.229700 
1.230400 
1.236000 
1.237900 
1.240200 
1.241100 
1.247800 
1.255600 
1.256300 
1.260600 
1.265700 
1.267400 
1.269500 
1.272300 
1.275200 
1.279400 
1.282200 
1.283000 
1.286800 
1.290800 
1.292300 
1.298200 
1.300200 
1.300900 
1.303000 
1.307300 
1.309300 
1.313700 
1.315600 
1.322200 
1.330500 
1.334700 
1.339600 
1.344200 
1.345800 
1.349300 
1.353000 
1.354600 
1.355500 
1.365100 
1.366600 
1.367400 
1.374700 
1.384600 
1.392800 
1.413900 
1.419700 
1.426600 
1.431400 
1.432100 
1.434400 
1.434900 
1.435700 
1.436200 
1.438300 
1.438600 
1.438800 
1.439600 
1.441600 
1.459000 
1.463900 
1.464200 
1.470100 
1.484100 
1.492000 
1.497600 
1.500000 
1.500400 
1.505300 
1.517500 
1.518700 
1.519600 
1.522800 
1.524400 
1.526900 
1.531800 
1.541700 
1.545700 
1.550300 
1.552700 
1.555100 
1.560000 
1.561100 
1.565000 
1.567100 
1.567700 
1.572200 
1.572900 
1.584500 
1.591500 
1.593600 
1.596600 
1.597100 
1.598000 
1.601700 
1.602300 
1.605100 
1.608900 
1.612500 
1.614300 
1.617300 
1.627300 
1.632200 
1.633200 
1.635500 
1.642600 
1.643000 
1.643400 
1.643600 
1.648600 
1.669900 
1.670500 
1.672700 
1.673700 
1.678500 
1.681500 
1.684700 
1.691500 
1.693200 
1.704900 
1.705100 
1.705400 
1.712500 
1.712800 
1.718700 
1.720100 
1.720800 
1.721100 
1.727300 
1.745000 
1.747100 
1.750600 
1.761800 
1.763700 
1.771700 
1.775400 
1.776500 
1.796100 
1.801400 
1.802500 
1.802600 
1.802700 
1.814000 
1.818900 
1.820600 
1.821300 
1.831200 
1.831600 
1.834900 
1.835900 
1.837800 
1.837900 
1.838000 
1.838300 
1.840500 
1.845100 
1.847000 
1.857400 
1.857500 
1.858200 
1.861200 
1.873400 
1.873800 
1.875200 
1.879800 
1.884300 
1.891200 
1.896100 
1.901600 
1.904100 
1.916700 
1.921300 
1.924600 
1.927000 
1.931100 
1.936400 
1.941600 
1.952900 
1.955900 
1.959900 
1.973000 
1.982000 
1.988100 
1.989200 
2.004300 
2.008600 
2.016800 
2.022400 
2.024900 
2.025300 
2.026000 
2.034600 
2.037800 
2.038300 
2.043800 
2.050500 
2.057000 
2.057600 
2.061200 
2.061500 
2.061600 
2.076800 
2.077000 
2.078300 
2.079600 
2.080200 
2.085100 
2.086200 
2.092300 
2.093800 
2.095900 
2.096200 
2.097500 
2.099600 
2.103800 
2.104600 
2.106700 
2.112500 
2.114400 
2.115600 
2.116900 
2.117800 
2.119200 
2.121400 
2.134300 
2.140500 
2.143900 
2.149900 
2.158500 
2.159100 
2.160800 
2.163900 
2.164800 
2.166400 
2.182100 
2.184400 
2.194200 
2.194700 
2.200100 
2.204100 
2.207300 
2.214100 
2.215700 
2.227300 
2.238800 
2.241200 
2.241900 
2.249900 
2.250900 
2.255900 
2.257500 
2.259200 
2.264500 
2.265700 
2.267800 
2.280000 
2.290100 
2.293300 
2.294300 
2.295400 
2.298500 
2.298700 
2.304900 
2.309200 
2.311400 
2.314800 
2.315700 
2.317400 
2.318800 
2.323100 
2.323800 
2.324000 
2.324600 
2.330000 
2.335600 
2.337600 
2.343200 
2.344800 
2.345400 
2.346900 
2.347900 
2.350000 
2.350900 
2.355500 
2.356700 
2.378200 
2.378400 
2.389500 
2.390100 
2.390300 
2.396300 
2.397900 
2.401800 
2.412700 
2.416600 
2.418100 
2.421900 
2.423900 
2.432000 
2.444500 
2.444800 
2.448200 
2.449500 
2.451500 
2.453200 
2.456200 
2.463300 
2.466500 
2.470600 
2.472600 
2.475200 
2.476100 
2.476600 
2.482400 
2.486000 
2.487100 
2.490100 
2.499200 
2.499700 
2.500900 
2.512500 
2.519000 
2.520200 
2.520500 
2.523000 
2.524100 
2.530400 
2.539100 
2.540100 
2.540400 
2.540500 
2.541600 
2.556400 
2.557600 
2.558200 
2.562000 
2.564000 
2.567500 
2.579100 
2.581300 
2.594300 
2.601100 
2.602100 
2.605400 
2.606000 
2.609900 
2.612100 
2.614500 
2.617700 
2.622200 
2.628300 
2.633000 
2.633400 
2.642900 
2.645400 
2.649700 
2.656600 
2.660600 
2.660900 
2.661100 
2.665300 
2.666500 
2.679300 
2.683500 
2.687900 
2.693400 
2.699100 
2.701600 
2.702000 
2.702300 
2.702800 
2.713400 
2.717800 
2.718700 
2.723700 
2.728700 
2.732700 
2.733600 
2.735500 
2.736000 
2.737600 
2.743200 
2.743800 
2.744400 
2.750100 
2.752400 
2.756400 
2.756700 
2.757300 
2.762000 
2.765100 
2.765100 
2.771800 
2.773200 
2.783000 
2.795700 
2.797900 
2.804100 
2.808500 
2.819700 
2.827100 
2.830600 
2.832400 
2.834400 
2.836900 
2.853600 
2.862700 
2.863300 
2.870100 
2.870500 
2.876300 
2.880600 
2.885800 
2.889800 
2.891300 
2.893900 
2.894700 
2.896200 
2.897100 
2.899600 
2.902800 
2.904200 
2.905000 
2.915200 
2.918800 
2.920700 
2.922400 
2.924400 
2.932800 
2.933000 
2.935100 
2.936800 
2.943800 
2.944000 
2.947000 
2.954400 
2.955000 
2.963000 
2.964800 
2.965200 
2.966800 
2.976700 
2.978500 
2.982700 
2.983300 
2.984600 
2.985000 
2.985100 
2.986600 
2.991800 
2.994500 
