0.027700 
0.028500 
0.028600 
0.028900 
0.033500 
0.049500 
0.051100 
0.052500 
0.056000 
0.061100 
0.065400 
0.071100 
0.072700 
0.087900 
0.088400 
0.090600 
0.093300 
0.094300 
0.113700 
0.114200 
0.127200 
0.129700 
0.131500 
0.131700 
0.134600 
0.144500 
0.150400 
0.152700 
0.154800 
0.155500 
0.155800 
0.162300 
0.165300 
0.166300 
0.166600 
0.179200 
0.180200 
0.181900 
0.184100 
0.186500 
0.187600 
0.195500 
0.195700 
0.197200 
0.198600 
0.207100 
0.208400 
0.209000 
0.212500 
0.212600 
0.222200 
0.223400 
0.226700 
0.233300 
0.233700 
0.236500 
0.237500 
0.239300 
0.248300 
0.249800 
0.257200 
0.264000 
0.268600 
0.268600 
0.269700 
0.271100 
0.278500 
0.279300 
0.280000 
0.282700 
0.291800 
0.301700 
0.304000 
0.305700 
0.316200 
0.316200 
0.318500 
0.319600 
0.325700 
0.326400 
0.326600 
0.327200 
0.333900 
0.336000 
0.339200 
0.345900 
0.352300 
0.359500 
0.363200 
0.367600 
0.368000 
0.369800 
0.371200 
0.377700 
0.378900 
0.384800 
0.387700 
0.396200 
0.397100 
0.400400 
0.401300 
0.403200 
0.416900 
0.418000 
0.420800 
0.421500 
0.430500 
0.433700 
0.436600 
0.437200 
0.442300 
0.446500 
0.449000 
0.463500 
0.463900 
0.464200 
0.465200 
0.467500 
0.467600 
0.468500 
0.471700 
0.474300 
0.477500 
0.482200 
0.482800 
0.486400 
0.486600 
0.489100 
0.489600 
0.493900 
0.498800 
0.502200 
0.512400 
0.517100 
0.519600 
0.527000 
0.531000 
0.533400 
0.533600 
0.533900 
0.536100 
0.537000 
0.542700 
0.546900 
0.548300 
0.549600 
0.552900 
0.554400 
0.555300 
0.559100 
0.561500 
0.562900 
0.568000 
0.569200 
0.574500 
0.574900 
0.579600 
0.580600 
0.585600 
0.587200 
0.595700 
0.597000 
0.603000 
0.603900 
0.605600 
0.613900 
0.622300 
0.624300 
0.635000 
0.635200 
0.651600 
0.652600 
0.658800 
0.668900 
0.674100 
0.684100 
0.687000 
0.688100 
0.688900 
0.689700 
0.690300 
0.694000 
0.697700 
0.700700 
0.706200 
0.711100 
0.713600 
0.715300 
0.727000 
0.732700 
0.736000 
0.743800 
0.745300 
0.751700 
0.754200 
0.760100 
0.760700 
0.764200 
0.771400 
0.773100 
0.777500 
0.788500 
0.792300 
0.796400 
0.798600 
0.800000 
0.805400 
0.807500 
0.808000 
0.808100 
0.814700 
0.814900 
0.824800 
0.828300 
0.830500 
0.831200 
0.841200 
0.842800 
0.848000 
0.852700 
0.853200 
0.859700 
0.868800 
0.872500 
0.875100 
0.877700 
0.878100 
0.878400 
0.887000 
0.888400 
0.892800 
0.900300 
0.900700 
0.904300 
0.905000 
0.905400 
0.908500 
0.908500 
0.920300 
0.920400 
0.922700 
0.924400 
0.925400 
0.926200 
0.929200 
0.930100 
0.931500 
0.931700 
0.935100 
0.946900 
0.948500 
0.950000 
0.951100 
0.970100 
0.973300 
0.976500 
0.977900 
0.978400 
0.978600 
0.980700 
0.982700 
0.984300 
0.984900 
0.996600 
0.997400 
1.005000 
1.009400 
1.015100 
1.016200 
1.017400 
1.019900 
1.021300 
1.024300 
1.027300 
1.029300 
1.042500 
1.046500 
1.050500 
1.051200 
1.058300 
1.063200 
1.064500 
1.065300 
1.067300 
1.067600 
1.079300 
1.079500 
1.086500 
1.089200 
1.091800 
1.092000 
1.092800 
1.094100 
1.096300 
1.105900 
1.113100 
1.114800 
1.115800 
1.125700 
1.131700 
1.131800 
1.132200 
1.136500 
1.140800 
1.148600 
1.150200 
1.151500 
1.153100 
1.155500 
1.157400 
1.158700 
1.168500 
1.176100 
1.176400 
1.178200 
1.179600 
1.182700 
1.189400 
1.190600 
1.190800 
1.191900 
1.194700 
1.195600 
1.196100 
1.198800 
1.200400 
1.206900 
1.209900 
1.221300 
1.222900 
1.228300 
1.237000 
1.238800 
1.239700 
1.242200 
1.248800 
1.250200 
1.250900 
1.258900 
1.263100 
1.265900 
1.269600 
1.270700 
1.274200 
1.275300 
1.279000 
1.280200 
1.283200 
1.287700 
1.289200 
1.292400 
1.293800 
1.295300 
1.298500 
1.299200 
1.302300 
1.305000 
1.310600 
1.315000 
1.315900 
1.317200 
1.326500 
1.327500 
1.329200 
1.330500 
1.333200 
1.334200 
1.336700 
1.339900 
1.344300 
1.348000 
1.353900 
1.355300 
1.357500 
1.359600 
1.360500 
1.360600 
1.360800 
1.364200 
1.369200 
1.371300 
1.374400 
1.377500 
1.379700 
1.382600 
1.384300 
1.387100 
1.391200 
1.395000 
1.395700 
1.396500 
1.402300 
1.407800 
1.408600 
1.410200 
1.422700 
1.423700 
1.428600 
1.430600 
1.442300 
1.443200 
1.445600 
1.445600 
1.450500 
1.452100 
1.453400 
1.456800 
1.461100 
1.461800 
1.465900 
1.472800 
1.472900 
1.476200 
1.481300 
1.491000 
1.492700 
1.493900 
1.494100 
1.500500 
1.503900 
1.505200 
1.505900 
1.508200 
1.509300 
1.509600 
1.510800 
1.515300 
1.518300 
1.520800 
1.523400 
1.526800 
1.527200 
1.536900 
1.538900 
1.542200 
1.543800 
1.546800 
1.548100 
1.549900 
1.550800 
1.553200 
1.559600 
1.559700 
1.563900 
1.570800 
1.571300 
1.572500 
1.579800 
1.584400 
1.588200 
1.592100 
1.597600 
1.601300 
1.604500 
1.605600 
1.613300 
1.613400 
1.615000 
1.623700 
1.624900 
1.629700 
1.632200 
1.638500 
1.644500 
1.646500 
1.651000 
1.656900 
1.665800 
1.666300 
1.666500 
1.671500 
1.671900 
1.673500 
1.674700 
1.675000 
1.681800 
1.683100 
1.685300 
1.688100 
1.697400 
1.697600 
1.702400 
1.706000 
1.711400 
1.711500 
1.718200 
1.721700 
1.722900 
1.725700 
1.727300 
1.727500 
1.729300 
1.729300 
1.735700 
1.737200 
1.742000 
1.752800 
1.753800 
1.759000 
1.760500 
1.761800 
1.765700 
1.776400 
1.779800 
1.781900 
1.783600 
1.784200 
1.784200 
1.785000 
1.785500 
1.796900 
1.797000 
1.799500 
1.799700 
1.805700 
1.811000 
1.814800 
1.822800 
1.823000 
1.823800 
1.824800 
1.825500 
1.831300 
1.831300 
1.840100 
1.850600 
1.855300 
1.859500 
1.865900 
1.866200 
1.866600 
1.867400 
1.873200 
1.880300 
1.880700 
1.881600 
1.881800 
1.886300 
1.887400 
1.893500 
1.893600 
1.900700 
1.904800 
1.909600 
1.909700 
1.910000 
1.916100 
1.916500 
1.918600 
1.921300 
1.935600 
1.940500 
1.940800 
1.945700 
1.945800 
1.952300 
1.956200 
1.956900 
1.963900 
1.964500 
1.964800 
1.965000 
1.967500 
1.976000 
1.976200 
1.981500 
1.986500 
1.988400 
1.991600 
1.993800 
1.999300 
2.009200 
2.010800 
2.015300 
2.015400 
2.015900 
2.018300 
2.018600 
2.029300 
2.030300 
2.030600 
2.033400 
2.036300 
2.036700 
2.037400 
2.038100 
2.052200 
2.058100 
2.058200 
2.058700 
2.059000 
2.063800 
2.067800 
2.070100 
2.071500 
2.074700 
2.079500 
2.080500 
2.088900 
2.089700 
2.091500 
2.092300 
2.094200 
2.095000 
2.101700 
2.102700 
2.108900 
2.108900 
2.117900 
2.120400 
2.121200 
2.121800 
2.122600 
2.137400 
2.148600 
2.149700 
2.150300 
2.153000 
2.154300 
2.155000 
2.157900 
2.161500 
2.167800 
2.170100 
2.170500 
2.174100 
2.186100 
2.188100 
2.191500 
2.191900 
2.203300 
2.205600 
2.206500 
2.209200 
2.210500 
2.210600 
2.214700 
2.217500 
2.222100 
2.231800 
2.233300 
2.240300 
2.240500 
2.245600 
2.247500 
2.248700 
2.252600 
2.255300 
2.274900 
2.281400 
2.284400 
2.285700 
2.288400 
2.291300 
2.292000 
2.293000 
2.293700 
2.299300 
2.305800 
2.307300 
2.308100 
2.309800 
2.312900 
2.324700 
2.325300 
2.328200 
2.330000 
2.332400 
2.333200 
2.335000 
2.335900 
2.338800 
2.341400 
2.341500 
2.348900 
2.349100 
2.354700 
2.355000 
2.357400 
2.358600 
2.363100 
2.367300 
2.372900 
2.377000 
2.378000 
2.380500 
2.383200 
2.385900 
2.388000 
2.392100 
2.397700 
2.399200 
2.400900 
2.404000 
2.408800 
2.409900 
2.416000 
2.419200 
2.420500 
2.421300 
2.422500 
2.425600 
2.426100 
2.430200 
2.439000 
2.440800 
2.443500 
2.449300 
2.453300 
2.460600 
2.465300 
2.465800 
2.466200 
2.467700 
2.471100 
2.472100 
2.473200 
2.475200 
2.484500 
2.488200 
2.489500 
2.507000 
2.512100 
2.514100 
2.518100 
2.519900 
2.520000 
2.521500 
2.525900 
2.537200 
2.537500 
2.540100 
2.544200 
2.544300 
2.548100 
2.549100 
2.549500 
2.555700 
2.555900 
2.559100 
2.562400 
2.563600 
2.568600 
2.570400 
2.571800 
2.576800 
2.580500 
2.585600 
2.589800 
2.592300 
2.597200 
2.605000 
2.609200 
2.609600 
2.615600 
2.624100 
2.624100 
2.625200 
2.630700 
2.634200 
2.644700 
2.646800 
2.647200 
2.649300 
2.649500 
2.651000 
2.652900 
2.657000 
2.659200 
2.660900 
2.664200 
2.664400 
2.667800 
2.671100 
2.672400 
2.678500 
2.693500 
2.694100 
2.695900 
2.703300 
2.706700 
2.709300 
2.711400 
2.712100 
2.712300 
2.722200 
2.725200 
2.732800 
2.733400 
2.734600 
2.739300 
2.740000 
2.744200 
2.745900 
2.748100 
2.749300 
2.762500 
2.763800 
2.766700 
2.770200 
2.770400 
2.771800 
2.772500 
2.773800 
2.775300 
2.787200 
2.788900 
2.792700 
2.795600 
2.796000 
2.796400 
2.803300 
2.816200 
2.817400 
2.818400 
2.821400 
2.827400 
2.829200 
2.831800 
2.838100 
2.838600 
2.840700 
2.852800 
2.854200 
2.854700 
2.863300 
2.863900 
2.866500 
2.869500 
2.872400 
2.885200 
2.886600 
2.890600 
2.893500 
2.894800 
2.905800 
2.906800 
2.909700 
2.914300 
2.919900 
2.920400 
2.922200 
2.923700 
2.931600 
2.932500 
2.935800 
2.952900 
2.954300 
2.955400 
2.957600 
2.959600 
2.961600 
2.966700 
2.969100 
2.973200 
2.979300 
2.983400 
2.988300 
2.996000 
2.996200 
