0.026200 
0.027900 
0.037200 
0.038200 
0.038600 
0.039500 
0.040600 
0.041000 
0.043400 
0.044600 
0.046400 
0.047500 
0.049600 
0.054500 
0.055700 
0.056200 
0.057200 
0.061800 
0.065900 
0.067900 
0.069200 
0.069800 
0.071200 
0.073400 
0.077200 
0.079900 
0.080500 
0.081500 
0.082500 
0.083400 
0.083500 
0.084000 
0.085000 
0.085600 
0.088900 
0.090100 
0.091200 
0.091700 
0.093800 
0.097000 
0.098900 
0.099000 
0.102700 
0.102700 
0.104700 
0.104900 
0.105600 
0.105700 
0.106000 
0.109200 
0.109300 
0.110300 
0.111000 
0.115000 
0.115400 
0.115900 
0.116800 
0.117400 
0.117700 
0.118500 
0.119200 
0.120700 
0.121000 
0.123100 
0.126600 
0.131800 
0.133000 
0.133100 
0.134100 
0.137400 
0.137700 
0.137900 
0.138300 
0.139200 
0.139600 
0.140100 
0.141300 
0.145400 
0.145500 
0.146900 
0.146900 
0.147000 
0.149100 
0.149300 
0.150900 
0.151100 
0.152500 
0.154800 
0.158100 
0.158100 
0.159600 
0.159800 
0.162000 
0.163600 
0.167400 
0.168700 
0.168800 
0.169200 
0.169800 
0.170100 
0.171500 
0.171500 
0.172700 
0.173300 
0.174200 
0.174900 
0.176800 
0.177700 
0.178000 
0.179400 
0.179500 
0.179500 
0.181200 
0.182800 
0.185800 
0.186000 
0.187900 
0.188200 
0.189400 
0.191600 
0.192400 
0.192400 
0.193100 
0.193400 
0.193900 
0.194200 
0.195600 
0.196000 
0.198000 
0.199800 
0.200100 
0.200200 
0.201400 
0.202800 
0.203300 
0.203600 
0.205100 
0.205300 
0.205600 
0.205900 
0.207600 
0.209600 
0.210200 
0.212800 
0.213000 
0.213100 
0.213500 
0.214000 
0.214400 
0.216700 
0.216800 
0.218200 
0.219800 
0.221300 
0.223700 
0.223800 
0.224400 
0.224900 
0.225700 
0.225800 
0.228200 
0.228500 
0.229300 
0.230700 
0.230800 
0.235700 
0.236200 
0.236300 
0.236400 
0.236500 
0.236900 
0.238600 
0.240100 
0.240200 
0.240500 
0.243100 
0.243800 
0.244500 
0.245700 
0.246600 
0.247000 
0.247400 
0.249500 
0.251300 
0.252400 
0.255000 
0.257200 
0.257300 
0.258700 
0.261300 
0.262500 
0.264200 
0.266200 
0.267300 
0.268200 
0.269800 
0.271200 
0.272600 
0.272800 
0.273900 
0.276300 
0.280200 
0.280500 
0.281000 
0.281500 
0.281900 
0.282200 
0.282300 
0.282400 
0.282700 
0.285800 
0.286900 
0.288400 
0.289100 
0.296000 
0.296800 
0.297400 
0.298500 
0.298900 
0.301300 
0.301700 
0.302000 
0.303200 
0.303500 
0.303700 
0.304200 
0.306300 
0.307800 
0.308900 
0.311800 
0.314600 
0.315500 
0.315700 
0.317000 
0.318200 
0.318800 
0.319400 
0.325300 
0.325600 
0.326900 
0.327300 
0.329600 
0.330000 
0.331700 
0.331700 
0.333900 
0.334300 
0.334600 
0.335000 
0.335600 
0.337100 
0.338000 
0.341300 
0.341700 
0.345500 
0.346500 
0.349500 
0.350200 
0.352700 
0.353900 
0.354300 
0.354400 
0.354800 
0.355700 
0.355800 
0.355900 
0.357300 
0.357800 
0.360900 
0.361100 
0.362200 
0.364200 
0.365400 
0.367600 
0.372400 
0.374200 
0.374400 
0.375400 
0.376300 
0.377800 
0.378000 
0.379300 
0.379400 
0.379400 
0.379800 
0.379900 
0.380600 
0.381200 
0.382000 
0.383800 
0.384100 
0.384100 
0.388300 
0.393800 
0.395100 
0.400100 
0.400700 
0.400800 
0.401100 
0.401900 
0.403900 
0.404200 
0.405200 
0.405700 
0.406200 
0.407900 
0.411200 
0.411300 
0.413200 
0.413300 
0.414400 
0.414600 
0.416000 
0.416200 
0.419000 
0.420800 
0.421600 
0.423400 
0.423900 
0.424600 
0.427500 
0.428600 
0.430700 
0.431000 
0.432400 
0.433100 
0.433100 
0.435400 
0.436400 
0.438200 
0.439600 
0.439700 
0.440100 
0.440500 
0.440900 
0.441100 
0.441700 
0.441900 
0.444800 
0.446100 
0.446800 
0.447400 
0.448600 
0.449000 
0.451200 
0.452300 
0.453000 
0.454900 
0.455600 
0.457700 
0.458800 
0.459100 
0.459600 
0.461400 
0.462800 
0.462900 
0.463700 
0.464800 
0.465500 
0.466400 
0.466500 
0.468300 
0.469100 
0.469900 
0.470900 
0.472900 
0.478400 
0.479200 
0.479900 
0.481200 
0.482900 
0.483700 
0.485000 
0.485600 
0.486300 
0.489200 
0.491500 
0.491800 
0.492400 
0.492600 
0.493200 
0.493500 
0.494100 
0.496600 
0.497500 
0.498600 
0.500700 
0.503100 
0.503800 
0.504300 
0.504600 
0.505300 
0.505400 
0.506100 
0.507600 
0.508700 
0.512900 
0.513100 
0.513900 
0.513900 
0.518000 
0.519400 
0.519600 
0.520000 
0.520100 
0.521500 
0.523800 
0.527100 
0.529900 
0.530700 
0.531500 
0.533700 
0.534300 
0.537700 
0.537700 
0.537900 
0.539100 
0.539200 
0.541500 
0.541700 
0.542200 
0.544100 
0.545000 
0.548900 
0.554900 
0.555300 
0.556200 
0.556500 
0.559800 
0.559900 
0.560700 
0.561400 
0.561500 
0.563500 
0.567300 
0.568000 
0.568300 
0.574600 
0.574700 
0.576100 
0.578100 
0.578200 
0.579700 
0.581600 
0.581700 
0.581700 
0.582600 
0.586000 
0.590100 
0.590300 
0.591800 
0.594600 
0.594800 
0.598600 
0.599800 
0.599900 
0.600400 
0.600900 
0.601200 
0.601400 
0.602100 
0.602600 
0.606500 
0.606900 
0.608200 
0.609100 
0.609300 
0.609400 
0.609700 
0.610500 
0.611800 
0.612000 
0.616500 
0.617000 
0.618800 
0.618900 
0.620700 
0.621300 
0.621500 
0.626900 
0.628400 
0.629700 
0.632500 
0.633000 
0.633900 
0.634500 
0.636500 
0.639300 
0.643100 
0.644700 
0.644800 
0.645200 
0.645300 
0.648400 
0.649100 
0.651000 
0.652800 
0.652900 
0.654900 
0.656300 
0.656800 
0.657200 
0.657300 
0.658700 
0.658900 
0.659400 
0.662700 
0.663200 
0.663700 
0.664800 
0.666700 
0.668300 
0.668300 
0.669500 
0.672200 
0.678000 
0.678900 
0.679200 
0.679200 
0.679300 
0.681200 
0.682300 
0.684500 
0.685600 
0.686600 
0.686900 
0.688100 
0.688200 
0.690900 
0.692200 
0.694300 
0.695400 
0.698800 
0.701000 
0.702400 
0.707100 
0.707400 
0.708700 
0.710300 
0.711300 
0.711500 
0.711500 
0.712100 
0.712400 
0.714400 
0.714500 
0.715200 
0.715400 
0.716100 
0.716400 
0.716600 
0.717500 
0.717500 
0.718400 
0.728300 
0.731100 
0.732600 
0.733500 
0.734100 
0.736400 
0.737000 
0.740000 
0.740600 
0.740600 
0.740700 
0.741200 
0.741900 
0.747000 
0.748600 
0.752000 
0.752700 
0.754000 
0.755600 
0.755700 
0.756600 
0.757200 
0.757300 
0.760600 
0.760900 
0.762100 
0.762900 
0.765300 
0.767400 
0.767500 
0.767600 
0.769100 
0.771100 
0.772000 
0.772800 
0.775100 
0.776200 
0.776400 
0.777900 
0.778300 
0.782500 
0.787400 
0.788700 
0.791300 
0.793700 
0.795100 
0.795500 
0.796300 
0.796400 
0.796800 
0.798500 
0.799300 
0.799500 
0.801400 
0.802000 
0.803000 
0.806100 
0.806500 
0.809200 
0.809800 
0.810100 
0.812000 
0.812200 
0.814100 
0.816600 
0.817800 
0.818400 
0.819700 
0.823300 
0.823800 
0.825000 
0.825800 
0.827100 
0.828800 
0.829200 
0.833800 
0.835300 
0.835500 
0.835600 
0.836800 
0.837500 
0.838300 
0.839800 
0.840800 
0.841400 
0.843400 
0.845500 
0.845900 
0.846500 
0.852200 
0.854400 
0.854900 
0.855900 
0.856100 
0.859900 
0.862100 
0.864600 
0.865300 
0.868200 
0.869600 
0.869700 
0.870400 
0.870800 
0.871100 
0.871800 
0.873100 
0.873300 
0.875900 
0.878200 
0.879100 
0.884100 
0.885200 
0.885400 
0.888400 
0.889100 
0.889900 
0.891500 
0.891900 
0.893200 
0.897200 
0.897200 
0.898400 
0.900000 
0.901000 
0.904000 
0.906700 
0.907000 
0.907400 
0.908600 
0.910200 
0.913500 
0.918400 
0.919200 
0.920800 
0.921100 
0.921800 
0.923200 
0.923200 
0.923400 
0.924400 
0.924600 
0.927900 
0.928900 
0.929000 
0.930400 
0.930500 
0.931600 
0.932000 
0.932100 
0.932200 
0.933700 
0.944000 
0.944200 
0.945400 
0.948000 
0.949100 
0.952000 
0.952300 
0.952600 
0.953100 
0.953300 
0.954200 
0.954500 
0.955300 
0.957700 
0.958200 
0.958400 
0.963100 
0.964800 
0.968700 
0.970800 
0.972200 
0.973700 
0.974400 
0.975000 
0.975200 
0.975700 
0.975900 
0.976500 
0.976800 
0.978800 
0.980000 
0.980900 
0.982800 
0.984100 
0.985300 
0.985800 
0.986900 
0.988200 
0.989400 
0.991000 
0.992800 
0.993300 
0.994200 
0.997300 
0.997800 
0.998000 
1.001600 
1.005800 
1.009700 
1.012900 
1.020100 
1.021300 
1.022500 
1.025900 
1.025900 
1.026700 
1.027700 
1.029200 
1.029400 
1.030100 
1.030200 
1.032000 
1.032300 
1.032600 
1.032700 
1.033700 
1.034100 
1.036200 
1.036300 
1.037500 
1.039000 
1.044500 
1.044600 
1.045400 
1.048400 
1.048800 
1.049500 
1.051400 
1.054500 
1.058300 
1.058400 
1.059200 
1.063800 
1.064100 
1.067200 
1.069800 
1.072800 
1.074000 
1.074700 
1.076700 
1.077200 
1.081600 
1.081800 
1.082100 
1.084600 
1.085500 
1.088000 
1.088900 
1.091000 
1.093600 
1.093800 
1.095300 
1.096300 
1.096400 
1.097700 
1.099300 
1.100300 
1.101600 
1.102600 
1.102700 
1.103000 
1.103900 
1.104000 
1.104400 
1.105000 
1.105200 
1.105600 
1.107000 
1.108300 
1.113100 
1.115000 
1.117900 
1.118400 
1.118500 
1.118900 
1.119400 
1.121700 
1.124400 
1.125100 
1.125900 
1.131200 
1.132900 
1.133100 
1.133700 
1.136000 
1.136700 
1.142800 
1.142900 
1.143800 
1.144400 
1.144900 
1.146600 
1.147100 
1.147500 
1.147800 
1.148100 
1.148900 
1.149100 
1.149600 
1.150800 
1.151000 
1.155000 
1.155100 
1.156300 
1.160300 
1.160900 
1.161100 
1.162100 
1.162500 
1.162600 
1.167300 
1.167700 
1.170100 
1.170800 
1.173400 
1.173500 
1.176200 
1.177100 
1.177700 
1.179200 
1.181000 
1.182100 
1.185000 
1.186100 
1.186900 
1.188200 
1.188500 
1.191300 
1.191400 
1.191500 
1.191700 
1.191900 
1.194100 
1.195100 
1.195100 
1.195500 
1.201500 
1.204000 
1.206900 
1.210100 
1.210600 
1.211500 
1.212300 
1.213000 
1.213300 
1.213500 
1.213700 
1.217800 
1.218400 
1.218500 
1.218600 
1.220300 
1.221800 
1.224000 
1.224300 
1.224900 
1.225000 
1.225000 
1.228100 
1.230100 
1.232000 
1.233100 
1.233100 
1.234800 
1.235000 
1.236100 
1.237000 
1.237300 
1.237900 
1.238100 
1.238800 
1.238800 
1.240600 
1.245300 
1.246600 
1.247900 
1.248600 
1.249200 
1.250500 
1.253600 
1.254400 
1.254500 
1.254800 
1.254900 
1.256200 
1.257600 
1.260800 
1.261700 
1.262400 
1.266800 
1.267400 
1.269200 
1.269500 
1.270200 
1.270500 
1.270800 
1.271400 
1.272400 
1.274200 
1.275300 
1.278800 
1.280100 
1.280300 
1.281200 
1.283500 
1.285400 
1.289200 
1.289300 
1.291900 
1.292700 
1.293400 
1.295600 
1.295700 
1.295700 
1.299700 
1.300800 
1.301500 
1.304700 
1.305000 
1.307200 
1.308800 
1.309500 
1.310600 
1.310600 
1.314000 
1.314200 
1.314900 
1.316900 
1.317200 
1.317800 
1.318600 
1.318700 
1.319200 
1.319600 
1.319700 
1.319700 
1.320700 
1.322000 
1.325900 
1.326900 
1.327900 
1.332800 
1.333400 
1.334900 
1.335300 
1.336200 
1.336900 
1.337800 
1.339200 
1.340700 
1.340800 
1.341900 
1.345900 
1.346700 
1.347400 
1.348600 
1.350800 
1.355300 
1.355800 
1.356800 
1.356800 
1.357600 
1.358700 
1.360200 
1.363000 
1.364100 
1.364300 
1.369800 
1.370300 
1.372200 
1.372400 
1.372600 
1.373500 
1.374500 
1.375700 
1.375900 
1.376500 
1.378300 
1.378800 
1.379400 
1.380200 
1.381000 
1.382400 
1.383700 
1.384700 
1.385500 
1.385600 
1.388200 
1.392000 
1.396600 
1.398800 
1.398800 
1.401300 
1.402700 
1.403300 
1.403900 
1.404000 
1.404200 
1.405400 
1.408600 
1.412900 
1.413300 
1.414300 
1.415400 
1.417400 
1.417900 
1.417900 
1.419700 
1.420200 
1.421900 
1.423200 
1.423600 
1.424500 
1.425000 
1.426400 
1.427200 
1.430000 
1.430400 
1.430500 
1.430600 
1.430900 
1.431100 
1.431400 
1.434100 
1.434500 
1.434700 
1.435800 
1.436700 
1.438700 
1.439400 
1.440000 
1.440300 
1.441000 
1.443500 
1.444500 
1.445100 
1.450700 
1.451000 
1.451100 
1.451100 
1.451500 
1.453400 
1.455100 
1.456300 
1.459700 
1.460900 
1.461000 
1.462100 
1.462700 
1.463000 
1.464700 
1.466600 
1.468200 
1.471600 
1.472600 
1.473700 
1.473800 
1.474600 
1.478800 
1.479600 
1.479800 
1.481200 
1.481900 
1.482400 
1.482900 
1.483200 
1.484200 
1.485800 
1.487600 
1.489000 
1.492100 
1.495000 
1.495800 
1.496200 
1.498800 
1.500800 
1.501900 
1.502500 
1.502600 
1.503100 
1.506100 
1.506500 
1.506600 
1.508100 
1.508700 
1.509800 
1.512300 
1.513000 
1.518600 
1.519400 
1.519800 
1.523100 
1.523500 
1.524400 
1.525800 
1.527200 
1.528600 
1.530400 
1.531400 
1.531700 
1.534700 
1.534800 
1.534900 
1.535000 
1.536300 
1.536800 
1.537200 
1.537300 
1.537400 
1.538100 
1.542000 
1.544300 
1.546600 
1.548000 
1.548400 
1.550400 
1.550600 
1.550700 
1.550900 
1.552200 
1.552300 
1.552400 
1.552700 
1.553000 
1.554000 
1.554400 
1.554800 
1.564400 
1.565000 
1.565300 
1.565700 
1.566600 
1.569200 
1.570200 
1.570600 
1.572700 
1.574200 
1.575000 
1.575500 
1.577200 
1.579000 
1.581400 
1.582300 
1.583600 
1.585500 
1.587100 
1.591800 
1.593600 
1.594200 
1.594900 
1.596600 
1.599800 
1.601800 
1.605600 
1.606900 
1.606900 
1.607100 
1.607600 
1.607800 
1.608800 
1.609200 
1.609300 
1.611100 
1.611900 
1.613900 
1.614600 
1.618300 
1.619100 
1.620000 
1.623500 
1.623800 
1.625000 
1.626200 
1.626400 
1.626500 
1.626700 
1.627600 
1.630400 
1.634500 
1.636300 
1.637400 
1.638500 
1.638500 
1.639000 
1.639100 
1.641400 
1.641600 
1.645300 
1.649500 
1.653600 
1.655400 
1.655800 
1.656400 
1.657200 
1.657400 
1.657800 
1.658400 
1.658500 
1.662700 
1.663400 
1.664900 
1.665000 
1.666900 
1.667100 
1.672100 
1.674300 
1.677000 
1.678700 
1.678800 
1.679000 
1.679100 
1.679400 
1.680000 
1.683100 
1.687600 
1.687900 
1.688100 
1.688100 
1.688800 
1.690400 
1.691400 
1.691800 
1.693700 
1.694800 
1.700400 
1.700900 
1.702300 
1.703100 
1.704700 
1.704700 
1.704900 
1.706900 
1.707100 
1.708000 
1.708400 
1.709300 
1.710800 
1.712600 
1.716000 
1.716800 
1.718200 
1.718400 
1.719100 
1.720300 
1.720700 
1.720900 
1.721800 
1.725900 
1.730700 
1.731400 
1.732100 
1.732600 
1.734100 
1.734800 
1.734800 
1.735500 
1.735900 
1.736000 
1.737100 
1.737400 
1.737900 
1.738900 
1.743200 
1.746200 
1.747300 
1.747400 
1.747600 
1.748200 
1.748700 
1.748800 
1.749700 
1.750800 
1.751900 
1.752100 
1.753200 
1.753600 
1.755000 
1.760800 
1.762700 
1.762900 
1.764100 
1.767500 
1.767600 
1.768000 
1.769800 
1.770400 
1.770500 
1.771100 
1.771400 
1.772300 
1.773400 
1.774100 
1.776700 
1.777100 
1.777300 
1.777800 
1.779900 
1.782400 
1.782800 
1.783800 
1.783900 
1.784200 
1.786000 
1.787000 
1.789500 
1.790600 
1.791000 
1.792100 
1.796200 
1.799600 
1.802400 
1.805300 
1.806600 
1.807700 
1.808100 
1.811600 
1.811800 
1.812000 
1.812100 
1.813000 
1.814600 
1.816400 
1.817900 
1.818600 
1.819800 
1.820000 
1.820500 
1.821300 
1.821600 
1.822000 
1.822700 
1.822900 
1.822900 
1.824100 
1.825200 
1.825900 
1.827300 
1.829600 
1.829700 
1.829900 
1.831100 
1.833000 
1.833700 
1.835200 
1.837200 
1.838600 
1.838900 
1.839400 
1.842800 
1.844200 
1.846700 
1.848200 
1.849000 
1.850700 
1.851400 
1.853300 
1.854200 
1.855200 
1.859000 
1.859300 
1.862900 
1.864400 
1.864700 
1.865800 
1.866200 
1.866800 
1.868600 
1.868900 
1.871300 
1.872300 
1.872900 
1.873500 
1.874100 
1.875800 
1.878300 
1.889200 
1.889600 
1.889800 
1.890100 
1.891200 
1.892800 
1.894100 
1.895300 
1.896400 
1.896700 
1.898400 
1.901600 
1.902100 
1.903700 
1.906100 
1.906200 
1.908000 
1.909500 
1.910800 
1.911200 
1.911700 
1.912600 
1.913500 
1.914100 
1.916000 
1.916600 
1.918100 
1.918800 
1.920000 
1.920200 
1.921900 
1.922800 
1.924400 
1.924500 
1.926000 
1.926600 
1.927400 
1.928600 
1.932100 
1.932800 
1.933500 
1.933600 
1.935000 
1.935400 
1.936000 
1.937300 
1.938700 
1.938800 
1.939100 
1.939900 
1.940200 
1.940600 
1.940800 
1.943100 
1.943800 
1.945300 
1.948700 
1.950000 
1.951200 
1.951300 
1.953500 
1.954000 
1.955300 
1.956000 
1.957000 
1.957300 
1.957700 
1.958800 
1.958800 
1.958800 
1.960500 
1.962700 
1.965900 
1.966800 
1.967200 
1.969600 
1.969900 
1.970200 
1.970700 
1.972900 
1.974400 
1.975600 
1.975900 
1.977900 
1.978200 
1.980900 
1.981700 
1.982300 
1.982500 
1.982600 
1.984700 
1.985400 
1.985500 
1.987000 
1.987700 
1.990400 
1.991100 
1.991800 
1.992000 
1.992400 
1.993100 
1.993100 
1.993600 
1.997700 
1.997900 
2.001500 
2.002500 
2.004000 
2.007500 
2.009400 
2.012600 
2.013500 
2.014000 
2.014200 
2.016200 
2.018100 
2.023200 
2.024600 
2.027500 
2.028000 
2.029500 
2.029500 
2.030700 
2.030700 
2.030900 
2.032300 
2.032900 
2.033200 
2.033800 
2.038000 
2.038300 
2.038600 
2.039400 
2.042400 
2.042600 
2.045700 
2.048100 
2.050000 
2.051300 
2.052600 
2.052900 
2.055300 
2.056300 
2.056700 
2.057000 
2.057200 
2.058600 
2.059200 
2.063400 
2.063800 
2.067000 
2.067400 
2.068400 
2.069800 
2.069900 
2.072200 
2.073500 
2.073800 
2.075400 
2.076500 
2.077000 
2.077300 
2.077500 
2.078400 
2.080500 
2.080700 
2.080700 
2.084600 
2.085700 
2.085800 
2.086100 
2.086600 
2.087800 
2.095500 
2.096800 
2.099800 
2.100500 
2.100600 
2.101800 
2.102100 
2.102200 
2.102600 
2.103300 
2.103900 
2.104700 
2.107800 
2.112600 
2.115200 
2.115200 
2.118400 
2.118400 
2.118500 
2.118700 
2.118800 
2.119200 
2.119500 
2.120000 
2.120400 
2.122900 
2.124100 
2.124100 
2.124300 
2.124400 
2.130700 
2.131800 
2.132800 
2.134800 
2.135100 
2.135900 
2.136100 
2.137300 
2.139800 
2.140100 
2.140500 
2.144200 
2.145000 
2.146100 
2.146500 
2.148400 
2.149600 
2.151500 
2.151900 
2.152000 
2.154800 
2.156500 
2.156500 
2.157600 
2.158000 
2.158200 
2.158700 
2.159200 
2.160600 
2.160800 
2.161400 
2.161800 
2.164400 
2.166500 
2.170500 
2.172300 
2.173800 
2.176400 
2.177600 
2.178700 
2.178800 
2.179000 
2.179300 
2.179700 
2.180600 
2.182700 
2.183100 
2.183700 
2.184500 
2.185400 
2.187400 
2.189600 
2.189800 
2.191200 
2.191200 
2.191300 
2.192400 
2.194300 
2.194900 
2.197700 
2.198900 
2.200600 
2.201200 
2.203000 
2.205000 
2.211000 
2.211900 
2.212200 
2.213100 
2.213400 
2.213400 
2.213800 
2.214000 
2.214200 
2.214200 
2.216100 
2.221700 
2.222000 
2.223200 
2.225100 
2.226300 
2.228400 
2.228800 
2.230200 
2.234800 
2.234900 
2.236400 
2.237400 
2.237500 
2.240000 
2.241600 
2.242900 
2.243900 
2.245100 
2.246200 
2.246500 
2.247300 
2.248900 
2.249200 
2.250800 
2.252200 
2.254200 
2.254600 
2.254700 
2.254800 
2.255100 
2.258200 
2.260300 
2.262500 
2.263300 
2.265100 
2.265500 
2.265900 
2.270300 
2.270700 
2.273100 
2.273200 
2.274100 
2.275100 
2.277700 
2.279900 
2.282900 
2.283200 
2.283900 
2.284200 
2.284500 
2.285200 
2.286100 
2.286700 
2.287700 
2.287900 
2.290700 
2.290800 
2.291900 
2.294500 
2.299700 
2.300000 
2.300500 
2.301400 
2.301500 
2.301600 
2.301900 
2.304100 
2.306600 
2.307900 
2.308000 
2.308300 
2.308800 
2.312800 
2.316000 
2.317100 
2.317700 
2.318400 
2.318700 
2.319200 
2.319400 
2.320500 
2.321300 
2.324500 
2.324700 
2.327200 
2.329700 
2.329900 
2.332500 
2.335100 
2.336200 
2.336300 
2.336700 
2.337200 
2.338600 
2.339100 
2.340100 
2.340900 
2.341100 
2.342700 
2.343400 
2.344800 
2.345900 
2.345900 
2.346300 
2.347900 
2.349700 
2.352300 
2.352800 
2.353600 
2.354900 
2.355100 
2.358200 
2.358700 
2.362000 
2.363100 
2.366200 
2.366900 
2.367000 
2.367700 
2.368800 
2.369800 
2.372600 
2.374900 
2.376100 
2.376700 
2.380500 
2.380800 
2.381600 
2.381800 
2.385100 
2.385100 
2.385200 
2.386800 
2.387500 
2.388200 
2.390100 
2.390700 
2.392300 
2.393000 
2.393900 
2.393900 
2.394900 
2.395100 
2.398700 
2.398800 
2.399800 
2.400900 
2.402000 
2.402100 
2.402200 
2.402500 
2.402600 
2.402700 
2.402900 
2.408900 
2.411400 
2.412500 
2.412600 
2.412700 
2.414100 
2.416300 
2.416600 
2.418100 
2.418400 
2.423500 
2.423800 
2.424000 
2.424400 
2.425500 
2.425600 
2.428400 
2.428800 
2.432100 
2.433700 
2.436500 
2.437500 
2.437700 
2.439000 
2.441800 
2.442900 
2.443100 
2.443600 
2.445900 
2.448800 
2.450300 
2.453000 
2.454200 
2.455600 
2.455600 
2.457000 
2.458400 
2.461100 
2.461800 
2.463300 
2.464900 
2.465700 
2.467000 
2.468700 
2.470000 
2.472700 
2.474200 
2.477100 
2.477200 
2.481100 
2.483800 
2.484300 
2.484600 
2.485000 
2.486800 
2.490000 
2.491500 
2.491500 
2.491600 
2.493400 
2.496000 
2.498500 
2.498800 
2.500000 
2.500900 
2.501300 
2.502300 
2.505200 
2.506000 
2.508900 
2.510300 
2.510700 
2.514900 
2.515500 
2.515700 
2.517700 
2.520200 
2.520200 
2.520900 
2.522800 
2.523900 
2.524100 
2.524300 
2.525500 
2.529000 
2.530800 
2.531100 
2.531700 
2.532300 
2.532600 
2.532700 
2.535100 
2.535500 
2.535800 
2.536800 
2.536900 
2.538300 
2.540100 
2.542100 
2.544200 
2.544600 
2.546500 
2.548300 
2.551500 
2.552000 
2.553200 
2.555000 
2.555500 
2.558200 
2.558800 
2.560400 
2.561000 
2.561700 
2.563900 
2.564000 
2.565500 
2.566000 
2.568600 
2.573800 
2.573900 
2.575200 
2.575200 
2.575400 
2.576800 
2.576900 
2.577500 
2.578500 
2.579900 
2.583900 
2.584400 
2.584700 
2.585100 
2.585900 
2.586600 
2.589900 
2.590900 
2.591200 
2.598800 
2.599400 
2.600200 
2.600500 
2.600800 
2.602800 
2.604600 
2.607500 
2.608500 
2.608800 
2.608800 
2.609000 
2.612800 
2.612900 
2.613900 
2.613900 
2.617200 
2.618700 
2.619600 
2.623800 
2.624300 
2.626300 
2.628800 
2.629600 
2.629700 
2.630800 
2.632100 
2.633700 
2.633800 
2.634200 
2.635500 
2.639100 
2.641200 
2.643700 
2.644400 
2.645300 
2.646900 
2.647000 
2.647300 
2.647800 
2.648500 
2.648800 
2.649400 
2.650800 
2.651600 
2.651600 
2.651600 
2.654300 
2.654800 
2.655800 
2.656400 
2.659900 
2.661200 
2.661600 
2.663900 
2.664500 
2.668400 
2.669000 
2.671700 
2.672300 
2.674300 
2.674500 
2.674500 
2.675300 
2.678600 
2.678700 
2.681700 
2.684500 
2.686300 
2.687200 
2.691600 
2.693000 
2.693300 
2.693600 
2.693800 
2.694000 
2.694500 
2.694600 
2.694800 
2.695000 
2.695600 
2.696200 
2.697200 
2.701100 
2.701900 
2.702000 
2.703400 
2.708200 
2.711400 
2.711900 
2.712100 
2.712200 
2.712400 
2.712600 
2.714500 
2.714700 
2.715900 
2.716500 
2.716900 
2.717800 
2.718000 
2.718900 
2.720000 
2.725300 
2.728000 
2.728900 
2.729400 
2.730000 
2.730400 
2.731300 
2.734100 
2.734500 
2.736000 
2.739300 
2.739400 
2.740000 
2.740700 
2.741700 
2.743300 
2.743400 
2.743600 
2.744500 
2.744900 
2.746500 
2.748000 
2.748600 
2.749400 
2.752100 
2.755200 
2.755200 
2.755800 
2.756200 
2.758000 
2.758200 
2.758500 
2.759900 
2.760600 
2.762500 
2.765000 
2.766100 
2.766800 
2.768200 
2.769200 
2.769900 
2.771600 
2.771700 
2.772000 
2.777300 
2.778300 
2.778900 
2.781400 
2.781400 
2.781800 
2.783800 
2.784000 
2.785200 
2.785300 
2.786500 
2.789600 
2.794000 
2.794100 
2.795100 
2.795200 
2.795600 
2.796700 
2.797900 
2.798100 
2.799000 
2.803000 
2.803900 
2.804300 
2.804800 
2.806900 
2.810500 
2.811100 
2.811600 
2.812200 
2.812700 
2.816000 
2.818300 
2.819400 
2.820200 
2.820600 
2.822800 
2.824200 
2.826600 
2.826700 
2.826900 
2.827400 
2.829200 
2.830800 
2.832000 
2.833200 
2.833300 
2.833500 
2.836500 
2.839700 
2.842600 
2.847500 
2.848000 
2.849700 
2.853400 
2.854300 
2.856900 
2.857300 
2.857500 
2.857700 
2.859800 
2.860400 
2.860900 
2.861800 
2.869700 
2.870700 
2.871300 
2.871500 
2.871500 
2.872600 
2.874700 
2.875100 
2.875200 
2.876400 
2.877600 
2.878800 
2.882000 
2.885000 
2.887900 
2.889100 
2.890100 
2.891100 
2.891700 
2.892400 
2.893500 
2.893600 
2.894300 
2.895300 
2.896100 
2.896800 
2.898600 
2.899800 
2.902600 
2.904100 
2.907200 
2.907400 
2.909100 
2.909700 
2.911000 
2.911300 
2.911600 
2.912100 
2.913300 
2.913300 
2.915900 
2.916300 
2.918700 
2.918700 
2.919200 
2.919400 
2.920400 
2.920900 
2.921700 
2.922100 
2.922300 
2.922800 
2.925500 
2.928000 
2.928100 
2.929300 
2.929700 
2.930500 
2.934400 
2.935300 
2.935800 
2.938400 
2.939500 
2.939500 
2.939600 
2.942100 
2.943500 
2.943900 
2.944400 
2.945800 
2.946900 
2.946900 
2.949700 
2.952300 
2.952400 
2.953000 
2.953700 
2.954600 
2.956000 
2.960900 
2.960900 
2.961300 
2.961900 
2.965200 
2.966200 
2.967200 
2.967500 
2.967700 
2.967900 
2.968200 
2.969100 
2.971300 
2.971700 
2.974000 
2.975400 
2.976200 
2.978400 
2.978600 
2.979000 
2.982000 
2.982200 
2.984600 
2.985400 
2.986100 
2.986400 
2.988900 
2.990100 
2.992000 
2.993900 
2.994000 
2.995100 
2.998300 
