0.033400 
0.048100 
0.054100 
0.055600 
0.056200 
0.067300 
0.073100 
0.088000 
0.092600 
0.094200 
0.099300 
0.120200 
0.127700 
0.128100 
0.132900 
0.138300 
0.142000 
0.144700 
0.149500 
0.161700 
0.164800 
0.167400 
0.170600 
0.173500 
0.173600 
0.174500 
0.179000 
0.192200 
0.201100 
0.213000 
0.220600 
0.223000 
0.234000 
0.234800 
0.244700 
0.250100 
0.267200 
0.269100 
0.271100 
0.277900 
0.287500 
0.296500 
0.301100 
0.304200 
0.307100 
0.310900 
0.314300 
0.323300 
0.328900 
0.330200 
0.332800 
0.332800 
0.338100 
0.344100 
0.351800 
0.352600 
0.354900 
0.378400 
0.382900 
0.384200 
0.385200 
0.386100 
0.389200 
0.393200 
0.401500 
0.404800 
0.410800 
0.418300 
0.421800 
0.424500 
0.433800 
0.437200 
0.438100 
0.438100 
0.439000 
0.440600 
0.447000 
0.459600 
0.462200 
0.462500 
0.473100 
0.474500 
0.474700 
0.484500 
0.485100 
0.495300 
0.502900 
0.504300 
0.504900 
0.515000 
0.532200 
0.533100 
0.533500 
0.534900 
0.554700 
0.566400 
0.568900 
0.569800 
0.570600 
0.581600 
0.587700 
0.599400 
0.600500 
0.617000 
0.619100 
0.619200 
0.624800 
0.629400 
0.643000 
0.647100 
0.650800 
0.661800 
0.671200 
0.680200 
0.683800 
0.689100 
0.691100 
0.693800 
0.695600 
0.702900 
0.705600 
0.706200 
0.707800 
0.721700 
0.729300 
0.730100 
0.730600 
0.733500 
0.737700 
0.746100 
0.748100 
0.764600 
0.765500 
0.766900 
0.778000 
0.781800 
0.784200 
0.786800 
0.787000 
0.795900 
0.808800 
0.819700 
0.822600 
0.825500 
0.834300 
0.835200 
0.835800 
0.836300 
0.840500 
0.843100 
0.850000 
0.861400 
0.867300 
0.870400 
0.876800 
0.878000 
0.881800 
0.887000 
0.893800 
0.903400 
0.907600 
0.910600 
0.923900 
0.930400 
0.930600 
0.932500 
0.937400 
0.945800 
0.950000 
0.957900 
0.958200 
0.958500 
0.965300 
0.969900 
0.977600 
0.988700 
0.994700 
1.007900 
1.010900 
1.013500 
1.022600 
1.022600 
1.033900 
1.034000 
1.038700 
1.043000 
1.051600 
1.055400 
1.060900 
1.068500 
1.069100 
1.077500 
1.081200 
1.084300 
1.086900 
1.092300 
1.095700 
1.104700 
1.108000 
1.108200 
1.108900 
1.117500 
1.122400 
1.133400 
1.138400 
1.146600 
1.154200 
1.158400 
1.161100 
1.171600 
1.176600 
1.179300 
1.188000 
1.193700 
1.194100 
1.195400 
1.195800 
1.211900 
1.212500 
1.212500 
1.213900 
1.216300 
1.217100 
1.227700 
1.232700 
1.234800 
1.239700 
1.250100 
1.251200 
1.261000 
1.261600 
1.262900 
1.274400 
1.276800 
1.284200 
1.284500 
1.287900 
1.304900 
1.311400 
1.319400 
1.322000 
1.329700 
1.336700 
1.346700 
1.351000 
1.361700 
1.364400 
1.365200 
1.370100 
1.370500 
1.377600 
1.386200 
1.387600 
1.388100 
1.392200 
1.403800 
1.404900 
1.409300 
1.411900 
1.422200 
1.425500 
1.425700 
1.442700 
1.446800 
1.450000 
1.451200 
1.458300 
1.470700 
1.477100 
1.483700 
1.485400 
1.485700 
1.487100 
1.491400 
1.500300 
1.508200 
1.514100 
1.517600 
1.520700 
1.524900 
1.533100 
1.535700 
1.546900 
1.553000 
1.563700 
1.567100 
1.568800 
1.570500 
1.583700 
1.593600 
1.599100 
1.611900 
1.618000 
1.619200 
1.625100 
1.634900 
1.636900 
1.637200 
1.643900 
1.658200 
1.678900 
1.680600 
1.681400 
1.682000 
1.683900 
1.686000 
1.686400 
1.688900 
1.688900 
1.698500 
1.711400 
1.715300 
1.719000 
1.720300 
1.722900 
1.733400 
1.738700 
1.748200 
1.751800 
1.757000 
1.769700 
1.779300 
1.789300 
1.790100 
1.793500 
1.799000 
1.810900 
1.817300 
1.818900 
1.821300 
1.824300 
1.840000 
1.842600 
1.847900 
1.849400 
1.855100 
1.860200 
1.860700 
1.864100 
1.868000 
1.868400 
1.873600 
1.879200 
1.886900 
1.896900 
1.898300 
1.903500 
1.907500 
1.914100 
1.921200 
1.922500 
1.934600 
1.940900 
1.945900 
1.947800 
1.955800 
1.956100 
1.965100 
1.966500 
1.968800 
1.976300 
1.979700 
1.983600 
1.992800 
1.993900 
2.009000 
2.011600 
2.014400 
2.018600 
2.033300 
2.047700 
2.047800 
2.056100 
2.058800 
2.059500 
2.071300 
2.081100 
2.085100 
2.087300 
2.095100 
2.097400 
2.099900 
2.121200 
2.122500 
2.129200 
2.130700 
2.134200 
2.144600 
2.147600 
2.157700 
2.167100 
2.169800 
2.174100 
2.179400 
2.185800 
2.186500 
2.196400 
2.203300 
2.223100 
2.225300 
2.243900 
2.245500 
2.245800 
2.252700 
2.255800 
2.260100 
2.261500 
2.263000 
2.269600 
2.271200 
2.272300 
2.272400 
2.277600 
2.286300 
2.290000 
2.301800 
2.311900 
2.314100 
2.332900 
2.339700 
2.350400 
2.356900 
2.383000 
2.386000 
2.389400 
2.391400 
2.392700 
2.416700 
2.426500 
2.430000 
2.437800 
2.446500 
2.452500 
2.453500 
2.454400 
2.458000 
2.462100 
2.467000 
2.472800 
2.477500 
2.483400 
2.489500 
2.490300 
2.490400 
2.494300 
2.495300 
2.512900 
2.514900 
2.515900 
2.526400 
2.541300 
2.542800 
2.569200 
2.570600 
2.571500 
2.571700 
2.578200 
2.581300 
2.584700 
2.591400 
2.603300 
2.607900 
2.614400 
2.616700 
2.626500 
2.628000 
2.637900 
2.638500 
2.639000 
2.640300 
2.649100 
2.658600 
2.663500 
2.665700 
2.669900 
2.672000 
2.675800 
2.675800 
2.683500 
2.690100 
2.693400 
2.708600 
2.708700 
2.710500 
2.715500 
2.725200 
2.732700 
2.738800 
2.749000 
2.751900 
2.752500 
2.763100 
2.773100 
2.775000 
2.780000 
2.789200 
2.789300 
2.791900 
2.794700 
2.798700 
2.808500 
2.826300 
2.832700 
2.832900 
2.846500 
2.853300 
2.857200 
2.872600 
2.874100 
2.884400 
2.890800 
2.892200 
2.894900 
2.904400 
2.911500 
2.911700 
2.915100 
2.930200 
2.934900 
2.936800 
2.940400 
2.945700 
2.946300 
2.951300 
2.953100 
2.962300 
2.963700 
2.974900 
2.988500 
