37 
3 
21 
4 
39 
33 
3 
14 
4 
38 
17 
32 
11 
42 
6 
24 
44 
35 
1 
39 
38 
28 
18 
9 
15 
21 
46 
32 
12 
17 
44 
36 
33 
23 
42 
36 
26 
21 
28 
32 
10 
14 
19 
12 
31 
0 
1 
6 
15 
10 
35 
2 
29 
31 
13 
8 
42 
26 
5 
45 
39 
13 
27 
0 
7 
24 
25 
23 
20 
12 
17 
18 
22 
44 
34 
27 
19 
14 
16 
10 
42 
6 
21 
3 
37 
43 
0 
25 
41 
24 
9 
7 
21 
1 
33 
23 
40 
26 
32 
9 
13 
28 
25 
2 
46 
22 
34 
30 
21 
2 
3 
19 
30 
7 
0 
44 
41 
46 
26 
4 
18 
25 
37 
8 
29 
14 
12 
6 
43 
35 
40 
45 
1 
13 
7 
15 
31 
26 
33 
28 
37 
17 
9 
41 
38 
45 
27 
20 
2 
42 
25 
3 
30 
31 
4 
9 
40 
39 
23 
21 
36 
35 
29 
19 
16 
13 
24 
28 
43 
7 
42 
29 
31 
16 
30 
33 
46 
40 
26 
28 
19 
41 
39 
2 
1 
38 
24 
4 
10 
3 
41 
16 
28 
29 
46 
38 
14 
24 
9 
31 
36 
2 
42 
44 
8 
40 
18 
6 
34 
17 
21 
0 
32 
43 
16 
5 
22 
26 
19 
7 
4 
20 
2 
9 
37 
40 
42 
13 
31 
24 
5 
1 
26 
10 
3 
23 
0 
16 
13 
41 
42 
25 
20 
28 
39 
21 
24 
19 
14 
12 
3 
23 
18 
19 
40 
28 
20 
2 
4 
37 
42 
17 
45 
14 
44 
1 
16 
19 
34 
19 
18 
40 
23 
15 
10 
39 
0 
29 
30 
22 
34 
11 
45 
12 
42 
28 
2 
33 
30 
35 
31 
40 
12 
46 
16 
1 
9 
6 
2 
3 
28 
42 
7 
22 
11 
16 
43 
10 
1 
40 
14 
39 
42 
18 
24 
33 
32 
1 
26 
12 
35 
36 
40 
41 
19 
20 
33 
11 
0 
45 
15 
44 
16 
12 
22 
21 
8 
35 
18 
6 
7 
29 
43 
2 
19 
33 
16 
38 
5 
35 
1 
22 
21 
18 
3 
44 
4 
8 
23 
28 
0 
41 
7 
38 
25 
2 
3 
33 
26 
6 
0 
39 
23 
4 
8 
33 
42 
26 
45 
34 
44 
41 
1 
21 
15 
16 
32 
38 
46 
25 
14 
45 
40 
19 
16 
12 
41 
13 
24 
25 
32 
18 
31 
20 
21 
38 
1 
44 
27 
4 
14 
8 
28 
10 
35 
25 
7 
32 
45 
19 
33 
30 
41 
13 
27 
4 
17 
40 
19 
32 
15 
8 
2 
10 
31 
5 
17 
42 
6 
13 
7 
22 
0 
3 
45 
29 
42 
44 
40 
33 
41 
24 
45 
22 
37 
11 
10 
38 
17 
46 
4 
26 
34 
1 
18 
33 
20 
2 
46 
24 
40 
38 
7 
32 
35 
39 
11 
44 
25 
43 
32 
10 
41 
22 
33 
18 
45 
21 
8 
20 
24 
28 
13 
12 
31 
39 
40 
35 
14 
44 
18 
45 
9 
42 
24 
23 
46 
41 
15 
7 
38 
13 
19 
0 
25 
18 
39 
16 
9 
28 
41 
21 
3 
45 
6 
34 
19 
13 
46 
20 
23 
26 
29 
21 
39 
38 
15 
4 
44 
25 
5 
19 
12 
7 
26 
10 
17 
16 
13 
38 
14 
18 
41 
6 
44 
46 
42 
37 
40 
43 
25 
32 
31 
44 
39 
0 
41 
42 
24 
1 
27 
38 
2 
4 
32 
45 
33 
10 
40 
30 
37 
41 
17 
29 
16 
31 
7 
46 
21 
0 
26 
41 
44 
33 
36 
37 
11 
3 
25 
17 
35 
46 
22 
2 
0 
4 
16 
30 
28 
40 
13 
31 
27 
10 
23 
42 
5 
