0.032500 
0.036300 
0.040000 
0.044400 
0.053600 
0.061000 
0.064700 
0.066800 
0.067200 
0.071200 
0.075500 
0.079600 
0.079800 
0.084700 
0.085200 
0.085400 
0.086100 
0.087400 
0.088200 
0.094600 
0.102000 
0.102200 
0.102800 
0.104600 
0.105300 
0.106600 
0.108000 
0.110700 
0.115500 
0.116100 
0.116300 
0.117800 
0.124900 
0.125300 
0.125400 
0.129100 
0.129700 
0.133800 
0.137400 
0.137900 
0.151000 
0.151200 
0.151300 
0.151400 
0.153900 
0.155500 
0.162700 
0.165900 
0.169500 
0.170400 
0.170500 
0.171600 
0.171900 
0.173100 
0.176700 
0.181700 
0.186800 
0.188700 
0.190100 
0.191000 
0.199100 
0.199500 
0.200000 
0.200200 
0.201500 
0.201600 
0.203000 
0.206400 
0.212600 
0.214600 
0.219900 
0.221200 
0.224900 
0.226900 
0.228400 
0.230400 
0.232700 
0.233500 
0.234100 
0.236500 
0.237000 
0.237500 
0.238500 
0.242100 
0.248800 
0.249300 
0.253500 
0.254400 
0.255200 
0.259200 
0.260500 
0.262500 
0.267900 
0.270200 
0.270200 
0.271200 
0.275500 
0.276600 
0.276600 
0.277000 
0.283700 
0.284100 
0.288500 
0.291500 
0.293200 
0.296300 
0.296800 
0.296800 
0.300600 
0.301800 
0.303800 
0.303800 
0.308600 
0.309500 
0.309700 
0.313800 
0.316800 
0.316800 
0.318700 
0.319500 
0.320900 
0.323200 
0.323800 
0.324900 
0.325500 
0.333400 
0.333700 
0.335000 
0.337300 
0.339800 
0.350100 
0.351400 
0.351600 
0.352200 
0.356100 
0.357200 
0.358400 
0.360200 
0.365000 
0.365300 
0.369800 
0.373200 
0.374500 
0.377900 
0.379100 
0.382800 
0.385800 
0.388000 
0.390000 
0.392400 
0.396300 
0.398800 
0.401900 
0.405200 
0.406900 
0.411100 
0.413300 
0.415300 
0.417600 
0.418000 
0.418200 
0.422300 
0.423800 
0.424400 
0.425500 
0.428000 
0.431000 
0.433700 
0.436000 
0.442300 
0.444800 
0.447800 
0.450400 
0.451900 
0.451900 
0.453400 
0.453600 
0.458600 
0.463300 
0.463700 
0.472700 
0.472700 
0.473400 
0.474800 
0.474800 
0.475100 
0.478200 
0.481200 
0.481400 
0.486300 
0.486900 
0.490900 
0.492800 
0.495800 
0.496000 
0.497400 
0.501300 
0.506300 
0.509200 
0.510900 
0.513300 
0.514700 
0.515600 
0.516100 
0.519900 
0.521400 
0.525500 
0.528100 
0.528500 
0.531900 
0.532400 
0.532500 
0.533100 
0.533400 
0.537900 
0.539900 
0.544800 
0.545200 
0.546700 
0.546800 
0.553900 
0.557000 
0.557800 
0.558500 
0.562100 
0.563800 
0.564600 
0.565700 
0.566500 
0.570600 
0.572300 
0.574400 
0.576100 
0.577500 
0.586600 
0.587300 
0.588700 
0.593000 
0.597600 
0.598600 
0.599200 
0.606500 
0.606700 
0.611900 
0.612700 
0.614200 
0.614500 
0.619600 
0.622800 
0.623900 
0.626500 
0.627500 
0.628400 
0.632300 
0.635600 
0.635700 
0.635900 
0.636000 
0.637900 
0.640200 
0.641200 
0.641500 
0.650400 
0.651300 
0.656800 
0.656900 
0.657100 
0.659400 
0.664000 
0.673300 
0.673300 
0.675700 
0.682300 
0.683400 
0.686400 
0.689100 
0.691500 
0.694800 
0.696500 
0.698000 
0.700200 
0.701700 
0.705400 
0.708100 
0.708800 
0.712800 
0.712800 
0.713800 
0.713900 
0.716500 
0.716700 
0.717300 
0.717400 
0.719300 
0.726200 
0.727300 
0.727400 
0.729100 
0.730200 
0.731700 
0.731800 
0.732000 
0.733100 
0.734700 
0.736200 
0.736600 
0.741600 
0.741800 
0.743200 
0.751900 
0.754900 
0.755600 
0.757800 
0.759600 
0.766300 
0.768300 
0.771700 
0.775500 
0.781600 
0.783900 
0.785600 
0.785900 
0.788000 
0.788600 
0.790600 
0.792000 
0.792100 
0.797300 
0.798300 
0.802500 
0.804800 
0.805400 
0.806900 
0.808200 
0.812100 
0.815800 
0.817100 
0.817700 
0.819200 
0.824500 
0.826200 
0.826500 
0.827000 
0.828600 
0.833000 
0.835900 
0.837100 
0.837400 
0.837600 
0.839100 
0.840200 
0.844800 
0.851700 
0.852100 
0.854900 
0.856800 
0.861200 
0.861200 
0.862100 
0.864700 
0.872200 
0.875900 
0.877900 
0.878900 
0.879900 
0.886400 
0.887000 
0.887300 
0.889500 
0.891100 
0.892800 
0.893900 
0.898600 
0.903800 
0.904300 
0.905600 
0.908100 
0.908300 
0.913400 
0.915400 
0.917800 
0.918900 
0.920600 
0.922600 
0.923000 
0.933500 
0.936700 
0.936900 
0.938000 
0.943200 
0.948600 
0.949300 
0.952400 
0.955600 
0.957300 
0.957500 
0.958700 
0.958800 
0.959900 
0.961800 
0.965600 
0.966100 
0.968300 
0.974700 
0.976900 
0.981900 
0.984700 
0.984900 
0.990100 
0.991200 
0.992000 
0.994400 
0.996600 
1.000600 
1.008700 
1.008900 
1.010200 
1.010700 
1.011500 
1.011800 
1.012400 
1.013000 
1.014100 
1.021900 
1.023800 
1.025100 
1.026500 
1.027600 
1.028500 
1.032300 
1.035400 
1.041500 
1.042800 
1.042900 
1.043100 
1.043400 
1.043500 
1.045600 
1.047000 
1.057500 
1.059300 
1.061300 
1.061800 
1.063200 
1.068100 
1.070000 
1.071600 
1.071900 
1.078000 
1.080500 
1.080800 
1.081000 
1.082100 
1.082500 
1.082600 
1.083000 
1.086700 
1.093100 
1.096900 
1.097500 
1.097900 
1.100800 
1.103500 
1.105900 
1.107600 
1.110800 
1.113200 
1.120900 
1.121200 
1.121700 
1.124400 
1.124900 
1.131400 
1.131400 
1.132700 
1.133000 
1.133800 
1.139600 
1.146800 
1.147100 
1.147300 
1.147500 
1.148400 
1.149200 
1.157400 
1.158400 
1.161700 
1.162500 
1.167600 
1.171700 
1.176600 
1.177200 
1.177900 
1.179800 
1.180300 
1.187200 
1.188600 
1.192100 
1.194900 
1.195200 
1.197600 
1.197600 
1.199300 
1.201400 
1.202800 
1.207200 
1.207300 
1.208700 
1.209000 
1.212200 
1.213600 
1.220000 
1.222400 
1.223400 
1.224600 
1.225100 
1.230000 
1.230300 
1.234000 
1.234100 
1.234800 
1.235300 
1.240700 
1.240800 
1.243500 
1.248300 
1.250300 
1.258200 
1.259500 
1.260900 
1.264500 
1.266200 
1.266300 
1.266500 
1.271300 
1.272100 
1.277500 
1.277700 
1.278500 
1.280200 
1.288400 
1.289200 
1.291500 
1.293200 
1.299000 
1.300500 
1.305900 
1.309500 
1.309800 
1.310500 
1.312100 
1.313700 
1.314000 
1.317600 
1.321100 
1.322000 
1.328400 
1.329300 
1.329800 
1.331400 
1.332800 
1.333900 
1.336300 
1.336800 
1.340500 
1.344200 
1.346200 
1.346500 
1.351300 
1.353700 
1.355200 
1.355400 
1.357500 
1.361500 
1.361800 
1.364400 
1.365100 
1.365700 
1.369000 
1.373500 
1.377200 
1.377900 
1.378300 
1.381100 
1.383100 
1.384800 
1.390100 
1.390300 
1.392700 
1.394100 
1.394900 
1.395600 
1.395800 
1.397500 
1.399700 
1.404800 
1.411400 
1.412000 
1.420000 
1.420900 
1.423400 
1.424300 
1.425100 
1.428300 
1.433500 
1.435500 
1.437700 
1.440200 
1.443300 
1.444200 
1.449500 
1.455000 
1.455900 
1.458000 
1.460000 
1.461200 
1.466300 
1.467400 
1.467500 
1.471800 
1.476600 
1.479700 
1.481800 
1.485300 
1.485500 
1.489100 
1.489100 
1.489400 
1.497300 
1.499700 
1.499900 
1.501100 
1.506500 
1.507500 
1.511100 
1.514000 
1.514200 
1.515300 
1.516200 
1.517900 
1.519600 
1.520200 
1.526300 
1.526900 
1.527500 
1.528500 
1.532800 
1.535200 
1.536100 
1.540000 
1.542000 
1.543700 
1.543700 
1.549500 
1.552700 
1.554600 
1.559100 
1.561800 
1.562500 
1.563300 
1.567300 
1.576700 
1.577000 
1.579200 
1.582900 
1.583200 
1.585900 
1.586100 
1.591800 
1.592900 
1.599700 
1.600500 
1.600900 
1.604800 
1.606700 
1.609600 
1.610300 
1.612400 
1.612600 
1.616400 
1.618500 
1.620400 
1.622500 
1.624400 
1.626300 
1.628500 
1.630900 
1.635700 
1.640000 
1.641400 
1.642000 
1.644900 
1.647800 
1.649600 
1.651300 
1.651800 
1.653200 
1.656100 
1.657700 
1.662300 
1.667100 
1.668900 
1.669500 
1.677200 
1.677900 
1.678300 
1.684400 
1.685400 
1.687100 
1.688900 
1.689800 
1.690100 
1.691700 
1.692700 
1.693800 
1.695500 
1.704800 
1.704900 
1.708500 
1.709700 
1.713300 
1.715300 
1.716400 
1.718200 
1.718400 
1.725800 
1.729200 
1.731700 
1.733700 
1.736200 
1.739000 
1.740700 
1.741600 
1.742800 
1.743300 
1.746300 
1.746500 
1.753500 
1.754000 
1.754300 
1.755300 
1.757100 
1.757400 
1.757800 
1.767300 
1.770700 
1.775000 
1.776200 
1.782100 
1.782900 
1.783200 
1.786700 
1.787700 
1.787700 
1.793400 
1.793400 
1.795900 
1.796900 
1.802200 
1.802700 
1.802900 
1.806600 
1.811600 
1.814500 
1.816100 
1.817700 
1.819800 
1.821900 
1.823200 
1.824800 
1.830300 
1.831500 
1.835800 
1.836700 
1.837600 
1.842000 
1.842600 
1.842900 
1.845500 
1.849000 
1.850600 
1.853200 
1.855600 
1.862100 
1.863000 
1.865100 
1.867600 
1.868900 
1.871800 
1.871900 
1.876600 
1.877000 
1.880000 
1.880800 
1.881300 
1.881700 
1.882700 
1.884100 
1.885500 
1.889400 
1.889600 
1.896900 
1.897600 
1.898400 
1.902900 
1.904500 
1.905800 
1.906100 
1.909700 
1.911600 
1.915000 
1.924500 
1.928200 
1.930500 
1.933000 
1.934900 
1.936300 
1.938300 
1.939900 
1.939900 
1.943100 
1.943400 
1.950300 
1.951200 
1.951300 
1.957300 
1.961100 
1.962100 
1.963800 
1.968500 
1.971000 
1.972500 
1.974500 
1.974700 
1.977300 
1.979200 
1.979900 
1.985700 
1.987400 
1.989100 
1.989900 
1.990500 
1.992300 
1.995100 
1.999300 
1.999400 
2.002000 
2.003600 
2.004500 
2.004900 
2.012700 
2.015700 
2.017800 
2.025400 
2.027400 
2.028700 
2.031400 
2.033100 
2.034000 
2.041800 
2.044200 
2.044400 
2.044500 
2.044600 
2.045200 
2.045700 
2.053400 
2.055300 
2.057900 
2.060300 
2.060500 
2.063800 
2.068400 
2.071400 
2.072300 
2.075900 
2.079500 
2.080600 
2.086400 
2.086400 
2.091400 
2.094100 
2.097100 
2.099300 
2.102600 
2.103600 
2.110600 
2.117200 
2.119700 
2.121700 
2.125700 
2.129900 
2.131200 
2.131400 
2.134600 
2.136100 
2.138300 
2.139700 
2.144000 
2.144600 
2.145300 
2.148100 
2.148900 
2.149000 
2.153200 
2.155200 
2.158600 
2.160700 
2.162000 
2.163200 
2.170100 
2.170600 
2.171700 
2.172100 
2.173400 
2.176000 
2.177400 
2.179700 
2.190400 
2.192600 
2.195000 
2.197800 
2.200300 
2.208900 
2.209800 
2.210000 
2.211500 
2.213700 
2.213800 
2.214200 
2.217500 
2.221600 
2.223100 
2.228600 
2.233500 
2.234300 
2.234700 
2.235500 
2.236200 
2.240300 
2.245000 
2.248800 
2.250300 
2.256200 
2.256700 
2.256700 
2.258200 
2.259200 
2.262800 
2.263400 
2.264500 
2.265200 
2.269100 
2.271600 
2.275100 
2.275100 
2.277300 
2.277400 
2.280000 
2.286800 
2.290600 
2.291300 
2.292500 
2.293800 
2.296100 
2.298800 
2.304600 
2.308500 
2.309800 
2.313600 
2.313600 
2.313700 
2.315600 
2.318600 
2.321000 
2.331300 
2.333800 
2.333900 
2.336100 
2.337000 
2.338900 
2.339700 
2.342000 
2.342300 
2.355500 
2.356200 
2.357600 
2.357800 
2.357900 
2.359600 
2.365500 
2.368300 
2.370300 
2.374300 
2.374800 
2.375500 
2.375900 
2.376800 
2.384200 
2.391600 
2.395300 
2.397100 
2.398800 
2.398800 
2.399800 
2.407000 
2.408600 
2.411000 
2.412500 
2.417200 
2.420500 
2.422100 
2.423500 
2.430500 
2.431800 
2.433500 
2.433800 
2.435700 
2.438500 
2.442500 
2.444200 
2.445900 
2.446500 
2.448200 
2.448300 
2.449500 
2.453000 
2.454200 
2.457300 
2.460500 
2.463800 
2.465800 
2.467500 
2.468000 
2.470400 
2.470700 
2.471300 
2.477700 
2.477700 
2.478400 
2.479500 
2.483000 
2.487600 
2.487900 
2.491300 
2.494100 
2.496800 
2.497200 
2.498800 
2.499000 
2.499600 
2.500800 
2.502900 
2.503100 
2.503200 
2.508600 
2.509600 
2.513300 
2.515500 
2.515700 
2.518300 
2.519800 
2.520600 
2.527500 
2.527500 
2.534200 
2.534900 
2.538600 
2.539400 
2.541000 
2.542000 
2.543600 
2.550500 
2.550500 
2.551700 
2.551800 
2.553000 
2.558400 
2.558800 
2.560200 
2.562500 
2.567600 
2.569700 
2.571900 
2.576700 
2.578200 
2.579000 
2.581600 
2.582500 
2.583300 
2.583500 
2.584300 
2.587600 
2.588100 
2.595300 
2.596600 
2.597600 
2.599000 
2.601800 
2.602600 
2.604600 
2.604600 
2.605000 
2.608500 
2.609100 
2.610400 
2.612300 
2.612300 
2.614100 
2.617400 
2.618700 
2.621500 
2.621900 
2.626900 
2.637000 
2.637100 
2.638500 
2.639000 
2.640800 
2.642100 
2.644500 
2.650300 
2.650600 
2.661200 
2.661300 
2.663100 
2.664300 
2.665200 
2.666700 
2.673000 
2.675500 
2.677100 
2.678000 
2.683100 
2.683600 
2.683900 
2.689300 
2.690200 
2.690400 
2.690600 
2.691300 
2.693200 
2.697900 
2.703600 
2.703900 
2.707800 
2.708500 
2.717500 
2.720700 
2.721800 
2.724400 
2.727700 
2.729500 
2.729900 
2.731000 
2.732200 
2.736200 
2.737100 
2.737400 
2.744300 
2.746300 
2.749200 
2.752300 
2.755300 
2.756500 
2.757500 
2.759400 
2.763400 
2.765800 
2.767000 
2.775200 
2.776100 
2.778000 
2.779600 
2.784500 
2.788100 
2.790800 
2.793600 
2.794200 
2.795400 
2.796000 
2.797900 
2.799200 
2.802900 
2.803500 
2.806400 
2.813300 
2.813700 
2.815000 
2.818900 
2.823500 
2.830100 
2.832300 
2.833200 
2.835800 
2.840000 
2.840100 
2.841400 
2.842500 
2.845300 
2.845600 
2.847500 
2.847800 
2.851300 
2.851700 
2.853100 
2.854900 
2.858300 
2.862300 
2.863300 
2.870500 
2.873700 
2.876200 
2.877400 
2.878100 
2.880500 
2.884700 
2.886400 
2.893800 
2.895700 
2.896300 
2.898300 
2.898900 
2.899600 
2.900400 
2.901700 
2.902800 
2.903800 
2.905300 
2.905300 
2.914700 
2.917400 
2.920500 
2.922300 
2.924400 
2.926200 
2.931400 
2.937200 
2.937800 
2.939100 
2.940300 
2.941700 
2.952400 
2.953100 
2.954200 
2.954800 
2.956600 
2.957300 
2.958000 
2.960900 
2.963400 
2.970500 
2.971400 
2.971800 
2.974300 
2.977900 
2.979800 
2.984200 
2.984700 
2.985000 
2.986400 
2.988300 
2.988800 
2.991800 
2.991900 
2.992400 
2.994300 
2.998500 
2.998800 
