0.016100 
0.048300 
0.048800 
0.069400 
0.073800 
0.079300 
0.079600 
0.096700 
0.111200 
0.113500 
0.123700 
0.127000 
0.142600 
0.143100 
0.143600 
0.151600 
0.158100 
0.158600 
0.174800 
0.179200 
0.197200 
0.209700 
0.240100 
0.242100 
0.256100 
0.267800 
0.273800 
0.306500 
0.310400 
0.319300 
0.322900 
0.325700 
0.335100 
0.340200 
0.370400 
0.378900 
0.381500 
0.383100 
0.383300 
0.383800 
0.390400 
0.390900 
0.399900 
0.401900 
0.405100 
0.417800 
0.436400 
0.459700 
0.464700 
0.469300 
0.479700 
0.479900 
0.483300 
0.483800 
0.508600 
0.529000 
0.530900 
0.539900 
0.545800 
0.563900 
0.568200 
0.570900 
0.577000 
0.590500 
0.595000 
0.613400 
0.620000 
0.630000 
0.633500 
0.640100 
0.641400 
0.646400 
0.648200 
0.658800 
0.659900 
0.676600 
0.694800 
0.701300 
0.707200 
0.709700 
0.710100 
0.738300 
0.739700 
0.743400 
0.749300 
0.764100 
0.772700 
0.776800 
0.790900 
0.808400 
0.814600 
0.823300 
0.824600 
0.825700 
0.836600 
0.845700 
0.850600 
0.851800 
0.855600 
0.858100 
0.860700 
0.887600 
0.894700 
0.903700 
0.905600 
0.907700 
0.911300 
0.926200 
0.928900 
0.930500 
0.948400 
0.951900 
0.968300 
0.979200 
0.987800 
0.990700 
1.002400 
1.005800 
1.024900 
1.026300 
1.028900 
1.034500 
1.035800 
1.037000 
1.041400 
1.049400 
1.060600 
1.075300 
1.076800 
1.077600 
1.081700 
1.083100 
1.090000 
1.101700 
1.116000 
1.118100 
1.122900 
1.130300 
1.138600 
1.139100 
1.154900 
1.170700 
1.178000 
1.183000 
1.185300 
1.200300 
1.210000 
1.221400 
1.221700 
1.233500 
1.248700 
1.249900 
1.269000 
1.274200 
1.275400 
1.276800 
1.287500 
1.296800 
1.323100 
1.339500 
1.341200 
1.342900 
1.362600 
1.369500 
1.383900 
1.396700 
1.400000 
1.404200 
1.417500 
1.418600 
1.423500 
1.425800 
1.434000 
1.441000 
1.447100 
1.468200 
1.469000 
1.486700 
1.489000 
1.497700 
1.499700 
1.506700 
1.515900 
1.528100 
1.539400 
1.543100 
1.550700 
1.562300 
1.566200 
1.567400 
1.567900 
1.571800 
1.575400 
1.580500 
1.581800 
1.586700 
1.607400 
1.609500 
1.611100 
1.613000 
1.638400 
1.642400 
1.659000 
1.660800 
1.669400 
1.670100 
1.680100 
1.691200 
1.701400 
1.707900 
1.707900 
1.717500 
1.720400 
1.725500 
1.729100 
1.750400 
1.750900 
1.751600 
1.760700 
1.760900 
1.771200 
1.773300 
1.789200 
1.794900 
1.797700 
1.800700 
1.815100 
1.816600 
1.823300 
1.834400 
1.836500 
1.837700 
1.841000 
1.851300 
1.866600 
1.869300 
1.878000 
1.887600 
1.889100 
1.905100 
1.906300 
1.907100 
1.910700 
1.921100 
1.944400 
1.964600 
1.966000 
1.980000 
1.984400 
1.993100 
1.994700 
1.999200 
2.007300 
2.008900 
2.015800 
2.035300 
2.036600 
2.039900 
2.043700 
2.045700 
2.057300 
2.059500 
2.060500 
2.061500 
2.092200 
2.095400 
2.095400 
2.096800 
2.097200 
2.099800 
2.112000 
2.119200 
2.123900 
2.136300 
2.139000 
2.152900 
2.159300 
2.175600 
2.177700 
2.182300 
2.183700 
2.192000 
2.197600 
2.197900 
2.214600 
2.227600 
2.229400 
2.239900 
2.247800 
2.256000 
2.275400 
2.276200 
2.277100 
2.280300 
2.282200 
2.294600 
2.301400 
2.310900 
2.313700 
2.320500 
2.323900 
2.342700 
2.344300 
2.344500 
2.361100 
2.364400 
2.366400 
2.368200 
2.369200 
2.377100 
2.380600 
2.382900 
2.397500 
2.398800 
2.402500 
2.411100 
2.412200 
2.420500 
2.428400 
2.429400 
2.432900 
2.437800 
2.446700 
2.454500 
2.459400 
2.461000 
2.463600 
2.465000 
2.476500 
2.510000 
2.512400 
2.524500 
2.530200 
2.532600 
2.533400 
2.539900 
2.546200 
2.561600 
2.567200 
2.580600 
2.585100 
2.590200 
2.592200 
2.599500 
2.601500 
2.605200 
2.605500 
2.621000 
2.624600 
2.634800 
2.649000 
2.657600 
2.660100 
2.671400 
2.691900 
2.692400 
2.700800 
2.702100 
2.713200 
2.717600 
2.738800 
2.740400 
2.740900 
2.747000 
2.763000 
2.763700 
2.765600 
2.780000 
2.780100 
2.781300 
2.782700 
2.784100 
2.790800 
2.805400 
2.807900 
2.809400 
2.821600 
2.827900 
2.843600 
2.843700 
2.847800 
2.862300 
2.865000 
2.875100 
2.886600 
2.889000 
2.893800 
2.896200 
2.902500 
2.914900 
2.920100 
2.945900 
2.967100 
2.969200 
2.977000 
2.988300 
2.993200 
