89 
80 
92 
47 
82 
15 
4 
27 
96 
37 
75 
39 
48 
6 
3 
49 
91 
94 
64 
47 
21 
86 
79 
51 
75 
39 
78 
97 
23 
6 
34 
68 
0 
19 
10 
22 
80 
61 
60 
73 
71 
17 
16 
36 
92 
0 
27 
6 
51 
45 
33 
91 
28 
0 
80 
100 
42 
73 
63 
75 
88 
59 
60 
32 
39 
78 
94 
42 
45 
92 
6 
82 
22 
53 
4 
80 
61 
84 
27 
33 
81 
9 
71 
83 
51 
0 
60 
88 
39 
86 
45 
32 
78 
20 
36 
61 
11 
80 
27 
0 
51 
84 
42 
82 
66 
71 
97 
4 
78 
31 
26 
9 
32 
47 
49 
75 
60 
19 
83 
39 
92 
50 
14 
81 
33 
79 
45 
51 
0 
41 
64 
84 
68 
9 
40 
53 
74 
2 
100 
27 
72 
82 
92 
34 
17 
78 
69 
91 
0 
83 
27 
51 
70 
6 
59 
86 
63 
45 
80 
74 
3 
23 
92 
9 
54 
39 
60 
27 
61 
7 
42 
77 
78 
55 
82 
89 
0 
22 
70 
73 
4 
65 
92 
69 
39 
66 
45 
78 
24 
27 
84 
91 
33 
9 
60 
82 
59 
0 
88 
50 
42 
81 
2 
6 
96 
70 
84 
78 
75 
69 
7 
39 
91 
28 
73 
82 
51 
60 
89 
50 
55 
59 
4 
63 
70 
0 
84 
3 
18 
78 
88 
51 
2 
66 
27 
56 
6 
70 
28 
0 
23 
39 
1 
80 
60 
19 
54 
92 
78 
22 
59 
42 
36 
72 
50 
89 
95 
82 
71 
4 
85 
94 
53 
62 
77 
18 
86 
74 
70 
78 
51 
49 
84 
54 
82 
27 
96 
0 
4 
71 
6 
88 
37 
90 
69 
95 
51 
60 
80 
91 
92 
50 
75 
55 
15 
33 
3 
78 
74 
53 
49 
27 
7 
89 
51 
61 
97 
0 
92 
39 
77 
94 
28 
52 
2 
85 
88 
80 
60 
73 
66 
41 
78 
75 
70 
9 
81 
51 
79 
4 
95 
15 
42 
52 
96 
91 
69 
16 
6 
22 
5 
84 
27 
78 
70 
11 
80 
41 
73 
33 
94 
28 
48 
59 
53 
89 
60 
83 
78 
49 
75 
21 
64 
88 
45 
92 
74 
66 
80 
0 
42 
91 
51 
82 
41 
6 
71 
9 
81 
73 
66 
33 
59 
61 
91 
50 
92 
78 
82 
95 
42 
83 
55 
80 
20 
49 
6 
79 
88 
39 
51 
84 
19 
27 
75 
9 
5 
81 
60 
10 
78 
77 
70 
27 
95 
24 
74 
66 
26 
39 
6 
80 
65 
92 
52 
77 
2 
51 
99 
78 
59 
82 
34 
66 
3 
7 
81 
56 
62 
11 
20 
27 
74 
91 
72 
94 
49 
46 
33 
92 
60 
95 
51 
75 
81 
39 
61 
82 
59 
85 
30 
21 
19 
54 
7 
35 
27 
66 
71 
4 
36 
76 
97 
48 
88 
2 
50 
45 
75 
6 
5 
7 
86 
80 
73 
36 
64 
83 
92 
95 
39 
72 
1 
55 
60 
58 
78 
42 
10 
59 
22 
45 
55 
26 
36 
70 
76 
82 
80 
7 
89 
81 
60 
14 
51 
0 
95 
88 
3 
32 
75 
9 
27 
72 
78 
33 
86 
82 
24 
47 
92 
2 
61 
9 
42 
91 
88 
78 
94 
80 
50 
39 
59 
27 
84 
70 
69 
86 
73 
82 
92 
51 
60 
74 
90 
2 
78 
58 
20 
19 
83 
66 
81 
80 
69 
82 
72 
59 
39 
43 
15 
51 
94 
55 
9 
95 
78 
70 
33 
92 
54 
66 
32 
60 
73 
69 
96 
37 
81 
89 
82 
80 
78 
42 
74 
50 
43 
92 
70 
6 
22 
51 
0 
83 
75 
45 
49 
20 
14 
86 
96 
10 
73 
94 
63 
42 
82 
72 
80 
2 
78 
39 
66 
64 
71 
89 
92 
0 
54 
100 
72 
48 
61 
6 
77 
2 
16 
28 
42 
58 
47 
79 
73 
23 
22 
91 
94 
27 
41 
80 
51 
93 
24 
76 
32 
8 
39 
60 
35 
78 
66 
69 
90 
6 
53 
17 
23 
87 
30 
68 
70 
84 
96 
95 
5 
61 
92 
51 
41 
64 
78 
89 
0 
46 
80 
33 
91 
18 
27 
66 
39 
63 
82 
80 
48 
78 
42 
41 
60 
92 
26 
101 
3 
86 
53 
7 
57 
0 
47 
27 
55 
19 
45 
15 
81 
66 
6 
51 
68 
74 
25 
92 
82 
61 
42 
59 
80 
0 
36 
55 
78 
10 
24 
19 
48 
7 
6 
41 
43 
27 
73 
16 
47 
20 
88 
75 
71 
33 
0 
51 
99 
46 
24 
79 
2 
80 
82 
60 
84 
55 
61 
6 
36 
78 
81 
26 
3 
39 
76 
45 
71 
96 
50 
18 
7 
95 
66 
92 
100 
61 
73 
60 
69 
0 
46 
63 
91 
16 
5 
82 
41 
49 
80 
71 
64 
75 
51 
74 
19 
83 
81 
84 
2 
39 
0 
9 
95 
18 
24 
78 
33 
45 
14 
51 
61 
69 
92 
82 
47 
7 
70 
27 
86 
0 
89 
42 
18 
75 
78 
73 
36 
80 
4 
100 
9 
27 
37 
2 
60 
63 
6 
61 
66 
76 
49 
51 
33 
15 
50 
54 
81 
39 
75 
60 
13 
78 
27 
2 
4 
26 
58 
77 
10 
68 
82 
69 
92 
74 
9 
99 
80 
19 
40 
42 
70 
29 
91 
71 
60 
35 
66 
78 
38 
45 
92 
27 
75 
39 
6 
10 
53 
54 
82 
36 
42 
86 
83 
9 
80 
48 
71 
3 
2 
55 
1 
70 
47 
27 
73 
82 
60 
19 
56 
78 
72 
10 
91 
4 
52 
42 
54 
33 
6 
0 
51 
80 
92 
48 
13 
24 
61 
38 
20 
58 
36 
59 
69 
39 
0 
91 
60 
47 
80 
78 
75 
2 
6 
61 
9 
19 
66 
45 
42 
69 
78 
3 
18 
27 
80 
71 
0 
82 
86 
75 
95 
28 
78 
92 
42 
91 
6 
27 
83 
19 
73 
50 
32 
69 
59 
39 
78 
76 
0 
66 
33 
9 
61 
20 
91 
82 
99 
71 
2 
70 
80 
96 
92 
42 
81 
78 
95 
27 
39 
77 
7 
83 
61 
49 
71 
66 
89 
4 
11 
73 
33 
50 
2 
48 
9 
84 
39 
78 
46 
51 
81 
22 
72 
7 
94 
54 
36 
80 
84 
91 
95 
47 
1 
96 
32 
69 
78 
86 
71 
90 
5 
73 
82 
19 
51 
2 
61 
89 
60 
0 
39 
35 
78 
10 
95 
28 
26 
22 
80 
27 
82 
19 
54 
18 
6 
73 
33 
60 
64 
9 
36 
0 
101 
70 
14 
86 
7 
1 
11 
80 
92 
27 
75 
65 
39 
51 
66 
74 
22 
0 
78 
61 
16 
88 
41 
91 
94 
11 
40 
42 
82 
6 
89 
78 
70 
26 
80 
84 
60 
75 
51 
39 
69 
37 
1 
45 
73 
81 
92 
27 
61 
74 
47 
78 
6 
0 
41 
48 
80 
71 
58 
50 
70 
17 
33 
46 
39 
91 
78 
74 
2 
11 
27 
55 
88 
85 
70 
4 
42 
80 
33 
74 
39 
60 
19 
23 
78 
82 
40 
54 
51 
94 
6 
5 
69 
79 
61 
90 
81 
71 
73 
92 
80 
20 
86 
51 
84 
74 
2 
66 
70 
39 
91 
68 
13 
95 
90 
41 
53 
92 
30 
99 
77 
36 
24 
70 
75 
4 
81 
69 
6 
35 
79 
64 
2 
39 
78 
38 
76 
91 
19 
51 
0 
27 
29 
92 
82 
87 
80 
11 
42 
33 
55 
83 
39 
60 
30 
19 
61 
15 
86 
48 
78 
6 
80 
11 
92 
3 
51 
69 
33 
90 
39 
59 
101 
82 
60 
10 
22 
74 
73 
41 
71 
61 
19 
27 
75 
55 
69 
0 
13 
49 
91 
23 
26 
2 
71 
27 
46 
70 
1 
57 
86 
92 
6 
53 
38 
20 
45 
29 
66 
42 
82 
78 
84 
51 
27 
58 
91 
64 
80 
2 
0 
8 
41 
39 
60 
92 
48 
61 
89 
66 
30 
42 
32 
29 
33 
78 
91 
58 
45 
3 
51 
21 
27 
0 
41 
20 
24 
73 
80 
35 
82 
92 
88 
13 
71 
66 
78 
31 
74 
83 
64 
96 
61 
51 
48 
80 
73 
39 
9 
2 
94 
22 
71 
70 
84 
82 
8 
6 
27 
36 
96 
92 
66 
35 
86 
48 
59 
80 
42 
2 
51 
11 
55 
78 
0 
90 
91 
75 
46 
89 
58 
41 
6 
69 
39 
47 
24 
94 
85 
74 
27 
19 
2 
88 
45 
78 
82 
25 
4 
95 
86 
59 
10 
80 
66 
81 
0 
75 
41 
72 
101 
60 
91 
18 
92 
24 
70 
73 
55 
62 
63 
39 
51 
27 
22 
82 
36 
20 
38 
35 
47 
4 
95 
2 
27 
51 
78 
59 
0 
90 
92 
37 
71 
69 
75 
66 
80 
96 
81 
73 
41 
94 
101 
27 
82 
87 
92 
8 
74 
80 
78 
91 
18 
20 
34 
6 
79 
0 
86 
29 
84 
48 
24 
33 
96 
88 
94 
27 
66 
72 
92 
51 
30 
36 
39 
45 
73 
101 
0 
82 
47 
35 
81 
18 
91 
3 
80 
94 
84 
9 
78 
89 
51 
54 
69 
75 
61 
42 
80 
82 
39 
90 
66 
49 
83 
0 
78 
79 
73 
92 
94 
27 
81 
51 
60 
16 
96 
50 
71 
69 
42 
90 
34 
28 
22 
82 
4 
60 
9 
51 
39 
74 
6 
80 
36 
66 
33 
92 
100 
96 
73 
15 
58 
101 
2 
39 
5 
20 
13 
61 
36 
50 
84 
99 
2 
49 
90 
96 
18 
47 
0 
24 
60 
51 
54 
9 
78 
66 
39 
89 
70 
82 
42 
75 
25 
2 
11 
0 
55 
68 
80 
78 
28 
91 
49 
71 
73 
19 
72 
6 
81 
51 
33 
32 
61 
39 
54 
82 
17 
27 
74 
22 
95 
94 
70 
72 
2 
42 
78 
73 
9 
18 
84 
91 
81 
51 
30 
50 
66 
21 
55 
69 
19 
28 
47 
62 
101 
24 
20 
74 
39 
41 
71 
7 
60 
6 
19 
9 
91 
45 
49 
3 
96 
37 
34 
42 
0 
2 
86 
40 
78 
64 
51 
94 
82 
79 
100 
1 
69 
75 
92 
36 
71 
7 
84 
47 
91 
4 
77 
81 
27 
60 
70 
66 
51 
2 
58 
68 
0 
82 
92 
21 
24 
39 
41 
86 
45 
64 
79 
29 
80 
42 
73 
9 
78 
47 
28 
50 
94 
90 
7 
11 
66 
60 
0 
91 
75 
61 
84 
70 
95 
32 
58 
49 
82 
83 
78 
79 
54 
17 
24 
10 
30 
81 
87 
39 
99 
27 
92 
48 
26 
33 
78 
89 
2 
60 
84 
0 
11 
81 
91 
56 
95 
6 
73 
78 
72 
22 
51 
50 
18 
47 
74 
90 
88 
45 
83 
84 
92 
29 
28 
2 
9 
70 
69 
80 
78 
71 
1 
27 
6 
90 
0 
86 
60 
92 
33 
45 
82 
38 
75 
96 
54 
47 
61 
0 
7 
28 
78 
27 
80 
66 
91 
4 
92 
49 
73 
22 
58 
9 
61 
14 
80 
81 
75 
47 
60 
89 
82 
41 
33 
31 
84 
39 
27 
9 
1 
10 
22 
0 
18 
74 
23 
42 
60 
6 
73 
48 
80 
92 
81 
64 
51 
20 
100 
68 
70 
54 
63 
27 
91 
13 
11 
4 
0 
41 
22 
75 
39 
1 
35 
81 
92 
73 
6 
34 
2 
74 
51 
69 
88 
87 
27 
95 
68 
0 
7 
10 
66 
60 
54 
38 
82 
71 
74 
91 
41 
22 
39 
92 
45 
95 
61 
73 
96 
59 
4 
58 
2 
78 
48 
53 
60 
89 
0 
49 
92 
90 
71 
51 
6 
56 
27 
82 
17 
66 
74 
45 
70 
39 
73 
91 
86 
101 
18 
31 
78 
9 
60 
27 
89 
80 
10 
66 
15 
82 
60 
0 
7 
75 
83 
57 
72 
10 
19 
39 
42 
41 
78 
27 
80 
2 
1 
51 
94 
47 
85 
0 
36 
74 
90 
33 
3 
9 
51 
61 
66 
72 
101 
27 
6 
88 
81 
80 
86 
84 
30 
82 
78 
59 
94 
39 
34 
90 
61 
15 
36 
98 
42 
33 
11 
100 
80 
78 
60 
75 
92 
81 
47 
9 
48 
91 
27 
61 
95 
7 
65 
0 
84 
51 
36 
46 
80 
18 
4 
78 
92 
15 
75 
33 
24 
88 
10 
82 
91 
100 
54 
0 
59 
60 
69 
72 
19 
28 
98 
7 
86 
51 
84 
71 
61 
92 
78 
22 
93 
89 
65 
9 
60 
42 
82 
2 
10 
80 
95 
0 
29 
6 
76 
61 
51 
69 
34 
48 
7 
27 
33 
45 
59 
78 
91 
83 
42 
86 
15 
2 
0 
82 
92 
41 
101 
28 
94 
73 
49 
60 
53 
51 
88 
40 
2 
34 
35 
47 
84 
6 
80 
45 
75 
46 
66 
27 
78 
82 
60 
61 
34 
21 
51 
91 
55 
81 
71 
80 
9 
0 
66 
88 
49 
86 
84 
78 
39 
29 
82 
75 
45 
4 
92 
47 
36 
38 
2 
42 
5 
46 
80 
83 
55 
95 
19 
0 
81 
18 
35 
59 
94 
70 
71 
75 
15 
39 
69 
84 
6 
28 
92 
101 
51 
82 
60 
25 
47 
78 
88 
20 
54 
26 
0 
73 
2 
71 
42 
80 
66 
94 
27 
75 
49 
63 
9 
1 
78 
80 
91 
82 
86 
26 
39 
51 
0 
6 
70 
33 
2 
75 
18 
54 
50 
81 
36 
42 
66 
4 
78 
34 
92 
73 
47 
59 
80 
84 
60 
30 
75 
27 
2 
87 
82 
78 
71 
1 
95 
96 
85 
13 
7 
90 
92 
20 
77 
0 
41 
50 
69 
54 
33 
89 
80 
51 
61 
39 
60 
22 
84 
95 
18 
70 
0 
80 
78 
96 
75 
47 
51 
7 
34 
20 
95 
41 
4 
73 
66 
39 
5 
32 
82 
29 
96 
92 
15 
84 
7 
0 
6 
99 
70 
80 
11 
50 
8 
2 
51 
73 
69 
41 
81 
27 
78 
90 
39 
92 
0 
26 
64 
53 
59 
77 
47 
58 
41 
15 
61 
27 
95 
72 
39 
86 
88 
100 
73 
69 
75 
60 
92 
80 
78 
62 
6 
82 
51 
0 
50 
3 
86 
54 
52 
32 
34 
85 
58 
42 
91 
78 
84 
51 
61 
30 
33 
92 
69 
80 
27 
11 
68 
4 
0 
88 
39 
71 
78 
89 
51 
15 
99 
70 
76 
61 
50 
90 
7 
60 
92 
0 
95 
69 
66 
51 
82 
41 
78 
9 
100 
2 
35 
88 
11 
30 
84 
1 
98 
96 
15 
59 
22 
75 
46 
51 
63 
73 
81 
78 
47 
80 
60 
39 
82 
95 
27 
90 
6 
0 
41 
31 
65 
61 
62 
73 
9 
66 
78 
2 
11 
15 
6 
80 
51 
69 
84 
89 
0 
33 
91 
39 
81 
37 
36 
60 
94 
27 
41 
92 
83 
78 
77 
90 
73 
79 
51 
18 
55 
64 
80 
71 
63 
60 
89 
96 
95 
15 
34 
78 
100 
33 
6 
8 
81 
42 
2 
51 
84 
37 
93 
5 
88 
22 
69 
61 
27 
71 
24 
66 
13 
31 
75 
82 
6 
73 
78 
35 
7 
56 
18 
59 
2 
95 
72 
34 
92 
84 
60 
71 
66 
22 
79 
27 
97 
4 
39 
23 
87 
51 
95 
0 
78 
6 
42 
2 
33 
92 
41 
84 
94 
80 
77 
89 
34 
47 
91 
51 
85 
9 
72 
44 
81 
71 
75 
60 
7 
22 
73 
16 
32 
90 
27 
51 
65 
39 
78 
33 
59 
42 
81 
25 
66 
0 
56 
61 
80 
2 
88 
37 
92 
100 
79 
11 
71 
39 
0 
61 
51 
74 
83 
90 
96 
2 
86 
78 
27 
20 
73 
75 
22 
40 
29 
60 
51 
70 
25 
48 
47 
88 
55 
41 
61 
78 
2 
95 
89 
66 
99 
6 
91 
0 
19 
9 
79 
80 
32 
36 
65 
27 
24 
71 
51 
7 
45 
90 
26 
82 
15 
42 
92 
60 
77 
66 
65 
46 
69 
33 
0 
86 
2 
84 
55 
78 
23 
61 
47 
51 
22 
39 
41 
80 
71 
91 
54 
20 
96 
78 
18 
1 
82 
81 
60 
66 
51 
75 
42 
70 
30 
48 
4 
26 
7 
78 
19 
55 
39 
0 
72 
60 
61 
82 
27 
45 
51 
91 
18 
66 
35 
3 
42 
95 
36 
81 
0 
78 
6 
92 
84 
82 
75 
33 
13 
61 
27 
65 
70 
48 
28 
58 
71 
42 
88 
51 
60 
47 
79 
11 
18 
74 
78 
19 
0 
35 
92 
24 
33 
16 
50 
37 
73 
86 
39 
22 
83 
2 
78 
81 
60 
35 
42 
0 
11 
99 
28 
74 
80 
50 
6 
7 
95 
66 
92 
24 
70 
101 
75 
41 
60 
84 
47 
2 
49 
30 
51 
36 
42 
90 
78 
64 
81 
59 
20 
27 
91 
18 
46 
17 
82 
85 
96 
61 
19 
78 
50 
39 
42 
86 
60 
80 
83 
54 
47 
51 
58 
30 
0 
71 
27 
19 
92 
78 
81 
80 
50 
3 
73 
74 
75 
7 
82 
42 
86 
18 
51 
91 
66 
37 
78 
89 
47 
96 
22 
80 
60 
92 
27 
1 
94 
85 
95 
2 
71 
11 
25 
49 
24 
78 
64 
82 
65 
75 
20 
34 
50 
52 
51 
84 
32 
74 
0 
27 
80 
2 
45 
91 
33 
69 
41 
60 
72 
88 
92 
90 
82 
95 
96 
66 
58 
0 
77 
39 
28 
73 
38 
2 
80 
91 
60 
6 
69 
84 
92 
81 
70 
71 
0 
4 
11 
27 
9 
75 
15 
92 
10 
95 
41 
73 
80 
38 
53 
51 
78 
61 
82 
50 
63 
19 
84 
88 
39 
59 
94 
55 
92 
73 
49 
72 
79 
78 
23 
18 
41 
0 
46 
96 
4 
86 
69 
80 
6 
51 
101 
90 
24 
60 
28 
65 
89 
2 
78 
88 
80 
0 
1 
42 
61 
20 
92 
66 
32 
27 
73 
101 
6 
10 
81 
72 
82 
71 
45 
28 
15 
92 
36 
55 
0 
29 
78 
33 
63 
96 
9 
50 
8 
46 
22 
79 
51 
69 
80 
81 
60 
6 
45 
24 
66 
94 
27 
36 
39 
59 
35 
86 
2 
84 
87 
49 
92 
30 
78 
75 
15 
10 
9 
60 
0 
22 
34 
77 
27 
66 
51 
50 
82 
2 
6 
78 
4 
45 
39 
54 
21 
74 
72 
28 
91 
95 
92 
0 
18 
100 
71 
83 
2 
47 
78 
66 
81 
82 
40 
96 
39 
46 
80 
36 
61 
92 
75 
2 
74 
60 
35 
51 
42 
79 
82 
41 
90 
6 
4 
72 
53 
45 
10 
28 
88 
9 
60 
70 
78 
66 
96 
0 
27 
18 
3 
51 
20 
86 
75 
40 
82 
1 
69 
60 
68 
95 
90 
94 
46 
47 
39 
55 
92 
6 
9 
54 
89 
33 
78 
24 
32 
59 
74 
10 
75 
51 
2 
80 
96 
18 
66 
27 
38 
13 
36 
79 
81 
68 
69 
61 
78 
83 
101 
51 
80 
39 
82 
9 
11 
77 
6 
15 
20 
3 
4 
36 
37 
92 
51 
0 
60 
91 
53 
28 
61 
94 
81 
78 
75 
96 
82 
10 
39 
84 
77 
97 
54 
80 
56 
74 
100 
63 
55 
89 
45 
79 
11 
75 
78 
86 
49 
92 
6 
51 
2 
22 
27 
81 
10 
48 
80 
84 
66 
90 
42 
77 
0 
69 
88 
24 
29 
94 
52 
82 
72 
78 
75 
74 
98 
51 
73 
6 
4 
60 
92 
47 
58 
84 
80 
23 
86 
9 
49 
41 
39 
78 
95 
92 
19 
4 
48 
0 
77 
70 
91 
47 
80 
88 
26 
10 
72 
53 
18 
42 
7 
27 
2 
78 
51 
69 
39 
66 
92 
6 
60 
79 
50 
15 
34 
78 
55 
19 
46 
75 
88 
51 
36 
73 
80 
32 
64 
0 
23 
33 
47 
2 
91 
9 
70 
72 
20 
42 
59 
80 
84 
92 
69 
83 
24 
55 
41 
81 
6 
71 
40 
78 
88 
26 
0 
50 
87 
39 
47 
15 
74 
84 
2 
18 
36 
60 
82 
80 
27 
71 
54 
1 
6 
46 
69 
78 
42 
0 
41 
61 
25 
55 
51 
29 
83 
92 
32 
82 
78 
73 
86 
19 
58 
95 
0 
16 
81 
48 
70 
39 
59 
80 
6 
51 
23 
0 
27 
15 
75 
78 
100 
39 
35 
101 
82 
59 
54 
73 
36 
6 
28 
4 
60 
40 
78 
66 
42 
15 
91 
51 
16 
57 
9 
73 
78 
80 
101 
83 
29 
92 
70 
48 
95 
27 
77 
65 
88 
38 
64 
74 
39 
9 
51 
0 
24 
41 
66 
99 
72 
75 
59 
60 
2 
36 
78 
6 
94 
26 
51 
92 
82 
70 
88 
0 
46 
79 
101 
61 
69 
27 
53 
75 
86 
78 
83 
24 
62 
90 
63 
88 
47 
49 
73 
81 
69 
92 
42 
25 
18 
45 
60 
33 
30 
15 
87 
78 
6 
66 
39 
24 
23 
0 
89 
50 
42 
51 
92 
27 
90 
80 
7 
28 
33 
55 
78 
92 
59 
60 
20 
9 
51 
2 
66 
5 
73 
61 
83 
49 
95 
82 
75 
27 
15 
94 
6 
0 
89 
2 
51 
37 
32 
91 
92 
60 
70 
78 
84 
83 
55 
41 
95 
81 
0 
27 
54 
39 
82 
58 
48 
88 
61 
85 
20 
74 
69 
26 
38 
60 
66 
72 
2 
84 
51 
90 
92 
36 
24 
78 
23 
28 
47 
39 
72 
80 
70 
0 
42 
81 
11 
2 
60 
32 
78 
66 
87 
9 
34 
96 
15 
100 
90 
22 
61 
5 
92 
58 
0 
78 
6 
23 
51 
80 
73 
91 
49 
66 
27 
55 
81 
39 
95 
33 
77 
42 
0 
60 
36 
64 
4 
78 
86 
66 
51 
84 
45 
82 
34 
92 
16 
80 
23 
14 
10 
39 
15 
22 
5 
95 
4 
19 
60 
78 
27 
59 
73 
85 
2 
70 
69 
35 
42 
83 
55 
95 
81 
92 
0 
100 
41 
66 
58 
80 
51 
6 
95 
75 
32 
84 
78 
55 
0 
42 
82 
24 
27 
2 
71 
28 
90 
61 
39 
1 
70 
81 
18 
66 
6 
72 
51 
78 
75 
4 
80 
84 
92 
27 
39 
41 
86 
2 
95 
91 
7 
34 
45 
46 
90 
27 
49 
33 
50 
40 
80 
61 
9 
78 
11 
92 
41 
47 
82 
70 
69 
81 
13 
6 
24 
101 
27 
91 
86 
51 
45 
75 
73 
19 
80 
60 
95 
33 
49 
84 
0 
78 
38 
39 
81 
37 
83 
92 
51 
54 
41 
55 
70 
86 
20 
78 
71 
72 
42 
75 
66 
39 
9 
60 
94 
61 
19 
91 
5 
51 
80 
92 
0 
41 
32 
24 
84 
39 
75 
78 
10 
69 
42 
59 
6 
73 
86 
17 
54 
22 
77 
82 
90 
80 
15 
66 
47 
60 
51 
92 
84 
34 
33 
3 
28 
78 
83 
75 
37 
69 
26 
42 
41 
45 
50 
0 
27 
6 
15 
65 
95 
91 
86 
78 
34 
51 
79 
84 
2 
33 
77 
80 
78 
70 
28 
69 
66 
82 
88 
51 
92 
50 
42 
75 
91 
27 
6 
60 
47 
30 
0 
20 
76 
95 
81 
78 
2 
101 
49 
39 
90 
92 
35 
66 
93 
72 
88 
32 
51 
6 
34 
11 
22 
60 
69 
26 
78 
71 
45 
80 
91 
20 
84 
7 
41 
4 
66 
92 
3 
2 
48 
78 
27 
65 
1 
15 
83 
29 
42 
37 
0 
80 
11 
39 
81 
41 
60 
33 
13 
69 
28 
6 
91 
84 
42 
45 
66 
73 
59 
60 
38 
88 
72 
37 
27 
55 
61 
80 
24 
8 
22 
18 
82 
83 
36 
0 
89 
50 
51 
66 
47 
4 
92 
15 
42 
69 
100 
61 
70 
77 
80 
91 
41 
90 
39 
59 
45 
78 
81 
42 
80 
51 
86 
53 
92 
83 
82 
69 
66 
9 
39 
6 
2 
84 
73 
61 
24 
4 
75 
96 
80 
60 
59 
31 
33 
78 
22 
45 
27 
87 
2 
50 
49 
48 
51 
42 
91 
14 
78 
69 
92 
66 
23 
53 
86 
24 
1 
89 
6 
80 
29 
78 
19 
75 
39 
94 
27 
60 
34 
71 
30 
81 
35 
82 
36 
96 
88 
72 
51 
95 
42 
2 
78 
91 
90 
1 
27 
74 
39 
101 
82 
61 
26 
53 
32 
51 
90 
92 
9 
30 
10 
80 
6 
59 
71 
78 
75 
29 
70 
47 
65 
39 
89 
42 
80 
63 
54 
2 
91 
90 
92 
83 
16 
40 
82 
61 
34 
78 
59 
27 
60 
36 
51 
6 
96 
71 
39 
74 
55 
42 
37 
95 
89 
3 
45 
77 
63 
88 
54 
62 
51 
84 
92 
14 
33 
7 
60 
27 
11 
82 
56 
78 
80 
19 
51 
42 
95 
69 
39 
94 
1 
80 
92 
53 
6 
27 
41 
82 
11 
70 
35 
88 
13 
51 
96 
61 
2 
92 
58 
66 
72 
75 
90 
42 
59 
39 
47 
15 
80 
78 
37 
60 
27 
7 
70 
48 
99 
50 
32 
11 
2 
4 
61 
92 
35 
33 
90 
80 
25 
83 
91 
45 
9 
75 
84 
51 
60 
73 
101 
82 
0 
42 
28 
47 
59 
78 
33 
74 
20 
95 
27 
60 
88 
10 
1 
101 
66 
94 
92 
0 
8 
7 
45 
30 
50 
95 
15 
51 
38 
71 
47 
84 
75 
82 
90 
39 
49 
34 
41 
42 
91 
92 
74 
78 
22 
96 
60 
11 
85 
14 
36 
59 
95 
72 
10 
23 
75 
30 
80 
63 
84 
38 
27 
51 
91 
81 
86 
18 
33 
69 
78 
49 
45 
94 
9 
55 
74 
0 
92 
6 
81 
36 
101 
39 
61 
50 
2 
66 
71 
67 
47 
59 
30 
36 
78 
72 
65 
0 
41 
54 
91 
24 
85 
17 
89 
6 
28 
42 
51 
3 
39 
2 
60 
68 
37 
87 
90 
11 
66 
70 
0 
78 
94 
45 
41 
72 
27 
47 
60 
95 
7 
74 
88 
92 
51 
73 
42 
84 
70 
61 
78 
94 
53 
71 
74 
92 
50 
6 
82 
66 
22 
60 
80 
84 
95 
27 
0 
2 
89 
94 
73 
59 
58 
49 
83 
70 
41 
36 
77 
78 
6 
92 
80 
101 
23 
30 
74 
39 
0 
45 
91 
11 
84 
96 
27 
36 
81 
92 
60 
41 
77 
35 
0 
71 
75 
78 
80 
66 
69 
22 
61 
86 
6 
88 
58 
14 
51 
91 
42 
56 
82 
27 
59 
39 
0 
78 
3 
36 
95 
54 
41 
2 
6 
80 
61 
96 
92 
69 
42 
73 
4 
60 
51 
1 
98 
45 
80 
76 
57 
39 
47 
24 
62 
11 
78 
41 
9 
22 
6 
92 
84 
88 
27 
91 
78 
0 
66 
39 
81 
82 
92 
84 
42 
51 
9 
47 
61 
70 
71 
7 
74 
46 
72 
33 
2 
28 
80 
90 
0 
53 
27 
39 
44 
11 
55 
66 
54 
6 
51 
92 
100 
61 
58 
45 
41 
80 
15 
42 
18 
81 
0 
82 
39 
2 
35 
75 
92 
51 
60 
78 
91 
27 
69 
73 
84 
41 
63 
76 
74 
39 
66 
78 
20 
101 
17 
51 
40 
0 
8 
27 
71 
39 
34 
19 
70 
75 
94 
73 
92 
2 
47 
80 
88 
59 
95 
41 
22 
60 
51 
69 
84 
87 
36 
10 
27 
0 
55 
101 
78 
4 
26 
86 
17 
53 
64 
96 
92 
15 
59 
80 
88 
72 
90 
69 
75 
73 
42 
0 
9 
40 
6 
76 
91 
66 
27 
54 
82 
92 
61 
47 
70 
83 
4 
84 
21 
55 
39 
68 
88 
27 
9 
33 
80 
51 
91 
0 
45 
78 
38 
39 
2 
7 
15 
42 
75 
33 
55 
27 
58 
84 
83 
92 
2 
0 
16 
72 
78 
88 
79 
60 
94 
34 
19 
5 
39 
47 
80 
0 
82 
75 
18 
22 
11 
6 
92 
33 
30 
61 
78 
42 
46 
70 
0 
91 
36 
59 
27 
4 
90 
89 
81 
84 
86 
33 
69 
5 
51 
92 
0 
80 
88 
37 
75 
78 
24 
66 
9 
58 
39 
45 
84 
49 
14 
41 
78 
27 
92 
48 
47 
60 
6 
16 
51 
40 
83 
59 
19 
81 
0 
88 
7 
70 
75 
91 
50 
71 
39 
15 
42 
80 
47 
61 
95 
6 
78 
91 
101 
32 
33 
89 
97 
92 
94 
24 
68 
82 
28 
18 
39 
51 
45 
66 
37 
84 
71 
59 
5 
31 
2 
91 
41 
83 
27 
88 
49 
0 
47 
76 
79 
45 
63 
60 
92 
66 
72 
58 
39 
89 
80 
86 
33 
81 
18 
90 
57 
6 
82 
91 
74 
78 
60 
11 
84 
92 
9 
70 
52 
83 
2 
24 
94 
81 
10 
54 
87 
39 
89 
92 
18 
80 
72 
0 
91 
47 
51 
75 
41 
58 
59 
69 
66 
27 
45 
42 
78 
92 
30 
90 
0 
80 
70 
20 
71 
81 
24 
73 
50 
39 
66 
34 
36 
75 
59 
78 
0 
32 
86 
42 
82 
51 
80 
85 
100 
94 
91 
92 
66 
96 
81 
89 
70 
60 
18 
78 
27 
95 
51 
92 
50 
82 
64 
44 
9 
80 
41 
78 
71 
0 
73 
75 
91 
26 
33 
74 
61 
6 
18 
60 
66 
51 
85 
89 
68 
48 
83 
90 
70 
19 
80 
27 
59 
91 
46 
71 
51 
88 
78 
22 
1 
61 
6 
20 
4 
0 
30 
92 
72 
96 
39 
82 
95 
99 
76 
55 
19 
34 
66 
73 
17 
54 
6 
27 
81 
59 
78 
2 
52 
83 
51 
77 
80 
82 
84 
96 
93 
0 
61 
10 
90 
72 
55 
45 
73 
60 
49 
91 
32 
19 
27 
64 
95 
82 
80 
