11 
44 
13 
40 
54 
20 
28 
6 
46 
16 
55 
20 
10 
38 
23 
35 
9 
3 
14 
30 
48 
25 
5 
41 
46 
18 
6 
26 
49 
7 
24 
28 
2 
4 
45 
34 
3 
30 
6 
4 
38 
16 
42 
28 
49 
47 
26 
14 
33 
51 
11 
44 
46 
25 
27 
34 
50 
53 
55 
52 
1 
26 
3 
54 
11 
53 
25 
6 
13 
49 
41 
30 
50 
4 
6 
35 
26 
22 
6 
9 
49 
28 
38 
26 
46 
14 
1 
44 
11 
21 
38 
46 
31 
6 
2 
28 
17 
53 
10 
3 
43 
20 
9 
30 
35 
6 
28 
47 
16 
13 
18 
40 
23 
30 
44 
29 
35 
51 
41 
13 
26 
46 
30 
34 
16 
31 
20 
10 
32 
0 
44 
5 
35 
51 
32 
4 
26 
42 
9 
35 
54 
33 
43 
14 
6 
11 
32 
1 
51 
17 
2 
30 
45 
41 
16 
22 
54 
4 
37 
24 
6 
32 
28 
46 
41 
54 
18 
49 
31 
34 
20 
35 
37 
6 
54 
34 
20 
22 
3 
17 
11 
32 
38 
14 
1 
50 
26 
29 
18 
6 
32 
28 
14 
38 
51 
28 
13 
26 
17 
43 
47 
35 
32 
49 
51 
10 
28 
51 
29 
13 
50 
24 
2 
52 
14 
30 
18 
38 
20 
26 
13 
1 
50 
18 
9 
28 
10 
35 
22 
11 
14 
29 
30 
50 
10 
35 
41 
4 
26 
14 
10 
6 
22 
8 
37 
33 
2 
11 
51 
15 
14 
32 
3 
21 
6 
54 
46 
41 
0 
1 
9 
20 
35 
21 
2 
15 
49 
22 
19 
6 
38 
16 
4 
13 
3 
30 
9 
28 
17 
36 
2 
26 
35 
54 
13 
10 
40 
0 
5 
30 
6 
14 
20 
46 
54 
1 
28 
16 
31 
2 
4 
1 
50 
53 
41 
23 
47 
20 
29 
43 
44 
49 
47 
39 
21 
19 
28 
20 
30 
26 
16 
35 
47 
11 
1 
9 
20 
40 
38 
4 
51 
19 
32 
39 
51 
30 
20 
26 
35 
31 
1 
33 
21 
8 
6 
49 
44 
35 
0 
28 
50 
1 
32 
41 
35 
18 
46 
5 
43 
3 
38 
11 
20 
30 
47 
51 
46 
24 
3 
37 
51 
16 
38 
36 
9 
13 
30 
18 
22 
28 
6 
32 
14 
26 
17 
27 
51 
0 
35 
4 
25 
54 
8 
42 
13 
18 
25 
39 
21 
51 
10 
47 
3 
1 
51 
54 
13 
45 
32 
40 
49 
31 
30 
29 
44 
28 
18 
8 
1 
31 
27 
10 
22 
36 
16 
46 
26 
43 
41 
21 
18 
10 
22 
20 
33 
38 
44 
46 
22 
13 
26 
10 
35 
3 
29 
15 
2 
47 
0 
55 
13 
16 
38 
12 
18 
14 
5 
40 
51 
50 
3 
28 
19 
20 
18 
34 
0 
38 
25 
52 
31 
8 
6 
49 
54 
11 
26 
9 
1 
6 
12 
21 
14 
34 
45 
41 
30 
4 
35 
10 
22 
54 
26 
23 
50 
9 
27 
5 
6 
39 
18 
28 
40 
12 
36 
44 
9 
26 
6 
45 
43 
17 
7 
49 
54 
27 
3 
5 
51 
18 
49 
20 
11 
14 
31 
24 
33 
22 
38 
10 
28 
49 
35 
41 
26 
9 
19 
6 
10 
38 
46 
42 
41 
54 
22 
27 
6 
9 
15 
24 
1 
35 
44 
40 
5 
31 
5 
42 
36 
34 
49 
25 
41 
24 
54 
3 
39 
6 
48 
35 
9 
6 
33 
40 
28 
11 
34 
32 
14 
41 
9 
20 
16 
4 
53 
47 
5 
3 
37 
39 
54 
49 
14 
32 
28 
44 
8 
25 
19 
30 
50 
33 
49 
2 
26 
15 
52 
11 
10 
41 
28 
24 
23 
42 
9 
46 
44 
34 
51 
49 
27 
28 
5 
15 
10 
39 
44 
51 
29 
51 
16 
28 
35 
48 
6 
24 
47 
50 
34 
54 
7 
44 
13 
37 
54 
12 
21 
18 
31 
20 
28 
49 
7 
14 
38 
54 
10 
1 
3 
16 
20 
11 
50 
44 
0 
55 
1 
32 
26 
13 
48 
21 
