39 
16 
17 
19 
12 
9 
38 
10 
45 
1 
35 
28 
41 
27 
37 
29 
24 
12 
34 
15 
19 
6 
33 
17 
4 
46 
3 
16 
10 
24 
14 
35 
19 
45 
38 
31 
29 
7 
6 
40 
45 
1 
16 
27 
14 
41 
33 
23 
37 
12 
24 
15 
19 
10 
35 
6 
22 
25 
5 
24 
12 
17 
42 
15 
19 
16 
14 
38 
9 
45 
41 
3 
24 
39 
28 
35 
19 
40 
5 
2 
18 
36 
15 
27 
10 
19 
3 
12 
21 
29 
26 
24 
9 
19 
6 
17 
2 
41 
34 
14 
35 
23 
12 
1 
43 
10 
33 
8 
16 
39 
12 
24 
29 
30 
3 
27 
13 
19 
9 
32 
16 
22 
25 
37 
26 
23 
0 
6 
19 
14 
12 
28 
24 
7 
13 
35 
44 
45 
46 
27 
29 
1 
2 
19 
24 
34 
12 
27 
32 
9 
16 
14 
2 
34 
12 
37 
24 
35 
30 
1 
42 
41 
6 
2 
33 
19 
17 
8 
28 
12 
7 
45 
3 
19 
24 
33 
46 
17 
16 
31 
24 
1 
23 
29 
22 
12 
0 
24 
17 
41 
6 
39 
40 
34 
30 
21 
14 
43 
45 
28 
24 
35 
16 
39 
17 
33 
29 
23 
7 
12 
34 
6 
1 
24 
9 
0 
45 
41 
13 
27 
30 
7 
18 
35 
8 
2 
17 
15 
5 
39 
0 
12 
10 
6 
14 
16 
33 
13 
41 
40 
24 
38 
25 
35 
6 
7 
10 
30 
17 
43 
2 
19 
31 
45 
24 
15 
14 
10 
41 
44 
5 
16 
0 
29 
36 
17 
2 
10 
34 
22 
45 
38 
19 
32 
12 
16 
30 
28 
27 
10 
37 
46 
14 
0 
24 
39 
45 
30 
12 
26 
31 
34 
2 
18 
3 
32 
41 
17 
46 
9 
38 
16 
1 
42 
24 
35 
37 
21 
16 
7 
30 
41 
18 
0 
2 
3 
26 
12 
38 
45 
5 
24 
19 
33 
30 
16 
17 
24 
10 
34 
45 
38 
12 
31 
2 
29 
35 
1 
13 
19 
17 
45 
24 
32 
7 
38 
6 
28 
16 
30 
1 
39 
44 
5 
19 
27 
14 
12 
10 
0 
22 
4 
45 
2 
24 
33 
15 
14 
23 
16 
41 
9 
12 
38 
43 
1 
39 
24 
32 
25 
2 
35 
46 
19 
7 
3 
29 
41 
24 
40 
12 
35 
33 
26 
38 
19 
1 
10 
30 
46 
6 
2 
39 
45 
44 
15 
23 
19 
24 
14 
5 
38 
45 
9 
28 
27 
41 
17 
23 
2 
30 
8 
39 
19 
24 
26 
31 
10 
37 
29 
12 
34 
7 
14 
30 
17 
33 
41 
6 
2 
28 
44 
38 
10 
16 
5 
29 
31 
30 
35 
37 
19 
9 
45 
23 
10 
3 
1 
32 
45 
6 
17 
29 
16 
24 
14 
38 
35 
0 
9 
45 
2 
1 
26 
17 
33 
12 
5 
27 
22 
30 
5 
20 
7 
40 
39 
45 
38 
24 
4 
21 
30 
13 
15 
19 
2 
18 
27 
10 
35 
14 
12 
23 
3 
29 
28 
39 
24 
9 
7 
21 
8 
26 
0 
41 
6 
18 
29 
16 
1 
45 
12 
13 
24 
38 
35 
7 
30 
5 
19 
17 
42 
29 
22 
26 
24 
11 
16 
31 
46 
40 
6 
24 
44 
13 
21 
16 
1 
34 
3 
17 
10 
2 
12 
20 
35 
36 
41 
24 
1 
9 
45 
29 
19 
30 
18 
34 
17 
31 
0 
14 
22 
12 
37 
18 
39 
30 
15 
12 
2 
5 
18 
24 
16 
37 
38 
7 
31 
39 
40 
23 
41 
26 
24 
30 
0 
9 
16 
17 
46 
10 
19 
34 
35 
7 
28 
38 
2 
27 
39 
23 
1 
36 
24 
41 
20 
34 
33 
40 
17 
45 
2 
7 
19 
16 
12 
42 
24 
7 
0 
6 
10 
27 
14 
19 
35 
1 
29 
42 
16 
41 
15 
37 
23 
12 
30 
17 
2 
27 
35 
44 
46 
38 
40 
24 
5 
10 
41 
7 
14 
3 
22 
28 
19 
9 
24 
45 
3 
23 
29 
14 
16 
9 
35 
12 
34 
37 
33 
0 
2 
41 
27 
24 
22 
17 
28 
16 
45 
29 
19 
1 
23 
9 
36 
38 
6 
13 
17 
2 
44 
45 
14 
0 
16 
24 
1 
5 
7 
41 
8 
3 
17 
46 
39 
38 
37 
2 
10 
4 
34 
18 
19 
14 
9 
1 
24 
45 
16 
3 
35 
26 
27 
12 
34 
14 
38 
24 
45 
30 
0 
2 
16 
7 
37 
4 
2 
9 
26 
12 
46 
25 
17 
16 
15 
19 
24 
27 
45 
18 
10 
38 
6 
46 
24 
28 
9 
33 
10 
19 
2 
34 
7 
29 
45 
43 
17 
46 
12 
40 
37 
18 
36 
24 
30 
38 
5 
19 
23 
14 
12 
39 
44 
8 
7 
13 
37 
45 
16 
10 
41 
1 
11 
31 
24 
6 
32 
3 
23 
35 
5 
46 
4 
26 
37 
36 
44 
13 
29 
12 
45 
15 
19 
16 
31 
33 
0 
34 
24 
17 
7 
2 
37 
44 
30 
16 
10 
31 
12 
19 
21 
5 
45 
2 
39 
3 
6 
5 
24 
27 
29 
23 
14 
3 
28 
9 
25 
30 
34 
44 
1 
35 
10 
45 
7 
16 
22 
24 
40 
1 
28 
31 
39 
17 
19 
18 
2 
29 
5 
12 
14 
28 
35 
27 
7 
24 
30 
19 
2 
