0.050400 
0.054100 
0.072400 
0.096200 
0.114200 
0.121700 
0.158600 
0.174300 
0.181300 
0.186600 
0.195300 
0.214600 
0.261200 
0.280000 
0.326800 
0.328700 
0.329800 
0.340100 
0.349700 
0.372000 
0.373800 
0.377700 
0.382900 
0.386300 
0.423400 
0.424900 
0.468900 
0.469400 
0.474700 
0.493400 
0.496100 
0.532800 
0.547600 
0.553300 
0.581800 
0.584200 
0.625300 
0.688800 
0.705700 
0.734000 
0.795000 
0.824500 
0.829700 
0.847600 
0.853700 
0.855300 
0.862500 
0.864300 
0.898800 
0.902500 
0.908100 
0.913400 
0.921000 
0.942200 
0.985500 
0.986600 
1.048500 
1.073100 
1.082800 
1.096000 
1.132200 
1.133800 
1.148300 
1.165000 
1.175500 
1.182900 
1.194500 
1.199100 
1.208500 
1.224300 
1.236800 
1.269400 
1.287100 
1.291700 
1.293100 
1.296800 
1.302600 
1.319400 
1.330300 
1.333800 
1.360800 
1.361400 
1.372400 
1.379100 
1.386900 
1.394500 
1.401100 
1.414700 
1.429100 
1.453100 
1.511900 
1.515800 
1.524500 
1.527300 
1.542000 
1.566300 
1.596400 
1.635300 
1.680200 
1.682400 
1.708500 
1.710900 
1.722800 
1.738300 
1.788400 
1.832200 
1.880600 
1.896100 
1.910000 
1.912700 
1.936900 
1.942000 
1.968700 
1.974800 
1.999500 
2.035100 
2.037500 
2.075200 
2.076000 
2.082300 
2.096300 
2.096700 
2.103700 
2.123000 
2.154200 
2.162900 
2.193700 
2.210100 
2.236800 
2.250600 
2.255500 
2.259900 
2.304900 
2.306400 
2.311000 
2.335700 
2.346600 
2.347900 
2.349500 
2.358100 
2.377800 
2.378800 
2.392300 
2.403300 
2.431800 
2.468500 
2.476900 
2.532100 
2.564800 
2.580800 
2.601300 
2.609500 
2.617000 
2.643000 
2.655600 
2.657900 
2.726100 
2.771100 
2.774700 
2.788400 
2.819800 
2.846800 
2.857000 
2.874400 
2.893200 
2.899700 
2.959300 
2.968700 
