78 
89 
7 
25 
5 
46 
90 
0 
79 
56 
11 
78 
0 
73 
24 
7 
54 
89 
81 
46 
77 
12 
75 
7 
22 
46 
92 
5 
11 
75 
41 
34 
7 
90 
45 
47 
8 
0 
14 
89 
77 
12 
11 
47 
5 
90 
2 
9 
63 
8 
14 
0 
75 
49 
32 
78 
89 
9 
49 
90 
26 
1 
14 
46 
79 
12 
83 
45 
0 
34 
62 
64 
68 
86 
4 
85 
75 
46 
0 
40 
81 
47 
90 
75 
66 
0 
7 
63 
40 
32 
11 
47 
0 
50 
3 
15 
77 
55 
46 
9 
75 
0 
46 
49 
44 
11 
12 
78 
75 
64 
11 
61 
7 
46 
0 
30 
66 
12 
0 
89 
11 
7 
1 
78 
64 
9 
8 
0 
90 
16 
89 
30 
44 
45 
94 
46 
12 
0 
7 
39 
2 
69 
8 
14 
78 
52 
0 
75 
18 
40 
46 
14 
90 
89 
7 
37 
0 
30 
14 
7 
56 
40 
66 
89 
5 
11 
17 
12 
1 
47 
73 
80 
32 
16 
89 
40 
0 
7 
54 
47 
75 
46 
5 
12 
78 
77 
11 
24 
16 
46 
75 
12 
32 
37 
7 
0 
11 
14 
8 
78 
73 
9 
89 
0 
51 
54 
75 
14 
73 
12 
46 
6 
62 
89 
83 
0 
9 
14 
89 
95 
63 
7 
12 
75 
14 
54 
84 
11 
74 
0 
20 
65 
54 
14 
64 
75 
5 
7 
12 
54 
53 
9 
46 
11 
45 
90 
75 
0 
7 
78 
55 
65 
23 
58 
0 
30 
54 
43 
12 
90 
75 
11 
52 
8 
54 
47 
0 
5 
7 
11 
57 
54 
9 
66 
12 
80 
90 
0 
78 
82 
40 
75 
0 
7 
22 
12 
13 
45 
81 
0 
11 
89 
90 
40 
14 
19 
0 
18 
25 
66 
5 
82 
7 
78 
12 
0 
8 
55 
5 
11 
90 
86 
9 
6 
70 
75 
45 
0 
14 
33 
17 
12 
95 
5 
75 
24 
14 
64 
78 
6 
89 
25 
54 
46 
73 
1 
7 
77 
0 
14 
25 
1 
12 
53 
85 
58 
89 
73 
45 
54 
18 
12 
0 
90 
37 
65 
9 
55 
6 
89 
11 
1 
17 
16 
90 
64 
75 
12 
78 
14 
62 
54 
48 
8 
40 
90 
0 
75 
47 
7 
73 
78 
45 
63 
14 
0 
65 
90 
37 
73 
40 
7 
11 
54 
56 
0 
11 
81 
90 
6 
50 
75 
48 
47 
11 
12 
90 
64 
35 
89 
47 
14 
25 
30 
41 
11 
10 
37 
2 
8 
11 
0 
47 
78 
5 
12 
54 
51 
40 
0 
75 
21 
9 
89 
7 
54 
14 
78 
63 
90 
0 
87 
75 
14 
11 
81 
46 
18 
78 
95 
73 
66 
90 
75 
77 
45 
89 
90 
12 
13 
81 
78 
0 
15 
54 
75 
30 
81 
0 
19 
9 
16 
5 
47 
54 
0 
46 
82 
9 
7 
64 
89 
5 
11 
73 
86 
9 
58 
75 
37 
73 
71 
54 
78 
55 
69 
47 
63 
50 
40 
22 
9 
0 
2 
89 
14 
1 
75 
70 
0 
89 
55 
47 
33 
6 
77 
49 
85 
12 
11 
89 
75 
1 
90 
48 
5 
75 
0 
7 
45 
23 
78 
11 
89 
1 
9 
82 
75 
90 
0 
89 
7 
12 
85 
22 
73 
78 
1 
90 
7 
56 
0 
89 
49 
90 
58 
8 
9 
7 
95 
0 
30 
55 
78 
89 
81 
54 
40 
75 
7 
0 
47 
46 
90 
5 
66 
12 
9 
0 
54 
89 
49 
6 
73 
30 
14 
13 
90 
78 
89 
24 
75 
0 
11 
7 
77 
28 
8 
0 
12 
89 
75 
82 
28 
78 
80 
7 
89 
64 
0 
11 
47 
9 
78 
46 
75 
37 
82 
22 
89 
7 
0 
75 
11 
46 
12 
78 
89 
75 
54 
73 
6 
3 
21 
90 
11 
12 
14 
89 
0 
63 
76 
75 
48 
7 
9 
28 
95 
66 
73 
11 
2 
9 
42 
23 
7 
92 
90 
0 
11 
55 
21 
5 
60 
90 
12 
89 
16 
6 
7 
0 
90 
73 
77 
65 
11 
3 
90 
78 
32 
22 
46 
75 
89 
1 
30 
75 
12 
90 
89 
2 
21 
65 
77 
0 
7 
54 
86 
89 
5 
75 
0 
11 
34 
16 
90 
45 
72 
64 
89 
87 
7 
11 
0 
46 
90 
45 
40 
53 
7 
22 
75 
44 
0 
12 
54 
89 
11 
79 
66 
32 
55 
0 
6 
7 
89 
75 
78 
1 
90 
12 
66 
77 
0 
40 
89 
7 
54 
37 
5 
66 
12 
45 
11 
9 
0 
75 
22 
11 
85 
81 
35 
1 
37 
0 
40 
56 
89 
11 
47 
77 
12 
75 
0 
88 
3 
54 
8 
85 
75 
12 
78 
80 
66 
0 
89 
49 
24 
77 
66 
12 
90 
5 
40 
30 
22 
7 
9 
89 
46 
17 
6 
5 
9 
0 
75 
77 
53 
50 
90 
89 
49 
78 
11 
47 
92 
22 
0 
55 
32 
78 
93 
64 
47 
50 
49 
46 
66 
89 
19 
12 
78 
0 
85 
24 
14 
17 
40 
81 
0 
12 
42 
4 
46 
32 
11 
9 
68 
78 
0 
89 
4 
77 
7 
78 
9 
75 
22 
1 
34 
64 
0 
54 
37 
75 
89 
0 
40 
79 
51 
11 
14 
90 
72 
25 
13 
54 
64 
9 
5 
53 
52 
46 
16 
12 
37 
55 
30 
64 
54 
11 
2 
0 
14 
9 
73 
41 
78 
0 
11 
7 
54 
46 
0 
90 
3 
73 
75 
12 
84 
46 
89 
7 
0 
77 
75 
90 
82 
33 
32 
0 
5 
12 
54 
56 
7 
78 
0 
89 
6 
90 
61 
47 
8 
75 
12 
37 
49 
11 
0 
7 
55 
73 
12 
16 
32 
7 
14 
78 
5 
0 
90 
11 
77 
55 
1 
30 
12 
64 
66 
9 
75 
78 
0 
14 
89 
90 
16 
12 
66 
9 
54 
22 
59 
0 
40 
58 
7 
77 
21 
9 
11 
78 
35 
55 
7 
22 
14 
54 
75 
37 
89 
55 
53 
37 
0 
81 
6 
9 
78 
7 
31 
90 
47 
17 
24 
54 
59 
0 
90 
11 
47 
40 
1 
78 
32 
90 
71 
2 
53 
89 
78 
14 
64 
0 
7 
66 
63 
73 
78 
14 
9 
64 
62 
89 
1 
32 
54 
78 
12 
14 
75 
76 
31 
29 
45 
78 
9 
75 
90 
75 
40 
89 
81 
78 
11 
6 
40 
89 
0 
37 
75 
1 
90 
7 
55 
54 
0 
33 
12 
16 
75 
40 
22 
14 
11 
64 
8 
41 
7 
55 
5 
30 
0 
90 
5 
9 
12 
75 
31 
11 
89 
1 
47 
0 
9 
12 
90 
41 
5 
66 
87 
75 
0 
79 
11 
12 
