0.020200 
0.036200 
0.050400 
0.054200 
0.057800 
0.063200 
0.064600 
0.073100 
0.094100 
0.098800 
0.102100 
0.122800 
0.131000 
0.145200 
0.146200 
0.146500 
0.151700 
0.159600 
0.163400 
0.168300 
0.176100 
0.176200 
0.190000 
0.193200 
0.195300 
0.210900 
0.219000 
0.222400 
0.231000 
0.233800 
0.240800 
0.245600 
0.255600 
0.263100 
0.265200 
0.266800 
0.274600 
0.279100 
0.283800 
0.293000 
0.301300 
0.305200 
0.308600 
0.312400 
0.320500 
0.324800 
0.334500 
0.334700 
0.336200 
0.338000 
0.338100 
0.353300 
0.355300 
0.357000 
0.357200 
0.357500 
0.359700 
0.381800 
0.384300 
0.385200 
0.387500 
0.387800 
0.396400 
0.398700 
0.399000 
0.409100 
0.409900 
0.411800 
0.422300 
0.429100 
0.430000 
0.432700 
0.433400 
0.434900 
0.437900 
0.456600 
0.458800 
0.462000 
0.462800 
0.473300 
0.477900 
0.480900 
0.484900 
0.486900 
0.492900 
0.496600 
0.498200 
0.503700 
0.507400 
0.507500 
0.512500 
0.518300 
0.522000 
0.527000 
0.529200 
0.529300 
0.543400 
0.551500 
0.552500 
0.558500 
0.560600 
0.565200 
0.565800 
0.567300 
0.586500 
0.588000 
0.589900 
0.591800 
0.592400 
0.600500 
0.610800 
0.612200 
0.612300 
0.625300 
0.631400 
0.631400 
0.635400 
0.637400 
0.639200 
0.650300 
0.652600 
0.652800 
0.656900 
0.666200 
0.667100 
0.669200 
0.676900 
0.685800 
0.697300 
0.703600 
0.711700 
0.717200 
0.717800 
0.718500 
0.719500 
0.720600 
0.720600 
0.725500 
0.736900 
0.739200 
0.746300 
0.748100 
0.760500 
0.766400 
0.769800 
0.770400 
0.776700 
0.779400 
0.783700 
0.785200 
0.786300 
0.798400 
0.798900 
0.806200 
0.812000 
0.818300 
0.825000 
0.827100 
0.831400 
0.834000 
0.834100 
0.844900 
0.850600 
0.851500 
0.854800 
0.858100 
0.864300 
0.871500 
0.875700 
0.884000 
0.884700 
0.887100 
0.891200 
0.895000 
0.902800 
0.904600 
0.908200 
0.918800 
0.921300 
0.921600 
0.938200 
0.938800 
0.940600 
0.942400 
0.949800 
0.950000 
0.960200 
0.962600 
0.962800 
0.969500 
0.969800 
0.971300 
0.974100 
0.985300 
0.985400 
0.997500 
0.998100 
1.001300 
1.002200 
1.007500 
1.007900 
1.014000 
1.018800 
1.022900 
1.035400 
1.039800 
1.040400 
1.042000 
1.042100 
1.053500 
1.056500 
1.067600 
1.067800 
1.071700 
1.083600 
1.088100 
1.102000 
1.106300 
1.113100 
1.119200 
1.123500 
1.132000 
1.133600 
1.138400 
1.146800 
1.158000 
1.159400 
1.166800 
1.167100 
1.173000 
1.176100 
1.179000 
1.180000 
1.187900 
1.194800 
1.199200 
1.200200 
1.200500 
1.203100 
1.204000 
1.208300 
1.224900 
1.227400 
1.232700 
1.234600 
1.239000 
1.241400 
1.245000 
1.245900 
1.247300 
1.263100 
1.266800 
1.267400 
1.281800 
1.284500 
1.292900 
1.295500 
1.310300 
1.320400 
1.323100 
1.323300 
1.325000 
1.329200 
1.331700 
1.348200 
1.348300 
1.348500 
1.350800 
1.354400 
1.356700 
1.364900 
1.367300 
1.370200 
1.371600 
1.384000 
1.390000 
1.390900 
1.391000 
1.399400 
1.400600 
1.404900 
1.407600 
1.408500 
1.408600 
1.415700 
1.426000 
1.429900 
1.433000 
1.434000 
1.435500 
1.438200 
1.444300 
1.454200 
1.463000 
1.463600 
1.467200 
1.469600 
1.477100 
1.483300 
1.486100 
1.498000 
1.502700 
1.505800 
1.506800 
1.507900 
1.510300 
1.511700 
1.524800 
1.524900 
1.526400 
1.528800 
1.536800 
1.542300 
1.543000 
1.543700 
1.548800 
1.552900 
1.559400 
1.563400 
1.569600 
1.574800 
1.577200 
1.580800 
1.586100 
1.590300 
1.593300 
1.595300 
1.596400 
1.596900 
1.604500 
1.607800 
1.612000 
1.621100 
1.623900 
1.631700 
1.635200 
1.635600 
1.639400 
1.640600 
1.640900 
1.644700 
1.651100 
1.658300 
1.660800 
1.665100 
1.666100 
1.669000 
1.669400 
1.675900 
1.676700 
1.688700 
1.689100 
1.692200 
1.696400 
1.696800 
1.701900 
1.714100 
1.719000 
1.720400 
1.730300 
1.743300 
1.745000 
1.747200 
1.750200 
1.751200 
1.754900 
1.762600 
1.774200 
1.798200 
1.802800 
1.813900 
1.822400 
1.838700 
1.841700 
1.855900 
1.868700 
1.870300 
1.873200 
1.883800 
1.887100 
1.904500 
1.906000 
1.913300 
1.924700 
1.927100 
1.936400 
1.937100 
1.941500 
1.945800 
1.945800 
1.955700 
1.963100 
1.969100 
1.970600 
1.973900 
1.975600 
1.976500 
1.977400 
1.982100 
1.985200 
1.986000 
1.988500 
1.990700 
1.993500 
2.003400 
2.005000 
2.008200 
2.012200 
2.014700 
2.018400 
2.024400 
2.025500 
2.031200 
2.031200 
2.039500 
2.054700 
2.054900 
2.058700 
2.062700 
2.074900 
2.075300 
2.078800 
2.081900 
2.086400 
2.086900 
2.090600 
2.102000 
2.102900 
2.107300 
2.115000 
2.120800 
2.121400 
2.133000 
2.135300 
2.136600 
2.137300 
2.137400 
2.154500 
2.156800 
2.158900 
2.163400 
2.165000 
2.166400 
2.175300 
2.176600 
2.180200 
2.182900 
2.192300 
2.197400 
2.199000 
2.205600 
2.208000 
2.216700 
2.218400 
2.226300 
2.228300 
2.236400 
2.240200 
2.240900 
2.242300 
2.242500 
2.242700 
2.245300 
2.254600 
2.258200 
2.263700 
2.264400 
2.279200 
2.280400 
2.287900 
2.293100 
2.294300 
2.295100 
2.295100 
2.297000 
2.299800 
2.314200 
2.316300 
2.319100 
2.321000 
2.324900 
2.325600 
2.336500 
2.336600 
2.346100 
2.350700 
2.354900 
2.356800 
2.357500 
2.373600 
2.374400 
2.383000 
2.394500 
2.396200 
2.396600 
2.400600 
2.405500 
2.412000 
2.415600 
2.417400 
2.428500 
2.437300 
2.438300 
2.440700 
2.447800 
2.450400 
2.457800 
2.468900 
2.479600 
2.481700 
2.483400 
2.494900 
2.499000 
2.503600 
2.504700 
2.505600 
2.507300 
2.512100 
2.514500 
2.520100 
2.527500 
2.539400 
2.543400 
2.550700 
2.558200 
2.565300 
2.570800 
2.587300 
2.594300 
2.595200 
2.598600 
2.610900 
2.615100 
2.615500 
2.620100 
2.622000 
2.623100 
2.625700 
2.630600 
2.647500 
2.651700 
2.655900 
2.665700 
2.669700 
2.672700 
2.673800 
2.676800 
2.678300 
2.700900 
2.702500 
2.709600 
2.713800 
2.717300 
2.725000 
2.725700 
2.740700 
2.744300 
2.758200 
2.758500 
2.758900 
2.760400 
2.769500 
2.779800 
2.779900 
2.786800 
2.786900 
2.795200 
2.800700 
2.806800 
2.810200 
2.822700 
2.826500 
2.833800 
2.835300 
2.838100 
2.845500 
2.852000 
2.861800 
2.863700 
2.865800 
2.870700 
2.878700 
2.884200 
2.890700 
2.891600 
2.901400 
2.909700 
2.916600 
2.932200 
2.934000 
2.940900 
2.941800 
2.958500 
2.964500 
2.972800 
2.978600 
2.981000 
2.985200 
2.988000 
2.992900 
2.995800 
