4 
18 
13 
20 
3 
21 
24 
2 
16 
8 
26 
18 
20 
13 
21 
11 
22 
15 
3 
1 
2 
19 
23 
21 
18 
10 
17 
11 
3 
8 
20 
21 
4 
12 
2 
18 
3 
21 
22 
13 
10 
24 
19 
2 
21 
11 
8 
18 
9 
3 
26 
10 
2 
12 
11 
22 
8 
21 
23 
13 
26 
2 
14 
3 
5 
12 
18 
19 
8 
7 
2 
20 
17 
26 
10 
21 
4 
16 
11 
3 
9 
2 
12 
20 
22 
18 
3 
21 
11 
9 
2 
15 
20 
24 
23 
1 
21 
18 
5 
3 
2 
22 
14 
10 
21 
7 
6 
18 
15 
2 
13 
11 
12 
3 
21 
24 
22 
2 
11 
18 
5 
12 
17 
20 
15 
11 
2 
18 
8 
14 
24 
21 
1 
26 
19 
20 
11 
3 
22 
21 
2 
18 
12 
17 
24 
21 
22 
2 
10 
15 
11 
1 
0 
9 
8 
20 
26 
24 
2 
14 
11 
5 
18 
21 
3 
12 
17 
23 
4 
22 
8 
2 
20 
14 
10 
18 
15 
16 
1 
21 
2 
26 
19 
3 
18 
15 
2 
8 
12 
11 
22 
26 
21 
9 
1 
2 
18 
20 
12 
26 
3 
4 
19 
21 
20 
2 
18 
23 
10 
15 
11 
1 
8 
26 
14 
2 
24 
9 
18 
22 
11 
21 
24 
8 
23 
2 
19 
26 
13 
3 
18 
21 
20 
11 
1 
26 
3 
4 
2 
14 
20 
12 
11 
24 
18 
21 
0 
1 
3 
2 
24 
17 
18 
11 
10 
26 
2 
22 
1 
13 
24 
2 
26 
23 
15 
8 
14 
21 
0 
13 
20 
5 
18 
11 
22 
2 
3 
10 
17 
2 
18 
21 
0 
11 
12 
26 
2 
10 
14 
21 
26 
15 
20 
3 
2 
22 
13 
18 
14 
15 
11 
10 
24 
26 
21 
11 
12 
19 
2 
11 
15 
18 
20 
22 
21 
2 
10 
3 
2 
18 
15 
26 
11 
2 
24 
22 
18 
8 
4 
21 
18 
3 
9 
14 
20 
2 
11 
10 
26 
1 
3 
18 
2 
12 
21 
8 
5 
10 
22 
11 
23 
3 
26 
2 
20 
4 
18 
3 
2 
10 
24 
15 
12 
11 
18 
21 
26 
14 
13 
2 
11 
20 
3 
22 
18 
21 
4 
2 
19 
0 
8 
17 
10 
18 
15 
11 
20 
21 
26 
12 
24 
22 
11 
2 
26 
3 
21 
8 
15 
14 
23 
20 
2 
18 
24 
11 
10 
21 
26 
2 
3 
11 
14 
24 
20 
0 
22 
16 
18 
3 
10 
11 
8 
2 
12 
21 
1 
3 
20 
24 
2 
22 
3 
11 
23 
2 
8 
20 
14 
21 
11 
1 
10 
18 
2 
20 
26 
3 
22 
9 
21 
11 
16 
2 
13 
18 
3 
8 
24 
14 
15 
21 
5 
0 
20 
2 
26 
11 
22 
3 
1 
2 
24 
8 
11 
21 
12 
9 
17 
2 
18 
8 
1 
26 
2 
3 
22 
12 
20 
11 
23 
21 
18 
14 
8 
1 
26 
2 
3 
18 
10 
21 
12 
2 
20 
19 
3 
11 
8 
1 
18 
15 
20 
21 
4 
22 
16 
3 
10 
12 
2 
0 
14 
11 
1 
18 
26 
23 
2 
3 
5 
22 
4 
13 
21 
20 
2 
26 
18 
10 
24 
2 
15 
12 
11 
21 
6 
26 
3 
2 
20 
10 
11 
2 
1 
24 
4 
15 
18 
21 
26 
3 
2 
1 
10 
22 
23 
3 
2 
18 
21 
26 
20 
2 
3 
11 
21 
12 
1 
2 
15 
26 
21 
0 
18 
11 
20 
2 
3 
21 
4 
2 
3 
12 
21 
13 
10 
8 
15 
2 
22 
26 
21 
0 
12 
3 
11 
18 
24 
2 
1 
26 
13 
2 
14 
18 
3 
22 
21 
5 
2 
4 
10 
19 
18 
2 
17 
20 
3 
22 
11 
12 
21 
13 
7 
26 
14 
3 
20 
2 
11 
4 
18 
21 
0 
23 
14 
2 
11 
19 
10 
3 
12 
22 
21 
23 
26 
2 
24 
10 
20 
1 
3 
14 
22 
18 
11 
2 
15 
9 
22 
12 
2 
26 
20 
14 
8 
11 
18 
4 
23 
3 
2 
21 
17 
12 
10 
18 
2 
26 
14 
21 
11 
3 
8 
22 
7 
12 
20 
2 
23 
9 
5 
3 
10 
21 
2 
18 
1 
22 
20 
9 
3 
15 
2 
8 
11 
21 
22 
18 
4 
2 
17 
1 
3 
13 
5 
21 
20 
7 
11 
2 
26 
23 
12 
21 
22 
10 
3 
13 
24 
14 
2 
8 
11 
18 
9 
4 
20 
12 
3 
22 
2 
21 
26 
3 
2 
11 
24 
17 
2 
13 
20 
18 
1 
3 
2 
21 
4 
20 
8 
11 
24 
2 
3 
21 
24 
18 
2 
21 
11 
12 
23 
22 
3 
24 
15 
2 
8 
20 
19 
10 
14 
11 
23 
1 
26 
21 
3 
2 
18 
12 
24 
4 
21 
19 
20 
17 
10 
11 
24 
2 
12 
9 
18 
11 
26 
8 
14 
20 
4 
3 
2 
15 
24 
5 
11 
18 
21 
9 
0 
4 
15 
18 
2 
26 
14 
11 
1 
9 
22 
3 
24 
12 
2 
23 
20 
21 
18 
26 
10 
3 
9 
23 
14 
1 
2 
21 
22 
11 
24 
18 
20 
2 
26 
12 
10 
21 
0 
6 
12 
3 
11 
2 
20 
26 
22 
21 
8 
9 
11 
15 
18 
20 
22 
16 
10 
1 
24 
5 
12 
2 
19 
11 
26 
20 
3 
18 
21 
8 
22 
6 
2 
3 
4 
15 
24 
18 
9 
11 
23 
2 
20 
0 
8 
3 
21 
12 
22 
4 
24 
2 
1 
17 
26 
8 
21 
15 
2 
10 
11 
4 
18 
26 
14 
12 
21 
22 
2 
3 
19 
4 
1 
11 
21 
18 
13 
2 
8 
14 
3 
26 
22 
10 
18 
2 
21 
24 
12 
20 
2 
8 
11 
1 
18 
14 
21 
4 
2 
5 
10 
26 
22 
18 
1 
11 
2 
26 
21 
3 
15 
24 
2 
22 
18 
11 
12 
2 
4 
21 
22 
12 
2 
18 
17 
15 
1 
8 
21 
20 
10 
2 
3 
11 
21 
18 
4 
12 
3 
2 
11 
8 
22 
18 
21 
3 
10 
2 
17 
5 
8 
24 
11 
21 
18 
2 
20 
26 
12 
22 
3 
24 
2 
18 
11 
20 
14 
21 
26 
3 
23 
2 
16 
1 
4 
3 
2 
20 
8 
10 
25 
26 
21 
22 
18 
11 
24 
9 
3 
2 
14 
16 
11 
12 
13 
20 
22 
2 
26 
11 
24 
14 
2 
26 
20 
21 
3 
15 
11 
22 
8 
2 
10 
18 
16 
24 
14 
2 
11 
20 
21 
23 
15 
22 
12 
2 
8 
1 
3 
12 
18 
9 
21 
2 
10 
13 
20 
17 
22 
2 
19 
