0.032800 
0.051900 
0.073800 
0.087000 
0.095200 
0.111000 
0.126800 
0.139700 
0.140600 
0.142500 
0.146600 
0.155600 
0.172400 
0.195100 
0.200400 
0.201900 
0.204100 
0.206300 
0.232300 
0.243600 
0.255500 
0.258000 
0.258300 
0.304400 
0.354100 
0.363200 
0.363600 
0.363800 
0.366800 
0.381800 
0.395600 
0.398800 
0.407500 
0.432500 
0.450400 
0.472800 
0.479200 
0.540300 
0.543100 
0.579000 
0.583400 
0.601300 
0.603600 
0.623200 
0.623700 
0.628200 
0.638600 
0.647500 
0.654000 
0.678000 
0.684700 
0.694500 
0.705200 
0.710000 
0.717000 
0.731500 
0.745200 
0.751200 
0.759300 
0.761300 
0.781400 
0.781800 
0.793800 
0.814500 
0.818300 
0.825500 
0.837800 
0.843000 
0.859200 
0.861900 
0.880300 
0.899700 
0.910200 
0.918900 
0.925400 
0.934900 
0.957000 
0.965300 
0.968800 
0.974800 
0.977100 
0.983900 
0.999300 
1.004300 
1.010700 
1.037400 
1.057100 
1.063000 
1.063400 
1.065400 
1.067400 
1.074700 
1.078000 
1.093600 
1.094500 
1.095400 
1.100100 
1.100600 
1.107700 
1.116700 
1.134300 
1.166900 
1.188100 
1.206300 
1.207300 
1.219400 
1.235300 
1.242500 
1.288100 
1.292300 
1.295900 
1.308000 
1.308400 
1.309200 
1.311200 
1.340500 
1.356000 
1.369300 
1.409900 
1.415900 
1.435500 
1.446900 
1.451400 
1.464700 
1.467200 
1.469300 
1.474400 
1.475500 
1.491100 
1.541000 
1.558100 
1.570800 
1.571800 
1.574400 
1.607400 
1.607600 
1.655800 
1.656200 
1.702900 
1.713600 
1.714400 
1.718700 
1.731400 
1.733900 
1.736200 
1.772900 
1.774400 
1.786300 
1.806200 
1.813300 
1.824600 
1.854400 
1.863300 
1.880500 
1.890200 
1.891700 
1.901300 
1.912300 
1.935100 
1.950700 
1.959700 
2.000300 
2.015100 
2.037700 
2.039700 
2.048400 
2.063400 
2.078200 
2.080500 
2.089500 
2.135600 
2.169100 
2.169200 
2.182800 
2.188100 
2.193900 
2.203200 
2.219400 
2.224700 
2.233600 
2.245800 
2.259700 
2.273700 
2.276700 
2.285300 
2.299700 
2.309000 
2.323500 
2.355700 
2.356600 
2.369700 
2.371600 
2.376100 
2.389100 
2.398100 
2.421800 
2.458800 
2.483400 
2.499100 
2.511400 
2.544700 
2.570100 
2.573900 
2.618700 
2.625900 
2.643100 
2.652600 
2.662600 
2.689100 
2.691500 
2.707400 
2.710500 
2.721400 
2.726700 
2.730100 
2.756300 
2.766300 
2.772600 
2.792600 
2.794500 
2.832800 
2.845600 
2.853300 
2.862700 
2.863600 
2.883300 
2.902000 
2.916600 
2.918100 
2.954300 
2.966500 
2.984000 
2.986300 
