0.026100 
0.027100 
0.033600 
0.037000 
0.037100 
0.050100 
0.054600 
0.056600 
0.059400 
0.060700 
0.062900 
0.070700 
0.081200 
0.083500 
0.085800 
0.087500 
0.094200 
0.096300 
0.098700 
0.100900 
0.104100 
0.105300 
0.114200 
0.114800 
0.116100 
0.119500 
0.121600 
0.124000 
0.125200 
0.130300 
0.132800 
0.138300 
0.143100 
0.144000 
0.147600 
0.159600 
0.163500 
0.169100 
0.171700 
0.172900 
0.174500 
0.178700 
0.179600 
0.181300 
0.182800 
0.185200 
0.192300 
0.207900 
0.210100 
0.224400 
0.230300 
0.231200 
0.233800 
0.238100 
0.239000 
0.243600 
0.247100 
0.257400 
0.258600 
0.260700 
0.269700 
0.270200 
0.278900 
0.284400 
0.286200 
0.288700 
0.294800 
0.298200 
0.299800 
0.304200 
0.305300 
0.306700 
0.310100 
0.311000 
0.312300 
0.312400 
0.326500 
0.332700 
0.336100 
0.338500 
0.343700 
0.352500 
0.359500 
0.359500 
0.359600 
0.387400 
0.388100 
0.389900 
0.394900 
0.402700 
0.409700 
0.411000 
0.412700 
0.414200 
0.419900 
0.426600 
0.434100 
0.440500 
0.455600 
0.456300 
0.456600 
0.456700 
0.466500 
0.467400 
0.475800 
0.477300 
0.481000 
0.484000 
0.489500 
0.492200 
0.493100 
0.494100 
0.503500 
0.508400 
0.517700 
0.524600 
0.530900 
0.539800 
0.540900 
0.547300 
0.567200 
0.572200 
0.573900 
0.576300 
0.577500 
0.578000 
0.584400 
0.587100 
0.592700 
0.597400 
0.597600 
0.600100 
0.607300 
0.611200 
0.618300 
0.624000 
0.628000 
0.637300 
0.653500 
0.656500 
0.661400 
0.665400 
0.668900 
0.670000 
0.673600 
0.676500 
0.687200 
0.699200 
0.708600 
0.713100 
0.716400 
0.729900 
0.735700 
0.738300 
0.743100 
0.745700 
0.746300 
0.747700 
0.748400 
0.753900 
0.762300 
0.768500 
0.769000 
0.769800 
0.779600 
0.783100 
0.788300 
0.791500 
0.792500 
0.795600 
0.805600 
0.807500 
0.810500 
0.831000 
0.832200 
0.832800 
0.833700 
0.840200 
0.842800 
0.842900 
0.843100 
0.852300 
0.857500 
0.858700 
0.859100 
0.870200 
0.877500 
0.885300 
0.887300 
0.887900 
0.890500 
0.892100 
0.892900 
0.893200 
0.902400 
0.909100 
0.918100 
0.918900 
0.922300 
0.922500 
0.922800 
0.932300 
0.933800 
0.942000 
0.943600 
0.950700 
0.959400 
0.968100 
0.968900 
0.978100 
0.982400 
0.992300 
0.998200 
0.998300 
0.998500 
0.999700 
1.010000 
1.024400 
1.024800 
1.030300 
1.037100 
1.046500 
1.056800 
1.057600 
1.067600 
1.070700 
1.071400 
1.073000 
1.073500 
1.081900 
1.085000 
1.086000 
1.094800 
1.096800 
1.098400 
1.106100 
1.124600 
1.133900 
1.144500 
1.148300 
1.149800 
1.150100 
1.150900 
1.155500 
1.165300 
1.165600 
1.177600 
1.180900 
1.183200 
1.184600 
1.188100 
1.194800 
1.198400 
1.201900 
1.209000 
1.212200 
1.222300 
1.223900 
1.229500 
1.231600 
1.243100 
1.243500 
1.248500 
1.250500 
1.254400 
1.257100 
1.259700 
1.263400 
1.265000 
1.273700 
1.277800 
1.282100 
1.294200 
1.295000 
1.296500 
1.296900 
1.297100 
1.300800 
1.301100 
1.309500 
1.314500 
1.315500 
1.316900 
1.319800 
1.321100 
1.328400 
1.335000 
1.336500 
1.340900 
1.348700 
1.349300 
1.350400 
1.351500 
1.359600 
1.367000 
1.371500 
1.372800 
1.373600 
1.374100 
1.385800 
1.387400 
1.391100 
1.391600 
1.395400 
1.396200 
1.399000 
1.419500 
1.422700 
1.427100 
1.434800 
1.435900 
1.437300 
1.438400 
1.447200 
1.449000 
1.455800 
1.461200 
1.462500 
1.473600 
1.478700 
1.488200 
1.502500 
1.513600 
1.517200 
1.524400 
1.527300 
1.529800 
1.535600 
1.536000 
1.537800 
1.546400 
1.552400 
1.563800 
1.564200 
1.566300 
1.567500 
1.569500 
1.570800 
1.576400 
1.578000 
1.589300 
1.591900 
1.594600 
1.619200 
1.619600 
1.625400 
1.625800 
1.636000 
1.639400 
1.653000 
1.653700 
1.658800 
1.663500 
1.666500 
1.668000 
1.670700 
1.683000 
1.684300 
1.688500 
1.696800 
1.704400 
1.705000 
1.705600 
1.709800 
1.710100 
1.734800 
1.737600 
1.737800 
1.738400 
1.745000 
1.754900 
1.761300 
1.772900 
1.779600 
1.785100 
1.785900 
1.789200 
1.789700 
1.792000 
1.800600 
1.802800 
1.804500 
1.807600 
1.808300 
1.820500 
1.822600 
1.824200 
1.828800 
1.844200 
1.849100 
1.849300 
1.850700 
1.858400 
1.861500 
1.867800 
1.875500 
1.880300 
1.880300 
1.888600 
1.888900 
1.903900 
1.904500 
1.904500 
1.907900 
1.910600 
1.913700 
1.914400 
1.921500 
1.921600 
1.935500 
1.951100 
1.952000 
1.954100 
1.957400 
1.960100 
1.961300 
1.967400 
1.979700 
1.982300 
1.986200 
1.988100 
1.989300 
1.993800 
2.002500 
2.007100 
2.007900 
2.010700 
2.033400 
2.035300 
2.038300 
2.067400 
2.070200 
2.071900 
2.089300 
2.100900 
2.105400 
2.109500 
2.121700 
2.122400 
2.125000 
2.138600 
2.144100 
2.148300 
2.153600 
2.155800 
2.158700 
2.160400 
2.162200 
2.167300 
2.169000 
2.169400 
2.171000 
2.172800 
2.185200 
2.200800 
2.201200 
2.203900 
2.204500 
2.212300 
2.213500 
2.220000 
2.220900 
2.221800 
2.230000 
2.232400 
2.237500 
2.240300 
2.256800 
2.258100 
2.265400 
2.266300 
2.268500 
2.275100 
2.280100 
2.280600 
2.286800 
2.291800 
2.297200 
2.300600 
2.305800 
2.307400 
2.308200 
2.312100 
2.313000 
2.313100 
2.313300 
2.319800 
2.331700 
2.336300 
2.337100 
2.345100 
2.346200 
2.355700 
2.359500 
2.363400 
2.369900 
2.388200 
2.388900 
2.391000 
2.393100 
2.394700 
2.407600 
2.411300 
2.413200 
2.416800 
2.419100 
2.426200 
2.434600 
2.436400 
2.444600 
2.447000 
2.447500 
2.453000 
2.457400 
2.459000 
2.462100 
2.463100 
2.469100 
2.473800 
2.488900 
2.489300 
2.489500 
2.501600 
2.513200 
2.516800 
2.529800 
2.532400 
2.534500 
2.534600 
2.544300 
2.545000 
2.556400 
2.557100 
2.558200 
2.559300 
2.562300 
2.569300 
2.573300 
2.574500 
2.575300 
2.576300 
2.576600 
2.580100 
2.603500 
2.605700 
2.611600 
2.617200 
2.621300 
2.628300 
2.628800 
2.629300 
2.629800 
2.632900 
2.649000 
2.649400 
2.654700 
2.664800 
2.668900 
2.670800 
2.677300 
2.686100 
2.686500 
2.694200 
2.694400 
2.697200 
2.700800 
2.702100 
2.702600 
2.703900 
2.704100 
2.709900 
2.712800 
2.732700 
2.742900 
2.743100 
2.744700 
2.749100 
2.749800 
2.752600 
2.760400 
2.761400 
2.776600 
2.790900 
2.795800 
2.796000 
2.799600 
2.806500 
2.807200 
2.808500 
2.813000 
2.813700 
2.817500 
2.822100 
2.831900 
2.832300 
2.835100 
2.839800 
2.840500 
2.843100 
2.844200 
2.852700 
2.854700 
2.864400 
2.867200 
2.868800 
2.879700 
2.883500 
2.886200 
2.886500 
2.887400 
2.890300 
2.894300 
2.897700 
2.902000 
2.905300 
2.906300 
2.913500 
2.919700 
2.923000 
2.926200 
2.929100 
2.936700 
2.938600 
2.944000 
2.946900 
2.948200 
2.952100 
2.954400 
2.963000 
2.963300 
2.967400 
2.970400 
2.971600 
2.985200 
2.986700 
2.990300 
2.994700 
2.997400 
