8 
4 
1 
5 
2 
3 
18 
2 
13 
11 
8 
15 
2 
15 
3 
13 
5 
2 
1 
3 
11 
1 
8 
3 
16 
5 
15 
1 
9 
14 
8 
1 
18 
15 
9 
7 
11 
1 
4 
10 
16 
9 
5 
8 
10 
9 
14 
15 
1 
8 
3 
15 
8 
15 
1 
4 
3 
13 
16 
5 
7 
15 
18 
4 
0 
8 
16 
1 
5 
3 
15 
14 
12 
0 
1 
9 
2 
13 
3 
8 
5 
11 
1 
7 
6 
18 
2 
1 
3 
15 
9 
8 
13 
4 
1 
15 
3 
16 
14 
1 
5 
15 
9 
18 
5 
17 
2 
15 
2 
8 
18 
13 
1 
3 
18 
6 
15 
13 
16 
12 
9 
2 
18 
3 
16 
12 
0 
15 
10 
13 
8 
13 
5 
2 
16 
15 
11 
17 
10 
8 
6 
1 
5 
2 
7 
2 
4 
15 
1 
13 
3 
15 
1 
15 
3 
11 
18 
18 
9 
18 
16 
1 
2 
2 
6 
1 
5 
6 
11 
5 
13 
11 
10 
3 
18 
2 
10 
18 
3 
12 
15 
9 
4 
1 
10 
12 
7 
9 
5 
1 
5 
4 
16 
18 
9 
8 
0 
2 
18 
5 
4 
10 
5 
1 
14 
3 
5 
13 
15 
17 
8 
5 
13 
18 
16 
12 
16 
