961 
597 
619 
353 
404 
93 
481 
279 
620 
736 
678 
1001 
205 
544 
134 
806 
627 
191 
477 
285 
87 
226 
745 
727 
378 
748 
304 
400 
242 
322 
975 
701 
289 
752 
679 
430 
590 
125 
832 
302 
554 
368 
541 
603 
912 
680 
827 
281 
262 
395 
112 
624 
903 
481 
284 
13 
828 
578 
658 
611 
150 
688 
1006 
502 
457 
562 
146 
654 
69 
85 
338 
355 
962 
345 
362 
806 
398 
240 
358 
75 
801 
174 
775 
854 
1002 
645 
115 
104 
152 
450 
455 
984 
522 
156 
829 
816 
256 
410 
861 
533 
871 
355 
542 
707 
74 
320 
323 
99 
806 
11 
677 
708 
877 
935 
351 
493 
28 
310 
126 
46 
547 
903 
663 
29 
400 
162 
395 
621 
234 
419 
784 
353 
289 
97 
577 
240 
876 
76 
81 
282 
527 
55 
580 
750 
214 
403 
560 
787 
0 
773 
860 
687 
511 
657 
961 
1007 
428 
449 
957 
419 
396 
69 
186 
149 
95 
52 
235 
942 
17 
670 
645 
338 
263 
199 
73 
216 
135 
70 
691 
710 
350 
312 
198 
241 
624 
781 
664 
501 
682 
683 
826 
988 
591 
276 
11 
115 
262 
886 
541 
495 
737 
186 
860 
56 
961 
109 
533 
419 
398 
162 
16 
896 
190 
723 
167 
154 
196 
1002 
612 
450 
602 
684 
975 
74 
755 
877 
296 
246 
984 
568 
879 
9 
532 
95 
214 
649 
523 
640 
52 
394 
325 
329 
371 
229 
662 
602 
427 
140 
979 
829 
665 
298 
633 
531 
353 
241 
731 
538 
871 
529 
836 
740 
236 
350 
823 
383 
481 
775 
71 
938 
670 
44 
372 
542 
12 
252 
620 
116 
263 
650 
979 
683 
254 
302 
695 
818 
56 
468 
949 
951 
517 
707 
959 
252 
559 
887 
167 
441 
790 
717 
812 
988 
443 
30 
996 
48 
640 
488 
82 
940 
78 
493 
104 
165 
711 
315 
400 
533 
815 
455 
573 
642 
79 
507 
14 
550 
554 
479 
939 
832 
69 
762 
516 
356 
932 
757 
794 
371 
243 
753 
45 
32 
279 
445 
235 
144 
717 
740 
992 
689 
579 
149 
81 
80 
681 
523 
621 
768 
787 
608 
186 
285 
784 
656 
887 
675 
196 
944 
64 
55 
302 
573 
47 
21 
294 
365 
890 
782 
614 
119 
704 
500 
823 
747 
125 
466 
557 
338 
264 
256 
109 
602 
254 
435 
51 
808 
48 
420 
76 
174 
1002 
63 
759 
334 
14 
75 
814 
453 
25 
823 
649 
426 
70 
455 
704 
721 
841 
355 
952 
990 
346 
871 
174 
885 
419 
483 
557 
884 
231 
645 
142 
32 
246 
54 
511 
757 
608 
146 
97 
642 
766 
659 
933 
542 
443 
236 
526 
154 
934 
687 
734 
508 
254 
964 
51 
167 
365 
943 
110 
695 
824 
89 
585 
91 
312 
657 
684 
992 
443 
493 
426 
678 
716 
737 
67 
489 
70 
611 
521 
61 
153 
936 
87 
114 
80 
478 
368 
990 
95 
473 
911 
104 
303 
316 
493 
62 
767 
522 
472 
241 
91 
660 
401 
621 
362 
826 
96 
117 
955 
861 
109 
132 
577 
643 
212 
612 
0 
45 
97 
80 
469 
875 
786 
274 
487 
437 
666 
156 
892 
149 
32 
43 
806 
955 
589 
1000 
278 
657 
351 
933 
274 
552 
724 
723 
107 
880 
126 
478 
428 
242 
948 
837 
908 
482 
342 
563 
479 
55 
353 
138 
387 
400 
383 
828 
395 
569 
542 
4 
42 
69 
109 
519 
110 
95 
880 
350 
91 
602 
633 
247 
535 
684 
405 
186 
511 
125 
289 
11 
83 
698 
19 
423 
463 
492 
944 
55 
475 
624 
310 
430 
516 
768 
170 
956 
334 
154 
893 
750 
980 
685 
519 
732 
192 
707 
102 
819 
289 
585 
45 
752 
569 
443 
616 
416 
992 
212 
81 
89 
556 
427 
973 
671 
812 
939 
355 
539 
121 
799 
838 
419 
313 
350 
236 
208 
608 
302 
354 
533 
979 
69 
132 
926 
444 
63 
389 
337 
150 
796 
642 
753 
603 
991 
358 
705 
393 
908 
695 
932 
970 
443 
749 
736 
354 
996 
394 
677 
627 
957 
192 
784 
81 
419 
361 
961 
585 
780 
921 
159 
443 
201 
339 
611 
942 
759 
345 
186 
647 
377 
592 
178 
403 
642 
435 
374 
557 
154 
562 
174 
590 
979 
633 
997 
649 
933 
981 
264 
664 
191 
992 
278 
998 
988 
1002 
727 
504 
152 
145 
975 
607 
422 
32 
683 
627 
549 
728 
883 
585 
274 
739 
801 
686 
701 
148 
14 
430 
400 
491 
79 
432 
738 
815 
58 
82 
931 
435 
211 
693 
89 
554 
52 
674 
983 
1 
834 
992 
612 
51 
644 
722 
456 
778 
775 
161 
58 
685 
70 
9 
900 
902 
819 
700 
619 
818 
724 
738 
521 
419 
670 
768 
377 
152 
589 
270 
649 
794 
882 
659 
78 
699 
430 
722 
8 
259 
77 
975 
565 
473 
181 
27 
832 
717 
252 
644 
693 
1009 
729 
562 
97 
411 
323 
815 
186 
459 
326 
509 
757 
161 
52 
13 
119 
443 
236 
178 
683 
477 
905 
762 
647 
693 
191 
516 
284 
685 
55 
513 
101 
483 
884 
621 
611 
802 
781 
585 
825 
658 
463 
211 
930 
894 
605 
943 
113 
936 
645 
55 
385 
148 
912 
769 
897 
775 
10 
659 
403 
961 
695 
25 
693 
529 
857 
841 
177 
435 
384 
621 
64 
623 
935 
237 
124 
710 
214 
119 
372 
967 
451 
186 
732 
673 
187 
481 
232 
658 
682 
659 
794 
619 
493 
236 
376 
11 
644 
790 
740 
650 
711 
338 
942 
640 
333 
577 
823 
477 
974 
532 
774 
242 
664 
112 
394 
983 
355 
722 
522 
861 
903 
731 
70 
185 
254 
409 
882 
494 
368 
174 
74 
435 
999 
554 
395 
724 
980 
109 
924 
372 
688 
81 
992 
37 
837 
205 
472 
936 
483 
879 
148 
649 
249 
551 
364 
554 
654 
1002 
324 
229 
176 
790 
488 
504 
394 
650 
733 
335 
555 
479 
256 
915 
140 
598 
773 
139 
243 
453 
988 
91 
441 
177 
676 
372 
663 
820 
515 
345 
365 
390 
1 
474 
195 
34 
547 
974 
562 
43 
214 
282 
479 
879 
608 
900 
716 
867 
415 
220 
724 
324 
985 
907 
624 
937 
913 
855 
782 
649 
801 
122 
651 
154 
161 
699 
98 
223 
518 
288 
733 
571 
740 
178 
748 
698 
479 
1003 
1007 
411 
157 
372 
531 
937 
931 
871 
548 
571 
221 
602 
104 
894 
590 
755 
683 
956 
167 
642 
714 
933 
240 
640 
488 
794 
965 
375 
881 
939 
770 
895 
156 
935 
595 
334 
260 
335 
528 
502 
639 
562 
147 
617 
885 
74 
415 
500 
359 
853 
212 
17 
219 
347 
722 
345 
794 
262 
989 
677 
455 
154 
241 
453 
711 
829 
509 
684 
63 
944 
336 
430 
551 
494 
387 
55 
428 
299 
707 
260 
108 
880 
212 
376 
935 
11 
336 
557 
733 
352 
492 
670 
256 
72 
1007 
412 
46 
750 
193 
719 
558 
176 
673 
146 
74 
259 
500 
932 
798 
801 
32 
621 
493 
119 
335 
871 
657 
379 
936 
108 
44 
627 
688 
636 
428 
677 
819 
837 
466 
482 
991 
246 
210 
889 
504 
334 
25 
962 
430 
921 
809 
645 
775 
478 
752 
98 
231 
883 
319 
488 
686 
293 
520 
577 
607 
422 
932 
213 
615 
589 
240 
235 
574 
97 
12 
628 
970 
89 
602 
211 
53 
148 
324 
401 
857 
83 
24 
281 
174 
865 
678 
504 
744 
988 
232 
635 
858 
924 
87 
350 
148 
886 
190 
430 
416 
469 
935 
105 
435 
441 
301 
598 
773 
493 
958 
611 
709 
78 
619 
181 
95 
438 
393 
325 
585 
132 
14 
410 
248 
979 
11 
992 
688 
32 
0 
108 
484 
51 
276 
249 
334 
737 
918 
45 
44 
355 
254 
837 
112 
733 
460 
719 
988 
412 
338 
605 
940 
495 
242 
248 
55 
846 
487 
801 
0 
979 
545 
508 
392 
503 
894 
666 
919 
757 
469 
335 
667 
174 
493 
507 
557 
374 
837 
616 
768 
492 
235 
561 
113 
695 
455 
322 
876 
256 
435 
801 
1002 
885 
936 
932 
132 
607 
11 
203 
450 
392 
1003 
714 
516 
536 
696 
25 
334 
477 
473 
20 
428 
1006 
722 
414 
411 
493 
364 
955 
347 
578 
256 
85 
99 
81 
151 
790 
759 
329 
205 
701 
336 
775 
225 
622 
844 
281 
212 
454 
104 
647 
649 
936 
174 
611 
376 
206 
944 
560 
800 
853 
855 
883 
74 
262 
255 
21 
556 
533 
915 
672 
999 
600 
985 
975 
373 
616 
145 
117 
162 
483 
76 
480 
972 
569 
212 
657 
70 
512 
170 
775 
608 
907 
723 
752 
685 
641 
245 
323 
980 
713 
979 
347 
678 
163 
556 
123 
177 
538 
61 
777 
308 
800 
975 
151 
835 
510 
237 
439 
71 
505 
853 
240 
241 
419 
293 
500 
683 
545 
988 
263 
685 
185 
542 
547 
193 
481 
962 
809 
197 
25 
731 
973 
509 
55 
956 
50 
759 
183 
837 
933 
766 
794 
264 
608 
231 
97 
662 
683 
777 
513 
538 
585 
1002 
241 
791 
657 
992 
475 
494 
882 
711 
69 
476 
582 
259 
477 
502 
97 
371 
444 
145 
988 
639 
812 
342 
76 
240 
580 
303 
52 
355 
983 
46 
441 
289 
406 
657 
744 
696 
844 
493 
676 
14 
600 
174 
426 
856 
165 
166 
160 
276 
667 
1000 
288 
996 
621 
769 
985 
690 
253 
444 
523 
497 
595 
481 
564 
376 
50 
192 
262 
181 
432 
1007 
704 
905 
510 
422 
683 
649 
997 
980 
97 
539 
222 
1006 
602 
621 
622 
754 
33 
135 
504 
269 
356 
781 
74 
790 
678 
220 
722 
360 
112 
235 
133 
502 
56 
794 
775 
76 
585 
542 
223 
740 
403 
611 
492 
529 
734 
281 
267 
463 
576 
157 
829 
637 
246 
915 
964 
417 
732 
670 
256 
130 
558 
819 
42 
177 
727 
621 
649 
71 
537 
589 
477 
981 
259 
125 
231 
882 
770 
347 
690 
30 
992 
659 
587 
646 
769 
1002 
701 
946 
673 
82 
650 
286 
784 
256 
387 
696 
913 
568 
883 
142 
428 
832 
289 
284 
156 
129 
917 
271 
655 
701 
478 
336 
794 
25 
477 
834 
288 
350 
863 
262 
76 
467 
907 
865 
14 
240 
608 
104 
896 
932 
443 
650 
883 
939 
154 
175 
544 
85 
262 
192 
516 
557 
327 
673 
521 
609 
611 
914 
659 
444 
431 
638 
988 
374 
885 
902 
282 
274 
801 
937 
950 
48 
499 
492 
191 
350 
976 
648 
668 
959 
380 
814 
745 
319 
378 
131 
194 
885 
9 
871 
593 
682 
482 
435 
253 
336 
107 
61 
561 
285 
794 
796 
832 
493 
97 
364 
281 
277 
262 
70 
252 
202 
973 
479 
956 
385 
871 
487 
907 
909 
320 
312 
419 
11 
798 
744 
845 
443 
775 
689 
334 
519 
806 
747 
586 
571 
75 
76 
377 
585 
781 
732 
578 
707 
74 
633 
411 
419 
262 
395 
152 
398 
508 
254 
86 
831 
850 
721 
758 
409 
333 
791 
607 
616 
325 
766 
948 
928 
829 
664 
914 
775 
313 
344 
566 
95 
992 
885 
222 
258 
760 
371 
562 
76 
467 
132 
228 
10 
613 
262 
460 
119 
857 
908 
503 
673 
785 
148 
177 
192 
453 
232 
1002 
55 
98 
63 
809 
775 
157 
91 
350 
722 
69 
262 
773 
152 
538 
907 
949 
710 
802 
651 
961 
181 
435 
624 
146 
869 
203 
616 
156 
752 
717 
262 
645 
564 
112 
685 
642 
683 
907 
148 
881 
385 
335 
78 
585 
303 
97 
533 
685 
693 
232 
276 
461 
93 
241 
389 
524 
258 
587 
502 
538 
246 
734 
233 
443 
237 
51 
832 
371 
728 
252 
839 
334 
944 
654 
154 
271 
809 
836 
977 
1000 
838 
635 
781 
55 
924 
338 
561 
670 
794 
882 
309 
191 
518 
571 
17 
578 
322 
51 
478 
560 
339 
608 
828 
149 
614 
422 
429 
589 
568 
526 
888 
983 
717 
659 
95 
47 
483 
368 
52 
315 
766 
936 
916 
266 
174 
279 
190 
533 
420 
855 
208 
820 
246 
103 
307 
673 
580 
800 
585 
413 
262 
711 
501 
838 
150 
924 
325 
55 
732 
14 
