0.042100 
0.047400 
0.052700 
0.058900 
0.068700 
0.076600 
0.091600 
0.111600 
0.111600 
0.117100 
0.129000 
0.135900 
0.141600 
0.145200 
0.153100 
0.171600 
0.174600 
0.176200 
0.179100 
0.193700 
0.196800 
0.203500 
0.206100 
0.216500 
0.228700 
0.241300 
0.244400 
0.250800 
0.251500 
0.268400 
0.274600 
0.287600 
0.297600 
0.298500 
0.309400 
0.316400 
0.333300 
0.354500 
0.356700 
0.362300 
0.377500 
0.385000 
0.391100 
0.403600 
0.429500 
0.437100 
0.441600 
0.448000 
0.462100 
0.471200 
0.482700 
0.495700 
0.498600 
0.502800 
0.503800 
0.512200 
0.513800 
0.514600 
0.517900 
0.529600 
0.537900 
0.544000 
0.546000 
0.555800 
0.573000 
0.577600 
0.586300 
0.593900 
0.642000 
0.649700 
0.656400 
0.657600 
0.662100 
0.680200 
0.689900 
0.750800 
0.756200 
0.768000 
0.775300 
0.777500 
0.779700 
0.791200 
0.793600 
0.803200 
0.812600 
0.823700 
0.838700 
0.845500 
0.847000 
0.860900 
0.861700 
0.867700 
0.877600 
0.877800 
0.886000 
0.901300 
0.915500 
0.919800 
0.924600 
0.927100 
0.929900 
0.930400 
0.932400 
0.932900 
0.934600 
0.935000 
0.937500 
0.975600 
0.986400 
0.988300 
1.002800 
1.003100 
1.006600 
1.008300 
1.020900 
1.040900 
1.064200 
1.075300 
1.083900 
1.085200 
1.087000 
1.092700 
1.096300 
1.104800 
1.121600 
1.141900 
1.148500 
1.151600 
1.173400 
1.187000 
1.187200 
1.197900 
1.204200 
1.229900 
1.234000 
1.242600 
1.246200 
1.253200 
1.259400 
1.271700 
1.272500 
1.282500 
1.285100 
1.289000 
1.295000 
1.300000 
1.302500 
1.308700 
1.310000 
1.322000 
1.326700 
1.329600 
1.342000 
1.343700 
1.346500 
1.354400 
1.358500 
1.385300 
1.387300 
1.398900 
1.400400 
1.402400 
1.412000 
1.422100 
1.442100 
1.452000 
1.455800 
1.459400 
1.469100 
1.471900 
1.475400 
1.500800 
1.505100 
1.508600 
1.510400 
1.525600 
1.544200 
1.554400 
1.559400 
1.559700 
1.562700 
1.565200 
1.572800 
1.572800 
1.574700 
1.575700 
1.582200 
1.583900 
1.589500 
1.597600 
1.603100 
1.607100 
1.618700 
1.622100 
1.631900 
1.645000 
1.651000 
1.651800 
1.678200 
1.682900 
1.689000 
1.692400 
1.700900 
1.707000 
1.716000 
1.717800 
1.734100 
1.736700 
1.749800 
1.749900 
1.759400 
1.760300 
1.774400 
1.792100 
1.803500 
1.821500 
1.837900 
1.865300 
1.867100 
1.872600 
1.893700 
1.894500 
1.901600 
1.902900 
1.907300 
1.907500 
1.913900 
1.918600 
1.924700 
1.933300 
1.940500 
1.950900 
1.953100 
1.962600 
1.965300 
1.977500 
1.979500 
1.982100 
1.990200 
1.999000 
2.004100 
2.018300 
2.033900 
2.041500 
2.045600 
2.069700 
2.075600 
2.077800 
2.086800 
2.093900 
2.097700 
2.098600 
2.100400 
2.109400 
2.118500 
2.119000 
2.136000 
2.146000 
2.146500 
2.155700 
2.161100 
2.161100 
2.164300 
2.167800 
2.190800 
2.194000 
2.194100 
2.207700 
2.210900 
2.215400 
2.254000 
2.261800 
2.270700 
2.279700 
2.303300 
2.312300 
2.314000 
2.322800 
2.327600 
2.332200 
2.341100 
2.349800 
2.378700 
2.394500 
2.397000 
2.398800 
2.400600 
2.405200 
2.420300 
2.436100 
2.438400 
2.452300 
2.462300 
2.473000 
2.473900 
2.485000 
2.487200 
2.487900 
2.507700 
2.512400 
2.512500 
2.521700 
2.522400 
2.555600 
2.568500 
2.569400 
2.573200 
2.574400 
2.578900 
2.579000 
2.579700 
2.585100 
2.593200 
2.602300 
2.602700 
2.612300 
2.618100 
2.619400 
2.625900 
2.628400 
2.645000 
2.657900 
2.678000 
2.684400 
2.686100 
2.688200 
2.694500 
2.695600 
2.716300 
2.720200 
2.725700 
2.748200 
2.755400 
2.764800 
2.769000 
2.776900 
2.790200 
2.811600 
2.817000 
2.819200 
2.819200 
2.825400 
2.839800 
2.841400 
2.856900 
2.872500 
2.875300 
2.875600 
2.884800 
2.887100 
2.896700 
2.918400 
2.920000 
2.927800 
2.929200 
2.933400 
2.940400 
2.947200 
2.953400 
2.974800 
2.977200 
2.989000 
2.994800 
