0.010800 
0.011800 
0.012800 
0.012900 
0.013300 
0.014300 
0.014700 
0.015000 
0.015400 
0.016200 
0.016600 
0.018400 
0.020000 
0.020700 
0.021100 
0.021200 
0.021400 
0.021700 
0.021900 
0.022100 
0.022100 
0.022600 
0.022800 
0.023500 
0.023500 
0.023700 
0.024100 
0.024700 
0.025400 
0.027300 
0.033000 
0.034500 
0.034500 
0.034600 
0.034600 
0.034700 
0.035800 
0.035800 
0.036100 
0.036300 
0.036500 
0.036700 
0.037500 
0.037700 
0.038200 
0.038700 
0.041000 
0.041700 
0.041800 
0.043300 
0.045200 
0.045300 
0.045400 
0.045600 
0.046700 
0.047700 
0.048700 
0.050800 
0.051300 
0.051300 
0.051400 
0.051600 
0.052900 
0.053400 
0.054100 
0.054100 
0.055700 
0.056400 
0.057100 
0.058100 
0.058800 
0.059600 
0.060000 
0.060400 
0.060800 
0.062400 
0.064200 
0.064900 
0.064900 
0.064900 
0.065400 
0.065400 
0.065900 
0.066000 
0.068100 
0.068500 
0.068900 
0.069000 
0.070900 
0.072900 
0.073200 
0.073700 
0.073900 
0.073900 
0.074600 
0.074600 
0.075500 
0.075500 
0.075600 
0.077000 
0.077600 
0.077800 
0.078600 
0.078800 
0.079700 
0.079800 
0.080000 
0.081800 
0.081800 
0.083100 
0.084900 
0.085500 
0.086000 
0.086800 
0.087500 
0.088400 
0.088700 
0.089600 
0.090300 
0.090700 
0.090800 
0.091000 
0.091600 
0.092600 
0.093600 
0.095300 
0.095300 
0.096000 
0.096600 
0.096700 
0.097600 
0.097700 
0.098100 
0.099000 
0.099400 
0.099500 
0.099900 
0.100000 
0.100700 
0.101400 
0.104100 
0.104300 
0.105300 
0.106400 
0.107200 
0.107300 
0.109000 
0.110000 
0.110700 
0.110700 
0.110800 
0.111100 
0.112200 
0.114200 
0.114200 
0.115300 
0.116300 
0.116600 
0.116700 
0.117500 
0.118200 
0.118900 
0.119200 
0.120600 
0.121700 
0.121800 
0.121800 
0.123400 
0.123900 
0.124900 
0.125000 
0.125300 
0.126400 
0.127900 
0.129300 
0.130100 
0.130900 
0.132000 
0.132300 
0.133100 
0.133300 
0.133400 
0.133400 
0.133900 
0.134100 
0.134200 
0.134400 
0.134900 
0.135100 
0.135500 
0.135700 
0.137300 
0.138100 
0.140300 
0.140600 
0.141100 
0.141400 
0.143900 
0.144200 
0.144500 
0.144700 
0.144800 
0.147400 
0.147600 
0.148400 
0.149400 
0.149400 
0.149400 
0.149700 
0.150800 
0.150900 
0.152200 
0.152200 
0.152300 
0.154800 
0.154900 
0.156100 
0.156400 
0.159100 
0.160000 
0.160000 
0.160100 
0.160700 
0.160800 
0.161200 
0.161200 
0.161800 
0.161900 
0.161900 
0.163900 
0.164300 
0.165100 
0.166300 
0.167200 
0.167200 
0.168900 
0.170500 
0.170800 
0.172700 
0.172900 
0.172900 
0.172900 
0.173200 
0.173800 
0.174300 
0.175500 
0.175600 
0.176000 
0.176100 
0.176100 
0.176200 
0.176500 
0.178500 
0.179200 
0.180200 
0.180500 
0.180600 
0.181000 
0.182100 
0.182300 
0.182600 
0.183300 
0.183500 
0.185200 
0.185200 
0.185900 
0.186300 
0.186700 
0.188200 
0.188700 
0.189800 
0.190300 
0.190800 
0.190800 
0.193400 
0.193800 
0.194600 
0.194700 
0.195000 
0.195500 
0.197000 
0.198600 
0.199500 
0.199600 
0.199700 
0.199800 
0.200500 
0.202200 
0.202400 
0.202400 
0.203400 
0.204000 
0.204200 
0.206500 
0.208500 
0.210100 
0.210600 
0.211800 
0.213100 
0.213100 
0.213300 
0.214600 
0.215200 
0.215200 
0.216100 
0.216700 
0.217100 
0.218100 
0.218500 
0.219400 
0.219500 
0.220400 
0.220500 
0.220900 
0.221100 
0.222500 
0.222700 
0.222900 
0.223400 
0.223700 
0.224900 
0.225200 
0.225700 
0.226000 
0.229600 
0.230100 
0.230600 
0.230900 
0.230900 
0.231200 
0.231500 
0.231600 
0.232600 
0.233000 
0.233100 
0.233900 
0.235000 
0.235100 
0.236200 
0.236400 
0.236700 
0.237300 
0.237600 
0.237700 
0.238100 
0.238600 
0.239100 
0.240400 
0.241300 
0.242900 
0.242900 
0.244300 
0.244800 
0.245000 
0.245000 
0.245400 
0.245600 
0.246200 
0.246600 
0.246700 
0.248300 
0.249200 
0.249400 
0.249600 
0.249700 
0.250000 
0.250400 
0.250800 
0.251500 
0.251900 
0.252300 
0.253400 
0.253900 
0.255900 
0.258300 
0.259800 
0.260300 
0.262300 
0.263100 
0.263600 
0.265900 
0.266100 
0.266200 
0.267000 
0.268800 
0.268900 
0.270000 
0.270000 
0.270700 
0.271100 
0.271200 
0.271400 
0.272000 
0.272600 
0.272800 
0.273000 
0.273400 
0.274100 
0.275400 
0.275400 
0.275900 
0.276100 
0.276300 
0.279000 
0.279700 
0.280000 
0.280100 
0.280300 
0.281400 
0.281700 
0.281900 
0.282000 
0.282800 
0.282900 
0.283100 
0.283300 
0.284100 
0.286000 
0.286200 
0.287600 
0.288500 
0.291100 
0.291200 
0.291600 
0.291800 
0.292100 
0.294600 
0.295900 
0.296500 
0.297100 
0.297100 
0.297200 
0.297200 
0.297400 
0.297400 
0.298200 
0.298600 
0.299100 
0.299200 
0.299700 
0.301000 
0.301400 
0.302700 
0.304800 
0.305900 
0.307100 
0.308500 
0.308600 
0.309900 
0.310100 
0.310600 
0.311200 
0.311300 
0.312200 
0.313700 
0.315300 
0.315400 
0.315800 
0.315900 
0.317400 
0.317500 
0.317600 
0.318400 
0.318500 
0.318800 
0.318900 
0.319500 
0.319900 
0.320500 
0.320900 
0.321800 
0.322000 
0.322900 
0.327500 
0.330400 
0.330500 
0.330600 
0.331100 
0.331600 
0.331700 
0.332200 
0.333400 
0.334100 
0.334800 
0.335200 
0.335300 
0.335600 
0.335700 
0.336600 
0.337300 
0.338100 
0.338300 
0.338700 
0.339200 
0.339200 
0.339700 
0.339800 
0.340900 
0.341800 
0.342000 
0.342500 
0.343100 
0.344000 
0.344200 
0.345000 
0.345800 
0.345800 
0.346800 
0.347500 
0.348400 
0.349200 
0.351200 
0.351300 
0.351800 
0.352100 
0.353300 
0.353300 
0.353400 
0.354200 
0.354700 
0.354800 
0.358300 
0.358900 
0.359200 
0.359300 
0.360200 
0.360300 
0.360300 
0.361000 
0.361500 
0.362400 
0.364200 
0.364200 
0.365400 
0.366100 
0.368900 
0.370300 
0.371100 
0.371300 
0.371900 
0.372600 
0.373200 
0.373200 
0.373300 
0.375700 
0.377700 
0.377800 
0.377800 
0.378200 
0.378700 
0.378900 
0.379300 
0.379700 
0.380200 
0.380600 
0.381100 
0.382500 
0.383000 
0.383700 
0.384600 
0.386100 
0.386100 
0.386500 
0.386500 
0.386900 
0.387900 
0.388800 
0.388900 
0.390300 
0.390700 
0.392300 
0.392600 
0.392800 
0.392800 
0.392900 
0.393200 
0.394500 
0.394900 
0.397000 
0.397600 
0.397800 
0.398500 
0.398600 
0.399800 
0.400300 
0.400400 
0.401000 
0.402900 
0.404000 
0.404500 
0.405700 
0.407100 
0.407100 
0.408400 
0.408800 
0.409600 
0.412200 
0.413000 
0.413100 
0.414700 
0.415000 
0.415400 
0.415700 
0.415800 
0.415900 
0.416000 
0.417800 
0.419100 
0.419400 
0.421200 
0.421900 
0.422000 
0.422900 
0.423300 
0.423400 
0.423600 
0.423900 
0.424400 
0.426300 
0.428600 
0.429100 
0.429300 
0.430200 
0.430300 
0.432100 
0.433300 
0.433300 
0.433600 
0.434200 
0.434300 
0.435200 
0.436700 
0.436800 
0.437800 
0.437900 
0.437900 
0.438300 
0.439000 
0.439100 
0.439800 
0.440400 
0.441600 
0.441800 
0.442000 
0.442400 
0.442500 
0.442700 
0.443000 
0.443800 
0.447600 
0.448000 
0.448100 
0.448200 
0.448300 
0.448600 
0.449700 
0.449800 
0.450300 
0.450500 
0.450700 
0.452500 
0.452500 
0.453300 
0.453700 
0.453800 
0.454000 
0.454600 
0.454900 
0.455500 
0.457500 
0.458000 
0.458200 
0.458500 
0.460000 
0.461300 
0.463600 
0.463900 
0.464400 
0.465300 
0.466500 
0.467000 
0.468100 
0.468700 
0.469500 
0.469600 
0.470500 
0.470700 
0.472900 
0.474700 
0.477300 
0.477400 
0.479800 
0.480100 
0.480400 
0.480600 
0.481800 
0.482200 
0.482400 
0.483300 
0.484800 
0.485000 
0.485400 
0.485400 
0.485800 
0.486100 
0.486200 
0.487000 
0.487400 
0.488500 
0.488700 
0.488800 
0.489200 
0.489200 
0.490300 
0.490500 
0.490900 
0.490900 
0.491500 
0.492500 
0.492800 
0.493700 
0.496800 
0.498300 
0.498400 
0.498500 
0.498500 
0.499800 
0.499900 
0.500600 
0.501300 
0.501500 
0.501800 
0.501900 
0.502000 
0.502700 
0.502900 
0.502900 
0.503500 
0.503900 
0.504000 
0.504700 
0.506400 
0.506500 
0.507100 
0.507900 
0.510500 
0.510600 
0.512100 
0.512800 
0.513900 
0.514900 
0.515400 
0.515600 
0.515800 
0.516600 
0.517600 
0.518600 
0.518800 
0.519000 
0.520100 
0.520800 
0.520900 
0.521700 
0.522500 
0.522900 
0.523000 
0.523100 
0.523400 
0.523400 
0.524100 
0.525400 
0.525900 
0.525900 
0.526600 
0.528700 
0.529400 
0.530300 
0.530800 
0.531200 
0.531900 
0.532500 
0.532900 
0.533900 
0.534600 
0.536100 
0.537000 
0.537300 
0.537500 
0.537500 
0.537600 
0.538200 
0.539500 
0.540600 
0.541300 
0.541700 
0.542300 
0.543400 
0.543600 
0.544300 
0.544500 
0.545600 
0.546300 
0.547200 
0.549800 
0.550500 
0.550700 
0.550700 
0.551500 
0.551500 
0.551900 
0.553000 
0.553900 
0.554300 
0.555500 
0.556800 
0.557000 
0.557500 
0.558100 
0.559200 
0.559500 
0.560100 
0.560300 
0.560500 
0.560900 
0.561300 
0.562200 
0.562400 
0.562700 
0.563300 
0.563800 
0.563800 
0.564100 
0.564400 
0.564700 
0.565100 
0.565200 
0.565900 
0.566000 
0.567700 
0.568400 
0.569600 
0.569800 
0.571100 
0.573300 
0.573700 
0.574600 
0.574800 
0.575000 
0.575300 
0.578000 
0.580300 
0.580800 
0.581000 
0.581000 
0.581200 
0.581500 
0.581500 
0.582400 
0.582400 
0.582900 
0.582900 
0.584200 
0.584700 
0.585200 
0.586600 
0.587700 
0.588400 
0.589100 
0.591100 
0.591300 
0.591500 
0.591700 
0.592300 
0.592600 
0.593500 
0.595000 
0.596200 
0.599600 
0.600900 
0.601800 
0.601800 
0.601800 
0.601900 
0.602500 
0.603000 
0.603400 
0.603400 
0.603700 
0.603800 
0.603900 
0.603900 
0.604200 
0.604800 
0.605400 
0.605600 
0.609900 
0.610000 
0.610800 
0.610900 
0.613400 
0.613400 
0.615200 
0.615600 
0.617100 
0.617200 
0.617800 
0.619100 
0.619100 
0.619300 
0.619900 
0.620300 
0.621400 
0.621600 
0.621700 
0.622100 
0.624100 
0.624500 
0.624900 
0.626000 
0.626600 
0.626700 
0.627100 
0.627200 
0.627900 
0.628000 
0.628200 
0.629000 
0.630700 
0.631400 
0.631500 
0.634000 
0.634800 
0.635100 
0.635200 
0.635400 
0.635800 
0.636300 
0.637100 
0.637800 
0.639400 
0.639500 
0.639600 
0.640400 
0.643700 
0.644600 
0.647000 
0.648400 
0.648600 
0.648600 
0.648600 
0.648600 
0.649400 
0.649600 
0.650400 
0.650500 
0.650900 
0.651200 
0.651800 
0.651800 
0.652100 
0.652100 
0.652200 
0.652300 
0.652500 
0.654500 
0.654900 
0.655100 
0.655800 
0.657500 
0.658000 
0.658700 
0.659100 
0.661000 
0.662000 
0.664800 
0.665600 
0.665700 
0.666100 
0.666100 
0.666200 
0.666400 
0.667000 
0.667600 
0.667900 
0.668200 
0.668600 
0.668600 
0.668700 
0.669600 
0.669800 
0.671000 
0.671500 
0.671800 
0.672300 
0.672500 
0.672500 
0.672600 
0.673700 
0.674000 
0.674900 
0.675800 
0.675800 
0.676300 
0.677400 
0.677900 
0.678300 
0.678600 
0.679800 
0.680400 
0.680800 
0.681400 
0.682000 
0.682500 
0.682600 
0.682700 
0.683400 
0.685200 
0.685900 
0.687200 
0.689100 
0.689500 
0.689900 
0.690200 
0.691800 
0.692000 
0.692100 
0.692400 
0.692900 
0.695300 
0.695400 
0.696000 
0.696000 
0.697600 
0.698100 
0.698300 
0.698500 
0.699100 
0.699800 
0.700200 
0.700800 
0.700900 
0.704100 
0.704200 
0.704800 
0.705200 
0.706200 
0.706400 
0.706600 
0.706800 
0.707300 
0.708000 
0.708500 
0.708800 
0.708900 
0.711000 
0.711700 
0.711700 
0.712700 
0.713500 
0.713700 
0.714000 
0.714900 
0.715000 
0.715100 
0.715100 
0.715200 
0.715300 
0.715600 
0.715800 
0.716000 
0.716100 
0.716700 
0.717400 
0.718100 
0.718300 
0.720400 
0.720400 
0.721500 
0.722200 
0.722400 
0.723500 
0.725300 
0.726000 
0.727200 
0.727700 
0.727900 
0.728200 
0.728800 
0.728900 
0.730500 
0.731200 
0.732000 
0.732000 
0.733000 
0.734400 
0.734700 
0.735300 
0.735600 
0.736200 
0.736700 
0.737100 
0.737100 
0.738400 
0.738600 
0.739300 
0.739400 
0.739600 
0.740400 
0.741300 
0.742400 
0.742400 
0.742800 
0.743700 
0.744900 
0.745100 
0.745400 
0.745700 
0.746800 
0.748600 
0.749100 
0.749300 
0.749700 
0.750100 
0.751400 
0.751400 
0.751800 
0.752400 
0.752600 
0.753800 
0.754800 
0.756000 
0.757500 
0.757600 
0.759700 
0.760000 
0.760700 
0.760700 
0.761900 
0.761900 
0.763500 
0.763700 
0.764400 
0.764400 
0.765700 
0.765900 
0.767800 
0.768000 
0.768200 
0.768300 
0.770000 
0.770900 
0.771500 
0.771600 
0.771800 
0.772100 
0.772500 
0.773300 
0.773600 
0.774000 
0.774100 
0.775600 
0.776800 
0.777100 
0.777400 
0.779200 
0.779400 
0.779900 
0.779900 
0.780000 
0.780800 
0.780900 
0.780900 
0.781500 
0.782900 
0.782900 
0.784200 
0.785100 
0.785600 
0.785900 
0.786400 
0.787700 
0.788000 
0.789400 
0.789700 
0.790500 
0.791200 
0.791900 
0.792700 
0.793800 
0.794000 
0.794000 
0.794200 
0.795400 
0.796500 
0.796800 
0.797300 
0.797600 
0.798400 
0.799100 
0.799800 
0.799900 
0.801000 
0.803200 
0.803300 
0.803400 
0.803800 
0.804000 
0.804800 
0.805500 
0.805500 
0.805800 
0.806000 
0.807000 
0.808200 
0.809700 
0.811600 
0.812200 
0.812800 
0.814200 
0.815400 
0.816600 
0.816800 
0.817700 
0.818000 
0.819200 
0.820200 
0.821200 
0.821800 
0.822700 
0.822900 
0.823800 
0.823800 
0.823800 
0.824100 
0.824500 
0.825500 
0.826100 
0.827200 
0.827500 
0.827900 
0.828300 
0.830000 
0.830000 
0.830900 
0.830900 
0.831200 
0.831400 
0.832200 
0.832400 
0.832800 
0.833000 
0.833300 
0.834000 
0.834000 
0.834500 
0.836700 
0.839100 
0.839600 
0.840100 
0.840300 
0.840600 
0.842600 
0.843000 
0.843000 
0.843500 
0.844000 
0.844900 
0.844900 
0.845400 
0.847900 
0.848900 
0.850200 
0.850600 
0.850900 
0.851700 
0.853400 
0.855700 
0.855800 
0.856300 
0.857200 
0.857400 
0.857700 
0.860500 
0.860700 
0.861300 
0.861600 
0.861800 
0.862100 
0.862300 
0.862400 
0.862600 
0.863400 
0.864100 
0.864300 
0.865500 
0.866500 
0.868300 
0.868500 
0.868600 
0.869100 
0.869300 
0.869300 
0.869700 
0.872500 
0.873100 
0.873500 
0.874600 
0.874800 
0.875200 
0.875400 
0.876700 
0.877000 
0.878700 
0.879500 
0.880200 
0.880500 
0.880800 
0.880800 
0.881300 
0.882100 
0.882600 
0.883100 
0.883600 
0.884400 
0.885800 
0.886500 
0.886600 
0.887400 
0.888500 
0.888800 
0.891400 
0.891900 
0.892000 
0.893800 
0.894100 
0.894300 
0.894600 
0.894700 
0.895500 
0.896400 
0.897300 
0.897700 
0.898600 
0.899900 
0.900000 
0.900000 
0.901900 
0.902200 
0.902900 
0.904100 
0.905200 
0.906300 
0.906400 
0.907000 
0.908600 
0.908700 
0.911400 
0.911600 
0.912200 
0.913400 
0.913800 
0.914400 
0.914600 
0.915500 
0.915600 
0.916500 
0.916500 
0.918100 
0.918300 
0.918900 
0.919400 
0.919500 
0.920200 
0.920500 
0.921400 
0.921500 
0.922500 
0.923400 
0.923700 
0.923800 
0.925000 
0.925100 
0.925300 
0.925600 
0.925600 
0.925900 
0.926100 
0.926200 
0.928300 
0.929300 
0.929600 
0.930000 
0.931900 
0.932400 
0.933800 
0.933900 
0.933900 
0.934600 
0.934700 
0.934800 
0.934900 
0.934900 
0.937900 
0.938500 
0.938900 
0.939300 
0.941100 
0.942300 
0.942600 
0.943500 
0.943500 
0.945000 
0.945600 
0.945800 
0.946400 
0.947300 
0.948000 
0.948400 
0.948700 
0.948800 
0.950200 
0.951200 
0.951200 
0.951900 
0.951900 
0.952500 
0.952900 
0.954400 
0.954400 
0.954500 
0.957500 
0.958100 
0.958700 
0.959000 
0.959700 
0.960000 
0.960000 
0.960700 
0.961600 
0.961900 
0.962200 
0.963600 
0.964200 
0.964600 
0.965800 
0.966000 
0.966800 
0.967400 
0.967800 
0.968000 
0.968200 
0.968400 
0.968600 
0.969200 
0.969700 
0.971000 
0.971800 
0.973700 
0.974200 
0.974300 
0.974300 
0.975600 
0.975900 
0.977200 
0.977500 
0.978500 
0.978800 
0.980100 
0.980200 
0.980500 
0.980600 
0.982100 
0.982200 
0.983100 
0.983200 
0.983200 
0.984400 
0.985200 
0.985600 
0.986700 
0.986900 
0.987200 
0.987300 
0.987500 
0.987600 
0.989400 
0.992500 
0.993500 
0.995300 
0.995900 
0.996800 
0.997500 
0.997500 
0.998300 
0.998500 
0.998500 
0.998500 
0.999000 
0.999200 
1.000100 
1.000100 
1.000400 
1.000500 
1.001300 
1.002800 
1.003500 
1.004000 
1.004300 
1.005200 
1.005400 
1.005400 
1.005400 
1.006300 
1.008000 
1.009500 
1.010000 
1.010700 
1.011100 
1.011800 
1.012700 
1.012700 
1.013300 
1.013400 
1.016000 
1.017000 
1.017400 
1.017600 
1.017700 
1.018800 
1.019100 
1.019100 
1.019800 
1.020000 
1.020000 
1.020400 
1.021300 
1.021500 
1.021700 
1.021900 
1.022200 
1.023600 
1.024100 
1.026400 
1.027000 
1.029400 
1.030100 
1.030100 
1.030200 
1.030300 
1.031000 
1.031200 
1.031200 
1.031500 
1.031500 
1.031800 
1.032100 
1.032600 
1.032700 
1.034500 
1.034600 
1.035200 
1.036400 
1.037700 
1.039100 
1.039400 
1.039400 
1.039600 
1.040500 
1.041000 
1.041300 
1.042300 
1.042800 
1.042800 
1.043400 
1.044700 
1.045600 
1.046400 
1.046600 
1.047000 
1.047000 
1.047200 
1.048000 
1.048200 
1.048300 
1.048500 
1.050000 
1.050900 
1.052100 
1.053000 
1.054100 
1.054500 
1.054700 
1.055000 
1.055900 
1.056100 
1.057900 
1.058100 
1.059400 
1.059400 
1.060400 
1.061300 
1.061600 
1.061900 
1.062000 
1.063800 
1.064200 
1.064500 
1.065200 
1.067100 
1.067100 
1.067500 
1.068500 
1.068800 
1.070200 
1.070700 
1.070900 
1.071100 
1.071700 
1.072100 
1.073500 
1.075000 
1.075700 
1.077900 
1.078100 
1.079800 
1.080600 
1.081200 
1.081600 
1.082300 
1.082400 
1.082500 
1.083100 
1.083100 
1.083200 
1.083300 
1.085400 
1.085700 
1.086000 
1.086100 
1.087900 
1.088000 
1.088500 
1.090400 
1.091200 
1.092000 
1.092600 
1.092900 
1.093600 
1.094600 
1.095000 
1.096800 
1.097300 
1.097500 
1.098100 
1.098500 
1.099200 
1.099200 
1.100200 
1.101000 
1.103100 
1.105100 
1.105200 
1.105800 
1.107500 
1.107500 
1.107800 
1.108000 
1.109800 
1.110600 
1.111700 
1.111800 
1.112500 
1.113300 
1.113400 
1.113800 
1.114100 
1.116600 
1.116800 
1.117200 
1.117700 
1.117800 
1.118400 
1.118500 
1.119000 
1.119600 
1.120600 
1.120600 
1.121200 
1.121800 
1.123400 
1.123400 
1.124400 
1.125200 
1.125800 
1.126000 
1.127000 
1.127700 
1.128800 
1.130000 
1.131300 
1.132500 
1.132900 
1.133100 
1.134500 
1.134800 
1.135700 
1.135900 
1.136500 
1.136700 
1.136900 
1.137100 
1.137200 
1.137400 
1.137800 
1.141400 
1.141500 
1.143300 
1.143900 
1.143900 
1.144300 
1.144300 
1.145500 
1.146500 
1.147800 
1.148200 
1.148500 
1.148500 
1.150200 
1.150600 
1.150600 
1.150600 
1.151300 
1.151800 
1.152000 
1.152800 
1.153200 
1.154700 
1.155300 
1.156400 
1.156500 
1.156800 
1.156900 
1.157200 
1.158200 
1.158500 
1.158500 
1.161000 
1.162100 
1.162600 
1.162700 
1.164500 
1.164500 
1.165500 
1.165900 
1.166500 
1.167400 
1.167700 
1.167800 
1.168900 
1.169400 
1.169500 
1.169900 
1.170100 
1.170200 
1.170700 
1.171000 
1.171400 
1.171400 
1.171800 
1.172100 
1.172600 
1.174100 
1.174600 
1.175000 
1.175200 
1.176300 
1.178100 
1.178900 
1.179300 
1.179500 
1.180300 
1.180900 
1.181500 
1.181900 
1.182300 
1.184200 
1.185400 
1.186200 
1.187700 
1.188000 
1.188400 
1.188500 
1.189700 
1.190000 
1.190000 
1.190100 
1.190100 
1.190700 
1.190900 
1.191000 
1.191100 
1.191700 
1.191900 
1.192200 
1.193800 
1.194900 
1.196300 
1.196300 
1.196500 
1.196700 
1.197100 
1.197800 
1.198200 
1.199400 
1.200400 
1.200900 
1.201500 
1.202000 
1.202100 
1.203400 
1.204300 
1.204600 
1.205300 
1.205500 
1.205600 
1.206000 
1.206400 
1.207300 
1.207900 
1.207900 
1.208500 
1.209400 
1.209500 
1.209700 
1.210100 
1.211500 
1.212100 
1.212100 
1.212500 
1.212900 
1.214800 
1.215600 
1.215800 
1.216100 
1.216400 
1.216900 
1.217800 
1.217800 
1.218700 
1.218700 
1.219200 
1.219500 
1.220200 
1.220500 
1.220800 
1.223100 
1.223300 
1.223400 
1.224000 
1.224700 
1.224800 
1.224800 
1.225200 
1.226100 
1.226400 
1.228300 
1.229000 
1.229500 
1.229500 
1.230300 
1.231400 
1.231500 
1.231900 
1.232700 
1.233800 
1.233800 
1.234100 
1.234500 
1.235600 
1.236300 
1.236500 
1.238400 
1.239500 
1.240200 
1.240500 
1.242100 
1.242600 
1.244800 
1.245300 
1.246600 
1.247000 
1.247000 
1.247600 
1.248500 
1.249100 
1.249300 
1.249900 
1.250000 
1.250300 
1.254200 
1.255100 
1.255500 
1.256600 
1.256600 
1.258400 
1.259200 
1.259800 
1.261700 
1.262500 
1.263300 
1.264100 
1.264200 
1.265000 
1.265400 
1.266000 
1.266300 
1.266400 
1.266800 
1.267900 
1.268100 
1.268100 
1.268400 
1.269300 
1.270300 
1.272000 
1.272300 
1.272500 
1.273500 
1.274100 
1.274600 
1.274800 
1.276200 
1.276300 
1.276700 
1.276800 
1.277100 
1.277300 
1.277900 
1.279200 
1.280700 
1.281300 
1.281500 
1.281500 
1.281800 
1.283100 
1.283200 
1.283500 
1.283900 
1.285900 
1.286600 
1.287000 
1.288500 
1.289600 
1.289900 
1.290400 
1.290600 
1.293000 
1.293300 
1.294100 
1.294500 
1.296700 
1.297500 
1.297800 
1.297900 
1.298400 
1.298400 
1.298600 
1.298700 
1.298800 
1.299200 
1.300700 
1.301100 
1.301500 
1.301800 
1.302800 
1.303400 
1.303600 
1.303900 
1.304000 
1.304700 
1.305400 
1.306400 
1.307200 
1.307300 
1.307900 
1.308000 
1.309700 
1.309900 
1.310900 
1.311200 
1.311800 
1.311900 
1.312100 
1.312200 
1.313200 
1.313900 
1.314200 
1.315000 
1.315100 
1.315400 
1.315700 
1.316100 
1.316700 
1.316800 
1.318100 
1.320800 
1.321900 
1.322200 
1.323300 
1.323900 
1.323900 
1.324500 
1.324900 
1.325300 
1.326600 
1.326700 
1.327200 
1.327400 
1.327900 
1.328500 
1.329900 
1.332400 
1.333700 
1.334400 
1.335300 
1.335500 
1.336000 
1.336200 
1.336300 
1.336900 
1.337200 
1.337600 
1.340300 
1.340400 
1.341400 
1.342300 
1.342300 
1.342400 
1.342600 
1.343300 
1.343400 
1.343500 
1.343800 
1.344100 
1.344200 
1.345400 
1.347500 
1.347700 
1.347700 
1.347900 
1.350300 
1.350400 
1.350900 
1.351100 
1.351200 
1.351700 
1.352800 
1.353800 
1.355500 
1.357300 
1.357500 
1.357600 
1.357900 
1.359300 
1.359300 
1.360600 
1.362000 
1.362800 
1.363100 
1.363700 
1.367300 
1.367600 
1.368000 
1.368300 
1.368500 
1.369400 
1.370300 
1.370400 
1.370600 
1.370900 
1.370900 
1.372200 
1.372600 
1.372600 
1.375300 
1.376000 
1.376300 
1.377300 
1.379900 
1.380100 
1.381100 
1.381500 
1.382200 
1.382500 
1.383800 
1.384300 
1.384300 
1.384300 
1.386000 
1.386100 
1.386600 
1.386600 
1.386900 
1.387400 
1.387400 
1.387700 
1.388300 
1.389000 
1.389000 
1.389900 
1.390600 
1.391300 
1.391900 
1.392000 
1.392500 
1.394000 
1.395500 
1.396300 
1.396500 
1.397000 
1.397000 
1.397000 
1.397600 
1.399000 
1.399300 
1.400400 
1.401900 
1.403900 
1.405100 
1.405300 
1.406000 
1.406200 
1.406300 
1.406300 
1.408500 
1.409300 
1.409600 
1.410700 
1.411800 
1.411800 
1.412100 
1.413400 
1.413400 
1.414100 
1.414900 
1.415200 
1.415300 
1.415400 
1.415600 
1.416100 
1.417000 
1.417900 
1.418100 
1.419000 
1.419500 
1.421100 
1.422300 
1.424000 
1.426000 
1.427100 
1.427700 
1.428600 
1.428900 
1.430000 
1.430400 
1.431000 
1.431900 
1.432100 
1.433200 
1.435300 
1.436400 
1.436700 
1.436700 
1.437200 
1.437300 
1.437800 
1.438300 
1.438300 
1.438900 
1.439000 
1.439000 
1.439800 
1.440900 
1.441100 
1.441400 
1.441400 
1.443700 
1.444400 
1.444900 
1.445500 
1.445700 
1.446300 
1.446500 
1.446600 
1.446700 
1.447200 
1.447600 
1.447700 
1.448200 
1.449500 
1.449600 
1.450700 
1.450700 
1.451500 
1.451600 
1.451800 
1.451900 
1.453800 
1.454700 
1.455600 
1.457600 
1.458500 
1.458800 
1.459100 
1.459100 
1.459600 
1.460700 
1.460800 
1.461100 
1.461500 
1.462200 
1.462900 
1.462900 
1.463200 
1.463300 
1.463300 
1.463400 
1.464100 
1.466600 
1.466900 
1.467500 
1.469500 
1.471200 
1.471300 
1.471500 
1.471500 
1.471800 
1.472400 
1.472700 
1.473100 
1.473300 
1.473300 
1.473700 
1.474900 
1.475200 
1.475900 
1.476000 
1.476200 
1.476700 
1.476800 
1.477300 
1.477400 
1.477500 
1.477500 
1.478900 
1.480800 
1.480900 
1.482000 
1.482000 
1.482300 
1.483000 
1.483600 
1.484800 
1.485700 
1.486400 
1.486600 
1.486700 
1.488400 
1.488600 
1.489600 
1.491600 
1.491700 
1.492400 
1.492600 
1.493100 
1.493200 
1.493400 
1.494000 
1.494600 
1.495100 
1.495700 
1.496900 
1.497500 
1.497500 
1.498000 
1.499600 
1.500200 
1.500500 
1.500600 
1.501500 
1.503400 
1.503700 
1.503800 
1.504000 
1.504100 
1.504600 
1.505600 
1.505700 
1.506800 
1.507300 
1.508000 
1.508200 
1.508500 
1.510500 
1.510600 
1.511700 
1.512900 
1.513300 
1.514400 
1.515100 
1.515300 
1.515700 
1.516200 
1.516800 
1.517000 
1.517200 
1.517500 
1.518800 
1.519100 
1.519100 
1.519900 
1.520400 
1.522900 
1.522900 
1.522900 
1.522900 
1.525300 
1.527300 
1.529500 
1.530100 
1.530800 
1.530900 
1.531000 
1.531200 
1.531500 
1.533300 
1.535500 
1.536100 
1.536100 
1.536800 
1.537100 
1.537900 
1.538800 
1.539500 
1.540200 
1.540700 
1.541200 
1.541500 
1.541800 
1.541900 
1.544000 
1.545300 
1.545600 
1.546600 
1.546800 
1.548600 
1.549500 
1.549600 
1.550000 
1.551000 
1.551000 
1.551000 
1.551800 
1.551900 
1.552200 
1.552600 
1.553200 
1.554400 
1.554500 
1.554700 
1.555000 
1.555500 
1.555700 
1.556900 
1.557700 
1.558200 
1.559100 
1.559800 
1.562400 
1.562900 
1.563200 
1.563300 
1.564300 
1.564400 
1.564800 
1.564800 
1.565700 
1.566400 
1.566500 
1.566700 
1.568000 
1.568200 
1.568400 
1.568800 
1.569700 
1.570200 
1.571100 
1.573500 
1.574900 
1.574900 
1.575400 
1.575900 
1.576800 
1.577300 
1.577900 
1.578200 
1.578300 
1.579200 
1.580000 
1.580600 
1.581200 
1.582400 
1.583000 
1.583600 
1.584200 
1.585500 
1.585700 
1.586400 
1.586600 
1.587100 
1.587400 
1.587700 
1.588200 
1.588600 
1.589100 
1.590200 
1.592200 
1.592300 
1.592700 
1.593400 
1.593900 
1.594300 
1.594700 
1.595500 
1.599100 
1.599800 
1.599800 
1.599900 
1.601300 
1.601300 
1.601400 
1.601900 
1.603300 
1.604900 
1.605200 
1.606300 
1.607100 
1.607800 
1.608300 
1.608400 
1.608500 
1.608600 
1.609000 
1.609200 
1.609500 
1.609700 
1.609700 
1.613000 
1.614200 
1.614500 
1.615200 
1.615700 
1.615700 
1.616400 
1.617100 
1.618200 
1.618800 
1.619100 
1.619600 
1.619900 
1.620800 
1.622500 
1.623500 
1.623700 
1.624200 
1.624200 
1.624500 
1.624600 
1.625700 
1.625700 
1.626700 
1.627300 
1.628700 
1.629900 
1.630100 
1.631700 
1.634300 
1.634600 
1.634900 
1.634900 
1.635300 
1.636100 
1.637200 
1.637500 
1.637900 
1.638300 
1.638800 
1.639000 
1.639000 
1.641000 
1.641600 
1.641800 
1.642000 
1.642600 
1.643400 
1.644700 
1.645300 
1.648300 
1.649800 
1.649800 
1.650000 
1.650000 
1.650100 
1.650400 
1.650500 
1.651000 
1.651100 
1.651600 
1.652100 
1.652100 
1.652500 
1.653800 
1.654200 
1.654800 
1.655100 
1.655200 
1.655400 
1.655400 
1.656100 
1.657100 
1.658200 
1.658900 
1.660200 
1.660500 
1.661000 
1.663300 
1.663600 
1.664200 
1.665100 
1.665800 
1.669300 
1.670100 
1.670200 
1.670900 
1.670900 
1.671200 
1.671600 
1.673500 
1.673800 
1.674100 
1.674800 
1.675300 
1.675300 
1.675400 
1.676100 
1.676200 
1.676700 
1.677900 
1.678100 
1.678300 
1.678400 
1.679000 
1.679000 
1.680800 
1.681100 
1.683600 
1.684200 
1.684400 
1.684700 
1.685200 
1.689400 
1.689600 
1.689800 
1.690400 
1.690800 
1.692100 
1.692400 
1.692600 
1.692700 
1.692800 
1.692900 
1.693500 
1.694100 
1.694400 
1.696200 
1.697700 
1.698500 
1.698600 
1.698800 
1.699300 
1.699300 
1.700300 
1.701100 
1.701300 
1.701400 
1.701700 
1.701800 
1.704200 
1.705400 
1.706500 
1.707700 
1.707800 
1.708300 
1.709000 
1.710100 
1.711500 
1.711600 
1.711900 
1.711900 
1.712800 
1.712900 
1.713000 
1.713300 
1.713500 
1.713600 
1.713900 
1.715900 
1.716100 
1.718600 
1.718800 
1.719300 
1.719400 
1.720300 
1.720300 
1.720400 
1.720600 
1.721400 
1.722000 
1.723400 
1.724400 
1.724600 
1.725100 
1.727300 
1.727400 
1.728400 
1.729000 
1.729000 
1.730400 
1.731100 
1.731100 
1.731200 
1.731200 
1.733900 
1.734600 
1.734600 
1.734700 
1.734800 
1.735200 
1.736000 
1.736000 
1.737500 
1.738500 
1.741000 
1.741100 
1.741900 
1.742100 
1.742300 
1.742400 
1.742700 
1.743300 
1.744200 
1.745100 
1.746300 
1.746400 
1.747200 
1.747500 
1.747500 
1.748400 
1.749400 
1.751800 
1.752100 
1.752300 
1.753200 
1.754400 
1.755100 
1.755800 
1.756300 
1.757000 
1.757000 
1.757000 
1.758200 
1.759000 
1.759200 
1.759800 
1.760000 
1.760200 
1.761100 
1.762800 
1.764400 
1.764900 
1.765100 
1.765900 
1.766700 
1.766800 
1.767100 
1.767200 
1.767600 
1.767700 
1.768000 
1.768000 
1.768300 
1.773200 
1.773700 
1.774300 
1.775800 
1.776200 
1.776500 
1.776600 
1.776600 
1.776700 
1.776800 
1.777900 
1.781000 
1.781300 
1.781600 
1.782100 
1.782900 
1.783300 
1.783400 
1.783700 
1.783700 
1.784400 
1.785500 
1.785500 
1.786100 
1.786500 
1.786800 
1.789700 
1.789700 
1.790400 
1.790500 
1.792000 
1.792100 
1.792100 
1.796700 
1.796800 
1.798800 
1.799600 
1.799900 
1.800700 
1.801000 
1.801000 
1.801200 
1.801200 
1.801200 
1.801600 
1.802400 
1.802800 
1.802800 
1.803400 
1.803900 
1.804300 
1.804700 
1.805100 
1.805900 
1.806500 
1.810900 
1.811200 
1.812200 
1.812700 
1.813000 
1.813100 
1.813100 
1.814500 
1.815300 
1.816500 
1.817800 
1.818600 
1.818900 
1.820000 
1.820500 
1.822000 
1.822000 
1.822300 
1.822400 
1.822400 
1.822400 
1.822900 
1.822900 
1.823100 
1.823900 
1.824000 
1.824700 
1.825600 
1.826100 
1.826500 
1.826600 
1.829900 
1.830200 
1.831000 
1.831700 
1.833400 
1.833600 
1.834200 
1.834400 
1.835000 
1.835200 
1.835500 
1.835600 
1.836000 
1.836800 
1.837400 
1.837400 
1.838200 
1.838900 
1.839200 
1.841000 
1.842000 
1.842300 
1.843900 
1.846000 
1.847000 
1.847000 
1.847600 
1.848000 
1.848500 
1.848600 
1.850000 
1.850300 
1.850500 
1.850500 
1.850700 
1.852400 
1.853300 
1.853400 
1.854200 
1.854400 
1.854700 
1.854700 
1.855900 
1.856500 
1.857200 
1.858300 
1.858400 
1.859100 
1.859400 
1.859600 
1.859700 
1.860600 
1.860700 
1.861100 
1.861300 
1.863100 
1.863500 
1.864200 
1.865100 
1.865900 
1.866200 
1.867200 
1.867500 
1.868500 
1.869700 
1.871500 
1.871500 
1.871600 
1.872300 
1.873500 
1.873500 
1.873900 
1.874400 
1.874500 
1.874500 
1.875000 
1.875000 
1.875300 
1.878500 
1.880400 
1.880500 
1.883500 
1.884700 
1.884800 
1.885000 
1.886500 
1.886500 
1.887700 
1.888500 
1.888800 
1.889000 
1.889100 
1.889100 
1.890300 
1.890600 
1.891100 
1.891500 
1.894600 
1.895100 
1.896200 
1.896600 
1.896600 
1.897300 
1.898000 
1.898300 
1.899000 
1.899600 
1.900400 
1.900500 
1.901600 
1.904500 
1.904900 
1.907100 
1.907400 
1.909500 
1.910700 
1.911400 
1.911700 
1.912200 
1.912700 
1.913300 
1.914700 
1.916300 
1.916400 
1.919400 
1.920100 
1.920200 
1.921100 
1.921300 
1.921400 
1.923800 
1.924000 
1.924900 
1.927000 
1.928400 
1.930500 
1.930700 
1.930900 
1.931800 
1.932000 
1.932300 
1.932500 
1.932800 
1.932900 
1.933600 
1.933700 
1.934100 
1.935200 
1.936000 
1.936200 
1.936300 
1.936800 
1.938000 
1.938000 
1.940600 
1.940600 
1.942200 
1.942400 
1.942400 
1.943600 
1.943800 
1.943900 
1.944000 
1.944300 
1.945500 
1.945900 
1.946300 
1.947000 
1.947200 
1.948000 
1.948900 
1.949100 
1.951100 
1.951300 
1.951700 
1.953500 
1.954600 
1.954700 
1.955300 
1.956800 
1.957100 
1.958300 
1.959200 
1.960300 
1.961400 
1.961700 
1.961900 
1.961900 
1.962800 
1.963100 
1.963700 
1.967400 
1.968000 
1.969000 
1.969400 
1.969900 
1.970300 
1.970800 
1.970800 
1.971200 
1.971300 
1.973200 
1.974000 
1.974600 
1.976300 
1.977300 
1.978800 
1.979200 
1.979200 
1.979300 
1.980700 
1.981200 
1.982300 
1.982800 
1.983200 
1.983200 
1.984200 
1.984300 
1.984400 
1.984700 
1.986400 
1.987900 
1.988400 
1.988500 
1.989000 
1.990100 
1.990100 
1.990400 
1.990600 
1.991500 
1.992000 
1.992000 
1.992300 
1.992300 
1.992700 
1.995100 
1.995300 
1.995800 
1.995900 
1.996300 
1.997100 
1.997600 
1.997700 
1.998000 
1.998000 
1.998500 
1.999300 
2.000700 
2.001200 
2.002300 
2.003400 
2.004000 
2.004200 
2.004400 
2.004500 
2.004600 
2.004600 
2.005700 
2.006000 
2.006800 
2.007100 
2.008500 
2.008600 
2.008900 
2.010400 
2.010900 
2.010900 
2.011200 
2.011300 
2.011500 
2.011600 
2.012700 
2.013700 
2.014300 
2.014700 
2.015900 
2.016000 
2.016100 
2.016300 
2.018200 
2.018300 
2.018900 
2.019000 
2.019000 
2.020700 
2.021800 
2.022200 
2.022600 
2.023400 
2.023500 
2.024100 
2.024800 
2.026000 
2.026100 
2.026400 
2.027300 
2.027500 
2.027700 
2.028400 
2.028700 
2.030000 
2.031500 
2.032100 
2.033400 
2.034300 
2.035200 
2.035500 
2.035600 
2.036500 
2.038400 
2.039100 
2.039700 
2.039900 
2.040300 
2.041900 
2.042200 
2.042600 
2.043200 
2.043200 
2.043400 
2.043500 
2.043700 
2.043700 
2.044500 
2.044800 
2.045200 
2.046000 
2.046100 
2.046100 
2.046600 
2.046700 
2.047600 
2.048000 
2.048900 
2.051100 
2.051400 
2.054400 
2.055100 
2.055300 
2.055900 
2.056100 
2.056300 
2.056300 
2.056900 
2.058000 
2.058400 
2.059700 
2.059800 
2.060500 
2.062100 
2.062900 
2.063100 
2.063600 
2.064000 
2.065100 
2.065200 
2.067600 
2.067800 
2.068300 
2.068900 
2.069100 
2.069400 
2.069700 
2.071400 
2.071500 
2.072400 
2.072500 
2.072700 
2.073000 
2.073800 
2.075600 
2.077200 
2.077400 
2.078400 
2.078900 
2.079100 
2.079600 
2.079700 
2.081600 
2.082100 
2.083600 
2.084100 
2.084100 
2.084600 
2.085900 
2.086500 
2.087600 
2.088900 
2.090800 
2.092800 
2.093400 
2.093400 
2.093600 
2.094000 
2.094100 
2.094400 
2.094500 
2.094800 
2.095000 
2.095200 
2.095600 
2.096200 
2.096900 
2.097000 
2.098600 
2.099100 
2.100300 
2.100900 
2.100900 
2.101500 
2.102200 
2.102300 
2.102800 
2.103400 
2.103500 
2.103600 
2.104100 
2.105500 
2.107900 
2.108100 
2.109600 
2.109800 
2.111000 
2.111200 
2.111800 
2.112000 
2.112500 
2.112500 
2.113600 
2.115400 
2.116000 
2.116300 
2.116700 
2.116800 
2.117000 
2.118100 
2.118800 
2.119000 
2.119800 
2.120900 
2.121200 
2.122200 
2.123100 
2.125700 
2.125800 
2.126000 
2.126200 
2.126900 
2.127200 
2.127500 
2.128100 
2.129500 
2.129700 
2.130600 
2.131700 
2.132100 
2.132500 
2.132700 
2.133400 
2.136500 
2.137700 
2.138100 
2.138100 
2.138800 
2.140200 
2.140200 
2.140200 
2.140400 
2.140500 
2.140500 
2.141700 
2.143000 
2.143700 
2.144100 
2.144200 
2.145500 
2.148100 
2.148900 
2.149400 
2.149400 
2.149500 
2.149800 
2.149800 
2.150200 
2.150300 
2.150400 
2.150500 
2.150600 
2.150700 
2.150800 
2.151400 
2.152300 
2.154100 
2.154600 
2.155200 
2.155500 
2.155700 
2.156300 
2.157000 
2.158400 
2.158800 
2.160200 
2.160400 
2.160500 
2.160700 
2.160700 
2.160900 
2.161500 
2.161700 
2.162300 
2.162400 
2.163400 
2.165000 
2.165500 
2.165600 
2.167300 
2.168200 
2.168800 
2.169800 
2.170800 
2.172900 
2.173200 
2.173200 
2.173600 
2.173900 
2.174200 
2.174700 
2.175700 
2.175900 
2.176000 
2.176700 
2.177000 
2.177500 
2.177700 
2.180000 
2.180700 
2.181000 
2.181400 
2.183200 
2.183200 
2.183700 
2.184700 
2.186200 
2.186400 
2.186700 
2.188200 
2.191500 
2.191800 
2.192300 
2.192400 
2.193400 
2.194000 
2.194100 
2.194900 
2.195700 
2.197700 
2.198000 
2.198400 
2.199100 
2.199300 
2.199600 
2.200400 
2.200400 
2.200400 
2.201200 
2.202300 
2.203100 
2.204300 
2.205500 
2.206400 
2.206500 
2.206500 
2.206500 
2.206700 
2.207600 
2.211700 
2.211800 
2.211900 
2.212300 
2.212300 
2.212300 
2.212500 
2.213500 
2.214200 
2.216500 
2.216700 
2.217100 
2.217500 
2.217900 
2.218800 
2.218900 
2.218900 
2.219600 
2.219600 
2.219700 
2.220400 
2.220600 
2.221400 
2.224700 
2.224800 
2.226100 
2.227100 
2.227400 
2.227400 
2.227800 
2.228000 
2.229900 
2.231100 
2.233100 
2.233900 
2.234600 
2.235000 
2.235000 
2.235900 
2.237600 
2.237900 
2.238600 
2.239000 
2.239400 
2.239400 
2.239800 
2.240100 
2.241100 
2.241100 
2.241500 
2.242200 
2.243300 
2.243500 
2.244100 
2.244100 
2.244200 
2.244800 
2.246000 
2.246200 
2.246600 
2.247300 
2.247300 
2.248100 
2.251300 
2.253000 
2.254900 
2.255700 
2.255900 
2.256500 
2.257700 
2.257800 
2.258000 
2.258100 
2.258800 
2.259300 
2.259500 
2.259600 
2.259600 
2.259900 
2.260000 
2.262000 
2.262500 
2.262900 
2.264200 
2.264400 
2.265500 
2.266000 
2.267600 
2.267900 
2.268300 
2.268400 
2.268700 
2.268800 
2.270100 
2.270600 
2.271400 
2.272600 
2.275000 
2.275200 
2.275200 
2.275500 
2.277000 
2.277700 
2.278000 
2.278100 
2.278500 
2.279700 
2.280100 
2.280400 
2.282000 
2.283000 
2.284300 
2.285000 
2.287600 
2.289400 
2.291500 
2.291700 
2.293000 
2.293200 
2.293200 
2.293300 
2.294000 
2.294000 
2.294400 
2.294800 
2.296500 
2.296600 
2.296600 
2.298500 
2.300500 
2.302000 
2.302200 
2.302400 
2.303800 
2.304300 
2.304400 
2.304500 
2.304700 
2.305100 
2.305200 
2.306400 
2.306800 
2.307100 
2.307800 
2.308000 
2.308200 
2.308900 
2.309100 
2.310300 
2.310700 
2.311400 
2.311800 
2.313900 
2.315400 
2.315400 
2.317900 
2.318000 
2.318400 
2.318800 
2.319300 
2.319300 
2.319400 
2.320400 
2.320700 
2.321700 
2.321900 
2.321900 
2.322500 
2.323300 
2.323300 
2.323700 
2.324500 
2.324500 
2.325100 
2.326200 
2.326600 
2.328900 
2.329100 
2.329500 
2.330100 
2.330600 
2.330700 
2.332300 
2.332900 
2.333200 
2.333400 
2.333700 
2.333900 
2.334500 
2.336600 
2.336700 
2.336800 
2.338800 
2.339900 
2.340000 
2.340300 
2.340600 
2.340700 
2.341700 
2.342300 
2.342300 
2.342900 
2.343000 
2.343400 
2.343400 
2.343800 
2.343900 
2.344100 
2.345200 
2.345900 
2.346300 
2.347400 
2.348200 
2.348300 
2.348500 
2.348600 
2.348900 
2.349900 
2.350000 
2.350100 
2.350800 
2.350900 
2.351600 
2.351900 
2.352600 
2.353300 
2.355000 
2.355500 
2.357200 
2.357300 
2.358000 
2.358300 
2.359000 
2.359300 
2.359400 
2.359900 
2.361200 
2.361800 
2.362800 
2.363000 
2.363100 
2.363500 
2.364600 
2.365200 
2.365300 
2.365400 
2.366300 
2.366900 
2.367400 
2.367500 
2.367600 
2.371100 
2.371600 
2.371700 
2.371800 
2.373600 
2.374300 
2.374500 
2.375600 
2.375900 
2.376700 
2.377000 
2.378700 
2.378700 
2.380000 
2.381400 
2.381700 
2.383300 
2.385300 
2.385400 
2.385400 
2.385600 
2.386000 
2.386100 
2.386500 
2.386600 
2.387300 
2.387400 
2.387800 
2.388000 
2.389000 
2.389300 
2.390000 
2.390700 
2.391700 
2.392100 
2.392400 
2.392700 
2.393400 
2.393600 
2.396300 
2.396500 
2.397200 
2.397500 
2.398500 
2.398600 
2.398800 
2.401500 
2.401800 
2.402100 
2.402400 
2.402400 
2.404800 
2.405000 
2.405500 
2.406200 
2.406300 
2.406600 
2.407700 
2.408700 
2.411600 
2.413300 
2.414400 
2.414700 
2.414800 
2.415000 
2.416200 
2.416200 
2.416600 
2.416800 
2.417000 
2.419100 
2.419200 
2.419700 
2.421100 
2.421700 
2.423000 
2.423500 
2.423600 
2.423900 
2.424100 
2.425100 
2.425700 
2.426300 
2.427400 
2.428800 
2.429700 
2.430400 
2.431100 
2.431700 
2.432100 
2.432500 
2.433300 
2.433500 
2.434500 
2.435100 
2.436000 
2.436400 
2.436500 
2.437600 
2.437900 
2.438700 
2.439200 
2.439300 
2.439800 
2.440300 
2.441200 
2.441500 
2.441700 
2.441800 
2.441800 
2.442100 
2.443600 
2.444100 
2.445500 
2.446600 
2.446700 
2.448600 
2.449000 
2.449400 
2.450000 
2.450000 
2.450300 
2.450900 
2.452900 
2.454400 
2.455400 
2.455900 
2.456000 
2.456400 
2.457300 
2.457500 
2.458500 
2.459600 
2.460500 
2.460800 
2.461600 
2.461700 
2.461800 
2.461800 
2.462700 
2.462700 
2.463700 
2.464900 
2.465100 
2.465400 
2.466700 
2.467400 
2.468900 
2.469400 
2.469500 
2.470000 
2.470000 
2.471500 
2.473100 
2.473500 
2.473600 
2.474800 
2.475000 
2.476100 
2.476100 
2.477100 
2.477500 
2.478600 
2.478800 
2.479600 
2.479700 
2.479800 
2.480000 
2.480500 
2.481400 
2.481900 
2.483400 
2.485500 
2.486800 
2.487200 
2.487300 
2.487400 
2.487900 
2.488000 
2.488300 
2.488400 
2.488500 
2.488600 
2.488900 
2.489300 
2.490100 
2.490700 
2.492500 
2.493000 
2.495500 
2.496800 
2.497900 
2.499000 
2.499500 
2.499600 
2.500000 
2.500800 
2.501900 
2.502100 
2.502700 
2.503100 
2.503600 
2.503700 
2.504000 
2.504600 
2.504900 
2.505200 
2.506500 
2.507100 
2.507200 
2.507200 
2.508600 
2.510000 
2.510100 
2.510300 
2.510600 
2.512600 
2.513400 
2.513700 
2.514300 
2.515900 
2.516200 
2.516400 
2.517700 
2.517800 
2.517800 
2.517900 
2.519000 
2.519300 
2.520400 
2.520600 
2.522400 
2.522800 
2.522800 
2.523800 
2.523800 
2.525000 
2.526300 
2.526800 
2.526900 
2.527100 
2.529000 
2.529900 
2.530000 
2.530600 
2.532100 
2.532800 
2.533100 
2.534300 
2.534500 
2.535400 
2.537600 
2.538200 
2.538400 
2.538500 
2.539100 
2.539100 
2.539600 
2.539600 
2.540900 
2.541000 
2.541100 
2.541100 
2.542300 
2.542800 
2.543600 
2.545000 
2.547000 
2.547400 
2.547600 
2.548700 
2.549700 
2.549900 
2.550700 
2.551700 
2.552100 
2.553200 
2.554300 
2.557400 
2.558000 
2.558500 
2.558700 
2.558900 
2.559500 
2.559900 
2.560000 
2.560000 
2.560100 
2.563200 
2.563400 
2.563700 
2.564900 
2.565900 
2.566100 
2.567000 
2.568000 
2.568400 
2.568400 
2.568500 
2.568800 
2.568900 
2.570100 
2.570300 
2.570300 
2.570500 
2.570500 
2.571200 
2.574700 
2.575500 
2.575900 
2.575900 
2.576500 
2.579500 
2.580300 
2.580800 
2.582600 
2.583400 
2.583600 
2.583700 
2.584100 
2.584200 
2.584300 
2.584700 
2.584700 
2.584800 
2.585100 
2.586100 
2.586800 
2.588000 
2.588800 
2.590200 
2.591700 
2.593100 
2.593200 
2.593900 
2.594700 
2.595000 
2.595500 
2.595700 
2.595700 
2.595800 
2.595900 
2.596500 
2.598000 
2.598400 
2.599800 
2.600100 
2.600200 
2.600800 
2.600900 
2.601100 
2.601300 
2.601700 
2.603300 
2.605600 
2.605800 
2.606400 
2.607000 
2.607800 
2.608300 
2.609000 
2.610600 
2.611500 
2.611500 
2.611600 
2.611900 
2.612000 
2.613000 
2.614700 
2.616100 
2.616500 
2.618100 
2.618400 
2.618400 
2.618600 
2.618800 
2.618900 
2.619300 
2.620300 
2.620400 
2.620800 
2.624200 
2.624300 
2.624300 
2.625000 
2.626100 
2.626200 
2.626300 
2.626300 
2.626500 
2.626700 
2.628000 
2.628300 
2.628400 
2.629800 
2.630000 
2.630400 
2.631200 
2.631400 
2.634100 
2.634800 
2.635200 
2.635600 
2.636200 
2.638100 
2.638700 
2.640900 
2.641200 
2.641300 
2.641400 
2.641900 
2.643100 
2.643500 
2.645100 
2.645700 
2.645800 
2.645900 
2.646200 
2.647400 
2.648800 
2.649100 
2.649900 
2.650300 
2.650500 
2.650800 
2.651300 
2.652800 
2.654700 
2.654700 
2.655300 
2.657300 
2.657400 
2.657700 
2.660200 
2.660300 
2.661400 
2.661500 
2.662200 
2.664100 
2.664200 
2.664600 
2.665000 
2.666300 
2.666600 
2.666700 
2.667800 
2.667800 
2.667900 
2.668500 
2.668800 
2.669400 
2.669700 
2.669900 
2.670800 
2.671100 
2.671400 
2.671600 
2.673100 
2.673600 
2.673800 
2.674300 
2.675200 
2.676900 
2.677000 
2.677200 
2.677800 
2.680200 
2.680500 
2.680900 
2.681200 
2.681400 
2.682200 
2.683200 
2.684200 
2.685000 
2.685300 
2.685500 
2.686000 
2.686400 
2.688400 
2.688700 
2.688700 
2.689000 
2.689500 
2.690600 
2.691300 
2.691300 
2.692300 
2.692700 
2.693300 
2.694400 
2.696300 
2.697100 
2.698100 
2.698200 
2.698300 
2.698900 
2.699500 
2.699900 
2.700600 
2.700800 
2.701300 
2.701400 
2.703200 
2.703400 
2.704500 
2.704700 
2.704700 
2.705000 
2.706500 
2.706600 
2.706900 
2.707700 
2.708800 
2.709200 
2.709500 
2.712100 
2.712800 
2.713000 
2.713800 
2.714100 
2.714500 
2.714500 
2.714500 
2.714700 
2.714900 
2.715100 
2.715200 
2.715500 
2.715500 
2.716400 
2.716400 
2.716700 
2.720400 
2.721700 
2.722300 
2.722700 
2.722900 
2.723000 
2.723400 
2.723600 
2.724800 
2.725900 
2.726500 
2.727100 
2.728600 
2.729100 
2.730100 
2.730600 
2.731400 
2.731600 
2.731900 
2.732000 
2.732000 
2.732800 
2.733900 
2.734400 
2.734500 
2.735300 
2.735500 
2.736100 
2.738900 
2.739100 
2.740000 
2.740200 
2.740300 
2.741100 
2.741100 
2.741500 
2.742200 
2.742500 
2.742800 
2.744300 
2.745200 
2.746200 
2.746200 
2.747300 
2.747800 
2.748600 
2.748700 
2.749600 
2.751800 
2.751900 
2.751900 
2.754400 
2.754600 
2.754700 
2.754800 
2.756400 
2.757100 
2.757500 
2.758400 
2.758700 
2.758800 
2.759000 
2.759800 
2.760000 
2.760100 
2.760100 
2.760500 
2.761100 
2.761800 
2.762000 
2.762700 
2.763000 
2.763600 
2.763900 
2.764500 
2.766100 
2.766200 
2.766400 
2.766700 
2.768700 
2.769000 
2.769200 
2.770100 
2.771100 
2.771600 
2.774500 
2.775700 
2.778000 
2.778200 
2.778900 
2.779600 
2.779800 
2.780000 
2.780100 
2.780300 
2.780800 
2.781400 
2.781900 
2.782000 
2.783100 
2.783200 
2.783500 
2.784900 
2.786900 
2.788600 
2.789100 
2.789500 
2.790800 
2.790900 
2.791600 
2.791900 
2.792200 
2.792900 
2.793200 
2.794000 
2.795500 
2.795600 
2.796100 
2.797100 
2.797800 
2.798400 
2.799600 
2.800000 
2.800300 
2.801100 
2.801400 
2.802600 
2.802800 
2.803100 
2.804100 
2.804700 
2.806100 
2.807000 
2.807700 
2.808800 
2.810300 
2.811100 
2.811200 
2.811200 
2.811400 
2.811600 
2.811700 
2.812300 
2.814500 
2.814900 
2.815200 
2.815200 
2.817000 
2.817300 
2.817800 
2.818200 
2.818500 
2.820100 
2.820100 
2.820500 
2.820600 
2.822100 
2.823600 
2.824700 
2.825200 
2.825600 
2.825600 
2.825600 
2.826300 
2.826300 
2.827500 
2.828600 
2.831000 
2.831000 
2.831900 
2.832100 
2.832100 
2.832200 
2.833700 
2.834700 
2.836000 
2.836400 
2.836700 
2.837100 
2.837200 
2.837500 
2.837700 
2.838000 
2.839700 
2.840900 
2.842200 
2.842700 
2.842900 
2.843300 
2.843600 
2.843800 
2.844400 
2.845000 
2.845200 
2.845500 
2.846200 
2.846700 
2.848200 
2.852000 
2.853000 
2.853200 
2.853400 
2.854000 
2.855700 
2.856200 
2.856200 
2.856500 
2.856800 
2.857000 
2.857200 
2.859200 
2.860700 
2.860800 
2.861500 
2.861800 
2.862300 
2.862400 
2.862900 
2.863600 
2.864700 
2.865000 
2.865300 
2.865400 
2.865500 
2.866000 
2.866600 
2.867600 
2.870000 
2.870600 
2.871400 
2.873200 
2.873300 
2.873600 
2.873900 
2.874100 
2.874900 
2.874900 
2.876100 
2.876600 
2.877500 
2.878300 
2.878300 
2.879000 
2.879300 
2.879900 
2.880900 
2.881200 
2.882000 
2.882500 
2.882600 
2.882800 
2.882900 
2.883800 
2.883800 
2.884100 
2.885400 
2.888500 
2.888600 
2.889000 
2.889100 
2.890900 
2.890900 
2.891600 
2.891700 
2.892600 
2.893500 
2.893500 
2.893600 
2.894400 
2.897000 
2.897900 
2.900200 
2.900300 
2.900800 
2.901300 
2.901500 
2.902800 
2.902900 
2.903200 
2.903300 
2.903300 
2.903400 
2.904900 
2.905200 
2.907000 
2.907900 
2.910100 
2.910300 
2.911200 
2.911300 
2.911800 
2.913400 
2.913500 
2.913600 
2.914900 
2.915000 
2.915800 
2.916100 
2.917200 
2.917200 
2.917600 
2.917800 
2.918100 
2.918700 
2.918900 
2.919700 
2.920800 
2.921100 
2.923900 
2.924300 
2.924500 
2.924800 
2.925000 
2.927000 
2.927200 
2.928400 
2.928500 
2.928600 
2.929100 
2.931100 
2.931400 
2.932500 
2.933000 
2.933800 
2.936300 
2.938400 
2.939000 
2.939800 
2.940400 
2.941300 
2.941600 
2.943100 
2.943700 
2.944500 
2.946600 
2.947300 
2.947500 
2.947500 
2.948000 
2.948500 
2.949700 
2.949800 
2.950500 
2.950700 
2.952200 
2.953100 
2.953500 
2.953500 
2.953700 
2.953800 
2.954200 
2.954400 
2.955200 
2.957200 
2.957500 
2.958200 
2.958500 
2.958600 
2.958900 
2.959600 
2.961300 
2.961500 
2.962400 
2.962900 
2.962900 
2.964200 
2.964300 
2.965000 
2.965700 
2.969900 
2.970200 
2.971100 
2.971600 
2.971800 
2.972100 
2.972400 
2.972400 
2.972800 
2.973100 
2.976400 
2.976800 
2.978200 
2.978800 
2.979100 
2.979300 
2.979300 
2.979500 
2.980000 
2.980200 
2.981600 
2.982200 
2.982900 
2.983400 
2.983600 
2.984700 
2.984800 
2.984800 
2.985300 
2.985400 
2.986300 
2.988200 
2.989600 
2.989900 
2.990000 
2.990000 
2.990100 
2.990100 
2.991100 
2.991500 
2.992300 
2.992800 
2.994800 
2.995000 
2.995100 
2.995800 
2.998300 
2.999300 
2.999600 
