37 
10 
26 
54 
12 
57 
16 
49 
59 
6 
15 
31 
44 
34 
11 
38 
29 
22 
17 
25 
19 
47 
55 
8 
9 
61 
30 
7 
34 
60 
17 
38 
20 
25 
13 
54 
14 
30 
12 
19 
60 
35 
61 
64 
8 
7 
47 
48 
59 
31 
17 
19 
32 
57 
29 
28 
52 
8 
6 
30 
15 
14 
62 
16 
4 
9 
54 
53 
23 
59 
13 
19 
46 
38 
15 
52 
0 
17 
14 
13 
27 
48 
7 
32 
33 
63 
57 
14 
34 
15 
28 
31 
8 
23 
17 
57 
47 
60 
49 
30 
63 
45 
7 
24 
41 
25 
48 
11 
0 
54 
51 
16 
21 
61 
47 
18 
34 
45 
57 
43 
19 
13 
25 
47 
55 
29 
50 
51 
28 
14 
17 
47 
34 
62 
59 
2 
35 
61 
1 
18 
46 
27 
8 
0 
17 
38 
9 
24 
23 
37 
57 
61 
30 
25 
11 
13 
31 
61 
17 
64 
16 
12 
8 
38 
6 
31 
40 
20 
55 
54 
60 
59 
5 
17 
28 
53 
14 
34 
2 
46 
13 
9 
62 
0 
14 
55 
49 
13 
19 
47 
54 
17 
35 
28 
37 
48 
14 
59 
8 
27 
18 
34 
23 
53 
40 
16 
30 
57 
20 
61 
35 
17 
37 
23 
47 
48 
41 
12 
29 
18 
23 
28 
17 
57 
0 
55 
14 
51 
33 
21 
43 
47 
61 
31 
6 
57 
22 
34 
62 
30 
36 
28 
6 
40 
31 
19 
55 
7 
0 
58 
54 
48 
57 
40 
14 
17 
30 
11 
34 
2 
41 
32 
7 
57 
28 
59 
24 
25 
61 
10 
46 
14 
4 
34 
28 
54 
6 
61 
47 
19 
7 
17 
60 
62 
30 
5 
53 
4 
6 
38 
36 
31 
20 
47 
14 
17 
25 
48 
8 
43 
27 
54 
18 
22 
4 
29 
51 
2 
42 
58 
31 
55 
59 
20 
38 
63 
61 
19 
62 
45 
42 
17 
16 
8 
40 
53 
50 
61 
14 
29 
34 
37 
58 
33 
39 
31 
49 
17 
3 
57 
38 
47 
44 
21 
27 
34 
56 
60 
28 
61 
31 
35 
41 
22 
8 
51 
9 
19 
20 
32 
47 
30 
6 
2 
25 
46 
24 
38 
57 
60 
52 
34 
31 
0 
30 
62 
14 
53 
27 
33 
42 
9 
51 
10 
48 
1 
56 
38 
13 
47 
2 
63 
19 
43 
4 
51 
31 
18 
30 
54 
7 
1 
6 
33 
52 
16 
39 
13 
62 
32 
0 
38 
46 
24 
33 
9 
27 
59 
54 
2 
22 
57 
17 
12 
19 
30 
44 
34 
14 
21 
51 
20 
17 
0 
8 
19 
27 
28 
49 
60 
61 
52 
9 
25 
31 
2 
14 
29 
18 
7 
34 
38 
45 
17 
24 
40 
59 
61 
7 
51 
31 
47 
60 
6 
27 
17 
53 
38 
28 
62 
47 
13 
38 
14 
59 
48 
57 
30 
61 
39 
18 
62 
34 
44 
31 
17 
29 
6 
0 
47 
52 
7 
42 
25 
57 
59 
31 
30 
61 
32 
17 
2 
45 
53 
14 
48 
11 
1 
41 
7 
24 
46 
39 
57 
62 
59 
33 
17 
49 
58 
16 
14 
63 
30 
0 
38 
48 
40 
53 
62 
15 
59 
23 
47 
21 
41 
61 
53 
7 
11 
13 
59 
8 
40 
20 
15 
57 
19 
10 
30 
16 
24 
17 
14 
34 
57 
0 
2 
25 
59 
35 
17 
27 
16 
18 
44 
55 
2 
62 
41 
31 
57 
29 
15 
51 
59 
39 
18 
54 
14 
17 
47 
11 
2 
12 
30 
62 
60 
25 
15 
33 
23 
14 
13 
11 
6 
4 
31 
52 
7 
27 
17 
36 
49 
22 
30 
47 
19 
51 
50 
18 
0 
53 
2 
61 
16 
57 
38 
27 
33 
29 
13 
11 
7 
49 
61 
62 
17 
19 
27 
32 
41 
21 
52 
57 
34 
55 
38 
59 
17 
47 
49 
60 
14 
23 
31 
10 
9 
51 
11 
38 
40 
31 
57 
7 
56 
45 
60 
61 
59 
14 
58 
11 
31 
48 
27 
23 
47 
51 
29 
62 
16 
31 
57 
61 
19 
12 
52 
49 
58 
46 
37 
17 
9 
61 
8 
59 
44 
38 
18 
57 
40 
54 
49 
17 
21 
18 
60 
22 
55 
31 
9 
29 
36 
20 
39 
30 
54 
62 
0 
47 
14 
49 
2 
32 
6 
44 
15 
24 
31 
8 
23 
41 
53 
14 
16 
57 
30 
61 
11 
9 
47 
48 
25 
14 
51 
32 
56 
60 
30 
11 
2 
34 
43 
12 
0 
17 
38 
46 
18 
36 
19 
62 
60 
6 
17 
49 
2 
13 
59 
31 
48 
40 
61 
17 
19 
0 
26 
16 
23 
57 
31 
53 
7 
48 
14 
11 
57 
15 
9 
10 
13 
17 
52 
2 
47 
27 
28 
14 
8 
61 
15 
10 
4 
31 
11 
47 
30 
32 
59 
20 
58 
51 
29 
4 
37 
17 
28 
18 
59 
2 
15 
61 
7 
51 
55 
27 
17 
32 
0 
53 
48 
9 
1 
49 
16 
13 
47 
31 
0 
7 
6 
34 
63 
54 
55 
62 
17 
10 
45 
31 
22 
34 
8 
11 
7 
57 
36 
16 
0 
48 
30 
58 
51 
47 
24 
6 
7 
29 
21 
31 
38 
14 
19 
44 
7 
34 
25 
28 
55 
54 
9 
49 
58 
41 
38 
48 
59 
57 
8 
47 
51 
14 
59 
55 
15 
23 
17 
34 
57 
10 
44 
8 
9 
33 
31 
37 
59 
51 
13 
14 
61 
16 
18 
60 
40 
29 
21 
45 
38 
11 
43 
58 
33 
2 
17 
40 
13 
14 
20 
56 
46 
59 
47 
61 
15 
7 
17 
19 
22 
60 
34 
30 
31 
61 
12 
45 
23 
47 
43 
62 
13 
60 
16 
24 
37 
49 
52 
21 
17 
43 
2 
28 
0 
38 
49 
31 
1 
61 
7 
56 
55 
57 
59 
51 
31 
17 
6 
7 
0 
16 
8 
45 
34 
19 
29 
62 
0 
56 
59 
51 
6 
39 
34 
63 
25 
14 
8 
60 
40 
17 
38 
51 
11 
15 
48 
23 
49 
47 
6 
4 
15 
48 
33 
30 
8 
55 
31 
11 
51 
60 
53 
5 
28 
9 
29 
56 
14 
27 
25 
23 
43 
47 
11 
57 
60 
38 
8 
40 
51 
49 
17 
14 
59 
6 
30 
15 
10 
52 
49 
17 
32 
37 
48 
19 
64 
40 
6 
60 
54 
14 
58 
17 
27 
31 
63 
51 
59 
14 
30 
2 
52 
15 
29 
54 
57 
32 
8 
49 
17 
61 
64 
2 
19 
60 
17 
1 
38 
7 
30 
25 
47 
40 
24 
58 
41 
16 
4 
60 
54 
17 
61 
26 
40 
30 
21 
54 
12 
20 
8 
31 
62 
17 
39 
10 
51 
48 
57 
9 
18 
15 
58 
6 
35 
52 
61 
63 
19 
54 
13 
17 
20 
62 
49 
40 
8 
36 
28 
47 
11 
30 
63 
19 
23 
57 
25 
36 
46 
31 
54 
27 
64 
55 
52 
59 
17 
51 
21 
61 
31 
35 
42 
6 
60 
0 
7 
46 
57 
14 
15 
23 
45 
8 
38 
61 
56 
37 
2 
47 
25 
11 
0 
4 
56 
23 
17 
7 
61 
14 
45 
47 
49 
62 
22 
30 
17 
23 
54 
44 
6 
16 
51 
59 
60 
52 
61 
15 
62 
57 
17 
11 
25 
34 
47 
10 
40 
17 
7 
49 
14 
48 
59 
20 
18 
45 
54 
31 
51 
12 
21 
0 
2 
43 
18 
31 
8 
15 
38 
34 
30 
32 
16 
62 
1 
63 
15 
26 
11 
44 
9 
17 
36 
34 
48 
60 
57 
55 
32 
2 
53 
31 
34 
14 
35 
59 
45 
17 
33 
6 
26 
14 
48 
49 
4 
30 
62 
7 
18 
13 
32 
22 
59 
19 
0 
12 
34 
36 
61 
21 
35 
2 
57 
60 
46 
29 
8 
62 
17 
9 
56 
49 
59 
10 
0 
31 
45 
6 
22 
40 
51 
12 
38 
62 
28 
53 
14 
23 
47 
4 
58 
39 
44 
38 
57 
17 
9 
30 
31 
22 
47 
45 
14 
8 
34 
6 
17 
38 
30 
1 
52 
47 
6 
31 
57 
16 
43 
63 
10 
36 
55 
13 
51 
8 
35 
19 
14 
54 
44 
0 
17 
21 
52 
23 
15 
58 
57 
46 
59 
20 
14 
29 
47 
39 
4 
26 
6 
16 
48 
11 
19 
17 
31 
47 
34 
0 
62 
26 
15 
60 
2 
46 
18 
31 
58 
34 
51 
52 
32 
24 
38 
19 
61 
8 
37 
6 
17 
47 
33 
10 
7 
15 
57 
41 
14 
11 
17 
2 
31 
13 
33 
51 
19 
9 
45 
56 
16 
12 
40 
6 
51 
42 
34 
8 
52 
14 
20 
15 
0 
25 
4 
17 
13 
1 
57 
38 
2 
15 
60 
39 
17 
63 
51 
31 
28 
58 
15 
54 
40 
34 
39 
38 
10 
29 
7 
31 
54 
28 
4 
13 
14 
48 
25 
61 
46 
11 
31 
54 
12 
51 
59 
17 
19 
42 
34 
30 
57 
28 
38 
48 
17 
29 
36 
18 
33 
27 
1 
40 
17 
59 
48 
54 
49 
51 
11 
30 
31 
38 
56 
62 
6 
55 
9 
63 
34 
54 
36 
38 
17 
48 
35 
40 
4 
24 
10 
59 
42 
0 
32 
6 
52 
31 
21 
41 
24 
17 
14 
51 
47 
13 
15 
19 
45 
10 
55 
33 
11 
31 
57 
59 
26 
12 
7 
34 
8 
0 
21 
59 
51 
52 
57 
4 
20 
13 
14 
47 
58 
45 
18 
31 
23 
17 
43 
11 
2 
7 
8 
52 
20 
31 
18 
58 
46 
14 
39 
62 
40 
47 
19 
57 
56 
17 
8 
9 
59 
48 
14 
16 
58 
30 
39 
18 
57 
28 
32 
49 
21 
1 
47 
35 
17 
32 
59 
39 
57 
27 
11 
41 
19 
34 
10 
31 
0 
15 
25 
18 
27 
51 
13 
17 
30 
39 
62 
0 
63 
14 
23 
54 
19 
51 
45 
2 
16 
61 
39 
41 
21 
33 
55 
57 
35 
30 
0 
28 
49 
15 
59 
23 
58 
60 
24 
17 
61 
34 
51 
6 
27 
45 
25 
57 
30 
31 
4 
18 
28 
6 
38 
50 
54 
23 
17 
6 
11 
61 
28 
4 
26 
19 
37 
30 
2 
25 
47 
49 
28 
62 
59 
17 
11 
31 
8 
61 
15 
10 
14 
48 
30 
19 
59 
37 
12 
33 
52 
47 
22 
60 
3 
58 
10 
2 
7 
42 
41 
31 
32 
60 
17 
61 
15 
40 
20 
63 
47 
0 
54 
31 
10 
22 
12 
19 
37 
17 
4 
58 
20 
1 
27 
55 
49 
59 
15 
61 
60 
33 
28 
40 
17 
30 
62 
31 
48 
14 
7 
26 
52 
15 
51 
64 
46 
48 
60 
57 
20 
13 
55 
32 
59 
7 
0 
12 
61 
62 
19 
17 
53 
31 
63 
14 
44 
10 
54 
49 
52 
4 
7 
12 
51 
17 
59 
47 
58 
41 
20 
11 
6 
46 
24 
30 
52 
28 
17 
0 
18 
6 
9 
19 
26 
58 
14 
63 
48 
32 
17 
21 
41 
28 
47 
22 
57 
54 
23 
58 
62 
31 
59 
51 
61 
63 
40 
17 
47 
8 
31 
0 
19 
18 
48 
60 
17 
25 
57 
41 
9 
44 
59 
62 
2 
23 
35 
43 
51 
6 
23 
57 
45 
61 
0 
48 
60 
12 
10 
18 
37 
55 
19 
31 
16 
59 
24 
9 
47 
48 
51 
23 
8 
0 
20 
31 
15 
5 
24 
47 
13 
12 
28 
34 
45 
39 
53 
59 
62 
63 
40 
2 
23 
38 
56 
9 
57 
25 
36 
33 
28 
23 
8 
19 
30 
60 
21 
11 
22 
10 
58 
17 
40 
0 
38 
55 
44 
4 
43 
29 
7 
61 
45 
25 
19 
58 
54 
36 
48 
30 
13 
59 
4 
28 
40 
14 
7 
10 
51 
59 
18 
17 
57 
2 
47 
48 
33 
41 
62 
53 
25 
23 
61 
32 
17 
8 
11 
0 
1 
18 
28 
34 
59 
10 
51 
2 
30 
8 
38 
14 
58 
47 
59 
55 
11 
29 
34 
15 
31 
0 
46 
18 
3 
1 
2 
55 
14 
52 
58 
13 
48 
34 
23 
57 
53 
30 
25 
40 
59 
19 
60 
18 
12 
37 
54 
25 
42 
34 
51 
9 
55 
26 
28 
16 
40 
8 
63 
17 
12 
49 
62 
51 
27 
52 
40 
19 
48 
30 
13 
7 
12 
10 
17 
28 
18 
63 
31 
1 
34 
29 
53 
48 
16 
13 
6 
62 
36 
49 
41 
17 
58 
3 
18 
9 
61 
53 
48 
13 
19 
46 
30 
55 
60 
47 
41 
52 
32 
21 
14 
19 
27 
53 
35 
8 
43 
30 
15 
13 
31 
23 
0 
44 
51 
62 
57 
17 
30 
27 
14 
41 
18 
29 
40 
10 
13 
45 
25 
49 
59 
54 
14 
47 
22 
19 
48 
30 
50 
51 
53 
32 
43 
54 
2 
58 
9 
44 
57 
24 
13 
61 
17 
60 
11 
38 
14 
47 
21 
39 
6 
49 
37 
55 
4 
36 
2 
32 
42 
44 
53 
24 
22 
61 
10 
47 
56 
8 
51 
54 
57 
27 
48 
43 
56 
23 
17 
58 
53 
16 
57 
29 
35 
61 
23 
33 
31 
22 
16 
20 
4 
9 
49 
31 
21 
13 
45 
11 
28 
24 
26 
58 
0 
6 
7 
59 
8 
2 
43 
53 
41 
38 
12 
42 
39 
59 
21 
5 
28 
29 
14 
4 
61 
0 
51 
21 
33 
40 
23 
47 
20 
54 
30 
19 
6 
49 
37 
26 
7 
44 
0 
64 
16 
49 
23 
2 
14 
54 
57 
58 
18 
10 
51 
56 
61 
40 
59 
4 
58 
31 
47 
49 
7 
15 
9 
59 
34 
17 
1 
8 
24 
55 
20 
57 
17 
63 
46 
0 
34 
30 
14 
42 
62 
35 
19 
15 
17 
2 
7 
11 
31 
6 
8 
13 
10 
30 
40 
4 
45 
61 
9 
56 
12 
23 
44 
14 
63 
19 
55 
54 
17 
38 
37 
47 
46 
43 
33 
56 
0 
6 
48 
51 
23 
11 
17 
53 
57 
