37 
26 
12 
44 
11 
29 
22 
17 
19 
47 
8 
9 
64 
61 
30 
38 
25 
17 
14 
54 
12 
60 
19 
34 
35 
46 
64 
8 
7 
4 
59 
32 
8 
57 
29 
28 
6 
46 
30 
15 
14 
16 
4 
9 
54 
53 
44 
13 
19 
59 
38 
15 
52 
0 
17 
14 
7 
13 
27 
63 
38 
28 
57 
34 
15 
23 
14 
60 
24 
30 
45 
49 
63 
7 
41 
25 
64 
11 
54 
47 
0 
51 
61 
34 
45 
57 
43 
19 
28 
47 
13 
29 
50 
14 
47 
34 
62 
2 
35 
1 
18 
38 
46 
27 
8 
0 
24 
17 
23 
37 
57 
61 
30 
25 
11 
4 
31 
61 
43 
64 
46 
38 
8 
20 
6 
31 
40 
42 
55 
54 
60 
5 
62 
28 
14 
2 
34 
46 
13 
9 
55 
14 
49 
13 
47 
54 
17 
0 
37 
28 
59 
8 
38 
27 
18 
14 
23 
53 
40 
16 
30 
57 
20 
35 
61 
4 
17 
41 
47 
48 
27 
23 
29 
18 
35 
28 
57 
40 
22 
21 
55 
8 
0 
14 
43 
51 
33 
21 
47 
31 
45 
6 
22 
57 
44 
61 
18 
30 
36 
62 
40 
6 
19 
31 
55 
7 
4 
0 
54 
57 
40 
48 
30 
14 
17 
11 
34 
37 
32 
7 
18 
59 
24 
25 
61 
57 
4 
46 
41 
28 
34 
54 
47 
61 
7 
5 
60 
4 
17 
62 
38 
6 
53 
12 
36 
47 
31 
43 
14 
27 
5 
54 
18 
44 
4 
8 
29 
22 
42 
2 
38 
58 
55 
20 
63 
61 
19 
42 
62 
45 
16 
17 
53 
34 
29 
58 
33 
39 
49 
31 
17 
44 
38 
47 
57 
21 
27 
34 
35 
60 
28 
8 
41 
20 
51 
9 
32 
47 
30 
6 
2 
4 
25 
46 
24 
38 
60 
34 
53 
62 
27 
0 
31 
33 
30 
42 
26 
14 
10 
38 
1 
13 
47 
51 
9 
63 
2 
50 
4 
7 
19 
18 
1 
54 
51 
52 
16 
13 
62 
32 
38 
0 
33 
46 
24 
27 
2 
54 
17 
19 
9 
34 
44 
21 
60 
14 
30 
20 
51 
8 
0 
27 
19 
52 
25 
60 
18 
2 
14 
31 
7 
34 
38 
45 
41 
18 
24 
40 
17 
59 
7 
47 
27 
51 
38 
28 
31 
43 
38 
22 
14 
62 
57 
59 
30 
39 
18 
6 
24 
29 
52 
47 
5 
7 
25 
42 
57 
31 
30 
2 
45 
11 
1 
48 
32 
41 
7 
14 
24 
46 
23 
40 
57 
59 
62 
18 
7 
33 
49 
17 
39 
16 
14 
63 
38 
0 
4 
53 
62 
40 
21 
47 
59 
41 
53 
7 
38 
11 
8 
15 
20 
57 
19 
30 
24 
17 
14 
28 
57 
34 
0 
25 
35 
30 
16 
27 
18 
44 
2 
55 
62 
41 
31 
57 
29 
15 
39 
59 
54 
14 
11 
12 
17 
2 
47 
60 
30 
23 
11 
36 
6 
4 
26 
7 
52 
27 
49 
3 
30 
15 
22 
47 
19 
50 
18 
0 
53 
2 
38 
57 
27 
33 
29 
11 
13 
7 
49 
61 
62 
19 
32 
27 
41 
21 
52 
42 
57 
34 
38 
55 
17 
47 
60 
14 
23 
10 
31 
38 
40 
51 
57 
45 
60 
14 
11 
58 
59 
31 
47 
23 
52 
48 
16 
31 
57 
62 
12 
7 
58 
38 
46 
37 
17 
49 
61 
8 
44 
18 
40 
57 
54 
21 
17 
60 
18 
55 
36 
29 
20 
39 
22 
30 
54 
0 
4 
14 
47 
2 
44 
32 
6 
64 
24 
23 
41 
31 
53 
14 
57 
16 
30 
61 
47 
48 
42 
14 
51 
11 
32 
56 
60 
43 
34 
2 
30 
12 
0 
46 
17 
38 
36 
60 
49 
2 
13 
19 
59 
4 
40 
48 
64 
17 
26 
16 
0 
23 
38 
57 
53 
7 
48 
11 
14 
6 
15 
20 
10 
13 
2 
36 
27 
28 
47 
8 
9 
41 
4 
15 
11 
10 
47 
30 
32 
20 
58 
51 
59 
4 
29 
28 
31 
37 
18 
17 
64 
7 
15 
61 
55 
27 
24 
17 
32 
0 
9 
53 
49 
13 
16 
6 
7 
31 
63 
54 
55 
62 
4 
10 
34 
22 
8 
11 
7 
19 
57 
36 
16 
30 
0 
4 
58 
47 
24 
6 
7 
29 
21 
31 
38 
44 
7 
25 
28 
55 
12 
54 
9 
49 
41 
38 
48 
57 
59 
8 
47 
51 
14 
55 
15 
23 
34 
8 
57 
20 
44 
60 
43 
32 
9 
33 
31 
59 
23 
37 
51 
61 
14 
16 
18 
21 
40 
29 
45 
38 
11 
43 
2 
40 
13 
64 
43 
20 
56 
24 
11 
46 
47 
61 
17 
7 
50 
22 
1 
39 
60 
30 
31 
12 
40 
23 
45 
47 
63 
43 
62 
13 
16 
14 
52 
37 
24 
49 
43 
21 
2 
28 
38 
26 
49 
31 
1 
61 
56 
7 
64 
55 
57 
50 
45 
17 
43 
7 
16 
34 
29 
19 
62 
0 
56 
59 
6 
51 
39 
44 
25 
14 
40 
60 
38 
34 
15 
48 
51 
23 
49 
47 
6 
11 
4 
15 
55 
8 
9 
30 
5 
28 
29 
56 
11 
27 
25 
14 
31 
23 
47 
38 
57 
60 
51 
43 
8 
40 
11 
17 
6 
15 
49 
52 
10 
37 
64 
32 
14 
6 
40 
54 
58 
17 
27 
63 
51 
14 
4 
30 
2 
52 
7 
15 
29 
54 
57 
17 
49 
64 
2 
61 
19 
60 
20 
38 
1 
7 
17 
25 
40 
24 
41 
58 
4 
16 
54 
26 
40 
30 
12 
21 
54 
8 
31 
62 
17 
39 
10 
51 
56 
18 
48 
6 
35 
52 
3 
26 
63 
24 
13 
54 
15 
64 
49 
19 
40 
28 
36 
20 
8 
11 
30 
23 
25 
57 
36 
46 
54 
64 
55 
52 
21 
24 
51 
31 
61 
35 
42 
6 
0 
7 
46 
57 
15 
4 
14 
23 
45 
8 
61 
56 
37 
2 
11 
38 
4 
56 
23 
7 
14 
47 
62 
41 
17 
23 
42 
44 
54 
6 
30 
51 
16 
52 
60 
59 
40 
61 
11 
38 
57 
15 
34 
62 
47 
17 
10 
49 
48 
7 
25 
54 
59 
20 
45 
12 
21 
2 
18 
31 
15 
43 
51 
8 
38 
64 
18 
34 
41 
32 
44 
63 
15 
26 
36 
11 
9 
34 
17 
60 
55 
57 
32 
2 
34 
14 
59 
45 
33 
6 
26 
55 
42 
48 
4 
62 
50 
30 
14 
7 
18 
64 
13 
56 
19 
0 
23 
34 
36 
21 
46 
57 
29 
2 
62 
8 
60 
4 
59 
0 
45 
6 
22 
12 
38 
40 
62 
28 
53 
14 
23 
58 
4 
39 
44 
47 
38 
25 
17 
64 
45 
47 
8 
14 
34 
24 
31 
6 
38 
30 
42 
52 
1 
47 
39 
6 
43 
57 
36 
13 
35 
14 
63 
54 
8 
0 
44 
21 
17 
20 
19 
52 
23 
15 
57 
46 
50 
14 
20 
4 
39 
26 
16 
19 
11 
51 
47 
34 
31 
62 
26 
46 
15 
2 
18 
58 
29 
34 
51 
52 
24 
32 
38 
19 
37 
6 
33 
7 
15 
8 
41 
47 
17 
11 
31 
2 
33 
51 
16 
56 
12 
40 
42 
52 
34 
51 
20 
14 
8 
25 
0 
4 
1 
57 
17 
38 
2 
41 
15 
60 
39 
51 
28 
58 
15 
31 
64 
35 
34 
39 
20 
38 
10 
29 
15 
7 
27 
54 
28 
4 
25 
14 
48 
46 
31 
11 
12 
51 
17 
59 
42 
34 
57 
28 
38 
27 
36 
18 
29 
33 
1 
17 
40 
10 
48 
23 
21 
54 
51 
30 
38 
56 
6 
62 
55 
63 
36 
17 
48 
35 
4 
24 
42 
32 
0 
18 
52 
44 
6 
4 
41 
24 
14 
47 
51 
13 
15 
19 
55 
33 
21 
11 
26 
7 
31 
8 
34 
59 
0 
21 
51 
57 
52 
4 
45 
20 
14 
47 
58 
18 
23 
17 
43 
11 
2 
7 
8 
20 
18 
58 
56 
4 
46 
40 
14 
39 
28 
31 
62 
19 
57 
8 
5 
9 
59 
48 
33 
45 
39 
14 
28 
44 
57 
21 
32 
38 
1 
47 
19 
59 
32 
11 
7 
41 
27 
34 
43 
0 
25 
18 
15 
39 
30 
0 
23 
45 
54 
13 
19 
51 
2 
16 
41 
39 
21 
57 
55 
35 
28 
23 
15 
58 
59 
30 
60 
24 
45 
57 
25 
61 
4 
6 
28 
50 
39 
38 
54 
6 
1 
17 
11 
52 
61 
28 
23 
4 
26 
37 
30 
2 
25 
47 
49 
28 
18 
8 
61 
14 
30 
19 
4 
59 
37 
11 
12 
52 
22 
33 
47 
3 
60 
10 
58 
7 
42 
31 
15 
2 
17 
40 
20 
63 
47 
0 
54 
4 
10 
12 
19 
58 
20 
27 
1 
55 
16 
49 
15 
26 
60 
40 
28 
52 
30 
62 
48 
31 
26 
7 
1 
27 
52 
64 
51 
4 
45 
46 
13 
48 
57 
55 
7 
32 
18 
12 
61 
62 
19 
31 
52 
63 
33 
44 
53 
54 
17 
4 
7 
12 
51 
41 
20 
58 
47 
6 
11 
59 
46 
24 
52 
28 
17 
40 
18 
9 
26 
58 
6 
63 
48 
32 
28 
21 
41 
4 
47 
57 
34 
54 
62 
51 
59 
63 
40 
31 
12 
47 
8 
18 
19 
0 
17 
64 
60 
25 
57 
41 
44 
62 
9 
2 
23 
4 
35 
43 
23 
38 
45 
24 
0 
18 
12 
10 
37 
55 
57 
19 
16 
31 
59 
9 
48 
51 
24 
47 
0 
8 
20 
5 
15 
42 
12 
13 
23 
34 
28 
39 
45 
53 
63 
62 
40 
38 
23 
56 
36 
25 
33 
28 
30 
21 
22 
11 
10 
58 
55 
40 
38 
44 
4 
43 
7 
45 
25 
19 
16 
58 
36 
48 
64 
54 
30 
13 
4 
28 
59 
14 
10 
18 
2 
57 
47 
48 
17 
33 
41 
23 
25 
32 
17 
1 
43 
18 
28 
10 
51 
2 
8 
14 
58 
38 
34 
59 
11 
29 
55 
15 
30 
31 
0 
53 
46 
18 
3 
1 
2 
23 
14 
58 
52 
7 
13 
64 
48 
25 
40 
35 
59 
60 
19 
53 
18 
37 
12 
34 
26 
16 
55 
28 
40 
9 
15 
8 
63 
17 
12 
62 
51 
27 
52 
40 
19 
48 
13 
7 
18 
57 
1 
29 
34 
63 
53 
16 
48 
36 
7 
6 
62 
49 
41 
13 
44 
17 
58 
1 
3 
18 
9 
53 
48 
29 
46 
30 
55 
4 
60 
47 
41 
19 
21 
14 
27 
53 
43 
13 
8 
50 
35 
15 
44 
23 
62 
0 
30 
57 
1 
41 
27 
14 
18 
29 
40 
45 
13 
25 
10 
49 
14 
5 
22 
19 
30 
48 
50 
4 
47 
51 
53 
54 
43 
58 
44 
45 
9 
24 
13 
2 
60 
38 
11 
17 
21 
39 
6 
37 
49 
55 
4 
42 
36 
24 
53 
22 
47 
56 
54 
57 
27 
10 
48 
43 
23 
56 
53 
29 
16 
57 
46 
35 
61 
33 
22 
31 
19 
4 
16 
20 
49 
21 
45 
13 
11 
31 
26 
24 
41 
58 
0 
7 
6 
2 
43 
59 
42 
12 
38 
28 
39 
21 
5 
4 
29 
14 
0 
21 
51 
33 
40 
54 
15 
30 
19 
6 
45 
49 
26 
37 
44 
64 
20 
23 
16 
49 
14 
54 
57 
18 
58 
56 
40 
4 
51 
58 
7 
47 
54 
15 
49 
59 
9 
34 
1 
24 
17 
20 
8 
3 
63 
46 
0 
34 
35 
14 
30 
19 
15 
1 
17 
21 
7 
2 
45 
6 
31 
8 
10 
4 
56 
61 
12 
23 
44 
19 
63 
55 
54 
38 
52 
17 
47 
37 
46 
43 
33 
11 
56 
48 
51 
23 
53 
57 
