4 
18 
13 
21 
3 
2 
26 
14 
16 
20 
24 
26 
11 
13 
15 
8 
21 
18 
2 
22 
19 
1 
9 
23 
3 
10 
18 
2 
11 
21 
17 
13 
20 
8 
26 
4 
3 
12 
14 
21 
2 
18 
3 
22 
13 
10 
19 
21 
1 
11 
26 
8 
2 
21 
18 
3 
9 
24 
10 
12 
22 
26 
23 
2 
10 
14 
11 
3 
9 
21 
2 
19 
18 
5 
7 
12 
20 
26 
4 
9 
2 
3 
14 
25 
17 
12 
20 
21 
8 
22 
16 
11 
3 
9 
18 
2 
24 
15 
11 
21 
5 
18 
23 
2 
3 
22 
20 
14 
13 
6 
10 
21 
4 
18 
2 
3 
15 
11 
21 
12 
13 
24 
22 
1 
2 
11 
18 
20 
17 
12 
3 
4 
14 
21 
8 
2 
11 
26 
20 
19 
18 
3 
21 
22 
24 
11 
2 
9 
17 
18 
22 
20 
15 
3 
1 
11 
21 
2 
24 
8 
2 
26 
11 
5 
20 
18 
12 
4 
17 
14 
3 
8 
13 
21 
2 
10 
15 
18 
20 
1 
19 
26 
22 
2 
14 
18 
15 
3 
26 
21 
12 
20 
11 
24 
22 
9 
2 
13 
10 
19 
11 
26 
20 
18 
9 
0 
8 
3 
26 
21 
20 
22 
15 
2 
14 
10 
1 
11 
19 
18 
9 
2 
24 
26 
11 
22 
14 
21 
23 
8 
3 
1 
18 
19 
2 
26 
20 
21 
13 
11 
3 
14 
17 
18 
24 
20 
2 
26 
3 
11 
12 
24 
21 
1 
11 
2 
26 
3 
17 
18 
24 
2 
10 
21 
11 
22 
26 
20 
13 
1 
2 
4 
23 
5 
14 
8 
13 
18 
0 
21 
26 
15 
3 
2 
17 
14 
10 
22 
20 
11 
18 
21 
24 
2 
0 
12 
26 
5 
2 
10 
11 
7 
9 
26 
20 
21 
3 
14 
15 
2 
13 
18 
4 
3 
22 
10 
26 
24 
11 
25 
15 
12 
19 
21 
11 
20 
9 
26 
2 
18 
14 
3 
15 
2 
21 
10 
22 
11 
3 
18 
2 
14 
9 
26 
25 
2 
8 
11 
20 
22 
18 
17 
4 
9 
3 
18 
14 
2 
22 
13 
11 
20 
3 
26 
1 
18 
2 
3 
24 
21 
10 
8 
11 
5 
23 
2 
26 
3 
4 
12 
18 
21 
2 
14 
26 
10 
3 
24 
11 
15 
18 
5 
20 
21 
22 
13 
11 
2 
26 
3 
14 
18 
2 
21 
8 
20 
19 
17 
12 
22 
15 
10 
18 
11 
26 
21 
2 
26 
12 
11 
3 
22 
14 
20 
8 
21 
15 
24 
23 
2 
4 
11 
18 
26 
24 
10 
21 
2 
3 
11 
14 
17 
18 
20 
16 
3 
24 
11 
8 
12 
2 
3 
2 
22 
13 
21 
15 
26 
14 
18 
11 
20 
3 
1 
23 
2 
8 
21 
20 
0 
11 
10 
26 
18 
24 
22 
2 
5 
9 
26 
3 
21 
11 
2 
13 
9 
14 
3 
8 
15 
24 
21 
5 
18 
20 
11 
26 
2 
22 
0 
3 
2 
11 
26 
24 
1 
8 
21 
14 
9 
2 
17 
20 
4 
12 
2 
18 
3 
8 
11 
21 
22 
23 
14 
2 
18 
26 
11 
1 
20 
8 
3 
12 
18 
21 
13 
4 
2 
17 
19 
3 
11 
5 
20 
8 
1 
15 
18 
14 
10 
26 
22 
2 
21 
20 
12 
3 
11 
0 
1 
18 
2 
14 
4 
26 
2 
3 
21 
13 
20 
10 
18 
23 
24 
2 
19 
11 
12 
21 
2 
3 
26 
13 
20 
14 
3 
2 
10 
11 
15 
21 
18 
1 
24 
26 
2 
20 
3 
9 
21 
1 
10 
22 
25 
23 
18 
3 
13 
24 
21 
2 
26 
14 
20 
11 
3 
18 
25 
21 
1 
2 
0 
9 
26 
3 
11 
18 
20 
21 
2 
3 
4 
2 
15 
21 
12 
13 
26 
21 
9 
10 
3 
8 
14 
2 
0 
26 
12 
11 
22 
3 
18 
1 
24 
5 
2 
13 
26 
14 
18 
20 
2 
3 
21 
19 
22 
5 
4 
10 
11 
2 
18 
3 
20 
13 
22 
12 
21 
11 
2 
7 
26 
14 
3 
20 
11 
2 
18 
23 
21 
22 
4 
14 
11 
19 
2 
3 
10 
23 
21 
26 
2 
12 
13 
1 
3 
20 
22 
18 
15 
14 
11 
2 
20 
26 
22 
9 
3 
18 
8 
14 
2 
11 
4 
21 
26 
18 
13 
2 
12 
23 
20 
17 
3 
8 
10 
18 
21 
2 
14 
11 
26 
12 
8 
3 
22 
7 
20 
2 
23 
21 
5 
9 
18 
3 
10 
2 
15 
26 
20 
22 
21 
11 
9 
2 
1 
18 
8 
24 
3 
13 
22 
26 
17 
5 
2 
21 
11 
20 
3 
21 
2 
1 
23 
12 
10 
22 
13 
26 
18 
4 
24 
11 
20 
8 
2 
14 
9 
3 
12 
21 
22 
18 
2 
26 
3 
11 
20 
21 
2 
24 
17 
4 
13 
2 
6 
18 
1 
3 
2 
8 
20 
26 
21 
4 
24 
11 
3 
2 
18 
20 
3 
24 
21 
11 
2 
12 
23 
24 
3 
26 
15 
8 
22 
21 
11 
10 
2 
19 
20 
14 
1 
4 
3 
18 
23 
2 
12 
21 
17 
24 
19 
20 
11 
26 
1 
24 
2 
22 
9 
18 
12 
8 
26 
14 
20 
11 
10 
4 
3 
2 
5 
24 
18 
25 
21 
11 
9 
0 
20 
15 
18 
4 
26 
14 
11 
3 
2 
1 
9 
5 
24 
12 
21 
23 
18 
20 
2 
26 
9 
3 
10 
8 
22 
23 
21 
18 
2 
11 
26 
14 
24 
3 
20 
2 
12 
10 
21 
22 
9 
6 
12 
11 
2 
26 
3 
18 
8 
21 
20 
15 
11 
22 
10 
1 
2 
24 
12 
20 
11 
7 
26 
16 
3 
18 
21 
2 
22 
6 
8 
3 
15 
4 
18 
9 
1 
11 
23 
5 
2 
20 
3 
8 
24 
21 
12 
22 
4 
15 
2 
17 
26 
11 
8 
18 
21 
1 
2 
9 
3 
20 
15 
4 
13 
10 
14 
12 
26 
11 
17 
22 
2 
5 
21 
4 
18 
3 
11 
13 
8 
2 
21 
22 
1 
18 
3 
24 
10 
20 
2 
12 
14 
21 
9 
22 
3 
18 
11 
8 
26 
2 
4 
1 
20 
21 
18 
5 
14 
26 
13 
10 
2 
8 
22 
9 
1 
11 
26 
3 
2 
24 
4 
21 
20 
26 
18 
11 
2 
15 
12 
22 
21 
18 
2 
14 
4 
12 
17 
13 
8 
3 
1 
21 
20 
15 
10 
11 
4 
18 
26 
2 
24 
21 
5 
3 
18 
11 
12 
4 
2 
22 
8 
3 
10 
18 
11 
21 
26 
2 
23 
5 
17 
8 
14 
24 
11 
20 
21 
2 
18 
26 
3 
24 
8 
20 
18 
14 
26 
2 
21 
3 
11 
23 
16 
1 
2 
4 
3 
20 
8 
10 
26 
25 
22 
9 
21 
5 
11 
18 
16 
3 
24 
2 
14 
11 
26 
20 
2 
13 
24 
11 
26 
14 
12 
20 
18 
2 
3 
21 
15 
4 
22 
8 
2 
10 
20 
16 
11 
24 
9 
26 
14 
18 
3 
2 
23 
20 
22 
21 
4 
12 
8 
11 
9 
2 
3 
18 
13 
21 
0 
26 
2 
20 
10 
22 
19 
