81 
18 
100 
14 
99 
96 
53 
63 
60 
59 
46 
40 
25 
83 
75 
41 
57 
92 
30 
36 
0 
98 
59 
28 
33 
26 
27 
42 
1 
85 
101 
89 
30 
96 
59 
52 
66 
85 
60 
81 
67 
8 
3 
94 
87 
5 
42 
75 
20 
67 
83 
45 
41 
7 
49 
9 
30 
97 
20 
93 
49 
30 
64 
73 
36 
42 
94 
88 
24 
40 
33 
65 
9 
66 
33 
82 
69 
47 
43 
87 
97 
89 
83 
46 
23 
12 
96 
77 
11 
67 
100 
55 
1 
86 
15 
101 
84 
100 
90 
73 
51 
58 
44 
33 
90 
47 
89 
5 
22 
92 
63 
43 
59 
65 
12 
84 
40 
41 
13 
77 
90 
39 
79 
6 
96 
71 
8 
97 
67 
15 
48 
37 
70 
35 
96 
34 
75 
71 
46 
68 
10 
25 
51 
78 
28 
42 
11 
2 
64 
1 
0 
71 
99 
23 
55 
74 
95 
60 
20 
65 
12 
49 
58 
83 
22 
80 
81 
46 
7 
21 
60 
67 
95 
73 
89 
19 
9 
23 
66 
35 
30 
32 
82 
0 
67 
74 
84 
26 
5 
15 
10 
73 
98 
89 
29 
49 
18 
21 
40 
71 
22 
43 
58 
39 
23 
92 
50 
82 
68 
97 
76 
90 
42 
32 
33 
2 
41 
77 
60 
10 
73 
50 
81 
83 
66 
99 
4 
44 
46 
35 
49 
6 
33 
79 
42 
32 
2 
10 
37 
73 
67 
98 
101 
85 
100 
54 
11 
19 
17 
75 
29 
32 
44 
42 
52 
49 
76 
69 
64 
17 
4 
40 
5 
71 
43 
12 
3 
85 
78 
54 
88 
42 
59 
52 
34 
45 
51 
33 
58 
50 
20 
27 
42 
46 
30 
6 
69 
66 
3 
12 
19 
15 
43 
39 
42 
31 
100 
79 
69 
92 
32 
99 
29 
94 
74 
43 
42 
67 
32 
8 
20 
88 
49 
17 
98 
43 
61 
100 
50 
45 
42 
101 
58 
86 
6 
23 
54 
75 
21 
61 
84 
27 
78 
39 
99 
52 
60 
7 
26 
23 
4 
9 
22 
11 
101 
84 
23 
11 
85 
93 
21 
36 
61 
46 
47 
32 
64 
17 
67 
29 
52 
42 
84 
23 
51 
61 
37 
88 
50 
84 
2 
6 
24 
83 
41 
92 
94 
101 
42 
27 
11 
43 
2 
14 
23 
98 
60 
67 
15 
0 
50 
73 
25 
2 
66 
62 
42 
47 
85 
23 
43 
83 
29 
46 
36 
31 
79 
3 
73 
98 
69 
72 
6 
95 
46 
2 
39 
16 
8 
77 
41 
47 
83 
24 
75 
89 
42 
35 
49 
82 
80 
19 
51 
73 
66 
57 
92 
72 
53 
36 
8 
97 
1 
26 
15 
41 
62 
57 
31 
49 
78 
14 
29 
73 
93 
91 
32 
15 
43 
61 
74 
47 
81 
71 
73 
21 
75 
76 
31 
60 
42 
13 
12 
86 
3 
48 
44 
2 
4 
99 
29 
47 
13 
37 
39 
94 
58 
92 
9 
69 
42 
51 
11 
83 
71 
75 
98 
24 
29 
87 
61 
35 
85 
42 
64 
100 
22 
57 
95 
42 
91 
76 
5 
64 
17 
80 
83 
33 
51 
0 
40 
42 
100 
96 
78 
2 
66 
74 
80 
14 
83 
36 
67 
11 
33 
84 
70 
52 
6 
1 
12 
38 
97 
99 
70 
58 
51 
53 
47 
89 
76 
40 
29 
46 
34 
21 
58 
41 
96 
18 
85 
100 
61 
4 
19 
67 
99 
66 
0 
2 
43 
55 
60 
0 
98 
67 
32 
36 
43 
28 
97 
23 
58 
46 
100 
8 
98 
10 
26 
66 
51 
70 
3 
25 
90 
95 
26 
86 
38 
71 
35 
74 
26 
53 
31 
97 
25 
92 
75 
38 
6 
98 
15 
2 
67 
66 
96 
51 
25 
91 
97 
101 
55 
75 
77 
40 
27 
20 
9 
70 
26 
7 
17 
31 
64 
78 
49 
73 
53 
31 
98 
33 
70 
41 
80 
43 
63 
3 
79 
97 
33 
58 
10 
78 
29 
30 
5 
19 
28 
46 
4 
45 
47 
17 
31 
21 
69 
81 
27 
43 
25 
45 
29 
72 
84 
97 
92 
75 
35 
34 
98 
71 
3 
51 
21 
44 
50 
20 
74 
4 
11 
33 
64 
100 
32 
95 
85 
2 
36 
77 
81 
88 
59 
31 
15 
46 
90 
25 
67 
100 
97 
3 
59 
90 
43 
35 
7 
77 
26 
78 
29 
1 
96 
42 
52 
90 
23 
56 
31 
60 
33 
11 
42 
49 
32 
8 
66 
75 
43 
61 
18 
52 
56 
62 
88 
12 
23 
70 
41 
92 
11 
43 
23 
1 
76 
13 
21 
65 
98 
67 
43 
29 
54 
30 
57 
60 
51 
77 
101 
19 
63 
99 
43 
23 
26 
61 
8 
40 
91 
6 
22 
82 
52 
81 
94 
62 
101 
6 
77 
88 
99 
70 
66 
44 
85 
78 
35 
50 
54 
100 
38 
67 
93 
88 
3 
73 
78 
56 
47 
42 
7 
96 
0 
54 
66 
20 
22 
46 
43 
60 
29 
59 
32 
24 
22 
30 
68 
38 
43 
39 
51 
58 
46 
21 
42 
37 
91 
58 
75 
69 
38 
95 
33 
89 
1 
90 
77 
97 
24 
43 
91 
84 
31 
75 
20 
49 
17 
66 
32 
47 
50 
8 
66 
35 
68 
100 
74 
49 
91 
20 
17 
59 
35 
48 
56 
36 
84 
28 
1 
54 
73 
71 
59 
26 
93 
82 
74 
97 
25 
24 
43 
67 
77 
71 
47 
42 
60 
82 
63 
1 
94 
66 
13 
65 
46 
54 
40 
59 
49 
71 
42 
73 
90 
66 
92 
58 
27 
85 
28 
74 
91 
2 
32 
99 
59 
20 
36 
83 
56 
79 
43 
8 
17 
42 
50 
65 
14 
38 
2 
15 
53 
81 
45 
46 
40 
99 
83 
42 
90 
37 
88 
74 
99 
13 
73 
33 
93 
98 
8 
6 
22 
59 
19 
46 
90 
71 
4 
76 
99 
92 
70 
100 
96 
37 
26 
43 
92 
75 
77 
66 
14 
53 
5 
70 
17 
13 
89 
8 
21 
101 
5 
98 
51 
33 
35 
83 
96 
54 
77 
49 
68 
55 
61 
85 
10 
0 
51 
6 
66 
15 
23 
81 
72 
49 
89 
66 
62 
16 
75 
2 
61 
85 
49 
17 
100 
54 
71 
27 
55 
32 
73 
93 
85 
4 
0 
74 
59 
83 
89 
62 
99 
82 
41 
69 
75 
88 
65 
89 
73 
1 
89 
83 
21 
33 
96 
89 
85 
46 
90 
54 
36 
81 
73 
47 
68 
10 
17 
52 
13 
45 
55 
78 
69 
97 
11 
24 
77 
39 
92 
38 
10 
33 
86 
29 
45 
46 
59 
51 
67 
92 
81 
43 
8 
31 
100 
94 
26 
16 
55 
4 
8 
97 
48 
68 
101 
88 
9 
73 
31 
82 
69 
99 
84 
29 
93 
18 
82 
27 
52 
96 
26 
69 
78 
30 
8 
63 
20 
61 
5 
17 
83 
43 
8 
97 
29 
100 
59 
40 
35 
3 
84 
28 
8 
4 
82 
21 
96 
74 
11 
41 
73 
91 
92 
43 
100 
29 
13 
75 
57 
85 
69 
84 
0 
8 
93 
77 
55 
24 
43 
1 
58 
13 
92 
72 
79 
30 
88 
8 
74 
48 
43 
18 
61 
65 
26 
5 
19 
8 
12 
43 
72 
85 
84 
33 
44 
49 
71 
43 
77 
51 
83 
82 
2 
97 
92 
19 
90 
64 
39 
8 
26 
44 
89 
93 
43 
19 
82 
73 
51 
89 
22 
70 
95 
20 
79 
91 
8 
12 
54 
19 
76 
29 
43 
99 
100 
20 
89 
14 
54 
26 
24 
81 
31 
63 
3 
43 
46 
38 
11 
8 
86 
49 
81 
66 
63 
94 
83 
90 
26 
77 
33 
47 
66 
34 
39 
73 
97 
1 
66 
7 
40 
29 
82 
47 
60 
70 
15 
33 
12 
25 
36 
46 
100 
19 
5 
37 
17 
83 
70 
97 
78 
16 
89 
99 
41 
31 
60 
71 
6 
30 
69 
29 
52 
92 
11 
54 
86 
85 
73 
42 
49 
4 
76 
98 
66 
26 
77 
20 
91 
24 
41 
52 
97 
42 
13 
20 
29 
77 
8 
100 
66 
9 
4 
79 
57 
93 
101 
96 
74 
66 
98 
52 
9 
26 
27 
89 
49 
44 
65 
95 
26 
66 
7 
63 
99 
59 
58 
46 
91 
2 
4 
69 
99 
66 
33 
24 
20 
1 
26 
36 
19 
31 
74 
23 
45 
50 
51 
87 
100 
49 
0 
26 
31 
69 
4 
42 
84 
56 
69 
82 
89 
3 
65 
11 
70 
27 
19 
2 
16 
66 
51 
62 
17 
56 
10 
70 
26 
97 
64 
22 
81 
75 
15 
11 
3 
63 
99 
2 
57 
41 
69 
21 
76 
20 
88 
17 
87 
65 
94 
97 
7 
25 
54 
68 
79 
80 
32 
83 
19 
92 
2 
69 
7 
35 
97 
30 
89 
39 
101 
51 
25 
69 
13 
37 
26 
1 
60 
86 
100 
83 
96 
29 
5 
23 
0 
52 
62 
73 
33 
76 
69 
63 
27 
50 
75 
13 
41 
14 
46 
88 
42 
3 
52 
63 
5 
26 
12 
83 
82 
23 
36 
74 
47 
65 
27 
14 
8 
24 
54 
39 
40 
77 
66 
37 
4 
0 
26 
2 
11 
51 
21 
36 
61 
54 
74 
19 
94 
12 
30 
100 
84 
18 
89 
75 
50 
26 
83 
98 
2 
71 
47 
42 
46 
40 
78 
80 
3 
15 
22 
73 
82 
79 
54 
2 
71 
33 
101 
42 
70 
64 
46 
83 
7 
78 
30 
18 
16 
71 
47 
60 
43 
3 
93 
45 
13 
44 
19 
62 
61 
82 
58 
83 
11 
26 
79 
66 
76 
14 
42 
100 
13 
23 
25 
4 
30 
96 
97 
18 
11 
33 
58 
71 
38 
46 
37 
47 
90 
26 
55 
69 
7 
47 
59 
15 
83 
6 
24 
76 
69 
46 
66 
3 
100 
8 
18 
36 
11 
23 
26 
63 
98 
75 
32 
91 
43 
2 
47 
67 
77 
42 
54 
17 
46 
38 
65 
2 
73 
55 
67 
64 
35 
11 
84 
70 
24 
77 
46 
18 
26 
4 
79 
93 
2 
88 
94 
84 
88 
30 
45 
11 
72 
6 
31 
68 
84 
33 
80 
25 
65 
43 
24 
95 
58 
90 
76 
82 
30 
56 
47 
11 
4 
43 
84 
24 
60 
17 
23 
38 
36 
89 
98 
7 
5 
81 
83 
13 
6 
71 
29 
78 
97 
82 
12 
42 
47 
1 
20 
100 
28 
66 
80 
43 
35 
46 
34 
24 
79 
12 
33 
45 
73 
75 
43 
59 
53 
46 
66 
28 
11 
62 
93 
100 
60 
46 
18 
1 
81 
67 
15 
33 
69 
66 
50 
18 
28 
40 
59 
89 
76 
58 
15 
49 
