72 
59 
63 
26 
11 
53 
98 
84 
51 
50 
66 
2 
40 
99 
92 
74 
89 
25 
77 
6 
44 
33 
9 
67 
10 
31 
24 
70 
14 
78 
79 
95 
1 
28 
87 
80 
81 
55 
18 
97 
88 
41 
75 
71 
99 
0 
45 
86 
82 
36 
7 
2 
100 
70 
58 
96 
53 
42 
49 
84 
73 
35 
15 
60 
92 
22 
31 
40 
27 
8 
11 
16 
93 
59 
77 
21 
90 
38 
63 
20 
67 
64 
87 
44 
47 
85 
10 
45 
29 
96 
72 
24 
74 
13 
50 
4 
1 
88 
73 
49 
81 
33 
31 
83 
53 
28 
52 
79 
34 
75 
51 
82 
70 
8 
92 
44 
58 
101 
66 
64 
10 
63 
37 
16 
77 
18 
78 
95 
42 
9 
71 
60 
100 
5 
15 
40 
20 
94 
35 
74 
22 
81 
13 
39 
45 
14 
89 
67 
7 
83 
3 
19 
76 
61 
17 
16 
38 
91 
81 
92 
1 
36 
35 
85 
82 
40 
72 
84 
96 
97 
37 
33 
14 
75 
79 
100 
8 
99 
80 
20 
29 
58 
41 
18 
81 
46 
54 
15 
98 
95 
10 
77 
24 
6 
43 
47 
16 
70 
88 
7 
91 
53 
67 
101 
9 
27 
74 
56 
42 
33 
97 
76 
81 
51 
2 
34 
49 
35 
44 
17 
45 
71 
21 
78 
59 
72 
63 
95 
57 
65 
4 
88 
94 
58 
40 
79 
93 
47 
18 
15 
84 
66 
36 
16 
89 
37 
35 
46 
92 
10 
57 
11 
8 
22 
30 
98 
61 
39 
12 
75 
64 
51 
58 
4 
82 
74 
81 
96 
3 
2 
66 
91 
41 
94 
59 
1 
38 
57 
93 
72 
36 
17 
67 
97 
20 
10 
30 
29 
16 
84 
60 
24 
34 
63 
5 
18 
35 
88 
47 
54 
13 
15 
31 
75 
94 
40 
32 
29 
10 
42 
77 
45 
8 
82 
3 
41 
44 
64 
98 
85 
86 
16 
95 
38 
51 
17 
28 
65 
57 
55 
63 
66 
11 
78 
84 
2 
62 
93 
73 
80 
74 
23 
13 
6 
52 
4 
86 
53 
34 
44 
29 
95 
65 
32 
77 
10 
0 
50 
100 
96 
85 
9 
43 
64 
68 
89 
17 
38 
11 
5 
76 
14 
15 
81 
45 
72 
40 
83 
35 
36 
82 
62 
2 
101 
8 
18 
80 
3 
6 
42 
20 
94 
7 
59 
22 
13 
27 
70 
79 
1 
28 
92 
31 
19 
86 
52 
44 
95 
24 
29 
39 
41 
98 
71 
89 
35 
100 
34 
17 
45 
72 
0 
4 
30 
94 
64 
63 
73 
18 
42 
78 
99 
77 
67 
9 
8 
79 
14 
50 
59 
10 
90 
27 
44 
58 
21 
17 
23 
13 
29 
91 
20 
6 
81 
1 
101 
47 
35 
85 
51 
66 
16 
34 
41 
93 
84 
36 
74 
94 
3 
75 
62 
73 
96 
37 
99 
55 
57 
71 
56 
32 
63 
59 
69 
72 
8 
17 
0 
13 
67 
29 
31 
27 
7 
12 
33 
54 
10 
16 
44 
38 
30 
52 
35 
65 
3 
98 
21 
89 
6 
23 
86 
84 
47 
79 
78 
95 
14 
77 
24 
81 
20 
74 
92 
51 
18 
46 
27 
28 
37 
65 
7 
62 
58 
13 
42 
8 
73 
70 
22 
1 
80 
33 
5 
64 
57 
17 
98 
26 
52 
67 
95 
83 
29 
35 
81 
31 
100 
79 
11 
0 
15 
45 
44 
97 
94 
93 
9 
36 
75 
10 
51 
99 
74 
34 
86 
46 
2 
78 
30 
21 
8 
67 
1 
77 
20 
28 
26 
65 
64 
45 
7 
25 
49 
29 
70 
9 
38 
71 
75 
57 
14 
58 
84 
18 
59 
69 
16 
3 
37 
41 
89 
4 
48 
46 
27 
17 
44 
77 
94 
23 
74 
31 
33 
9 
19 
95 
24 
98 
93 
99 
34 
65 
83 
64 
67 
18 
69 
66 
85 
58 
73 
75 
2 
47 
11 
13 
4 
5 
36 
42 
52 
50 
45 
28 
21 
38 
70 
8 
92 
40 
37 
80 
20 
39 
60 
41 
96 
15 
55 
79 
62 
86 
78 
35 
49 
16 
100 
43 
51 
30 
31 
59 
99 
9 
77 
13 
3 
14 
94 
17 
10 
27 
71 
4 
5 
45 
63 
21 
73 
47 
84 
82 
61 
64 
67 
93 
72 
92 
38 
44 
58 
16 
33 
52 
96 
51 
8 
59 
78 
2 
49 
7 
80 
97 
95 
34 
77 
86 
15 
99 
18 
4 
22 
28 
23 
66 
47 
81 
32 
88 
75 
83 
45 
36 
71 
100 
46 
8 
41 
21 
7 
84 
13 
62 
35 
18 
30 
33 
11 
29 
5 
44 
73 
78 
58 
81 
52 
17 
0 
27 
92 
100 
26 
42 
90 
96 
34 
99 
24 
69 
2 
21 
47 
94 
38 
97 
88 
67 
72 
3 
55 
23 
59 
91 
8 
83 
22 
20 
74 
87 
75 
80 
29 
14 
15 
66 
28 
79 
96 
16 
57 
5 
44 
71 
52 
100 
77 
40 
31 
4 
58 
70 
11 
27 
45 
63 
65 
18 
35 
67 
98 
101 
41 
75 
2 
49 
7 
84 
42 
12 
24 
29 
21 
38 
14 
72 
53 
78 
51 
94 
1 
59 
17 
50 
34 
88 
68 
80 
84 
82 
46 
44 
76 
81 
33 
69 
70 
27 
4 
30 
35 
75 
67 
5 
57 
22 
90 
14 
13 
58 
92 
6 
48 
42 
66 
24 
7 
65 
9 
49 
80 
100 
68 
51 
8 
86 
47 
39 
84 
11 
94 
78 
52 
101 
75 
18 
79 
82 
4 
36 
63 
22 
14 
33 
99 
74 
96 
62 
29 
40 
3 
23 
47 
66 
20 
48 
5 
8 
34 
2 
71 
15 
84 
31 
37 
87 
58 
89 
44 
86 
36 
64 
67 
16 
83 
95 
98 
69 
28 
24 
55 
61 
81 
70 
59 
99 
6 
57 
41 
93 
7 
73 
51 
66 
62 
44 
47 
53 
86 
17 
77 
22 
8 
95 
54 
14 
29 
43 
34 
38 
25 
58 
45 
67 
98 
37 
18 
31 
75 
88 
90 
79 
33 
2 
24 
64 
36 
21 
78 
89 
81 
49 
59 
11 
15 
97 
87 
12 
35 
82 
10 
48 
93 
84 
28 
46 
73 
34 
92 
79 
36 
96 
42 
52 
100 
2 
38 
39 
16 
40 
21 
11 
81 
32 
8 
85 
45 
24 
70 
12 
97 
41 
17 
5 
29 
83 
31 
80 
52 
20 
76 
78 
71 
58 
62 
89 
79 
77 
33 
30 
86 
101 
2 
88 
34 
18 
59 
15 
5 
49 
94 
82 
81 
65 
4 
38 
50 
24 
71 
83 
57 
45 
0 
51 
75 
35 
47 
29 
96 
97 
67 
76 
42 
84 
14 
36 
44 
4 
31 
0 
12 
93 
33 
86 
32 
56 
80 
62 
27 
77 
63 
7 
18 
34 
88 
42 
45 
64 
82 
16 
73 
87 
79 
57 
96 
81 
51 
61 
8 
35 
76 
89 
13 
85 
67 
40 
9 
27 
20 
37 
98 
0 
41 
82 
4 
99 
33 
66 
81 
17 
31 
84 
86 
29 
47 
30 
11 
38 
74 
77 
45 
54 
8 
50 
10 
35 
78 
15 
95 
64 
42 
82 
57 
100 
53 
85 
58 
99 
12 
92 
3 
71 
7 
28 
32 
62 
36 
4 
2 
39 
93 
83 
8 
19 
56 
27 
15 
55 
98 
35 
10 
72 
80 
0 
70 
11 
21 
52 
37 
99 
81 
65 
9 
45 
44 
61 
92 
71 
73 
40 
54 
41 
48 
94 
78 
30 
47 
67 
95 
39 
23 
20 
93 
0 
4 
50 
66 
83 
27 
64 
49 
21 
63 
45 
87 
13 
86 
34 
71 
22 
51 
29 
94 
75 
39 
52 
68 
67 
38 
1 
77 
4 
35 
91 
18 
20 
42 
100 
92 
45 
101 
53 
73 
96 
16 
34 
13 
11 
80 
33 
99 
78 
62 
70 
88 
93 
29 
79 
41 
40 
47 
3 
4 
37 
30 
13 
46 
35 
23 
17 
8 
83 
66 
65 
56 
64 
100 
44 
99 
15 
0 
77 
84 
80 
95 
38 
62 
71 
20 
3 
2 
21 
4 
14 
28 
43 
52 
10 
31 
67 
12 
34 
96 
44 
35 
69 
29 
94 
75 
18 
85 
2 
79 
93 
38 
99 
7 
80 
64 
49 
63 
37 
27 
13 
76 
5 
83 
81 
73 
40 
25 
77 
46 
30 
95 
11 
3 
59 
57 
92 
34 
38 
14 
65 
58 
71 
43 
88 
28 
96 
8 
4 
99 
17 
32 
45 
85 
83 
29 
62 
41 
78 
67 
80 
51 
18 
20 
70 
50 
48 
74 
11 
44 
2 
73 
86 
52 
31 
14 
81 
72 
82 
90 
63 
47 
97 
59 
75 
7 
94 
13 
29 
95 
96 
49 
100 
51 
78 
27 
79 
38 
28 
42 
20 
4 
64 
54 
98 
35 
24 
15 
87 
101 
67 
41 
80 
89 
99 
3 
45 
37 
65 
18 
66 
88 
10 
32 
33 
36 
60 
53 
57 
1 
83 
28 
93 
62 
69 
74 
38 
52 
44 
42 
11 
96 
8 
27 
15 
12 
78 
46 
89 
73 
20 
99 
63 
67 
41 
24 
95 
4 
40 
3 
72 
19 
75 
37 
7 
57 
92 
94 
13 
1 
65 
34 
68 
88 
59 
84 
80 
61 
31 
49 
36 
14 
47 
91 
10 
8 
97 
71 
93 
79 
29 
52 
78 
28 
2 
45 
51 
13 
7 
67 
1 
80 
98 
73 
92 
35 
77 
81 
49 
15 
72 
65 
99 
26 
71 
24 
95 
96 
36 
63 
93 
4 
67 
20 
22 
31 
40 
69 
54 
34 
92 
52 
77 
32 
99 
33 
58 
72 
98 
27 
74 
75 
64 
39 
13 
10 
23 
61 
35 
73 
51 
76 
80 
63 
86 
93 
83 
22 
78 
89 
67 
66 
29 
20 
2 
18 
37 
9 
30 
3 
6 
44 
40 
47 
15 
26 
81 
69 
99 
41 
96 
8 
70 
34 
75 
36 
4 
17 
59 
45 
66 
67 
77 
94 
55 
38 
52 
46 
35 
73 
22 
83 
88 
85 
3 
72 
20 
50 
51 
63 
87 
8 
89 
101 
100 
70 
74 
21 
31 
41 
29 
80 
10 
62 
48 
96 
37 
27 
98 
15 
76 
66 
42 
81 
71 
35 
67 
2 
34 
0 
75 
82 
22 
65 
1 
70 
18 
7 
5 
8 
83 
63 
49 
16 
31 
24 
69 
40 
89 
51 
32 
34 
14 
84 
88 
29 
61 
17 
72 
95 
96 
70 
2 
58 
75 
32 
100 
42 
59 
94 
83 
5 
34 
65 
13 
98 
41 
4 
10 
96 
101 
33 
76 
44 
45 
20 
47 
40 
37 
80 
99 
8 
79 
83 
7 
87 
74 
57 
96 
23 
29 
66 
81 
41 
85 
93 
36 
3 
78 
10 
5 
63 
98 
15 
35 
32 
13 
58 
9 
33 
100 
64 
92 
45 
17 
49 
80 
48 
76 
30 
40 
47 
56 
77 
28 
65 
86 
83 
11 
99 
67 
44 
35 
58 
31 
33 
85 
71 
16 
29 
21 
8 
15 
84 
4 
37 
10 
62 
24 
93 
83 
27 
81 
57 
98 
40 
20 
91 
63 
7 
79 
74 
67 
33 
47 
18 
82 
21 
2 
45 
17 
77 
0 
99 
55 
80 
16 
52 
37 
12 
35 
9 
3 
95 
96 
53 
48 
85 
81 
100 
5 
89 
83 
59 
56 
42 
75 
67 
44 
63 
88 
31 
27 
98 
22 
97 
58 
21 
73 
74 
94 
78 
36 
15 
20 
1 
45 
71 
37 
29 
2 
77 
83 
34 
7 
31 
86 
56 
68 
64 
57 
10 
13 
46 
97 
51 
59 
33 
4 
81 
62 
92 
28 
30 
35 
38 
73 
74 
47 
94 
91 
61 
82 
67 
8 
76 
19 
45 
55 
65 
56 
75 
52 
100 
79 
41 
95 
12 
13 
1 
96 
10 
78 
84 
21 
22 
85 
64 
20 
62 
83 
77 
31 
17 
53 
24 
92 
15 
86 
48 
43 
3 
66 
93 
14 
82 
34 
47 
44 
55 
7 
27 
51 
89 
100 
81 
71 
11 
85 
35 
97 
80 
76 
79 
73 
37 
28 
99 
75 
40 
45 
88 
65 
83 
