0.016300 
0.017100 
0.024300 
0.026600 
0.033700 
0.035700 
0.035900 
0.040700 
0.043800 
0.043800 
0.049100 
0.050500 
0.051200 
0.052300 
0.056500 
0.059000 
0.061900 
0.063300 
0.064200 
0.066200 
0.067100 
0.067600 
0.074700 
0.075300 
0.081100 
0.086100 
0.094800 
0.095900 
0.097900 
0.098900 
0.099500 
0.102700 
0.103700 
0.106800 
0.115000 
0.118300 
0.122400 
0.128800 
0.129400 
0.131500 
0.136600 
0.136600 
0.137500 
0.137700 
0.149500 
0.151400 
0.155200 
0.155400 
0.160800 
0.161900 
0.165500 
0.166200 
0.166300 
0.166700 
0.168600 
0.172200 
0.174800 
0.176200 
0.176300 
0.177400 
0.181400 
0.183800 
0.184000 
0.185000 
0.186100 
0.186700 
0.187400 
0.190600 
0.190600 
0.195900 
0.200500 
0.205300 
0.206700 
0.207900 
0.208900 
0.215600 
0.215700 
0.215900 
0.220200 
0.221500 
0.222300 
0.223800 
0.224600 
0.226600 
0.229700 
0.231100 
0.232600 
0.233000 
0.237700 
0.239300 
0.241300 
0.245000 
0.246600 
0.248600 
0.251100 
0.251600 
0.252700 
0.253000 
0.259400 
0.266100 
0.266900 
0.266900 
0.267900 
0.270800 
0.271800 
0.275000 
0.275800 
0.278200 
0.279400 
0.281300 
0.282600 
0.283700 
0.283800 
0.287800 
0.289200 
0.291300 
0.291900 
0.293800 
0.294800 
0.296400 
0.298000 
0.298500 
0.299300 
0.300400 
0.300800 
0.311600 
0.312100 
0.317600 
0.319100 
0.319200 
0.320400 
0.321600 
0.321700 
0.321800 
0.330500 
0.332900 
0.335500 
0.335700 
0.342000 
0.343600 
0.343600 
0.345100 
0.347300 
0.352100 
0.354100 
0.354600 
0.354800 
0.360600 
0.361900 
0.363400 
0.366000 
0.372700 
0.374200 
0.374400 
0.376100 
0.377400 
0.377700 
0.382300 
0.382800 
0.384300 
0.387200 
0.388000 
0.391900 
0.397000 
0.398700 
0.400000 
0.400200 
0.401100 
0.409500 
0.410600 
0.420200 
0.420800 
0.422200 
0.422400 
0.422800 
0.429100 
0.430000 
0.430900 
0.435400 
0.436400 
0.437200 
0.438000 
0.440700 
0.440900 
0.441600 
0.442500 
0.443300 
0.444700 
0.447300 
0.449000 
0.449800 
0.450500 
0.450600 
0.451100 
0.453000 
0.454300 
0.454800 
0.458300 
0.459700 
0.471200 
0.473300 
0.474100 
0.474300 
0.480300 
0.481200 
0.482100 
0.483800 
0.483900 
0.484700 
0.486800 
0.487200 
0.491200 
0.491400 
0.494800 
0.495400 
0.495400 
0.495600 
0.496400 
0.502200 
0.503500 
0.504800 
0.504800 
0.507300 
0.508400 
0.509700 
0.516700 
0.517800 
0.518900 
0.520000 
0.520500 
0.520700 
0.521700 
0.522000 
0.526600 
0.527900 
0.528900 
0.532100 
0.532200 
0.532500 
0.533000 
0.533200 
0.535700 
0.537100 
0.539600 
0.545300 
0.545400 
0.545800 
0.555600 
0.555900 
0.557800 
0.559000 
0.560300 
0.561300 
0.561400 
0.564000 
0.567600 
0.567600 
0.569500 
0.569900 
0.572000 
0.573000 
0.574600 
0.575100 
0.577500 
0.578000 
0.581600 
0.582300 
0.582800 
0.586100 
0.586900 
0.592500 
0.595100 
0.602200 
0.603400 
0.603400 
0.604200 
0.605700 
0.610800 
0.611300 
0.612800 
0.613900 
0.616000 
0.619300 
0.626900 
0.627100 
0.627600 
0.628100 
0.639200 
0.639600 
0.639800 
0.648000 
0.655400 
0.657900 
0.658000 
0.660800 
0.662200 
0.667700 
0.668400 
0.670400 
0.670600 
0.671900 
0.671900 
0.672200 
0.673300 
0.675700 
0.676000 
0.677600 
0.680000 
0.680300 
0.681700 
0.686800 
0.687200 
0.687400 
0.690500 
0.695100 
0.696300 
0.699300 
0.699500 
0.702800 
0.704200 
0.707100 
0.708200 
0.710800 
0.713500 
0.716200 
0.718100 
0.721900 
0.722000 
0.723600 
0.727500 
0.729600 
0.729800 
0.731500 
0.738800 
0.739500 
0.742200 
0.749900 
0.750200 
0.751300 
0.752100 
0.755500 
0.757700 
0.759100 
0.760900 
0.762700 
0.766200 
0.768200 
0.769300 
0.770900 
0.775600 
0.776000 
0.779300 
0.779400 
0.779800 
0.780600 
0.783100 
0.785900 
0.787100 
0.789800 
0.790800 
0.791900 
0.792000 
0.794900 
0.796000 
0.798700 
0.800000 
0.801300 
0.802300 
0.805800 
0.806100 
0.806600 
0.807700 
0.814700 
0.816500 
0.816700 
0.817900 
0.819300 
0.822800 
0.825500 
0.826800 
0.828700 
0.832100 
0.833100 
0.835800 
0.836700 
0.838200 
0.845100 
0.846300 
0.859600 
0.860800 
0.861000 
0.863300 
0.863400 
0.864600 
0.865000 
0.866300 
0.866800 
0.867400 
0.868300 
0.870600 
0.875100 
0.882900 
0.883400 
0.883600 
0.884400 
0.886800 
0.889900 
0.891400 
0.893100 
0.898300 
0.899400 
0.901900 
0.905700 
0.908000 
0.909800 
0.914000 
0.915600 
0.918200 
0.923700 
0.924600 
0.926700 
0.927000 
0.927100 
0.927600 
0.932800 
0.933500 
0.934900 
0.935000 
0.935600 
0.936300 
0.937800 
0.944000 
0.946100 
0.948600 
0.949100 
0.949200 
0.949300 
0.952400 
0.952600 
0.958200 
0.961200 
0.963500 
0.964500 
0.965700 
0.965900 
0.966400 
0.967600 
0.968100 
0.968200 
0.968300 
0.969000 
0.969100 
0.969800 
0.978000 
0.978100 
0.983700 
0.984800 
0.985000 
0.986800 
0.987000 
0.990700 
0.997000 
1.001300 
1.002000 
1.002500 
1.003200 
1.006200 
1.010000 
1.011000 
1.011000 
1.012700 
1.016700 
1.019100 
1.023900 
1.027000 
1.031800 
1.032100 
1.032400 
1.033900 
1.035700 
1.036100 
1.041700 
1.041800 
1.041900 
1.042000 
1.042700 
1.046700 
1.049600 
1.051000 
1.051700 
1.055200 
1.057200 
1.057900 
1.059600 
1.060800 
1.066200 
1.066400 
1.070800 
1.071700 
1.072800 
1.075000 
1.077800 
1.084400 
1.084500 
1.085500 
1.091400 
1.092500 
1.093600 
1.097300 
1.100700 
1.101800 
1.102300 
1.107500 
1.109000 
1.114000 
1.115700 
1.119300 
1.119900 
1.120000 
1.121600 
1.121700 
1.122600 
1.124700 
1.128600 
1.129500 
1.131100 
1.136700 
1.137500 
1.142200 
1.142600 
1.142600 
1.148700 
1.150900 
1.153100 
1.153800 
1.155300 
1.156300 
1.158000 
1.161000 
1.165400 
1.168300 
1.168600 
1.171800 
1.172900 
1.174300 
1.175200 
1.176200 
1.176600 
1.177600 
1.179800 
1.181100 
1.183900 
1.184100 
1.186800 
1.189000 
1.189200 
1.191700 
1.193200 
1.193400 
1.203700 
1.207200 
1.210100 
1.210200 
1.212100 
1.213300 
1.213800 
1.219600 
1.220400 
1.223000 
1.224300 
1.225400 
1.228000 
1.228100 
1.228600 
1.228900 
1.229200 
1.231900 
1.233400 
1.237400 
1.237600 
1.241700 
1.242400 
1.243700 
1.248600 
1.254600 
1.255100 
1.260100 
1.265400 
1.265700 
1.266000 
1.269300 
1.272200 
1.275100 
1.277000 
1.278400 
1.285100 
1.286900 
1.288400 
1.290000 
1.295400 
1.298500 
1.300800 
1.307000 
1.311000 
1.312600 
1.314900 
1.314900 
1.315100 
1.316400 
1.321200 
1.324000 
1.327800 
1.336300 
1.341800 
1.342100 
1.344100 
1.345400 
1.347000 
1.347600 
1.347900 
1.349300 
1.352200 
1.354300 
1.357700 
1.360600 
1.361800 
1.369000 
1.369300 
1.371200 
1.371500 
1.374600 
1.375400 
1.378500 
1.382400 
1.386900 
1.387800 
1.388400 
1.391600 
1.394300 
1.395300 
1.397300 
1.399300 
1.404600 
1.405200 
1.407500 
1.408500 
1.409500 
1.412600 
1.413700 
1.414900 
1.418200 
1.419100 
1.423300 
1.426200 
1.427700 
1.433700 
1.434000 
1.436000 
1.440100 
1.441200 
1.443200 
1.444200 
1.446900 
1.447900 
1.448900 
1.449500 
1.450000 
1.450900 
1.456500 
1.456500 
1.458400 
1.464900 
1.465400 
1.465500 
1.466200 
1.468900 
1.473000 
1.474600 
1.475300 
1.476000 
1.479100 
1.482400 
1.484700 
1.484800 
1.487600 
1.490700 
1.490700 
1.500600 
1.500700 
1.501700 
1.502300 
1.505200 
1.505600 
1.506700 
1.509600 
1.513200 
1.513600 
1.517100 
1.518100 
1.518700 
1.519800 
1.520600 
1.521300 
1.522700 
1.528600 
1.539700 
1.540300 
1.547500 
1.547800 
1.551300 
1.554000 
1.555000 
1.556000 
1.556100 
1.557100 
1.557200 
1.560600 
1.564700 
1.566700 
1.567500 
1.568300 
1.568600 
1.570200 
1.571500 
1.575200 
1.580700 
1.582700 
1.583300 
1.590200 
1.591000 
1.591600 
1.592700 
1.593900 
1.595200 
1.598700 
1.598800 
1.601400 
1.603700 
1.614000 
1.618600 
1.618600 
1.622000 
1.623000 
1.626600 
1.627400 
1.630600 
1.636800 
1.644800 
1.645000 
1.645100 
1.645200 
1.647400 
1.654600 
1.658100 
1.661000 
1.663000 
1.668100 
1.677100 
1.677600 
1.679000 
1.679900 
1.683000 
1.686400 
1.686600 
1.687200 
1.689600 
1.690600 
1.694800 
1.697000 
1.697500 
1.699600 
1.701200 
1.702300 
1.703000 
1.703800 
1.705000 
1.705800 
1.711200 
1.711300 
1.715000 
1.717600 
1.718900 
1.724300 
1.725900 
1.728900 
1.731200 
1.733900 
1.736800 
1.740500 
1.742200 
1.744800 
1.746200 
1.749400 
1.749500 
1.751100 
1.758800 
1.759300 
1.759600 
1.762000 
1.764700 
1.767400 
1.767600 
1.768200 
1.769600 
1.773600 
1.774600 
1.778700 
1.783600 
1.786100 
1.786500 
1.787000 
1.787200 
1.791900 
1.792800 
1.806000 
1.806700 
1.807000 
1.813000 
1.813200 
1.813400 
1.817000 
1.818500 
1.820400 
1.822700 
1.823100 
1.824600 
1.825000 
1.828500 
1.831000 
1.836200 
1.837500 
1.839200 
1.840000 
1.843200 
1.843300 
1.848000 
1.850400 
1.851600 
1.852600 
1.853600 
1.856900 
1.857400 
1.862900 
1.866700 
1.868400 
1.871400 
1.871800 
1.876700 
1.879100 
1.884000 
1.884100 
1.888600 
1.889600 
1.889700 
1.892200 
1.901300 
1.901700 
1.909100 
1.914600 
1.915200 
1.918600 
1.928300 
1.931800 
1.935400 
1.936200 
1.936800 
1.939200 
1.942600 
1.945400 
1.945500 
1.945700 
1.946600 
1.949000 
1.952600 
1.953800 
1.955200 
1.963800 
1.964700 
1.966800 
1.967100 
1.968600 
1.968800 
1.971300 
1.974600 
1.977600 
1.979700 
1.981300 
1.981500 
1.983700 
1.984400 
1.984800 
1.992900 
1.994800 
1.996700 
1.996800 
1.996800 
1.996900 
2.000400 
2.003600 
2.005100 
2.005300 
2.009700 
2.010100 
2.013300 
2.016500 
2.018000 
2.018800 
2.021800 
2.022800 
2.027200 
2.030400 
2.032000 
2.033600 
2.035500 
2.037600 
2.040200 
2.045400 
2.045900 
2.045900 
2.046100 
2.047700 
2.051100 
2.053300 
2.054700 
2.055600 
2.057600 
2.060500 
2.065000 
2.066600 
2.069500 
2.070200 
2.075800 
2.076500 
2.079300 
2.083100 
2.083500 
2.092400 
2.093800 
2.095200 
2.099700 
2.100400 
2.101000 
2.103300 
2.103300 
2.104500 
2.105100 
2.116300 
2.118600 
2.122300 
2.122700 
2.123000 
2.125800 
2.128200 
2.128500 
2.134800 
2.138000 
2.143000 
2.143600 
2.145300 
2.147600 
2.149300 
2.149600 
2.151000 
2.151500 
2.151600 
2.153300 
2.153900 
2.157600 
2.158800 
2.160000 
2.160900 
2.162400 
2.167400 
2.167700 
2.169200 
2.170600 
2.172400 
2.182000 
2.185200 
2.185700 
2.185900 
2.191900 
2.195000 
2.195400 
2.198900 
2.199300 
2.204600 
2.208800 
2.209100 
2.209200 
2.210900 
2.210900 
2.212400 
2.218400 
2.219000 
2.219900 
2.221400 
2.221700 
2.222100 
2.225500 
2.236100 
2.236400 
2.242200 
2.243300 
2.244000 
2.245600 
2.245600 
2.246000 
2.246900 
2.247200 
2.247400 
2.247400 
2.251300 
2.255300 
2.258600 
2.265800 
2.267100 
2.269000 
2.270100 
2.270800 
2.271600 
2.273900 
2.278900 
2.279600 
2.279900 
2.280300 
2.283500 
2.285500 
2.287100 
2.289000 
2.296100 
2.298400 
2.300200 
2.306500 
2.307400 
2.310500 
2.311400 
2.312800 
2.313300 
2.313700 
2.319400 
2.319800 
2.320600 
2.323100 
2.325800 
2.326400 
2.327200 
2.327700 
2.331600 
2.335500 
2.338900 
2.339200 
2.341700 
2.341900 
2.343000 
2.343100 
2.343100 
2.343200 
2.344300 
2.346300 
2.349200 
2.349400 
2.349500 
2.349900 
2.350300 
2.350800 
2.352500 
2.353300 
2.357600 
2.359200 
2.363600 
2.364500 
2.364900 
2.367200 
2.367200 
2.371800 
2.373800 
2.374500 
2.381400 
2.383400 
2.384400 
2.388300 
2.388800 
2.395700 
2.397700 
2.399500 
2.402700 
2.402800 
2.403400 
2.404100 
2.405900 
2.408400 
2.416400 
2.419000 
2.420400 
2.422800 
2.423400 
2.425800 
2.436700 
2.439600 
2.442000 
2.442500 
2.443800 
2.451200 
2.451300 
2.456000 
2.457300 
2.459300 
2.459300 
2.461500 
2.461800 
2.464300 
2.464500 
2.466800 
2.467600 
2.468600 
2.468900 
2.471200 
2.472000 
2.474500 
2.475100 
2.476500 
2.478500 
2.478700 
2.479800 
2.480200 
2.481300 
2.487500 
2.489100 
2.490100 
2.490400 
2.490600 
2.492800 
2.495400 
2.499100 
2.502200 
2.503600 
2.505100 
2.505400 
2.507400 
2.510000 
2.510500 
2.510800 
2.511300 
2.513700 
2.517300 
2.517700 
2.518600 
2.518900 
2.519400 
2.520200 
2.529100 
2.532800 
2.540900 
2.541200 
2.541800 
2.542000 
2.542300 
2.542300 
2.547800 
2.549800 
2.551000 
2.556400 
2.557900 
2.560900 
2.569600 
2.572000 
2.572000 
2.572500 
2.577600 
2.577800 
2.581100 
2.581800 
2.582800 
2.584400 
2.584600 
2.585100 
2.586200 
2.586500 
2.587700 
2.590800 
2.591300 
2.592200 
2.597500 
2.598000 
2.598700 
2.600800 
2.601500 
2.611300 
2.612600 
2.614300 
2.614500 
2.614800 
2.616400 
2.619800 
2.619900 
2.622000 
2.624500 
2.627600 
2.628000 
2.628400 
2.628700 
2.629100 
2.629500 
2.631000 
2.631800 
2.636900 
2.639700 
2.641000 
2.645400 
2.646800 
2.649800 
2.651600 
2.658300 
2.662000 
2.665200 
2.666200 
2.668300 
2.671600 
2.672000 
2.674300 
2.674600 
2.676600 
2.677300 
2.678900 
2.680300 
2.681800 
2.683700 
2.684100 
2.687100 
2.688300 
2.691000 
2.693700 
2.695400 
2.698500 
2.699200 
2.699500 
2.702600 
2.703500 
2.705400 
2.705700 
2.709000 
2.709200 
2.712100 
2.712900 
2.713900 
2.715100 
2.716700 
2.717500 
2.719700 
2.721000 
2.723300 
2.723900 
2.724600 
2.725100 
2.727300 
2.731400 
2.733700 
2.735800 
2.742300 
2.742400 
2.742500 
2.743600 
2.744000 
2.746300 
2.752300 
2.752400 
2.755400 
2.758700 
2.759000 
2.761700 
2.761900 
2.763100 
2.763200 
2.765200 
2.765300 
2.766300 
2.768700 
2.769500 
2.769600 
2.771200 
2.771600 
2.773200 
2.779400 
2.781800 
2.782000 
2.783800 
2.791100 
2.793600 
2.794900 
2.799200 
2.801400 
2.802100 
2.803500 
2.804600 
2.805100 
2.806800 
2.811900 
2.817500 
2.818100 
2.818300 
2.818600 
2.821900 
2.823800 
2.827400 
2.828000 
2.831700 
2.832600 
2.833600 
2.837500 
2.839300 
2.841200 
2.844300 
2.844400 
2.844700 
2.845700 
2.847400 
2.847900 
2.848200 
2.850300 
2.856400 
2.857900 
2.859200 
2.859600 
2.863100 
2.863900 
2.864100 
2.872000 
2.874400 
2.874600 
2.875700 
2.880500 
2.882400 
2.883600 
2.884200 
2.884500 
2.887500 
2.889400 
2.890400 
2.891100 
2.897900 
2.901500 
2.902600 
2.902700 
2.904500 
2.904700 
2.908200 
2.910700 
2.910700 
2.915900 
2.922600 
2.923000 
2.926600 
2.927700 
2.934800 
2.936200 
2.936700 
2.941500 
2.944800 
2.947100 
2.947900 
2.951300 
2.959300 
2.960800 
2.961500 
2.964400 
2.965200 
2.965600 
2.970500 
2.971700 
2.972200 
2.972300 
2.980600 
2.981400 
2.981800 
2.982400 
2.982600 
2.986700 
2.987900 
2.989400 
2.992300 
2.995200 
2.995300 
2.996200 
2.996500 
2.997200 
2.997600 
