0.078500 
0.083000 
0.092000 
0.094900 
0.100600 
0.102700 
0.104300 
0.105200 
0.106700 
0.108100 
0.110200 
0.112800 
0.114600 
0.121200 
0.124200 
0.126500 
0.128400 
0.130100 
0.131500 
0.131900 
0.133400 
0.134900 
0.139400 
0.139600 
0.139900 
0.142100 
0.142700 
0.143600 
0.146000 
0.148800 
0.159500 
0.168700 
0.169900 
0.170600 
0.171500 
0.172000 
0.174400 
0.175500 
0.176500 
0.177000 
0.177700 
0.179800 
0.179900 
0.183000 
0.183200 
0.188100 
0.188700 
0.190200 
0.192000 
0.192500 
0.196700 
0.198300 
0.199900 
0.200800 
0.203000 
0.204700 
0.212400 
0.212800 
0.212900 
0.214100 
0.215300 
0.223200 
0.225500 
0.226500 
0.229300 
0.230000 
0.231700 
0.231700 
0.237000 
0.241600 
0.241800 
0.242300 
0.245800 
0.250000 
0.256700 
0.256700 
0.257300 
0.259200 
0.262500 
0.262800 
0.263800 
0.264700 
0.265500 
0.272300 
0.278700 
0.282200 
0.289200 
0.290800 
0.291000 
0.294300 
0.299600 
0.304000 
0.310200 
0.312800 
0.315900 
0.320600 
0.324100 
0.325200 
0.327300 
0.330000 
0.330400 
0.336500 
0.338900 
0.339700 
0.342600 
0.343700 
0.344100 
0.345200 
0.345400 
0.347000 
0.348700 
0.358500 
0.360000 
0.361300 
0.371600 
0.371900 
0.372400 
0.376000 
0.380000 
0.380300 
0.380900 
0.381100 
0.381700 
0.383400 
0.385400 
0.388100 
0.390600 
0.392000 
0.396900 
0.399300 
0.400100 
0.401500 
0.403700 
0.406000 
0.412000 
0.413300 
0.416800 
0.419400 
0.421500 
0.430500 
0.433400 
0.441400 
0.448100 
0.475500 
0.475900 
0.476100 
0.478300 
0.480100 
0.481900 
0.482800 
0.483300 
0.484700 
0.484900 
0.489200 
0.490200 
0.490900 
0.495300 
0.495600 
0.501000 
0.502300 
0.505700 
0.505900 
0.513200 
0.515400 
0.517300 
0.518600 
0.523600 
0.526600 
0.534100 
0.534400 
0.534500 
0.537900 
0.541800 
0.543300 
0.544600 
0.547400 
0.547500 
0.553200 
0.553200 
0.553300 
0.555600 
0.556700 
0.559400 
0.560400 
0.566100 
0.567000 
0.568100 
0.568600 
0.571600 
0.572700 
0.577200 
0.577700 
0.578600 
0.583600 
0.585900 
0.585900 
0.586100 
0.588800 
0.591300 
0.592500 
0.594000 
0.595900 
0.599900 
0.600500 
0.604800 
0.605700 
0.606700 
0.606800 
0.607200 
0.608700 
0.611800 
0.613500 
0.613900 
0.614100 
0.614500 
0.617000 
0.618900 
0.624900 
0.625800 
0.626000 
0.632800 
0.633300 
0.637100 
0.646000 
0.648800 
0.649600 
0.651600 
0.653600 
0.656000 
0.657700 
0.662000 
0.687300 
0.688100 
0.689000 
0.695800 
0.696800 
0.699200 
0.700400 
0.704100 
0.708200 
0.710800 
0.714000 
0.714200 
0.715300 
0.715400 
0.721800 
0.722300 
0.722700 
0.726000 
0.734500 
0.737700 
0.743400 
0.747000 
0.748900 
0.751800 
0.755700 
0.756000 
0.760600 
0.762700 
0.766500 
0.770400 
0.773600 
0.779900 
0.785600 
0.787100 
0.789000 
0.795700 
0.796800 
0.800000 
0.802400 
0.804800 
0.806400 
0.814100 
0.820200 
0.820300 
0.826600 
0.829900 
0.840900 
0.841600 
0.847100 
0.847400 
0.849800 
0.849800 
0.853600 
0.859800 
0.864000 
0.865000 
0.871500 
0.886400 
0.886600 
0.889400 
0.889800 
0.890400 
0.897800 
0.899100 
0.908800 
0.909500 
0.917200 
0.923200 
0.926500 
0.933900 
0.936200 
0.941500 
0.950700 
0.951200 
0.953700 
0.956100 
0.957500 
0.958600 
0.962600 
0.977400 
0.979500 
0.981600 
1.015000 
1.024600 
1.030000 
1.030600 
1.036300 
1.037900 
1.040300 
1.042600 
1.042800 
1.046200 
1.049000 
1.050800 
1.057000 
1.059700 
1.063400 
1.063600 
1.063600 
1.063800 
1.064300 
1.068500 
1.077100 
1.080300 
1.080300 
1.080900 
1.081300 
1.083300 
1.087300 
1.092200 
1.093900 
1.100800 
1.101200 
1.101300 
1.102300 
1.102700 
1.107500 
1.108800 
1.113000 
1.114000 
1.114300 
1.115200 
1.118100 
1.118800 
1.120700 
1.121400 
1.123700 
1.130000 
1.131400 
1.131700 
1.135100 
1.135900 
1.138400 
1.138900 
1.139800 
1.145400 
1.148000 
1.150700 
1.153800 
1.155600 
1.159400 
1.165200 
1.173200 
1.174200 
1.175300 
1.175400 
1.176600 
1.179200 
1.181200 
1.184600 
1.186000 
1.191000 
1.194500 
1.196900 
1.200000 
1.200400 
1.206000 
1.207000 
1.209800 
1.214800 
1.216700 
1.218700 
1.224100 
1.224300 
1.227400 
1.230300 
1.230800 
1.233300 
1.237600 
1.240300 
1.262700 
1.267500 
1.268800 
1.275800 
1.285800 
1.293300 
1.294900 
1.295400 
1.297300 
1.301900 
1.308100 
1.308700 
1.313900 
1.317200 
1.318000 
1.321400 
1.324900 
1.327200 
1.329800 
1.330200 
1.331400 
1.332300 
1.334000 
1.338300 
1.341800 
1.344400 
1.346500 
1.349100 
1.350100 
1.350400 
1.352600 
1.354100 
1.355000 
1.356700 
1.360300 
1.361200 
1.364500 
1.365500 
1.369300 
1.379200 
1.381600 
1.381600 
1.385600 
1.386200 
1.390200 
1.390300 
1.392800 
1.394100 
1.412900 
1.424400 
1.425500 
1.429400 
1.431600 
1.432800 
1.433000 
1.433800 
1.437600 
1.438600 
1.438800 
1.442000 
1.442200 
1.444600 
1.445800 
1.446500 
1.446700 
1.448200 
1.448700 
1.449100 
1.449900 
1.450400 
1.450800 
1.452000 
1.455700 
1.455900 
1.457000 
1.461700 
1.461800 
1.462400 
1.462500 
1.466600 
1.473000 
1.474100 
1.476300 
1.487200 
1.488200 
1.488800 
1.490400 
1.491300 
1.492100 
1.501000 
1.504100 
1.504800 
1.506800 
1.507600 
1.508000 
1.508600 
1.510000 
1.510900 
1.511300 
1.512600 
1.512900 
1.513100 
1.518300 
1.520600 
1.523800 
1.527900 
1.529700 
1.533700 
1.535000 
1.537800 
1.539100 
1.540600 
1.540800 
1.541000 
1.542700 
1.545400 
1.546400 
1.550300 
1.553200 
1.553800 
1.555200 
1.556200 
1.557700 
1.559000 
1.561000 
1.568500 
1.570300 
1.571900 
1.572800 
1.575300 
1.580100 
1.580200 
1.580500 
1.585700 
1.588900 
1.589300 
1.589600 
1.596700 
1.600200 
1.604800 
1.612400 
1.618400 
1.620000 
1.621300 
1.624800 
1.628500 
1.632800 
1.641700 
1.649600 
1.651600 
1.655800 
1.669500 
1.673800 
1.674600 
1.674900 
1.678000 
1.679000 
1.679200 
1.681400 
1.684300 
1.693200 
1.703700 
1.705500 
1.706000 
1.712300 
1.713100 
1.727800 
1.731000 
1.733300 
1.736900 
1.739100 
1.743600 
1.745500 
1.748000 
1.749200 
1.753900 
1.758000 
1.760300 
1.765900 
1.775900 
1.778800 
1.782900 
1.783000 
1.783400 
1.784500 
1.789700 
1.790000 
1.793100 
1.805000 
1.807200 
1.812200 
1.816200 
1.816700 
1.825900 
1.827900 
1.828400 
1.828600 
1.834600 
1.836300 
1.841100 
1.843200 
1.844100 
1.844500 
1.849500 
1.853100 
1.853600 
1.854100 
1.861400 
1.865700 
1.870200 
1.871100 
1.873300 
1.876600 
1.879400 
1.890200 
1.890400 
1.890600 
1.893500 
1.896300 
1.897400 
1.900600 
1.901700 
1.910000 
1.910300 
1.912800 
1.914800 
1.915500 
1.915700 
1.917600 
1.919800 
1.926500 
1.929200 
1.929300 
1.930700 
1.932700 
1.939000 
1.942100 
1.942200 
1.942800 
1.945200 
1.947000 
1.949000 
1.949500 
1.951300 
1.952400 
1.952400 
1.952800 
1.953000 
1.953400 
1.958300 
1.959400 
1.966400 
1.966700 
1.967700 
1.968300 
1.970300 
1.970500 
1.974800 
1.974900 
1.978700 
1.981700 
1.987900 
1.988000 
1.989600 
1.991000 
1.991500 
1.992000 
1.992800 
1.996600 
1.996900 
1.998900 
1.998900 
2.001600 
2.002300 
2.003000 
2.005900 
2.008800 
2.012900 
2.013800 
2.015800 
2.017000 
2.017100 
2.025300 
2.032300 
2.032800 
2.045100 
2.062200 
2.066200 
2.077000 
2.078400 
2.080200 
2.080600 
2.082000 
2.088600 
2.093500 
2.094600 
2.098100 
2.099300 
2.102800 
2.115200 
2.116400 
2.120000 
2.120900 
2.124600 
2.125500 
2.140700 
2.143000 
2.145200 
2.145500 
2.146800 
2.147300 
2.150500 
2.152600 
2.155900 
2.156900 
2.161700 
2.167500 
2.175600 
2.177200 
2.180400 
2.182500 
2.183600 
2.183600 
2.184400 
2.184900 
2.189000 
2.192900 
2.195400 
2.195900 
2.195900 
2.197000 
2.199900 
2.200800 
2.203300 
2.206300 
2.209800 
2.211400 
2.213700 
2.215200 
2.223300 
2.229700 
2.235200 
2.238900 
2.242800 
2.244400 
2.245400 
2.246700 
2.248000 
2.249200 
2.251500 
2.253600 
2.254100 
2.255200 
2.255600 
2.256300 
2.273600 
2.278400 
2.278800 
2.279600 
2.283300 
2.285000 
2.285500 
2.290100 
2.295700 
2.300600 
2.300700 
2.301700 
2.302700 
2.306200 
2.308300 
2.309500 
2.310600 
2.310700 
2.312000 
2.313100 
2.321000 
2.321000 
2.322200 
2.329100 
2.330200 
2.332500 
2.333700 
2.339300 
2.342400 
2.344000 
2.346100 
2.346900 
2.347400 
2.348700 
2.353000 
2.358200 
2.359900 
2.361100 
2.373300 
2.376200 
2.383900 
2.384600 
2.387600 
2.388900 
2.392300 
2.396800 
2.401200 
2.402500 
2.402800 
2.405900 
2.408500 
2.412200 
2.414500 
2.421000 
2.424700 
2.424800 
2.426100 
2.428200 
2.433800 
2.436000 
2.437200 
2.437500 
2.439100 
2.439600 
2.441200 
2.452900 
2.454800 
2.456600 
2.464600 
2.464800 
2.466100 
2.468700 
2.477900 
2.486900 
2.487000 
2.492400 
2.498400 
2.500700 
2.502800 
2.508000 
2.509300 
2.510200 
2.517100 
2.517300 
2.518800 
2.523100 
2.527300 
2.534100 
2.535000 
2.536400 
2.540100 
2.540400 
2.545900 
2.548000 
2.549700 
2.550500 
2.557100 
2.562700 
2.567700 
2.570200 
2.577500 
2.577600 
2.577600 
2.583400 
2.583500 
2.589500 
2.591700 
2.593500 
2.597400 
2.597900 
2.600600 
2.601800 
2.602500 
2.602800 
2.603900 
2.605100 
2.605700 
2.611700 
2.612000 
2.615000 
2.617600 
2.626600 
2.627000 
2.630800 
2.632200 
2.634300 
2.635300 
2.635900 
2.643200 
2.645600 
2.646900 
2.647400 
2.651400 
2.651600 
2.653400 
2.659900 
2.661500 
2.665200 
2.671200 
2.677200 
2.681600 
2.686200 
2.686800 
2.686800 
2.688600 
2.690200 
2.692900 
2.695700 
2.696300 
2.698500 
2.701300 
2.701600 
2.702800 
2.703600 
2.704700 
2.713900 
2.714500 
2.715200 
2.715700 
2.717600 
2.718400 
2.721500 
2.724300 
2.725400 
2.734100 
2.737100 
2.740400 
2.743600 
2.743600 
2.747300 
2.748200 
2.750100 
2.752700 
2.754300 
2.755400 
2.755400 
2.756300 
2.757000 
2.758200 
2.759400 
2.761900 
2.762500 
2.763700 
2.764500 
2.764900 
2.765300 
2.766300 
2.771300 
2.779700 
2.781600 
2.782900 
2.785300 
2.786200 
2.791200 
2.791400 
2.793300 
2.794200 
2.796500 
2.796600 
2.796900 
2.798600 
2.803100 
2.806700 
2.812500 
2.818700 
2.819000 
2.829600 
2.835900 
2.836500 
2.839500 
2.842500 
2.843100 
2.846900 
2.856900 
2.866200 
2.866800 
2.872000 
2.877100 
2.877300 
2.882500 
2.883300 
2.883400 
2.885200 
2.895600 
2.898200 
2.898800 
2.908100 
2.908300 
2.910200 
2.911600 
2.914200 
2.914900 
2.919700 
2.920700 
2.923800 
2.926800 
2.930700 
2.931500 
2.933600 
2.939300 
2.942400 
2.945000 
2.947000 
2.947100 
2.951100 
2.953300 
2.953400 
2.954300 
2.954600 
2.955300 
2.956100 
2.957400 
2.957800 
2.965700 
2.966100 
2.970200 
2.973900 
2.974800 
2.977500 
2.977800 
2.984400 
2.985200 
2.985700 
2.991600 
2.994900 
