0.036900 
0.041700 
0.048500 
0.053700 
0.053700 
0.075100 
0.085300 
0.086600 
0.086800 
0.089200 
0.094900 
0.095800 
0.097400 
0.105200 
0.107500 
0.129400 
0.130600 
0.132100 
0.136600 
0.141200 
0.144200 
0.148900 
0.151000 
0.160400 
0.160600 
0.161900 
0.162600 
0.169600 
0.183500 
0.187800 
0.189300 
0.190200 
0.192000 
0.194300 
0.197600 
0.203000 
0.204000 
0.213000 
0.214400 
0.224400 
0.225100 
0.226600 
0.228300 
0.229900 
0.232600 
0.232600 
0.233800 
0.236100 
0.245700 
0.268700 
0.270700 
0.276100 
0.281200 
0.281500 
0.284100 
0.285200 
0.295400 
0.302300 
0.303900 
0.305200 
0.310000 
0.312000 
0.316900 
0.320700 
0.334200 
0.334200 
0.342400 
0.346900 
0.350600 
0.356400 
0.356700 
0.360800 
0.379800 
0.382000 
0.385700 
0.386200 
0.388500 
0.400000 
0.413000 
0.413600 
0.415700 
0.421000 
0.422600 
0.426900 
0.427300 
0.436100 
0.438200 
0.441000 
0.445300 
0.445900 
0.464300 
0.467800 
0.468000 
0.468500 
0.469000 
0.470300 
0.481500 
0.482200 
0.491600 
0.493800 
0.497500 
0.507800 
0.510900 
0.518600 
0.523300 
0.528700 
0.536900 
0.538700 
0.539900 
0.544800 
0.545100 
0.553500 
0.556100 
0.566900 
0.567700 
0.571200 
0.586800 
0.588600 
0.590400 
0.592700 
0.599700 
0.603800 
0.604200 
0.608800 
0.614400 
0.619300 
0.622800 
0.623500 
0.624700 
0.629300 
0.638300 
0.657000 
0.657200 
0.657800 
0.659300 
0.667600 
0.673300 
0.675100 
0.676100 
0.678700 
0.680600 
0.684700 
0.701500 
0.709800 
0.714100 
0.721500 
0.723000 
0.729300 
0.731400 
0.734800 
0.737300 
0.746300 
0.747000 
0.748800 
0.749700 
0.752000 
0.753200 
0.759600 
0.759600 
0.761700 
0.767800 
0.771000 
0.780900 
0.783200 
0.788800 
0.789000 
0.797500 
0.798200 
0.804400 
0.805100 
0.819100 
0.827000 
0.828700 
0.832100 
0.835200 
0.838400 
0.844200 
0.852600 
0.853300 
0.853800 
0.859400 
0.861800 
0.864800 
0.865100 
0.888000 
0.891700 
0.892400 
0.893700 
0.894700 
0.903100 
0.908300 
0.908800 
0.910400 
0.914200 
0.917100 
0.923100 
0.924300 
0.928700 
0.933900 
0.938900 
0.944600 
0.950700 
0.952000 
0.961900 
0.965600 
0.968100 
0.974100 
0.976700 
0.993500 
0.994000 
0.994900 
0.995300 
0.996500 
0.997600 
1.000200 
1.002300 
1.004200 
1.005900 
1.006800 
1.008100 
1.008600 
1.014900 
1.017300 
1.019300 
1.021200 
1.022300 
1.030200 
1.034700 
1.038200 
1.040500 
1.051400 
1.053800 
1.056500 
1.056800 
1.060800 
1.061200 
1.061500 
1.061700 
1.066400 
1.066500 
1.072300 
1.075800 
1.082000 
1.084900 
1.087100 
1.095600 
1.096700 
1.099200 
1.099500 
1.100300 
1.101200 
1.103200 
1.109500 
1.112700 
1.114300 
1.114900 
1.115200 
1.125300 
1.129000 
1.143700 
1.147000 
1.148800 
1.155400 
1.160000 
1.160500 
1.162500 
1.168200 
1.168200 
1.176700 
1.186600 
1.189000 
1.193300 
1.194300 
1.200700 
1.201600 
1.204900 
1.205300 
1.206500 
1.206500 
1.209500 
1.209900 
1.220700 
1.222800 
1.225900 
1.228400 
1.229100 
1.239400 
1.243700 
1.246900 
1.250700 
1.252300 
1.252800 
1.253400 
1.258700 
1.266000 
1.267000 
1.267300 
1.270400 
1.270900 
1.277700 
1.282800 
1.287500 
1.289700 
1.289700 
1.291300 
1.297600 
1.298900 
1.302100 
1.303700 
1.303800 
1.304800 
1.306600 
1.307400 
1.312100 
1.314900 
1.321000 
1.321300 
1.322400 
1.323300 
1.323800 
1.328600 
1.329900 
1.332300 
1.343300 
1.348600 
1.350500 
1.353700 
1.369800 
1.376600 
1.383500 
1.384900 
1.384900 
1.389600 
1.392800 
1.393900 
1.394600 
1.396600 
1.403400 
1.407000 
1.409500 
1.409800 
1.416900 
1.418800 
1.418800 
1.419100 
1.419200 
1.429100 
1.435700 
1.449900 
1.451900 
1.456300 
1.459200 
1.465500 
1.470400 
1.472700 
1.478700 
1.489000 
1.494200 
1.494800 
1.499800 
1.504300 
1.511300 
1.514200 
1.516800 
1.525400 
1.532000 
1.538500 
1.551500 
1.553400 
1.554100 
1.560200 
1.566800 
1.567300 
1.577000 
1.577800 
1.579300 
1.580400 
1.581800 
1.585900 
1.586300 
1.592000 
1.594200 
1.598500 
1.612700 
1.620600 
1.620900 
1.627000 
1.627600 
1.628200 
1.632900 
1.636400 
1.639200 
1.643800 
1.646400 
1.646600 
1.650900 
1.656800 
1.656900 
1.668400 
1.671800 
1.676100 
1.679200 
1.680200 
1.682300 
1.687900 
1.690000 
1.696400 
1.699000 
1.703900 
1.706300 
1.706400 
1.709700 
1.711500 
1.712600 
1.726900 
1.733700 
1.735300 
1.747000 
1.751800 
1.754000 
1.759600 
1.763000 
1.763300 
1.767600 
1.775100 
1.778700 
1.779400 
1.784300 
1.789100 
1.790900 
1.791300 
1.792100 
1.794300 
1.795600 
1.800500 
1.802800 
1.805200 
1.809300 
1.812100 
1.815000 
1.816500 
1.836100 
1.836600 
1.836900 
1.837200 
1.838000 
1.842200 
1.846700 
1.853900 
1.854500 
1.855500 
1.856600 
1.861600 
1.862700 
1.864600 
1.866100 
1.876900 
1.883200 
1.896500 
1.899200 
1.901000 
1.908500 
1.915300 
1.920500 
1.923000 
1.925900 
1.928000 
1.932100 
1.933300 
1.937000 
1.942400 
1.947400 
1.949400 
1.959800 
1.961800 
1.968100 
1.971400 
1.978300 
1.981000 
1.984600 
2.002300 
2.019900 
2.027400 
2.028000 
2.029500 
2.029800 
2.044200 
2.046700 
2.047600 
2.048600 
2.049800 
2.052800 
2.054300 
2.055600 
2.058200 
2.059900 
2.060300 
2.061600 
2.061700 
2.062700 
2.078900 
2.086300 
2.092900 
2.098200 
2.102400 
2.104100 
2.105000 
2.112400 
2.119300 
2.119600 
2.120000 
2.121900 
2.125700 
2.130000 
2.131200 
2.131500 
2.138700 
2.150000 
2.152800 
2.155700 
2.158600 
2.159700 
2.160500 
2.161800 
2.163400 
2.177500 
2.180800 
2.183400 
2.188500 
2.190200 
2.196100 
2.209300 
2.209400 
2.216800 
2.219400 
2.221200 
2.232600 
2.233000 
2.233600 
2.234100 
2.237400 
2.237500 
2.237700 
2.238000 
2.258500 
2.270200 
2.271600 
2.271700 
2.275600 
2.284700 
2.284900 
2.288100 
2.294300 
2.301400 
2.306400 
2.307300 
2.308200 
2.308700 
2.309300 
2.317100 
2.321300 
2.321600 
2.328700 
2.333800 
2.335700 
2.338900 
2.342100 
2.342300 
2.354800 
2.356400 
2.357500 
2.358500 
2.362600 
2.363800 
2.364200 
2.365200 
2.369300 
2.371300 
2.371900 
2.379000 
2.385100 
2.390900 
2.391200 
2.395500 
2.403100 
2.404500 
2.407300 
2.410400 
2.413800 
2.419600 
2.430100 
2.432900 
2.442600 
2.450100 
2.461700 
2.461800 
2.462800 
2.466000 
2.466700 
2.473800 
2.477300 
2.485100 
2.486400 
2.486700 
2.498400 
2.503200 
2.505600 
2.507300 
2.511200 
2.511700 
2.518800 
2.521100 
2.523700 
2.527100 
2.529000 
2.535800 
2.539500 
2.550500 
2.555800 
2.556400 
2.560600 
2.570400 
2.580300 
2.581700 
2.581900 
2.584600 
2.586300 
2.592100 
2.600000 
2.600200 
2.606100 
2.606400 
2.612200 
2.617800 
2.621000 
2.625500 
2.627800 
2.628900 
2.631800 
2.632100 
2.642000 
2.643200 
2.645200 
2.657800 
2.660700 
2.660900 
2.664100 
2.665400 
2.666200 
2.668800 
2.674700 
2.683400 
2.687300 
2.696100 
2.696700 
2.702500 
2.705000 
2.705400 
2.706800 
2.707300 
2.709600 
2.709700 
2.715800 
2.722300 
2.723700 
2.725900 
2.727900 
2.731000 
2.742000 
2.746000 
2.746400 
2.753200 
2.753400 
2.759800 
2.768100 
2.769500 
2.773500 
2.773500 
2.774500 
2.786500 
2.790500 
2.791900 
2.797000 
2.802600 
2.804500 
2.804600 
2.809400 
2.813000 
2.813600 
2.814700 
2.818900 
2.821900 
2.824900 
2.826800 
2.828200 
2.829500 
2.830900 
2.832700 
2.835100 
2.842600 
2.844500 
2.844600 
2.847400 
2.853500 
2.854100 
2.858000 
2.873000 
2.874600 
2.874900 
2.877000 
2.885900 
2.889000 
2.889300 
2.903500 
2.906400 
2.916000 
2.918400 
2.919200 
2.921300 
2.924700 
2.925900 
2.931300 
2.933000 
2.936100 
2.937100 
2.947900 
2.949600 
2.951500 
2.957200 
2.963100 
2.973500 
2.974500 
2.976700 
2.977900 
2.984300 
2.988800 
2.998200 
2.999800 
