6 
7 
18 
9 
8 
10 
1 
1 
17 
12 
1 
16 
18 
11 
15 
18 
15 
7 
6 
18 
11 
7 
0 
15 
9 
17 
18 
6 
3 
9 
7 
15 
6 
11 
4 
7 
15 
9 
6 
11 
12 
14 
17 
15 
1 
15 
11 
15 
9 
8 
14 
7 
18 
8 
7 
14 
10 
12 
8 
7 
2 
8 
9 
7 
5 
9 
12 
11 
9 
6 
5 
2 
17 
3 
6 
15 
2 
16 
6 
9 
7 
7 
13 
8 
12 
3 
7 
11 
15 
7 
4 
12 
1 
7 
6 
15 
8 
10 
14 
9 
12 
8 
16 
15 
9 
10 
15 
1 
11 
6 
7 
15 
14 
5 
11 
14 
11 
16 
7 
11 
17 
18 
11 
6 
14 
16 
10 
15 
17 
10 
5 
11 
15 
10 
10 
11 
7 
0 
7 
15 
1 
4 
1 
7 
17 
3 
8 
0 
7 
13 
6 
11 
14 
17 
18 
15 
11 
9 
18 
15 
10 
1 
15 
16 
14 
7 
8 
7 
17 
15 
14 
6 
2 
8 
17 
7 
18 
16 
15 
1 
7 
3 
3 
18 
7 
12 
15 
16 
9 
17 
18 
14 
15 
12 
6 
0 
1 
17 
15 
7 
5 
7 
17 
16 
1 
