0.037300 
0.041800 
0.048800 
0.075100 
0.078300 
0.096100 
0.106600 
0.107200 
0.131200 
0.133600 
0.135100 
0.136200 
0.140000 
0.145900 
0.152600 
0.167500 
0.170300 
0.180000 
0.188000 
0.189200 
0.189400 
0.189800 
0.191000 
0.193400 
0.194900 
0.196200 
0.197900 
0.204200 
0.204400 
0.213200 
0.215000 
0.225300 
0.227600 
0.229700 
0.234000 
0.234400 
0.235300 
0.246200 
0.269400 
0.276100 
0.276600 
0.284400 
0.285400 
0.288000 
0.289300 
0.289400 
0.295700 
0.302900 
0.304600 
0.305200 
0.310400 
0.316400 
0.320000 
0.329200 
0.333600 
0.341100 
0.357800 
0.361500 
0.380000 
0.382700 
0.389000 
0.392200 
0.400300 
0.401900 
0.416000 
0.421900 
0.424800 
0.427300 
0.427600 
0.445300 
0.449400 
0.461200 
0.465300 
0.465600 
0.466700 
0.468100 
0.468300 
0.470700 
0.471500 
0.481300 
0.488300 
0.490400 
0.491700 
0.494200 
0.497600 
0.509900 
0.523400 
0.536600 
0.536800 
0.538400 
0.538900 
0.540900 
0.540900 
0.544900 
0.555900 
0.570800 
0.584800 
0.587600 
0.595400 
0.601200 
0.602400 
0.604500 
0.609000 
0.613600 
0.614700 
0.621200 
0.621300 
0.622800 
0.628700 
0.638400 
0.646300 
0.655900 
0.658000 
0.662400 
0.664800 
0.672400 
0.677100 
0.677500 
0.680800 
0.682100 
0.682600 
0.698000 
0.709900 
0.710200 
0.717200 
0.723700 
0.728800 
0.735300 
0.736100 
0.746600 
0.747300 
0.749100 
0.749200 
0.751600 
0.759900 
0.761700 
0.770600 
0.773500 
0.773700 
0.780800 
0.785000 
0.789500 
0.793600 
0.798500 
0.800500 
0.800800 
0.826000 
0.836000 
0.836400 
0.838400 
0.855300 
0.859900 
0.862400 
0.865800 
0.866000 
0.868300 
0.871700 
0.878700 
0.890200 
0.891600 
0.893900 
0.898300 
0.909300 
0.914100 
0.915100 
0.921100 
0.927600 
0.929300 
0.935100 
0.940100 
0.951400 
0.956000 
0.962100 
0.963800 
0.966100 
0.971100 
0.976400 
0.977500 
0.988400 
0.994900 
0.995900 
0.997700 
0.999400 
1.000400 
1.002500 
1.003200 
1.006000 
1.006500 
1.011600 
1.014600 
1.022700 
1.030700 
1.039100 
1.039400 
1.042900 
1.046600 
1.056900 
1.061700 
1.061800 
1.062500 
1.064000 
1.066600 
1.072400 
1.075400 
1.082200 
1.083900 
1.084700 
1.088300 
1.097200 
1.098300 
1.099600 
1.099800 
1.101400 
1.101900 
1.104000 
1.109500 
1.115700 
1.115800 
1.122500 
1.125900 
1.129800 
1.130700 
1.149600 
1.149800 
1.155500 
1.160100 
1.160700 
1.168500 
1.169400 
1.176600 
1.176700 
1.178700 
1.186700 
1.191700 
1.196200 
1.200000 
1.202500 
1.205700 
1.207000 
1.210200 
1.211500 
1.222900 
1.223100 
1.227800 
1.229300 
1.239300 
1.248600 
1.251000 
1.252500 
1.254300 
1.258900 
1.267000 
1.267500 
1.268100 
1.271400 
1.277500 
1.291200 
1.293400 
1.296000 
1.298300 
1.303200 
1.304400 
1.305200 
1.308600 
1.309900 
1.311400 
1.317800 
1.323100 
1.323600 
1.324300 
1.326300 
1.329900 
1.332800 
1.343200 
1.351700 
1.353900 
1.369800 
1.388200 
1.391100 
1.391800 
1.392600 
1.398600 
1.399200 
1.404600 
1.409600 
1.414100 
1.416600 
1.418700 
1.420500 
1.429100 
1.436300 
1.457700 
1.466000 
1.471100 
1.472400 
1.477400 
1.479500 
1.490200 
1.496000 
1.500500 
1.503900 
1.510400 
1.514600 
1.516800 
1.529500 
1.531100 
1.534300 
1.540200 
1.552500 
1.553700 
1.554600 
1.558700 
1.567300 
1.577300 
1.578200 
1.578600 
1.581200 
1.582200 
1.591600 
1.592800 
1.599000 
1.611000 
1.611800 
1.620500 
1.621100 
1.621700 
1.626700 
1.643600 
1.647700 
1.651600 
1.658400 
1.661000 
1.668000 
1.671700 
1.671800 
1.679300 
1.682600 
1.683500 
1.687800 
1.692300 
1.695100 
1.704400 
1.705800 
1.706000 
1.706500 
1.707300 
1.712900 
1.713200 
1.718300 
1.718900 
1.735500 
1.736500 
1.738600 
1.748200 
1.752600 
1.753100 
1.760000 
1.762500 
1.763400 
1.768700 
1.784400 
1.784700 
1.792500 
1.793600 
1.803300 
1.809300 
1.810900 
1.812300 
1.815100 
1.831100 
1.833900 
1.836400 
1.836700 
1.838800 
1.842500 
1.844200 
1.846400 
1.854200 
1.854600 
1.856600 
1.856600 
1.863300 
1.868000 
1.869300 
1.873900 
1.874700 
1.899100 
1.899900 
1.900900 
1.909000 
1.910300 
1.918300 
1.923300 
1.926200 
1.927900 
1.932500 
1.933700 
1.936900 
1.942200 
1.947300 
1.951300 
1.952700 
1.958100 
1.963500 
1.982500 
1.982900 
1.984300 
1.993300 
2.002800 
2.020600 
2.027700 
2.028500 
2.029900 
2.037300 
2.046500 
2.047400 
2.052800 
2.052800 
2.053500 
2.054500 
2.055000 
2.062700 
2.068700 
2.070600 
2.072100 
2.073500 
2.078100 
2.083800 
2.085200 
2.086100 
2.097600 
2.102800 
2.103200 
2.105500 
2.111800 
2.119700 
2.120100 
2.120700 
2.122400 
2.125800 
2.126600 
2.132200 
2.132200 
2.151300 
2.156000 
2.157000 
2.158700 
2.160900 
2.164200 
2.179300 
2.183400 
2.184700 
2.188500 
2.197600 
2.209800 
2.226600 
2.229100 
2.232400 
2.232800 
2.234100 
2.238000 
2.241000 
2.250100 
2.258700 
2.259700 
2.272800 
2.275900 
2.279600 
2.285200 
2.287400 
2.289500 
2.291000 
2.296100 
2.301300 
2.307500 
2.308900 
2.310000 
2.310300 
2.314400 
2.319900 
2.320500 
2.328500 
2.334500 
2.334900 
2.350700 
2.351400 
2.358100 
2.358400 
2.358500 
2.364200 
2.364500 
2.365400 
2.365800 
2.370200 
2.371900 
2.378200 
2.384900 
2.390600 
2.390700 
2.391100 
2.396100 
2.405700 
2.406000 
2.407800 
2.411000 
2.414500 
2.417200 
2.442200 
2.444200 
2.448000 
2.462500 
2.463200 
2.467200 
2.470100 
2.477500 
2.477800 
2.483800 
2.486500 
2.489100 
2.503200 
2.509500 
2.514000 
2.519900 
2.521200 
2.524700 
2.535200 
2.535600 
2.540100 
2.551100 
2.556100 
2.560300 
2.569100 
2.577600 
2.582200 
2.585100 
2.585300 
2.588200 
2.592300 
2.598300 
2.601100 
2.606600 
2.616600 
2.621500 
2.624200 
2.625500 
2.626300 
2.627500 
2.628600 
2.632900 
2.638400 
2.639600 
2.642500 
2.642600 
2.643000 
2.647500 
2.657600 
2.660700 
2.661600 
2.666400 
2.669000 
2.675000 
2.684000 
2.696700 
2.704500 
2.704500 
2.706600 
2.706800 
2.707800 
2.716100 
2.717200 
2.724100 
2.727500 
2.727600 
2.730900 
2.743400 
2.744400 
2.747900 
2.749500 
2.750400 
2.753000 
2.764300 
2.769400 
2.771400 
2.773200 
2.775300 
2.786200 
2.787100 
2.791500 
2.798900 
2.799100 
2.804800 
2.805500 
2.811500 
2.813300 
2.814300 
2.814800 
2.823600 
2.824500 
2.826400 
2.828100 
2.829900 
2.832900 
2.843800 
2.845400 
2.846100 
2.848000 
2.851200 
2.855900 
2.861200 
2.872100 
2.878700 
2.880400 
2.881600 
2.886500 
2.888600 
2.902300 
2.904500 
2.918600 
2.922500 
2.925900 
2.926200 
2.930400 
2.932300 
2.939800 
2.941000 
2.946000 
2.946500 
2.951300 
2.957700 
2.959300 
2.967800 
2.974600 
2.975500 
2.977100 
2.980900 
2.989700 
2.990300 
2.995700 
2.996200 
2.999900 
