0.035000 
0.063300 
0.066200 
0.076800 
0.090200 
0.091800 
0.119900 
0.124400 
0.137700 
0.139400 
0.155100 
0.159300 
0.162000 
0.171500 
0.175600 
0.188500 
0.189500 
0.189600 
0.191200 
0.196200 
0.207700 
0.207900 
0.208500 
0.212500 
0.222200 
0.243800 
0.251300 
0.253600 
0.256500 
0.260200 
0.277300 
0.281900 
0.284500 
0.290100 
0.292800 
0.298600 
0.303900 
0.305400 
0.306700 
0.308200 
0.313200 
0.327600 
0.334900 
0.345200 
0.345700 
0.352400 
0.353800 
0.360400 
0.378800 
0.387000 
0.411500 
0.411900 
0.420700 
0.425500 
0.429200 
0.437200 
0.439600 
0.450200 
0.454000 
0.455100 
0.459400 
0.467200 
0.476300 
0.479600 
0.483300 
0.485500 
0.491300 
0.500400 
0.508200 
0.509000 
0.513100 
0.516600 
0.526800 
0.533200 
0.549700 
0.552600 
0.571500 
0.585200 
0.586000 
0.586300 
0.587200 
0.588600 
0.596600 
0.597200 
0.603700 
0.605200 
0.611000 
0.622500 
0.624500 
0.630000 
0.645800 
0.647400 
0.648000 
0.653600 
0.657800 
0.664200 
0.672500 
0.698000 
0.698200 
0.700100 
0.704500 
0.705300 
0.706400 
0.725100 
0.725800 
0.726900 
0.729100 
0.738600 
0.738800 
0.746800 
0.747900 
0.752000 
0.752500 
0.754600 
0.769600 
0.778700 
0.789100 
0.804400 
0.806200 
0.813100 
0.825300 
0.838100 
0.838800 
0.847500 
0.851100 
0.854800 
0.864800 
0.868000 
0.868800 
0.882700 
0.885900 
0.888000 
0.899800 
0.914200 
0.940200 
0.944300 
0.944700 
0.948900 
0.955400 
0.965100 
0.972300 
0.976100 
0.978200 
0.991800 
1.000300 
1.009500 
1.009900 
1.020500 
1.047600 
1.050000 
1.057800 
1.060300 
1.060600 
1.061100 
1.067100 
1.075600 
1.075600 
1.082700 
1.083200 
1.088200 
1.100900 
1.102100 
1.133700 
1.135700 
1.141300 
1.153900 
1.159200 
1.166800 
1.196200 
1.200300 
1.200300 
1.211700 
1.226400 
1.234700 
1.238900 
1.246500 
1.259400 
1.265900 
1.291500 
1.297100 
1.301800 
1.307800 
1.309800 
1.316100 
1.322100 
1.324500 
1.328400 
1.334600 
1.354600 
1.361500 
1.365800 
1.373200 
1.374100 
1.374400 
1.378000 
1.419300 
1.440200 
1.443000 
1.448700 
1.450300 
1.452200 
1.455700 
1.459100 
1.469200 
1.516300 
1.521500 
1.523600 
1.524400 
1.528000 
1.529500 
1.530400 
1.531100 
1.535500 
1.543500 
1.547100 
1.550700 
1.557200 
1.560500 
1.562000 
1.579600 
1.584600 
1.600000 
1.618100 
1.618700 
1.621800 
1.622300 
1.627400 
1.635000 
1.642000 
1.654300 
1.667500 
1.673900 
1.684500 
1.693500 
1.693800 
1.699800 
1.700500 
1.700700 
1.702200 
1.703200 
1.710400 
1.713100 
1.720400 
1.732900 
1.744000 
1.747700 
1.748100 
1.750800 
1.753600 
1.761600 
1.767700 
1.777900 
1.778400 
1.784600 
1.791800 
1.802800 
1.805800 
1.807100 
1.810100 
1.813200 
1.821800 
1.829100 
1.831800 
1.838700 
1.838800 
1.841600 
1.848400 
1.855800 
1.859400 
1.860200 
1.861400 
1.865700 
1.874200 
1.880900 
1.881700 
1.882500 
1.883500 
1.884500 
1.899200 
1.908700 
1.909100 
1.913500 
1.919000 
1.926100 
1.938100 
1.942000 
1.949700 
1.955700 
1.956700 
1.970100 
1.976700 
1.983300 
1.995900 
1.996000 
2.014000 
2.014400 
2.016000 
2.027500 
2.038000 
2.051000 
2.064700 
2.069900 
2.078400 
2.078800 
2.085400 
2.091100 
2.095200 
2.105900 
2.113200 
2.115700 
2.130000 
2.132100 
2.150800 
2.154700 
2.156500 
2.163100 
2.171700 
2.181400 
2.182000 
2.183200 
2.190100 
2.195000 
2.195200 
2.199200 
2.199500 
2.201700 
2.208900 
2.212900 
2.220500 
2.220800 
2.221200 
2.226900 
2.236300 
2.244100 
2.248900 
2.251500 
2.269900 
2.288000 
2.288200 
2.293100 
2.294500 
2.299100 
2.302800 
2.314300 
2.317800 
2.318200 
2.318600 
2.324100 
2.339400 
2.348300 
2.351000 
2.353300 
2.360900 
2.364500 
2.367300 
2.368600 
2.371200 
2.373900 
2.383400 
2.387800 
2.394500 
2.395400 
2.396700 
2.406300 
2.408800 
2.415600 
2.424600 
2.426300 
2.440100 
2.448600 
2.455900 
2.456900 
2.465300 
2.469700 
2.472800 
2.482800 
2.483400 
2.500100 
2.528400 
2.529200 
2.531900 
2.532800 
2.534000 
2.536100 
2.548600 
2.550400 
2.551300 
2.565500 
2.576500 
2.585100 
2.596200 
2.597600 
2.598900 
2.603100 
2.611000 
2.611300 
2.623400 
2.637400 
2.654800 
2.656200 
2.663600 
2.668200 
2.672400 
2.673900 
2.674700 
2.681000 
2.683700 
2.690100 
2.693300 
2.710200 
2.710800 
2.712300 
2.722500 
2.730800 
2.739800 
2.743800 
2.747600 
2.755100 
2.756000 
2.762600 
2.769900 
2.770300 
2.778300 
2.778900 
2.793800 
2.794100 
2.804800 
2.808000 
2.809600 
2.846300 
2.847800 
2.848800 
2.853000 
2.855900 
2.862300 
2.864400 
2.877600 
2.887800 
2.912700 
2.917100 
2.924500 
2.925400 
2.937600 
2.939400 
2.945100 
2.945800 
2.952800 
2.959000 
2.962600 
2.965200 
2.965600 
2.976300 
2.981500 
2.982000 
2.983600 
2.985500 
