0.024000 
0.025900 
0.026400 
0.029100 
0.030100 
0.031600 
0.033300 
0.033600 
0.034900 
0.036500 
0.037600 
0.037900 
0.038600 
0.040200 
0.045600 
0.046000 
0.047200 
0.047600 
0.047900 
0.048900 
0.052600 
0.052900 
0.053100 
0.057400 
0.058700 
0.060500 
0.060600 
0.065300 
0.074100 
0.075800 
0.076200 
0.076700 
0.078700 
0.081100 
0.082600 
0.084200 
0.091300 
0.092600 
0.093200 
0.093700 
0.096000 
0.101000 
0.103900 
0.108600 
0.110500 
0.111100 
0.112300 
0.114200 
0.116200 
0.117000 
0.120400 
0.121000 
0.121800 
0.121900 
0.124000 
0.125800 
0.127100 
0.131300 
0.131300 
0.132500 
0.137400 
0.139900 
0.140300 
0.150200 
0.152400 
0.152600 
0.153300 
0.156900 
0.157900 
0.158400 
0.159100 
0.163300 
0.166500 
0.167200 
0.169100 
0.171300 
0.172100 
0.174300 
0.174400 
0.175300 
0.176400 
0.176900 
0.181300 
0.187100 
0.188500 
0.190600 
0.191000 
0.191900 
0.192700 
0.195100 
0.197500 
0.198400 
0.199800 
0.201700 
0.204600 
0.207900 
0.211300 
0.214500 
0.217100 
0.219000 
0.220000 
0.223300 
0.229000 
0.229500 
0.230300 
0.230600 
0.230700 
0.231600 
0.233100 
0.233900 
0.237100 
0.242400 
0.249100 
0.249500 
0.250000 
0.254800 
0.255900 
0.256100 
0.261500 
0.261800 
0.264500 
0.266200 
0.270500 
0.271200 
0.272000 
0.272800 
0.275700 
0.279000 
0.281000 
0.281200 
0.281300 
0.281800 
0.286500 
0.289600 
0.289900 
0.293000 
0.298300 
0.298400 
0.304700 
0.305200 
0.306900 
0.307000 
0.308000 
0.311700 
0.318000 
0.318400 
0.321200 
0.323700 
0.325700 
0.328200 
0.328400 
0.330500 
0.330700 
0.334100 
0.336000 
0.336800 
0.338100 
0.338800 
0.340700 
0.341700 
0.350300 
0.354300 
0.354500 
0.356000 
0.357200 
0.359600 
0.365500 
0.368000 
0.369300 
0.370900 
0.372600 
0.376000 
0.377100 
0.377300 
0.378800 
0.385300 
0.385900 
0.392200 
0.393300 
0.393700 
0.393900 
0.396100 
0.397200 
0.405100 
0.405100 
0.407200 
0.410500 
0.411300 
0.411500 
0.413700 
0.413900 
0.416600 
0.419400 
0.420400 
0.424200 
0.424300 
0.426900 
0.426900 
0.429000 
0.429000 
0.429800 
0.434700 
0.435800 
0.436300 
0.438900 
0.438900 
0.440000 
0.443100 
0.444600 
0.447100 
0.449100 
0.451000 
0.453100 
0.453800 
0.454200 
0.454700 
0.454700 
0.462200 
0.464400 
0.465000 
0.472400 
0.473900 
0.474100 
0.475500 
0.484800 
0.485600 
0.486700 
0.488800 
0.489900 
0.493300 
0.493700 
0.494900 
0.495500 
0.496000 
0.499200 
0.499200 
0.508300 
0.510600 
0.515400 
0.519700 
0.520600 
0.521000 
0.522200 
0.523000 
0.525800 
0.526600 
0.527400 
0.531900 
0.533800 
0.536700 
0.537300 
0.537300 
0.538500 
0.540000 
0.541000 
0.541600 
0.543700 
0.545200 
0.547000 
0.549900 
0.557000 
0.559400 
0.564000 
0.565400 
0.565600 
0.565900 
0.566300 
0.566500 
0.566800 
0.569100 
0.569400 
0.572400 
0.574400 
0.578500 
0.579000 
0.579100 
0.581400 
0.584900 
0.588400 
0.588900 
0.589100 
0.590600 
0.590700 
0.592100 
0.592600 
0.592800 
0.593000 
0.595800 
0.601000 
0.602100 
0.605700 
0.606700 
0.611400 
0.612300 
0.614900 
0.618400 
0.620500 
0.621100 
0.621200 
0.622100 
0.622700 
0.629200 
0.632400 
0.632500 
0.632700 
0.634400 
0.636800 
0.637200 
0.637400 
0.638200 
0.642000 
0.642800 
0.645000 
0.646500 
0.648000 
0.648800 
0.655900 
0.656500 
0.657800 
0.660300 
0.660900 
0.663900 
0.671800 
0.672200 
0.674500 
0.675800 
0.678000 
0.678700 
0.681300 
0.681600 
0.685800 
0.686200 
0.689100 
0.693100 
0.695900 
0.697600 
0.699300 
0.699900 
0.700200 
0.705200 
0.705700 
0.706900 
0.710900 
0.711700 
0.712000 
0.712200 
0.712800 
0.713600 
0.713700 
0.717800 
0.718000 
0.723600 
0.724100 
0.724900 
0.729800 
0.731600 
0.732000 
0.733700 
0.734000 
0.734800 
0.738700 
0.739900 
0.742700 
0.749000 
0.749000 
0.749200 
0.750400 
0.750800 
0.751500 
0.759200 
0.762600 
0.762900 
0.763100 
0.763300 
0.766900 
0.768900 
0.769000 
0.769500 
0.769600 
0.771400 
0.772100 
0.773800 
0.774100 
0.776600 
0.778100 
0.778200 
0.778400 
0.785100 
0.786600 
0.787300 
0.787400 
0.791900 
0.797400 
0.798300 
0.799300 
0.799700 
0.803000 
0.803400 
0.807600 
0.809500 
0.813800 
0.818300 
0.818500 
0.820500 
0.820900 
0.823200 
0.824100 
0.826700 
0.826800 
0.827900 
0.831300 
0.838600 
0.842100 
0.843500 
0.843700 
0.844000 
0.844000 
0.844400 
0.844500 
0.844600 
0.845300 
0.847000 
0.849300 
0.850400 
0.850800 
0.855200 
0.855500 
0.860600 
0.862300 
0.862900 
0.863900 
0.866200 
0.869300 
0.874800 
0.875500 
0.875700 
0.877200 
0.886000 
0.891400 
0.891400 
0.895700 
0.896000 
0.898900 
0.899000 
0.899100 
0.902200 
0.903000 
0.903200 
0.907900 
0.908600 
0.912500 
0.915000 
0.915600 
0.919900 
0.920800 
0.921100 
0.923200 
0.924400 
0.924900 
0.925400 
0.927500 
0.931400 
0.932300 
0.934000 
0.935800 
0.935900 
0.937200 
0.939700 
0.942600 
0.943400 
0.944100 
0.949700 
0.950100 
0.951200 
0.952400 
0.956400 
0.957000 
0.957400 
0.958000 
0.959000 
0.959500 
0.959900 
0.965400 
0.965800 
0.967500 
0.967900 
0.968300 
0.969900 
0.976800 
0.990600 
0.997200 
0.998800 
1.002700 
1.004200 
1.007100 
1.008900 
1.009300 
1.009700 
1.011000 
1.013200 
1.015400 
1.015700 
1.015900 
1.016700 
1.021500 
1.025600 
1.025700 
1.030900 
1.032200 
1.034800 
1.035900 
1.036400 
1.039200 
1.041700 
1.048200 
1.048900 
1.049400 
1.051300 
1.053300 
1.054000 
1.056000 
1.059100 
1.063700 
1.063700 
1.066100 
1.069100 
1.076500 
1.077400 
1.079400 
1.079800 
1.080500 
1.081100 
1.084200 
1.086600 
1.088900 
1.096200 
1.098700 
1.109200 
1.110200 
1.110400 
1.111000 
1.113100 
1.115500 
1.117400 
1.118100 
1.119000 
1.119500 
1.121500 
1.123000 
1.124900 
1.125100 
1.126500 
1.127700 
1.129100 
1.131400 
1.132100 
1.132600 
1.133000 
1.136100 
1.136900 
1.137600 
1.141000 
1.141600 
1.143400 
1.143600 
1.143600 
1.144200 
1.147800 
1.148800 
1.150600 
1.153600 
1.153800 
1.157000 
1.157100 
1.158200 
1.158300 
1.158900 
1.159600 
1.161600 
1.162500 
1.170700 
1.171800 
1.175500 
1.175900 
1.176800 
1.180000 
1.183400 
1.184600 
1.184900 
1.185300 
1.186900 
1.191800 
1.192100 
1.193700 
1.197200 
1.197200 
1.199100 
1.203300 
1.204300 
1.207500 
1.209800 
1.210400 
1.211400 
1.213300 
1.215900 
1.218200 
1.220800 
1.224400 
1.231300 
1.231400 
1.232000 
1.237400 
1.238200 
1.243000 
1.243500 
1.245200 
1.249500 
1.251200 
1.252500 
1.260000 
1.260100 
1.262800 
1.264100 
1.268200 
1.268600 
1.272800 
1.273500 
1.276000 
1.277200 
1.277300 
1.277400 
1.278900 
1.279900 
1.282800 
1.284200 
1.285100 
1.290100 
1.291300 
1.291400 
1.291500 
1.294000 
1.294100 
1.294900 
1.296100 
1.299400 
1.299800 
1.302600 
1.305300 
1.307400 
1.308200 
1.310000 
1.310300 
1.312000 
1.313300 
1.313400 
1.314400 
1.318000 
1.318700 
1.321800 
1.322800 
1.325300 
1.325500 
1.327300 
1.328500 
1.328900 
1.332300 
1.333800 
1.335100 
1.338300 
1.339500 
1.343300 
1.344000 
1.347000 
1.348800 
1.349000 
1.352000 
1.352400 
1.353000 
1.354900 
1.355000 
1.356400 
1.356600 
1.356700 
1.357000 
1.360500 
1.360500 
1.361800 
1.365200 
1.367000 
1.368400 
1.369400 
1.371600 
1.373700 
1.378200 
1.384200 
1.385100 
1.385500 
1.385900 
1.389800 
1.390000 
1.392400 
1.392800 
1.394000 
1.394400 
1.397900 
1.398200 
1.400000 
1.404000 
1.406100 
1.407900 
1.408300 
1.414000 
1.414800 
1.416500 
1.419600 
1.419700 
1.425100 
1.428200 
1.433600 
1.435500 
1.436500 
1.437100 
1.437800 
1.438100 
1.442000 
1.446500 
1.450600 
1.452200 
1.454800 
1.458100 
1.458700 
1.460600 
1.464300 
1.467400 
1.467700 
1.468000 
1.470500 
1.472200 
1.472900 
1.476500 
1.478000 
1.478900 
1.483700 
1.483900 
1.485800 
1.486100 
1.490300 
1.492500 
1.493500 
1.495000 
1.495000 
1.497700 
1.500400 
1.502400 
1.502500 
1.503000 
1.503300 
1.505800 
1.506200 
1.510400 
1.511600 
1.512100 
1.513100 
1.513600 
1.519000 
1.519900 
1.525900 
1.526200 
1.529200 
1.530400 
1.533300 
1.533700 
1.536100 
1.536400 
1.543100 
1.544000 
1.544500 
1.545400 
1.550100 
1.553100 
1.553200 
1.554600 
1.556200 
1.556300 
1.556400 
1.556900 
1.558800 
1.561800 
1.562100 
1.565100 
1.568300 
1.575300 
1.578600 
1.579100 
1.580300 
1.582000 
1.582100 
1.583000 
1.583000 
1.584900 
1.587700 
1.587900 
1.590500 
1.592400 
1.594000 
1.597000 
1.597600 
1.601100 
1.601500 
1.602800 
1.604200 
1.606000 
1.606300 
1.606500 
1.607100 
1.609100 
1.614400 
1.614600 
1.616700 
1.621100 
1.621800 
1.623700 
1.624900 
1.627400 
1.631000 
1.632500 
1.633600 
1.635000 
1.636900 
1.638200 
1.640700 
1.641000 
1.642100 
1.644800 
1.646600 
1.647200 
1.648500 
1.650400 
1.651300 
1.653300 
1.655900 
1.659400 
1.660100 
1.666800 
1.669000 
1.670500 
1.675400 
1.675800 
1.678700 
1.679600 
1.681300 
1.682800 
1.683100 
1.684000 
1.687100 
1.688300 
1.688500 
1.691000 
1.693100 
1.694200 
1.698700 
1.700800 
1.703500 
1.705500 
1.705900 
1.715300 
1.716100 
1.716500 
1.717400 
1.717500 
1.720300 
1.720600 
1.721300 
1.721600 
1.726800 
1.727500 
1.728800 
1.734300 
1.735000 
1.735800 
1.736500 
1.737200 
1.739500 
1.746200 
1.746200 
1.747100 
1.747200 
1.747500 
1.748200 
1.751500 
1.751800 
1.753600 
1.755000 
1.757900 
1.758400 
1.759800 
1.768200 
1.768700 
1.769200 
1.771600 
1.772000 
1.772700 
1.772900 
1.773200 
1.773800 
1.775700 
1.777300 
1.778800 
1.784500 
1.785800 
1.786100 
1.786500 
1.787300 
1.788100 
1.790400 
1.791100 
1.791300 
1.792300 
1.792500 
1.793100 
1.793200 
1.793300 
1.793900 
1.795500 
1.796200 
1.797000 
1.797800 
1.798900 
1.804700 
1.804800 
1.805900 
1.812500 
1.813600 
1.821200 
1.822900 
1.825500 
1.826200 
1.827600 
1.830100 
1.834100 
1.835000 
1.835200 
1.835900 
1.838700 
1.839300 
1.840600 
1.841000 
1.841800 
1.842300 
1.842800 
1.842900 
1.843200 
1.843500 
1.845900 
1.847200 
1.849900 
1.850000 
1.850400 
1.851400 
1.853400 
1.856700 
1.863900 
1.871100 
1.872200 
1.875700 
1.876200 
1.877400 
1.879300 
1.879900 
1.882000 
1.884900 
1.885400 
1.886300 
1.886800 
1.888200 
1.889600 
1.895600 
1.895800 
1.903000 
1.903800 
1.905300 
1.907100 
1.916100 
1.916900 
1.917300 
1.920000 
1.931300 
1.931900 
1.932900 
1.933200 
1.937600 
1.939900 
1.941600 
1.943600 
1.943700 
1.946900 
1.952200 
1.952800 
1.953200 
1.956700 
1.958200 
1.959200 
1.965100 
1.965800 
1.966600 
1.968600 
1.971000 
1.974400 
1.975600 
1.978500 
1.979500 
1.981000 
1.988600 
1.989500 
1.990200 
1.991800 
1.994300 
1.995200 
1.997400 
1.997400 
1.999000 
1.999500 
2.002000 
2.002800 
2.005600 
2.006800 
2.008300 
2.008800 
2.009700 
2.010400 
2.014500 
2.015900 
2.018000 
2.018200 
2.020800 
2.023400 
2.027600 
2.029700 
2.033400 
2.034500 
2.035400 
2.035600 
2.037300 
2.038800 
2.040700 
2.042600 
2.042600 
2.047300 
2.047700 
2.049100 
2.051000 
2.054900 
2.055400 
2.056900 
2.057000 
2.060100 
2.061300 
2.070600 
2.073300 
2.074400 
2.076500 
2.079000 
2.079400 
2.080400 
2.081200 
2.081400 
2.081800 
2.085300 
2.087100 
2.088600 
2.091100 
2.091200 
2.091900 
2.101700 
2.107300 
2.107600 
2.108300 
2.108800 
2.109300 
2.109500 
2.113200 
2.113700 
2.115100 
2.116200 
2.120400 
2.120900 
2.121600 
2.122000 
2.125800 
2.126600 
2.127700 
2.131800 
2.132500 
2.133600 
2.134500 
2.136000 
2.137100 
2.137300 
2.139200 
2.139800 
2.143200 
2.144400 
2.145300 
2.145600 
2.150000 
2.150700 
2.153500 
2.154300 
2.157800 
2.159500 
2.160500 
2.162400 
2.164200 
2.165300 
2.168000 
2.168900 
2.169500 
2.173200 
2.175700 
2.178600 
2.178700 
2.181100 
2.181400 
2.183600 
2.184800 
2.185700 
2.186900 
2.187200 
2.192000 
2.192300 
2.193400 
2.195000 
2.199200 
2.200100 
2.203800 
2.203900 
2.204000 
2.210300 
2.210300 
2.213200 
2.214000 
2.214800 
2.215900 
2.217200 
2.219900 
2.221200 
2.222500 
2.228700 
2.231000 
2.232300 
2.232300 
2.235000 
2.235300 
2.235800 
2.236700 
2.238100 
2.242700 
2.244400 
2.244600 
2.246100 
2.246800 
2.251100 
2.252500 
2.252700 
2.254200 
2.258800 
2.259500 
2.261700 
2.263900 
2.267700 
2.267900 
2.268400 
2.270100 
2.274500 
2.277000 
2.277300 
2.277900 
2.278900 
2.284200 
2.286100 
2.289300 
2.291700 
2.291800 
2.292000 
2.292000 
2.293000 
2.295300 
2.302300 
2.303200 
2.303900 
2.304000 
2.304600 
2.308600 
2.310800 
2.314000 
2.315100 
2.315200 
2.317500 
2.318300 
2.319800 
2.319800 
2.323700 
2.325600 
2.325700 
2.326100 
2.328700 
2.336500 
2.337100 
2.337700 
2.338700 
2.338800 
2.343600 
2.346000 
2.346500 
2.347300 
2.347700 
2.348600 
2.351700 
2.354800 
2.355200 
2.356300 
2.358600 
2.361700 
2.368800 
2.369600 
2.373200 
2.376500 
2.377000 
2.378100 
2.379100 
2.379300 
2.381600 
2.385200 
2.388000 
2.389500 
2.391000 
2.391500 
2.392700 
2.396500 
2.399200 
2.399300 
2.400800 
2.407200 
2.407700 
2.408400 
2.411800 
2.415000 
2.416300 
2.419400 
2.420200 
2.420800 
2.421500 
2.423000 
2.426400 
2.427300 
2.431100 
2.431500 
2.432700 
2.432800 
2.439600 
2.440000 
2.440500 
2.440600 
2.442800 
2.444300 
2.444800 
2.448800 
2.448900 
2.449300 
2.450000 
2.451800 
2.454200 
2.454600 
2.455200 
2.456600 
2.461200 
2.461500 
2.465200 
2.466600 
2.466700 
2.470000 
2.470600 
2.471200 
2.472700 
2.478900 
2.479500 
2.483500 
2.486600 
2.486900 
2.487000 
2.490100 
2.491300 
2.493500 
2.496700 
2.497000 
2.497700 
2.498200 
2.498400 
2.499000 
2.502300 
2.503000 
2.507900 
2.507900 
2.510900 
2.511000 
2.512100 
2.513500 
2.514900 
2.518800 
2.522600 
2.523900 
2.523900 
2.525000 
2.525400 
2.526200 
2.526900 
2.527000 
2.529100 
2.529300 
2.529500 
2.531700 
2.532100 
2.533300 
2.535500 
2.535800 
2.538200 
2.538700 
2.541000 
2.541200 
2.542100 
2.545500 
2.545900 
2.549100 
2.549800 
2.553400 
2.554300 
2.556000 
2.559600 
2.562800 
2.565800 
2.568000 
2.568200 
2.572200 
2.580400 
2.582500 
2.586300 
2.591800 
2.592700 
2.593100 
2.598000 
2.600500 
2.600900 
2.601600 
2.605500 
2.607400 
2.608100 
2.608700 
2.611300 
2.612900 
2.613300 
2.614300 
2.616600 
2.619900 
2.623500 
2.624500 
2.625300 
2.626300 
2.627000 
2.628700 
2.629200 
2.629300 
2.633200 
2.634400 
2.634600 
2.635000 
2.643400 
2.643400 
2.643800 
2.647900 
2.648700 
2.650100 
2.653900 
2.654400 
2.655900 
2.656900 
2.657900 
2.658200 
2.658400 
2.659700 
2.660300 
2.660700 
2.666000 
2.670100 
2.670200 
2.670500 
2.671300 
2.671500 
2.671800 
2.673500 
2.681600 
2.684000 
2.685700 
2.686100 
2.686400 
2.689800 
2.689900 
2.692500 
2.698700 
2.701800 
2.702600 
2.702800 
2.703300 
2.703500 
2.704700 
2.704800 
2.707300 
2.711400 
2.713100 
2.713900 
2.714200 
2.714500 
2.715900 
2.719600 
2.719900 
2.720500 
2.723000 
2.724000 
2.726000 
2.726800 
2.727400 
2.727500 
2.727900 
2.731300 
2.734400 
2.737300 
2.742500 
2.743300 
2.746500 
2.752700 
2.759500 
2.759500 
2.761800 
2.762200 
2.762400 
2.766000 
2.769100 
2.770800 
2.770900 
2.771300 
2.777000 
2.778300 
2.782000 
2.782900 
2.783300 
2.783900 
2.784200 
2.784600 
2.790000 
2.791400 
2.800200 
2.803600 
2.803800 
2.811300 
2.813000 
2.813800 
2.814600 
2.815600 
2.817000 
2.818400 
2.821500 
2.824300 
2.825600 
2.830100 
2.834400 
2.835400 
2.836400 
2.836600 
2.839000 
2.842200 
2.843700 
2.846900 
2.850100 
2.850500 
2.851600 
2.856600 
2.858000 
2.860400 
2.861800 
2.862300 
2.864500 
2.865900 
2.867600 
2.870200 
2.871700 
2.872400 
2.872400 
2.878000 
2.878700 
2.880500 
2.886600 
2.892800 
2.895800 
2.899100 
2.899300 
2.900100 
2.902000 
2.903000 
2.904400 
2.905300 
2.911100 
2.913800 
2.915100 
2.916100 
2.918400 
2.918500 
2.920300 
2.921800 
2.924700 
2.931200 
2.932000 
2.933400 
2.934700 
2.936100 
2.937300 
2.937400 
2.938000 
2.938700 
2.940700 
2.952000 
2.952900 
2.953600 
2.953800 
2.961800 
2.962200 
2.962900 
2.963400 
2.963600 
2.965500 
2.966300 
2.966300 
2.970000 
2.973400 
2.974400 
2.975100 
2.981400 
2.984300 
2.985300 
2.985800 
2.986300 
2.987900 
2.990300 
2.992000 
2.992100 
2.994400 
2.996400 
2.996500 
2.999100 
