0.049100 
0.052400 
0.052600 
0.053200 
0.054500 
0.054600 
0.057500 
0.058400 
0.059200 
0.059800 
0.060400 
0.060500 
0.060900 
0.062000 
0.065400 
0.065400 
0.068100 
0.070600 
0.073500 
0.076600 
0.078500 
0.078700 
0.080000 
0.083100 
0.087300 
0.089900 
0.092700 
0.096300 
0.097100 
0.100900 
0.101900 
0.102200 
0.103900 
0.105100 
0.112300 
0.112700 
0.118800 
0.118900 
0.120900 
0.121500 
0.121600 
0.126100 
0.126900 
0.127100 
0.128800 
0.129300 
0.129800 
0.130100 
0.131500 
0.132300 
0.134600 
0.134700 
0.135200 
0.136500 
0.137200 
0.138100 
0.143900 
0.144000 
0.144100 
0.144500 
0.144800 
0.146100 
0.147100 
0.147800 
0.148600 
0.150200 
0.152000 
0.153100 
0.154600 
0.159100 
0.161200 
0.162000 
0.162900 
0.163100 
0.163200 
0.171600 
0.173100 
0.175600 
0.177000 
0.179500 
0.184800 
0.184800 
0.186300 
0.187000 
0.187900 
0.190400 
0.192300 
0.193900 
0.195600 
0.197200 
0.198200 
0.202100 
0.202300 
0.203500 
0.206700 
0.207800 
0.209000 
0.209800 
0.213000 
0.213800 
0.217200 
0.222800 
0.225000 
0.228100 
0.233000 
0.233300 
0.233400 
0.234600 
0.234900 
0.235600 
0.236200 
0.237800 
0.238300 
0.238900 
0.239700 
0.240400 
0.240700 
0.241000 
0.241700 
0.242100 
0.243200 
0.246700 
0.255000 
0.255300 
0.263400 
0.263900 
0.264500 
0.265000 
0.268000 
0.272800 
0.273900 
0.276700 
0.276900 
0.281500 
0.284300 
0.284600 
0.286600 
0.286800 
0.290800 
0.293400 
0.294000 
0.295300 
0.295700 
0.297600 
0.297800 
0.298900 
0.299000 
0.300400 
0.300600 
0.304100 
0.306400 
0.308800 
0.311300 
0.311800 
0.312100 
0.313200 
0.315100 
0.318200 
0.318300 
0.318400 
0.320200 
0.320300 
0.324600 
0.325600 
0.326900 
0.328600 
0.331500 
0.332200 
0.332400 
0.334600 
0.337100 
0.337200 
0.340200 
0.340300 
0.341200 
0.341300 
0.343900 
0.344900 
0.345100 
0.347900 
0.352700 
0.352700 
0.353900 
0.354300 
0.355600 
0.356400 
0.358100 
0.367800 
0.370200 
0.372200 
0.373500 
0.373900 
0.373900 
0.376900 
0.377900 
0.379200 
0.380200 
0.380400 
0.380900 
0.383000 
0.383100 
0.386000 
0.388500 
0.390400 
0.395300 
0.395500 
0.396600 
0.400200 
0.405100 
0.405300 
0.406100 
0.410400 
0.410700 
0.413700 
0.414500 
0.414500 
0.417400 
0.421200 
0.423800 
0.423800 
0.424000 
0.425400 
0.425900 
0.426100 
0.426800 
0.427800 
0.430200 
0.433100 
0.434500 
0.436100 
0.436700 
0.440600 
0.441500 
0.441600 
0.442500 
0.442900 
0.445400 
0.446500 
0.446600 
0.446700 
0.448800 
0.450400 
0.452900 
0.454400 
0.454600 
0.457400 
0.457700 
0.458200 
0.459000 
0.459300 
0.460500 
0.463200 
0.464500 
0.464500 
0.467200 
0.467300 
0.467300 
0.469000 
0.474000 
0.479100 
0.485900 
0.486800 
0.487200 
0.488000 
0.488400 
0.488800 
0.490000 
0.491200 
0.494000 
0.494700 
0.497200 
0.498000 
0.498400 
0.498500 
0.498700 
0.499700 
0.501500 
0.501900 
0.507400 
0.514000 
0.514500 
0.514700 
0.516700 
0.518700 
0.519300 
0.522100 
0.522900 
0.524600 
0.531500 
0.532900 
0.535500 
0.537400 
0.538100 
0.541800 
0.542300 
0.549000 
0.549000 
0.549700 
0.550200 
0.555100 
0.555500 
0.556900 
0.557000 
0.557300 
0.560700 
0.562400 
0.563000 
0.563300 
0.565300 
0.566500 
0.566800 
0.570300 
0.573400 
0.573400 
0.573800 
0.578400 
0.579200 
0.580100 
0.584000 
0.584500 
0.587100 
0.587500 
0.587900 
0.588400 
0.588800 
0.592700 
0.594200 
0.595400 
0.598500 
0.600500 
0.601100 
0.603200 
0.603800 
0.606000 
0.606000 
0.611500 
0.614000 
0.618000 
0.620200 
0.623600 
0.623700 
0.623900 
0.624900 
0.626700 
0.630500 
0.631400 
0.633300 
0.636800 
0.637800 
0.638700 
0.639400 
0.645400 
0.645400 
0.649200 
0.649300 
0.653700 
0.654700 
0.655800 
0.659900 
0.662900 
0.664300 
0.666500 
0.667900 
0.670100 
0.674500 
0.675600 
0.675700 
0.675900 
0.680200 
0.680400 
0.680800 
0.682100 
0.682800 
0.683600 
0.685100 
0.685900 
0.688600 
0.691300 
0.691300 
0.693300 
0.697400 
0.698600 
0.698800 
0.699900 
0.704000 
0.705900 
0.706400 
0.707100 
0.708500 
0.708600 
0.713000 
0.715300 
0.716200 
0.718500 
0.718600 
0.719300 
0.719400 
0.720900 
0.721700 
0.724600 
0.726000 
0.726100 
0.726200 
0.730700 
0.732700 
0.733600 
0.733600 
0.735300 
0.735700 
0.740100 
0.740400 
0.741200 
0.741500 
0.741700 
0.742700 
0.749700 
0.749800 
0.750600 
0.750700 
0.752800 
0.754000 
0.756600 
0.757200 
0.759100 
0.759500 
0.760000 
0.762000 
0.763000 
0.763000 
0.764500 
0.767500 
0.768700 
0.772500 
0.775400 
0.776000 
0.776800 
0.780200 
0.780800 
0.783500 
0.784400 
0.788700 
0.790700 
0.791300 
0.792300 
0.795500 
0.799800 
0.802800 
0.803500 
0.803800 
0.804100 
0.806600 
0.807600 
0.809200 
0.809300 
0.809400 
0.810500 
0.810900 
0.811100 
0.813200 
0.815900 
0.817400 
0.818100 
0.821100 
0.821100 
0.822700 
0.830000 
0.831100 
0.831200 
0.832200 
0.833900 
0.835100 
0.835600 
0.836000 
0.838200 
0.839200 
0.840000 
0.846400 
0.850200 
0.850800 
0.851300 
0.852000 
0.853000 
0.857700 
0.859100 
0.861300 
0.864800 
0.866300 
0.866500 
0.869600 
0.870900 
0.877700 
0.878100 
0.879900 
0.880100 
0.881100 
0.883100 
0.885500 
0.886400 
0.887800 
0.889900 
0.891000 
0.898600 
0.900900 
0.901500 
0.905200 
0.906600 
0.906600 
0.909700 
0.910200 
0.911100 
0.912800 
0.917400 
0.917800 
0.918200 
0.921500 
0.922800 
0.926900 
0.927500 
0.930500 
0.931700 
0.934700 
0.935400 
0.944800 
0.945800 
0.947700 
0.950100 
0.955000 
0.956000 
0.957500 
0.958400 
0.959200 
0.960400 
0.964500 
0.964900 
0.965400 
0.968600 
0.971300 
0.972000 
0.972300 
0.973900 
0.974600 
0.974900 
0.975300 
0.975700 
0.975800 
0.976700 
0.977900 
0.978700 
0.979700 
0.980200 
0.980200 
0.982200 
0.987400 
0.994200 
0.994600 
0.995400 
0.996100 
0.998000 
0.999700 
1.000300 
1.001000 
1.001400 
1.001500 
1.001800 
1.004800 
1.005000 
1.005400 
1.009700 
1.012900 
1.016500 
1.016700 
1.017000 
1.020600 
1.021400 
1.026000 
1.028200 
1.029400 
1.029800 
1.030300 
1.035100 
1.040100 
1.040600 
1.042900 
1.043100 
1.043200 
1.045200 
1.046700 
1.047900 
1.049500 
1.049700 
1.050000 
1.050600 
1.051600 
1.053100 
1.053400 
1.054900 
1.057000 
1.057600 
1.058400 
1.061400 
1.063800 
1.067000 
1.067500 
1.068400 
1.068800 
1.069500 
1.070100 
1.070700 
1.072500 
1.072700 
1.073700 
1.075100 
1.077500 
1.078300 
1.079700 
1.080600 
1.088200 
1.090000 
1.090500 
1.090900 
1.094100 
1.095900 
1.096700 
1.097400 
1.100000 
1.101800 
1.103700 
1.106400 
1.106800 
1.108600 
1.109100 
1.111700 
1.112200 
1.117200 
1.117700 
1.117800 
1.117900 
1.118700 
1.119800 
1.122100 
1.124300 
1.129200 
1.130600 
1.139400 
1.139800 
1.141300 
1.141500 
1.141600 
1.141900 
1.142500 
1.142500 
1.146400 
1.147400 
1.149000 
1.154300 
1.154700 
1.154800 
1.157800 
1.159200 
1.160500 
1.162600 
1.164200 
1.168000 
1.169900 
1.170000 
1.175600 
1.175600 
1.176300 
1.180600 
1.182500 
1.182600 
1.182800 
1.183900 
1.184900 
1.185700 
1.185800 
1.185900 
1.185900 
1.186100 
1.186500 
1.187600 
1.188900 
1.189000 
1.190300 
1.190600 
1.192200 
1.192300 
1.193100 
1.194300 
1.196600 
1.197800 
1.198500 
1.199200 
1.202300 
1.204400 
1.204900 
1.206500 
1.209300 
1.209600 
1.210900 
1.212800 
1.213000 
1.213100 
1.215900 
1.219200 
1.219200 
1.220200 
1.221100 
1.221200 
1.222400 
1.226300 
1.226500 
1.226700 
1.228800 
1.229000 
1.229200 
1.233600 
1.241600 
1.243300 
1.244000 
1.244200 
1.248300 
1.248700 
1.250600 
1.251700 
1.255300 
1.255600 
1.260500 
1.262100 
1.263600 
1.265700 
1.266400 
1.267400 
1.267700 
1.268700 
1.272700 
1.273900 
1.276500 
1.278400 
1.280100 
1.285200 
1.285800 
1.288200 
1.291400 
1.291600 
1.294100 
1.295300 
1.300300 
1.302300 
1.303800 
1.304600 
1.306000 
1.306500 
1.315500 
1.316100 
1.319600 
1.319900 
1.324300 
1.325200 
1.326600 
1.326700 
1.329200 
1.329600 
1.330200 
1.330900 
1.336000 
1.336800 
1.337100 
1.339600 
1.342400 
1.345800 
1.348000 
1.348400 
1.352000 
1.353600 
1.354200 
1.356000 
1.361100 
1.362400 
1.362400 
1.362600 
1.368900 
1.369100 
1.370600 
1.373200 
1.373600 
1.375300 
1.384700 
1.385200 
1.385800 
1.386700 
1.386800 
1.387400 
1.388600 
1.392300 
1.392400 
1.392600 
1.393000 
1.397800 
1.402200 
1.403000 
1.403400 
1.403800 
1.404600 
1.405000 
1.406000 
1.407600 
1.408200 
1.411700 
1.414500 
1.415600 
1.417000 
1.418200 
1.422900 
1.424000 
1.426800 
1.428200 
1.431000 
1.433300 
1.436600 
1.438800 
1.442100 
1.444100 
1.444500 
1.446400 
1.448500 
1.450300 
1.450900 
1.452900 
1.453100 
1.453200 
1.454500 
1.454900 
1.456300 
1.456900 
1.465700 
1.468200 
1.469000 
1.471900 
1.472100 
1.476000 
1.476500 
1.478500 
1.479800 
1.479900 
1.483000 
1.484700 
1.486600 
1.486800 
1.487900 
1.488000 
1.489900 
1.491600 
1.493300 
1.493400 
1.495000 
1.497400 
1.499200 
1.501900 
1.505400 
1.508700 
1.509900 
1.510400 
1.511300 
1.514500 
1.515100 
1.515300 
1.516200 
1.516800 
1.519700 
1.522400 
1.522600 
1.522900 
1.523200 
1.528300 
1.532200 
1.533300 
1.534000 
1.536000 
1.537700 
1.540200 
1.548100 
1.550900 
1.552200 
1.553200 
1.554800 
1.555500 
1.558900 
1.561600 
1.561900 
1.562600 
1.564500 
1.565600 
1.566500 
1.567500 
1.567900 
1.568000 
1.573400 
1.575100 
1.575900 
1.576600 
1.577500 
1.580300 
1.580500 
1.580700 
1.581700 
1.583900 
1.584000 
1.584600 
1.585400 
1.587700 
1.588800 
1.592900 
1.593600 
1.595700 
1.598600 
1.602300 
1.603000 
1.606400 
1.609800 
1.610500 
1.611200 
1.612000 
1.614800 
1.616100 
1.616900 
1.617400 
1.619300 
1.619900 
1.620400 
1.620700 
1.621500 
1.623700 
1.623800 
1.628300 
1.634300 
1.636200 
1.636300 
1.638100 
1.638100 
1.638200 
1.638700 
1.638900 
1.639800 
1.641500 
1.641800 
1.645800 
1.646800 
1.649600 
1.655300 
1.655700 
1.656300 
1.659000 
1.660300 
1.666600 
1.667000 
1.668000 
1.670300 
1.673300 
1.676200 
1.676800 
1.677800 
1.679800 
1.683500 
1.689000 
1.692000 
1.694400 
1.696100 
1.696700 
1.698700 
1.699500 
1.700700 
1.701000 
1.701100 
1.706600 
1.707300 
1.708100 
1.712400 
1.715500 
1.715800 
1.716600 
1.718200 
1.718500 
1.720600 
1.721000 
1.722600 
1.722900 
1.724300 
1.725500 
1.731800 
1.732100 
1.732200 
1.733100 
1.733200 
1.735100 
1.736200 
1.736300 
1.736300 
1.737100 
1.741000 
1.741900 
1.748300 
1.749500 
1.749700 
1.749900 
1.750900 
1.752800 
1.756900 
1.758800 
1.759200 
1.759200 
1.760000 
1.763700 
1.763800 
1.764600 
1.769100 
1.769700 
1.774300 
1.775200 
1.777500 
1.777700 
1.780100 
1.780800 
1.783000 
1.784400 
1.786400 
1.786400 
1.786500 
1.788400 
1.789200 
1.792800 
1.793900 
1.794100 
1.795900 
1.799100 
1.799400 
1.799800 
1.802700 
1.805600 
1.807300 
1.810700 
1.811100 
1.812100 
1.812900 
1.816600 
1.817400 
1.818000 
1.819400 
1.820000 
1.820000 
1.820200 
1.820400 
1.823500 
1.830100 
1.831600 
1.833700 
1.834700 
1.836800 
1.838800 
1.840400 
1.842900 
1.846600 
1.846700 
1.850500 
1.853300 
1.854300 
1.854800 
1.855800 
1.859400 
1.863400 
1.867200 
1.868300 
1.868500 
1.869700 
1.870000 
1.872700 
1.873100 
1.874000 
1.877300 
1.877600 
1.882600 
1.884000 
1.884700 
1.885200 
1.885300 
1.887800 
1.889300 
1.892100 
1.893400 
1.893400 
1.896400 
1.901000 
1.901100 
1.901500 
1.903500 
1.905400 
1.905700 
1.907700 
1.908800 
1.909000 
1.912800 
1.914200 
1.916900 
1.918000 
1.920800 
1.926900 
1.931100 
1.932000 
1.932700 
1.933900 
1.934500 
1.936300 
1.939400 
1.941100 
1.943800 
1.943800 
1.949900 
1.950500 
1.950900 
1.951000 
1.954100 
1.955100 
1.955300 
1.956400 
1.957100 
1.964700 
1.966300 
1.967200 
1.968000 
1.969300 
1.972000 
1.973100 
1.978700 
1.979000 
1.979700 
1.984900 
1.985400 
1.990300 
1.995800 
1.996800 
2.001100 
2.001100 
2.002600 
2.004800 
2.005200 
2.007800 
2.008600 
2.011300 
2.013600 
2.013800 
2.014400 
2.016400 
2.017800 
2.018600 
2.019200 
2.022800 
2.026300 
2.031600 
2.033200 
2.033400 
2.036800 
2.040800 
2.041800 
2.042700 
2.043200 
2.044200 
2.051400 
2.053300 
2.054300 
2.054900 
2.055300 
2.055600 
2.055800 
2.057400 
2.057900 
2.060100 
2.067600 
2.070400 
2.074700 
2.079600 
2.079900 
2.080000 
2.080700 
2.081700 
2.082400 
2.084100 
2.085100 
2.085200 
2.085300 
2.085800 
2.085900 
2.090200 
2.093700 
2.094000 
2.094500 
2.097300 
2.097700 
2.098500 
2.099300 
2.100400 
2.102000 
2.105200 
2.106400 
2.106500 
2.109500 
2.112900 
2.113800 
2.116100 
2.117300 
2.117300 
2.119200 
2.120700 
2.123500 
2.123500 
2.124400 
2.129000 
2.130200 
2.132400 
2.132800 
2.134000 
2.135200 
2.138400 
2.138800 
2.139500 
2.143000 
2.145600 
2.146300 
2.147100 
2.150300 
2.150400 
2.151100 
2.152000 
2.152900 
2.154700 
2.154900 
2.158400 
2.159300 
2.161300 
2.161300 
2.161700 
2.163700 
2.165800 
2.165800 
2.165900 
2.166600 
2.170800 
2.173200 
2.174200 
2.174500 
2.174500 
2.176500 
2.181400 
2.187400 
2.188800 
2.189600 
2.191300 
2.193000 
2.193300 
2.197600 
2.199000 
2.201400 
2.202000 
2.202800 
2.203500 
2.206200 
2.207100 
2.209600 
2.214700 
2.216300 
2.217200 
2.219700 
2.220200 
2.223300 
2.224100 
2.227200 
2.229700 
2.231000 
2.231300 
2.234000 
2.236900 
2.237100 
2.237300 
2.238500 
2.241400 
2.243000 
2.243500 
2.243600 
2.244500 
2.244500 
2.245300 
2.245900 
2.246100 
2.247200 
2.248300 
2.248500 
2.248700 
2.249000 
2.254000 
2.254200 
2.254500 
2.256800 
2.257400 
2.259300 
2.260100 
2.260200 
2.262400 
2.266000 
2.266800 
2.267400 
2.269800 
2.270600 
2.272100 
2.272600 
2.278400 
2.282600 
2.283200 
2.284400 
2.288500 
2.291700 
2.296300 
2.301000 
2.302500 
2.302600 
2.303900 
2.305000 
2.305300 
2.307700 
2.310000 
2.310000 
2.310300 
2.313400 
2.314300 
2.315600 
2.316000 
2.316700 
2.319200 
2.319300 
2.320600 
2.322700 
2.324100 
2.327000 
2.330400 
2.331200 
2.332600 
2.332600 
2.335400 
2.335700 
2.339000 
2.345500 
2.348100 
2.352100 
2.353800 
2.354300 
2.356300 
2.357100 
2.357900 
2.358300 
2.358400 
2.359100 
2.359300 
2.361200 
2.361200 
2.361300 
2.362200 
2.363600 
2.364100 
2.368800 
2.371500 
2.373100 
2.373400 
2.374100 
2.375900 
2.378000 
2.378700 
2.382300 
2.382800 
2.383300 
2.385000 
2.386100 
2.387200 
2.387900 
2.390500 
2.394500 
2.396700 
2.402400 
2.402400 
2.402400 
2.402500 
2.402900 
2.405400 
2.406800 
2.413200 
2.414200 
2.414400 
2.417700 
2.420400 
2.422900 
2.422900 
2.424000 
2.429200 
2.433200 
2.433500 
2.434300 
2.437500 
2.440300 
2.442000 
2.445100 
2.450200 
2.452500 
2.452800 
2.454100 
2.455800 
2.457500 
2.458300 
2.458900 
2.459400 
2.460500 
2.462300 
2.464000 
2.464500 
2.466200 
2.466900 
2.468500 
2.468600 
2.472100 
2.472800 
2.473600 
2.473700 
2.474400 
2.478000 
2.480500 
2.481900 
2.483000 
2.484400 
2.484600 
2.484700 
2.487400 
2.489200 
2.489700 
2.492300 
2.492400 
2.492800 
2.493100 
2.494300 
2.499000 
2.499900 
2.500600 
2.501100 
2.504700 
2.505300 
2.512100 
2.516100 
2.517500 
2.517700 
2.521900 
2.525300 
2.527100 
2.527500 
2.527700 
2.528900 
2.532400 
2.536400 
2.537000 
2.540800 
2.542400 
2.544200 
2.544500 
2.546000 
2.546500 
2.549200 
2.557000 
2.557300 
2.562200 
2.562600 
2.567000 
2.567500 
2.569500 
2.570600 
2.571100 
2.575600 
2.576200 
2.577400 
2.580900 
2.582600 
2.586200 
2.590000 
2.593500 
2.596200 
2.596300 
2.604800 
2.608000 
2.613400 
2.614500 
2.617100 
2.618100 
2.623900 
2.626500 
2.626900 
2.627400 
2.630300 
2.630700 
2.632600 
2.634700 
2.636000 
2.636300 
2.638300 
2.639800 
2.640400 
2.640500 
2.642800 
2.644000 
2.645300 
2.645400 
2.648600 
2.648800 
2.649600 
2.649800 
2.649800 
2.650000 
2.655500 
2.658300 
2.660200 
2.662100 
2.663900 
2.666500 
2.667000 
2.668100 
2.670200 
2.671300 
2.673600 
2.677700 
2.678900 
2.679900 
2.681900 
2.683300 
2.686800 
2.687300 
2.687500 
2.692600 
2.694400 
2.694600 
2.694600 
2.696200 
2.697400 
2.698700 
2.700200 
2.700500 
2.702600 
2.708900 
2.711900 
2.712600 
2.714500 
2.716600 
2.717500 
2.720800 
2.722100 
2.722800 
2.726800 
2.732100 
2.732700 
2.732800 
2.734400 
2.735200 
2.735600 
2.737200 
2.738900 
2.740500 
2.741700 
2.741800 
2.742000 
2.745500 
2.749900 
2.751100 
2.754800 
2.757000 
2.759500 
2.761800 
2.761900 
2.764200 
2.766300 
2.766500 
2.766600 
2.769100 
2.769200 
2.769800 
2.770700 
2.771900 
2.773800 
2.776500 
2.777500 
2.777600 
2.777700 
2.779900 
2.784500 
2.784600 
2.784800 
2.791100 
2.792500 
2.794100 
2.794300 
2.794600 
2.799900 
2.800600 
2.801000 
2.801900 
2.802200 
2.803000 
2.812900 
2.814300 
2.816500 
2.817000 
2.817200 
2.818100 
2.818700 
2.818900 
2.824700 
2.828800 
2.829700 
2.831900 
2.832700 
2.836300 
2.836900 
2.838500 
2.838600 
2.845400 
2.845700 
2.845900 
2.846900 
2.847900 
2.848700 
2.850200 
2.853500 
2.854400 
2.855200 
2.857100 
2.858400 
2.859000 
2.861500 
2.863700 
2.864700 
2.867200 
2.867800 
2.869200 
2.872400 
2.873000 
2.873900 
2.874000 
2.878200 
2.878800 
2.884200 
2.884400 
2.885100 
2.885500 
2.888600 
2.892100 
2.897100 
2.898900 
2.900100 
2.904600 
2.909700 
2.913800 
2.913900 
2.914500 
2.915500 
2.915800 
2.917500 
2.918300 
2.925900 
2.927100 
2.928300 
2.928700 
2.929500 
2.929600 
2.930700 
2.931300 
2.932000 
2.932100 
2.932100 
2.933700 
2.939200 
2.939400 
2.939500 
2.940800 
2.943800 
2.947100 
2.949400 
2.951100 
2.951500 
2.952200 
2.952900 
2.953300 
2.953900 
2.959000 
2.960300 
2.960800 
2.963700 
2.968100 
2.968900 
2.972800 
2.972900 
2.976700 
2.977000 
2.977500 
2.978100 
2.978800 
2.982400 
2.989300 
2.989400 
2.989400 
2.990300 
