89 
59 
72 
84 
2 
6 
14 
81 
90 
26 
33 
98 
11 
31 
52 
35 
51 
66 
92 
40 
49 
71 
10 
44 
25 
77 
38 
45 
67 
89 
50 
87 
27 
24 
101 
86 
79 
85 
1 
63 
95 
28 
81 
18 
47 
8 
13 
31 
37 
99 
88 
97 
14 
75 
48 
34 
80 
20 
70 
71 
40 
6 
35 
0 
2 
4 
21 
45 
36 
86 
49 
100 
15 
89 
84 
73 
96 
42 
64 
60 
31 
22 
53 
10 
101 
16 
27 
59 
40 
8 
11 
38 
77 
58 
90 
67 
2 
72 
44 
45 
96 
29 
85 
13 
81 
50 
20 
66 
31 
74 
84 
4 
75 
83 
49 
35 
28 
71 
73 
47 
5 
53 
14 
34 
10 
52 
95 
79 
51 
8 
89 
44 
70 
2 
64 
59 
92 
101 
15 
81 
88 
37 
16 
40 
18 
10 
42 
49 
83 
13 
45 
31 
28 
100 
95 
35 
20 
9 
71 
22 
38 
94 
39 
81 
43 
14 
92 
96 
35 
40 
76 
1 
78 
16 
8 
17 
61 
2 
56 
90 
81 
36 
59 
72 
89 
31 
45 
46 
85 
84 
97 
38 
14 
37 
10 
33 
75 
18 
79 
20 
77 
29 
35 
40 
98 
41 
15 
81 
101 
95 
66 
6 
49 
34 
8 
12 
16 
64 
71 
70 
47 
92 
48 
27 
67 
42 
33 
74 
2 
97 
81 
89 
100 
4 
51 
35 
76 
45 
31 
98 
5 
36 
101 
21 
44 
59 
78 
72 
49 
17 
63 
57 
93 
88 
65 
58 
40 
94 
16 
9 
71 
15 
20 
47 
79 
18 
84 
14 
66 
42 
89 
35 
4 
6 
39 
46 
10 
92 
37 
45 
8 
64 
11 
49 
13 
22 
98 
2 
57 
31 
38 
12 
75 
66 
59 
36 
61 
81 
35 
51 
33 
1 
96 
82 
89 
86 
10 
64 
58 
72 
94 
60 
2 
30 
93 
92 
47 
20 
97 
17 
41 
40 
84 
16 
67 
45 
29 
66 
26 
6 
36 
4 
34 
24 
5 
18 
35 
88 
71 
54 
13 
15 
16 
1 
31 
42 
75 
38 
95 
10 
40 
8 
3 
29 
49 
2 
64 
45 
84 
98 
77 
85 
56 
44 
81 
51 
17 
57 
65 
66 
63 
72 
6 
55 
13 
22 
78 
45 
40 
16 
11 
46 
42 
36 
86 
93 
80 
47 
2 
15 
35 
0 
20 
4 
10 
34 
52 
64 
95 
44 
38 
26 
89 
6 
29 
65 
50 
71 
31 
49 
92 
32 
100 
14 
1 
96 
85 
84 
43 
81 
17 
5 
77 
56 
45 
59 
15 
40 
72 
11 
35 
2 
36 
13 
101 
66 
6 
8 
42 
18 
81 
80 
10 
82 
20 
38 
16 
45 
71 
19 
7 
3 
31 
40 
27 
70 
2 
35 
89 
34 
44 
4 
52 
59 
92 
42 
95 
41 
98 
81 
100 
94 
29 
31 
6 
93 
15 
56 
45 
64 
72 
48 
49 
36 
35 
8 
34 
63 
18 
99 
84 
78 
14 
71 
67 
33 
77 
44 
42 
89 
11 
17 
2 
79 
59 
1 
10 
95 
90 
58 
27 
20 
74 
66 
13 
40 
81 
56 
6 
50 
8 
64 
5 
29 
47 
73 
35 
36 
38 
51 
16 
34 
41 
15 
48 
84 
93 
94 
3 
44 
45 
75 
21 
96 
37 
85 
92 
99 
72 
71 
1 
59 
57 
17 
4 
49 
13 
101 
31 
10 
33 
67 
27 
35 
12 
16 
7 
8 
89 
63 
90 
5 
71 
38 
36 
98 
6 
95 
14 
59 
84 
51 
66 
73 
47 
44 
13 
79 
30 
65 
3 
91 
64 
81 
42 
77 
74 
19 
52 
40 
20 
31 
78 
37 
18 
27 
34 
15 
28 
58 
95 
45 
8 
7 
35 
70 
10 
22 
1 
5 
33 
80 
92 
17 
13 
98 
64 
81 
71 
42 
90 
67 
29 
83 
57 
100 
59 
31 
79 
36 
11 
2 
0 
91 
63 
56 
44 
53 
97 
51 
35 
94 
93 
66 
84 
75 
15 
45 
8 
10 
99 
34 
86 
46 
95 
9 
21 
38 
36 
49 
20 
1 
74 
30 
77 
50 
2 
89 
64 
67 
26 
45 
71 
70 
29 
81 
75 
59 
51 
4 
49 
58 
48 
14 
84 
18 
98 
5 
37 
95 
89 
38 
27 
35 
31 
34 
16 
44 
17 
77 
9 
57 
15 
2 
59 
45 
19 
10 
33 
100 
64 
49 
93 
94 
13 
4 
99 
65 
40 
31 
83 
66 
95 
26 
101 
8 
18 
87 
71 
75 
67 
85 
73 
47 
11 
5 
6 
14 
41 
36 
52 
42 
45 
16 
38 
50 
86 
21 
28 
24 
37 
20 
84 
98 
60 
92 
80 
89 
2 
66 
39 
3 
40 
15 
56 
96 
70 
79 
55 
90 
81 
31 
35 
62 
49 
13 
59 
43 
6 
34 
20 
33 
51 
71 
4 
77 
17 
99 
14 
45 
5 
10 
2 
27 
64 
93 
31 
8 
21 
16 
63 
73 
32 
47 
53 
84 
74 
82 
40 
25 
35 
67 
72 
15 
38 
92 
44 
59 
50 
52 
96 
51 
49 
71 
78 
94 
10 
21 
95 
2 
89 
34 
80 
81 
56 
45 
8 
97 
16 
7 
13 
90 
77 
86 
58 
6 
64 
42 
99 
47 
4 
18 
31 
15 
66 
59 
28 
83 
36 
40 
71 
75 
100 
2 
32 
88 
84 
81 
8 
48 
49 
47 
35 
34 
21 
18 
33 
44 
29 
92 
73 
78 
13 
52 
17 
56 
27 
14 
6 
95 
100 
0 
31 
90 
1 
96 
36 
38 
71 
72 
45 
15 
64 
66 
2 
97 
59 
67 
22 
99 
8 
21 
30 
5 
20 
91 
47 
40 
3 
49 
35 
58 
29 
14 
28 
48 
79 
34 
96 
74 
16 
13 
75 
44 
38 
15 
52 
80 
71 
31 
100 
5 
4 
77 
66 
27 
70 
45 
11 
65 
57 
98 
89 
35 
2 
67 
101 
92 
84 
51 
49 
7 
42 
81 
12 
21 
24 
88 
18 
72 
29 
10 
38 
14 
87 
40 
78 
75 
59 
94 
16 
13 
1 
50 
48 
95 
2 
34 
84 
71 
66 
44 
80 
64 
33 
35 
81 
4 
101 
47 
49 
27 
30 
67 
5 
89 
92 
6 
13 
58 
84 
31 
100 
48 
42 
45 
88 
8 
2 
7 
51 
66 
9 
98 
35 
15 
20 
38 
75 
52 
39 
84 
22 
18 
10 
36 
78 
14 
33 
79 
4 
43 
40 
48 
47 
34 
99 
97 
81 
59 
96 
29 
8 
74 
5 
71 
3 
36 
2 
89 
31 
66 
49 
15 
84 
58 
72 
35 
64 
95 
86 
37 
14 
34 
16 
83 
67 
36 
44 
33 
28 
92 
100 
71 
45 
55 
20 
2 
61 
38 
87 
81 
90 
8 
6 
89 
59 
56 
70 
85 
31 
99 
93 
66 
51 
10 
47 
13 
95 
53 
77 
44 
12 
54 
14 
29 
34 
43 
17 
19 
38 
22 
45 
42 
71 
40 
98 
31 
90 
88 
4 
75 
89 
84 
36 
2 
5 
33 
64 
59 
15 
21 
0 
81 
18 
48 
49 
78 
35 
11 
97 
67 
8 
10 
34 
36 
82 
46 
28 
79 
92 
2 
66 
96 
24 
38 
73 
31 
45 
42 
39 
35 
16 
40 
12 
21 
89 
81 
47 
20 
85 
36 
11 
97 
59 
52 
72 
1 
64 
5 
41 
71 
17 
10 
29 
83 
80 
95 
33 
2 
34 
58 
78 
79 
18 
8 
92 
87 
30 
38 
77 
48 
86 
49 
12 
62 
15 
76 
81 
5 
31 
4 
59 
89 
45 
20 
71 
14 
82 
94 
65 
88 
2 
50 
66 
24 
72 
35 
83 
34 
51 
75 
13 
71 
84 
16 
47 
96 
67 
97 
42 
29 
49 
36 
33 
45 
89 
4 
81 
0 
44 
31 
59 
46 
35 
93 
40 
6 
86 
56 
80 
2 
12 
27 
64 
77 
63 
42 
20 
66 
34 
10 
13 
45 
78 
16 
7 
8 
79 
96 
81 
51 
38 
56 
76 
35 
73 
84 
95 
85 
40 
13 
42 
27 
36 
33 
82 
77 
59 
20 
98 
31 
37 
81 
11 
49 
99 
17 
64 
2 
45 
71 
88 
47 
66 
8 
74 
15 
38 
10 
29 
50 
41 
35 
30 
40 
4 
95 
89 
33 
100 
48 
56 
85 
14 
92 
53 
36 
71 
20 
28 
2 
39 
8 
38 
93 
99 
34 
15 
42 
83 
35 
4 
77 
16 
10 
84 
11 
6 
12 
72 
81 
45 
0 
21 
80 
70 
98 
40 
92 
52 
59 
97 
37 
14 
27 
48 
36 
71 
44 
9 
49 
35 
73 
15 
95 
47 
66 
67 
64 
78 
94 
45 
20 
38 
21 
93 
2 
92 
10 
50 
0 
13 
34 
83 
90 
30 
71 
87 
101 
14 
4 
86 
40 
31 
54 
22 
51 
49 
29 
75 
39 
44 
52 
67 
45 
48 
6 
1 
77 
35 
42 
16 
71 
64 
59 
96 
20 
92 
100 
81 
13 
8 
38 
15 
53 
34 
73 
45 
11 
40 
33 
80 
36 
78 
93 
62 
98 
84 
88 
26 
47 
10 
79 
18 
31 
89 
99 
35 
4 
49 
30 
90 
13 
3 
32 
46 
37 
66 
45 
83 
64 
40 
65 
100 
77 
44 
71 
20 
15 
8 
42 
2 
33 
59 
38 
80 
84 
35 
92 
95 
4 
49 
21 
14 
31 
34 
28 
10 
36 
75 
67 
1 
52 
6 
90 
44 
56 
13 
86 
99 
5 
35 
29 
2 
94 
18 
38 
81 
43 
64 
12 
79 
93 
31 
11 
7 
49 
71 
89 
80 
85 
100 
21 
59 
40 
96 
37 
27 
63 
66 
77 
16 
51 
83 
34 
5 
38 
84 
15 
46 
81 
95 
2 
13 
30 
92 
3 
10 
14 
48 
35 
25 
8 
11 
64 
73 
6 
58 
71 
88 
59 
45 
36 
49 
99 
60 
28 
4 
85 
17 
83 
67 
38 
20 
51 
89 
41 
18 
31 
40 
37 
70 
81 
74 
65 
2 
46 
72 
14 
52 
73 
13 
11 
82 
90 
29 
50 
86 
76 
95 
47 
92 
45 
8 
10 
59 
21 
96 
75 
94 
78 
66 
44 
49 
6 
27 
79 
28 
20 
31 
35 
36 
38 
42 
64 
7 
51 
4 
81 
54 
87 
98 
15 
24 
101 
14 
67 
89 
80 
100 
99 
17 
3 
18 
2 
37 
45 
88 
71 
10 
32 
33 
60 
16 
1 
53 
36 
28 
83 
35 
40 
38 
93 
89 
74 
52 
13 
97 
42 
34 
20 
31 
44 
15 
96 
8 
12 
27 
46 
78 
64 
66 
4 
99 
50 
101 
6 
59 
71 
95 
67 
38 
81 
41 
10 
3 
57 
37 
72 
16 
92 
1 
7 
13 
14 
88 
84 
45 
11 
34 
77 
94 
49 
5 
80 
15 
31 
65 
36 
47 
73 
8 
2 
97 
35 
93 
10 
29 
52 
71 
78 
51 
38 
87 
13 
1 
59 
89 
20 
31 
49 
81 
14 
21 
88 
2 
34 
92 
64 
98 
80 
36 
40 
17 
72 
35 
77 
71 
100 
99 
26 
7 
24 
45 
67 
95 
96 
15 
48 
4 
8 
93 
66 
20 
22 
31 
2 
10 
13 
11 
33 
92 
5 
40 
81 
35 
34 
52 
77 
42 
89 
72 
58 
98 
64 
27 
39 
73 
74 
76 
97 
59 
80 
63 
49 
20 
99 
86 
83 
93 
78 
87 
67 
66 
13 
38 
4 
50 
37 
2 
18 
6 
29 
71 
15 
3 
40 
26 
96 
47 
44 
81 
1 
75 
30 
8 
45 
41 
10 
36 
34 
70 
20 
48 
59 
86 
35 
17 
66 
64 
67 
85 
13 
22 
38 
31 
52 
46 
92 
14 
77 
16 
56 
42 
8 
83 
89 
71 
72 
84 
36 
3 
88 
5 
63 
51 
101 
87 
15 
54 
45 
44 
2 
100 
90 
40 
70 
74 
85 
10 
22 
31 
35 
29 
80 
47 
49 
48 
96 
37 
81 
32 
34 
27 
66 
98 
21 
20 
71 
76 
67 
75 
82 
1 
5 
8 
15 
18 
2 
0 
10 
31 
7 
34 
83 
38 
49 
45 
92 
64 
100 
40 
14 
72 
36 
70 
51 
56 
84 
88 
29 
32 
35 
17 
48 
59 
89 
42 
95 
96 
71 
50 
2 
1 
4 
75 
40 
5 
58 
34 
6 
14 
66 
31 
10 
13 
15 
68 
96 
33 
101 
45 
26 
52 
16 
20 
44 
92 
47 
35 
59 
40 
5 
36 
8 
2 
99 
83 
79 
49 
87 
76 
48 
96 
57 
81 
74 
98 
41 
85 
93 
66 
78 
3 
4 
34 
10 
15 
71 
13 
38 
63 
64 
80 
58 
45 
59 
35 
40 
14 
31 
33 
100 
36 
5 
92 
48 
21 
2 
17 
81 
86 
49 
6 
32 
47 
56 
77 
28 
29 
65 
11 
37 
99 
40 
35 
83 
44 
66 
67 
31 
16 
33 
85 
48 
71 
8 
84 
15 
87 
58 
4 
13 
36 
10 
34 
93 
81 
18 
57 
98 
68 
40 
29 
20 
64 
91 
43 
2 
5 
53 
31 
63 
59 
35 
16 
33 
71 
74 
7 
21 
47 
95 
79 
67 
45 
8 
66 
81 
62 
99 
24 
44 
38 
88 
12 
80 
20 
11 
86 
9 
101 
96 
3 
18 
77 
89 
10 
5 
21 
59 
37 
83 
56 
35 
92 
31 
14 
100 
75 
81 
76 
27 
13 
95 
0 
58 
97 
22 
84 
15 
42 
74 
44 
36 
94 
45 
88 
49 
40 
5 
2 
31 
1 
73 
63 
71 
48 
29 
38 
77 
34 
21 
64 
68 
47 
35 
7 
37 
78 
56 
10 
31 
57 
33 
45 
81 
13 
59 
46 
97 
51 
92 
4 
28 
38 
20 
35 
74 
8 
36 
67 
2 
31 
34 
64 
16 
45 
49 
56 
14 
17 
13 
100 
81 
52 
79 
78 
6 
95 
15 
59 
71 
12 
1 
10 
47 
84 
85 
96 
22 
21 
42 
35 
92 
77 
55 
48 
90 
20 
66 
82 
86 
3 
89 
93 
83 
40 
54 
31 
44 
48 
7 
98 
100 
13 
51 
81 
85 
71 
35 
47 
64 
11 
80 
79 
28 
45 
34 
73 
95 
42 
2 
37 
89 
27 
53 
49 
65 
