862 
50 
740 
909 
692 
182 
281 
298 
986 
891 
234 
288 
173 
256 
71 
902 
711 
339 
739 
872 
885 
594 
822 
725 
316 
602 
244 
95 
577 
166 
758 
955 
338 
990 
261 
984 
506 
91 
900 
413 
40 
828 
754 
569 
197 
71 
749 
536 
822 
670 
62 
810 
132 
796 
335 
475 
635 
259 
279 
619 
659 
131 
516 
367 
695 
789 
288 
857 
853 
498 
900 
503 
154 
369 
468 
465 
446 
132 
506 
734 
988 
421 
19 
822 
593 
130 
164 
285 
175 
632 
547 
128 
217 
926 
666 
40 
619 
819 
951 
367 
60 
975 
421 
435 
728 
867 
111 
459 
521 
744 
996 
354 
422 
132 
299 
156 
834 
409 
986 
938 
131 
288 
118 
516 
207 
692 
195 
63 
438 
323 
210 
344 
273 
125 
236 
675 
916 
40 
289 
281 
337 
707 
838 
265 
696 
540 
167 
168 
347 
461 
131 
132 
822 
406 
674 
180 
781 
507 
143 
129 
498 
986 
38 
661 
788 
802 
96 
202 
959 
164 
89 
422 
710 
986 
337 
906 
281 
840 
131 
855 
273 
363 
470 
805 
659 
602 
368 
366 
338 
506 
903 
298 
286 
754 
385 
219 
952 
674 
300 
576 
774 
185 
453 
324 
804 
834 
632 
958 
468 
1004 
866 
291 
415 
398 
367 
439 
900 
421 
822 
475 
529 
629 
236 
838 
330 
40 
986 
132 
111 
416 
906 
802 
536 
160 
758 
56 
741 
835 
453 
618 
484 
287 
71 
481 
494 
822 
692 
764 
338 
805 
910 
21 
54 
280 
270 
221 
718 
659 
840 
986 
608 
959 
978 
822 
93 
577 
96 
692 
892 
136 
306 
69 
395 
490 
429 
38 
487 
885 
899 
470 
64 
247 
593 
964 
696 
369 
11 
290 
171 
338 
608 
597 
21 
132 
168 
817 
698 
174 
637 
40 
573 
952 
306 
986 
840 
131 
84 
273 
447 
367 
804 
802 
108 
822 
458 
281 
35 
758 
192 
294 
324 
165 
288 
642 
945 
552 
737 
111 
659 
805 
821 
495 
235 
115 
781 
569 
741 
834 
577 
836 
844 
986 
313 
979 
429 
558 
685 
200 
294 
822 
265 
788 
726 
54 
285 
568 
319 
1006 
422 
909 
281 
804 
998 
551 
38 
875 
805 
71 
305 
936 
881 
314 
614 
324 
593 
725 
177 
453 
438 
449 
648 
180 
847 
822 
611 
132 
197 
602 
273 
281 
370 
238 
798 
291 
491 
802 
737 
126 
209 
938 
259 
316 
611 
496 
324 
627 
906 
895 
231 
789 
459 
896 
979 
686 
842 
986 
339 
405 
126 
409 
298 
180 
461 
438 
555 
132 
811 
120 
462 
577 
754 
367 
734 
374 
411 
82 
805 
822 
496 
672 
661 
519 
696 
996 
440 
211 
782 
560 
60 
281 
446 
258 
459 
448 
804 
191 
324 
823 
180 
24 
237 
286 
570 
422 
769 
926 
314 
810 
474 
504 
604 
880 
966 
335 
312 
621 
435 
131 
839 
595 
659 
555 
986 
147 
330 
258 
512 
166 
619 
776 
54 
940 
775 
281 
838 
999 
700 
374 
459 
632 
143 
93 
91 
660 
578 
311 
340 
588 
435 
456 
1002 
737 
885 
252 
338 
438 
223 
986 
446 
118 
89 
366 
602 
475 
480 
597 
648 
298 
741 
111 
884 
822 
619 
368 
330 
166 
295 
880 
197 
659 
495 
654 
63 
938 
281 
855 
120 
536 
218 
338 
475 
602 
428 
850 
490 
496 
822 
633 
495 
681 
765 
431 
686 
258 
446 
380 
676 
885 
487 
172 
506 
629 
197 
324 
118 
230 
731 
986 
132 
305 
429 
419 
933 
895 
33 
196 
568 
632 
822 
1006 
280 
287 
805 
577 
734 
1003 
368 
414 
100 
338 
290 
946 
132 
438 
385 
131 
352 
52 
998 
374 
760 
605 
627 
510 
48 
586 
19 
958 
846 
107 
644 
675 
459 
98 
46 
573 
294 
287 
208 
844 
768 
672 
21 
823 
811 
630 
40 
195 
339 
642 
782 
886 
375 
258 
804 
607 
411 
366 
176 
910 
401 
998 
614 
659 
223 
195 
429 
844 
834 
132 
772 
468 
294 
5 
196 
435 
822 
665 
218 
840 
320 
903 
593 
441 
85 
734 
197 
637 
712 
789 
219 
503 
273 
314 
209 
291 
899 
421 
48 
446 
354 
766 
1003 
288 
38 
850 
298 
89 
459 
870 
17 
961 
319 
948 
71 
40 
530 
543 
764 
725 
506 
273 
305 
602 
374 
597 
281 
818 
414 
855 
211 
834 
230 
803 
899 
154 
663 
444 
30 
306 
661 
659 
516 
914 
822 
285 
386 
62 
105 
660 
876 
109 
958 
602 
439 
844 
506 
54 
502 
366 
80 
63 
678 
952 
965 
940 
710 
187 
919 
665 
166 
5 
154 
998 
91 
289 
441 
902 
407 
734 
337 
0 
416 
986 
888 
672 
298 
217 
443 
499 
129 
481 
896 
199 
825 
789 
475 
411 
536 
998 
50 
454 
993 
822 
131 
844 
608 
238 
483 
805 
811 
962 
506 
223 
791 
470 
602 
915 
78 
421 
710 
509 
188 
525 
810 
368 
241 
290 
288 
734 
247 
955 
822 
793 
674 
334 
834 
273 
299 
330 
111 
639 
805 
506 
158 
324 
661 
577 
986 
19 
628 
822 
82 
692 
71 
605 
972 
788 
35 
132 
377 
823 
952 
862 
515 
781 
919 
9 
324 
640 
373 
955 
930 
737 
827 
290 
109 
110 
76 
805 
199 
712 
335 
784 
264 
131 
203 
15 
537 
896 
459 
654 
919 
721 
64 
38 
677 
156 
855 
968 
822 
620 
329 
632 
617 
659 
438 
972 
366 
258 
850 
291 
805 
673 
766 
170 
131 
230 
287 
948 
171 
817 
942 
530 
880 
619 
208 
172 
940 
760 
654 
853 
831 
118 
324 
470 
294 
856 
349 
148 
73 
108 
621 
803 
427 
965 
506 
199 
577 
496 
38 
374 
481 
551 
910 
822 
131 
337 
530 
438 
520 
447 
608 
273 
676 
236 
978 
382 
465 
986 
456 
972 
475 
490 
639 
367 
370 
568 
417 
985 
487 
435 
602 
731 
324 
827 
627 
544 
89 
992 
880 
67 
925 
836 
857 
421 
382 
230 
506 
344 
366 
819 
453 
594 
496 
293 
855 
966 
258 
337 
814 
38 
772 
473 
291 
965 
636 
788 
66 
551 
998 
368 
672 
435 
281 
823 
198 
323 
56 
781 
527 
903 
367 
360 
129 
311 
540 
132 
319 
910 
965 
880 
306 
692 
263 
46 
867 
354 
181 
385 
231 
656 
111 
296 
338 
782 
811 
417 
291 
7 
373 
896 
288 
342 
324 
441 
974 
148 
366 
608 
330 
183 
885 
844 
427 
174 
948 
60 
421 
942 
915 
287 
530 
536 
856 
258 
986 
64 
659 
602 
710 
89 
492 
802 
143 
56 
475 
218 
670 
485 
490 
330 
131 
887 
568 
228 
805 
654 
803 
91 
422 
760 
828 
120 
288 
156 
244 
118 
903 
506 
918 
710 
131 
589 
258 
328 
358 
367 
368 
416 
594 
525 
468 
745 
281 
692 
927 
734 
8 
180 
98 
288 
940 
273 
65 
495 
860 
218 
459 
506 
370 
413 
154 
151 
996 
515 
132 
657 
438 
358 
986 
441 
481 
118 
38 
772 
64 
27 
329 
306 
324 
655 
217 
237 
468 
691 
40 
218 
22 
629 
21 
666 
506 
477 
370 
805 
154 
823 
130 
956 
366 
314 
258 
772 
784 
60 
131 
417 
582 
627 
834 
672 
438 
487 
668 
281 
166 
294 
367 
803 
795 
62 
986 
1006 
810 
354 
170 
862 
840 
447 
446 
596 
943 
419 
804 
681 
195 
958 
13 
124 
880 
709 
903 
536 
516 
802 
427 
593 
769 
374 
285 
134 
98 
158 
998 
91 
258 
289 
928 
822 
337 
287 
459 
985 
788 
132 
111 
979 
966 
103 
427 
737 
273 
844 
174 
423 
2 
431 
633 
323 
597 
755 
446 
602 
16 
681 
1006 
692 
919 
986 
447 
734 
835 
459 
823 
191 
608 
226 
470 
656 
435 
892 
518 
885 
172 
131 
412 
684 
955 
290 
899 
781 
737 
692 
984 
621 
293 
834 
199 
915 
789 
40 
306 
896 
338 
477 
135 
609 
665 
322 
237 
459 
155 
614 
698 
314 
168 
268 
822 
258 
831 
619 
394 
597 
530 
986 
754 
745 
324 
1007 
648 
940 
111 
822 
256 
153 
279 
132 
291 
672 
666 
525 
435 
785 
649 
681 
419 
281 
368 
850 
817 
126 
805 
111 
338 
132 
772 
71 
737 
392 
109 
506 
288 
435 
17 
751 
174 
918 
217 
330 
116 
131 
795 
468 
822 
38 
631 
817 
753 
808 
732 
481 
173 
326 
183 
289 
986 
195 
369 
62 
464 
747 
335 
505 
764 
446 
290 
811 
236 
602 
252 
33 
344 
71 
324 
281 
668 
83 
248 
366 
132 
905 
866 
899 
429 
238 
38 
165 
329 
459 
780 
134 
602 
290 
763 
816 
822 
772 
788 
717 
464 
338 
435 
40 
202 
964 
460 
300 
439 
707 
295 
738 
175 
5 
986 
236 
111 
11 
96 
290 
218 
314 
62 
938 
429 
31 
737 
338 
287 
914 
223 
281 
441 
132 
421 
291 
228 
77 
665 
110 
505 
468 
199 
969 
243 
706 
427 
222 
803 
370 
608 
595 
192 
738 
54 
692 
804 
196 
805 
942 
618 
366 
227 
494 
254 
89 
329 
684 
319 
890 
737 
827 
291 
218 
976 
195 
131 
335 
744 
302 
253 
382 
734 
294 
234 
317 
661 
818 
54 
834 
481 
597 
37 
506 
291 
14 
132 
103 
640 
67 
24 
505 
900 
218 
185 
976 
569 
459 
910 
435 
56 
659 
608 
823 
808 
1006 
169 
551 
195 
996 
958 
584 
501 
985 
811 
415 
481 
919 
672 
91 
611 
324 
620 
965 
290 
579 
218 
507 
560 
597 
300 
8 
666 
366 
306 
536 
606 
468 
573 
328 
571 
82 
750 
915 
421 
1007 
942 
141 
718 
986 
547 
660 
161 
170 
8 
382 
822 
54 
132 
929 
475 
330 
826 
373 
855 
258 
712 
734 
324 
727 
311 
481 
525 
367 
421 
919 
710 
823 
154 
281 
822 
132 
659 
577 
784 
568 
609 
788 
717 
672 
273 
632 
903 
870 
969 
520 
112 
265 
91 
602 
804 
822 
62 
825 
744 
986 
536 
826 
298 
328 
832 
174 
32 
706 
429 
230 
197 
766 
978 
898 
336 
977 
64 
327 
468 
605 
273 
132 
131 
200 
71 
24 
162 
838 
874 
627 
368 
250 
91 
919 
803 
459 
347 
307 
563 
171 
802 
197 
5 
258 
691 
844 
883 
96 
516 
338 
64 
374 
760 
899 
109 
536 
241 
201 
979 
253 
659 
196 
535 
174 
997 
717 
247 
456 
987 
738 
414 
718 
170 
60 
898 
955 
725 
407 
132 
516 
784 
572 
452 
811 
354 
111 
694 
986 
454 
692 
896 
421 
665 
702 
468 
1006 
367 
453 
141 
166 
853 
200 
459 
71 
305 
423 
198 
506 
414 
197 
556 
605 
18 
536 
264 
154 
495 
512 
481 
416 
632 
65 
218 
434 
901 
288 
345 
485 
734 
822 
111 
754 
983 
126 
132 
608 
577 
182 
118 
553 
281 
867 
131 
900 
98 
691 
488 
461 
291 
316 
475 
258 
230 
54 
681 
319 
946 
496 
252 
459 
595 
314 
782 
133 
804 
436 
942 
579 
547 
808 
896 
846 
486 
602 
230 
822 
633 
998 
288 
702 
712 
453 
516 
147 
767 
675 
17 
990 
536 
76 
834 
24 
789 
827 
616 
819 
281 
512 
805 
367 
219 
421 
233 
218 
251 
247 
287 
517 
333 
804 
636 
429 
772 
438 
339 
279 
308 
96 
147 
349 
419 
576 
533 
25 
696 
986 
475 
183 
938 
132 
593 
425 
379 
16 
805 
661 
809 
330 
712 
215 
107 
899 
547 
118 
103 
822 
251 
762 
635 
314 
35 
737 
155 
629 
984 
74 
422 
584 
298 
235 
685 
115 
324 
727 
805 
258 
804 
767 
250 
847 
429 
844 
289 
855 
22 
682 
100 
637 
62 
717 
619 
903 
536 
310 
281 
728 
687 
602 
40 
686 
196 
347 
291 
67 
169 
890 
978 
474 
158 
63 
279 
444 
416 
804 
496 
111 
273 
854 
125 
698 
822 
446 
475 
710 
741 
292 
632 
668 
396 
583 
459 
294 
998 
5 
76 
666 
22 
330 
986 
382 
692 
834 
548 
880 
67 
314 
131 
612 
862 
65 
316 
429 
230 
360 
77 
197 
617 
71 
132 
1009 
370 
788 
676 
563 
829 
134 
18 
710 
822 
496 
441 
451 
461 
166 
858 
287 
804 
647 
324 
805 
273 
195 
354 
415 
784 
310 
131 
657 
435 
754 
760 
832 
219 
483 
422 
536 
198 
111 
609 
773 
588 
281 
632 
880 
822 
896 
605 
551 
109 
244 
636 
475 
370 
976 
846 
347 
164 
110 
238 
228 
597 
710 
287 
855 
252 
324 
289 
461 
510 
685 
422 
435 
986 
126 
337 
770 
822 
147 
838 
942 
281 
87 
294 
368 
195 
132 
661 
187 
972 
689 
290 
872 
91 
737 
35 
602 
65 
822 
938 
335 
717 
470 
693 
281 
940 
632 
290 
564 
265 
306 
375 
483 
840 
71 
692 
741 
273 
287 
577 
1009 
788 
602 
966 
300 
468 
986 
111 
429 
324 
395 
475 
805 
811 
422 
243 
470 
804 
24 
758 
305 
500 
918 
466 
665 
60 
491 
602 
503 
132 
310 
324 
520 
706 
597 
62 
691 
195 
96 
273 
984 
547 
532 
964 
822 
966 
330 
543 
366 
285 
649 
0 
855 
620 
40 
789 
710 
132 
253 
655 
619 
470 
1000 
627 
764 
930 
464 
711 
298 
889 
593 
896 
316 
602 
553 
882 
920 
240 
314 
421 
382 
354 
233 
300 
230 
466 
683 
291 
331 
1004 
857 
118 
840 
290 
132 
21 
18 
860 
695 
66 
54 
853 
952 
326 
938 
903 
5 
154 
306 
328 
108 
499 
737 
143 
63 
912 
132 
314 
481 
975 
109 
982 
670 
846 
675 
78 
374 
919 
104 
674 
154 
337 
164 
608 
245 
653 
925 
786 
597 
481 
804 
889 
261 
464 
40 
21 
196 
330 
569 
174 
648 
783 
280 
195 
306 
286 
29 
915 
972 
520 
597 
300 
465 
922 
853 
132 
382 
840 
530 
899 
91 
884 
324 
734 
596 
733 
211 
826 
510 
822 
509 
63 
654 
368 
442 
105 
64 
525 
258 
26 
124 
77 
1004 
1002 
857 
416 
905 
506 
317 
792 
5 
174 
821 
536 
17 
273 
111 
122 
807 
804 
560 
853 
87 
940 
131 
459 
754 
435 
322 
602 
783 
