0.026200 
0.026700 
0.034000 
0.034800 
0.036300 
0.040000 
0.041600 
0.043000 
0.044600 
0.044600 
0.047600 
0.048900 
0.050200 
0.050200 
0.058900 
0.060400 
0.062600 
0.063900 
0.064900 
0.068000 
0.070700 
0.071200 
0.071900 
0.072400 
0.073900 
0.074600 
0.074700 
0.075200 
0.079200 
0.079600 
0.082500 
0.084200 
0.086100 
0.086700 
0.087200 
0.087200 
0.087400 
0.090800 
0.091900 
0.092100 
0.101000 
0.101500 
0.102300 
0.102900 
0.103800 
0.104500 
0.105100 
0.108600 
0.109400 
0.111700 
0.112000 
0.113600 
0.114300 
0.114700 
0.115300 
0.116000 
0.118500 
0.119300 
0.120800 
0.121100 
0.121200 
0.121800 
0.123900 
0.124000 
0.125300 
0.125400 
0.125500 
0.127200 
0.128500 
0.131900 
0.132400 
0.133100 
0.135200 
0.135400 
0.138100 
0.138400 
0.139600 
0.140800 
0.142500 
0.144500 
0.145700 
0.146900 
0.147600 
0.148200 
0.150200 
0.152300 
0.152600 
0.153800 
0.153900 
0.154100 
0.154200 
0.154400 
0.154700 
0.155400 
0.156400 
0.156400 
0.158900 
0.159100 
0.159200 
0.160800 
0.162500 
0.163400 
0.164400 
0.164700 
0.169800 
0.172100 
0.172700 
0.173500 
0.175100 
0.180500 
0.182000 
0.183200 
0.183500 
0.183500 
0.184100 
0.187200 
0.187200 
0.191000 
0.192500 
0.192900 
0.197900 
0.198600 
0.198700 
0.199300 
0.202300 
0.204000 
0.204800 
0.207100 
0.207900 
0.208700 
0.210000 
0.210600 
0.212000 
0.212900 
0.214800 
0.215700 
0.217200 
0.217700 
0.218200 
0.218300 
0.220300 
0.220600 
0.223100 
0.223200 
0.223400 
0.224900 
0.225400 
0.226400 
0.226700 
0.227200 
0.228600 
0.231100 
0.232000 
0.232100 
0.232700 
0.235600 
0.236100 
0.237900 
0.238700 
0.239900 
0.240800 
0.243300 
0.243600 
0.243600 
0.244200 
0.245000 
0.245700 
0.247200 
0.247500 
0.248400 
0.248900 
0.250400 
0.250800 
0.251200 
0.254200 
0.255200 
0.256800 
0.257200 
0.258300 
0.261200 
0.261900 
0.262600 
0.263500 
0.264000 
0.264100 
0.264100 
0.264600 
0.264800 
0.265000 
0.266800 
0.268000 
0.268100 
0.268500 
0.268600 
0.269900 
0.270400 
0.271600 
0.273100 
0.273600 
0.274600 
0.275200 
0.275600 
0.276100 
0.277000 
0.278600 
0.279400 
0.279400 
0.280100 
0.280500 
0.280800 
0.281800 
0.282100 
0.283300 
0.284000 
0.286700 
0.287100 
0.287700 
0.287900 
0.289800 
0.291100 
0.291700 
0.292300 
0.292700 
0.295100 
0.297200 
0.298000 
0.299400 
0.302500 
0.303200 
0.303900 
0.305500 
0.306000 
0.306800 
0.306900 
0.307500 
0.308000 
0.310200 
0.317600 
0.320100 
0.320700 
0.320800 
0.320900 
0.321200 
0.321200 
0.321300 
0.321400 
0.322200 
0.322200 
0.322300 
0.322700 
0.323400 
0.324300 
0.329600 
0.330800 
0.331400 
0.332600 
0.332800 
0.332900 
0.333100 
0.334400 
0.336000 
0.336700 
0.337200 
0.339600 
0.339700 
0.340700 
0.341000 
0.344400 
0.344500 
0.346000 
0.347700 
0.348600 
0.351400 
0.354500 
0.358800 
0.360000 
0.360100 
0.365200 
0.365900 
0.366600 
0.367300 
0.367400 
0.367900 
0.369500 
0.371400 
0.372400 
0.374300 
0.374700 
0.375600 
0.376000 
0.377600 
0.379900 
0.380000 
0.380700 
0.380700 
0.380700 
0.382100 
0.384600 
0.386100 
0.387300 
0.393300 
0.395100 
0.395700 
0.395700 
0.400900 
0.401300 
0.401800 
0.403000 
0.403900 
0.404000 
0.404700 
0.407600 
0.407800 
0.407800 
0.408500 
0.412400 
0.412800 
0.417600 
0.418800 
0.419600 
0.420700 
0.421800 
0.425000 
0.425200 
0.425600 
0.429200 
0.431900 
0.432800 
0.433700 
0.436100 
0.436900 
0.439000 
0.439400 
0.442300 
0.445100 
0.447200 
0.452600 
0.455400 
0.456800 
0.460500 
0.460700 
0.461200 
0.461500 
0.464700 
0.467400 
0.471900 
0.475000 
0.475900 
0.477600 
0.478000 
0.478000 
0.478400 
0.483800 
0.484400 
0.485600 
0.485900 
0.486000 
0.486200 
0.486400 
0.490200 
0.490200 
0.492400 
0.492600 
0.497200 
0.497600 
0.497800 
0.498400 
0.499300 
0.500300 
0.502900 
0.503200 
0.505100 
0.507400 
0.508200 
0.508200 
0.508500 
0.509400 
0.510000 
0.510200 
0.511500 
0.513200 
0.514700 
0.517300 
0.520900 
0.521900 
0.522800 
0.522800 
0.523300 
0.528700 
0.529000 
0.535200 
0.536300 
0.537100 
0.537500 
0.538500 
0.539400 
0.540600 
0.543400 
0.544800 
0.545000 
0.545900 
0.545900 
0.546800 
0.547200 
0.552500 
0.552800 
0.553900 
0.553900 
0.555000 
0.556200 
0.557000 
0.557200 
0.557400 
0.557500 
0.558800 
0.560400 
0.563300 
0.563700 
0.565600 
0.566100 
0.570200 
0.570400 
0.570700 
0.571000 
0.571300 
0.574700 
0.575300 
0.575900 
0.578900 
0.581800 
0.582700 
0.584600 
0.586400 
0.586600 
0.586600 
0.588800 
0.589700 
0.591500 
0.592200 
0.592200 
0.592700 
0.594900 
0.598000 
0.599100 
0.599100 
0.599700 
0.600100 
0.601100 
0.602700 
0.603900 
0.605700 
0.607200 
0.607500 
0.607600 
0.608600 
0.610800 
0.611200 
0.611900 
0.612000 
0.615500 
0.618900 
0.619300 
0.619800 
0.620700 
0.622600 
0.623500 
0.623800 
0.627600 
0.631700 
0.634700 
0.636900 
0.638300 
0.638600 
0.639100 
0.646600 
0.647100 
0.649200 
0.649500 
0.650700 
0.651000 
0.652200 
0.652700 
0.653600 
0.653900 
0.654800 
0.662500 
0.662900 
0.663200 
0.666000 
0.666600 
0.666800 
0.667200 
0.669200 
0.670000 
0.670800 
0.671200 
0.673900 
0.674300 
0.674700 
0.678100 
0.679300 
0.680100 
0.680400 
0.681900 
0.682400 
0.683800 
0.684000 
0.686400 
0.689500 
0.689800 
0.693700 
0.696100 
0.701100 
0.704000 
0.704500 
0.707100 
0.710300 
0.711400 
0.711600 
0.713700 
0.715000 
0.716100 
0.716700 
0.718000 
0.719800 
0.721300 
0.721800 
0.722000 
0.723300 
0.725800 
0.725900 
0.728000 
0.730100 
0.730200 
0.731500 
0.733400 
0.735400 
0.735600 
0.735800 
0.740600 
0.742800 
0.744700 
0.746200 
0.747500 
0.747600 
0.748100 
0.749100 
0.749400 
0.749600 
0.750900 
0.751000 
0.751200 
0.754900 
0.755700 
0.755800 
0.756000 
0.756400 
0.756500 
0.758900 
0.760800 
0.762400 
0.762700 
0.764600 
0.765700 
0.766100 
0.767100 
0.767900 
0.770300 
0.771600 
0.771700 
0.771900 
0.773800 
0.776600 
0.779000 
0.781800 
0.784300 
0.785700 
0.786300 
0.786800 
0.787200 
0.788900 
0.796500 
0.796500 
0.796700 
0.798700 
0.799600 
0.800500 
0.801400 
0.803700 
0.806200 
0.806200 
0.806200 
0.806200 
0.808900 
0.813200 
0.813800 
0.817500 
0.817600 
0.818200 
0.818800 
0.819500 
0.819600 
0.821900 
0.821900 
0.822300 
0.823200 
0.824400 
0.824600 
0.828300 
0.828600 
0.829800 
0.830500 
0.830600 
0.831200 
0.833100 
0.837300 
0.839300 
0.839400 
0.839600 
0.840200 
0.840700 
0.842900 
0.845200 
0.845800 
0.846400 
0.846500 
0.847500 
0.847900 
0.850300 
0.851000 
0.852300 
0.853400 
0.854300 
0.854600 
0.854800 
0.856200 
0.858500 
0.861400 
0.861900 
0.866000 
0.869100 
0.870300 
0.871200 
0.873600 
0.874200 
0.874800 
0.875300 
0.875500 
0.876600 
0.878700 
0.880600 
0.885500 
0.885800 
0.886100 
0.889400 
0.889800 
0.890400 
0.891700 
0.892400 
0.893700 
0.894400 
0.896200 
0.899400 
0.899700 
0.900100 
0.902200 
0.902500 
0.904100 
0.904800 
0.907300 
0.908900 
0.910100 
0.910500 
0.911800 
0.912600 
0.914400 
0.915100 
0.915200 
0.928100 
0.929100 
0.929500 
0.930100 
0.930400 
0.931000 
0.931800 
0.933700 
0.934000 
0.934200 
0.937400 
0.937800 
0.940500 
0.941600 
0.941800 
0.942300 
0.944300 
0.944600 
0.944700 
0.947100 
0.947300 
0.947800 
0.947900 
0.950900 
0.953000 
0.959500 
0.960800 
0.961200 
0.961300 
0.961600 
0.963300 
0.965500 
0.966900 
0.967100 
0.968400 
0.970200 
0.971900 
0.972100 
0.974200 
0.977100 
0.979700 
0.979700 
0.979900 
0.981000 
0.982800 
0.986300 
0.993200 
0.993700 
0.995300 
0.996900 
0.997200 
1.002600 
1.002600 
1.003200 
1.004500 
1.005100 
1.005200 
1.006300 
1.007000 
1.007700 
1.008000 
1.008400 
1.010300 
1.016800 
1.018600 
1.021500 
1.023500 
1.023900 
1.024500 
1.025500 
1.026700 
1.026900 
1.027200 
1.027900 
1.028100 
1.030400 
1.030600 
1.030900 
1.032000 
1.032800 
1.033400 
1.033900 
1.034200 
1.037000 
1.038000 
1.039600 
1.043000 
1.043900 
1.044400 
1.048400 
1.051000 
1.051000 
1.051300 
1.052300 
1.052400 
1.054400 
1.054800 
1.058300 
1.062000 
1.062300 
1.063200 
1.064500 
1.064600 
1.065200 
1.065800 
1.066200 
1.066700 
1.067100 
1.067800 
1.067900 
1.068000 
1.068600 
1.068700 
1.069600 
1.073600 
1.074500 
1.075300 
1.078800 
1.083800 
1.084300 
1.086800 
1.088000 
1.090700 
1.093900 
1.094800 
1.094800 
1.096300 
1.100100 
1.102400 
1.102500 
1.103200 
1.103700 
1.105400 
1.105500 
1.106900 
1.107100 
1.111500 
1.114300 
1.115600 
1.115900 
1.117000 
1.119100 
1.120300 
1.121400 
1.122100 
1.122900 
1.125900 
1.129700 
1.130300 
1.130500 
1.132100 
1.132300 
1.132600 
1.134000 
1.134100 
1.135000 
1.138500 
1.138600 
1.140700 
1.141000 
1.141300 
1.142100 
1.147800 
1.147900 
1.148600 
1.148600 
1.149500 
1.149900 
1.150000 
1.151400 
1.151600 
1.152300 
1.152500 
1.152800 
1.156000 
1.158100 
1.159700 
1.161700 
1.162000 
1.162100 
1.165000 
1.165500 
1.165800 
1.167600 
1.172600 
1.175200 
1.178800 
1.178800 
1.180400 
1.181300 
1.183600 
1.184000 
1.185700 
1.185800 
1.186200 
1.188600 
1.189200 
1.192700 
1.193100 
1.193400 
1.194500 
1.195000 
1.197300 
1.197700 
1.198400 
1.200400 
1.200900 
1.201500 
1.203500 
1.203900 
1.206400 
1.208600 
1.210000 
1.210700 
1.211200 
1.212300 
1.212900 
1.213500 
1.214300 
1.215100 
1.215300 
1.215400 
1.215600 
1.217400 
1.218100 
1.218900 
1.220200 
1.220900 
1.221000 
1.223200 
1.223800 
1.224200 
1.226000 
1.226200 
1.230900 
1.231500 
1.231800 
1.232300 
1.232400 
1.233800 
1.234400 
1.234500 
1.235500 
1.236000 
1.237100 
1.238300 
1.238900 
1.239000 
1.239200 
1.239500 
1.242500 
1.242700 
1.245100 
1.245700 
1.246200 
1.247600 
1.248200 
1.248300 
1.248500 
1.248700 
1.249700 
1.250000 
1.251200 
1.251300 
1.254100 
1.254300 
1.254500 
1.254500 
1.257100 
1.258100 
1.259400 
1.261600 
1.262400 
1.262600 
1.265100 
1.265400 
1.266900 
1.268100 
1.269900 
1.272000 
1.272400 
1.273100 
1.273700 
1.275500 
1.276000 
1.278200 
1.281300 
1.284700 
1.284900 
1.287800 
1.289900 
1.290500 
1.296300 
1.298500 
1.299900 
1.301400 
1.301400 
1.301700 
1.304200 
1.307200 
1.308600 
1.308700 
1.309300 
1.310000 
1.310600 
1.311300 
1.313700 
1.315900 
1.318200 
1.318300 
1.318300 
1.320200 
1.320300 
1.320300 
1.320600 
1.322900 
1.324100 
1.324800 
1.324900 
1.325500 
1.326500 
1.328100 
1.329300 
1.330000 
1.331300 
1.333900 
1.334300 
1.334900 
1.335600 
1.336000 
1.339600 
1.340800 
1.341500 
1.345700 
1.345900 
1.346400 
1.350600 
1.353300 
1.354300 
1.355300 
1.356300 
1.356900 
1.359300 
1.359600 
1.362000 
1.363700 
1.364000 
1.364300 
1.365000 
1.366800 
1.367000 
1.367000 
1.367000 
1.368400 
1.369500 
1.369900 
1.370400 
1.378900 
1.382000 
1.383200 
1.383600 
1.384500 
1.384700 
1.385800 
1.385900 
1.389400 
1.389600 
1.389900 
1.391300 
1.391400 
1.391700 
1.393700 
1.394900 
1.397800 
1.398900 
1.400100 
1.402400 
1.404800 
1.405200 
1.407100 
1.408400 
1.408800 
1.410900 
1.413000 
1.416300 
1.418600 
1.419400 
1.420100 
1.420200 
1.420600 
1.421000 
1.422900 
1.423300 
1.423400 
1.423600 
1.423900 
1.424100 
1.424400 
1.424500 
1.427000 
1.429800 
1.429900 
1.433000 
1.435400 
1.437100 
1.438500 
1.441200 
1.443000 
1.443500 
1.444300 
1.446900 
1.448900 
1.449500 
1.450100 
1.450800 
1.452100 
1.453200 
1.456000 
1.458300 
1.458400 
1.458600 
1.459400 
1.460100 
1.460200 
1.460600 
1.464500 
1.465200 
1.468100 
1.468800 
1.469800 
1.470200 
1.471400 
1.472500 
1.475700 
1.476700 
1.477100 
1.477700 
1.478400 
1.480600 
1.485100 
1.487000 
1.487200 
1.487700 
1.490700 
1.490900 
1.490900 
1.492800 
1.493700 
1.494500 
1.496700 
1.499600 
1.501300 
1.502000 
1.504200 
1.505600 
1.506600 
1.507900 
1.507900 
1.508100 
1.508300 
1.508900 
1.509400 
1.510500 
1.511600 
1.512300 
1.512500 
1.513100 
1.513500 
1.514600 
1.515000 
1.515600 
1.516400 
1.520800 
1.521700 
1.521800 
1.521900 
1.524700 
1.526100 
1.526500 
1.526800 
1.526900 
1.527600 
1.529300 
1.530400 
1.530600 
1.530700 
1.531400 
1.531500 
1.533000 
1.537100 
1.538500 
1.539300 
1.539400 
1.540100 
1.541800 
1.542300 
1.544200 
1.545000 
1.545000 
1.545500 
1.546500 
1.546800 
1.549300 
1.549900 
1.551400 
1.552800 
1.553000 
1.554300 
1.554400 
1.554500 
1.555500 
1.557200 
1.558400 
1.559700 
1.559900 
1.561100 
1.562700 
1.563700 
1.565100 
1.565700 
1.566700 
1.568200 
1.569500 
1.570500 
1.573700 
1.575300 
1.577900 
1.578800 
1.580700 
1.583100 
1.585300 
1.585300 
1.588900 
1.590500 
1.591300 
1.592200 
1.592300 
1.592300 
1.592600 
1.592600 
1.593700 
1.594000 
1.595500 
1.598800 
1.599300 
1.600700 
1.602000 
1.602500 
1.602800 
1.603500 
1.603500 
1.605300 
1.609600 
1.609900 
1.612000 
1.618300 
1.618700 
1.620100 
1.621400 
1.625100 
1.630200 
1.630800 
1.631800 
1.632200 
1.632400 
1.634700 
1.635500 
1.636400 
1.641400 
1.641900 
1.642500 
1.643800 
1.643900 
1.644900 
1.647700 
1.649900 
1.650600 
1.651800 
1.653200 
1.653800 
1.658900 
1.660000 
1.661300 
1.662800 
1.664500 
1.665100 
1.665500 
1.666500 
1.667600 
1.667900 
1.668900 
1.673800 
1.679400 
1.680400 
1.681200 
1.682000 
1.682200 
1.683900 
1.683900 
1.684500 
1.684900 
1.685000 
1.685300 
1.685900 
1.686300 
1.686300 
1.690700 
1.692800 
1.695000 
1.698300 
1.699000 
1.700400 
1.700700 
1.702700 
1.703100 
1.707100 
1.708300 
1.709800 
1.710200 
1.713700 
1.714400 
1.717300 
1.719300 
1.719600 
1.722500 
1.723700 
1.723700 
1.724500 
1.725400 
1.726700 
1.728500 
1.734100 
1.735600 
1.736000 
1.736700 
1.736700 
1.739500 
1.741700 
1.745100 
1.745300 
1.752500 
1.755300 
1.756000 
1.756300 
1.756700 
1.757200 
1.758300 
1.758300 
1.762400 
1.762900 
1.763400 
1.764200 
1.765000 
1.765600 
1.769100 
1.774900 
1.777600 
1.779900 
1.781600 
1.781900 
1.782000 
1.782600 
1.783600 
1.784400 
1.787800 
1.788800 
1.789100 
1.790100 
1.790400 
1.790700 
1.790800 
1.792700 
1.793200 
1.796100 
1.797800 
1.798700 
1.800200 
1.800400 
1.801600 
1.801700 
1.802100 
1.802100 
1.802800 
1.803000 
1.803100 
1.808000 
1.809500 
1.815500 
1.816700 
1.816700 
1.821200 
1.823700 
1.824200 
1.824700 
1.825200 
1.832700 
1.833100 
1.834300 
1.834500 
1.834900 
1.835500 
1.835800 
1.839600 
1.841600 
1.842500 
1.842800 
1.844400 
1.845600 
1.845900 
1.847200 
1.847700 
1.848600 
1.850700 
1.854500 
1.854700 
1.855100 
1.855100 
1.856000 
1.857700 
1.860700 
1.861900 
1.863000 
1.863300 
1.863400 
1.865100 
1.866000 
1.867600 
1.867900 
1.868000 
1.868100 
1.868100 
1.868600 
1.869100 
1.870000 
1.871000 
1.871300 
1.871500 
1.876800 
1.877000 
1.877300 
1.878300 
1.878800 
1.879400 
1.880300 
1.883200 
1.884700 
1.885700 
1.890700 
1.891000 
1.891000 
1.891200 
1.893200 
1.893800 
1.894400 
1.895900 
1.896400 
1.897400 
1.897400 
1.897800 
1.898700 
1.900200 
1.901300 
1.901500 
1.902100 
1.903800 
1.906200 
1.907200 
1.907600 
1.907600 
1.907700 
1.908500 
1.917800 
1.918400 
1.924100 
1.924400 
1.924900 
1.926600 
1.927100 
1.929500 
1.930300 
1.931800 
1.932700 
1.934900 
1.935100 
1.935300 
1.938300 
1.943200 
1.949700 
1.950000 
1.950200 
1.951500 
1.952300 
1.954000 
1.955900 
1.955900 
1.956400 
1.959200 
1.959600 
1.960800 
1.962100 
1.962400 
1.962700 
1.962700 
1.963500 
1.964100 
1.964300 
1.964400 
1.966300 
1.968400 
1.968500 
1.971400 
1.971900 
1.974200 
1.975000 
1.975200 
1.975700 
1.976000 
1.978700 
1.979700 
1.980000 
1.981000 
1.981100 
1.981200 
1.981600 
1.981900 
1.984600 
1.989600 
1.989900 
1.990500 
1.991300 
1.992300 
1.992700 
1.992800 
1.992900 
1.994200 
1.994700 
1.996600 
2.004300 
2.006100 
2.008100 
2.009100 
2.009200 
2.011100 
2.012300 
2.012900 
2.013500 
2.015100 
2.018300 
2.018800 
2.018900 
2.019900 
2.021200 
2.022000 
2.024300 
2.027600 
2.027800 
2.030000 
2.031100 
2.031200 
2.032800 
2.037600 
2.038500 
2.039000 
2.041800 
2.043900 
2.045600 
2.046600 
2.046900 
2.048500 
2.051900 
2.053100 
2.053800 
2.054400 
2.056100 
2.056400 
2.058700 
2.059500 
2.061000 
2.061000 
2.061200 
2.061400 
2.061600 
2.062100 
2.062400 
2.063400 
2.066100 
2.067100 
2.067500 
2.067800 
2.069500 
2.069600 
2.073200 
2.077900 
2.084100 
2.085600 
2.086700 
2.086700 
2.086900 
2.087300 
2.093600 
2.095700 
2.095800 
2.097600 
2.098300 
2.099200 
2.102300 
2.109000 
2.110200 
2.110500 
2.111200 
2.111800 
2.112300 
2.112700 
2.118500 
2.118900 
2.119500 
2.125800 
2.127500 
2.128800 
2.131700 
2.132700 
2.133100 
2.137700 
2.138300 
2.138600 
2.139100 
2.140200 
2.142000 
2.143600 
2.145500 
2.146400 
2.149300 
2.150700 
2.151200 
2.151500 
2.152500 
2.153600 
2.156000 
2.156000 
2.156100 
2.156600 
2.157600 
2.158900 
2.160300 
2.160500 
2.161100 
2.162000 
2.162100 
2.163200 
2.163800 
2.166100 
2.168800 
2.170100 
2.172100 
2.173200 
2.173600 
2.175700 
2.177600 
2.182100 
2.182400 
2.183100 
2.183200 
2.184400 
2.187100 
2.192300 
2.192800 
2.194600 
2.195200 
2.195500 
2.196200 
2.196700 
2.196900 
2.197800 
2.200400 
2.200700 
2.201000 
2.202200 
2.202500 
2.205800 
2.206700 
2.207500 
2.209100 
2.209700 
2.210500 
2.215000 
2.215300 
2.218600 
2.218800 
2.220800 
2.224700 
2.225400 
2.227800 
2.228700 
2.229700 
2.234300 
2.234400 
2.235400 
2.236000 
2.236300 
2.238300 
2.238700 
2.239400 
2.240100 
2.240900 
2.242600 
2.243600 
2.244600 
2.245800 
2.247000 
2.248200 
2.248900 
2.250200 
2.250800 
2.252300 
2.254700 
2.257300 
2.258700 
2.260000 
2.260800 
2.261500 
2.264800 
2.270300 
2.271700 
2.272500 
2.276500 
2.277400 
2.277600 
2.277800 
2.282500 
2.282500 
2.283200 
2.284500 
2.284900 
2.285200 
2.286700 
2.286700 
2.287000 
2.290900 
2.291000 
2.291400 
2.292700 
2.293100 
2.293400 
2.297700 
2.298700 
2.300300 
2.301100 
2.301100 
2.301400 
2.301400 
2.306500 
2.307000 
2.307500 
2.309200 
2.309900 
2.314500 
2.314600 
2.315400 
2.315700 
2.316500 
2.316700 
2.317000 
2.320900 
2.323100 
2.323800 
2.324100 
2.324500 
2.324900 
2.328800 
2.330300 
2.330700 
2.331200 
2.331400 
2.333900 
2.336400 
2.336600 
2.337200 
2.339200 
2.339600 
2.341800 
2.342400 
2.342600 
2.343500 
2.344100 
2.346100 
2.347800 
2.353700 
2.353700 
2.355700 
2.357400 
2.357700 
2.358900 
2.359600 
2.362000 
2.364200 
2.365200 
2.367600 
2.368300 
2.368900 
2.370600 
2.372300 
2.372500 
2.375800 
2.376500 
2.377800 
2.379400 
2.385700 
2.386500 
2.390600 
2.391100 
2.391100 
2.391400 
2.397300 
2.397400 
2.397800 
2.398000 
2.398700 
2.403200 
2.403600 
2.406500 
2.407500 
2.407800 
2.410600 
2.410600 
2.410900 
2.411600 
2.411700 
2.411800 
2.412500 
2.413600 
2.420300 
2.422700 
2.424100 
2.425500 
2.427000 
2.427200 
2.428700 
2.430200 
2.433500 
2.433900 
2.434000 
2.434300 
2.435100 
2.435500 
2.435600 
2.436000 
2.436100 
2.436600 
2.437300 
2.439000 
2.441200 
2.444000 
2.445200 
2.445500 
2.446200 
2.447200 
2.448000 
2.450400 
2.451300 
2.453200 
2.453700 
2.454600 
2.454700 
2.456500 
2.456600 
2.457100 
2.458000 
2.461000 
2.461400 
2.462000 
2.464100 
2.465300 
2.466000 
2.469500 
2.470000 
2.470200 
2.472400 
2.473400 
2.474500 
2.475100 
2.476400 
2.485000 
2.485500 
2.486200 
2.487000 
2.488400 
2.489500 
2.494700 
2.496100 
2.496900 
2.498600 
2.502300 
2.503000 
2.503800 
2.504400 
2.504700 
2.505300 
2.505400 
2.506000 
2.506300 
2.513000 
2.514700 
2.515900 
2.517000 
2.517200 
2.518200 
2.518400 
2.519700 
2.520300 
2.521000 
2.522600 
2.522800 
2.527300 
2.529000 
2.530900 
2.531000 
2.533800 
2.534500 
2.536100 
2.537600 
2.539800 
2.540300 
2.540900 
2.541700 
2.542300 
2.543900 
2.544500 
2.547500 
2.549000 
2.549600 
2.549600 
2.549700 
2.549800 
2.550200 
2.552500 
2.553400 
2.553800 
2.554600 
2.555600 
2.556000 
2.556000 
2.556100 
2.556300 
2.556800 
2.557500 
2.558400 
2.558700 
2.559400 
2.559800 
2.560000 
2.560900 
2.562300 
2.563100 
2.565200 
2.565200 
2.565600 
2.568300 
2.571700 
2.574500 
2.575500 
2.576600 
2.576800 
2.578500 
2.579000 
2.579500 
2.581000 
2.581400 
2.582000 
2.585800 
2.587700 
2.588200 
2.588400 
2.588500 
2.589000 
2.591000 
2.591600 
2.594400 
2.598400 
2.599000 
2.599900 
2.601600 
2.603800 
2.606300 
2.608500 
2.609200 
2.611600 
2.611900 
2.613400 
2.614400 
2.615600 
2.618000 
2.620400 
2.620700 
2.620800 
2.621200 
2.622800 
2.623700 
2.623800 
2.625200 
2.629100 
2.629700 
2.632600 
2.632600 
2.632900 
2.633900 
2.634500 
2.634700 
2.637700 
2.638100 
2.638100 
2.643000 
2.643000 
2.645700 
2.645900 
2.647900 
2.648300 
2.650400 
2.650700 
2.651400 
2.652100 
2.653400 
2.653700 
2.655800 
2.657200 
2.659700 
2.666300 
2.667600 
2.668400 
2.669300 
2.669500 
2.671700 
2.673000 
2.675100 
2.675200 
2.676800 
2.677800 
2.679400 
2.680500 
2.682900 
2.683700 
2.684400 
2.684500 
2.685200 
2.688000 
2.690000 
2.692100 
2.692600 
2.693600 
2.698300 
2.698800 
2.699800 
2.702900 
2.703400 
2.703900 
2.704300 
2.705600 
2.707800 
2.711900 
2.716900 
2.717300 
2.718600 
2.720500 
2.720800 
2.723900 
2.724000 
2.724300 
2.724900 
2.727000 
2.728300 
2.728900 
2.730700 
2.731100 
2.732400 
2.737800 
2.740200 
2.740300 
2.743100 
2.745300 
2.746100 
2.746300 
2.747800 
2.749000 
2.751600 
2.753300 
2.754900 
2.759800 
2.762300 
2.762900 
2.765500 
2.765900 
2.767500 
2.768700 
2.772100 
2.773000 
2.773400 
2.773800 
2.777600 
2.778500 
2.779900 
2.783000 
2.783400 
2.783800 
2.785700 
2.786200 
2.786400 
2.786800 
2.788100 
2.788400 
2.789500 
2.791000 
2.791100 
2.791300 
2.793100 
2.795600 
2.796200 
2.797400 
2.801200 
2.801300 
2.801500 
2.802200 
2.803000 
2.803500 
2.804600 
2.804700 
2.804800 
2.805500 
2.806000 
2.808700 
2.810000 
2.810300 
2.811200 
2.813000 
2.813900 
2.815600 
2.815900 
2.815900 
2.820800 
2.822200 
2.822700 
2.826300 
2.827000 
2.830200 
2.831900 
2.833700 
2.834000 
2.835900 
2.836800 
2.838200 
2.838800 
2.845700 
2.846600 
2.847800 
2.848200 
2.849600 
2.853300 
2.853300 
2.853400 
2.853500 
2.854100 
2.854700 
2.855300 
2.856400 
2.857600 
2.859800 
2.861300 
2.864600 
2.865000 
2.868800 
2.869400 
2.869700 
2.871800 
2.873200 
2.874500 
2.875400 
2.875900 
2.876300 
2.876400 
2.877200 
2.877800 
2.878300 
2.878300 
2.878300 
2.878500 
2.879000 
2.879700 
2.880300 
2.883700 
2.885900 
2.887700 
2.889100 
2.889200 
2.890100 
2.894000 
2.895500 
2.898800 
2.899200 
2.899400 
2.902500 
2.902600 
2.902800 
2.904600 
2.907300 
2.907900 
2.908100 
2.910700 
2.911800 
2.915600 
2.917100 
2.920500 
2.925000 
2.928000 
2.929100 
2.930000 
2.930600 
2.930900 
2.931500 
2.934500 
2.934900 
2.937500 
2.938200 
2.939300 
2.940300 
2.940300 
2.944000 
2.944900 
2.945300 
2.945900 
2.946700 
2.946700 
2.947200 
2.949100 
2.952500 
2.953000 
2.953500 
2.954800 
2.957200 
2.957300 
2.958000 
2.959000 
2.959200 
2.959300 
2.959800 
2.961000 
2.961800 
2.964100 
2.965900 
2.967900 
2.968200 
2.968900 
2.969200 
2.969400 
2.969400 
2.974700 
2.976800 
2.978000 
2.981100 
2.983400 
2.986600 
2.988100 
2.988400 
2.988700 
2.988900 
2.989100 
2.996000 
2.996400 
2.997500 
2.998100 
2.998800 
