22
24
25
22
28
22
26
30
23
17
20
21
30
26
14
23
21
21
25
28
25
21
24
22
16
18
24
26
19
24
19
22
19
20
23
19
29
28
22
18
18
21
21
29
19
19
23
27
29
25
18
18
23
19
19
21
16
19
24
20
23
21
21
26
20
19
19
19
25
15
20
22
20
19
24
30
23
32
24
21
15
20
22
28
18
20
27
23
24
24
21
24
26
18
28
29
14
28
15
22
16
20
26
29
11
20
23
15
35
21
26
20
18
19
29
29
24
21
20
22
31
21
21
20
17
23
31
28
15
30
19
25
19
17
24
30
22
23
21
24
29
17
24
20
23
18
22
19
23
31
21
25
23
25
28
30
28
21
25
23
20
17
28
23
18
16
13
27
20
27
27
21
25
26
29
15
23
26
23
21
22
19
21
23
21
26
24
22
21
27
27
26
21
27
21
14
22
31
30
24
18
30
11
21
19
24
26
18
13
30
24
22
24
23
20
26
23
27
26
23
21
27
21
24
15
18
27
22
14
29
24
24
22
17
24
30
19
22
20
20
17
20
20
28
25
23
19
16
25
27
28
25
27
25
15
15
15
19
21
28
26
22
20
21
17
20
20
33
27
24
17
20
22
23
23
18
25
17
28
26
23
20
19
25
28
27
24
27
22
20
31
24
22
27
31
31
18
21
20
23
14
26
24
24
22
20
21
22
24
26
26
22
29
15
25
29
27
17
19
27
24
22
18
25
23
35
20
25
26
29
24
27
21
26
20
12
26
17
29
28
19
25
17
17
12
20
21
20
24
24
28
26
26
21
21
20
25
19
17
19
21
18
16
19
14
35
25
20
20
17
23
19
28
25
24
19
19
21
24
25
19
21
17
21
24
22
19
28
20
20
24
28
18
28
20
26
27
31
23
28
15
27
21
20
28
25
18
22
16
24
21
19
24
20
25
22
27
20
33
26
18
19
30
28
22
13
28
26
