7
16
9
23
8
19
11
4
11
8
19
11
15
19
15
13
10
16
24
14
17
17
8
10
10
9
15
13
10
18
12
12
11
6
15
14
4
14
3
17
15
5
6
6
11
13
16
11
6
13
6
10
19
11
11
9
9
11
14
9
15
9
8
9
9
13
8
17
6
10
12
13
16
13
12
11
13
11
13
14
18
14
12
7
7
24
9
13
8
18
11
14
7
9
13
18
12
11
4
10
9
18
10
13
11
8
11
10
8
13
7
10
5
9
11
7
13
16
6
13
11
17
10
8
12
12
15
14
11
12
15
14
9
8
6
12
12
17
11
17
18
12
24
17
9
9
8
12
5
7
5
11
10
11
6
8
5
16
9
11
9
9
21
7
7
10
12
12
15
10
7
9
11
10
11
11
6
20
12
14
18
11
13
11
14
15
17
10
14
14
12
8
7
15
13
9
20
7
10
11
17
9
10
15
14
13
10
8
16
15
22
10
6
8
15
7
9
12
14
9
17
13
14
20
12
13
11
17
10
4
10
15
9
6
11
10
15
11
11
9
16
11
17
16
16
11
15
15
12
14
15
15
17
11
7
10
10
15
10
12
14
6
9
12
8
14
14
12
15
10
20
13
7
7
7
13
15
14
9
11
9
12
14
20
12
8
15
13
11
12
4
15
15
10
10
16
6
11
14
9
14
13
15
14
5
11
10
8
13
16
8
10
11
13
14
12
11
23
15
13
17
8
12
7
14
10
10
9
23
14
18
10
13
17
8
17
6
13
15
11
12
12
11
12
6
10
16
14
10
10
16
13
10
15
9
8
5
14
11
12
10
19
19
13
11
13
9
18
14
11
8
12
10
14
12
16
11
12
14
10
9
7
12
12
12
18
14
13
7
11
14
12
14
26
17
6
7
23
5
9
13
15
12
15
8
16
10
6
14
