13 
17 
5 
1 
9 
13 
25 
1 
10 
1 
6 
16 
3 
13 
17 
26 
19 
18 
8 
25 
16 
26 
20 
10 
25 
3 
1 
10 
7 
12 
25 
4 
26 
20 
2 
3 
14 
2 
20 
25 
4 
0 
25 
15 
17 
22 
3 
14 
17 
24 
22 
15 
13 
7 
22 
4 
25 
20 
9 
3 
19 
2 
3 
26 
24 
5 
19 
3 
8 
25 
20 
19 
2 
14 
26 
10 
13 
4 
19 
2 
7 
10 
3 
10 
7 
14 
4 
10 
26 
0 
1 
3 
19 
25 
3 
10 
18 
19 
21 
1 
4 
26 
16 
10 
5 
8 
0 
1 
25 
6 
12 
25 
0 
16 
18 
16 
1 
12 
26 
3 
13 
20 
8 
3 
19 
25 
3 
14 
17 
1 
25 
20 
19 
8 
14 
18 
25 
0 
25 
13 
7 
20 
10 
3 
16 
6 
25 
7 
1 
19 
7 
1 
6 
0 
1 
20 
2 
18 
13 
19 
14 
4 
3 
7 
18 
20 
0 
23 
4 
10 
9 
3 
25 
2 
0 
13 
7 
20 
4 
13 
12 
25 
22 
3 
17 
0 
1 
9 
25 
23 
22 
6 
13 
1 
25 
8 
2 
2 
6 
10 
12 
25 
2 
3 
0 
6 
1 
25 
