0.032800 
0.051200 
0.070500 
0.073500 
0.087100 
0.095100 
0.110900 
0.120900 
0.133300 
0.142400 
0.146500 
0.155400 
0.172400 
0.192900 
0.194900 
0.200300 
0.201800 
0.203900 
0.234700 
0.243500 
0.255300 
0.258200 
0.265500 
0.290900 
0.291400 
0.304500 
0.306900 
0.353400 
0.362800 
0.363600 
0.363800 
0.366800 
0.381700 
0.395300 
0.398700 
0.432400 
0.436800 
0.449000 
0.450300 
0.452900 
0.468300 
0.472700 
0.490900 
0.539600 
0.543100 
0.571700 
0.578400 
0.583500 
0.600600 
0.603200 
0.611900 
0.621300 
0.623300 
0.628200 
0.637600 
0.645900 
0.647500 
0.677800 
0.679700 
0.684700 
0.694600 
0.705000 
0.710000 
0.716900 
0.731400 
0.745500 
0.747100 
0.751300 
0.757500 
0.760900 
0.780600 
0.781200 
0.783400 
0.794700 
0.808900 
0.814100 
0.818100 
0.825500 
0.837700 
0.839500 
0.853300 
0.860200 
0.880300 
0.893300 
0.895000 
0.899700 
0.911900 
0.913700 
0.918800 
0.925400 
0.934700 
0.952600 
0.957000 
0.965000 
0.968800 
0.974800 
0.977100 
0.983700 
0.999400 
1.004500 
1.010400 
1.037100 
1.055700 
1.056800 
1.063300 
1.065300 
1.074100 
1.077900 
1.079200 
1.089300 
1.090700 
1.093800 
1.095400 
1.095600 
1.100000 
1.101500 
1.106900 
1.117300 
1.129200 
1.138600 
1.166300 
1.168400 
1.179100 
1.187900 
1.201600 
1.206000 
1.207200 
1.213500 
1.219500 
1.234800 
1.235100 
1.239300 
1.242500 
1.276300 
1.288100 
1.288200 
1.292200 
1.293200 
1.307400 
1.308100 
1.309400 
1.311300 
1.311900 
1.340500 
1.356000 
1.369300 
1.388400 
1.400700 
1.410100 
1.415600 
1.421500 
1.435300 
1.446900 
1.451300 
1.459200 
1.464000 
1.465500 
1.467300 
1.473700 
1.474200 
1.491000 
1.541000 
1.551400 
1.555100 
1.570600 
1.571700 
1.574400 
1.607400 
1.607600 
1.616000 
1.617300 
1.639000 
1.643900 
1.656200 
1.656300 
1.702100 
1.702900 
1.709600 
1.713600 
1.718700 
1.721400 
1.730100 
1.733600 
1.736300 
1.747100 
1.764800 
1.773200 
1.774300 
1.785200 
1.802600 
1.803300 
1.804500 
1.813400 
1.823900 
1.853700 
1.863400 
1.875700 
1.880800 
1.890100 
1.891600 
1.900500 
1.912300 
1.935200 
1.950700 
1.958200 
1.959700 
2.003900 
2.012600 
2.014400 
2.043700 
2.053400 
2.063400 
2.065300 
2.078200 
2.081100 
2.128100 
2.135500 
2.168400 
2.169800 
2.182700 
2.187600 
2.195500 
2.203000 
2.205700 
2.213300 
2.219500 
2.225600 
2.233600 
2.245800 
2.259700 
2.273700 
2.276700 
2.285600 
2.299700 
2.309000 
2.322700 
2.355700 
2.356100 
2.369500 
2.371400 
2.376200 
2.389000 
2.393700 
2.398100 
2.421800 
2.422400 
2.458800 
2.462200 
2.483300 
2.483400 
2.499300 
2.511100 
2.544800 
2.569300 
2.573900 
2.599100 
2.616900 
2.619400 
2.625500 
2.626200 
2.642500 
2.651800 
2.662600 
2.689400 
2.693500 
2.710400 
2.721400 
2.726200 
2.730200 
2.739800 
2.755900 
2.765900 
2.772600 
2.789100 
2.792600 
2.792700 
2.794400 
2.832700 
2.843800 
2.845500 
2.852900 
2.862400 
2.863500 
2.867500 
2.883000 
2.894900 
2.912900 
2.918100 
2.954300 
2.963900 
2.981900 
2.985700 
2.985900 
