644 
627 
607 
829 
1177 
651 
697 
1081 
319 
55 
150 
945 
189 
699 
312 
1118 
1168 
136 
1157 
803 
781 
394 
502 
491 
412 
425 
973 
873 
1134 
377 
1028 
458 
1056 
514 
511 
1243 
186 
1241 
583 
258 
462 
261 
868 
987 
199 
531 
700 
1051 
337 
1061 
1048 
144 
3 
714 
278 
859 
741 
280 
215 
1216 
260 
831 
627 
730 
226 
433 
948 
608 
163 
291 
391 
31 
1204 
1044 
850 
283 
800 
937 
270 
778 
27 
869 
901 
119 
770 
899 
780 
1119 
984 
1135 
50 
11 
44 
591 
613 
629 
955 
487 
374 
1115 
149 
105 
166 
691 
693 
182 
879 
1047 
625 
473 
616 
1079 
609 
74 
745 
486 
217 
145 
41 
1227 
310 
274 
666 
470 
766 
961 
1206 
77 
1172 
9 
939 
965 
1141 
151 
590 
605 
648 
101 
578 
744 
901 
1020 
17 
258 
587 
1146 
717 
827 
544 
633 
594 
148 
416 
576 
813 
1142 
62 
626 
1026 
863 
430 
474 
125 
1083 
241 
31 
230 
1080 
182 
282 
770 
837 
191 
349 
749 
203 
86 
1259 
1141 
75 
890 
333 
790 
1156 
213 
798 
542 
1162 
619 
1121 
27 
909 
407 
148 
583 
1151 
603 
446 
570 
1129 
65 
215 
510 
871 
1032 
529 
79 
955 
403 
204 
931 
46 
406 
973 
586 
633 
663 
976 
597 
1046 
919 
391 
1008 
728 
765 
1245 
819 
249 
280 
396 
181 
737 
1256 
546 
1169 
710 
409 
700 
196 
441 
385 
22 
237 
250 
744 
645 
190 
578 
1011 
1200 
187 
508 
43 
341 
401 
1218 
110 
426 
999 
584 
268 
922 
1198 
28 
1223 
867 
496 
823 
1164 
59 
326 
1182 
844 
871 
678 
192 
465 
1063 
275 
1139 
195 
464 
1161 
70 
928 
912 
1133 
516 
667 
146 
380 
1088 
746 
1001 
1136 
806 
261 
340 
700 
1130 
374 
1262 
680 
220 
27 
444 
541 
919 
990 
1144 
642 
275 
414 
233 
819 
1154 
676 
293 
1050 
1090 
914 
691 
580 
396 
1227 
33 
1124 
604 
651 
1254 
984 
1171 
777 
418 
855 
1131 
797 
113 
62 
7 
767 
940 
820 
795 
544 
648 
852 
735 
1005 
489 
1218 
487 
1202 
817 
277 
226 
712 
376 
324 
441 
732 
1200 
29 
317 
220 
804 
685 
579 
561 
640 
280 
786 
55 
150 
966 
506 
846 
296 
803 
365 
422 
718 
989 
843 
754 
840 
656 
1217 
84 
239 
438 
143 
233 
545 
880 
452 
1102 
684 
12 
789 
1213 
824 
378 
859 
589 
774 
341 
1225 
14 
860 
181 
720 
608 
252 
300 
1198 
198 
709 
137 
128 
229 
864 
404 
140 
879 
801 
971 
1230 
1172 
899 
1129 
218 
552 
265 
973 
740 
763 
43 
434 
98 
1056 
438 
1184 
117 
980 
876 
652 
451 
1057 
163 
684 
1236 
952 
854 
211 
803 
1092 
694 
871 
544 
393 
93 
679 
805 
501 
1137 
546 
200 
614 
268 
366 
109 
355 
1117 
627 
353 
286 
60 
36 
762 
189 
938 
285 
406 
1254 
816 
146 
201 
277 
281 
998 
1221 
320 
444 
1114 
107 
731 
259 
478 
431 
975 
576 
264 
577 
570 
1013 
1185 
71 
567 
1216 
818 
300 
578 
1152 
212 
586 
1201 
1261 
463 
875 
812 
27 
808 
899 
810 
158 
220 
688 
686 
409 
651 
1100 
322 
139 
1003 
579 
1045 
1084 
1253 
605 
56 
1087 
1231 
1189 
654 
844 
499 
282 
993 
856 
1173 
623 
678 
364 
719 
587 
1199 
882 
908 
195 
617 
833 
1196 
1086 
390 
29 
74 
562 
514 
1011 
1136 
591 
589 
929 
740 
1197 
677 
19 
960 
382 
894 
354 
923 
297 
1188 
742 
567 
492 
1032 
823 
1218 
608 
444 
1222 
1 
73 
1184 
445 
353 
984 
211 
328 
962 
151 
579 
76 
230 
841 
519 
215 
940 
75 
874 
828 
121 
1044 
335 
125 
973 
576 
289 
122 
147 
412 
821 
902 
321 
1098 
297 
1006 
923 
1143 
817 
845 
1181 
1193 
904 
319 
822 
275 
1190 
1221 
673 
1260 
12 
1214 
1225 
293 
867 
6 
877 
261 
559 
653 
403 
1034 
182 
1038 
885 
1209 
1130 
918 
880 
1226 
461 
835 
26 
264 
274 
1076 
529 
743 
190 
202 
1080 
234 
379 
801 
874 
383 
312 
552 
856 
655 
156 
738 
1182 
447 
1006 
1152 
622 
432 
186 
904 
177 
474 
696 
42 
346 
317 
669 
297 
481 
274 
1192 
0 
347 
51 
397 
260 
211 
322 
801 
47 
1128 
741 
407 
442 
911 
1199 
590 
899 
796 
915 
875 
329 
374 
53 
721 
1069 
311 
330 
293 
744 
97 
1105 
690 
925 
955 
391 
479 
940 
75 
1078 
383 
805 
817 
1197 
545 
222 
577 
1039 
999 
470 
451 
845 
626 
1110 
217 
655 
40 
808 
864 
7 
914 
375 
390 
1067 
331 
361 
392 
1239 
1200 
270 
1225 
295 
865 
876 
769 
884 
1011 
680 
1233 
1192 
723 
474 
991 
382 
221 
795 
810 
480 
821 
191 
792 
1243 
488 
558 
1234 
1261 
443 
1209 
590 
1160 
788 
1172 
344 
1145 
436 
214 
1223 
376 
74 
168 
375 
1027 
206 
612 
408 
698 
153 
805 
296 
652 
851 
280 
1018 
473 
354 
465 
650 
308 
1006 
1032 
898 
67 
683 
854 
918 
19 
610 
847 
293 
371 
944 
549 
627 
477 
795 
675 
194 
425 
294 
693 
1070 
828 
1157 
81 
405 
748 
1064 
595 
830 
319 
22 
745 
690 
1183 
9 
1087 
29 
589 
275 
738 
32 
834 
973 
736 
298 
560 
450 
94 
989 
180 
82 
916 
1190 
1151 
674 
605 
970 
227 
808 
772 
52 
1095 
1108 
141 
36 
206 
232 
556 
62 
442 
752 
371 
965 
259 
56 
1206 
27 
1113 
270 
1169 
384 
524 
960 
1102 
191 
373 
889 
347 
185 
0 
53 
1160 
401 
649 
835 
725 
295 
1056 
1214 
54 
1185 
1136 
711 
821 
746 
539 
943 
646 
143 
224 
503 
567 
1131 
356 
713 
364 
242 
1167 
1132 
1042 
146 
621 
409 
105 
514 
279 
63 
617 
1100 
939 
194 
247 
211 
582 
1216 
1033 
803 
623 
980 
396 
92 
1165 
1125 
481 
1086 
479 
810 
845 
528 
1114 
1139 
965 
163 
30 
170 
15 
1156 
760 
854 
1175 
1194 
896 
233 
568 
120 
1041 
398 
1163 
119 
598 
387 
255 
833 
1102 
689 
222 
1186 
427 
214 
498 
523 
1122 
460 
933 
1012 
1017 
147 
330 
806 
670 
936 
186 
175 
672 
1171 
76 
984 
879 
43 
168 
1106 
106 
27 
533 
1022 
392 
1048 
812 
79 
1227 
844 
889 
225 
856 
970 
338 
1218 
1196 
280 
858 
1162 
1189 
1036 
115 
244 
691 
108 
359 
1025 
420 
661 
937 
1255 
989 
149 
614 
897 
971 
446 
130 
816 
924 
606 
883 
952 
1002 
682 
720 
630 
197 
482 
241 
185 
338 
1132 
576 
194 
731 
605 
566 
223 
896 
453 
626 
267 
103 
526 
646 
1142 
370 
89 
525 
217 
1253 
1215 
473 
735 
686 
225 
230 
429 
905 
1200 
895 
1130 
377 
968 
1202 
147 
959 
889 
415 
579 
472 
251 
28 
918 
215 
1224 
1203 
45 
222 
497 
585 
327 
665 
1013 
206 
1186 
242 
58 
801 
1054 
758 
1190 
420 
388 
535 
571 
1235 
1139 
416 
1009 
385 
879 
195 
256 
515 
697 
1171 
41 
90 
963 
214 
1199 
929 
115 
1165 
1239 
897 
268 
95 
288 
1002 
1069 
965 
738 
624 
424 
1019 
885 
270 
886 
435 
87 
593 
1117 
93 
604 
565 
472 
1168 
365 
541 
1094 
220 
507 
382 
279 
534 
1193 
971 
873 
617 
780 
1035 
619 
509 
1039 
616 
452 
6 
225 
337 
1231 
705 
526 
854 
0 
44 
442 
694 
944 
833 
126 
523 
638 
1218 
646 
1234 
205 
306 
419 
104 
997 
1045 
365 
284 
764 
1092 
402 
1247 
1157 
401 
900 
396 
626 
1152 
39 
1174 
1014 
656 
287 
125 
730 
1038 
1069 
592 
98 
895 
880 
1216 
1177 
58 
251 
717 
743 
767 
1167 
590 
431 
571 
152 
1179 
85 
490 
759 
1023 
802 
1138 
1105 
462 
947 
914 
501 
17 
485 
655 
720 
573 
1188 
984 
815 
422 
171 
1211 
1017 
209 
1181 
1117 
598 
1123 
1221 
36 
91 
1246 
169 
510 
5 
707 
882 
46 
642 
464 
463 
111 
994 
877 
404 
1046 
663 
286 
628 
1191 
293 
104 
828 
942 
512 
335 
1222 
671 
357 
981 
897 
640 
732 
478 
714 
907 
715 
384 
431 
1238 
908 
763 
733 
1259 
1143 
56 
534 
1179 
1120 
672 
392 
432 
1013 
373 
382 
870 
1049 
1051 
1261 
198 
437 
762 
1187 
1047 
310 
755 
848 
844 
592 
345 
644 
859 
673 
1098 
126 
879 
203 
606 
1068 
1117 
393 
849 
773 
1180 
260 
990 
68 
1135 
737 
632 
286 
297 
491 
1036 
688 
599 
735 
483 
838 
842 
299 
55 
1184 
806 
344 
500 
1061 
168 
477 
679 
182 
137 
1182 
802 
960 
396 
600 
795 
238 
35 
215 
556 
928 
492 
901 
585 
13 
1033 
777 
262 
1137 
163 
1206 
940 
18 
1185 
707 
516 
1258 
17 
103 
509 
645 
577 
347 
73 
102 
726 
175 
899 
1017 
959 
765 
112 
1107 
22 
652 
1014 
1102 
716 
364 
19 
21 
8 
609 
434 
613 
232 
885 
888 
452 
566 
502 
935 
259 
758 
854 
439 
38 
674 
773 
905 
760 
1052 
159 
756 
776 
837 
4 
1018 
51 
807 
66 
498 
655 
588 
711 
299 
194 
447 
92 
537 
288 
464 
1026 
751 
250 
1027 
998 
1172 
1032 
999 
147 
592 
47 
953 
121 
267 
282 
300 
765 
690 
164 
840 
29 
859 
478 
1211 
739 
598 
216 
373 
1115 
990 
144 
942 
810 
814 
261 
794 
264 
525 
586 
89 
32 
152 
511 
767 
1125 
500 
951 
554 
1095 
608 
62 
424 
551 
193 
969 
395 
1203 
1132 
960 
834 
854 
1136 
1134 
384 
515 
1110 
945 
570 
1105 
362 
512 
349 
764 
1075 
665 
74 
258 
944 
802 
1088 
1178 
555 
1199 
0 
112 
967 
1032 
673 
84 
393 
861 
1035 
1152 
918 
251 
518 
715 
1255 
110 
745 
459 
936 
1086 
803 
771 
888 
965 
432 
1020 
1072 
368 
487 
718 
785 
743 
960 
669 
1204 
916 
1203 
75 
169 
871 
769 
268 
602 
682 
907 
83 
93 
1253 
388 
1227 
237 
786 
32 
380 
463 
1094 
894 
725 
787 
103 
690 
948 
399 
605 
86 
8 
100 
1063 
747 
515 
651 
522 
886 
999 
499 
185 
16 
410 
7 
772 
704 
639 
775 
611 
845 
934 
52 
66 
878 
789 
1017 
598 
885 
248 
1069 
720 
378 
592 
961 
636 
1115 
112 
190 
330 
788 
706 
1060 
855 
370 
78 
147 
528 
444 
520 
765 
1072 
698 
982 
324 
526 
172 
68 
844 
717 
774 
1233 
83 
391 
785 
523 
105 
180 
1016 
1178 
1037 
212 
1193 
537 
899 
545 
634 
748 
973 
0 
189 
94 
8 
615 
893 
685 
451 
872 
952 
686 
338 
1217 
1059 
181 
453 
450 
357 
410 
636 
1043 
1251 
630 
645 
871 
883 
384 
995 
154 
681 
1225 
755 
74 
882 
399 
1187 
1107 
31 
511 
467 
335 
35 
1212 
1011 
574 
174 
560 
787 
1250 
417 
670 
104 
1001 
983 
42 
29 
374 
1126 
830 
1151 
265 
1054 
542 
836 
175 
201 
371 
966 
622 
1057 
1080 
612 
866 
449 
107 
462 
744 
644 
166 
980 
463 
879 
769 
973 
839 
435 
497 
786 
754 
1024 
788 
739 
510 
937 
1037 
776 
962 
661 
1162 
258 
828 
1122 
11 
865 
1039 
1243 
39 
125 
62 
891 
634 
577 
1073 
951 
1247 
663 
106 
597 
47 
834 
882 
1070 
117 
421 
667 
51 
567 
986 
498 
330 
1214 
1179 
200 
87 
743 
858 
1205 
606 
35 
1060 
1146 
463 
143 
139 
828 
219 
605 
15 
351 
356 
638 
1233 
1081 
259 
165 
464 
724 
512 
10 
161 
609 
1065 
981 
273 
821 
632 
960 
1030 
867 
338 
703 
569 
819 
1190 
1025 
1141 
731 
324 
626 
1215 
1043 
807 
102 
71 
1130 
972 
1139 
950 
757 
1064 
216 
1077 
567 
682 
723 
597 
734 
527 
253 
1127 
987 
656 
1121 
449 
776 
940 
821 
423 
912 
804 
1230 
148 
157 
476 
947 
1019 
612 
874 
256 
770 
290 
422 
1062 
1111 
802 
31 
159 
866 
72 
134 
358 
605 
5 
177 
694 
484 
671 
124 
493 
457 
898 
1162 
276 
448 
787 
320 
210 
417 
863 
1103 
1202 
444 
1025 
244 
1009 
525 
782 
718 
703 
1002 
480 
619 
900 
903 
596 
78 
608 
242 
1220 
795 
566 
405 
1121 
489 
206 
967 
1181 
1194 
1076 
455 
183 
1158 
112 
848 
114 
890 
1260 
1248 
185 
23 
651 
76 
535 
109 
111 
874 
200 
486 
647 
981 
960 
852 
203 
1020 
575 
358 
201 
1086 
11 
616 
812 
1094 
691 
666 
665 
929 
176 
596 
32 
258 
563 
530 
1212 
949 
394 
1044 
303 
206 
776 
205 
579 
80 
1066 
648 
886 
712 
804 
871 
250 
26 
709 
689 
538 
370 
451 
615 
1000 
899 
882 
1031 
819 
29 
656 
747 
859 
93 
1225 
399 
457 
1035 
163 
273 
281 
360 
91 
911 
535 
455 
916 
320 
278 
941 
285 
503 
723 
402 
800 
1033 
1027 
289 
1118 
122 
309 
407 
1244 
21 
147 
350 
450 
704 
68 
711 
917 
23 
1050 
1187 
684 
375 
823 
642 
108 
11 
774 
167 
597 
426 
647 
1227 
1094 
753 
1247 
1071 
999 
864 
616 
569 
1056 
1035 
270 
379 
1183 
1173 
932 
718 
18 
992 
93 
868 
22 
1230 
652 
1026 
338 
1241 
667 
613 
805 
241 
612 
800 
353 
1177 
281 
633 
892 
1087 
44 
228 
1199 
269 
381 
1235 
722 
656 
937 
709 
971 
560 
1219 
134 
169 
925 
59 
74 
1192 
822 
836 
702 
1051 
1233 
755 
962 
397 
6 
842 
972 
1076 
1043 
732 
1070 
488 
585 
711 
291 
1132 
540 
519 
566 
556 
31 
199 
242 
616 
133 
688 
11 
249 
293 
677 
1184 
550 
801 
204 
27 
1163 
534 
839 
95 
559 
788 
44 
858 
654 
382 
157 
1086 
208 
1127 
265 
1021 
816 
1033 
389 
145 
431 
568 
1045 
935 
1063 
804 
886 
310 
642 
189 
243 
53 
154 
1227 
42 
899 
484 
1000 
585 
1258 
1050 
108 
207 
751 
134 
513 
348 
210 
277 
213 
617 
791 
164 
315 
492 
785 
936 
684 
749 
295 
308 
67 
342 
289 
206 
551 
730 
967 
141 
982 
539 
1037 
446 
430 
280 
183 
306 
1046 
391 
789 
485 
59 
566 
932 
1132 
377 
678 
85 
1103 
879 
320 
115 
805 
859 
887 
97 
511 
909 
137 
587 
189 
1256 
747 
1159 
173 
376 
553 
267 
174 
122 
986 
98 
1075 
910 
95 
1096 
316 
685 
422 
213 
662 
816 
631 
76 
638 
983 
1076 
1036 
204 
1235 
454 
358 
1053 
386 
826 
870 
11 
275 
105 
1190 
1065 
863 
1191 
884 
1202 
1165 
125 
688 
1239 
307 
885 
347 
1141 
792 
157 
1238 
676 
91 
878 
1097 
402 
1074 
571 
564 
566 
1176 
574 
702 
916 
1196 
778 
780 
262 
1104 
1201 
1069 
881 
696 
435 
1262 
121 
806 
893 
1032 
155 
699 
15 
78 
862 
1153 
1228 
1121 
442 
870 
1029 
485 
1146 
552 
709 
675 
883 
229 
950 
1049 
946 
22 
645 
951 
205 
978 
973 
793 
439 
834 
695 
545 
488 
1054 
1104 
635 
223 
416 
294 
409 
49 
789 
743 
179 
1028 
138 
458 
826 
89 
960 
393 
1207 
1204 
10 
773 
382 
586 
1214 
867 
14 
636 
77 
625 
673 
1178 
801 
116 
385 
278 
457 
93 
898 
265 
866 
316 
543 
761 
410 
354 
871 
429 
277 
362 
744 
603 
53 
432 
197 
667 
739 
940 
1074 
891 
480 
1114 
157 
729 
904 
958 
20 
1061 
220 
689 
627 
534 
258 
1068 
236 
874 
964 
782 
51 
922 
194 
601 
1236 
1144 
493 
242 
1059 
1229 
770 
93 
933 
1202 
475 
716 
800 
423 
721 
900 
1215 
665 
740 
995 
1001 
1017 
748 
153 
443 
619 
507 
286 
735 
416 
69 
965 
1064 
1095 
47 
1204 
1055 
973 
5 
1121 
515 
919 
1072 
121 
1194 
6 
630 
552 
298 
254 
1235 
9 
857 
1228 
1146 
294 
237 
464 
437 
966 
173 
334 
904 
1080 
725 
815 
1098 
1141 
319 
1054 
803 
655 
493 
350 
337 
406 
146 
843 
663 
1036 
105 
600 
702 
433 
1221 
187 
1140 
286 
183 
769 
696 
511 
1038 
689 
688 
264 
306 
811 
639 
25 
1022 
718 
88 
1231 
1156 
38 
1229 
231 
454 
805 
94 
78 
635 
5 
56 
795 
114 
401 
743 
1117 
984 
321 
82 
435 
623 
74 
588 
457 
344 
277 
833 
1113 
228 
1055 
1206 
462 
808 
170 
103 
1160 
95 
238 
848 
101 
1150 
576 
822 
564 
1162 
368 
1153 
785 
753 
933 
820 
444 
447 
417 
526 
292 
360 
1122 
1199 
841 
1009 
1077 
97 
36 
311 
39 
232 
947 
642 
946 
1203 
1125 
973 
510 
763 
794 
905 
1139 
648 
567 
472 
1235 
345 
6 
402 
1204 
75 
228 
590 
42 
453 
259 
569 
205 
810 
594 
1238 
630 
749 
841 
704 
60 
972 
275 
930 
687 
618 
121 
246 
335 
1118 
67 
984 
1172 
454 
750 
1060 
285 
718 
1216 
218 
790 
438 
185 
1153 
101 
340 
1164 
987 
757 
953 
113 
1088 
372 
561 
1165 
760 
523 
504 
241 
1149 
726 
1050 
802 
606 
364 
28 
619 
684 
948 
739 
150 
992 
1019 
862 
1108 
932 
923 
600 
1143 
509 
0 
1243 
652 
171 
514 
1089 
190 
424 
1036 
1022 
771 
1046 
82 
316 
1250 
1107 
734 
388 
864 
340 
294 
855 
894 
798 
911 
606 
887 
890 
206 
64 
577 
73 
371 
547 
915 
1195 
534 
216 
1106 
681 
191 
880 
705 
125 
712 
476 
1162 
628 
737 
914 
54 
754 
596 
430 
15 
217 
1223 
107 
1094 
722 
461 
483 
1221 
578 
452 
794 
231 
34 
486 
616 
268 
180 
710 
247 
280 
721 
325 
151 
853 
979 
576 
1037 
242 
932 
1021 
146 
694 
206 
457 
124 
539 
95 
298 
243 
1155 
731 
354 
1177 
961 
366 
413 
390 
911 
315 
943 
847 
954 
723 
359 
670 
1147 
1090 
200 
112 
705 
781 
571 
671 
698 
289 
335 
1038 
485 
482 
918 
1145 
1249 
1250 
951 
304 
1222 
264 
1139 
84 
912 
3 
263 
276 
1069 
422 
1253 
1009 
144 
247 
1096 
865 
1149 
94 
969 
137 
389 
273 
267 
134 
363 
399 
220 
845 
807 
51 
665 
66 
52 
1119 
601 
1116 
1089 
56 
22 
574 
1029 
965 
708 
241 
472 
0 
1046 
891 
515 
653 
351 
121 
967 
439 
23 
242 
806 
183 
594 
1217 
221 
957 
1188 
890 
816 
1131 
880 
696 
404 
1053 
190 
887 
1129 
852 
95 
112 
902 
521 
539 
1064 
652 
369 
1164 
523 
596 
1102 
259 
877 
338 
329 
486 
32 
951 
427 
684 
720 
485 
1001 
808 
36 
759 
8 
1087 
791 
623 
639 
560 
241 
52 
283 
512 
29 
1036 
597 
1185 
51 
53 
991 
746 
1213 
1212 
1182 
1014 
1153 
888 
344 
908 
695 
585 
896 
1122 
1209 
860 
1175 
592 
288 
735 
220 
1231 
435 
411 
774 
291 
306 
459 
1157 
249 
1035 
1223 
806 
1218 
374 
1058 
582 
430 
1093 
155 
1055 
945 
667 
845 
770 
1190 
1201 
572 
910 
375 
491 
364 
1240 
766 
221 
1140 
252 
711 
137 
1162 
604 
898 
796 
66 
1228 
106 
651 
133 
189 
183 
795 
525 
1071 
396 
242 
1188 
1219 
702 
1221 
168 
399 
1151 
1011 
142 
687 
983 
929 
254 
232 
319 
876 
382 
244 
1131 
869 
19 
302 
328 
775 
126 
307 
94 
1250 
1186 
28 
1146 
59 
72 
1117 
391 
593 
633 
956 
1077 
7 
269 
397 
362 
1128 
359 
790 
298 
49 
1026 
1081 
85 
979 
705 
499 
38 
1057 
1036 
906 
453 
54 
315 
206 
42 
1140 
912 
58 
617 
208 
946 
897 
563 
638 
624 
295 
960 
704 
22 
996 
746 
291 
367 
866 
1011 
425 
347 
636 
993 
1209 
96 
372 
263 
582 
873 
485 
1138 
1077 
1196 
480 
1143 
41 
1008 
303 
36 
943 
194 
47 
835 
127 
390 
1182 
885 
1120 
879 
856 
270 
936 
591 
70 
1030 
532 
50 
990 
1139 
56 
409 
760 
370 
403 
450 
595 
959 
266 
457 
654 
203 
816 
1175 
1165 
857 
1119 
735 
988 
1018 
548 
881 
655 
710 
332 
40 
417 
391 
93 
103 
721 
768 
627 
684 
412 
382 
1231 
233 
223 
211 
689 
690 
363 
31 
757 
57 
893 
487 
619 
1197 
185 
122 
416 
1122 
1077 
879 
697 
1245 
473 
1015 
22 
553 
865 
1008 
1074 
254 
855 
429 
27 
465 
127 
199 
840 
1150 
1163 
568 
63 
616 
1186 
468 
232 
724 
464 
645 
82 
1201 
280 
199 
1095 
1135 
286 
739 
903 
341 
1102 
617 
315 
349 
898 
641 
709 
968 
410 
1081 
1002 
863 
29 
945 
789 
844 
420 
890 
574 
370 
952 
498 
1187 
51 
729 
539 
1044 
555 
875 
45 
1008 
117 
534 
1062 
1038 
236 
746 
1046 
1077 
185 
254 
744 
1165 
432 
76 
1167 
413 
450 
563 
1029 
1017 
1113 
805 
588 
283 
549 
1184 
496 
502 
456 
736 
349 
465 
288 
299 
100 
346 
639 
674 
535 
352 
317 
101 
23 
632 
163 
437 
1204 
991 
315 
960 
