28 
12 
32 
2 
51 
23 
21 
17 
3 
24 
49 
0 
1 
39 
19 
51 
29 
10 
38 
51 
29 
37 
41 
40 
21 
44 
24 
12 
35 
37 
33 
2 
10 
17 
21 
32 
12 
29 
39 
2 
5 
10 
1 
11 
24 
29 
30 
37 
41 
3 
44 
29 
14 
1 
40 
10 
26 
21 
4 
51 
12 
8 
3 
32 
25 
43 
32 
40 
24 
29 
27 
35 
30 
41 
24 
44 
6 
3 
26 
35 
2 
7 
37 
38 
25 
32 
10 
29 
23 
17 
16 
26 
15 
2 
1 
30 
10 
23 
12 
4 
24 
2 
11 
29 
4 
30 
39 
20 
28 
29 
37 
1 
19 
11 
4 
10 
46 
30 
49 
2 
23 
29 
24 
39 
29 
1 
33 
37 
44 
39 
43 
23 
29 
4 
1 
39 
36 
30 
40 
6 
23 
29 
4 
32 
2 
24 
30 
34 
4 
1 
29 
40 
32 
24 
2 
20 
15 
4 
29 
21 
33 
51 
39 
41 
12 
26 
11 
34 
22 
43 
51 
29 
4 
36 
12 
32 
16 
33 
40 
37 
4 
33 
32 
11 
29 
38 
2 
1 
14 
52 
29 
26 
36 
35 
33 
24 
23 
2 
24 
32 
23 
33 
37 
3 
29 
15 
26 
41 
32 
2 
36 
8 
29 
4 
3 
17 
1 
29 
23 
8 
24 
3 
21 
28 
48 
29 
37 
33 
13 
11 
40 
15 
7 
6 
2 
24 
39 
51 
49 
43 
32 
19 
28 
2 
36 
12 
27 
23 
14 
18 
32 
52 
10 
40 
29 
41 
39 
8 
24 
29 
40 
49 
32 
39 
3 
29 
37 
2 
32 
36 
40 
22 
34 
4 
51 
13 
35 
44 
28 
2 
10 
15 
43 
49 
12 
33 
10 
11 
41 
39 
3 
16 
29 
48 
1 
21 
41 
44 
37 
32 
1 
29 
7 
47 
28 
29 
30 
48 
12 
10 
21 
39 
36 
4 
30 
43 
10 
29 
40 
31 
11 
12 
0 
8 
52 
40 
44 
29 
37 
1 
30 
3 
31 
40 
27 
3 
44 
30 
49 
24 
12 
19 
32 
15 
51 
7 
37 
41 
40 
30 
32 
2 
27 
11 
8 
10 
32 
52 
49 
26 
2 
19 
40 
4 
46 
24 
8 
16 
11 
33 
23 
26 
29 
41 
35 
29 
49 
31 
40 
43 
29 
41 
23 
18 
12 
37 
40 
22 
25 
2 
24 
