445 
471 
371 
1222 
894 
192 
258 
1214 
982 
1 
645 
213 
958 
788 
405 
996 
429 
479 
921 
24 
583 
860 
1163 
796 
1019 
422 
477 
588 
521 
390 
166 
944 
744 
873 
156 
113 
377 
997 
463 
397 
96 
851 
688 
730 
958 
1177 
1131 
943 
789 
349 
69 
817 
1101 
495 
486 
927 
448 
136 
685 
721 
86 
1195 
162 
1104 
1204 
1090 
84 
405 
681 
1111 
456 
119 
115 
1230 
190 
1065 
749 
731 
568 
658 
562 
176 
123 
841 
1028 
620 
83 
608 
1120 
745 
465 
1130 
329 
963 
315 
1069 
400 
912 
790 
721 
1176 
60 
895 
822 
1051 
313 
336 
373 
716 
392 
1075 
1094 
330 
396 
276 
920 
834 
48 
440 
700 
732 
598 
371 
1018 
150 
29 
385 
450 
448 
565 
840 
1049 
435 
439 
498 
715 
490 
280 
948 
321 
1078 
1227 
27 
319 
954 
1160 
1164 
1181 
608 
857 
508 
234 
626 
805 
19 
287 
330 
61 
1007 
534 
467 
382 
1234 
105 
871 
1217 
1094 
882 
564 
574 
525 
829 
1036 
891 
8 
803 
820 
182 
917 
346 
512 
35 
583 
211 
832 
807 
147 
646 
599 
1230 
1004 
1110 
197 
131 
708 
369 
229 
640 
957 
867 
988 
890 
624 
311 
24 
130 
567 
692 
928 
468 
416 
81 
911 
716 
659 
788 
908 
132 
241 
1029 
422 
951 
15 
1148 
675 
824 
50 
1231 
609 
1000 
186 
1057 
8 
42 
337 
392 
488 
1149 
156 
1136 
891 
32 
510 
534 
872 
783 
493 
172 
587 
678 
137 
1003 
147 
267 
545 
129 
543 
782 
727 
1151 
468 
1022 
406 
928 
949 
199 
516 
1230 
679 
1144 
733 
12 
22 
223 
141 
1013 
2 
599 
609 
282 
345 
987 
1106 
341 
791 
790 
1007 
8 
873 
309 
1000 
643 
492 
27 
735 
292 
549 
142 
1194 
1137 
546 
904 
454 
205 
409 
1068 
556 
451 
467 
636 
450 
630 
109 
1051 
1024 
176 
586 
177 
351 
17 
314 
713 
472 
78 
150 
316 
490 
86 
364 
21 
1204 
237 
583 
214 
401 
1141 
525 
586 
906 
819 
430 
749 
616 
636 
376 
1229 
1040 
1164 
879 
188 
1199 
53 
614 
421 
369 
1165 
993 
112 
820 
1208 
456 
992 
670 
606 
816 
130 
1157 
803 
1111 
13 
461 
1156 
1149 
847 
1098 
510 
541 
1234 
12 
412 
659 
245 
826 
39 
253 
64 
22 
131 
748 
466 
1000 
1176 
533 
230 
613 
506 
608 
935 
728 
1174 
616 
1112 
813 
1195 
1051 
805 
125 
410 
278 
499 
25 
679 
905 
1059 
939 
433 
1202 
842 
767 
267 
885 
664 
337 
67 
237 
1162 
949 
915 
553 
486 
286 
766 
1115 
632 
126 
94 
1150 
98 
760 
393 
541 
576 
80 
164 
173 
1076 
24 
389 
616 
377 
351 
583 
714 
951 
1213 
725 
168 
266 
829 
372 
180 
672 
1105 
712 
452 
736 
698 
359 
194 
258 
1207 
842 
77 
979 
210 
470 
1174 
908 
85 
131 
783 
690 
1182 
518 
674 
253 
821 
930 
740 
278 
188 
112 
861 
9 
1165 
914 
78 
860 
22 
274 
965 
1215 
50 
1041 
214 
948 
255 
977 
422 
395 
798 
252 
924 
69 
791 
328 
176 
174 
1012 
618 
4 
982 
1192 
243 
226 
992 
293 
461 
571 
970 
622 
364 
42 
840 
323 
546 
845 
1055 
802 
244 
508 
582 
797 
58 
101 
532 
541 
995 
770 
1220 
1109 
84 
1004 
922 
718 
877 
638 
245 
355 
807 
478 
546 
1074 
748 
1036 
733 
938 
998 
615 
288 
693 
657 
961 
1054 
944 
715 
850 
874 
1000 
781 
49 
1158 
935 
707 
837 
98 
1002 
223 
569 
434 
1039 
1075 
652 
1219 
617 
240 
214 
803 
684 
1161 
616 
141 
1109 
286 
1233 
1184 
1202 
32 
1182 
455 
778 
1165 
23 
851 
871 
327 
853 
947 
227 
559 
800 
1029 
318 
294 
795 
1011 
479 
342 
1137 
625 
243 
967 
932 
138 
670 
447 
1229 
12 
197 
1003 
531 
175 
396 
755 
703 
694 
495 
533 
956 
245 
401 
681 
571 
758 
555 
360 
787 
386 
1143 
1092 
1150 
842 
177 
302 
1120 
280 
641 
1086 
69 
164 
156 
1037 
818 
394 
468 
924 
15 
775 
380 
1025 
794 
1102 
348 
241 
278 
91 
702 
372 
299 
745 
215 
953 
574 
172 
602 
154 
1183 
637 
502 
1093 
678 
155 
460 
1121 
315 
1103 
392 
477 
297 
227 
998 
981 
67 
116 
1152 
273 
755 
343 
316 
398 
927 
779 
112 
976 
104 
178 
821 
640 
913 
570 
1055 
1189 
734 
559 
683 
878 
405 
180 
980 
1079 
917 
45 
389 
1039 
485 
868 
543 
282 
78 
943 
781 
1070 
517 
603 
49 
1115 
401 
461 
286 
478 
1073 
1022 
342 
1082 
857 
396 
218 
1081 
911 
279 
292 
544 
481 
1052 
678 
90 
241 
435 
454 
1011 
61 
818 
867 
322 
222 
982 
69 
287 
184 
62 
1053 
906 
980 
229 
1039 
636 
657 
724 
15 
137 
579 
567 
407 
1191 
212 
86 
780 
781 
312 
146 
414 
390 
245 
605 
935 
75 
569 
375 
860 
529 
902 
742 
244 
218 
506 
426 
752 
1232 
690 
900 
794 
264 
597 
250 
252 
729 
844 
576 
9 
308 
858 
840 
750 
816 
49 
1155 
676 
511 
15 
445 
1055 
164 
1042 
1050 
616 
284 
1184 
667 
569 
1025 
743 
24 
233 
915 
227 
734 
468 
493 
1213 
923 
1127 
320 
485 
954 
836 
884 
8 
685 
443 
631 
948 
577 
289 
688 
606 
1073 
926 
716 
205 
821 
108 
336 
848 
857 
69 
480 
287 
943 
201 
274 
19 
569 
200 
58 
530 
643 
313 
260 
1090 
970 
197 
625 
109 
604 
681 
408 
989 
799 
49 
357 
656 
1110 
21 
192 
1193 
294 
907 
326 
1213 
886 
22 
25 
873 
204 
8 
249 
713 
1077 
981 
149 
1178 
1060 
980 
566 
495 
1119 
635 
1186 
84 
419 
795 
209 
196 
1212 
92 
23 
481 
629 
339 
899 
50 
238 
355 
949 
779 
1114 
932 
1006 
717 
242 
1234 
643 
329 
963 
394 
678 
152 
498 
1051 
726 
981 
49 
609 
1017 
969 
341 
431 
812 
715 
1026 
1154 
1004 
445 
357 
1043 
952 
1038 
447 
984 
749 
630 
1103 
959 
320 
174 
1119 
29 
628 
1045 
870 
525 
1177 
1109 
164 
1040 
269 
359 
72 
31 
372 
854 
506 
912 
586 
884 
840 
510 
814 
142 
799 
700 
774 
486 
478 
19 
3 
465 
61 
917 
546 
981 
683 
842 
1193 
162 
559 
289 
534 
448 
791 
329 
339 
924 
570 
280 
177 
125 
466 
1192 
840 
1053 
605 
525 
501 
1122 
521 
968 
34 
1123 
691 
805 
447 
440 
356 
631 
918 
974 
792 
910 
963 
188 
843 
72 
752 
299 
343 
456 
325 
260 
558 
618 
1067 
421 
300 
118 
795 
401 
551 
903 
735 
876 
21 
407 
1044 
721 
905 
949 
737 
702 
1169 
84 
616 
627 
464 
928 
675 
42 
593 
895 
821 
155 
955 
1110 
435 
77 
10 
1202 
933 
983 
1003 
346 
487 
1053 
275 
887 
170 
120 
588 
