0.026200 
0.026700 
0.033100 
0.033400 
0.034600 
0.036300 
0.038600 
0.041200 
0.041300 
0.041600 
0.044300 
0.044800 
0.045500 
0.047300 
0.048200 
0.048800 
0.049800 
0.050000 
0.050100 
0.050400 
0.051400 
0.052400 
0.056400 
0.057500 
0.058200 
0.060500 
0.063000 
0.063800 
0.064500 
0.068300 
0.069200 
0.069700 
0.070000 
0.070700 
0.071200 
0.071600 
0.071700 
0.072200 
0.072400 
0.073800 
0.074300 
0.074900 
0.076100 
0.078700 
0.079600 
0.080000 
0.080400 
0.080400 
0.082400 
0.086000 
0.086900 
0.087000 
0.088000 
0.091100 
0.092100 
0.092900 
0.097100 
0.100600 
0.102400 
0.102800 
0.103500 
0.104200 
0.107700 
0.108200 
0.108300 
0.109800 
0.111800 
0.113300 
0.113900 
0.114000 
0.115300 
0.115900 
0.116900 
0.118900 
0.120200 
0.121000 
0.121300 
0.121800 
0.122700 
0.123200 
0.123300 
0.125100 
0.125800 
0.126000 
0.129700 
0.130700 
0.131600 
0.132400 
0.133000 
0.135000 
0.135000 
0.137800 
0.139400 
0.140400 
0.140900 
0.142600 
0.143200 
0.146600 
0.147800 
0.148100 
0.149300 
0.151800 
0.152100 
0.152300 
0.153700 
0.153900 
0.154200 
0.154300 
0.154500 
0.155400 
0.156200 
0.157600 
0.158800 
0.160800 
0.160900 
0.162200 
0.164300 
0.165400 
0.166800 
0.167600 
0.169800 
0.171400 
0.173000 
0.173800 
0.179300 
0.180100 
0.180800 
0.181900 
0.182400 
0.182500 
0.184000 
0.185100 
0.191100 
0.193200 
0.194800 
0.197000 
0.198100 
0.198100 
0.198400 
0.198800 
0.199800 
0.202000 
0.204200 
0.204500 
0.207300 
0.208000 
0.208000 
0.209500 
0.211600 
0.212100 
0.212300 
0.212700 
0.213100 
0.213400 
0.214500 
0.215000 
0.215400 
0.217400 
0.217500 
0.217800 
0.219700 
0.219900 
0.221400 
0.222400 
0.222500 
0.222800 
0.223300 
0.224500 
0.224700 
0.225100 
0.226700 
0.227200 
0.227700 
0.228800 
0.229000 
0.230500 
0.232000 
0.232100 
0.232200 
0.232700 
0.233600 
0.235900 
0.237500 
0.237800 
0.238400 
0.239000 
0.239800 
0.241800 
0.242000 
0.243300 
0.244000 
0.244400 
0.244500 
0.245800 
0.247400 
0.249600 
0.250700 
0.254300 
0.254800 
0.256000 
0.256000 
0.256400 
0.257800 
0.260500 
0.261200 
0.261700 
0.261900 
0.262300 
0.262900 
0.264100 
0.264100 
0.264600 
0.264700 
0.266300 
0.267500 
0.267900 
0.268500 
0.268700 
0.269400 
0.269800 
0.270100 
0.271300 
0.271900 
0.274300 
0.275100 
0.275400 
0.275800 
0.276000 
0.277800 
0.278200 
0.279400 
0.279400 
0.281500 
0.281600 
0.282100 
0.282500 
0.282900 
0.284000 
0.284200 
0.284700 
0.286400 
0.286900 
0.287100 
0.287400 
0.288400 
0.291100 
0.291400 
0.291700 
0.291700 
0.292400 
0.294900 
0.296800 
0.296900 
0.297200 
0.300400 
0.300800 
0.302900 
0.304200 
0.305000 
0.305400 
0.307900 
0.308000 
0.309800 
0.317100 
0.317400 
0.317700 
0.319800 
0.320200 
0.320800 
0.321300 
0.321600 
0.321900 
0.321900 
0.322000 
0.322600 
0.324000 
0.326000 
0.329300 
0.330200 
0.330600 
0.331300 
0.333000 
0.333100 
0.333200 
0.334600 
0.335000 
0.335300 
0.335500 
0.336400 
0.336800 
0.340400 
0.343900 
0.344500 
0.345300 
0.348400 
0.350900 
0.351400 
0.354200 
0.354700 
0.356300 
0.358200 
0.358700 
0.360100 
0.360200 
0.363600 
0.364700 
0.365700 
0.366100 
0.367500 
0.368100 
0.368300 
0.369100 
0.370500 
0.370900 
0.371200 
0.373500 
0.374600 
0.375000 
0.375000 
0.376100 
0.377700 
0.378900 
0.379700 
0.380600 
0.381400 
0.382200 
0.384500 
0.385600 
0.386100 
0.387000 
0.388700 
0.390800 
0.391100 
0.393300 
0.394800 
0.395000 
0.395400 
0.400100 
0.401200 
0.402900 
0.403100 
0.403500 
0.403900 
0.405000 
0.407200 
0.407600 
0.407700 
0.407800 
0.410200 
0.413700 
0.413900 
0.414600 
0.416700 
0.418800 
0.418800 
0.418900 
0.419300 
0.424300 
0.424900 
0.425100 
0.426200 
0.431700 
0.432200 
0.432700 
0.434200 
0.435400 
0.435900 
0.436400 
0.436700 
0.438300 
0.439000 
0.441000 
0.444300 
0.447200 
0.448100 
0.451200 
0.451500 
0.455100 
0.456300 
0.457600 
0.457800 
0.458800 
0.460700 
0.461600 
0.462500 
0.462900 
0.463600 
0.465900 
0.469100 
0.470400 
0.470900 
0.475100 
0.475200 
0.475400 
0.475600 
0.475900 
0.477000 
0.477200 
0.477400 
0.481200 
0.482000 
0.483300 
0.484500 
0.485000 
0.485500 
0.485500 
0.485500 
0.486100 
0.487900 
0.488300 
0.488600 
0.488700 
0.491900 
0.492400 
0.492700 
0.496300 
0.497400 
0.498100 
0.498200 
0.498400 
0.500400 
0.501000 
0.501600 
0.503000 
0.505500 
0.506800 
0.508000 
0.508300 
0.508500 
0.508600 
0.508700 
0.510100 
0.510500 
0.511200 
0.513200 
0.518000 
0.518500 
0.520800 
0.522400 
0.522500 
0.528600 
0.528700 
0.529700 
0.534100 
0.536700 
0.537200 
0.537500 
0.540400 
0.540900 
0.541000 
0.541300 
0.541700 
0.542900 
0.544700 
0.545100 
0.545600 
0.545700 
0.545800 
0.546200 
0.546400 
0.547000 
0.548500 
0.550000 
0.551400 
0.552000 
0.552500 
0.553700 
0.553800 
0.554600 
0.556300 
0.556700 
0.557200 
0.557300 
0.559400 
0.562700 
0.563000 
0.563300 
0.564300 
0.565400 
0.570400 
0.570900 
0.571100 
0.571400 
0.572300 
0.575000 
0.575600 
0.575900 
0.576200 
0.580800 
0.581400 
0.581500 
0.586400 
0.586500 
0.586900 
0.588300 
0.588700 
0.588900 
0.591200 
0.591600 
0.591700 
0.592400 
0.593300 
0.597600 
0.598400 
0.598900 
0.600100 
0.601200 
0.602100 
0.606700 
0.607100 
0.607300 
0.607400 
0.608700 
0.610300 
0.610800 
0.611000 
0.611300 
0.612500 
0.615800 
0.616300 
0.616700 
0.618800 
0.619300 
0.619600 
0.622300 
0.622500 
0.623200 
0.623900 
0.624000 
0.625300 
0.627200 
0.629000 
0.631800 
0.634800 
0.635600 
0.637000 
0.637100 
0.637900 
0.638200 
0.638400 
0.639100 
0.640400 
0.642800 
0.645700 
0.647000 
0.648800 
0.649100 
0.650500 
0.650800 
0.652200 
0.652500 
0.652800 
0.653500 
0.654000 
0.655800 
0.655900 
0.657400 
0.659800 
0.661300 
0.662300 
0.662800 
0.663600 
0.664000 
0.665500 
0.666400 
0.669400 
0.669500 
0.669700 
0.670200 
0.671800 
0.672400 
0.674400 
0.674600 
0.675300 
0.678100 
0.678600 
0.680000 
0.680000 
0.681900 
0.682700 
0.683900 
0.683900 
0.684300 
0.686000 
0.686400 
0.687200 
0.689600 
0.689900 
0.690500 
0.690600 
0.693600 
0.695500 
0.696100 
0.700200 
0.700400 
0.702100 
0.706800 
0.706900 
0.707600 
0.708400 
0.710200 
0.710400 
0.710400 
0.710800 
0.712400 
0.714300 
0.714600 
0.716300 
0.716600 
0.716700 
0.721700 
0.722600 
0.724300 
0.724300 
0.725500 
0.726000 
0.727900 
0.728900 
0.729500 
0.731300 
0.731500 
0.732200 
0.733100 
0.735400 
0.735900 
0.735900 
0.737300 
0.738100 
0.739600 
0.740200 
0.743000 
0.743600 
0.744500 
0.746500 
0.747200 
0.747300 
0.748900 
0.750700 
0.750800 
0.751300 
0.753000 
0.753100 
0.754900 
0.755000 
0.755300 
0.755800 
0.755900 
0.756000 
0.756000 
0.756000 
0.757200 
0.757300 
0.759000 
0.761800 
0.762100 
0.762900 
0.763000 
0.764100 
0.764600 
0.765100 
0.765500 
0.766100 
0.766500 
0.766500 
0.771300 
0.772400 
0.772700 
0.773300 
0.773600 
0.774200 
0.776100 
0.781000 
0.781400 
0.781400 
0.781500 
0.783900 
0.785000 
0.785200 
0.786000 
0.787300 
0.787900 
0.788400 
0.789600 
0.790400 
0.791100 
0.795900 
0.796000 
0.796300 
0.798000 
0.798600 
0.798900 
0.801900 
0.802800 
0.803300 
0.805500 
0.805700 
0.805800 
0.805900 
0.809300 
0.809500 
0.809700 
0.812800 
0.813300 
0.816600 
0.817100 
0.817900 
0.818700 
0.819000 
0.819500 
0.820700 
0.821700 
0.822200 
0.823200 
0.823800 
0.824500 
0.826000 
0.826700 
0.828300 
0.828400 
0.829200 
0.830700 
0.830700 
0.832000 
0.833800 
0.833800 
0.836500 
0.836700 
0.838900 
0.839600 
0.840000 
0.840400 
0.842800 
0.844800 
0.845900 
0.846600 
0.847400 
0.847800 
0.848100 
0.849700 
0.851400 
0.852200 
0.852900 
0.853100 
0.854200 
0.854500 
0.856200 
0.857900 
0.862200 
0.865400 
0.866000 
0.869000 
0.869700 
0.870700 
0.870800 
0.871100 
0.873700 
0.873700 
0.874500 
0.874700 
0.875000 
0.878800 
0.880000 
0.884300 
0.885100 
0.885400 
0.885800 
0.886400 
0.886900 
0.887300 
0.889100 
0.889400 
0.892500 
0.893800 
0.895300 
0.895600 
0.895800 
0.896400 
0.896700 
0.896900 
0.897100 
0.898000 
0.899300 
0.901200 
0.903900 
0.904500 
0.905200 
0.905800 
0.907000 
0.907400 
0.908600 
0.909100 
0.909400 
0.910500 
0.912300 
0.914000 
0.914300 
0.914800 
0.915000 
0.915100 
0.927700 
0.928100 
0.928900 
0.930700 
0.930800 
0.933000 
0.933400 
0.933500 
0.933700 
0.936000 
0.939300 
0.940700 
0.941600 
0.941900 
0.942100 
0.944200 
0.945300 
0.948900 
0.949500 
0.950000 
0.951100 
0.952000 
0.952300 
0.953300 
0.954700 
0.957200 
0.958600 
0.960000 
0.960200 
0.960600 
0.961100 
0.961200 
0.961700 
0.962800 
0.964400 
0.965500 
0.965900 
0.967000 
0.970300 
0.970500 
0.972100 
0.975500 
0.976800 
0.978500 
0.979900 
0.982000 
0.984200 
0.984400 
0.985600 
0.986300 
0.990000 
0.991000 
0.993000 
0.995200 
0.996600 
0.996900 
0.996900 
1.002200 
1.002600 
1.003700 
1.005200 
1.005300 
1.005800 
1.006100 
1.007700 
1.008000 
1.015200 
1.015700 
1.017300 
1.017800 
1.020900 
1.023100 
1.023100 
1.023600 
1.025600 
1.026200 
1.026200 
1.026800 
1.028200 
1.030300 
1.030600 
1.031600 
1.033000 
1.034100 
1.036800 
1.037100 
1.038200 
1.039000 
1.039000 
1.043800 
1.045400 
1.048300 
1.048300 
1.050300 
1.050300 
1.050700 
1.052400 
1.052800 
1.054200 
1.058300 
1.060700 
1.062000 
1.062400 
1.063200 
1.064200 
1.064300 
1.065300 
1.065800 
1.065800 
1.066400 
1.067700 
1.068000 
1.068700 
1.068700 
1.069400 
1.069800 
1.070200 
1.074900 
1.075800 
1.078100 
1.079100 
1.080800 
1.082600 
1.082900 
1.083500 
1.086500 
1.087500 
1.090600 
1.093500 
1.094200 
1.094900 
1.096200 
1.096200 
1.097700 
1.100600 
1.101100 
1.101700 
1.102400 
1.102400 
1.105400 
1.105400 
1.106500 
1.106500 
1.110900 
1.112300 
1.115800 
1.116700 
1.117300 
1.119100 
1.119700 
1.121800 
1.122700 
1.125700 
1.130600 
1.132100 
1.132400 
1.134300 
1.134700 
1.135000 
1.136800 
1.137800 
1.138600 
1.140300 
1.140500 
1.140500 
1.140800 
1.141100 
1.141500 
1.142000 
1.143300 
1.144700 
1.145600 
1.147400 
1.148000 
1.148400 
1.148700 
1.148800 
1.148900 
1.149100 
1.149900 
1.150300 
1.151500 
1.151500 
1.151800 
1.152300 
1.152900 
1.154200 
1.156300 
1.157000 
1.157200 
1.158600 
1.159800 
1.161200 
1.161600 
1.165900 
1.166100 
1.167700 
1.171300 
1.171300 
1.171600 
1.174400 
1.175100 
1.177000 
1.177300 
1.177800 
1.178400 
1.179300 
1.179400 
1.180100 
1.180400 
1.181300 
1.181300 
1.183200 
1.183600 
1.183800 
1.184700 
1.184700 
1.185700 
1.186500 
1.188100 
1.188800 
1.190700 
1.191900 
1.192400 
1.192900 
1.194900 
1.195600 
1.197200 
1.198000 
1.198500 
1.200400 
1.201300 
1.201700 
1.203000 
1.203600 
1.204100 
1.204900 
1.205500 
1.206100 
1.208700 
1.208900 
1.209200 
1.209500 
1.210500 
1.211900 
1.212300 
1.214000 
1.214500 
1.214700 
1.215500 
1.215800 
1.216200 
1.218600 
1.219700 
1.219800 
1.220700 
1.220800 
1.223000 
1.223700 
1.224700 
1.224800 
1.225300 
1.226000 
1.230200 
1.231100 
1.231700 
1.232400 
1.233400 
1.234000 
1.234000 
1.234000 
1.235100 
1.236200 
1.238900 
1.239000 
1.239100 
1.239200 
1.242600 
1.243300 
1.244700 
1.245300 
1.245800 
1.246800 
1.247500 
1.247600 
1.247800 
1.248100 
1.249000 
1.249200 
1.249400 
1.249500 
1.251000 
1.252800 
1.253000 
1.253400 
1.253900 
1.254100 
1.254300 
1.257000 
1.257700 
1.258200 
1.259000 
1.261200 
1.262700 
1.262800 
1.263500 
1.264500 
1.266400 
1.266600 
1.267000 
1.267600 
1.267600 
1.268400 
1.268500 
1.268900 
1.270600 
1.271600 
1.273500 
1.275000 
1.276600 
1.276900 
1.278000 
1.280700 
1.284400 
1.284900 
1.285300 
1.289400 
1.290400 
1.291600 
1.296000 
1.298200 
1.299600 
1.300000 
1.300800 
1.301400 
1.304300 
1.307700 
1.308000 
1.308700 
1.308900 
1.310700 
1.310800 
1.310800 
1.310900 
1.312000 
1.312900 
1.316500 
1.316700 
1.317800 
1.318000 
1.318700 
1.319400 
1.319900 
1.320700 
1.323800 
1.324000 
1.325400 
1.326500 
1.326600 
1.327900 
1.327900 
1.328600 
1.329000 
1.329800 
1.331300 
1.331900 
1.334000 
1.334000 
1.334200 
1.335000 
1.335300 
1.335800 
1.337600 
1.339000 
1.339100 
1.340700 
1.341800 
1.341900 
1.345900 
1.346400 
1.349400 
1.351000 
1.353200 
1.353300 
1.353800 
1.354600 
1.355600 
1.356700 
1.356900 
1.357300 
1.362700 
1.364300 
1.365700 
1.366400 
1.367000 
1.367300 
1.368300 
1.368900 
1.369700 
1.372500 
1.374300 
1.376400 
1.376600 
1.378900 
1.381500 
1.383100 
1.383400 
1.384500 
1.384900 
1.385500 
1.385600 
1.390900 
1.391500 
1.392200 
1.394900 
1.396100 
1.396800 
1.397300 
1.402300 
1.404200 
1.405200 
1.405400 
1.406500 
1.407100 
1.408800 
1.408900 
1.409600 
1.411500 
1.412600 
1.416400 
1.418700 
1.419700 
1.420000 
1.420100 
1.420200 
1.420500 
1.420500 
1.420600 
1.422300 
1.423100 
1.423400 
1.423700 
1.423800 
1.423900 
1.425800 
1.426200 
1.426600 
1.429300 
1.429400 
1.432200 
1.436700 
1.437200 
1.438200 
1.440700 
1.443300 
1.443900 
1.444200 
1.446300 
1.447400 
1.448300 
1.448400 
1.449300 
1.450300 
1.451600 
1.451700 
1.453300 
1.454200 
1.455400 
1.456000 
1.457500 
1.458500 
1.458600 
1.459800 
1.460400 
1.464800 
1.465200 
1.466700 
1.468100 
1.468600 
1.469500 
1.469700 
1.470200 
1.471000 
1.472500 
1.475800 
1.476000 
1.477500 
1.478200 
1.480400 
1.481400 
1.482800 
1.484400 
1.484900 
1.485300 
1.485300 
1.485600 
1.486800 
1.487500 
1.487900 
1.488700 
1.490700 
1.490900 
1.492600 
1.493000 
1.493200 
1.494700 
1.496000 
1.496100 
1.497700 
1.499000 
1.500000 
1.501900 
1.502700 
1.503000 
1.505100 
1.505600 
1.506100 
1.506900 
1.507600 
1.507800 
1.508200 
1.510100 
1.511100 
1.511400 
1.511700 
1.512000 
1.512800 
1.513900 
1.515200 
1.515400 
1.516600 
1.517000 
1.517300 
1.519200 
1.519800 
1.520200 
1.520700 
1.521600 
1.521900 
1.522200 
1.523800 
1.524900 
1.525800 
1.526000 
1.526700 
1.526900 
1.528700 
1.529100 
1.529500 
1.530100 
1.530500 
1.530500 
1.530600 
1.531000 
1.531100 
1.533400 
1.533600 
1.535000 
1.535900 
1.536200 
1.536700 
1.537200 
1.538300 
1.539200 
1.539500 
1.540200 
1.541100 
1.542300 
1.542400 
1.542900 
1.543200 
1.544800 
1.545000 
1.545600 
1.547200 
1.547900 
1.548600 
1.549200 
1.550700 
1.553100 
1.554200 
1.554600 
1.555500 
1.556200 
1.557800 
1.558800 
1.559700 
1.559800 
1.563700 
1.564600 
1.565200 
1.565500 
1.565600 
1.566200 
1.566800 
1.569100 
1.570300 
1.573600 
1.575000 
1.578100 
1.580100 
1.581500 
1.581700 
1.583200 
1.583400 
1.585800 
1.588500 
1.589700 
1.591300 
1.591700 
1.592400 
1.592600 
1.593200 
1.594500 
1.596600 
1.597700 
1.598800 
1.599100 
1.599300 
1.600500 
1.601400 
1.602300 
1.603000 
1.603300 
1.604400 
1.605100 
1.605700 
1.609900 
1.609900 
1.611300 
1.612200 
1.612600 
1.613600 
1.617800 
1.619700 
1.620200 
1.621200 
1.625100 
1.628900 
1.630000 
1.631500 
1.631800 
1.631900 
1.633800 
1.634300 
1.634900 
1.636200 
1.637100 
1.641200 
1.642700 
1.642700 
1.642900 
1.642900 
1.643900 
1.644900 
1.647900 
1.648000 
1.650300 
1.650700 
1.652800 
1.657700 
1.660000 
1.662500 
1.663200 
1.663800 
1.665200 
1.666400 
1.666900 
1.666900 
1.667800 
1.668000 
1.668100 
1.670300 
1.670700 
1.678700 
1.679500 
1.680600 
1.681200 
1.681300 
1.681500 
1.683000 
1.683600 
1.684200 
1.684800 
1.685200 
1.685700 
1.686700 
1.687400 
1.690700 
1.691200 
1.694500 
1.698800 
1.700200 
1.700700 
1.702500 
1.703700 
1.707100 
1.707900 
1.707900 
1.708500 
1.709500 
1.710000 
1.712200 
1.713200 
1.716100 
1.717400 
1.720700 
1.721600 
1.722500 
1.723300 
1.723500 
1.723700 
1.725100 
1.725400 
1.726600 
1.728200 
1.734600 
1.735400 
1.735800 
1.736700 
1.736700 
1.739300 
1.741500 
1.741600 
1.742600 
1.743100 
1.745400 
1.745400 
1.745700 
1.747100 
1.751700 
1.752500 
1.752600 
1.755800 
1.756300 
1.756500 
1.756600 
1.756600 
1.756800 
1.758900 
1.759700 
1.760300 
1.761600 
1.771200 
1.774100 
1.774900 
1.776000 
1.777400 
1.779700 
1.781700 
1.781700 
1.782300 
1.783200 
1.783200 
1.783800 
1.785100 
1.787000 
1.787800 
1.788800 
1.788900 
1.789000 
1.789700 
1.789800 
1.791000 
1.791500 
1.792800 
1.795900 
1.796000 
1.797200 
1.799600 
1.800300 
1.800700 
1.801200 
1.802700 
1.802800 
1.802900 
1.803000 
1.807000 
1.808000 
1.809400 
1.815800 
1.816000 
1.816000 
1.819200 
1.821000 
1.822200 
1.824000 
1.824700 
1.825000 
1.828800 
1.830700 
1.832000 
1.832800 
1.834300 
1.834400 
1.834400 
1.835400 
1.842100 
1.844200 
1.845000 
1.845000 
1.845900 
1.846200 
1.846400 
1.848500 
1.848500 
1.850400 
1.851200 
1.854300 
1.854500 
1.854600 
1.856100 
1.857600 
1.859100 
1.861100 
1.861300 
1.861600 
1.861900 
1.863300 
1.863700 
1.864900 
1.865200 
1.865800 
1.867000 
1.867700 
1.868100 
1.868400 
1.868400 
1.868600 
1.869600 
1.871400 
1.871400 
1.871500 
1.872200 
1.876700 
1.876900 
1.877000 
1.877900 
1.878700 
1.879500 
1.881900 
1.883000 
1.884400 
1.884800 
1.886300 
1.890900 
1.891000 
1.891500 
1.892000 
1.893700 
1.895700 
1.896100 
1.897100 
1.898000 
1.898600 
1.898700 
1.899800 
1.900600 
1.901700 
1.902900 
1.903200 
1.904400 
1.905200 
1.905800 
1.906600 
1.908000 
1.911900 
1.913100 
1.915500 
1.918900 
1.924200 
1.924300 
1.924600 
1.926700 
1.927300 
1.929300 
1.930300 
1.931100 
1.931300 
1.932300 
1.932400 
1.935100 
1.935200 
1.936900 
1.936900 
1.937200 
1.941500 
1.944900 
1.948300 
1.949700 
1.950300 
1.951200 
1.952500 
1.952800 
1.954100 
1.955800 
1.956000 
1.958600 
1.958800 
1.961800 
1.962400 
1.962400 
1.962600 
1.964100 
1.965500 
1.965600 
1.968100 
1.968200 
1.968200 
1.968400 
1.969700 
1.971200 
1.975100 
1.975900 
1.976100 
1.978200 
1.978300 
1.978800 
1.979300 
1.980000 
1.980900 
1.981500 
1.981600 
1.981900 
1.984300 
1.986400 
1.987300 
1.987500 
1.988100 
1.989400 
1.992200 
1.992300 
1.992400 
1.992700 
1.993900 
1.994500 
1.994500 
2.004200 
2.005700 
2.006700 
2.007900 
2.008000 
2.008900 
2.009600 
2.011200 
2.012900 
2.013000 
2.013200 
2.013500 
2.018100 
2.018600 
2.018800 
2.019300 
2.019500 
2.020200 
2.021100 
2.022100 
2.022500 
2.024000 
2.024200 
2.025800 
2.026100 
2.027000 
2.028700 
2.030500 
2.030500 
2.030600 
2.031200 
2.033300 
2.036900 
2.037100 
2.037300 
2.038100 
2.039400 
2.040000 
2.041400 
2.042100 
2.044600 
2.045200 
2.047400 
2.049100 
2.050400 
2.050400 
2.053500 
2.054600 
2.056100 
2.058100 
2.059000 
2.060900 
2.061600 
2.061900 
2.062400 
2.063200 
2.065700 
2.066600 
2.067300 
2.068000 
2.068200 
2.070700 
2.077400 
2.083700 
2.084900 
2.085400 
2.085700 
2.086100 
2.086200 
2.087000 
2.087900 
2.090100 
2.092200 
2.093900 
2.095300 
2.096500 
2.099200 
2.099500 
2.102200 
2.103500 
2.105100 
2.106900 
2.108600 
2.108900 
2.109800 
2.110000 
2.110200 
2.111300 
2.111400 
2.111800 
2.112100 
2.118900 
2.119700 
2.122100 
2.124600 
2.125600 
2.127100 
2.128900 
2.131500 
2.131600 
2.131900 
2.133000 
2.133900 
2.134600 
2.137800 
2.140000 
2.140400 
2.141700 
2.144500 
2.145400 
2.147500 
2.148800 
2.149200 
2.149600 
2.151800 
2.152100 
2.153200 
2.154000 
2.155500 
2.155800 
2.156300 
2.157100 
2.157800 
2.157900 
2.160300 
2.160600 
2.160800 
2.162000 
2.162200 
2.164500 
2.166300 
2.167300 
2.168500 
2.169000 
2.169600 
2.172700 
2.173400 
2.173500 
2.175500 
2.175600 
2.177700 
2.178100 
2.180700 
2.182700 
2.182800 
2.183000 
2.183200 
2.183400 
2.184400 
2.187200 
2.188200 
2.191100 
2.193800 
2.194900 
2.195100 
2.195900 
2.196900 
2.197700 
2.199300 
2.200400 
2.200900 
2.201600 
2.201700 
2.202100 
2.205900 
2.206300 
2.206800 
2.209400 
2.210400 
2.212400 
2.215000 
2.216700 
2.217200 
2.217500 
2.220400 
2.223800 
2.224200 
2.227500 
2.228300 
2.228600 
2.228900 
2.231800 
2.234000 
2.234000 
2.234800 
2.235000 
2.235600 
2.235700 
2.239000 
2.239400 
2.240500 
2.241800 
2.242900 
2.243300 
2.243900 
2.245100 
2.245300 
2.247100 
2.247500 
2.249200 
2.250000 
2.250600 
2.251700 
2.252400 
2.255400 
2.255400 
2.255400 
2.255700 
2.255800 
2.256300 
2.258400 
2.258400 
2.261000 
2.261800 
2.263800 
2.269600 
2.271300 
2.271700 
2.272700 
2.276100 
2.277100 
2.277600 
2.277800 
2.278300 
2.281000 
2.282100 
2.282800 
2.283400 
2.283400 
2.283700 
2.285100 
2.285500 
2.286600 
2.286700 
2.287500 
2.289200 
2.289800 
2.290100 
2.292600 
2.292800 
2.293000 
2.297400 
2.300000 
2.300600 
2.300900 
2.301100 
2.301500 
2.301900 
2.306400 
2.307100 
2.307600 
2.308200 
2.314400 
2.314500 
2.314700 
2.316700 
2.316700 
2.316900 
2.317400 
2.322200 
2.322600 
2.322800 
2.323300 
2.324000 
2.324300 
2.324700 
2.325200 
2.329000 
2.330600 
2.331000 
2.331200 
2.331300 
2.332300 
2.335100 
2.336300 
2.336700 
2.338500 
2.339400 
2.339500 
2.340400 
2.340500 
2.341900 
2.341900 
2.342500 
2.343400 
2.345600 
2.346000 
2.347400 
2.347900 
2.352100 
2.354500 
2.356500 
2.357700 
2.358700 
2.359500 
2.360000 
2.362100 
2.363300 
2.364100 
2.364700 
2.369000 
2.370100 
2.372000 
2.372500 
2.374000 
2.376800 
2.377500 
2.379300 
2.383200 
2.384500 
2.385400 
2.385800 
2.386100 
2.386400 
2.388700 
2.389600 
2.390100 
2.391000 
2.391800 
2.396500 
2.397200 
2.397300 
2.397800 
2.398400 
2.402700 
2.403500 
2.403900 
2.403900 
2.404500 
2.405800 
2.406200 
2.407300 
2.407800 
2.410200 
2.410700 
2.410800 
2.411300 
2.411300 
2.413000 
2.413200 
2.414900 
2.420100 
2.420600 
2.424100 
2.425200 
2.425300 
2.426100 
2.427200 
2.429100 
2.430100 
2.430100 
2.433300 
2.433700 
2.434100 
2.435300 
2.435500 
2.436000 
2.437500 
2.437900 
2.441400 
2.443100 
2.443400 
2.443600 
2.445400 
2.445500 
2.446100 
2.446400 
2.447100 
2.449700 
2.452900 
2.453000 
2.454600 
2.454800 
2.456000 
2.456500 
2.456700 
2.457600 
2.460300 
2.460700 
2.461300 
2.461300 
2.462400 
2.463300 
2.464500 
2.464600 
2.464800 
2.465000 
2.465100 
2.466900 
2.467800 
2.468200 
2.469200 
2.469200 
2.470100 
2.472300 
2.472700 
2.473400 
2.474100 
2.475800 
2.476300 
2.478900 
2.480300 
2.482300 
2.485100 
2.485500 
2.485700 
2.486500 
2.486800 
2.487700 
2.488000 
2.488200 
2.490300 
2.492500 
2.492700 
2.493100 
2.497000 
2.498500 
2.499400 
2.500700 
2.502200 
2.502500 
2.503500 
2.504400 
2.505300 
2.505700 
2.505800 
2.506100 
2.506800 
2.506900 
2.509800 
2.514300 
2.515100 
2.515400 
2.516200 
2.516200 
2.516500 
2.517000 
2.517400 
2.518000 
2.519500 
2.519500 
2.520100 
2.520700 
2.522200 
2.526800 
2.527000 
2.529500 
2.531000 
2.532700 
2.533700 
2.534000 
2.535100 
2.537800 
2.539400 
2.539900 
2.541100 
2.541500 
2.547500 
2.547800 
2.548300 
2.550000 
2.550100 
2.550100 
2.550500 
2.551400 
2.553100 
2.553700 
2.554400 
2.555600 
2.556000 
2.556600 
2.556700 
2.557000 
2.558100 
2.559000 
2.559000 
2.559300 
2.561000 
2.561500 
2.562300 
2.563000 
2.563100 
2.565000 
2.565400 
2.568100 
2.573800 
2.574900 
2.575000 
2.575800 
2.577000 
2.579400 
2.580300 
2.580600 
2.581200 
2.581400 
2.582700 
2.585900 
2.587300 
2.587300 
2.587600 
2.588200 
2.588700 
2.591200 
2.592000 
2.594100 
2.596300 
2.599000 
2.600000 
2.600300 
2.603600 
2.604200 
2.605600 
2.605700 
2.606000 
2.608700 
2.609200 
2.610300 
2.611700 
2.612200 
2.612200 
2.612600 
2.614500 
2.615200 
2.618600 
2.619300 
2.620100 
2.622900 
2.623400 
2.623500 
2.624600 
2.627900 
2.632500 
2.633000 
2.634000 
2.634800 
2.636700 
2.637300 
2.642600 
2.643600 
2.643700 
2.643900 
2.644700 
2.645900 
2.646000 
2.646100 
2.647900 
2.649000 
2.649400 
2.650300 
2.650700 
2.651000 
2.651600 
2.653100 
2.653200 
2.653300 
2.653400 
2.655400 
2.656100 
2.657200 
2.659800 
2.659900 
2.663900 
2.666100 
2.666800 
2.667800 
2.668200 
2.669400 
2.671300 
2.671500 
2.672000 
2.674800 
2.677100 
2.677800 
2.678500 
2.680500 
2.683100 
2.684000 
2.685000 
2.686300 
2.690400 
2.691200 
2.691700 
2.692800 
2.693200 
2.693600 
2.698800 
2.699700 
2.703000 
2.703300 
2.704200 
2.704500 
2.708700 
2.710400 
2.711200 
2.711600 
2.716800 
2.718600 
2.720800 
2.724000 
2.724400 
2.724600 
2.728900 
2.729100 
2.729100 
2.730300 
2.730300 
2.731300 
2.737600 
2.739800 
2.739800 
2.741100 
2.741100 
2.741400 
2.742800 
2.744000 
2.752400 
2.754600 
2.757000 
2.758600 
2.761400 
2.762700 
2.765000 
2.765300 
2.766000 
2.768300 
2.770100 
2.771100 
2.771800 
2.772600 
2.773000 
2.778100 
2.778500 
2.779500 
2.781700 
2.782400 
2.783200 
2.784500 
2.784600 
2.786100 
2.786200 
2.786500 
2.787500 
2.790200 
2.791000 
2.791000 
2.791900 
2.793000 
2.793500 
2.795000 
2.796100 
2.796700 
2.797200 
2.799200 
2.800100 
2.800500 
2.800900 
2.801300 
2.802300 
2.802700 
2.803700 
2.804700 
2.805100 
2.805700 
2.808600 
2.809300 
2.810400 
2.810400 
2.812800 
2.814200 
2.814900 
2.815700 
2.817700 
2.818800 
2.821900 
2.825000 
2.826000 
2.826400 
2.826900 
2.827300 
2.827400 
2.828500 
2.828900 
2.830200 
2.831100 
2.832100 
2.832400 
2.833300 
2.833800 
2.835600 
2.836600 
2.838500 
2.838900 
2.841600 
2.841700 
2.845300 
2.845700 
2.846100 
2.847100 
2.847900 
2.848000 
2.848800 
2.849000 
2.851200 
2.853100 
2.853300 
2.853700 
2.853900 
2.853900 
2.854700 
2.855700 
2.855900 
2.856500 
2.857200 
2.861000 
2.861000 
2.861300 
2.864100 
2.864600 
2.865000 
2.865200 
2.865300 
2.866700 
2.867900 
2.868200 
2.869400 
2.869600 
2.871800 
2.872100 
2.873800 
2.874700 
2.874700 
2.875100 
2.875900 
2.876000 
2.876000 
2.876200 
2.876400 
2.877300 
2.877500 
2.877600 
2.878200 
2.878200 
2.879000 
2.879000 
2.880300 
2.883000 
2.883500 
2.884500 
2.885700 
2.886200 
2.887500 
2.889000 
2.889600 
2.890000 
2.890400 
2.890500 
2.894100 
2.895000 
2.895600 
2.897500 
2.898200 
2.899500 
2.904500 
2.907000 
2.907400 
2.907400 
2.909000 
2.913600 
2.915800 
2.916100 
2.920800 
2.924800 
2.926900 
2.928500 
2.930000 
2.931000 
2.931200 
2.931400 
2.931400 
2.934400 
2.935200 
2.937600 
2.937600 
2.938100 
2.938200 
2.939100 
2.940000 
2.944000 
2.945300 
2.945700 
2.946700 
2.948100 
2.948400 
2.948700 
2.949000 
2.949000 
2.952200 
2.952800 
2.953700 
2.954200 
2.954400 
2.956000 
2.956100 
2.957400 
2.957400 
2.958000 
2.958000 
2.958100 
2.958700 
2.959200 
2.959200 
2.960200 
2.960500 
2.961900 
2.962400 
2.963400 
2.965400 
2.968300 
2.968400 
2.968600 
2.969200 
2.969800 
2.973100 
2.974600 
2.976500 
2.980600 
2.981400 
2.981700 
2.983000 
2.983300 
2.983500 
2.985900 
2.987200 
2.988300 
2.989100 
2.989100 
2.991200 
2.995200 
2.995900 
2.996300 
2.997900 
2.998200 
2.999700 
