49 
28 
10 
50 
48 
32 
55 
37 
6 
1 
47 
60 
30 
14 
57 
34 
15 
58 
60 
42 
44 
31 
21 
27 
35 
34 
13 
2 
26 
5 
33 
56 
58 
62 
19 
50 
44 
34 
46 
25 
6 
27 
35 
58 
33 
40 
18 
5 
47 
2 
13 
3 
35 
46 
59 
40 
7 
16 
23 
17 
37 
33 
25 
51 
26 
4 
50 
38 
5 
46 
16 
20 
35 
33 
7 
33 
22 
30 
51 
13 
34 
16 
57 
30 
17 
4 
60 
41 
20 
55 
10 
61 
7 
6 
54 
5 
35 
9 
24 
31 
34 
45 
54 
46 
36 
10 
5 
44 
61 
28 
37 
34 
4 
60 
33 
23 
40 
17 
53 
31 
19 
23 
30 
47 
35 
22 
21 
7 
60 
5 
26 
60 
56 
9 
16 
48 
8 
49 
20 
35 
25 
19 
26 
32 
51 
60 
24 
17 
43 
7 
3 
35 
44 
9 
10 
45 
5 
34 
60 
35 
24 
51 
38 
54 
13 
61 
41 
23 
42 
15 
31 
26 
43 
24 
51 
27 
18 
37 
11 
19 
33 
40 
48 
35 
40 
17 
42 
18 
15 
20 
51 
39 
55 
54 
57 
38 
22 
42 
9 
59 
34 
24 
44 
48 
33 
13 
46 
35 
21 
23 
22 
54 
17 
19 
20 
34 
35 
61 
29 
53 
21 
33 
57 
32 
39 
31 
52 
18 
21 
24 
20 
15 
3 
34 
46 
2 
33 
44 
35 
1 
17 
23 
22 
34 
54 
44 
17 
59 
21 
34 
10 
46 
26 
32 
40 
21 
6 
46 
5 
22 
25 
62 
34 
50 
42 
6 
51 
0 
60 
7 
39 
61 
15 
46 
21 
10 
6 
55 
18 
51 
50 
52 
47 
53 
32 
7 
30 
61 
21 
23 
35 
26 
2 
24 
0 
15 
28 
33 
30 
43 
19 
21 
8 
7 
60 
50 
16 
31 
12 
34 
48 
7 
35 
52 
55 
23 
12 
61 
15 
23 
21 
60 
32 
51 
46 
14 
21 
42 
2 
25 
55 
44 
39 
48 
13 
50 
57 
33 
47 
5 
16 
2 
3 
21 
35 
22 
42 
9 
36 
52 
2 
40 
1 
60 
18 
16 
21 
24 
15 
19 
6 
33 
51 
54 
10 
40 
1 
7 
21 
35 
41 
39 
23 
42 
34 
18 
49 
57 
2 
19 
12 
0 
35 
37 
60 
3 
14 
51 
43 
40 
11 
9 
33 
18 
39 
42 
16 
59 
57 
54 
58 
9 
25 
46 
2 
14 
31 
48 
24 
3 
6 
50 
52 
35 
4 
61 
44 
39 
46 
37 
20 
24 
22 
59 
60 
3 
35 
51 
50 
25 
33 
21 
55 
19 
20 
25 
43 
37 
22 
10 
16 
5 
57 
42 
7 
33 
40 
41 
11 
2 
29 
14 
52 
51 
24 
17 
32 
53 
33 
57 
30 
55 
60 
49 
8 
5 
46 
38 
41 
21 
57 
46 
51 
42 
49 
57 
47 
39 
22 
54 
36 
35 
6 
62 
39 
5 
56 
21 
7 
55 
57 
35 
11 
2 
20 
57 
52 
56 
11 
61 
16 
33 
35 
51 
50 
34 
39 
23 
19 
41 
35 
24 
22 
6 
30 
10 
1 
0 
12 
54 
49 
24 
40 
17 
55 
33 
25 
5 
47 
34 
35 
48 
19 
8 
30 
14 
5 
35 
37 
1 
55 
3 
6 
38 
33 
59 
57 
19 
30 
24 
19 
40 
4 
51 
20 
47 
1 
8 
57 
14 
62 
38 
42 
2 
26 
10 
23 
46 
28 
6 
34 
44 
4 
54 
39 
59 
44 
53 
17 
30 
32 
47 
39 
52 
5 
33 
54 
17 
23 
29 
35 
37 
15 
28 
3 
21 
19 
40 
24 
61 
17 
54 
53 
47 
20 
59 
21 
60 
42 
32 
10 
56 
54 
40 
38 
55 
23 
42 
17 
30 
53 
49 
50 
46 
16 
24 
6 
8 
49 
33 
29 
7 
37 
30 
12 
13 
27 
21 
7 
53 
35 
38 
51 
57 
43 
23 
24 
27 
26 
6 
21 
13 
8 
49 
19 
57 
20 
39 
37 
56 
0 
35 
46 
44 
42 
23 
33 
17 
15 
46 
21 
34 
30 
54 
12 
5 
49 
61 
7 
37 
51 
22 
1 
14 
55 
59 
49 
57 
29 
38 
23 
18 
34 
21 
51 
46 
17 
15 
59 
4 
19 
41 
24 
47 
59 
54 
35 
25 
48 
62 
53 
43 
32 
56 
60 
41 
21 
30 
10 
57 
59 
61 
52 
33 
34 
44 
51 
40 
62 
55 
35 
9 
41 
48 
34 
60 
5 
23 
46 
6 
24 
14 
35 
47 
56 
30 
60 
24 
48 
61 
39 
50 
21 
53 
5 
20 
46 
43 
10 
32 
34 
59 
17 
51 
21 
4 
15 
29 
24 
46 
9 
25 
33 
6 
20 
30 
19 
22 
7 
43 
5 
21 
37 
23 
31 
53 
33 
51 
52 
21 
35 
19 
22 
10 
3 
20 
13 
34 
46 
41 
47 
60 
13 
35 
5 
10 
29 
34 
30 
33 
55 
20 
13 
19 
51 
25 
28 
45 
52 
22 
24 
10 
57 
41 
15 
58 
3 
31 
2 
7 
34 
55 
29 
24 
26 
48 
10 
42 
37 
43 
9 
24 
33 
39 
57 
50 
26 
32 
21 
28 
61 
19 
50 
48 
5 
59 
15 
51 
55 
52 
21 
7 
6 
30 
44 
60 
24 
21 
61 
11 
5 
28 
40 
57 
35 
24 
52 
47 
56 
43 
22 
20 
51 
59 
57 
21 
1 
12 
25 
50 
14 
33 
27 
24 
8 
35 
17 
53 
43 
25 
58 
24 
12 
21 
48 
61 
50 
0 
57 
33 
13 
48 
59 
55 
30 
23 
43 
4 
32 
25 
52 
33 
53 
3 
59 
37 
24 
55 
25 
23 
32 
17 
15 
56 
34 
21 
2 
32 
21 
24 
20 
37 
60 
15 
59 
50 
39 
16 
22 
51 
55 
25 
21 
38 
29 
3 
24 
47 
60 
10 
46 
35 
41 
21 
40 
44 
34 
46 
22 
19 
57 
15 
