0.037700 
0.042000 
0.049100 
0.075100 
0.078100 
0.096400 
0.107300 
0.107400 
0.131500 
0.135100 
0.137000 
0.140200 
0.141400 
0.146400 
0.162500 
0.167800 
0.167900 
0.169800 
0.180000 
0.188100 
0.189900 
0.190400 
0.190600 
0.190900 
0.197300 
0.204300 
0.204400 
0.212200 
0.213400 
0.225800 
0.230300 
0.233800 
0.234900 
0.246000 
0.269900 
0.275100 
0.276100 
0.284800 
0.288400 
0.290100 
0.290200 
0.292800 
0.295400 
0.296100 
0.302300 
0.306000 
0.317500 
0.318000 
0.327900 
0.329600 
0.333900 
0.341000 
0.356600 
0.361900 
0.364600 
0.380400 
0.380700 
0.382100 
0.386800 
0.391700 
0.400200 
0.401200 
0.415800 
0.421800 
0.424700 
0.427300 
0.434400 
0.445000 
0.451300 
0.460500 
0.466400 
0.466700 
0.468200 
0.468700 
0.470400 
0.470600 
0.481700 
0.488900 
0.490300 
0.491800 
0.494200 
0.496400 
0.507000 
0.513000 
0.523600 
0.529200 
0.537200 
0.538600 
0.540800 
0.541000 
0.541200 
0.544900 
0.554800 
0.568900 
0.571100 
0.585000 
0.587600 
0.595700 
0.602000 
0.602200 
0.603200 
0.609100 
0.614600 
0.619400 
0.621500 
0.621500 
0.628900 
0.630900 
0.634200 
0.638500 
0.656600 
0.658300 
0.663000 
0.664700 
0.671500 
0.677900 
0.677900 
0.680500 
0.682600 
0.685700 
0.696900 
0.697900 
0.710500 
0.716900 
0.723100 
0.729900 
0.734800 
0.735300 
0.746200 
0.747100 
0.749300 
0.749400 
0.749700 
0.751300 
0.762300 
0.773800 
0.774000 
0.780100 
0.783300 
0.783800 
0.784800 
0.794000 
0.798600 
0.826200 
0.829100 
0.833200 
0.835800 
0.838500 
0.844100 
0.854000 
0.855600 
0.859600 
0.862900 
0.865800 
0.866300 
0.868300 
0.872100 
0.875300 
0.890300 
0.891800 
0.894000 
0.897800 
0.908600 
0.913900 
0.915100 
0.925300 
0.927600 
0.929200 
0.934300 
0.940700 
0.947700 
0.956000 
0.962400 
0.966300 
0.974700 
0.977300 
0.988500 
0.998000 
1.000600 
1.001500 
1.002400 
1.002500 
1.004900 
1.006200 
1.006800 
1.008700 
1.013000 
1.014500 
1.022700 
1.030800 
1.040100 
1.040800 
1.044100 
1.047000 
1.057000 
1.061600 
1.062000 
1.062700 
1.063800 
1.067000 
1.075600 
1.085100 
1.087500 
1.088500 
1.097000 
1.097600 
1.099400 
1.099500 
1.102300 
1.109500 
1.116500 
1.121600 
1.126300 
1.131200 
1.131500 
1.146500 
1.149900 
1.149900 
1.155700 
1.161100 
1.164700 
1.168200 
1.169300 
1.177600 
1.186900 
1.190400 
1.197100 
1.200600 
1.203200 
1.205400 
1.205900 
1.206800 
1.210200 
1.211700 
1.223500 
1.223600 
1.227000 
1.230500 
1.239300 
1.239800 
1.251200 
1.252700 
1.254500 
1.259100 
1.269400 
1.271100 
1.277500 
1.280000 
1.293100 
1.296400 
1.298300 
1.303600 
1.303600 
1.305200 
1.310200 
1.311700 
1.317600 
1.320600 
1.323200 
1.328100 
1.333400 
1.344300 
1.353200 
1.353900 
1.360600 
1.376000 
1.382800 
1.388200 
1.393400 
1.394100 
1.394900 
1.398300 
1.405000 
1.414800 
1.416700 
1.418800 
1.420800 
1.428600 
1.436000 
1.469600 
1.474200 
1.474700 
1.479600 
1.489400 
1.490300 
1.495500 
1.495800 
1.501100 
1.510200 
1.513700 
1.514700 
1.529900 
1.530500 
1.530800 
1.531500 
1.552700 
1.553900 
1.556400 
1.559200 
1.567500 
1.577500 
1.578100 
1.578700 
1.580600 
1.582800 
1.585900 
1.587300 
1.591900 
1.598300 
1.607100 
1.611400 
1.612900 
1.620800 
1.621500 
1.621900 
1.626900 
1.633100 
1.644900 
1.646100 
1.651500 
1.654800 
1.658600 
1.668300 
1.671900 
1.679200 
1.682400 
1.687100 
1.687700 
1.688600 
1.690200 
1.690400 
1.703400 
1.705700 
1.707000 
1.707300 
1.713100 
1.718700 
1.719400 
1.727100 
1.731800 
1.735600 
1.749400 
1.753400 
1.753500 
1.761000 
1.762300 
1.763400 
1.784800 
1.787000 
1.791500 
1.793700 
1.803300 
1.808400 
1.809900 
1.811200 
1.813700 
1.818200 
1.826700 
1.832000 
1.836200 
1.837000 
1.838600 
1.842600 
1.844700 
1.854600 
1.856200 
1.856900 
1.863100 
1.864600 
1.866400 
1.869700 
1.875200 
1.876900 
1.898000 
1.900500 
1.901000 
1.918300 
1.920800 
1.921900 
1.922800 
1.926200 
1.928200 
1.932500 
1.933800 
1.936900 
1.941500 
1.942300 
1.946800 
1.961100 
1.962900 
1.982800 
2.001200 
2.003000 
2.004800 
2.022700 
2.027800 
2.029600 
2.046800 
2.047900 
2.053700 
2.054700 
2.055000 
2.055300 
2.062600 
2.071100 
2.072100 
2.073200 
2.077700 
2.084300 
2.086800 
2.097500 
2.102900 
2.103100 
2.103500 
2.111200 
2.120600 
2.120800 
2.120900 
2.125400 
2.126400 
2.127100 
2.132300 
2.132400 
2.149300 
2.156100 
2.156600 
2.158900 
2.162500 
2.163500 
2.177700 
2.180800 
2.182600 
2.188900 
2.189400 
2.193800 
2.209100 
2.209800 
2.216200 
2.221500 
2.226900 
2.234800 
2.235000 
2.235000 
2.236300 
2.238700 
2.239100 
2.260000 
2.272500 
2.273000 
2.279800 
2.279800 
2.285200 
2.288400 
2.290900 
2.294400 
2.307700 
2.308300 
2.309100 
2.309200 
2.309300 
2.317200 
2.321100 
2.321200 
2.327800 
2.334100 
2.352300 
2.358200 
2.358700 
2.359000 
2.362800 
2.364100 
2.365000 
2.365600 
2.370300 
2.372100 
2.374300 
2.378400 
2.385900 
2.390200 
2.390600 
2.391200 
2.396100 
2.405100 
2.405800 
2.411300 
2.420400 
2.431400 
2.434900 
2.435400 
2.442300 
2.446700 
2.462800 
2.463200 
2.467400 
2.468900 
2.471300 
2.477800 
2.477900 
2.484000 
2.486600 
2.486800 
2.488600 
2.503500 
2.510500 
2.519700 
2.521300 
2.524500 
2.526000 
2.530000 
2.530400 
2.535200 
2.535200 
2.544200 
2.551000 
2.556000 
2.561500 
2.569300 
2.573600 
2.582000 
2.585100 
2.585900 
2.589000 
2.592200 
2.598800 
2.601100 
2.603600 
2.607000 
2.613000 
2.617200 
2.622100 
2.624200 
2.625800 
2.628900 
2.633200 
2.642700 
2.643600 
2.646800 
2.662200 
2.666000 
2.669200 
2.675600 
2.677100 
2.684300 
2.696300 
2.696800 
2.701300 
2.705200 
2.705900 
2.706900 
2.707000 
2.708600 
2.717600 
2.722700 
2.727700 
2.728500 
2.731600 
2.742300 
2.746700 
2.749300 
2.749400 
2.753000 
2.753200 
2.753400 
2.770200 
2.771700 
2.773600 
2.776500 
2.777000 
2.786700 
2.788600 
2.791800 
2.797000 
2.804600 
2.809600 
2.812800 
2.813900 
2.815400 
2.821100 
2.824400 
2.827700 
2.827900 
2.830200 
2.833700 
2.840600 
2.844000 
2.846000 
2.846200 
2.848700 
2.852000 
2.862000 
2.872000 
2.878400 
2.879300 
2.886800 
2.888500 
2.888600 
2.903700 
2.909100 
2.919000 
2.925900 
2.926200 
2.932200 
2.939800 
2.946600 
2.947600 
2.951400 
2.954700 
2.959300 
2.963300 
2.968900 
2.975300 
2.977400 
2.977500 
2.978000 
2.989400 
2.990300 
2.996000 
2.996900 
