1 
2 
0 
52 
0 
1 
2 
0 
32 
1 
2 
23 
12 
50 
55 
36 
11 
20 
4 
60 
13 
0 
2 
29 
41 
58 
26 
16 
27 
0 
23 
1 
15 
57 
2 
49 
32 
0 
35 
52 
1 
17 
0 
2 
59 
37 
1 
50 
55 
29 
11 
25 
62 
27 
0 
8 
1 
53 
2 
13 
25 
52 
1 
15 
46 
0 
2 
49 
1 
59 
0 
29 
20 
12 
2 
26 
46 
62 
23 
35 
0 
1 
49 
29 
3 
2 
0 
6 
1 
40 
27 
52 
24 
48 
11 
8 
0 
1 
33 
23 
2 
42 
37 
50 
1 
0 
12 
15 
35 
48 
2 
3 
14 
1 
0 
52 
62 
33 
29 
43 
25 
11 
58 
46 
8 
1 
2 
0 
50 
31 
23 
18 
56 
1 
0 
2 
11 
45 
37 
48 
52 
6 
4 
0 
1 
40 
49 
2 
15 
29 
0 
42 
46 
59 
20 
1 
11 
8 
0 
37 
52 
62 
1 
10 
2 
24 
12 
4 
15 
0 
45 
36 
1 
25 
61 
2 
46 
51 
8 
0 
59 
49 
56 
4 
1 
52 
27 
2 
48 
55 
0 
3 
6 
1 
43 
45 
8 
0 
2 
23 
62 
29 
37 
52 
60 
35 
1 
32 
46 
0 
15 
4 
12 
2 
10 
17 
1 
51 
48 
20 
43 
0 
29 
55 
1 
59 
2 
23 
45 
56 
44 
36 
25 
0 
11 
1 
12 
2 
0 
29 
14 
22 
1 
20 
59 
61 
2 
33 
38 
0 
1 
8 
35 
2 
12 
46 
0 
1 
20 
52 
2 
36 
4 
37 
8 
62 
40 
42 
49 
1 
25 
0 
22 
2 
23 
1 
0 
51 
46 
32 
52 
2 
1 
27 
59 
37 
0 
2 
1 
7 
30 
0 
22 
46 
34 
11 
25 
1 
2 
26 
33 
0 
5 
8 
29 
31 
2 
23 
18 
1 
25 
37 
52 
62 
0 
46 
35 
2 
11 
1 
29 
15 
48 
45 
0 
2 
52 
43 
1 
12 
23 
0 
62 
37 
57 
46 
50 
21 
2 
1 
22 
6 
0 
26 
51 
15 
29 
1 
30 
2 
13 
0 
48 
8 
1 
61 
2 
0 
60 
12 
62 
1 
0 
16 
11 
35 
1 
8 
2 
45 
29 
37 
23 
0 
42 
46 
1 
55 
60 
2 
0 
24 
45 
1 
38 
0 
50 
8 
46 
1 
44 
25 
15 
21 
52 
37 
2 
3 
0 
12 
41 
51 
1 
35 
45 
23 
2 
0 
40 
20 
46 
1 
31 
26 
4 
49 
61 
11 
29 
12 
0 
27 
1 
2 
43 
50 
38 
58 
37 
22 
25 
46 
0 
1 
2 
42 
21 
62 
15 
13 
0 
1 
29 
24 
8 
2 
59 
23 
38 
11 
0 
37 
36 
12 
58 
25 
1 
2 
51 
52 
35 
56 
0 
45 
1 
0 
8 
46 
2 
40 
13 
1 
12 
22 
4 
38 
21 
48 
62 
0 
23 
1 
2 
52 
11 
37 
27 
3 
1 
46 
0 
2 
59 
45 
38 
35 
0 
1 
49 
2 
32 
15 
0 
17 
21 
31 
1 
61 
2 
52 
11 
48 
44 
0 
23 
62 
46 
1 
2 
16 
41 
0 
30 
12 
8 
2 
1 
0 
11 
46 
52 
56 
13 
32 
48 
45 
1 
23 
37 
2 
0 
6 
1 
50 
22 
52 
10 
3 
0 
20 
46 
11 
2 
8 
1 
45 
33 
53 
0 
12 
13 
6 
37 
59 
52 
1 
15 
44 
35 
57 
0 
2 
25 
1 
62 
46 
6 
27 
51 
0 
29 
2 
37 
23 
8 
45 
1 
0 
12 
49 
50 
2 
43 
30 
35 
1 
61 
5 
46 
0 
11 
2 
20 
49 
22 
42 
45 
21 
1 
32 
62 
14 
0 
35 
59 
2 
52 
12 
1 
0 
26 
44 
2 
45 
46 
32 
35 
1 
6 
8 
19 
49 
25 
62 
0 
52 
2 
23 
60 
1 
4 
46 
20 
0 
36 
45 
35 
2 
1 
5 
55 
0 
33 
1 
2 
57 
30 
29 
62 
46 
21 
0 
61 
23 
11 
1 
39 
44 
40 
0 
58 
37 
8 
2 
52 
4 
11 
41 
1 
49 
0 
21 
62 
42 
46 
2 
57 
33 
59 
45 
51 
1 
0 
2 
46 
7 
16 
39 
0 
56 
1 
2 
12 
51 
35 
55 
45 
48 
4 
59 
1 
0 
2 
35 
21 
32 
6 
0 
1 
11 
42 
26 
46 
2 
27 
8 
45 
15 
57 
0 
36 
1 
23 
49 
62 
2 
52 
0 
1 
25 
50 
11 
2 
0 
40 
58 
37 
1 
51 
14 
46 
15 
21 
12 
43 
4 
62 
45 
41 
0 
52 
1 
17 
3 
0 
2 
49 
32 
8 
1 
29 
0 
35 
2 
46 
6 
1 
7 
52 
0 
22 
16 
1 
62 
2 
15 
4 
51 
23 
26 
0 
8 
46 
25 
1 
20 
39 
17 
2 
33 
0 
45 
6 
19 
1 
41 
59 
0 
29 
51 
2 
12 
8 
50 
1 
0 
33 
61 
2 
11 
45 
41 
48 
1 
0 
46 
52 
16 
4 
29 
23 
34 
5 
2 
37 
20 
6 
1 
40 
0 
56 
8 
22 
15 
51 
2 
52 
24 
0 
29 
1 
33 
0 
25 
20 
41 
12 
2 
21 
1 
17 
0 
4 
8 
49 
61 
35 
1 
23 
24 
2 
32 
59 
11 
0 
55 
5 
1 
37 
46 
2 
31 
0 
62 
19 
56 
1 
22 
52 
8 
61 
16 
2 
53 
35 
0 
6 
51 
18 
7 
1 
2 
20 
45 
43 
0 
22 
4 
1 
23 
0 
37 
44 
30 
2 
8 
21 
3 
52 
1 
45 
2 
0 
15 
46 
26 
22 
1 
5 
49 
40 
61 
0 
2 
46 
1 
7 
0 
35 
2 
22 
29 
59 
21 
20 
1 
0 
2 
4 
61 
26 
55 
0 
25 
1 
46 
17 
49 
42 
1 
6 
22 
0 
44 
2 
15 
37 
27 
23 
59 
50 
1 
0 
32 
52 
35 
51 
20 
2 
0 
12 
27 
1 
5 
8 
2 
0 
38 
36 
1 
24 
42 
35 
45 
15 
56 
0 
2 
21 
20 
11 
1 
16 
46 
24 
18 
0 
1 
2 
47 
23 
26 
49 
62 
0 
14 
8 
19 
1 
35 
50 
10 
52 
12 
2 
0 
1 
61 
31 
35 
21 
0 
32 
16 
29 
2 
1 
23 
46 
22 
43 
56 
37 
0 
51 
61 
53 
2 
20 
1 
4 
0 
23 
2 
8 
1 
35 
50 
52 
0 
46 
45 
2 
40 
1 
60 
35 
51 
30 
0 
14 
55 
58 
1 
46 
2 
0 
36 
52 
11 
13 
1 
22 
2 
4 
48 
17 
0 
40 
38 
1 
46 
51 
12 
2 
45 
0 
50 
8 
2 
35 
11 
23 
59 
1 
0 
15 
20 
33 
2 
61 
38 
51 
29 
40 
25 
0 
1 
43 
46 
52 
12 
32 
45 
0 
2 
1 
35 
17 
48 
11 
2 
8 
1 
0 
15 
4 
61 
16 
29 
50 
33 
56 
2 
0 
1 
45 
37 
13 
23 
53 
6 
62 
52 
8 
21 
32 
60 
0 
1 
12 
11 
2 
58 
0 
50 
26 
6 
1 
4 
46 
40 
51 
15 
35 
0 
45 
1 
5 
2 
33 
59 
55 
60 
0 
52 
35 
1 
37 
4 
21 
2 
49 
16 
8 
0 
11 
23 
1 
53 
2 
46 
0 
13 
41 
25 
52 
2 
51 
1 
3 
4 
0 
31 
20 
29 
57 
1 
44 
32 
2 
0 
21 
35 
8 
1 
49 
2 
0 
46 
51 
59 
1 
22 
40 
0 
46 
2 
23 
4 
25 
52 
29 
1 
62 
0 
38 
3 
37 
2 
1 
15 
0 
35 
49 
20 
33 
1 
12 
45 
2 
0 
46 
62 
55 
53 
52 
1 
25 
2 
0 
8 
3 
62 
27 
46 
33 
15 
0 
57 
1 
2 
45 
6 
51 
49 
12 
32 
61 
0 
1 
2 
5 
6 
35 
10 
0 
52 
1 
2 
17 
49 
33 
48 
62 
11 
46 
1 
53 
60 
34 
2 
0 
15 
52 
35 
20 
1 
23 
29 
25 
21 
0 
52 
2 
61 
45 
4 
1 
32 
35 
8 
12 
49 
29 
0 
25 
48 
33 
62 
46 
2 
1 
19 
23 
0 
52 
35 
45 
32 
8 
0 
2 
1 
6 
3 
11 
46 
12 
0 
58 
1 
52 
25 
62 
2 
29 
0 
45 
1 
22 
49 
59 
35 
61 
0 
2 
1 
16 
46 
12 
32 
45 
48 
0 
2 
52 
7 
51 
41 
22 
1 
15 
6 
53 
61 
46 
62 
0 
2 
1 
28 
43 
59 
49 
56 
0 
4 
37 
45 
32 
11 
29 
1 
35 
57 
24 
36 
2 
3 
52 
0 
18 
46 
61 
1 
37 
25 
0 
12 
2 
51 
48 
15 
53 
19 
62 
24 
1 
0 
32 
2 
21 
52 
1 
0 
12 
49 
2 
51 
62 
13 
16 
41 
6 
1 
52 
0 
2 
11 
24 
15 
37 
29 
12 
25 
0 
50 
53 
45 
49 
62 
1 
42 
60 
9 
2 
0 
26 
8 
46 
22 
35 
1 
52 
51 
15 
0 
2 
32 
20 
59 
38 
31 
1 
16 
13 
2 
42 
29 
45 
12 
11 
0 
55 
25 
22 
21 
2 
40 
0 
1 
6 
48 
44 
37 
23 
20 
52 
0 
2 
58 
25 
1 
35 
16 
46 
11 
22 
0 
2 
48 
1 
61 
33 
21 
9 
51 
52 
0 
62 
50 
20 
55 
32 
5 
2 
1 
56 
0 
25 
11 
52 
29 
2 
45 
1 
0 
22 
12 
24 
13 
11 
6 
20 
2 
1 
0 
35 
4 
49 
37 
52 
32 
16 
0 
51 
50 
8 
1 
25 
62 
2 
26 
19 
36 
0 
24 
1 
15 
45 
12 
29 
2 
52 
0 
21 
41 
37 
42 
20 
57 
23 
1 
44 
0 
47 
46 
11 
51 
1 
49 
9 
0 
12 
52 
45 
2 
32 
4 
3 
42 
1 
11 
0 
15 
25 
49 
5 
2 
56 
40 
0 
35 
6 
1 
29 
38 
12 
24 
33 
52 
0 
2 
32 
51 
1 
46 
20 
41 
58 
62 
0 
21 
55 
15 
1 
11 
52 
2 
16 
17 
29 
23 
50 
0 
46 
4 
8 
45 
13 
54 
1 
0 
2 
49 
12 
25 
41 
30 
60 
33 
1 
48 
23 
28 
0 
52 
61 
2 
1 
51 
0 
17 
59 
46 
1 
12 
3 
2 
42 
0 
29 
45 
35 
34 
50 
23 
25 
37 
49 
1 
15 
0 
11 
52 
2 
13 
1 
35 
31 
0 
4 
2 
62 
56 
25 
58 
42 
49 
29 
1 
0 
8 
2 
50 
17 
24 
11 
0 
12 
1 
52 
62 
2 
45 
59 
0 
56 
21 
35 
61 
1 
48 
2 
0 
29 
60 
58 
1 
2 
20 
4 
42 
15 
0 
12 
10 
8 
49 
46 
2 
1 
25 
21 
3 
33 
0 
23 
56 
41 
2 
0 
60 
1 
37 
29 
32 
62 
11 
44 
52 
58 
24 
8 
4 
0 
1 
15 
6 
61 
46 
59 
21 
22 
2 
12 
35 
1 
0 
45 
3 
1 
2 
0 
8 
32 
48 
37 
12 
41 
21 
35 
1 
0 
2 
33 
4 
45 
0 
1 
46 
3 
11 
25 
52 
2 
36 
0 
38 
1 
21 
6 
34 
2 
8 
4 
0 
48 
59 
29 
1 
23 
55 
46 
16 
12 
0 
45 
10 
2 
52 
15 
1 
22 
42 
37 
0 
29 
8 
46 
4 
2 
20 
0 
6 
1 
5 
49 
52 
42 
35 
3 
37 
1 
0 
59 
57 
51 
2 
0 
1 
8 
33 
44 
61 
48 
2 
1 
0 
60 
10 
42 
11 
14 
21 
52 
2 
1 
0 
46 
3 
7 
29 
35 
0 
1 
2 
56 
20 
59 
11 
42 
13 
33 
45 
0 
52 
3 
1 
2 
8 
43 
0 
32 
35 
51 
1 
4 
33 
46 
0 
11 
26 
17 
62 
1 
59 
25 
56 
2 
5 
0 
1 
29 
8 
38 
41 
37 
2 
45 
6 
0 
1 
51 
21 
33 
46 
27 
26 
0 
55 
2 
52 
1 
6 
35 
3 
12 
44 
24 
59 
0 
1 
29 
50 
2 
23 
52 
25 
22 
39 
15 
0 
58 
1 
42 
8 
45 
6 
2 
16 
0 
51 
29 
1 
59 
46 
17 
41 
60 
3 
26 
2 
0 
1 
52 
58 
25 
13 
35 
29 
0 
5 
33 
4 
1 
6 
8 
2 
62 
37 
0 
42 
23 
11 
52 
46 
55 
57 
2 
0 
1 
60 
8 
4 
48 
40 
35 
0 
2 
1 
18 
46 
5 
43 
0 
2 
33 
11 
1 
45 
35 
4 
0 
44 
2 
17 
1 
12 
11 
45 
15 
21 
0 
2 
1 
6 
35 
36 
39 
0 
52 
22 
16 
2 
49 
45 
1 
59 
46 
20 
12 
0 
61 
2 
0 
32 
1 
11 
13 
8 
17 
29 
60 
52 
0 
21 
62 
1 
35 
2 
0 
24 
61 
54 
59 
2 
49 
0 
1 
45 
13 
50 
33 
29 
15 
46 
12 
0 
30 
2 
1 
24 
11 
6 
35 
0 
46 
39 
1 
32 
52 
2 
29 
51 
55 
54 
61 
0 
22 
25 
59 
2 
45 
1 
0 
62 
2 
1 
35 
32 
0 
46 
52 
48 
13 
62 
0 
1 
56 
12 
2 
8 
17 
0 
23 
22 
35 
61 
52 
32 
1 
42 
16 
25 
4 
2 
11 
39 
0 
14 
15 
45 
37 
1 
8 
46 
40 
26 
6 
60 
0 
23 
32 
20 
2 
29 
52 
1 
49 
47 
3 
0 
19 
45 
8 
62 
2 
53 
1 
32 
0 
48 
46 
52 
38 
14 
15 
27 
42 
29 
25 
17 
1 
2 
59 
56 
0 
8 
2 
29 
1 
45 
0 
24 
21 
19 
46 
33 
22 
61 
1 
54 
60 
25 
49 
0 
32 
2 
56 
29 
0 
8 
1 
62 
48 
44 
46 
2 
0 
52 
45 
21 
1 
59 
32 
11 
23 
4 
27 
0 
51 
38 
29 
2 
1 
0 
12 
45 
37 
13 
22 
35 
5 
50 
15 
46 
62 
7 
6 
0 
4 
1 
11 
52 
55 
2 
43 
32 
1 
0 
20 
49 
46 
26 
8 
50 
4 
37 
1 
0 
45 
19 
11 
31 
21 
2 
52 
12 
51 
1 
0 
29 
46 
62 
1 
32 
0 
53 
45 
35 
2 
42 
56 
46 
22 
0 
55 
59 
3 
17 
21 
33 
1 
51 
8 
61 
2 
57 
30 
52 
0 
49 
45 
1 
48 
12 
2 
33 
31 
22 
32 
0 
1 
15 
11 
51 
49 
20 
1 
46 
61 
37 
35 
0 
2 
33 
38 
1 
0 
59 
12 
2 
49 
1 
46 
41 
61 
35 
0 
37 
33 
8 
43 
4 
5 
1 
32 
52 
2 
22 
0 
49 
55 
1 
17 
21 
45 
0 
2 
30 
38 
12 
29 
25 
48 
33 
1 
52 
46 
0 
2 
16 
8 
23 
0 
1 
2 
48 
37 
49 
54 
15 
5 
33 
55 
0 
11 
1 
25 
31 
52 
51 
40 
32 
61 
22 
1 
2 
0 
10 
23 
45 
44 
15 
12 
29 
48 
33 
39 
26 
52 
1 
2 
25 
5 
49 
4 
0 
3 
15 
32 
61 
60 
46 
0 
1 
2 
41 
33 
20 
8 
24 
62 
45 
1 
0 
23 
25 
2 
29 
44 
52 
38 
51 
59 
21 
1 
0 
41 
30 
43 
2 
4 
12 
31 
60 
11 
1 
0 
2 
59 
15 
5 
58 
37 
45 
33 
2 
1 
8 
0 
49 
48 
14 
35 
0 
55 
44 
6 
22 
36 
52 
1 
2 
26 
23 
48 
51 
0 
3 
17 
62 
20 
40 
1 
61 
2 
50 
48 
38 
57 
0 
51 
53 
1 
60 
41 
33 
0 
45 
3 
35 
52 
48 
2 
1 
19 
16 
44 
0 
8 
2 
1 
23 
0 
32 
2 
51 
20 
24 
1 
42 
0 
62 
15 
49 
2 
3 
1 
0 
17 
6 
11 
20 
21 
52 
18 
14 
44 
15 
0 
1 
32 
37 
61 
29 
2 
25 
43 
1 
0 
35 
51 
8 
3 
32 
11 
56 
2 
14 
1 
0 
23 
21 
33 
8 
1 
27 
29 
25 
30 
2 
0 
62 
45 
4 
9 
1 
21 
16 
6 
2 
0 
13 
1 
17 
20 
39 
55 
0 
29 
32 
52 
2 
42 
50 
1 
44 
58 
45 
14 
41 
26 
31 
0 
46 
22 
1 
49 
2 
33 
55 
0 
29 
61 
59 
11 
1 
35 
44 
2 
37 
0 
15 
6 
1 
8 
17 
32 
2 
11 
0 
12 
40 
1 
52 
55 
48 
62 
23 
3 
0 
2 
35 
5 
25 
1 
0 
52 
2 
45 
46 
12 
1 
29 
20 
11 
30 
13 
0 
40 
42 
16 
1 
22 
2 
0 
62 
15 
50 
61 
1 
3 
11 
12 
60 
0 
2 
25 
59 
1 
52 
23 
21 
29 
0 
32 
8 
51 
2 
48 
1 
6 
45 
24 
61 
33 
0 
42 
11 
52 
2 
46 
22 
39 
4 
0 
1 
59 
29 
62 
6 
16 
20 
0 
2 
52 
3 
1 
15 
46 
