62 
1244 
1226 
290 
835 
410 
869 
1108 
1091 
496 
1116 
573 
227 
1191 
1113 
1111 
644 
698 
472 
124 
1004 
556 
970 
602 
175 
332 
1206 
1144 
384 
1047 
741 
533 
851 
30 
932 
340 
992 
213 
1177 
688 
582 
572 
109 
889 
458 
96 
412 
782 
53 
995 
195 
1087 
1229 
670 
909 
1110 
1101 
960 
451 
1038 
1251 
725 
962 
683 
457 
131 
1080 
823 
427 
22 
935 
1099 
922 
1106 
1225 
186 
40 
1037 
76 
381 
278 
253 
896 
811 
405 
95 
147 
140 
510 
512 
88 
966 
429 
690 
1159 
1228 
687 
557 
634 
989 
477 
434 
664 
583 
1117 
799 
844 
156 
373 
699 
537 
433 
1019 
244 
925 
200 
291 
998 
447 
531 
1021 
1111 
759 
655 
977 
776 
191 
580 
1165 
325 
1083 
152 
404 
192 
1131 
1193 
229 
1186 
90 
1064 
1227 
59 
322 
32 
599 
528 
675 
1022 
394 
753 
1059 
714 
1025 
390 
569 
1124 
323 
347 
281 
589 
794 
661 
198 
1081 
201 
615 
967 
707 
1045 
692 
1055 
353 
105 
98 
532 
1224 
931 
190 
954 
957 
1183 
374 
551 
840 
248 
567 
45 
841 
1038 
484 
775 
438 
839 
1014 
65 
691 
860 
505 
871 
1188 
196 
288 
380 
1216 
750 
1084 
680 
1042 
1253 
600 
609 
613 
89 
1044 
803 
300 
354 
70 
1148 
966 
439 
974 
214 
447 
947 
34 
315 
228 
375 
817 
500 
719 
904 
835 
857 
164 
339 
654 
917 
962 
284 
658 
282 
576 
290 
573 
578 
254 
681 
1080 
1035 
724 
186 
1145 
1000 
879 
642 
777 
727 
677 
605 
330 
1217 
778 
106 
361 
145 
608 
373 
490 
908 
905 
664 
366 
871 
466 
524 
670 
920 
1094 
1119 
973 
310 
588 
779 
583 
33 
1177 
309 
1041 
1040 
1146 
902 
241 
624 
1162 
1133 
307 
814 
478 
115 
819 
251 
107 
856 
322 
495 
1135 
603 
82 
1081 
1204 
834 
293 
459 
671 
1175 
402 
686 
508 
610 
862 
1228 
971 
176 
948 
143 
1170 
1109 
78 
1257 
981 
380 
479 
757 
405 
968 
416 
965 
912 
88 
1223 
647 
949 
461 
593 
649 
185 
793 
1143 
1055 
399 
259 
628 
679 
920 
1016 
1251 
196 
1178 
1124 
265 
995 
690 
172 
516 
280 
1209 
125 
901 
392 
415 
578 
573 
1061 
1229 
837 
895 
896 
323 
214 
1184 
1049 
1179 
509 
232 
570 
674 
473 
1032 
799 
720 
1068 
490 
281 
580 
876 
25 
1087 
480 
148 
1135 
47 
215 
841 
456 
341 
522 
700 
439 
407 
304 
301 
615 
1033 
772 
665 
1119 
191 
521 
119 
585 
436 
564 
1255 
17 
195 
705 
176 
121 
313 
290 
832 
45 
73 
404 
758 
53 
555 
812 
687 
518 
178 
501 
155 
263 
144 
463 
131 
346 
539 
652 
823 
30 
703 
228 
1106 
109 
992 
1145 
186 
783 
1258 
83 
372 
373 
679 
809 
265 
1076 
943 
800 
972 
619 
359 
696 
795 
1243 
1023 
1202 
279 
310 
778 
361 
704 
238 
183 
137 
1043 
1227 
1149 
1146 
71 
143 
400 
789 
808 
926 
366 
912 
565 
899 
268 
377 
1010 
201 
69 
41 
598 
410 
1222 
714 
853 
363 
670 
412 
1045 
120 
550 
402 
1128 
692 
888 
1035 
191 
188 
428 
654 
752 
134 
834 
613 
290 
1160 
199 
184 
767 
921 
1026 
98 
896 
723 
1118 
85 
552 
414 
464 
858 
803 
1247 
253 
710 
749 
607 
642 
684 
436 
688 
578 
527 
1205 
381 
1094 
140 
84 
566 
245 
222 
960 
1142 
1221 
232 
467 
617 
23 
1218 
305 
1228 
1249 
593 
185 
138 
1206 
67 
76 
676 
58 
869 
817 
1238 
214 
522 
1158 
176 
244 
1241 
1064 
797 
603 
156 
1058 
1143 
405 
843 
515 
866 
605 
209 
965 
204 
512 
821 
25 
1060 
1159 
434 
399 
697 
55 
215 
357 
4 
890 
932 
972 
1229 
303 
779 
501 
68 
90 
400 
741 
352 
683 
759 
1254 
88 
953 
652 
1048 
1234 
1082 
423 
609 
778 
1255 
839 
411 
713 
1121 
510 
227 
1251 
771 
131 
362 
994 
935 
113 
942 
1014 
686 
228 
403 
1162 
430 
389 
519 
1188 
426 
278 
1019 
1261 
1118 
1250 
528 
552 
557 
1249 
847 
788 
310 
42 
912 
76 
323 
13 
902 
1091 
982 
1109 
918 
763 
933 
93 
483 
402 
1017 
370 
753 
1003 
164 
608 
1013 
1134 
1057 
245 
136 
313 
1140 
54 
947 
339 
254 
484 
394 
598 
639 
573 
253 
1044 
778 
532 
80 
401 
1124 
1185 
823 
283 
679 
791 
917 
848 
90 
1216 
1080 
723 
562 
596 
670 
570 
789 
968 
794 
469 
1179 
750 
363 
2 
510 
1131 
64 
826 
332 
1219 
148 
990 
954 
260 
319 
333 
825 
938 
1241 
758 
757 
147 
731 
948 
829 
542 
473 
174 
327 
139 
921 
441 
403 
323 
646 
925 
895 
1119 
700 
256 
986 
800 
671 
410 
89 
372 
1247 
259 
1049 
603 
318 
531 
1154 
940 
66 
872 
842 
1066 
1127 
354 
1261 
844 
1048 
34 
141 
703 
263 
514 
1222 
1034 
286 
605 
345 
609 
449 
101 
201 
686 
652 
166 
947 
1043 
482 
961 
1204 
653 
1144 
854 
633 
770 
1056 
875 
852 
339 
439 
616 
1167 
290 
729 
945 
1032 
88 
319 
666 
1033 
97 
954 
1213 
1061 
284 
687 
589 
109 
745 
291 
601 
981 
942 
1197 
628 
377 
25 
351 
1242 
813 
191 
1169 
619 
91 
380 
390 
310 
673 
178 
372 
1059 
966 
300 
510 
1142 
1187 
805 
911 
274 
889 
802 
1124 
315 
928 
87 
341 
1120 
408 
1015 
1162 
531 
278 
522 
1050 
198 
478 
33 
447 
665 
621 
13 
412 
554 
647 
423 
920 
415 
499 
1155 
83 
1251 
1087 
224 
1257 
176 
827 
1259 
593 
428 
558 
738 
789 
562 
729 
275 
817 
581 
1005 
128 
524 
797 
1216 
1148 
1179 
239 
646 
142 
737 
711 
454 
1046 
1258 
389 
185 
850 
400 
1139 
371 
725 
683 
402 
1185 
381 
518 
530 
826 
618 
1136 
1237 
905 
74 
758 
706 
1228 
874 
840 
408 
685 
942 
753 
503 
452 
1261 
918 
1225 
45 
970 
1254 
374 
1019 
79 
730 
673 
139 
687 
727 
497 
1246 
839 
1037 
318 
996 
770 
186 
410 
1094 
357 
1204 
342 
359 
164 
1189 
395 
759 
927 
394 
637 
1235 
291 
640 
66 
64 
124 
184 
222 
351 
1124 
833 
948 
438 
624 
726 
757 
302 
704 
294 
82 
1048 
557 
893 
380 
1162 
1145 
209 
40 
172 
908 
1206 
747 
76 
1111 
814 
215 
207 
741 
830 
670 
553 
583 
1201 
816 
8 
512 
49 
73 
59 
588 
665 
902 
204 
316 
1045 
832 
35 
806 
169 
260 
866 
1047 
841 
1093 
1233 
971 
15 
231 
935 
1000 
250 
120 
478 
327 
424 
970 
500 
337 
910 
221 
487 
991 
1178 
697 
1103 
33 
884 
1255 
56 
562 
469 
290 
1034 
1238 
1097 
452 
1123 
253 
964 
256 
402 
759 
1004 
278 
11 
835 
408 
875 
897 
718 
824 
462 
522 
1154 
984 
1048 
581 
714 
1148 
702 
289 
1046 
353 
1235 
13 
152 
121 
580 
1222 
131 
440 
397 
849 
185 
65 
1029 
373 
514 
1059 
675 
1214 
263 
671 
447 
461 
243 
322 
435 
840 
1005 
22 
229 
1099 
922 
1208 
324 
880 
200 
1216 
228 
1228 
525 
258 
396 
1071 
611 
222 
362 
144 
1052 
940 
575 
390 
268 
76 
466 
731 
753 
782 
503 
962 
660 
1144 
623 
1139 
426 
226 
721 
302 
10 
457 
1021 
85 
809 
125 
23 
375 
4 
884 
911 
143 
902 
1180 
230 
704 
181 
632 
1037 
932 
823 
568 
599 
811 
741 
688 
542 
857 
303 
510 
155 
224 
594 
558 
956 
1050 
1246 
600 
757 
713 
33 
309 
438 
1094 
996 
544 
1258 
499 
470 
985 
665 
422 
927 
107 
50 
28 
139 
328 
1171 
506 
1065 
1183 
964 
1022 
923 
480 
1143 
92 
68 
887 
205 
149 
402 
1090 
1241 
278 
370 
966 
1055 
616 
1164 
528 
504 
939 
1045 
1039 
297 
550 
208 
329 
618 
642 
570 
1172 
301 
868 
787 
1048 
890 
584 
53 
660 
702 
199 
277 
831 
200 
394 
772 
574 
556 
115 
30 
621 
791 
372 
144 
1049 
317 
340 
1201 
979 
500 
548 
1259 
1216 
789 
456 
1078 
243 
742 
695 
753 
948 
609 
201 
620 
780 
132 
857 
262 
352 
492 
395 
27 
1043 
737 
365 
816 
886 
64 
147 
986 
384 
555 
138 
293 
406 
908 
1061 
679 
497 
1139 
1082 
652 
45 
234 
128 
1185 
532 
977 
284 
453 
487 
423 
1116 
583 
766 
351 
763 
389 
694 
88 
757 
984 
526 
232 
1168 
595 
1179 
20 
442 
654 
400 
111 
283 
1261 
875 
76 
1124 
692 
236 
912 
403 
639 
222 
1161 
896 
207 
463 
347 
566 
834 
942 
1175 
449 
932 
214 
125 
396 
670 
756 
667 
401 
428 
927 
343 
192 
23 
991 
196 
930 
836 
402 
116 
584 
1174 
1143 
1167 
1015 
604 
1088 
1148 
1048 
705 
1091 
455 
399 
897 
677 
1059 
592 
708 
33 
894 
477 
700 
731 
833 
1172 
308 
441 
544 
408 
564 
261 
827 
279 
1228 
142 
30 
1102 
995 
107 
337 
961 
1050 
191 
1259 
1117 
1111 
245 
851 
1135 
119 
464 
180 
342 
729 
1014 
947 
301 
829 
622 
491 
278 
90 
58 
164 
229 
269 
144 
902 
804 
747 
681 
6 
815 
956 
416 
1012 
626 
873 
684 
1077 
880 
666 
1040 
340 
465 
1084 
339 
404 
389 
1100 
1118 
1092 
1061 
704 
117 
243 
294 
1179 
469 
479 
573 
467 
1018 
1174 
914 
713 
652 
95 
711 
1255 
1206 
122 
396 
323 
920 
846 
400 
242 
134 
1201 
352 
519 
720 
730 
576 
563 
1254 
135 
631 
578 
785 
665 
637 
412 
1154 
1170 
264 
969 
1261 
147 
935 
455 
577 
1187 
1022 
136 
877 
607 
337 
1096 
330 
367 
156 
110 
22 
642 
522 
454 
1009 
446 
411 
50 
1212 
1108 
683 
726 
558 
438 
1003 
402 
855 
943 
1116 
165 
902 
895 
696 
458 
430 
770 
1249 
778 
439 
1121 
1000 
741 
659 
515 
121 
872 
3 
1217 
839 
228 
562 
912 
1247 
799 
709 
1024 
979 
1102 
1159 
518 
410 
739 
828 
477 
1091 
971 
1054 
604 
529 
938 
607 
1165 
710 
690 
956 
583 
1117 
893 
1100 
289 
713 
432 
1200 
1143 
691 
1179 
303 
517 
262 
250 
1228 
1193 
818 
344 
461 
464 
42 
60 
1108 
488 
963 
1174 
999 
759 
136 
214 
534 
1052 
84 
726 
603 
817 
665 
1258 
23 
937 
1055 
1132 
96 
597 
368 
933 
1060 
1088 
1137 
362 
1027 
609 
261 
54 
862 
1008 
1057 
496 
269 
431 
375 
405 
19 
522 
309 
241 
30 
90 
291 
557 
259 
612 
1003 
98 
890 
1038 
424 
510 
425 
312 
1167 
85 
515 
1018 
791 
616 
1131 
1225 
920 
1058 
982 
715 
758 
637 
373 
1 
28 
861 
416 
789 
837 
757 
1206 
236 
1050 
1179 
672 
880 
214 
351 
130 
717 
553 
323 
477 
967 
1229 
599 
137 
187 
973 
1107 
450 
578 
593 
1139 
833 
25 
804 
1216 
8 
840 
251 
363 
1241 
350 
1164 
922 
255 
281 
116 
115 
87 
813 
1221 
1019 
297 
669 
200 
320 
1251 
216 
92 
245 
408 
174 
1249 
679 
519 
927 
340 
403 
1207 
486 
512 
738 
209 
552 
875 
347 
228 
278 
798 
1232 
463 
45 
1162 
400 
600 
1047 
1077 
155 
1030 
120 
231 
520 
697 
739 
1012 
490 
1198 
1242 
636 
1093 
371 
930 
641 
565 
1060 
659 
1120 
797 
265 
326 
131 
852 
136 
352 
1227 
948 
476 
158 
78 
914 
579 
686 
714 
1145 
1208 
1076 
381 
1226 
538 
661 
708 
68 
420 
142 
595 
799 
532 
1259 
337 
977 
312 
1106 
842 
1048 
328 
138 
373 
966 
1015 
50 
458 
1044 
161 
847 
1122 
91 
839 
404 
969 
35 
54 
1225 
110 
899 
43 
682 
642 
935 
1201 
618 
235 
285 
665 
1130 
81 
1078 
510 
87 
856 
447 
388 
713 
984 
239 
906 
655 
515 
725 
1134 
591 
1156 
392 
607 
727 
923 
1144 
377 
96 
133 
366 
207 
654 
1260 
1166 
3 
694 
1032 
1123 
323 
884 
408 
562 
1024 
892 
1118 
1164 
1127 
1019 
722 
731 
673 
550 
1022 
750 
559 
412 
178 
522 
1191 
692 
1179 
278 
748 
456 
24 
440 
1098 
648 
528 
1006 
1108 
891 
789 
357 
143 
1049 
149 
309 
303 
638 
424 
488 
497 
411 
1157 
88 
310 
573 
1066 
164 
578 
1045 
902 
339 
85 
849 
206 
940 
724 
425 
313 
1249 
253 
112 
165 
257 
361 
255 
834 
1173 
49 
589 
401 
1087 
1020 
818 
1216 
402 
42 
545 
1122 
289 
677 
788 
260 
508 
1164 
819 
291 
15 
905 
179 
376 
1081 
94 
92 
670 
946 
477 
117 
193 
1174 
1048 
1063 
942 
222 
17 
546 
1015 
1090 
1132 
775 
176 
961 
134 
1076 
371 
618 
251 
684 
877 
1206 
485 
656 
854 
570 
234 
843 
611 
1131 
771 
419 
510 
231 
190 
455 
280 
88 
1228 
187 
24 
1121 
908 
110 
713 
389 
955 
1116 
516 
373 
974 
1030 
902 
1070 
300 
636 
416 
1227 
469 
1061 
813 
603 
938 
28 
659 
801 
1179 
435 
1245 
229 
990 
932 
1120 
332 
168 
345 
341 
1229 
707 
826 
3 
233 
140 
380 
322 
76 
833 
125 
609 
220 
717 
683 
607 
789 
647 
536 
353 
894 
276 
639 
1194 
310 
1165 
423 
1100 
896 
241 
1075 
1178 
984 
1065 
163 
43 
436 
266 
185 
432 
756 
702 
361 
695 
735 
1187 
112 
1088 
107 
1003 
1252 
260 
324 
369 
624 
664 
1222 
829 
484 
916 
806 
150 
1060 
259 
87 
309 
1135 
522 
583 
642 
103 
375 
388 
668 
492 
1170 
552 
892 
728 
1189 
1179 
1162 
263 
525 
908 
596 
877 
278 
147 
151 
948 
32 
626 
399 
1064 
148 
381 
1171 
684 
1045 
921 
681 
947 
597 
378 
200 
678 
273 
190 
255 
373 
752 
207 
161 
295 
86 
863 
567 
1077 
514 
323 
146 
434 
1165 
1157 
459 
531 
665 
50 
186 
1108 
189 
673 
1024 
411 
1187 
1227 
340 
654 
137 
1143 
640 
834 
528 
1097 
1129 
1046 
192 
366 
747 
902 
408 
439 
120 
1087 
355 
671 
647 
783 
487 
1247 
76 
237 
1048 
739 
14 
105 
817 
585 
1080 
1065 
310 
369 
1101 
1121 
358 
861 
1037 
38 
522 
820 
312 
131 
1255 
29 
376 
159 
746 
525 
823 
518 
113 
789 
396 
513 
510 
723 
1206 
208 
972 
36 
233 
32 
916 
989 
1091 
731 
142 
260 
268 
1025 
802 
423 
703 
276 
809 
866 
603 
44 
87 
733 
1055 
1008 
598 
948 
515 
1164 
907 
1068 
706 
917 
88 
1099 
1069 
1044 
415 
656 
538 
682 
1242 
301 
321 
285 
1124 
610 
479 
426 
724 
213 
1096 
791 
879 
195 
595 
631 
366 
906 
1200 
469 
360 
904 
670 
245 
921 
1094 
1146 
127 
727 
232 
1253 
421 
1144 
1071 
90 
1169 
674 
273 
766 
618 
288 
998 
48 
164 
935 
304 
472 
147 
1153 
863 
143 
25 
578 
884 
185 
76 
201 
1038 
647 
959 
718 
1228 
912 
223 
325 
356 
739 
1128 
1222 
339 
359 
24 
142 
913 
1045 
1087 
679 
757 
835 
256 
102 
650 
543 
1255 
817 
556 
473 
882 
558 
856 
16 
49 
669 
135 
371 
519 
317 
117 
789 
34 
488 
1060 
1102 
12 
98 
1018 
328 
244 
699 
400 
1003 
1125 
361 
43 
357 
1016 
922 
58 
832 
45 
323 
756 
203 
229 
861 
467 
1126 
567 
1120 
810 
56 
183 
291 
32 
258 
1108 
512 
934 
222 
523 
735 
961 
75 
671 
860 
35 
1185 
883 
908 
320 
225 
759 
778 
797 
60 
148 
1136 
264 
902 
554 
782 
990 
1138 
878 
1210 
1231 
1206 
1027 
871 
1084 
424 
579 
324 
552 
397 
607 
1037 
278 
791 
1201 
61 
927 
1035 
287 
604 
656 
702 
688 
995 
275 
834 
1124 
369 
76 
1118 
73 
201 
890 
252 
136 
35 
1178 
407 
411 
57 
660 
283 
595 
323 
1145 
402 
172 
182 
272 
1049 
965 
1167 
366 
242 
711 
138 
1107 
839 
254 
454 
1203 
64 
772 
896 
310 
1226 
65 
238 
209 
229 
30 
841 
615 
683 
230 
557 
792 
263 
354 
938 
1144 
334 
513 
1014 
699 
992 
15 
89 
690 
100 
654 
378 
583 
516 
647 
169 
192 
603 
510 
164 
1162 
180 
60 
1248 
1234 
751 
568 
353 
852 
600 
795 
355 
24 
331 
54 
412 
233 
98 
460 
1007 
883 
599 
259 
373 
1116 
619 
487 
291 
13 
88 
536 
960 
1228 
147 
565 
967 
384 
179 
640 
480 
1049 
82 
92 
44 
1185 
804 
1068 
1260 
1143 
1108 
90 
1123 
724 
140 
793 
811 
656 
387 
447 
50 
1197 
501 
832 
1231 
145 
1137 
1195 
1034 
207 
186 
1098 
247 
1045 
1225 
243 
799 
484 
936 
263 
461 
1165 
515 
505 
996 
197 
106 
849 
76 
679 
684 
612 
131 
740 
767 
843 
1082 
1218 
1161 
551 
1223 
428 
571 
1047 
728 
1078 
964 
577 
1138 
1247 
146 
262 
842 
519 
803 
800 
670 
757 
787 
245 
578 
682 
303 
652 
961 
489 
591 
217 
34 
124 
16 
556 
289 
994 
297 
870 
227 
148 
465 
209 
805 
549 
115 
823 
1133 
196 
791 
321 
607 
923 
827 
586 
713 
1171 
311 
677 
1228 
927 
15 
64 
862 
1024 
1143 
903 
323 
357 
42 
259 
1245 
1185 
669 
638 
778 
949 
821 
10 
615 
1193 
318 
987 
412 
802 
856 
982 
1208 
455 
1010 
400 
998 
208 
1011 
668 
662 
984 
87 
398 
1013 
414 
329 
691 
375 
298 
939 
978 
1044 
114 
1240 
224 
143 
435 
59 
752 
307 
200 
1090 
902 
366 
313 
1219 
58 
705 
151 
1061 
637 
1076 
805 
935 
852 
139 
801 
183 
472 
299 
450 
681 
34 
1045 
334 
616 
988 
991 
291 
1151 
675 
938 
1145 
944 
96 
32 
642 
254 
473 
930 
654 
578 
1134 
1232 
62 
1077 
936 
14 
76 
966 
1194 
380 
438 
614 
929 
842 
981 
583 
348 
1032 
136 
460 
747 
1247 
346 
172 
1258 
459 
921 
795 
245 
758 
1126 
207 
458 
665 
906 
824 
1226 
825 
1028 
569 
176 
518 
895 
15 
147 
979 
832 
1198 
251 
576 
868 
947 
656 
194 
1066 
890 
1124 
146 
866 
670 
1038 
214 
322 
1231 
1154 
1011 
1142 
93 
1200 
415 
1068 
400 
953 
90 
184 
778 
262 
402 
171 
454 
1051 
686 
464 
1135 
934 
466 
1139 
200 
1056 
98 
465 
1048 
1155 
209 
568 
1079 
1067 
1210 
991 
226 
186 
956 
358 
912 
782 
1132 
845 
283 
241 
833 
575 
1122 
32 
1003 
112 
1114 
148 
1053 
327 
1 
1150 
438 
804 
937 
29 
1081 
17 
776 
603 
405 
690 
490 
790 
522 
48 
342 
789 
182 
212 
1187 
717 
428 
204 
725 
240 
738 
526 
1061 
1203 
1144 
1072 
494 
977 
935 
700 
1226 
229 
340 
1065 
71 
421 
752 
962 
1044 
1055 
1246 
329 
1183 
562 
520 
514 
1148 
512 
584 
797 
195 
1002 
321 
668 
351 
755 
1078 
1116 
487 
425 
588 
773 
719 
813 
480 
1258 
282 
503 
763 
284 
380 
266 
322 
963 
509 
498 
614 
447 
1157 
4 
156 
795 
53 
1066 
46 
758 
961 
488 
1180 
461 
955 
120 
908 
1037 
73 
397 
733 
781 
684 
1221 
366 
442 
456 
191 
259 
519 
777 
1020 
265 
1222 
905 
1217 
375 
948 
1053 
237 
1210 
268 
496 
1048 
921 
853 
1234 
117 
24 
559 
1106 
145 
413 
999 
254 
822 
217 
1230 
136 
639 
176 
223 
151 
714 
1107 
1228 
1046 
744 
400 
823 
835 
528 
896 
1068 
453 
1169 
1250 
842 
501 
652 
87 
271 
1233 
962 
1170 
799 
317 
199 
303 
805 
828 
291 
408 
815 
34 
670 
219 
897 
806 
284 
947 
382 
763 
1181 
281 
495 
1059 
164 
781 
310 
1024 
428 
1004 
508 
816 
177 
576 
529 
131 
619 
1019 
29 
1095 
258 
244 
429 
1064 
1091 
98 
789 
1189 
263 
1075 
1089 
1134 
58 
403 
15 
918 
1087 
902 
680 
250 
1225 
10 
113 
695 
243 
1161 
20 
823 
82 
964 
809 
301 
966 
532 
309 
76 
991 
225 
912 
525 
907 
242 
1148 
478 
856 
452 
935 
641 
1228 
804 
518 
1022 
1121 
376 
88 
849 
1077 
880 
402 
923 
373 
568 
1220 
937 
939 
1182 
567 
975 
519 
791 
833 
217 
1164 
1217 
522 
412 
62 
1192 
1174 
42 
974 
698 
802 
332 
1156 
842 
324 
709 
758 
471 
121 
662 
90 
1221 
45 
817 
626 
1050 
962 
798 
214 
342 
553 
1208 
815 
226 
1108 
1202 
288 
566 
816 
692 
783 
902 
1044 
904 
310 
795 
1197 
278 
194 
231 
840 
873 
75 
147 
209 
838 
1076 
924 
89 
1215 
139 
357 
132 
162 
854 
186 
528 
583 
25 
268 
621 
932 
731 
413 
714 
1124 
1008 
32 
487 
425 
777 
1240 
670 
451 
1068 
1055 
350 
757 
978 
189 
1090 
233 
1082 
1070 
1085 
1087 
402 
677 
253 
457 
940 
109 
703 
143 
455 
373 
1053 
241 
992 
1167 
640 
728 
702 
647 
515 
1171 
1089 
476 
689 
557 
780 
804 
831 
911 
619 
729 
1254 
264 
44 
576 
775 
366 
888 
397 
1130 
452 
588 
665 
37 
478 
871 
339 
47 
616 
923 
260 
631 
738 
673 
937 
1212 
369 
1194 
1235 
490 
642 
574 
1219 
68 
661 
688 
220 
822 
946 
746 
333 
1113 
597 
76 
512 
690 
251 
35 
589 
267 
263 
322 
798 
440 
758 
1037 
789 
7 
591 
1162 
1246 
340 
426 
514 
1 
707 
917 
348 
411 
183 
909 
880 
750 
496 
1185 
54 
1234 
945 
347 
1197 
740 
209 
621 
245 
194 
1103 
147 
567 
140 
114 
498 
846 
428 
918 
236 
902 
1100 
221 
1243 
1063 
5 
770 
394 
813 
373 
1174 
308 
556 
1153 
1215 
1012 
46 
146 
171 
553 
947 
1217 
908 
721 
762 
0 
554 
833 
1200 
399 
1171 
955 
65 
456 
835 
505 
670 
823 
312 
1048 
238 
260 
314 
303 
109 
677 
948 
201 
775 
229 
921 
340 
680 
665 
717 
647 
578 
380 
92 
1201 
1044 
924 
154 
178 
525 
753 
1161 
831 
522 
412 
488 
550 
1034 
337 
713 
463 
671 
1112 
295 
1020 
700 
1255 
1228 
1004 
1060 
600 
55 
372 
537 
588 
88 
927 
1189 
838 
384 
686 
1142 
842 
1235 
144 
528 
1159 
402 
962 
1050 
1170 
271 
262 
365 
1179 
255 
265 
353 
1259 
196 
538 
589 
114 
896 
763 
510 
447 
366 
1048 
930 
385 
87 
529 
939 
1117 
403 
935 
381 
411 
449 
856 
932 
1222 
607 
943 
940 
605 
1041 
954 
442 
772 
1194 
1216 
1043 
740 
971 
373 
502 
1061 
1010 
1180 
776 
147 
1110 
948 
499 
139 
245 
995 
438 
819 
33 
1227 
496 
63 
458 
1102 
928 
1032 
327 
646 
724 
145 
212 
937 
1200 
949 
947 
164 
823 
168 
302 
535 
105 
827 
1233 
1106 
1124 
904 
797 
294 
77 
811 
1175 
681 
75 
356 
182 
911 
718 
1129 
795 
29 
584 
24 
174 
248 
1104 
284 
933 
132 
849 
977 
594 
1224 
311 
1078 
106 
220 
178 
750 
1195 
429 
1005 
1142 
753 
980 
461 
125 
310 
373 
522 
384 
567 
639 
463 
401 
528 
1098 
189 
1185 
1013 
670 
369 
323 
481 
347 
435 
1131 
367 
289 
1095 
668 
914 
979 
1261 
1060 
162 
600 
643 
1029 
790 
646 
614 
789 
1216 
902 
553 
1226 
169 
166 
1112 
982 
1127 
32 
1069 
37 
576 
1063 
861 
422 
1179 
278 
823 
308 
1250 
143 
596 
1194 
399 
672 
404 
758 
562 
611 
1101 
852 
362 
13 
400 
203 
838 
908 
1170 
935 
871 
229 
183 
467 
618 
1208 
58 
177 
735 
781 
431 
1091 
656 
892 
447 
1019 
1225 
707 
528 
745 
694 
923 
762 
828 
363 
579 
532 
912 
1106 
299 
190 
726 
557 
148 
418 
603 
625 
108 
593 
1080 
638 
82 
615 
120 
1174 
719 
1172 
1081 
214 
281 
472 
415 
257 
779 
1235 
480 
731 
152 
226 
628 
563 
394 
621 
885 
90 
927 
1132 
332 
78 
476 
1072 
1022 
439 
252 
522 
773 
518 
209 
702 
22 
840 
821 
51 
221 
616 
1133 
384 
232 
897 
323 
410 
516 
948 
428 
200 
895 
264 
161 
550 
1096 
797 
1130 
946 
1073 
337 
1108 
1144 
647 
1023 
686 
583 
815 
401 
138 
244 
263 
371 
662 
884 
517 
398 
13 
553 
1043 
1056 
191 
763 
84 
620 
921 
293 
434 
24 
871 
1167 
874 
416 
134 
1033 
849 
33 
393 
390 
942 
254 
76 
1195 
708 
402 
551 
1146 
35 
208 
537 
533 
322 
473 
933 
88 
1048 
279 
1158 
679 
735 
309 
465 
235 
979 
1182 
836 
562 
317 
1090 
798 
259 
991 
1171 
1068 
645 
143 
1216 
893 
615 
670 
619 
955 
1253 
327 
70 
760 
510 
1124 
764 
1123 
1063 
822 
112 
654 
71 
638 
289 
958 
783 
823 
206 
523 
391 
90 
690 
1206 
332 
623 
535 
738 
912 
120 
1185 
791 
82 
1041 
410 
610 
519 
438 
184 
129 
209 
647 
1008 
1247 
897 
802 
886 
905 
421 
1044 
1047 
354 
581 
407 
341 
840 
746 
273 
324 
834 
109 
328 
95 
291 
739 
399 
194 
564 
352 
1154 
915 
684 
659 
62 
135 
335 
748 
1118 
1132 
191 
384 
121 
170 
806 
891 
27 
356 
512 
668 
861 
89 
491 
476 
1081 
1102 
531 
630 
898 
674 
827 
879 
557 
450 
801 
390 
781 
81 
1003 
52 
389 
1120 
76 
714 
241 
579 
176 
17 
192 
1242 
856 
403 
447 
1026 
22 
143 
906 
442 
215 
702 
1203 
1241 
104 
841 
244 
1162 
171 
860 
836 
1179 
1130 
772 
45 
1133 
556 
902 
1201 
1137 
426 
743 
842 
636 
774 
795 
232 
1245 
1037 
1235 
961 
255 
1209 
691 
675 
537 
117 
927 
954 
1174 
1153 
25 
943 
567 
940 
654 
35 
1192 
1070 
834 
964 
908 
1126 
256 
570 
1247 
664 
147 
611 
184 
222 
700 
327 
318 
528 
277 
652 
303 
84 
151 
261 
98 
639 
245 
87 
347 
124 
676 
88 
912 
1104 
1044 
738 
928 
856 
497 
653 
598 
491 
902 
438 
328 
1009 
805 
877 
81 
1259 
405 
731 
904 
161 
400 
679 
673 
656 
114 
480 
683 
246 
209 
397 
758 
933 
1165 
189 
191 
110 
356 
938 
615 
1048 
786 
257 
1109 
182 
483 
1173 
404 
823 
196 
866 
715 
46 
359 
603 
718 
735 
1035 
814 
146 
529 
860 
588 
1045 
1020 
1258 
1100 
671 
832 
373 
677 
1025 
726 
348 
798 
1077 
1047 
789 
45 
1061 
1201 
876 
95 
937 
351 
1143 
1145 
989 
797 
210 
4 
29 
1056 
757 
681 
1139 
302 
1132 
704 
1029 
932 
121 
1256 
125 
134 
1090 
217 
407 
610 
652 
519 
87 
583 
945 
1158 
23 
1162 
894 
686 
1222 
432 
944 
977 
1011 
1144 
935 
835 
301 
1233 
531 
384 
617 
1198 
318 
303 
948 
982 
14 
1146 
670 
912 
800 
763 
981 
135 
636 
725 
13 
309 
436 
737 
1105 
186 
834 
305 
286 
57 
375 
131 
542 
575 
1187 
1124 
304 
773 
455 
860 
250 
218 
196 
192 
389 
585 
957 
578 
902 
771 
1235 
937 
1049 
759 
559 
964 
1100 
484 
682 
475 
464 
758 
1137 
1005 
616 
352 
316 
276 
183 
906 
346 
522 
604 
644 
330 
513 
123 
731 
783 
991 
511 
523 
1032 
1180 
1165 
321 
106 
643 
1171 
504 
1218 
932 
336 
1229 
31 
852 
81 
642 
197 
746 
254 
851 
821 
904 
815 
102 
53 
668 
587 
789 
890 
1044 
678 
956 
141 
439 
525 
563 
965 
1136 
986 
971 
1242 
92 
564 
130 
440 
1083 
112 
323 
686 
625 
583 
776 
1055 
263 
798 
275 
878 
834 
1132 
791 
943 
50 
208 
694 
962 
698 
59 
755 
1238 
594 
1008 
562 
524 
647 
231 
671 
1088 
138 
421 
584 
773 
1261 
1240 
339 
947 
1048 
344 
538 
36 
1153 
1013 
145 
10 
209 
490 
714 
1143 
1073 
98 
392 
639 
618 
948 
739 
886 
822 
927 
1218 
418 
921 
795 
103 
290 
1029 
1065 
823 
1239 
286 
402 
908 
913 
1016 
1124 
579 
1167 
617 
400 
351 
1082 
64 
431 
1004 
390 
480 
1201 
802 
503 
204 
1076 
720 
1241 
628 
915 
71 
1251 
329 
750 
535 
293 
1103 
415 
527 
601 
839 
961 
1183 
869 
244 
1025 
1235 
259 
884 
15 
665 
371 
1247 
422 
796 
1172 
1109 
374 
979 
687 
1056 
322 
745 
1085 
206 
136 
1090 
393 
759 
164 
615 
1228 
1108 
522 
788 
1036 
1070 
974 
88 
194 
309 
1122 
758 
925 
845 
207 
599 
1053 
677 
235 
83 
684 
375 
185 
1009 
1222 
532 
47 
636 
452 
995 
854 
765 
529 
53 
1170 
174 
647 
1179 
707 
142 
686 
1232 
835 
98 
937 
1215 
92 
201 
373 
1117 
1176 
992 
178 
797 
91 
789 
580 
894 
906 
638 
489 
519 
1038 
1106 
372 
1008 
969 
1061 
1258 
260 
890 
116 
833 
415 
200 
379 
525 
28 
993 
359 
347 
447 
283 
805 
191 
310 
832 
278 
477 
43 
682 
467 
527 
96 
499 
670 
473 
578 
445 
76 
862 
510 
652 
25 
338 
332 
654 
323 
131 
567 
688 
63 
319 
785 
515 
198 
186 
450 
135 
954 
856 
1109 
209 
680 
458 
402 
404 
619 
194 
400 
521 
123 
297 
840 
528 
32 
337 
255 
681 
1097 
1050 
664 
279 
642 
394 
479 
1087 
784 
800 
211 
342 
406 
222 
989 
1025 
423 
1057 
370 
496 
802 
1195 
110 
223 
146 
47 
68 
791 
62 
1259 
671 
713 
823 
846 
1217 
1015 
737 
616 
488 
532 
991 
937 
1098 
878 
1084 
1234 
537 
1016 
259 
82 
833 
478 
961 
512 
778 
278 
1124 
557 
951 
502 
88 
576 
813 
684 
1249 
238 
638 
1123 
254 
666 
469 
842 
1199 
967 
447 
909 
230 
56 
523 
747 
931 
1228 
1048 
1170 
208 
1034 
76 
403 
1176 
742 
662 
204 
1226 
525 
1139 
464 
861 
984 
1132 
201 
52 
1041 
176 
399 
520 
566 
888 
681 
1159 
507 
1239 
529 
877 
256 
910 
505 
902 
810 
536 
1109 
1037 
935 
304 
840 
567 
248 
1136 
269 
299 
1000 
696 
514 
1130 
140 
513 
646 
597 
937 
190 
207 
731 
519 
134 
263 
413 
54 
522 
404 
593 
654 
675 
344 
803 
32 
934 
366 
310 
954 
394 
687 
262 
313 
1140 
936 
1040 
151 
744 
985 
899 
1090 
78 
623 
551 
1039 
785 
673 
912 
361 
402 
164 
198 
795 
598 
1013 
823 
580 
779 
515 
166 
81 
83 
36 
177 
245 
255 
569 
183 
364 
714 
759 
439 
339 
1185 
1135 
1230 
533 
911 
200 
414 
504 
1258 
979 
118 
1044 
131 
189 
156 
835 
15 
1191 
562 
373 
634 
1010 
147 
783 
208 
1187 
278 
1098 
557 
259 
671 
410 
385 
775 
1022 
403 
957 
248 
845 
267 
91 
962 
463 
262 
86 
615 
32 
45 
76 
1154 
877 
246 
595 
401 
518 
145 
923 
550 
75 
1124 
643 
42 
1074 
137 
777 
163 
1165 
1183 
340 
283 
880 
727 
165 
363 
584 
942 
77 
552 
709 
1033 
329 
1103 
1180 
515 
1047 
826 
616 
789 
896 
424 
88 
510 
1000 
129 
838 
624 
755 
33 
658 
763 
392 
878 
70 
928 
931 
464 
1244 
360 
484 
319 
1081 
253 
73 
612 
703 
742 
927 
369 
524 
275 
1090 
1130 
677 
771 
893 
924 
837 
179 
23 
362 
488 
758 
917 
176 
814 
991 
128 
570 
533 
528 
747 
260 
940 
1002 
287 
1258 
557 
932 
254 
593 
622 
591 
286 
849 
895 
656 
525 
394 
432 
807 
733 
326 
507 
803 
438 
813 
201 
50 
243 
398 
1173 
80 
745 
310 
1233 
71 
585 
437 
902 
336 
936 
1066 
1157 
268 
901 
1259 
701 
13 
639 
664 
1235 
1091 
536 
1244 
304 
92 
566 
177 
840 
789 
779 
655 
1241 
827 
355 
88 
403 
123 
908 
663 
851 
409 
478 
487 
961 
1189 
68 
766 
712 
421 
834 
466 
580 
1216 
522 
323 
113 
128 
732 
196 
675 
795 
78 
129 
704 
1083 
234 
747 
1024 
776 
1255 
274 
652 
1247 
753 
521 
653 
101 
146 
914 
347 
729 
41 
377 
642 
1261 
511 
354 
939 
1171 
4 
671 
707 
532 
147 
1187 
1258 
1210 
430 
821 
1116 
192 
200 
912 
686 
616 
412 
540 
489 
1107 
178 
310 
798 
1228 
490 
1185 
1160 
533 
87 
233 
204 
578 
413 
269 
660 
1022 
72 
823 
400 
1052 
76 
1225 
145 
319 
1180 
1086 
567 
624 
731 
1089 
752 
308 
970 
935 
510 
550 
279 
985 
255 
1056 
443 
1170 
452 
461 
516 
825 
843 
163 
1005 
346 
699 
1076 
438 
365 
804 
1090 
871 
332 
1247 
402 
895 
688 
476 
456 
526 
980 
805 
398 
496 
932 
642 
23 
96 
647 
892 
35 
619 
979 
69 
1158 
442 
1100 
126 
1228 
525 
924 
609 
936 
190 
667 
781 
832 
1144 
593 
1060 
984 
1121 
324 
687 
972 
1204 
1091 
1233 
598 
791 
1191 
1045 
455 
977 
1110 
1174 
7 
34 
621 
235 
361 
485 
10 
982 
532 
684 
1038 
45 
852 
654 
340 
13 
773 
749 
962 
674 
381 
981 
882 
555 
620 
263 
844 
522 
572 
86 
564 
50 
527 
1179 
84 
567 
622 
339 
849 
3 
880 
605 
799 
4 
155 
1094 
369 
987 
278 
227 
1256 
1044 
350 
730 
856 
30 
1011 
411 
299 
1081 
151 
519 
798 
789 
1058 
587 
1232 
912 
55 
373 
528 
1197 
402 
747 
1004 
947 
1005 
516 
1048 
595 
71 
354 
77 
609 
755 
1014 
1229 
21 
1169 
439 
511 
208 
934 
1258 
256 
642 
326 
69 
794 
937 
348 
327 
131 
1136 
731 
228 
183 
695 
383 
254 
410 
262 
1167 
1089 
647 
1082 
1193 
619 
1186 
578 
1185 
845 
938 
295 
347 
289 
961 
665 
384 
502 
1033 
707 
1228 
76 
245 
531 
800 
813 
840 
515 
556 
738 
1257 
999 
1045 
424 
917 
176 
832 
621 
1032 
91 
126 
639 
1143 
590 
113 
380 
1209 
1030 
1246 
557 
209 
1034 
1235 
885 
1090 
461 
163 
1252 
694 
670 
581 
366 
1114 
142 
796 
909 
42 
684 
1238 
878 
102 
616 
1141 
200 
146 
992 
704 
397 
964 
1012 
308 
44 
333 
438 
745 
13 
36 
958 
789 
522 
294 
1050 
323 
264 
932 
1061 
774 
674 
353 
329 
939 
806 
910 
14 
439 
1124 
533 
1123 
1132 
241 
447 
429 
654 
757 
1130 
370 
445 
746 
687 
299 
1048 
73 
12 
70 
862 
60 
1158 
580 
926 
90 
937 
363 
201 
859 
414 
525 
528 
221 
776 
1093 
368 
710 
645 
229 
711 
986 
1041 
954 
235 
631 
892 
872 
59 
991 
130 
458 
738 
558 
1201 
586 
157 
332 
795 
665 
1171 
1221 
436 
840 
1235 
100 
65 
109 
324 
219 
1212 
178 
517 
1257 
123 
832 
890 
1172 
337 
344 
747 
516 
480 
122 
116 
209 
1167 
82 
148 
273 
66 
245 
961 
1222 
1185 
145 
214 
119 
1100 
161 
912 
147 
1120 
934 
346 
560 
602 
1252 
920 
6 
456 
1202 
1159 
464 
956 
52 
1104 
1191 
488 
502 
1112 
484 
1032 
667 
240 
927 
50 
712 
842 
310 
714 
786 
1045 
1174 
323 
1056 
708 
798 
1218 
644 
750 
259 
1061 
588 
173 
1033 
1096 
1186 
390 
1247 
74 
628 
1126 
308 
690 
612 
458 
199 
977 
1021 
570 
537 
972 
350 
687 
697 
1133 
389 
578 
598 
1255 
428 
1055 
492 
245 
648 
90 
848 
348 
576 
335 
1190 
58 
278 
515 
342 
435 
1066 
208 
382 
1203 
444 
1017 
222 
168 
878 
636 
813 
410 
1164 
201 
696 
1036 
567 
823 
564 
522 
771 
996 
345 
1196 
884 
159 
875 
1229 
880 
1173 
436 
52 
715 
747 
125 
254 
405 
499 
609 
13 
834 
39 
398 
832 
652 
391 
1198 
421 
47 
1134 
218 
562 
1076 
749 
407 
434 
840 
23 
753 
441 
431 
704 
347 
251 
252 
464 
373 
1099 
1124 
1145 
857 
931 
516 
449 
1 
514 
551 
1123 
606 
874 
154 
337 
195 
877 
1060 
459 
643 
281 
376 
1136 
1257 
99 
731 
948 
964 
247 
1139 
658 
432 
1104 
465 
143 
1189 
245 
817 
1193 
208 
118 
309 
839 
1117 
1259 
1100 
42 
552 
1074 
921 
1051 
278 
810 
616 
488 
1177 
1084 
568 
61 
564 
827 
574 
102 
171 
642 
937 
662 
124 
1005 
804 
659 
370 
410 
974 
896 
151 
138 
617 
1200 
732 
327 
691 
856 
789 
917 
757 
416 
445 
308 
90 
959 
558 
470 
1256 
458 
134 
256 
76 
1119 
187 
686 
1222 
469 
1050 
513 
806 
832 
1135 
48 
402 
609 
323 
749 
20 
758 
785 
310 
745 
895 
145 
224 
701 
403 
215 
373 
34 
912 
927 
1056 
241 
781 
739 
78 
294 
394 
570 
181 
817 
668 
554 
298 
142 
381 
598 
576 
557 
966 
580 
387 
816 
604 
896 
1210 
221 
955 
512 
884 
385 
332 
1226 
1150 
1202 
742 
608 
1260 
1096 
189 
498 
595 
534 
243 
1018 
1258 
1174 
247 
276 
340 
45 
1078 
1081 
1068 
435 
436 
1073 
539 
59 
1021 
789 
438 
528 
1159 
330 
823 
229 
1228 
131 
208 
323 
397 
699 
76 
267 
618 
1238 
974 
278 
720 
527 
714 
776 
1208 
161 
73 
1060 
934 
912 
151 
371 
1102 
1167 
683 
1189 
1192 
103 
535 
1180 
434 
1222 
840 
807 
987 
617 
414 
482 
962 
123 
372 
818 
242 
614 
1115 
432 
164 
705 
540 
917 
324 
410 
137 
83 
1000 
838 
428 
709 
68 
566 
924 
1003 
1143 
1179 
359 
461 
888 
621 
309 
1249 
961 
603 
688 
582 
588 
284 
948 
299 
644 
117 
668 
843 
405 
308 
427 
413 
960 
601 
234 
487 
690 
832 
332 
774 
107 
402 
932 
510 
665 
1140 
215 
906 
1108 
157 
60 
532 
269 
113 
80 
814 
1232 
1086 
456 
1045 
834 
1138 
340 
1118 
654 
176 
1194 
32 
981 
1150 
605 
351 
1187 
674 
842 
821 
451 
1102 
241 
358 
136 
984 
71 
141 
1090 
798 
1250 
140 
183 
274 
354 
465 
1128 
1258 
1170 
636 
382 
931 
908 
1214 
371 
523 
209 
736 
840 
542 
651 
1061 
1148 
259 
1169 
483 
670 
1106 
474 
795 
1171 
1145 
207 
998 
131 
450 
1178 
618 
1202 
895 
879 
940 
1235 
799 
789 
999 
827 
847 
877 
1215 
536 
369 
290 
837 
912 
396 
1091 
58 
991 
212 
615 
78 
517 
307 
286 
578 
916 
373 
499 
562 
585 
937 
149 
246 
857 
220 
310 
9 
797 
121 
1245 
1034 
902 
359 
278 
515 
478 
750 
263 
1050 
127 
1112 
227 
3 
601 
1065 
742 
201 
404 
223 
466 
397 
694 
340 
679 
603 
704 
46 
112 
485 
401 
1105 
309 
842 
372 
938 
484 
1097 
848 
1081 
15 
749 
211 
552 
399 
146 
60 
823 
1169 
1155 
713 
1046 
1118 
256 
428 
1056 
355 
378 
512 
228 
730 
595 
982 
787 
964 
683 
1040 
142 
489 
458 
1043 
579 
695 
435 
598 
226 
356 
1156 
68 
191 
302 
438 
317 
32 
159 
421 
206 
528 
551 
384 
940 
588 
488 
323 
1158 
1064 
621 
1162 
297 
902 
1004 
574 
745 
1259 
1231 
737 
116 
896 
913 
41 
865 
912 
286 
138 
53 
910 
45 
466 
856 
460 
281 
1109 
607 
788 
509 
739 
1174 
92 
783 
875 
613 
415 
736 
1248 
401 
634 
823 
50 
103 
580 
189 
511 
1151 
847 
705 
367 
241 
1207 
1020 
1247 
923 
789 
1250 
770 
1237 
86 
776 
805 
747 
962 
1106 
482 
1149 
1081 
76 
205 
459 
985 
991 
1089 
755 
1235 
448 
340 
88 
742 
19 
275 
1049 
453 
843 
87 
272 
192 
955 
979 
995 
112 
1014 
928 
1058 
352 
483 
719 
700 
1084 
967 
670 
159 
1144 
1228 
545 
403 
726 
554 
1123 
855 
965 
428 
1045 
1189 
538 
823 
593 
674 
927 
1246 
578 
47 
54 
264 
1000 
959 
934 
801 
1051 
566 
876 
695 
29 
332 
298 
209 
1024 
396 
151 
1227 
1047 
187 
140 
1146 
863 
1212 
1010 
1077 
690 
462 
787 
1122 
254 
678 
948 
816 
185 
1224 
256 
77 
827 
1124 
1233 
172 
509 
1174 
78 
710 
148 
618 
289 
902 
439 
557 
1109 
558 
789 
664 
1075 
82 
402 
758 
313 
283 
853 
1179 
1143 
603 
1037 
1030 
826 
551 
310 
502 
1121 
476 
821 
542 
373 
86 
366 
159 
118 
790 
609 
991 
174 
108 
522 
132 
722 
912 
796 
810 
88 
1112 
362 
908 
727 
410 
226 
569 
1094 
35 
527 
1247 
1032 
849 
458 
970 
1106 
1153 
605 
662 
432 
1046 
91 
25 
51 
308 
1158 
580 
583 
501 
536 
1081 
93 
121 
961 
1048 
352 
1258 
1014 
201 
272 
1050 
420 
547 
251 
229 
1210 
578 
302 
309 
173 
781 
189 
1163 
616 
1193 
147 
1078 
935 
936 
1040 
403 
421 
762 
218 
937 
24 
967 
974 
676 
312 
629 
438 
999 
1137 
639 
1037 
400 
1144 
980 
1117 
852 
964 
1218 
777 
1179 
752 
665 
1089 
953 
473 
643 
773 
747 
15 
256 
546 
466 
381 
1215 
1027 
857 
379 
923 
477 
1059 
440 
674 
1021 
179 
195 
725 
442 
1080 
1052 
1104 
1249 
768 
42 
656 
90 
1170 
992 
209 
380 
909 
954 
583 
1012 
109 
427 
738 
1216 
1158 
318 
192 
410 
1203 
13 
291 
176 
196 
908 
289 
1033 
229 
735 
56 
281 
50 
470 
276 
834 
152 
330 
1091 
736 
749 
986 
373 
567 
904 
341 
1010 
1073 
503 
554 
54 
76 
277 
374 
1232 
201 
690 
1011 
256 
131 
827 
586 
287 
148 
1005 
185 
405 
323 
1048 
446 
629 
69 
937 
973 
1229 
441 
647 
935 
183 
339 
186 
1167 
163 
593 
966 
805 
699 
476 
206 
310 
433 
787 
851 
371 
902 
1135 
224 
753 
921 
316 
426 
1258 
452 
577 
161 
880 
563 
707 
924 
1242 
875 
393 
208 
500 
1017 
1014 
945 
542 
1206 
492 
264 
400 
1251 
528 
19 
580 
552 
752 
928 
815 
160 
309 
369 
954 
200 
515 
91 
40 
590 
562 
1070 
368 
1261 
284 
191 
402 
1101 
133 
1003 
298 
866 
802 
1110 
828 
1180 
593 
917 
1153 
790 
523 
341 
171 
652 
512 
656 
109 
438 
719 
1012 
1107 
1044 
801 
966 
1157 
4 
194 
1102 
789 
135 
164 
488 
76 
487 
1069 
1225 
598 
947 
759 
557 
761 
381 
2 
232 
1058 
15 
1144 
1063 
890 
156 
228 
376 
436 
1172 
616 
937 
647 
748 
1219 
1179 
184 
1108 
38 
505 
1130 
221 
794 
1048 
394 
912 
1043 
690 
174 
168 
32 
154 
826 
310 
318 
126 
1253 
738 
13 
387 
522 
143 
805 
270 
339 
42 
942 
971 
88 
306 
353 
189 
1209 
147 
424 
303 
753 
926 
389 
600 
1210 
29 
245 
902 
401 
940 
1090 
483 
848 
935 
177 
1022 
670 
465 
423 
901 
795 
463 
482 
1187 
292 
843 
1038 
1249 
1180 
1238 
636 
201 
1149 
159 
584 
383 
323 
478 
1050 
208 
327 
857 
1044 
538 
498 
324 
617 
39 
47 
252 
340 
195 
583 
461 
852 
660 
1170 
840 
1154 
621 
954 
108 
1123 
1107 
797 
433 
558 
695 
50 
204 
749 
556 
727 
838 
1233 
458 
69 
765 
1117 
352 
654 
431 
714 
272 
1174 
827 
930 
1052 
971 
1024 
191 
193 
673 
559 
529 
683 
206 
36 
804 
974 
329 
741 
452 
958 
1068 
134 
76 
780 
1187 
801 
136 
1122 
137 
436 
135 
30 
89 
176 
928 
1206 
88 
535 
448 
675 
281 
738 
320 
927 
439 
809 
598 
841 
1171 
157 
931 
1258 
466 
9 
371 
578 
255 
1201 
197 
298 
412 
770 
15 
753 
1048 
813 
889 
580 
1056 
31 
616 
57 
269 
287 
534 
512 
231 
14 
606 
739 
791 
189 
1247 
164 
337 
1225 
364 
1035 
21 
124 
394 
113 
330 
190 
636 
82 
665 
795 
161 
410 
521 
663 
201 
676 
1092 
276 
1192 
421 
797 
277 
1193 
209 
936 
588 
1244 
1050 
658 
937 
378 
1106 
403 
567 
679 
752 
961 
471 
7 
1233 
1008 
537 
340 
1036 
339 
1251 
1189 
742 
897 
699 
443 
140 
1179 
613 
833 
38 
970 
527 
449 
955 
758 
408 
53 
501 
935 
519 
81 
565 
566 
255 
1045 
458 
1049 
1172 
525 
451 
1247 
468 
672 
1065 
353 
157 
783 
852 
1037 
1201 
701 
33 
1217 
670 
627 
1243 
39 
1122 
569 
309 
320 
370 
254 
373 
291 
1260 
1119 
1132 
138 
1174 
834 
568 
188 
227 
1175 
21 
355 
562 
593 
1160 
1143 
303 
538 
762 
113 
170 
517 
308 
34 
675 
642 
1214 
1225 
1086 
1194 
680 
1040 
999 
524 
228 
450 
463 
616 
1171 
48 
350 
1231 
329 
310 
1102 
795 
628 
719 
607 
944 
902 
476 
192 
467 
1055 
147 
498 
306 
851 
189 
1138 
826 
758 
588 
88 
557 
1255 
789 
823 
218 
268 
1016 
759 
1061 
1001 
914 
745 
264 
387 
422 
1048 
870 
578 
1165 
1187 
679 
723 
820 
537 
1240 
139 
1020 
541 
671 
906 
413 
1091 
991 
83 
937 
158 
209 
895 
931 
323 
809 
184 
432 
803 
443 
554 
1058 
365 
488 
303 
415 
462 
1193 
340 
677 
1003 
525 
739 
962 
570 
366 
259 
1004 
640 
643 
144 
785 
652 
1050 
260 
33 
330 
716 
1215 
164 
777 
872 
375 
22 
1167 
373 
396 
11 
60 
669 
170 
647 
530 
724 
771 
382 
1139 
691 
747 
1225 
1179 
1164 
372 
683 
862 
795 
1014 
967 
307 
1206 
865 
948 
433 
496 
1142 
965 
1233 
461 
1084 
844 
411 
1259 
981 
1106 
833 
14 
50 
725 
1228 
483 
278 
153 
608 
1099 
580 
524 
1214 
351 
1208 
333 
950 
947 
829 
36 
499 
130 
749 
100 
782 
199 
864 
434 
206 
507 
318 
671 
139 
557 
76 
763 
840 
791 
589 
1235 
1061 
103 
412 
1124 
253 
92 
682 
228 
1158 
414 
451 
1108 
245 
979 
354 
465 
808 
1093 
369 
702 
785 
720 
304 
1152 
88 
1153 
1239 
303 
959 
3 
645 
712 
1114 
146 
606 
852 
1102 
1187 
847 
560 
25 
846 
839 
178 
879 
567 
18 
308 
402 
232 
588 
937 
565 
1135 
301 
703 
1229 
254 
454 
324 
54 
569 
389 
536 
522 
1222 
1104 
1151 
381 
762 
362 
1113 
1154 
608 
566 
377 
467 
342 
651 
747 
1234 
510 
626 
482 
576 
355 
445 
1129 
313 
192 
1155 
877 
714 
724 
13 
532 
1146 
1179 
964 
1171 
312 
200 
1084 
1044 
1076 
656 
1140 
627 
145 
400 
393 
77 
1091 
1258 
7 
1137 
788 
1005 
514 
413 
480 
612 
147 
1176 
980 
1233 
820 
130 
67 
443 
683 
791 
1172 
150 
208 
988 
739 
658 
928 
382 
84 
1098 
652 
942 
1174 
263 
1016 
88 
157 
440 
943 
397 
1025 
214 
910 
34 
861 
578 
1246 
316 
433 
834 
520 
1108 
1219 
1193 
112 
868 
1180 
124 
1228 
912 
851 
314 
611 
948 
120 
506 
583 
175 
191 
1057 
845 
952 
1038 
424 
396 
516 
209 
519 
1087 
615 
932 
738 
285 
298 
347 
57 
444 
522 
1241 
1082 
797 
18 
638 
750 
1121 
299 
384 
1184 
1198 
1050 
1222 
201 
223 
1154 
281 
139 
881 
1206 
930 
1066 
773 
502 
823 
331 
1183 
847 
282 
562 
1187 
422 
1129 
557 
254 
1141 
310 
827 
472 
381 
584 
896 
748 
1134 
483 
659 
335 
268 
720 
138 
61 
822 
1143 
479 
866 
253 
951 
1124 
747 
278 
914 
112 
531 
380 
107 
341 
148 
927 
466 
22 
597 
537 
1120 
991 
51 
448 
484 
1142 
1108 
185 
624 
168 
433 
73 
654 
564 
706 
578 
1136 
421 
938 
351 
25 
611 
940 
146 
791 
313 
1073 
375 
164 
147 
1044 
1254 
71 
619 
405 
1032 
1217 
803 
945 
402 
835 
54 
767 
442 
309 
353 
1177 
512 
631 
763 
832 
365 
446 
390 
496 
758 
819 
316 
1090 
272 
738 
785 
109 
811 
1222 
956 
254 
210 
398 
435 
1133 
579 
708 
667 
347 
828 
357 
1130 
304 
609 
573 
408 
159 
1091 
703 
191 
3 
928 
1256 
957 
648 
407 
768 
551 
607 
841 
499 
190 
88 
290 
685 
854 
857 
522 
710 
18 
259 
348 
1027 
71 
883 
1028 
1251 
200 
626 
934 
180 
578 
1127 
724 
770 
679 
221 
311 
839 
585 
569 
602 
484 
818 
1225 
902 
1002 
340 
320 
1124 
1 
691 
1046 
177 
1037 
700 
958 
619 
394 
727 
534 
240 
1245 
60 
896 
404 
1094 
1252 
528 
702 
1071 
176 
1226 
1014 
241 
375 
1088 
654 
1033 
1036 
442 
1045 
861 
1234 
25 
1201 
611 
17 
1238 
1141 
873 
1107 
1211 
771 
1120 
690 
81 
323 
207 
92 
988 
411 
1250 
360 
641 
643 
1159 
1239 
1203 
961 
593 
917 
1222 
652 
395 
935 
1139 
656 
722 
916 
200 
1029 
781 
1198 
446 
1008 
88 
538 
683 
369 
281 
516 
408 
775 
1032 
843 
838 
1077 
244 
278 
380 
795 
119 
306 
1260 
1048 
113 
823 
1247 
669 
1255 
32 
820 
880 
1158 
309 
562 
577 
469 
268 
789 
799 
939 
1192 
133 
264 
480 
1034 
665 
430 
1248 
267 
109 
462 
70 
726 
755 
1096 
537 
1117 
1258 
29 
53 
310 
345 
828 
967 
105 
394 
901 
1259 
1235 
700 
9 
426 
747 
411 
713 
464 
176 
390 
522 
1102 
424 
928 
1023 
1045 
1148 
996 
204 
114 
956 
567 
351 
531 
760 
791 
1073 
628 
552 
100 
186 
468 
1121 
1124 
421 
1068 
412 
136 
95 
1000 
1087 
1252 
458 
819 
986 
683 
466 
1013 
78 
751 
1159 
131 
616 
813 
784 
1224 
201 
607 
25 
743 
129 
1187 
148 
164 
961 
805 
852 
576 
287 
842 
1195 
252 
316 
836 
403 
1118 
373 
640 
42 
1094 
1032 
1139 
1081 
293 
1232 
28 
767 
795 
520 
220 
841 
527 
147 
1249 
472 
1245 
902 
654 
1028 
339 
745 
13 
1253 
1091 
714 
109 
226 
37 
1077 
1179 
1106 
352 
182 
604 
86 
1214 
610 
498 
1062 
581 
542 
355 
326 
50 
1008 
264 
835 
8 
538 
758 
1042 
212 
218 
239 
812 
755 
1178 
903 
526 
291 
359 
1036 
912 
1109 
783 
47 
738 
1248 
565 
501 
1190 
1254 
849 
522 
708 
1037 
405 
248 
944 
895 
1143 
60 
438 
811 
725 
332 
1089 
22 
159 
276 
541 
519 
615 
789 
36 
537 
440 
1144 
1074 
883 
980 
1194 
656 
1053 
1258 
35 
1158 
999 
138 
930 
631 
140 
1104 
314 
600 
243 
515 
1247 
1192 
996 
313 
766 
949 
654 
1172 
283 
1229 
258 
1180 
91 
1002 
1225 
164 
229 
353 
726 
1210 
747 
190 
750 
916 
942 
176 
309 
11 
339 
1039 
669 
823 
682 
959 
861 
1114 
943 
962 
1106 
87 
1230 
355 
263 
671 
1221 
279 
235 
92 
989 
527 
593 
899 
778 
221 
333 
841 
470 
675 
178 
1089 
1262 
70 
516 
704 
967 
522 
621 
208 
48 
1123 
1140 
1233 
609 
731 
588 
745 
749 
952 
428 
1087 
316 
785 
1165 
455 
642 
1059 
363 
573 
991 
485 
982 
117 
647 
1161 
253 
821 
472 
1190 
910 
1050 
777 
865 
13 
528 
816 
1048 
1058 
656 
1126 
369 
797 
517 
556 
367 
646 
744 
1189 
714 
447 
200 
1125 
49 
971 
965 
262 
466 
961 
1252 
532 
78 
550 
203 
173 
195 
451 
852 
663 
1231 
299 
320 
129 
835 
252 
1135 
477 
897 
1168 
1 
109 
1169 
926 
348 
849 
1109 
1200 
410 
792 
389 
1007 
504 
569 
679 
738 
309 
465 
617 
1081 
118 
1214 
1017 
740 
720 
355 
960 
449 
362 
561 
670 
1170 
480 
682 
822 
201 
642 
568 
260 
126 
34 
247 
1053 
956 
1179 
87 
354 
580 
979 
507 
1146 
936 
832 
1225 
968 
777 
140 
1061 
538 
981 
1124 
816 
567 
986 
1173 
736 
117 
1209 
1083 
337 
650 
750 
147 
373 
92 
889 
410 
1000 
105 
176 
779 
460 
747 
327 
946 
15 
1119 
142 
637 
1228 
1246 
3 
1240 
680 
400 
1104 
1210 
1 
1207 
88 
286 
939 
683 
289 
29 
306 
421 
1229 
581 
721 
537 
763 
671 
588 
896 
932 
1226 
153 
310 
826 
453 
128 
382 
479 
616 
579 
934 
948 
1099 
364 
600 
733 
840 
1151 
173 
549 
844 
295 
1256 
1048 
229 
69 
714 
881 
1058 
1092 
338 
516 
1164 
2 
687 
834 
993 
1016 
40 
656 
116 
303 
6 
961 
858 
380 
890 
34 
1015 
638 
1258 
670 
603 
196 
48 
793 
459 
533 
1158 
126 
523 
587 
72 
789 
1096 
1075 
179 
791 
239 
1160 
1231 
618 
168 
510 
1161 
1061 
76 
1144 
181 
876 
1221 
803 
402 
814 
1157 
487 
1043 
57 
1065 
1108 
1235 
158 
466 
354 
586 
317 
1046 
611 
704 
172 
301 
762 
812 
1154 
313 
792 
1106 
1089 
599 
476 
995 
88 
1159 
378 
1206 
1140 
933 
726 
107 
520 
690 
159 
54 
679 
90 
551 
548 
14 
423 
752 
1146 
273 
484 
673 
131 
124 
411 
174 
570 
463 
473 
1011 
50 
820 
919 
460 
1000 
340 
1185 
894 
304 
802 
389 
1107 
1182 
438 
138 
902 
19 
927 
895 
773 
595 
744 
142 
758 
1026 
464 
42 
311 
208 
1009 
160 
554 
1226 
1249 
412 
557 
503 
1135 
899 
206 
609 
580 
255 
754 
578 
592 
480 
635 
748 
1216 
600 
233 
1111 
215 
514 
341 
262 
588 
685 
200 
1255 
69 
707 
387 
384 
399 
440 
243 
291 
1019 
567 
931 
683 
527 
522 
1012 
354 
854 
1045 
1074 
942 
516 
36 
435 
147 
670 
649 
866 
273 
1042 
470 
534 
125 
310 
1142 
645 
102 
696 
686 
353 
13 
415 
457 
1058 
229 
497 
1250 
339 
347 
607 
604 
927 
576 
214 
1032 
75 
886 
1179 
946 
438 
1008 
806 
246 
735 
439 
1044 
141 
642 
6 
654 
1153 
1036 
322 
247 
766 
404 
1048 
726 
133 
653 
1217 
1107 
293 
373 
110 
434 
421 
221 
425 
402 
682 
1147 
915 
240 
988 
804 
344 
43 
1216 
285 
1055 
208 
796 
725 
797 
1128 
236 
568 
675 
131 
52 
623 
709 
78 
477 
384 
890 
83 
1070 
1088 
262 
13 
805 
46 
148 
986 
1224 
182 
394 
412 
616 
935 
225 
159 
563 
598 
405 
310 
840 
1222 
378 
580 
665 
708 
339 
1238 
1168 
1124 
750 
873 
991 
749 
1174 
987 
1167 
803 
403 
108 
1180 
668 
1235 
209 
1029 
91 
164 
695 
843 
256 
557 
107 
428 
1024 
1044 
644 
288 
673 
600 
1094 
533 
647 
461 
1189 
185 
9 
685 
1037 
925 
109 
392 
687 
559 
259 
343 
189 
791 
884 
989 
510 
191 
868 
1083 
1038 
853 
1203 
828 
472 
95 
35 
923 
1172 
1126 
1042 
299 
88 
940 
1021 
50 
618 
70 
130 
811 
867 
522 
87 
76 
551 
823 
1000 
201 
934 
1129 
131 
886 
401 
654 
795 
804 
1093 
120 
205 
190 
871 
842 
196 
953 
1160 
341 
671 
340 
145 
425 
611 
266 
1012 
1005 
445 
325 
531 
328 
1053 
300 
888 
874 
344 
404 
517 
568 
419 
876 
1047 
181 
168 
714 
1255 
370 
1159 
217 
1225 
1026 
488 
1048 
400 
532 
241 
749 
610 
666 
895 
25 
1187 
913 
45 
1096 
917 
564 
1075 
803 
645 
48 
439 
799 
748 
1073 
441 
682 
125 
448 
928 
380 
484 
783 
69 
413 
665 
1062 
278 
1130 
877 
129 
1180 
835 
954 
1245 
902 
1194 
172 
809 
309 
124 
36 
313 
718 
731 
209 
215 
1167 
1032 
28 
827 
60 
297 
700 
308 
1018 
327 
64 
924 
298 
663 
404 
511 
243 
965 
218 
528 
797 
324 
753 
968 
285 
67 
334 
601 
593 
1087 
1044 
686 
857 
13 
498 
684 
1094 
1063 
932 
171 
275 
208 
371 
604 
1076 
249 
133 
1216 
903 
607 
266 
525 
397 
