0.047500 
0.053300 
0.053500 
0.072200 
0.095900 
0.112600 
0.121700 
0.156500 
0.174400 
0.184400 
0.195200 
0.212500 
0.260600 
0.260900 
0.280200 
0.306800 
0.314200 
0.327400 
0.328800 
0.338800 
0.345700 
0.360200 
0.372800 
0.372900 
0.382400 
0.385400 
0.404100 
0.423400 
0.424800 
0.467400 
0.469600 
0.493400 
0.493900 
0.495900 
0.502900 
0.512500 
0.536800 
0.546700 
0.553300 
0.582000 
0.582800 
0.594800 
0.607700 
0.615700 
0.624700 
0.688900 
0.689000 
0.690000 
0.712000 
0.717900 
0.734100 
0.760000 
0.769200 
0.794800 
0.805000 
0.821100 
0.829200 
0.832800 
0.846400 
0.854800 
0.854800 
0.862800 
0.881400 
0.891900 
0.897400 
0.898100 
0.902400 
0.913800 
0.919200 
0.922500 
0.924400 
0.942100 
0.953100 
0.985000 
0.985500 
1.008700 
1.034200 
1.047500 
1.051800 
1.082000 
1.082200 
1.095200 
1.108400 
1.118500 
1.127900 
1.133400 
1.133800 
1.147600 
1.147800 
1.160200 
1.193500 
1.198400 
1.201800 
1.229900 
1.268400 
1.286800 
1.289800 
1.292200 
1.296500 
1.300400 
1.313600 
1.317900 
1.319000 
1.330700 
1.331900 
1.334200 
1.347900 
1.352000 
1.356200 
1.356700 
1.361300 
1.372800 
1.378900 
1.387400 
1.394000 
1.412100 
1.424400 
1.426600 
1.433300 
1.452800 
1.454600 
1.498000 
1.510900 
1.514900 
1.524300 
1.526100 
1.542100 
1.564000 
1.595100 
1.606100 
1.634700 
1.680700 
1.689900 
1.708800 
1.710200 
1.722200 
1.738600 
1.747100 
1.754500 
1.787800 
1.832700 
1.870100 
1.870900 
1.875900 
1.896000 
1.910100 
1.912100 
1.922300 
1.942300 
1.967800 
1.972000 
1.973000 
1.982000 
1.994300 
1.998900 
2.016100 
2.018300 
2.039200 
2.039700 
2.053100 
2.058600 
2.067000 
2.075300 
2.075900 
2.087000 
2.095700 
2.096900 
2.103600 
2.121300 
2.122300 
2.141600 
2.154000 
2.162900 
2.192600 
2.192700 
2.194700 
2.213300 
2.225100 
2.237000 
2.246200 
2.255400 
2.259000 
2.288800 
2.306000 
2.310800 
2.314000 
2.334500 
2.345500 
2.347900 
2.349800 
2.386600 
2.391600 
2.401500 
2.431800 
2.467200 
2.478200 
2.524500 
2.529800 
2.532000 
2.535200 
2.542900 
2.556000 
2.560600 
2.563600 
2.573700 
2.587600 
2.600900 
2.610500 
2.613300 
2.645600 
2.654200 
2.655400 
2.672300 
2.677200 
2.723700 
2.733500 
2.752300 
2.770000 
2.774600 
2.779000 
2.788100 
2.841100 
2.855900 
2.875300 
2.892700 
2.899200 
2.914000 
2.927600 
2.950400 
2.958700 
2.968200 
2.978700 
