45 
57 
42 
54 
46 
0 
19 
62 
14 
52 
44 
25 
32 
43 
17 
41 
45 
33 
1 
27 
11 
5 
44 
15 
48 
53 
64 
25 
40 
57 
22 
15 
53 
60 
25 
11 
33 
30 
1 
12 
27 
16 
9 
56 
25 
50 
6 
40 
29 
41 
46 
19 
48 
63 
61 
12 
49 
34 
35 
50 
6 
12 
20 
56 
40 
34 
48 
44 
4 
14 
25 
8 
38 
41 
15 
29 
60 
10 
26 
55 
20 
17 
46 
53 
52 
3 
19 
60 
59 
13 
29 
2 
35 
32 
20 
48 
51 
26 
49 
6 
53 
45 
3 
54 
52 
22 
18 
30 
27 
61 
26 
51 
59 
29 
44 
6 
64 
41 
38 
58 
37 
18 
8 
41 
58 
17 
43 
61 
56 
31 
21 
41 
28 
46 
48 
42 
50 
62 
56 
61 
13 
20 
24 
56 
60 
22 
18 
5 
33 
49 
57 
21 
6 
30 
17 
47 
56 
42 
2 
58 
22 
33 
10 
60 
17 
2 
46 
6 
14 
8 
55 
43 
18 
29 
57 
6 
31 
46 
62 
19 
50 
54 
1 
10 
48 
61 
39 
40 
62 
51 
59 
49 
32 
41 
9 
39 
64 
47 
5 
44 
36 
29 
58 
20 
57 
16 
46 
15 
56 
36 
37 
43 
50 
8 
21 
34 
0 
61 
58 
54 
62 
55 
5 
44 
31 
4 
6 
3 
20 
38 
43 
62 
49 
31 
27 
33 
63 
15 
48 
2 
14 
62 
35 
9 
21 
1 
39 
8 
0 
44 
54 
24 
17 
55 
27 
38 
51 
18 
24 
28 
63 
17 
40 
62 
25 
56 
52 
21 
19 
46 
48 
8 
40 
64 
45 
4 
16 
38 
35 
14 
29 
43 
5 
41 
27 
20 
17 
36 
9 
7 
56 
53 
35 
64 
16 
10 
54 
60 
53 
47 
8 
19 
24 
25 
38 
54 
4 
62 
26 
52 
59 
11 
6 
50 
41 
26 
32 
57 
55 
24 
42 
60 
31 
41 
13 
14 
21 
50 
43 
20 
19 
17 
25 
62 
1 
56 
58 
6 
0 
12 
53 
40 
16 
46 
4 
32 
20 
54 
16 
62 
50 
8 
44 
15 
43 
29 
45 
33 
26 
44 
17 
42 
15 
14 
24 
34 
4 
0 
37 
60 
47 
33 
48 
8 
18 
10 
30 
6 
51 
49 
4 
54 
15 
14 
36 
9 
19 
64 
30 
50 
51 
7 
2 
11 
31 
47 
30 
24 
45 
26 
53 
0 
4 
39 
9 
52 
22 
47 
64 
4 
2 
35 
29 
58 
62 
6 
8 
48 
11 
47 
41 
19 
54 
25 
53 
46 
2 
5 
52 
60 
47 
52 
23 
4 
22 
62 
6 
5 
52 
15 
60 
55 
30 
45 
50 
11 
51 
47 
64 
8 
63 
13 
27 
37 
44 
39 
60 
50 
21 
30 
14 
63 
26 
1 
44 
4 
30 
40 
31 
13 
62 
22 
11 
10 
6 
34 
45 
27 
53 
50 
22 
28 
55 
48 
29 
8 
26 
55 
50 
10 
0 
41 
57 
18 
20 
28 
58 
60 
63 
2 
17 
12 
18 
52 
35 
10 
59 
41 
28 
48 
64 
54 
13 
30 
0 
48 
38 
42 
7 
10 
50 
0 
36 
23 
57 
6 
30 
56 
62 
61 
27 
44 
22 
64 
32 
44 
55 
27 
42 
41 
18 
39 
21 
2 
51 
48 
33 
28 
30 
44 
49 
61 
38 
6 
30 
54 
44 
55 
41 
50 
45 
21 
22 
30 
29 
8 
42 
50 
57 
41 
0 
56 
53 
25 
42 
5 
39 
29 
52 
60 
33 
51 
8 
0 
3 
29 
20 
1 
61 
24 
41 
36 
48 
18 
11 
64 
28 
54 
45 
41 
4 
28 
55 
17 
50 
43 
34 
59 
38 
23 
12 
62 
57 
17 
55 
26 
39 
7 
25 
57 
59 
0 
51 
61 
31 
47 
38 
57 
6 
62 
50 
15 
48 
25 
30 
42 
21 
36 
52 
20 
32 
63 
30 
50 
55 
35 
13 
37 
30 
54 
17 
35 
5 
38 
41 
56 
37 
8 
2 
49 
45 
9 
41 
58 
6 
53 
36 
29 
9 
8 
44 
4 
13 
33 
51 
41 
25 
62 
55 
39 
6 
38 
15 
29 
16 
10 
41 
50 
33 
54 
18 
1 
53 
56 
26 
38 
41 
14 
51 
2 
8 
10 
35 
27 
61 
14 
33 
52 
58 
9 
15 
17 
38 
6 
54 
5 
32 
2 
59 
49 
33 
36 
48 
52 
6 
64 
58 
54 
62 
6 
9 
33 
44 
18 
4 
10 
27 
8 
52 
56 
0 
25 
49 
22 
45 
26 
39 
28 
14 
60 
52 
64 
41 
13 
40 
12 
44 
13 
10 
25 
8 
14 
61 
40 
55 
3 
5 
42 
22 
8 
26 
15 
62 
41 
44 
4 
33 
25 
35 
2 
64 
63 
44 
20 
27 
47 
8 
36 
10 
23 
30 
25 
38 
26 
4 
63 
64 
56 
20 
6 
32 
54 
33 
11 
25 
34 
24 
29 
64 
2 
45 
46 
12 
31 
11 
25 
54 
22 
64 
23 
36 
43 
62 
39 
13 
8 
54 
40 
4 
31 
51 
52 
21 
39 
30 
11 
50 
0 
31 
11 
56 
36 
61 
21 
50 
56 
40 
55 
53 
46 
18 
44 
61 
50 
54 
11 
60 
12 
62 
8 
10 
37 
24 
18 
39 
54 
46 
41 
27 
17 
59 
47 
44 
46 
8 
16 
38 
6 
35 
55 
15 
49 
0 
19 
38 
55 
23 
39 
34 
26 
63 
