0.038200 
0.045200 
0.046000 
0.047500 
0.050100 
0.050300 
0.052900 
0.053200 
0.054900 
0.056000 
0.057000 
0.057300 
0.064200 
0.065200 
0.066500 
0.067100 
0.071100 
0.074500 
0.075000 
0.079900 
0.079900 
0.080500 
0.081100 
0.081100 
0.081400 
0.081500 
0.081700 
0.082800 
0.083900 
0.089300 
0.091200 
0.091400 
0.094200 
0.097700 
0.097800 
0.099100 
0.099500 
0.099800 
0.101400 
0.103700 
0.107100 
0.108800 
0.109100 
0.112300 
0.114100 
0.116300 
0.116500 
0.117400 
0.119700 
0.120000 
0.120500 
0.121000 
0.124200 
0.124300 
0.124500 
0.124700 
0.125100 
0.129800 
0.130400 
0.131100 
0.131400 
0.132200 
0.132600 
0.133200 
0.135100 
0.135800 
0.137100 
0.138800 
0.140900 
0.143200 
0.143900 
0.146800 
0.149500 
0.150300 
0.151900 
0.152400 
0.154300 
0.156400 
0.159000 
0.159500 
0.161700 
0.162700 
0.163400 
0.163800 
0.164100 
0.165500 
0.166100 
0.166800 
0.167300 
0.169500 
0.175900 
0.178000 
0.178400 
0.178800 
0.179400 
0.180400 
0.184300 
0.184600 
0.187700 
0.189300 
0.190900 
0.191700 
0.196000 
0.196800 
0.200100 
0.201000 
0.201200 
0.202500 
0.202600 
0.203000 
0.204300 
0.207700 
0.207700 
0.209300 
0.209600 
0.210300 
0.213500 
0.217100 
0.217300 
0.218700 
0.222700 
0.224400 
0.224500 
0.224900 
0.226500 
0.226700 
0.226800 
0.230800 
0.231200 
0.231200 
0.231600 
0.233900 
0.237900 
0.238600 
0.238600 
0.240000 
0.240500 
0.240500 
0.242100 
0.243400 
0.244900 
0.245700 
0.245800 
0.250400 
0.250600 
0.251200 
0.252000 
0.252000 
0.252400 
0.253400 
0.254500 
0.255300 
0.256300 
0.256800 
0.257500 
0.258900 
0.259200 
0.260000 
0.260200 
0.261200 
0.262600 
0.263600 
0.269500 
0.270800 
0.272300 
0.273500 
0.274500 
0.276700 
0.278100 
0.278300 
0.280400 
0.280600 
0.282100 
0.285900 
0.286400 
0.287100 
0.288900 
0.289500 
0.289700 
0.290900 
0.292500 
0.293100 
0.293600 
0.295900 
0.296300 
0.296400 
0.299300 
0.299500 
0.300200 
0.302800 
0.303600 
0.304600 
0.304600 
0.305000 
0.306100 
0.306200 
0.307600 
0.308100 
0.308100 
0.312200 
0.313100 
0.315000 
0.316200 
0.316200 
0.316900 
0.317200 
0.317300 
0.317800 
0.318700 
0.319800 
0.320100 
0.320700 
0.321300 
0.321900 
0.323000 
0.323900 
0.324000 
0.325400 
0.327800 
0.327900 
0.331500 
0.336600 
0.343500 
0.344600 
0.346700 
0.347300 
0.349000 
0.349200 
0.349400 
0.349900 
0.350800 
0.353100 
0.353100 
0.357900 
0.358000 
0.358100 
0.358900 
0.360100 
0.361500 
0.363200 
0.363500 
0.363700 
0.364400 
0.365500 
0.366800 
0.367200 
0.368400 
0.369300 
0.370700 
0.371200 
0.372400 
0.378200 
0.379600 
0.380800 
0.382500 
0.382800 
0.383500 
0.386000 
0.388600 
0.391200 
0.392900 
0.393200 
0.393600 
0.395700 
0.395900 
0.400000 
0.400200 
0.401900 
0.402400 
0.404200 
0.410000 
0.411600 
0.411900 
0.413200 
0.413800 
0.414700 
0.415500 
0.416700 
0.418200 
0.421900 
0.424400 
0.427100 
0.427200 
0.428900 
0.429400 
0.430300 
0.432200 
0.432400 
0.435500 
0.435500 
0.436300 
0.437300 
0.441900 
0.443000 
0.445000 
0.445100 
0.446400 
0.448600 
0.448800 
0.450400 
0.452100 
0.452600 
0.454200 
0.454400 
0.454900 
0.456400 
0.458600 
0.460700 
0.461100 
0.462600 
0.463300 
0.463700 
0.464000 
0.466900 
0.470100 
0.470900 
0.471700 
0.475400 
0.477300 
0.479300 
0.479700 
0.480100 
0.480600 
0.482200 
0.482700 
0.484700 
0.486200 
0.490000 
0.492400 
0.492400 
0.495000 
0.497400 
0.499600 
0.500600 
0.500700 
0.502200 
0.505700 
0.507500 
0.509100 
0.511400 
0.511600 
0.515200 
0.515300 
0.515800 
0.519000 
0.519300 
0.520500 
0.520800 
0.521500 
0.521600 
0.521700 
0.524700 
0.525400 
0.527200 
0.530400 
0.532100 
0.533900 
0.534400 
0.538000 
0.543300 
0.546100 
0.546600 
0.547200 
0.548200 
0.549400 
0.550700 
0.551600 
0.553500 
0.556100 
0.556200 
0.557100 
0.558600 
0.559000 
0.559300 
0.559600 
0.561200 
0.561900 
0.563200 
0.567500 
0.570900 
0.571100 
0.571600 
0.572300 
0.573000 
0.573900 
0.574300 
0.577600 
0.578000 
0.580400 
0.580500 
0.580700 
0.582800 
0.585600 
0.585800 
0.589600 
0.591300 
0.591400 
0.594000 
0.596200 
0.597100 
0.598200 
0.598700 
0.598800 
0.600400 
0.601600 
0.603700 
0.605600 
0.606000 
0.606500 
0.608000 
0.609200 
0.613300 
0.614400 
0.615100 
0.616400 
0.619000 
0.620000 
0.624400 
0.624800 
0.626800 
0.628900 
0.629000 
0.630700 
0.631900 
0.633200 
0.635100 
0.637400 
0.639500 
0.639700 
0.644400 
0.644800 
0.646900 
0.648000 
0.648600 
0.649800 
0.650300 
0.651800 
0.654700 
0.656700 
0.660600 
0.660800 
0.660900 
0.661900 
0.663300 
0.663500 
0.663600 
0.665300 
0.666100 
0.666300 
0.667500 
0.669200 
0.670700 
0.670900 
0.673200 
0.673200 
0.674300 
0.675600 
0.676700 
0.680700 
0.681000 
0.686500 
0.686900 
0.688800 
0.691600 
0.693500 
0.693900 
0.695900 
0.697200 
0.697300 
0.702400 
0.703500 
0.704700 
0.709700 
0.709900 
0.710200 
0.712100 
0.717800 
0.718700 
0.719100 
0.719100 
0.719500 
0.719500 
0.719700 
0.720200 
0.720600 
0.721300 
0.722300 
0.722400 
0.722600 
0.723100 
0.723500 
0.728400 
0.728500 
0.729300 
0.731200 
0.733000 
0.734200 
0.734400 
0.735200 
0.736900 
0.737400 
0.738300 
0.738900 
0.741000 
0.743400 
0.743800 
0.744000 
0.744800 
0.746000 
0.747100 
0.748700 
0.751400 
0.751600 
0.751700 
0.755000 
0.756500 
0.758100 
0.758200 
0.759500 
0.761000 
0.763200 
0.764500 
0.765600 
0.766100 
0.766300 
0.766500 
0.766500 
0.767600 
0.769500 
0.769800 
0.771500 
0.775200 
0.777800 
0.778200 
0.778700 
0.778900 
0.779600 
0.779600 
0.781000 
0.781300 
0.782100 
0.782100 
0.787600 
0.788200 
0.788200 
0.790600 
0.792000 
0.792500 
0.794200 
0.795500 
0.797500 
0.799300 
0.800500 
0.801400 
0.801700 
0.803600 
0.804000 
0.805300 
0.805600 
0.807900 
0.810300 
0.810600 
0.813300 
0.815400 
0.816700 
0.818800 
0.819000 
0.820700 
0.821300 
0.821500 
0.821800 
0.822500 
0.823500 
0.824700 
0.825600 
0.825900 
0.826800 
0.832500 
0.836000 
0.838600 
0.839600 
0.840300 
0.841400 
0.841600 
0.843000 
0.843800 
0.846000 
0.846200 
0.849500 
0.850500 
0.851600 
0.851800 
0.854900 
0.856600 
0.861000 
0.862400 
0.862600 
0.862700 
0.862900 
0.863300 
0.863500 
0.865400 
0.866000 
0.872500 
0.878500 
0.878800 
0.879300 
0.886400 
0.890000 
0.890200 
0.891200 
0.891200 
0.893100 
0.893100 
0.893700 
0.894800 
0.896600 
0.900900 
0.901500 
0.901500 
0.903400 
0.908500 
0.912300 
0.913000 
0.913900 
0.914700 
0.915000 
0.915100 
0.918700 
0.921300 
0.923100 
0.924200 
0.924500 
0.925800 
0.926600 
0.928000 
0.928100 
0.930600 
0.932000 
0.932800 
0.934300 
0.934500 
0.934800 
0.935900 
0.938000 
0.938800 
0.940100 
0.942300 
0.950100 
0.950700 
0.951400 
0.951900 
0.953600 
0.956300 
0.957000 
0.958800 
0.959300 
0.961000 
0.963200 
0.963700 
0.964100 
0.964300 
0.968400 
0.968700 
0.969200 
0.970600 
0.971300 
0.971500 
0.971600 
0.974300 
0.975300 
0.976000 
0.977900 
0.978900 
0.983200 
0.983500 
0.983700 
0.983800 
0.984300 
0.986000 
0.987200 
0.989400 
0.990000 
0.991100 
0.991300 
0.993800 
0.995400 
0.996700 
0.996800 
0.997600 
0.998300 
0.998800 
0.999500 
1.001700 
1.003700 
1.005000 
1.009200 
1.009600 
1.010300 
1.013200 
1.015400 
1.017900 
1.020300 
1.020700 
1.023500 
1.025000 
1.025800 
1.029600 
1.030700 
1.030800 
1.031300 
1.032100 
1.033000 
1.033300 
1.033600 
1.034900 
1.036300 
1.037100 
1.037700 
1.039500 
1.041100 
1.043500 
1.044800 
1.046900 
1.046900 
1.050100 
1.051700 
1.057200 
1.058800 
1.059000 
1.062400 
1.062800 
1.063500 
1.064300 
1.066800 
1.066800 
1.068000 
1.069200 
1.071600 
1.073600 
1.073800 
1.075300 
1.075900 
1.078100 
1.081900 
1.083200 
1.085500 
1.086100 
1.087000 
1.087500 
1.089300 
1.090100 
1.091000 
1.091300 
1.094400 
1.096300 
1.096300 
1.098800 
1.099300 
1.100800 
1.102500 
1.105400 
1.105600 
1.109100 
1.110400 
1.110600 
1.113300 
1.113800 
1.115900 
1.117400 
1.118200 
1.118800 
1.118800 
1.119600 
1.120100 
1.125800 
1.126900 
1.127700 
1.130300 
1.130400 
1.130700 
1.131500 
1.131900 
1.133000 
1.134100 
1.134700 
1.136700 
1.139800 
1.141200 
1.142000 
1.145300 
1.145300 
1.145600 
1.146200 
1.147400 
1.147900 
1.152900 
1.153200 
1.158000 
1.163700 
1.164200 
1.164400 
1.168300 
1.168500 
1.169000 
1.169700 
1.170000 
1.170600 
1.170800 
1.173300 
1.178400 
1.179000 
1.180100 
1.181200 
1.181300 
1.181600 
1.182100 
1.182700 
1.187300 
1.188500 
1.189700 
1.191700 
1.192800 
1.198400 
1.202200 
1.202300 
1.202400 
1.203000 
1.204400 
1.207600 
1.211700 
1.211900 
1.212300 
1.215300 
1.215500 
1.218000 
1.218300 
1.218300 
1.219000 
1.219000 
1.219200 
1.219500 
1.219900 
1.222100 
1.228000 
1.228800 
1.231500 
1.232100 
1.233200 
1.234300 
1.235700 
1.235800 
1.237500 
1.239300 
1.239700 
1.239800 
1.240700 
1.240800 
1.241100 
1.241200 
1.242800 
1.245800 
1.246300 
1.250800 
1.251100 
1.253100 
1.253200 
1.253600 
1.259400 
1.259600 
1.260200 
1.263800 
1.264100 
1.264200 
1.268400 
1.271000 
1.273300 
1.274500 
1.274700 
1.275300 
1.277500 
1.277900 
1.279400 
1.279600 
1.280300 
1.281400 
1.281700 
1.282600 
1.282700 
1.283100 
1.284900 
1.286200 
1.286800 
1.288200 
1.291500 
1.293100 
1.293100 
1.293800 
1.293800 
1.294100 
1.294900 
1.296800 
1.297300 
1.305100 
1.306900 
1.307800 
1.309400 
1.312600 
1.313100 
1.313600 
1.313700 
1.314200 
1.315000 
1.318300 
1.319200 
1.320000 
1.321800 
1.323700 
1.325500 
1.327500 
1.328200 
1.328600 
1.329300 
1.330600 
1.331800 
1.332400 
1.336900 
1.341700 
1.342300 
1.342500 
1.343400 
1.344100 
1.347500 
1.348500 
1.349700 
1.352800 
1.356400 
1.358500 
1.359600 
1.361700 
1.363100 
1.366200 
1.367900 
1.368800 
1.369000 
1.369800 
1.371600 
1.373100 
1.373600 
1.376900 
1.378300 
1.379200 
1.379900 
1.380300 
1.380400 
1.383300 
1.385800 
1.388900 
1.390100 
1.390300 
1.391100 
1.391500 
1.393500 
1.395800 
1.396100 
1.396600 
1.397300 
1.397300 
1.398800 
1.399400 
1.401200 
1.401600 
1.403200 
1.407300 
1.408400 
1.408500 
1.409700 
1.410300 
1.411000 
1.411200 
1.414700 
1.414800 
1.415700 
1.416000 
1.418100 
1.419400 
1.422800 
1.424500 
1.425300 
1.425400 
1.427100 
1.428400 
1.435400 
1.436200 
1.439200 
1.439800 
1.440900 
1.441300 
1.442200 
1.442300 
1.443800 
1.443900 
1.446100 
1.447500 
1.449700 
1.455400 
1.455600 
1.459600 
1.462200 
1.463500 
1.463600 
1.464400 
1.465200 
1.466700 
1.469800 
1.472600 
1.473600 
1.474100 
1.476700 
1.478000 
1.479600 
1.481200 
1.481600 
1.482300 
1.482900 
1.483000 
1.483100 
1.484700 
1.485900 
1.488900 
1.489400 
1.489700 
1.492200 
1.494200 
1.494300 
1.496200 
1.497900 
1.498200 
1.499300 
1.501000 
1.502200 
1.503000 
1.504900 
1.505200 
1.505800 
1.507400 
1.507700 
1.508200 
1.509500 
1.514800 
1.516800 
1.517000 
1.519300 
1.522300 
1.524600 
1.525200 
1.526400 
1.526900 
1.530000 
1.531100 
1.531500 
1.531900 
1.534100 
1.537000 
1.537900 
1.539100 
1.539700 
1.540800 
1.542500 
1.542500 
1.542600 
1.542900 
1.544200 
1.547500 
1.548100 
1.553000 
1.554000 
1.555800 
1.556000 
1.557200 
1.557800 
1.558600 
1.558700 
1.559600 
1.563600 
1.564700 
1.568600 
1.569600 
1.569800 
1.571600 
1.572000 
1.572400 
1.573600 
1.574100 
1.576100 
1.576400 
1.576500 
1.577300 
1.577600 
1.578300 
1.578400 
1.580000 
1.580200 
1.586500 
1.587800 
1.588000 
1.589000 
1.589700 
1.590600 
1.592500 
1.593600 
1.594000 
1.594900 
1.599500 
1.600500 
1.601000 
1.601100 
1.601900 
1.603800 
1.604400 
1.604600 
1.605600 
1.607600 
1.611600 
1.613900 
1.613900 
1.618200 
1.619200 
1.619600 
1.621300 
1.621800 
1.623000 
1.623800 
1.624300 
1.626100 
1.626500 
1.628100 
1.628300 
1.630200 
1.630400 
1.630600 
1.631000 
1.632300 
1.637900 
1.638100 
1.641000 
1.641000 
1.641000 
1.641700 
1.641700 
1.642100 
1.643300 
1.643700 
1.645100 
1.646800 
1.649600 
1.650000 
1.650800 
1.652400 
1.655800 
1.656800 
1.657100 
1.657500 
1.659100 
1.661700 
1.665200 
1.665600 
1.666100 
1.669300 
1.669400 
1.670100 
1.670500 
1.671900 
1.673400 
1.676600 
1.679400 
1.680400 
1.681000 
1.681500 
1.682400 
1.684100 
1.684500 
1.684600 
1.684600 
1.685900 
1.686700 
1.687900 
1.689200 
1.689700 
1.692400 
1.692600 
1.692700 
1.694200 
1.700000 
1.704200 
1.705100 
1.706000 
1.708400 
1.710700 
1.712400 
1.712900 
1.713100 
1.713700 
1.714500 
1.714800 
1.716200 
1.717900 
1.719300 
1.720500 
1.720500 
1.720600 
1.722700 
1.723400 
1.723600 
1.724000 
1.724300 
1.728000 
1.728600 
1.730700 
1.733000 
1.736400 
1.737300 
1.737400 
1.741300 
1.742200 
1.744700 
1.745500 
1.752000 
1.752300 
1.753400 
1.757200 
1.757400 
1.760500 
1.761300 
1.763500 
1.764700 
1.769400 
1.772100 
1.773900 
1.775300 
1.775600 
1.777600 
1.778100 
1.779200 
1.780600 
1.785100 
1.786300 
1.786500 
1.787500 
1.788200 
1.789400 
1.791100 
1.792800 
1.794100 
1.797800 
1.801800 
1.802100 
1.803900 
1.805700 
1.805700 
1.806400 
1.808000 
1.814500 
1.814600 
1.815100 
1.815700 
1.815700 
1.815700 
1.816800 
1.817100 
1.817400 
1.818100 
1.819600 
1.822800 
1.826400 
1.826800 
1.827600 
1.829100 
1.829600 
1.831100 
1.832100 
1.836400 
1.837300 
1.838000 
1.838100 
1.839500 
1.841500 
1.842300 
1.843200 
1.843400 
1.847700 
1.848800 
1.850800 
1.852500 
1.853800 
1.854700 
1.857200 
1.857900 
1.860000 
1.860700 
1.862100 
1.863500 
1.864400 
1.864400 
1.865200 
1.867300 
1.868500 
1.869000 
1.870100 
1.871500 
1.874500 
1.874600 
1.876800 
1.877600 
1.880600 
1.880700 
1.881700 
1.882600 
1.882900 
1.889100 
1.890500 
1.891400 
1.892800 
1.895100 
1.895200 
1.896400 
1.898000 
1.899800 
1.901500 
1.902300 
1.903000 
1.903300 
1.904700 
1.906200 
1.906700 
1.909700 
1.911400 
1.911500 
1.912000 
1.913600 
1.915000 
1.915500 
1.917100 
1.917300 
1.918600 
1.919000 
1.920100 
1.920700 
1.921900 
1.923700 
1.924500 
1.925000 
1.925200 
1.928100 
1.930300 
1.933200 
1.933500 
1.934800 
1.935200 
1.937800 
1.939400 
1.941000 
1.941100 
1.941900 
1.942600 
1.942600 
1.943900 
1.944200 
1.946300 
1.951700 
1.956600 
1.957700 
1.960200 
1.968000 
1.969200 
1.969400 
1.969400 
1.970700 
1.971300 
1.971900 
1.974500 
1.974500 
1.975000 
1.976500 
1.976600 
1.978000 
1.981100 
1.981900 
1.982900 
1.983200 
1.983600 
1.984000 
1.986200 
1.986800 
1.989300 
1.990900 
1.991800 
1.992800 
1.995700 
1.996200 
1.997900 
2.002900 
2.002900 
2.003700 
2.004200 
2.005300 
2.005300 
2.006800 
2.007400 
2.007700 
2.007900 
2.008400 
2.011300 
2.011800 
2.012200 
2.014900 
2.015000 
2.016000 
2.016900 
2.017600 
2.018000 
2.018200 
2.019100 
2.020800 
2.021200 
2.023400 
2.026000 
2.027800 
2.028700 
2.029600 
2.030700 
2.033000 
2.036300 
2.036500 
2.038000 
2.039600 
2.041500 
2.041800 
2.042800 
2.044100 
2.044900 
2.050400 
2.051500 
2.052400 
2.052900 
2.053900 
2.057200 
2.058800 
2.060900 
2.061600 
2.062800 
2.066100 
2.068300 
2.069300 
2.072000 
2.076700 
2.077500 
2.078900 
2.080200 
2.080500 
2.081900 
2.082000 
2.083900 
2.086100 
2.087300 
2.087700 
2.089400 
2.092600 
2.093300 
2.094900 
2.095700 
2.101700 
2.105600 
2.106200 
2.106900 
2.107700 
2.109300 
2.111500 
2.112400 
2.113900 
2.114500 
2.115400 
2.115500 
2.115900 
2.119000 
2.119800 
2.122900 
2.123400 
2.124200 
2.126600 
2.126900 
2.129100 
2.131800 
2.132800 
2.133300 
2.133400 
2.135200 
2.135400 
2.135700 
2.136400 
2.136400 
2.136400 
2.140500 
2.141800 
2.143200 
2.143500 
2.144000 
2.144900 
2.148400 
2.154300 
2.155900 
2.156200 
2.156900 
2.157900 
2.158400 
2.161100 
2.162000 
2.162400 
2.163000 
2.164800 
2.168300 
2.168500 
2.169800 
2.170500 
2.171200 
2.171400 
2.172000 
2.172500 
2.172700 
2.173700 
2.174000 
2.175000 
2.177000 
2.177600 
2.177800 
2.181500 
2.182600 
2.182600 
2.185800 
2.186900 
2.189500 
2.190900 
2.192600 
2.194400 
2.194500 
2.196000 
2.199000 
2.202600 
2.203400 
2.203900 
2.205700 
2.206100 
2.208200 
2.210100 
2.210400 
2.210500 
2.214700 
2.215900 
2.222000 
2.222400 
2.225900 
2.228300 
2.232500 
2.233100 
2.233700 
2.235100 
2.235300 
2.235800 
2.236000 
2.239200 
2.239300 
2.239500 
2.242100 
2.243000 
2.243100 
2.243600 
2.244000 
2.245400 
2.248200 
2.248300 
2.248400 
2.252300 
2.253900 
2.254200 
2.260300 
2.260500 
2.261400 
2.262600 
2.263500 
2.264500 
2.265500 
2.266700 
2.269400 
2.274700 
2.274800 
2.275900 
2.277500 
2.279700 
2.283100 
2.285700 
2.286200 
2.286800 
2.288400 
2.289700 
2.289700 
2.295300 
2.299400 
2.299900 
2.302400 
2.302600 
2.303500 
2.304100 
2.304500 
2.304800 
2.304900 
2.305600 
2.306300 
2.306700 
2.307400 
2.307600 
2.308700 
2.309000 
2.311100 
2.312700 
2.314400 
2.314500 
2.314500 
2.317300 
2.318300 
2.319500 
2.320200 
2.320600 
2.322500 
2.323200 
2.324000 
2.328200 
2.328700 
2.328900 
2.330000 
2.331000 
2.331100 
2.331200 
2.331200 
2.331200 
2.331300 
2.332500 
2.332700 
2.333400 
2.333500 
2.339000 
2.341200 
2.341800 
2.342800 
2.345800 
2.346800 
2.347200 
2.348000 
2.349100 
2.349400 
2.350900 
2.351400 
2.351900 
2.354900 
2.355600 
2.362800 
2.362800 
2.363000 
2.363900 
2.364100 
2.365900 
2.366300 
2.367300 
2.370600 
2.372100 
2.374100 
2.379700 
2.380000 
2.380300 
2.381100 
2.381300 
2.381400 
2.382500 
2.383500 
2.384700 
2.384900 
2.384900 
2.385700 
2.391600 
2.394800 
2.396000 
2.396400 
2.396500 
2.397000 
2.397200 
2.397300 
2.399700 
2.401200 
2.401500 
2.402900 
2.406400 
2.408800 
2.408900 
2.410300 
2.410500 
2.417300 
2.417400 
2.418900 
2.423400 
2.423600 
2.423900 
2.425200 
2.425400 
2.425800 
2.427200 
2.427800 
2.428300 
2.430500 
2.430900 
2.431800 
2.431900 
2.432400 
2.432900 
2.433200 
2.434000 
2.435500 
2.437400 
2.438800 
2.440800 
2.442600 
2.444000 
2.445700 
2.447000 
2.447600 
2.448200 
2.449400 
2.453600 
2.453900 
2.461200 
2.461500 
2.462800 
2.465300 
2.465700 
2.467600 
2.468800 
2.470300 
2.470500 
2.470700 
2.470900 
2.475300 
2.477500 
2.478100 
2.479100 
2.480400 
2.481000 
2.481600 
2.484000 
2.484100 
2.485100 
2.486100 
2.488200 
2.489900 
2.490100 
2.494500 
2.495300 
2.495300 
2.495900 
2.499900 
2.500100 
2.504100 
2.505700 
2.505900 
2.507800 
2.508500 
2.508700 
2.511700 
2.511800 
2.515900 
2.517000 
2.517900 
2.518100 
2.519600 
2.520100 
2.520200 
2.520300 
2.520400 
2.520500 
2.524600 
2.524800 
2.525100 
2.526000 
2.526500 
2.529400 
2.529600 
2.529700 
2.530200 
2.531000 
2.531600 
2.532500 
2.537500 
2.540100 
2.541300 
2.541800 
2.542000 
2.542400 
2.543300 
2.543400 
2.543800 
2.543900 
2.544100 
2.544700 
2.547100 
2.548000 
2.548700 
2.549300 
2.549900 
2.550500 
2.552300 
2.557400 
2.557500 
2.558100 
2.558100 
2.558900 
2.563600 
2.564500 
2.571000 
2.571900 
2.576700 
2.576800 
2.577900 
2.578700 
2.582100 
2.582900 
2.587500 
2.588900 
2.592100 
2.592900 
2.593000 
2.596600 
2.597500 
2.600600 
2.603000 
2.603100 
2.605000 
2.606300 
2.609500 
2.609800 
2.610500 
2.613400 
2.614700 
2.615600 
2.617300 
2.618600 
2.619700 
2.622500 
2.626500 
2.627600 
2.628300 
2.628500 
2.630000 
2.630800 
2.631500 
2.631800 
2.635100 
2.635800 
2.638300 
2.638500 
2.641300 
2.642900 
2.644500 
2.645400 
2.646700 
2.649500 
2.650500 
2.650700 
2.651800 
2.656200 
2.658600 
2.660300 
2.661400 
2.662500 
2.663900 
2.664200 
2.668300 
2.669900 
2.669900 
2.669900 
2.670500 
2.674000 
2.674500 
2.675100 
2.675100 
2.675100 
2.677500 
2.680900 
2.683200 
2.683600 
2.684900 
2.685100 
2.689100 
2.689900 
2.692100 
2.692300 
2.693600 
2.694000 
2.694800 
2.695900 
2.696700 
2.698700 
2.699400 
2.699700 
2.700600 
2.700900 
2.701400 
2.703600 
2.706800 
2.707400 
2.708400 
2.710900 
2.711800 
2.713100 
2.718200 
2.718900 
2.719000 
2.722400 
2.723800 
2.724900 
2.728400 
2.732600 
2.733000 
2.733200 
2.735000 
2.736700 
2.737300 
2.739000 
2.740200 
2.740400 
2.740600 
2.742500 
2.743000 
2.744100 
2.745000 
2.745100 
2.745100 
2.746500 
2.746900 
2.747200 
2.750900 
2.753000 
2.753500 
2.756000 
2.760600 
2.761000 
2.762000 
2.765300 
2.766100 
2.766400 
2.767700 
2.774100 
2.774500 
2.775400 
2.775600 
2.776500 
2.776700 
2.777500 
2.778000 
2.778600 
2.780600 
2.782900 
2.784400 
2.786000 
2.786700 
2.787400 
2.788700 
2.789900 
2.793800 
2.799800 
2.800200 
2.801600 
2.801800 
2.802200 
2.803400 
2.804600 
2.806000 
2.806200 
2.806800 
2.809600 
2.809800 
2.810800 
2.814500 
2.815300 
2.818200 
2.818400 
2.819000 
2.819200 
2.821300 
2.824400 
2.827200 
2.829000 
2.830700 
2.830900 
2.831800 
2.832700 
2.834300 
2.837500 
2.840000 
2.842700 
2.844100 
2.845400 
2.845900 
2.847600 
2.848100 
2.849100 
2.849400 
2.850900 
2.853300 
2.853700 
2.853900 
2.854600 
2.856600 
2.857300 
2.858600 
2.861800 
2.864700 
2.865000 
2.867400 
2.867500 
2.869600 
2.870400 
2.871000 
2.873900 
2.874000 
2.874000 
2.877200 
2.877800 
2.879100 
2.879500 
2.879600 
2.879700 
2.882500 
2.884900 
2.885000 
2.885200 
2.885800 
2.891900 
2.892100 
2.893000 
2.893100 
2.896400 
2.896400 
2.896900 
2.900100 
2.901400 
2.902600 
2.905600 
2.907500 
2.908000 
2.908100 
2.908200 
2.908800 
2.910200 
2.910400 
2.911300 
2.912200 
2.912800 
2.912900 
2.913200 
2.914500 
2.915600 
2.915700 
2.916500 
2.919200 
2.919200 
2.924900 
2.926100 
2.927800 
2.928500 
2.930500 
2.931400 
2.933500 
2.937000 
2.937300 
2.939500 
2.943500 
2.943900 
2.945100 
2.945300 
2.945600 
2.945900 
2.946000 
2.946100 
2.947700 
2.951700 
2.952500 
2.954600 
2.955100 
2.955500 
2.957600 
2.958400 
2.958800 
2.959500 
2.959600 
2.960800 
2.961700 
2.966700 
2.968700 
2.974400 
2.974800 
2.975800 
2.976600 
2.976600 
2.976900 
2.979400 
2.980400 
2.980700 
2.981400 
2.982400 
2.983500 
2.985700 
2.987000 
2.987300 
2.988400 
2.989300 
2.989400 
2.991400 
2.994800 
2.995400 
2.996100 
