0.096600 
0.098300 
0.110000 
0.139500 
0.147200 
0.149700 
0.174400 
0.175400 
0.211800 
0.222200 
0.225300 
0.236500 
0.243000 
0.245900 
0.248700 
0.258300 
0.265500 
0.268000 
0.270800 
0.278900 
0.280600 
0.280700 
0.283800 
0.287100 
0.294800 
0.297200 
0.299100 
0.306200 
0.306800 
0.322200 
0.323400 
0.324800 
0.325100 
0.325300 
0.331800 
0.344100 
0.350100 
0.355100 
0.362500 
0.364900 
0.369200 
0.378000 
0.389300 
0.392800 
0.394100 
0.396300 
0.401800 
0.401900 
0.409400 
0.423700 
0.436600 
0.438900 
0.440800 
0.442600 
0.445600 
0.469800 
0.470100 
0.476500 
0.482200 
0.492600 
0.498100 
0.500300 
0.503600 
0.513300 
0.515300 
0.523200 
0.532000 
0.544000 
0.544300 
0.550600 
0.552400 
0.557100 
0.560500 
0.560500 
0.561200 
0.561700 
0.563800 
0.580300 
0.602700 
0.622900 
0.623000 
0.623500 
0.626300 
0.644600 
0.650200 
0.651900 
0.652700 
0.655100 
0.660800 
0.662600 
0.662900 
0.668300 
0.671400 
0.673900 
0.688900 
0.691200 
0.702000 
0.704000 
0.716700 
0.717700 
0.721300 
0.721700 
0.738800 
0.743900 
0.744700 
0.747500 
0.750300 
0.754100 
0.758900 
0.759400 
0.765300 
0.773000 
0.774400 
0.774600 
0.781100 
0.787400 
0.806800 
0.814100 
0.825800 
0.836100 
0.839500 
0.839500 
0.848100 
0.849200 
0.851900 
0.852500 
0.865300 
0.867700 
0.872500 
0.872800 
0.872900 
0.874400 
0.876200 
0.889700 
0.895500 
0.901600 
0.911900 
0.920100 
0.920400 
0.928200 
0.933300 
0.934600 
0.939200 
0.940900 
0.952600 
0.969400 
0.973900 
0.984100 
0.986200 
0.997300 
1.002000 
1.002900 
1.007200 
1.014600 
1.021000 
1.034600 
1.039200 
1.039800 
1.044000 
1.050100 
1.061200 
1.064900 
1.066600 
1.067900 
1.073500 
1.075600 
1.080300 
1.091200 
1.100000 
1.107600 
1.115900 
1.115900 
1.129400 
1.132500 
1.133100 
1.134500 
1.148200 
1.148300 
1.154000 
1.196300 
1.207500 
1.212800 
1.213100 
1.216200 
1.217600 
1.218500 
1.228700 
1.236200 
1.249000 
1.264000 
1.268200 
1.270200 
1.283100 
1.291900 
1.300500 
1.303900 
1.307800 
1.314100 
1.315400 
1.316600 
1.330000 
1.332600 
1.336600 
1.342200 
1.348900 
1.354300 
1.360800 
1.365500 
1.367100 
1.374400 
1.387200 
1.388600 
1.392400 
1.393400 
1.405700 
1.415200 
1.418500 
1.434600 
1.434700 
1.436200 
1.438000 
1.441700 
1.449900 
1.451200 
1.454500 
1.473400 
1.482000 
1.492100 
1.499000 
1.512700 
1.515600 
1.520200 
1.522400 
1.524700 
1.526300 
1.531300 
1.537900 
1.543200 
1.546700 
1.551800 
1.556000 
1.560800 
1.562700 
1.566300 
1.567100 
1.573000 
1.591500 
1.592200 
1.598200 
1.601500 
1.612200 
1.613500 
1.614100 
1.620800 
1.622800 
1.634500 
1.640300 
1.642600 
1.645700 
1.658700 
1.666000 
1.672600 
1.673300 
1.681400 
1.682100 
1.690500 
1.694000 
1.699800 
1.702100 
1.705400 
1.715400 
1.719900 
1.720400 
1.729000 
1.742700 
1.744100 
1.746100 
1.746200 
1.759300 
1.761800 
1.762700 
1.764100 
1.773000 
1.775300 
1.781600 
1.782400 
1.788600 
1.790700 
1.792100 
1.803300 
1.805600 
1.812900 
1.813100 
1.821100 
1.821300 
1.835500 
1.838900 
1.838900 
1.847300 
1.854600 
1.855200 
1.856900 
1.859300 
1.863400 
1.870700 
1.876900 
1.880500 
1.887100 
1.889500 
1.890100 
1.895100 
1.905700 
1.909000 
1.909800 
1.922100 
1.924400 
1.927600 
1.931000 
1.939700 
1.945900 
1.947100 
1.947400 
1.978000 
1.980800 
1.988800 
1.991900 
1.992600 
1.998400 
2.005200 
2.023000 
2.025400 
2.026500 
2.043500 
2.050100 
2.062100 
2.062400 
2.065900 
2.069200 
2.076400 
2.079200 
2.096700 
2.102400 
2.103700 
2.104200 
2.112600 
2.113900 
2.117100 
2.119700 
2.121500 
2.141900 
2.147000 
2.149600 
2.162800 
2.166900 
2.167300 
2.176500 
2.179900 
2.182300 
2.184200 
2.194100 
2.196100 
2.196800 
2.198100 
2.207800 
2.208000 
2.229000 
2.239300 
2.241900 
2.243000 
2.258700 
2.259300 
2.282800 
2.290600 
2.292000 
2.298300 
2.298400 
2.298900 
2.303200 
2.314200 
2.314700 
2.324200 
2.325200 
2.325800 
2.326200 
2.331400 
2.332900 
2.339700 
2.341300 
2.341800 
2.351200 
2.354600 
2.357100 
2.373200 
2.374000 
2.384100 
2.389800 
2.402700 
2.407800 
2.416500 
2.426800 
2.445700 
2.447800 
2.449400 
2.451500 
2.455500 
2.457000 
2.461300 
2.474200 
2.474500 
2.475800 
2.476800 
2.480000 
2.487500 
2.496300 
2.508400 
2.512500 
2.520200 
2.522000 
2.522400 
2.524700 
2.530200 
2.530900 
2.538400 
2.540400 
2.547400 
2.549800 
2.555500 
2.565700 
2.565700 
2.575200 
2.580800 
2.584100 
2.592600 
2.594600 
2.598100 
2.598700 
2.599100 
2.602000 
2.605400 
2.605900 
2.607700 
2.610500 
2.623200 
2.633700 
2.633700 
2.635000 
2.642400 
2.647800 
2.659900 
2.664900 
2.665500 
2.674500 
2.677400 
2.697000 
2.700800 
2.701900 
2.702100 
2.714300 
2.725800 
2.732400 
2.735600 
2.736200 
2.743700 
2.746700 
2.749200 
2.752600 
2.757100 
2.759800 
2.762400 
2.764000 
2.767400 
2.776800 
2.779200 
2.785400 
2.786600 
2.799600 
2.808400 
2.817800 
2.824600 
2.832400 
2.833700 
2.853500 
2.862200 
2.862700 
2.867800 
2.872300 
2.889100 
2.890800 
2.897900 
2.902700 
2.906000 
2.917600 
2.921100 
2.923500 
2.924800 
2.932000 
2.937700 
2.937800 
2.940400 
2.958700 
2.966400 
2.977900 
2.978300 
2.983100 
2.983100 
2.983800 
2.984400 
2.986400 
2.993600 
