449 
278 
503 
691 
74 
167 
38 
532 
614 
710 
88 
431 
686 
438 
628 
370 
377 
17 
605 
695 
602 
102 
365 
413 
194 
357 
184 
689 
89 
56 
462 
91 
414 
518 
571 
645 
217 
684 
625 
720 
219 
589 
296 
5 
578 
366 
604 
647 
276 
520 
483 
587 
351 
464 
305 
145 
525 
585 
166 
0 
417 
556 
641 
197 
63 
236 
595 
577 
508 
718 
3 
733 
374 
576 
594 
47 
43 
429 
135 
274 
96 
361 
98 
223 
344 
151 
396 
308 
278 
109 
696 
174 
621 
410 
529 
434 
392 
93 
103 
466 
698 
72 
227 
368 
611 
548 
596 
390 
340 
522 
684 
46 
224 
291 
158 
131 
417 
450 
487 
40 
505 
571 
325 
650 
629 
493 
540 
720 
152 
637 
681 
473 
167 
708 
673 
126 
640 
7 
569 
589 
1 
615 
356 
240 
449 
102 
59 
566 
374 
683 
431 
185 
565 
734 
510 
250 
39 
252 
346 
113 
676 
25 
521 
504 
439 
66 
372 
617 
506 
135 
482 
660 
595 
481 
32 
29 
623 
636 
526 
472 
93 
512 
401 
704 
610 
286 
194 
116 
246 
296 
347 
516 
425 
584 
703 
579 
582 
361 
681 
130 
224 
632 
449 
666 
733 
387 
357 
142 
730 
230 
621 
273 
120 
316 
624 
103 
332 
191 
402 
305 
173 
210 
115 
64 
501 
536 
1 
592 
628 
462 
575 
88 
82 
646 
363 
392 
441 
293 
385 
691 
62 
390 
578 
126 
547 
614 
707 
275 
439 
726 
229 
288 
315 
393 
549 
75 
414 
369 
657 
247 
274 
377 
509 
476 
581 
429 
596 
567 
270 
168 
734 
39 
721 
400 
650 
79 
479 
381 
165 
586 
732 
158 
192 
367 
125 
673 
160 
185 
219 
525 
243 
437 
141 
466 
545 
711 
599 
733 
417 
423 
467 
351 
630 
100 
529 
474 
568 
1 
13 
132 
149 
208 
3 
727 
176 
710 
233 
19 
62 
514 
431 
329 
486 
245 
109 
270 
693 
297 
558 
113 
408 
504 
535 
380 
585 
115 
390 
234 
589 
520 
305 
64 
228 
326 
237 
108 
707 
31 
404 
25 
463 
215 
240 
487 
517 
566 
480 
217 
494 
732 
712 
175 
604 
374 
71 
554 
361 
434 
643 
551 
439 
48 
503 
547 
345 
412 
441 
738 
301 
528 
155 
87 
276 
331 
568 
51 
601 
630 
591 
715 
478 
584 
433 
105 
88 
295 
193 
657 
197 
231 
564 
335 
371 
679 
83 
137 
102 
14 
501 
223 
97 
479 
734 
607 
255 
40 
421 
494 
153 
100 
302 
637 
723 
111 
195 
463 
315 
51 
612 
158 
7 
497 
236 
468 
244 
19 
208 
439 
638 
477 
354 
358 
610 
124 
490 
147 
69 
538 
731 
25 
709 
422 
193 
521 
522 
329 
514 
271 
511 
398 
509 
499 
393 
464 
212 
543 
135 
106 
38 
527 
454 
253 
484 
117 
63 
284 
568 
248 
657 
381 
24 
478 
635 
677 
65 
223 
138 
377 
481 
256 
567 
701 
430 
658 
584 
575 
452 
278 
648 
650 
733 
422 
700 
316 
372 
495 
704 
88 
633 
290 
125 
154 
537 
100 
141 
579 
25 
108 
199 
347 
323 
513 
471 
327 
434 
736 
258 
713 
699 
99 
571 
634 
517 
354 
180 
436 
520 
572 
59 
462 
560 
252 
625 
7 
268 
421 
394 
529 
507 
345 
639 
296 
664 
478 
32 
680 
319 
662 
404 
584 
160 
3 
270 
260 
608 
29 
675 
193 
176 
184 
348 
455 
589 
732 
610 
207 
548 
15 
16 
518 
600 
617 
214 
155 
69 
378 
36 
416 
332 
408 
709 
474 
325 
446 
511 
561 
647 
352 
122 
443 
369 
10 
475 
187 
483 
179 
740 
616 
231 
247 
118 
130 
436 
578 
530 
213 
317 
1 
200 
357 
256 
158 
126 
190 
555 
693 
509 
234 
274 
656 
370 
95 
238 
346 
713 
116 
341 
466 
37 
519 
484 
645 
124 
314 
469 
293 
666 
417 
194 
305 
527 
699 
109 
43 
579 
392 
584 
300 
206 
3 
471 
246 
707 
373 
270 
303 
209 
241 
426 
161 
508 
318 
503 
535 
685 
17 
562 
18 
494 
497 
545 
59 
716 
98 
368 
589 
113 
483 
704 
517 
94 
133 
294 
614 
732 
286 
60 
28 
93 
138 
445 
711 
499 
524 
560 
160 
52 
596 
54 
427 
619 
585 
35 
297 
736 
261 
617 
120 
31 
739 
56 
581 
82 
488 
149 
728 
726 
573 
446 
76 
135 
569 
259 
317 
377 
476 
480 
243 
656 
737 
48 
457 
478 
401 
228 
307 
201 
507 
177 
254 
181 
444 
454 
264 
392 
102 
196 
302 
70 
523 
512 
270 
325 
118 
327 
266 
385 
269 
663 
531 
719 
296 
94 
322 
517 
435 
626 
238 
113 
479 
565 
408 
115 
225 
3 
407 
584 
736 
193 
701 
532 
597 
240 
526 
603 
330 
126 
505 
2 
188 
15 
557 
657 
172 
201 
492 
627 
689 
452 
256 
528 
726 
12 
599 
1 
524 
622 
278 
580 
737 
338 
80 
488 
725 
706 
344 
474 
207 
356 
320 
394 
315 
615 
591 
711 
241 
671 
57 
435 
123 
446 
366 
535 
612 
564 
494 
490 
700 
573 
266 
416 
16 
91 
110 
152 
574 
560 
44 
530 
165 
108 
369 
405 
475 
83 
602 
677 
684 
209 
216 
437 
55 
282 
674 
679 
265 
413 
609 
340 
193 
701 
332 
102 
333 
234 
736 
400 
349 
192 
62 
663 
210 
310 
10 
396 
131 
13 
35 
689 
124 
315 
428 
556 
660 
536 
126 
665 
95 
105 
304 
411 
260 
390 
166 
111 
287 
693 
394 
141 
243 
670 
149 
619 
672 
328 
585 
49 
565 
172 
653 
100 
417 
313 
139 
357 
350 
615 
50 
471 
658 
681 
160 
365 
162 
370 
638 
582 
32 
327 
52 
412 
496 
207 
413 
324 
550 
657 
310 
214 
194 
578 
91 
182 
611 
630 
282 
363 
403 
729 
8 
234 
507 
568 
497 
705 
93 
535 
670 
687 
622 
740 
95 
556 
376 
100 
736 
595 
242 
707 
335 
408 
473 
332 
405 
256 
739 
593 
122 
338 
439 
291 
462 
702 
372 
295 
653 
580 
220 
704 
559 
573 
68 
608 
288 
150 
531 
606 
276 
341 
510 
402 
426 
191 
403 
45 
477 
283 
488 
210 
584 
607 
516 
638 
560 
599 
214 
437 
231 
83 
427 
357 
610 
731 
513 
105 
558 
203 
568 
233 
733 
578 
212 
82 
10 
550 
665 
452 
63 
252 
130 
487 
502 
554 
330 
725 
587 
323 
48 
517 
520 
549 
12 
707 
243 
379 
687 
417 
600 
693 
635 
277 
265 
432 
73 
126 
706 
270 
273 
102 
120 
412 
644 
259 
598 
580 
134 
726 
362 
374 
32 
289 
565 
329 
90 
570 
275 
72 
136 
554 
100 
190 
508 
240 
326 
700 
293 
231 
214 
392 
716 
234 
348 
705 
45 
645 
583 
647 
381 
61 
119 
608 
241 
512 
460 
276 
430 
260 
505 
417 
628 
396 
25 
457 
224 
687 
667 
91 
677 
360 
10 
233 
725 
733 
722 
484 
569 
263 
15 
555 
596 
478 
469 
689 
29 
113 
413 
426 
207 
26 
439 
488 
635 
216 
736 
451 
529 
398 
296 
673 
740 
537 
314 
344 
240 
458 
575 
473 
160 
54 
498 
408 
468 
717 
104 
129 
257 
258 
265 
611 
718 
118 
295 
686 
68 
700 
732 
492 
620 
291 
326 
85 
696 
132 
425 
558 
412 
613 
3 
471 
595 
259 
34 
251 
89 
480 
610 
550 
111 
503 
330 
263 
365 
58 
508 
126 
685 
481 
400 
177 
40 
1 
597 
287 
122 
284 
114 
345 
453 
438 
93 
433 
51 
360 
373 
454 
371 
543 
431 
168 
653 
605 
401 
621 
100 
185 
316 
699 
270 
616 
116 
165 
385 
522 
137 
264 
582 
32 
608 
539 
392 
474 
612 
282 
48 
196 
361 
470 
436 
206 
291 
10 
155 
240 
330 
295 
273 
655 
260 
340 
243 
341 
579 
628 
585 
288 
727 
323 
707 
546 
399 
95 
647 
389 
88 
614 
476 
170 
690 
656 
296 
498 
20 
325 
660 
530 
631 
1 
552 
472 
371 
430 
527 
100 
178 
694 
391 
77 
507 
431 
385 
165 
458 
398 
710 
635 
547 
426 
517 
195 
455 
113 
49 
731 
483 
495 
655 
32 
654 
76 
17 
203 
277 
115 
362 
614 
309 
642 
713 
683 
326 
228 
610 
64 
135 
540 
662 
124 
584 
412 
573 
1 
178 
594 
657 
732 
630 
302 
255 
81 
417 
698 
195 
461 
712 
108 
581 
241 
389 
265 
529 
360 
341 
690 
158 
96 
291 
400 
175 
666 
456 
554 
496 
116 
69 
565 
643 
358 
84 
508 
660 
616 
651 
551 
258 
443 
517 
455 
223 
100 
87 
48 
567 
524 
534 
186 
29 
32 
110 
670 
461 
591 
210 
665 
375 
132 
630 
392 
608 
489 
82 
40 
707 
637 
124 
478 
685 
658 
388 
447 
722 
602 
89 
650 
481 
56 
309 
498 
291 
603 
288 
105 
138 
648 
410 
441 
369 
663 
359 
614 
25 
563 
10 
213 
721 
734 
565 
93 
361 
545 
206 
58 
296 
671 
723 
601 
578 
426 
494 
180 
576 
48 
297 
358 
304 
387 
293 
251 
639 
654 
725 
405 
356 
482 
377 
507 
151 
188 
595 
145 
417 
568 
182 
554 
740 
14 
458 
487 
31 
12 
712 
270 
475 
606 
662 
549 
483 
211 
435 
331 
496 
36 
210 
317 
622 
108 
100 
157 
688 
527 
18 
636 
623 
711 
135 
346 
499 
370 
547 
215 
579 
172 
572 
379 
347 
144 
285 
601 
589 
479 
76 
478 
544 
651 
719 
33 
679 
350 
481 
34 
440 
488 
398 
419 
701 
295 
629 
333 
49 
98 
383 
516 
665 
270 
314 
61 
426 
421 
455 
122 
237 
515 
711 
374 
401 
513 
694 
615 
643 
604 
699 
529 
596 
271 
568 
722 
683 
260 
357 
331 
235 
313 
687 
176 
261 
425 
293 
565 
309 
471 
688 
716 
458 
344 
434 
578 
725 
632 
32 
335 
647 
443 
616 
257 
561 
139 
184 
639 
681 
241 
393 
185 
487 
102 
181 
507 
610 
718 
452 
704 
90 
349 
205 
82 
733 
100 
56 
510 
649 
192 
545 
703 
233 
151 
214 
740 
528 
281 
470 
174 
88 
513 
155 
653 
148 
435 
94 
209 
40 
699 
541 
588 
608 
382 
572 
260 
142 
116 
399 
9 
607 
441 
394 
115 
600 
227 
526 
506 
265 
374 
287 
105 
604 
481 
434 
573 
19 
34 
241 
736 
463 
550 
263 
138 
191 
14 
477 
673 
111 
518 
570 
473 
82 
405 
492 
706 
48 
713 
644 
681 
490 
719 
493 
688 
551 
323 
521 
357 
1 
379 
502 
331 
269 
528 
580 
505 
665 
670 
638 
132 
157 
214 
172 
260 
497 
683 
515 
626 
29 
141 
596 
270 
372 
212 
680 
545 
654 
341 
566 
607 
676 
43 
160 
351 
613 
698 
377 
251 
201 
40 
233 
473 
512 
158 
288 
76 
704 
510 
535 
558 
443 
481 
673 
583 
598 
60 
477 
726 
85 
315 
514 
0 
589 
259 
581 
737 
380 
413 
454 
527 
369 
475 
239 
495 
547 
213 
476 
658 
51 
471 
16 
86 
200 
188 
442 
633 
142 
307 
165 
627 
614 
632 
282 
364 
390 
436 
487 
41 
731 
358 
408 
608 
253 
341 
689 
687 
328 
526 
675 
156 
303 
105 
412 
511 
34 
642 
63 
116 
201 
371 
404 
119 
255 
553 
701 
630 
382 
294 
89 
340 
447 
738 
480 
707 
491 
673 
637 
367 
394 
292 
182 
524 
476 
381 
650 
175 
144 
300 
377 
135 
431 
163 
121 
342 
223 
496 
6 
348 
608 
719 
13 
126 
499 
246 
513 
518 
251 
208 
354 
568 
386 
388 
27 
109 
118 
443 
614 
224 
700 
322 
9 
201 
265 
570 
596 
654 
584 
474 
583 
147 
104 
537 
240 
385 
521 
721 
0 
107 
345 
469 
593 
578 
515 
241 
66 
514 
702 
435 
571 
151 
389 
726 
110 
411 
509 
637 
372 
380 
591 
134 
697 
523 
539 
1 
551 
594 
727 
145 
557 
579 
609 
402 
170 
379 
673 
68 
128 
575 
430 
286 
643 
132 
478 
328 
462 
691 
247 
291 
725 
275 
555 
487 
625 
169 
564 
335 
214 
581 
476 
343 
9 
93 
195 
589 
166 
265 
160 
718 
42 
48 
360 
239 
355 
526 
363 
249 
35 
660 
716 
531 
167 
146 
358 
410 
693 
600 
75 
235 
441 
705 
312 
559 
346 
727 
585 
296 
264 
260 
604 
100 
59 
611 
453 
282 
551 
436 
487 
120 
91 
323 
25 
352 
480 
484 
522 
632 
687 
665 
452 
349 
204 
699 
385 
544 
377 
172 
638 
115 
549 
518 
3 
116 
364 
246 
629 
161 
573 
250 
478 
550 
408 
230 
433 
493 
165 
529 
342 
521 
170 
87 
82 
46 
64 
526 
513 
657 
426 
676 
403 
579 
135 
168 
243 
186 
587 
630 
61 
599 
651 
701 
39 
38 
456 
677 
338 
706 
19 
167 
375 
13 
251 
106 
370 
647 
417 
394 
560 
66 
117 
335 
451 
436 
54 
631 
318 
3 
455 
618 
329 
344 
92 
141 
711 
588 
302 
155 
718 
91 
380 
44 
584 
48 
704 
182 
270 
288 
258 
20 
483 
649 
28 
515 
14 
449 
75 
339 
597 
236 
673 
684 
435 
650 
95 
324 
50 
276 
487 
263 
612 
471 
291 
132 
295 
660 
384 
123 
179 
736 
234 
111 
436 
476 
494 
340 
63 
470 
646 
459 
130 
344 
681 
665 
38 
303 
507 
609 
610 
668 
206 
371 
711 
282 
223 
510 
211 
348 
268 
452 
178 
437 
281 
203 
489 
403 
655 
388 
22 
26 
196 
326 
611 
273 
117 
488 
96 
370 
315 
51 
235 
473 
541 
194 
176 
224 
599 
175 
300 
395 
546 
350 
550 
225 
503 
709 
478 
656 
357 
125 
115 
344 
580 
616 
699 
738 
470 
439 
276 
304 
578 
283 
719 
44 
340 
530 
354 
683 
341 
165 
119 
508 
37 
551 
393 
156 
14 
673 
345 
492 
668 
142 
704 
54 
270 
499 
712 
555 
296 
197 
212 
103 
136 
295 
677 
561 
713 
287 
267 
155 
76 
480 
191 
650 
192 
60 
351 
208 
335 
167 
524 
720 
133 
94 
507 
268 
727 
112 
600 
307 
669 
459 
273 
179 
440 
266 
473 
662 
26 
157 
547 
550 
44 
601 
98 
687 
131 
83 
437 
717 
567 
276 
291 
598 
337 
270 
377 
348 
471 
199 
380 
443 
651 
610 
230 
278 
580 
491 
653 
375 
439 
315 
316 
193 
339 
688 
57 
561 
115 
406 
702 
589 
105 
645 
431 
414 
181 
344 
596 
359 
652 
643 
205 
556 
326 
365 
260 
650 
433 
238 
736 
586 
228 
494 
137 
216 
305 
273 
538 
48 
150 
546 
366 
571 
272 
324 
5 
662 
695 
250 
480 
509 
282 
28 
607 
309 
299 
380 
384 
599 
122 
543 
713 
389 
739 
243 
364 
532 
679 
388 
731 
409 
565 
94 
699 
180 
147 
507 
663 
265 
717 
436 
381 
126 
619 
592 
132 
550 
296 
604 
710 
635 
664 
525 
78 
350 
495 
399 
270 
481 
566 
649 
62 
230 
407 
456 
196 
155 
707 
429 
116 
573 
142 
278 
334 
437 
17 
408 
385 
69 
34 
403 
638 
9 
599 
289 
316 
236 
547 
488 
181 
703 
551 
727 
647 
348 
489 
535 
559 
650 
145 
343 
345 
382 
438 
690 
102 
88 
503 
325 
498 
721 
266 
239 
254 
262 
356 
111 
564 
378 
585 
591 
417 
283 
524 
649 
147 
497 
702 
717 
21 
274 
122 
376 
358 
471 
595 
662 
293 
449 
142 
217 
676 
223 
129 
104 
268 
19 
440 
732 
443 
437 
692 
203 
532 
658 
148 
472 
539 
39 
196 
488 
320 
383 
264 
614 
501 
231 
123 
108 
654 
456 
674 
657 
134 
342 
67 
103 
271 
335 
590 
45 
179 
524 
439 
102 
554 
151 
197 
584 
192 
609 
642 
59 
315 
288 
357 
100 
731 
494 
243 
471 
600 
631 
613 
48 
268 
666 
251 
333 
46 
727 
270 
390 
693 
133 
324 
330 
694 
206 
555 
205 
346 
208 
438 
62 
101 
276 
393 
551 
90 
483 
726 
661 
733 
549 
572 
175 
508 
417 
3 
616 
332 
699 
546 
439 
107 
409 
239 
17 
604 
265 
705 
357 
135 
192 
430 
662 
325 
567 
168 
169 
9 
526 
496 
719 
731 
613 
701 
113 
274 
563 
57 
511 
99 
507 
95 
217 
193 
572 
187 
216 
437 
378 
454 
361 
162 
324 
191 
49 
340 
443 
617 
451 
619 
614 
631 
661 
503 
141 
658 
530 
585 
46 
646 
594 
412 
107 
354 
480 
351 
733 
329 
590 
29 
75 
469 
240 
405 
408 
452 
727 
360 
736 
170 
458 
673 
32 
444 
131 
355 
309 
262 
552 
108 
69 
439 
116 
175 
393 
558 
224 
417 
39 
707 
165 
51 
146 
83 
220 
494 
327 
574 
499 
339 
211 
1 
717 
45 
308 
618 
100 
431 
291 
591 
731 
243 
40 
387 
561 
475 
329 
712 
578 
713 
49 
503 
632 
132 
292 
199 
522 
10 
718 
725 
517 
103 
312 
389 
72 
268 
335 
668 
366 
719 
163 
241 
380 
282 
598 
277 
417 
361 
416 
694 
345 
544 
480 
143 
721 
621 
60 
17 
646 
558 
212 
521 
410 
116 
328 
39 
439 
620 
288 
600 
197 
306 
631 
381 
48 
492 
286 
124 
444 
732 
616 
501 
705 
430 
261 
352 
424 
131 
716 
579 
447 
739 
563 
30 
0 
457 
304 
375 
488 
62 
541 
316 
508 
719 
423 
437 
390 
206 
209 
435 
625 
686 
234 
149 
207 
698 
657 
273 
108 
9 
293 
278 
738 
276 
493 
518 
16 
42 
658 
18 
259 
535 
565 
203 
129 
414 
451 
308 
230 
433 
55 
513 
1 
723 
674 
5 
666 
25 
721 
614 
697 
122 
365 
503 
726 
426 
557 
644 
476 
191 
249 
545 
378 
630 
384 
737 
643 
342 
596 
36 
389 
521 
115 
228 
240 
160 
507 
100 
252 
609 
434 
238 
324 
314 
480 
583 
417 
508 
694 
382 
83 
143 
174 
68 
107 
309 
224 
463 
79 
152 
563 
251 
740 
482 
341 
138 
277 
537 
719 
592 
669 
704 
90 
492 
120 
394 
145 
624 
223 
658 
403 
544 
363 
291 
551 
656 
332 
203 
736 
449 
709 
32 
441 
630 
376 
272 
408 
587 
318 
558 
121 
412 
619 
489 
283 
95 
305 
294 
590 
185 
229 
666 
638 
542 
526 
475 
35 
683 
234 
285 
398 
473 
650 
646 
701 
479 
51 
129 
387 
589 
96 
529 
309 
576 
732 
198 
208 
573 
69 
705 
8 
322 
266 
354 
487 
697 
706 
200 
515 
610 
88 
700 
260 
326 
48 
52 
569 
126 
345 
376 
730 
671 
455 
289 
104 
16 
154 
661 
346 
83 
556 
736 
449 
317 
417 
32 
82 
444 
394 
116 
115 
551 
117 
344 
351 
441 
272 
660 
352 
495 
627 
234 
192 
35 
460 
252 
544 
357 
494 
17 
631 
316 
559 
27 
265 
698 
356 
669 
463 
647 
97 
102 
498 
214 
301 
4 
276 
6 
579 
129 
122 
722 
148 
396 
12 
733 
476 
223 
426 
44 
567 
39 
546 
483 
699 
270 
268 
40 
449 
584 
424 
31 
273 
489 
339 
108 
193 
130 
30 
243 
14 
736 
201 
666 
423 
274 
438 
216 
626 
716 
728 
530 
116 
262 
385 
487 
571 
296 
569 
89 
195 
471 
282 
643 
493 
54 
652 
565 
357 
602 
732 
55 
251 
91 
142 
466 
76 
87 
410 
536 
5 
112 
34 
123 
567 
515 
541 
703 
252 
412 
214 
335 
100 
145 
40 
484 
710 
691 
506 
632 
628 
283 
248 
452 
724 
661 
659 
264 
469 
73 
693 
644 
29 
708 
222 
149 
279 
370 
326 
551 
636 
545 
699 
253 
552 
411 
49 
139 
236 
387 
479 
6 
297 
89 
643 
156 
574 
316 
423 
90 
543 
698 
558 
323 
155 
473 
627 
167 
276 
96 
402 
710 
654 
504 
599 
438 
572 
550 
458 
474 
240 
540 
607 
628 
98 
291 
499 
111 
177 
390 
371 
82 
634 
506 
420 
309 
293 
417 
208 
34 
565 
552 
135 
663 
636 
443 
731 
144 
18 
579 
372 
251 
265 
597 
8 
303 
330 
616 
155 
236 
539 
79 
26 
141 
581 
351 
280 
718 
688 
201 
598 
736 
721 
348 
72 
729 
666 
470 
614 
675 
698 
599 
578 
243 
527 
425 
705 
489 
128 
166 
727 
472 
486 
521 
643 
50 
87 
630 
655 
476 
494 
107 
644 
458 
6 
308 
81 
4 
465 
90 
192 
93 
454 
270 
376 
116 
12 
61 
392 
522 
368 
185 
52 
135 
604 
105 
451 
74 
310 
234 
292 
658 
19 
623 
3 
724 
673 
704 
493 
14 
210 
546 
55 
595 
449 
726 
554 
274 
417 
261 
567 
637 
142 
601 
483 
499 
471 
305 
712 
122 
28 
407 
647 
580 
38 
439 
426 
137 
83 
581 
191 
510 
241 
585 
606 
674 
182 
612 
236 
503 
714 
185 
479 
207 
309 
29 
34 
77 
239 
528 
225 
321 
408 
610 
197 
440 
93 
231 
551 
61 
39 
251 
56 
476 
291 
579 
723 
387 
350 
617 
727 
257 
441 
113 
481 
382 
446 
339 
165 
372 
713 
565 
516 
69 
358 
166 
351 
636 
456 
615 
389 
733 
581 
609 
327 
734 
216 
348 
399 
638 
718 
567 
340 
1 
426 
566 
3 
25 
700 
697 
571 
644 
605 
448 
489 
219 
523 
93 
551 
384 
22 
542 
133 
39 
541 
246 
32 
630 
517 
329 
392 
720 
217 
18 
193 
108 
113 
196 
515 
650 
555 
296 
513 
124 
357 
320 
302 
548 
317 
696 
268 
554 
671 
396 
326 
266 
558 
688 
722 
429 
179 
699 
270 
200 
310 
658 
257 
440 
431 
379 
8 
426 
660 
303 
31 
527 
511 
210 
273 
487 
522 
561 
726 
324 
240 
733 
390 
609 
617 
480 
668 
476 
568 
572 
731 
646 
738 
565 
519 
550 
423 
58 
193 
734 
107 
599 
32 
455 
42 
569 
147 
514 
264 
498 
328 
95 
111 
501 
502 
417 
185 
339 
658 
711 
546 
1 
143 
441 
699 
312 
388 
399 
505 
542 
681 
577 
515 
379 
253 
317 
136 
21 
700 
194 
356 
641 
612 
327 
325 
589 
182 
591 
102 
337 
19 
139 
165 
524 
616 
38 
683 
650 
117 
127 
372 
599 
0 
693 
719 
68 
472 
707 
395 
674 
634 
663 
679 
95 
595 
382 
647 
90 
246 
328 
300 
130 
469 
609 
507 
326 
140 
658 
266 
511 
560 
133 
274 
490 
336 
58 
493 
265 
96 
250 
106 
303 
368 
567 
496 
151 
92 
711 
145 
416 
385 
119 
650 
243 
288 
646 
707 
124 
310 
463 
12 
140 
172 
194 
26 
200 
335 
291 
407 
684 
100 
51 
264 
609 
224 
599 
431 
620 
459 
376 
525 
695 
648 
379 
137 
95 
135 
489 
186 
234 
192 
349 
251 
116 
113 
550 
204 
548 
1 
299 
664 
438 
98 
307 
296 
101 
541 
433 
244 
35 
439 
42 
104 
285 
231 
314 
535 
701 
327 
565 
726 
477 
19 
111 
303 
613 
275 
363 
558 
31 
380 
732 
17 
369 
288 
370 
681 
166 
457 
15 
722 
482 
191 
124 
234 
209 
737 
521 
621 
356 
325 
388 
619 
614 
110 
444 
1 
184 
461 
609 
14 
45 
517 
399 
631 
613 
472 
475 
611 
462 
282 
216 
317 
344 
550 
272 
649 
708 
132 
650 
615 
364 
376 
47 
63 
172 
449 
236 
525 
96 
554 
329 
456 
214 
52 
541 
561 
31 
535 
62 
353 
589 
60 
602 
690 
280 
612 
644 
410 
731 
234 
476 
421 
342 
488 
658 
372 
734 
436 
122 
34 
327 
380 
25 
187 
232 
354 
269 
545 
107 
151 
272 
608 
576 
323 
393 
630 
668 
548 
584 
95 
260 
718 
565 
413 
98 
238 
69 
492 
732 
20 
116 
582 
350 
699 
619 
612 
363 
274 
335 
88 
662 
331 
230 
511 
693 
83 
108 
550 
703 
438 
47 
578 
138 
160 
203 
736 
733 
26 
558 
127 
344 
282 
3 
17 
488 
609 
382 
176 
325 
279 
319 
265 
386 
89 
158 
579 
116 
530 
532 
626 
191 
586 
270 
502 
647 
710 
315 
452 
214 
115 
711 
600 
687 
51 
261 
285 
739 
21 
694 
92 
657 
197 
668 
614 
300 
264 
349 
509 
691 
524 
738 
619 
345 
175 
76 
435 
417 
583 
389 
482 
335 
718 
408 
446 
98 
679 
469 
230 
418 
669 
143 
305 
64 
713 
368 
384 
212 
551 
82 
639 
134 
17 
730 
265 
454 
193 
340 
200 
327 
15 
103 
696 
255 
73 
28 
36 
489 
282 
160 
84 
40 
659 
19 
572 
49 
436 
559 
702 
592 
90 
364 
492 
1 
21 
113 
199 
245 
517 
673 
619 
448 
214 
32 
676 
175 
59 
246 
328 
443 
613 
78 
170 
463 
465 
474 
412 
616 
10 
247 
357 
498 
192 
366 
531 
102 
604 
172 
171 
310 
169 
607 
66 
550 
687 
141 
425 
33 
213 
477 
699 
119 
34 
60 
436 
708 
185 
422 
94 
400 
467 
36 
473 
143 
61 
226 
351 
701 
495 
596 
472 
568 
93 
108 
584 
238 
673 
28 
14 
79 
75 
103 
165 
345 
254 
392 
565 
643 
105 
342 
443 
382 
19 
96 
155 
479 
464 
680 
242 
503 
245 
48 
717 
111 
298 
694 
485 
685 
325 
295 
270 
711 
153 
302 
457 
468 
167 
160 
314 
143 
199 
265 
54 
513 
604 
630 
699 
559 
112 
648 
144 
386 
23 
416 
370 
447 
644 
366 
104 
258 
260 
401 
649 
303 
190 
1 
393 
452 
454 
51 
489 
158 
181 
703 
31 
338 
558 
688 
508 
324 
328 
175 
581 
326 
219 
291 
537 
20 
155 
394 
726 
188 
471 
141 
595 
426 
234 
230 
503 
79 
105 
494 
672 
392 
83 
673 
573 
2 
535 
216 
702 
159 
78 
557 
571 
224 
510 
725 
417 
208 
599 
412 
62 
349 
93 
115 
619 
151 
547 
235 
656 
438 
447 
684 
399 
711 
647 
342 
601 
191 
389 
698 
732 
435 
328 
507 
325 
518 
138 
174 
620 
335 
116 
652 
268 
737 
543 
466 
478 
646 
553 
388 
219 
369 
196 
567 
378 
45 
85 
393 
579 
707 
224 
476 
693 
288 
458 
143 
355 
402 
505 
504 
440 
28 
357 
264 
616 
533 
417 
62 
460 
31 
636 
676 
568 
15 
130 
121 
74 
594 
535 
135 
136 
705 
73 
44 
133 
88 
149 
131 
480 
159 
41 
100 
126 
528 
529 
94 
658 
251 
737 
426 
487 
561 
298 
63 
450 
373 
611 
1 
388 
438 
317 
629 
550 
160 
559 
96 
297 
532 
376 
672 
115 
704 
665 
496 
378 
197 
315 
701 
617 
27 
134 
344 
654 
32 
158 
250 
415 
220 
3 
300 
568 
546 
690 
340 
714 
283 
400 
477 
441 
39 
201 
110 
167 
489 
547 
702 
233 
270 
140 
493 
459 
51 
5 
6 
150 
180 
60 
293 
680 
502 
377 
253 
598 
100 
480 
103 
309 
108 
649 
16 
482 
104 
90 
674 
107 
34 
109 
157 
133 
27 
171 
346 
473 
224 
277 
631 
721 
628 
704 
663 
214 
484 
633 
96 
354 
15 
317 
568 
713 
647 
390 
665 
328 
650 
305 
583 
461 
85 
687 
228 
531 
70 
571 
581 
366 
365 
358 
278 
700 
264 
206 
53 
254 
496 
210 
362 
513 
181 
399 
537 
417 
309 
6 
101 
270 
460 
194 
429 
69 
550 
425 
402 
62 
672 
224 
349 
573 
597 
705 
727 
509 
706 
353 
629 
36 
37 
604 
403 
732 
160 
104 
530 
495 
221 
675 
644 
205 
79 
406 
443 
360 
200 
701 
635 
607 
116 
48 
272 
305 
589 
433 
556 
378 
504 
567 
303 
357 
73 
66 
724 
5 
656 
579 
10 
142 
529 
689 
611 
697 
280 
662 
182 
686 
591 
725 
59 
673 
476 
587 
76 
173 
374 
18 
277 
151 
1 
98 
356 
619 
613 
279 
34 
376 
130 
227 
711 
487 
510 
293 
340 
232 
660 
569 
342 
545 
449 
576 
193 
589 
567 
610 
736 
39 
3 
19 
72 
564 
13 
680 
66 
399 
263 
638 
285 
646 
650 
595 
133 
357 
317 
141 
740 
457 
234 
18 
160 
96 
568 
9 
215 
628 
280 
28 
256 
677 
517 
197 
574 
709 
658 
94 
291 
336 
513 
647 
45 
408 
488 
530 
540 
15 
165 
726 
135 
158 
554 
551 
706 
70 
566 
594 
418 
589 
29 
237 
241 
330 
474 
250 
613 
177 
266 
322 
614 
598 
673 
727 
570 
625 
329 
546 
32 
100 
580 
421 
437 
707 
545 
503 
290 
55 
92 
415 
659 
93 
574 
644 
362 
357 
167 
216 
492 
662 
254 
183 
14 
565 
498 
638 
120 
568 
389 
443 
392 
40 
691 
116 
591 
62 
629 
263 
366 
408 
345 
58 
47 
1 
236 
193 
207 
731 
111 
42 
309 
102 
79 
147 
117 
332 
713 
703 
126 
148 
296 
524 
610 
217 
727 
210 
737 
571 
21 
738 
719 
54 
181 
314 
642 
438 
661 
157 
109 
508 
431 
298 
13 
140 
633 
149 
191 
17 
529 
628 
721 
658 
509 
457 
480 
555 
690 
422 
99 
613 
521 
702 
644 
736 
656 
420 
174 
499 
62 
238 
223 
116 
623 
3 
315 
552 
688 
609 
531 
100 
175 
647 
398 
503 
597 
224 
683 
60 
655 
483 
455 
291 
399 
177 
19 
361 
312 
155 
660 
104 
673 
739 
316 
309 
698 
699 
502 
627 
163 
311 
572 
160 
340 
479 
721 
370 
457 
713 
610 
132 
684 
388 
143 
614 
679 
121 
180 
34 
731 
451 
531 
417 
725 
69 
377 
419 
452 
277 
494 
102 
150 
325 
524 
437 
647 
727 
165 
402 
599 
223 
255 
409 
278 
703 
344 
131 
362 
39 
84 
130 
563 
101 
25 
95 
676 
438 
410 
64 
356 
707 
507 
372 
332 
291 
567 
649 
426 
272 
63 
522 
613 
238 
1 
96 
686 
261 
194 
118 
237 
59 
136 
79 
89 
517 
657 
576 
293 
127 
370 
34 
545 
158 
214 
62 
503 
558 
162 
348 
673 
326 
288 
436 
254 
124 
393 
185 
693 
546 
360 
165 
138 
574 
540 
730 
604 
646 
497 
200 
488 
578 
332 
639 
699 
112 
362 
592 
309 
357 
471 
584 
434 
95 
577 
653 
98 
383 
377 
462 
426 
416 
629 
522 
243 
208 
580 
3 
558 
579 
296 
64 
697 
272 
516 
226 
734 
559 
331 
184 
65 
167 
210 
35 
236 
313 
5 
179 
404 
103 
113 
289 
346 
553 
1 
578 
665 
510 
327 
224 
498 
593 
274 
647 
196 
199 
513 
71 
88 
147 
348 
557 
108 
379 
130 
132 
448 
177 
351 
451 
475 
705 
214 
0 
620 
87 
507 
598 
560 
734 
706 
731 
19 
599 
112 
395 
658 
288 
637 
31 
185 
545 
297 
382 
194 
613 
281 
17 
325 
209 
105 
354 
628 
334 
431 
142 
341 
629 
203 
287 
537 
693 
278 
330 
124 
586 
521 
139 
713 
100 
522 
738 
268 
251 
284 
186 
730 
365 
357 
224 
340 
270 
132 
155 
245 
4 
338 
548 
649 
647 
14 
162 
531 
320 
146 
565 
20 
580 
433 
515 
351 
438 
614 
718 
539 
444 
612 
393 
197 
185 
707 
168 
283 
456 
124 
72 
370 
341 
518 
210 
648 
360 
54 
472 
503 
10 
108 
487 
731 
600 
699 
171 
65 
165 
484 
658 
157 
385 
352 
500 
354 
0 
89 
315 
268 
655 
116 
636 
519 
642 
77 
426 
103 
325 
113 
479 
647 
596 
141 
230 
548 
358 
660 
449 
561 
304 
111 
665 
257 
629 
495 
213 
17 
416 
167 
402 
614 
695 
135 
237 
153 
102 
440 
613 
332 
60 
708 
569 
398 
718 
480 
591 
19 
58 
580 
147 
76 
376 
598 
225 
3 
15 
219 
608 
669 
156 
578 
491 
522 
657 
93 
41 
132 
215 
214 
305 
503 
211 
150 
340 
331 
604 
457 
298 
82 
438 
44 
417 
270 
396 
455 
140 
487 
573 
671 
399 
430 
707 
610 
654 
390 
344 
263 
272 
356 
732 
218 
280 
545 
739 
29 
245 
1 
370 
470 
366 
534 
362 
266 
507 
235 
41 
214 
657 
172 
193 
669 
604 
556 
734 
66 
127 
79 
161 
329 
417 
461 
327 
459 
513 
447 
192 
325 
428 
679 
352 
520 
704 
288 
200 
268 
540 
516 
305 
435 
195 
485 
522 
672 
471 
12 
568 
40 
95 
191 
174 
211 
393 
483 
544 
462 
291 
509 
351 
534 
598 
731 
25 
422 
274 
118 
190 
596 
452 
142 
282 
295 
608 
440 
487 
580 
216 
508 
559 
322 
524 
78 
473 
350 
710 
699 
36 
63 
184 
481 
727 
4 
613 
238 
403 
116 
179 
475 
88 
594 
550 
498 
372 
193 
106 
664 
520 
683 
568 
239 
551 
39 
210 
19 
223 
124 
522 
574 
136 
425 
494 
286 
3 
650 
638 
230 
224 
737 
32 
342 
455 
481 
234 
704 
519 
216 
558 
45 
47 
702 
380 
663 
148 
684 
604 
121 
155 
139 
446 
329 
447 
109 
235 
462 
625 
120 
270 
357 
283 
282 
733 
469 
613 
710 
175 
331 
12 
93 
524 
399 
135 
721 
51 
18 
534 
433 
544 
238 
656 
110 
390 
587 
591 
388 
643 
505 
498 
191 
657 
310 
54 
44 
248 
716 
89 
527 
137 
197 
607 
62 
213 
10 
32 
403 
653 
392 
184 
696 
574 
662 
192 
17 
226 
671 
612 
109 
387 
27 
536 
87 
596 
167 
679 
100 
14 
636 
634 
199 
283 
384 
559 
294 
378 
629 
265 
438 
543 
537 
224 
565 
159 
49 
106 
357 
129 
412 
238 
250 
275 
182 
216 
493 
29 
332 
45 
522 
535 
630 
609 
620 
492 
242 
610 
718 
664 
495 
645 
104 
92 
435 
377 
436 
656 
227 
716 
572 
490 
737 
116 
626 
247 
576 
507 
268 
215 
691 
600 
396 
100 
352 
218 
665 
715 
185 
644 
361 
606 
416 
518 
188 
573 
234 
126 
141 
112 
475 
538 
541 
680 
174 
733 
194 
332 
251 
291 
520 
32 
666 
3 
614 
111 
489 
619 
130 
458 
457 
165 
529 
346 
200 
83 
599 
517 
473 
209 
607 
268 
711 
338 
737 
483 
260 
723 
356 
374 
19 
75 
122 
90 
49 
93 
385 
28 
463 
713 
449 
524 
1 
345 
243 
298 
434 
436 
76 
540 
554 
152 
59 
13 
27 
557 
578 
526 
637 
141 
563 
611 
343 
235 
481 
48 
579 
587 
146 
240 
256 
116 
568 
166 
584 
172 
123 
571 
31 
219 
150 
558 
225 
484 
608 
217 
12 
194 
656 
158 
615 
595 
494 
323 
641 
620 
72 
296 
165 
83 
598 
707 
724 
380 
147 
679 
619 
717 
292 
625 
167 
344 
302 
271 
234 
375 
390 
85 
535 
732 
444 
667 
137 
155 
39 
186 
687 
665 
311 
340 
435 
224 
108 
245 
96 
180 
552 
215 
100 
389 
726 
278 
21 
104 
1 
378 
606 
593 
673 
632 
381 
559 
693 
34 
407 
221 
438 
55 
663 
238 
157 
731 
296 
568 
107 
297 
599 
342 
167 
39 
688 
586 
197 
477 
556 
440 
250 
317 
398 
335 
644 
174 
393 
551 
708 
82 
575 
522 
718 
526 
597 
560 
671 
503 
291 
285 
617 
533 
138 
32 
46 
226 
702 
444 
93 
113 
133 
5 
37 
323 
485 
35 
550 
732 
601 
161 
210 
201 
646 
353 
669 
25 
471 
736 
372 
691 
203 
34 
723 
14 
295 
488 
513 
44 
486 
560 
263 
731 
186 
238 
49 
339 
145 
665 
294 
172 
0 
193 
695 
725 
437 
28 
619 
241 
519 
73 
561 
503 
412 
569 
177 
335 
675 
123 
576 
111 
124 
685 
461 
134 
147 
288 
493 
429 
578 
162 
276 
423 
6 
562 
14 
82 
63 
234 
280 
314 
577 
277 
530 
78 
699 
595 
586 
93 
192 
282 
355 
328 
231 
517 
471 
235 
381 
449 
21 
574 
369 
246 
643 
547 
26 
340 
322 
10 
233 
29 
551 
462 
539 
397 
411 
319 
157 
446 
95 
122 
162 
40 
731 
438 
549 
261 
656 
50 
584 
471 
578 
207 
503 
523 
708 
580 
178 
111 
172 
565 
223 
145 
68 
727 
393 
357 
635 
489 
583 
69 
658 
685 
671 
48 
733 
252 
42 
51 
37 
315 
441 
616 
107 
226 
270 
736 
653 
358 
360 
488 
115 
344 
613 
547 
606 
725 
155 
443 
563 
137 
104 
41 
401 
553 
333 
644 
142 
371 
659 
24 
308 
650 
698 
93 
335 
598 
172 
141 
133 
607 
610 
380 
1 
735 
270 
134 
205 
421 
574 
342 
3 
288 
558 
138 
59 
135 
56 
559 
524 
284 
160 
707 
257 
125 
560 
40 
150 
302 
599 
699 
570 
291 
586 
271 
26 
536 
527 
361 
530 
260 
430 
224 
310 
683 
146 
154 
579 
10 
49 
158 
258 
439 
117 
159 
700 
208 
198 
331 
115 
207 
578 
480 
662 
733 
281 
277 
643 
88 
390 
663 
403 
441 
358 
177 
583 
642 
535 
32 
344 
695 
130 
323 
551 
243 
443 
270 
369 
524 
728 
266 
283 
20 
332 
545 
276 
263 
359 
723 
655 
716 
513 
294 
508 
431 
638 
273 
195 
43 
314 
458 
291 
503 
122 
166 
340 
469 
121 
447 
206 
478 
418 
732 
609 
529 
201 
364 
325 
456 
96 
409 
683 
731 
27 
110 
489 
393 
14 
576 
402 
93 
432 
370 
718 
163 
174 
30 
335 
58 
596 
215 
3 
203 
382 
25 
149 
224 
209 
326 
673 
324 
250 
380 
49 
410 
607 
172 
494 
177 
492 
434 
450 
614 
556 
472 
715 
508 
510 
61 
320 
528 
426 
18 
122 
268 
233 
713 
711 
440 
1 
573 
628 
647 
5 
197 
186 
26 
31 
188 
703 
717 
302 
608 
559 
40 
57 
480 
621 
20 
145 
712 
350 
679 
94 
13 
322 
609 
499 
44 
527 
417 
637 
574 
733 
29 
77 
464 
231 
430 
576 
317 
34 
295 
438 
663 
644 
701 
711 
344 
210 
687 
641 
161 
283 
314 
41 
27 
83 
613 
662 
708 
147 
303 
390 
315 
132 
642 
558 
416 
669 
619 
732 
171 
718 
562 
280 
108 
467 
81 
285 
150 
286 
707 
412 
218 
580 
93 
230 
510 
29 
656 
242 
515 
88 
330 
600 
439 
68 
403 
385 
252 
59 
726 
380 
485 
502 
233 
612 
104 
733 
653 
417 
51 
437 
67 
566 
621 
470 
544 
322 
76 
597 
184 
351 
698 
335 
180 
568 
716 
63 
435 
557 
206 
39 
41 
344 
85 
554 
606 
650 
105 
543 
378 
593 
734 
181 
61 
9 
13 
474 
113 
608 
529 
243 
483 
585 
401 
143 
331 
655 
161 
676 
670 
514 
285 
75 
509 
280 
32 
576 
669 
630 
385 
40 
93 
175 
622 
467 
43 
269 
234 
447 
259 
329 
165 
354 
479 
513 
710 
469 
120 
458 
89 
642 
35 
342 
705 
713 
152 
728 
127 
235 
279 
189 
495 
58 
289 
541 
26 
663 
207 
236 
635 
398 
53 
24 
492 
6 
16 
721 
608 
302 
233 
439 
509 
607 
644 
561 
589 
104 
204 
739 
334 
224 
425 
327 
324 
300 
36 
358 
307 
422 
213 
511 
669 
181 
361 
412 
441 
129 
285 
718 
647 
702 
612 
244 
580 
573 
601 
604 
531 
208 
43 
565 
85 
116 
632 
679 
438 
315 
610 
356 
399 
185 
638 
431 
654 
210 
475 
115 
568 
113 
9 
494 
627 
581 
505 
134 
343 
701 
231 
439 
351 
246 
110 
470 
3 
452 
619 
466 
547 
413 
553 
104 
560 
437 
60 
160 
504 
203 
673 
684 
737 
371 
161 
323 
325 
583 
85 
318 
316 
216 
95 
507 
292 
282 
256 
683 
499 
643 
122 
465 
306 
19 
576 
56 
193 
698 
255 
552 
525 
498 
580 
145 
644 
175 
536 
127 
143 
213 
314 
664 
158 
303 
121 
228 
665 
386 
412 
20 
224 
658 
229 
157 
346 
594 
609 
740 
669 
73 
117 
276 
653 
44 
219 
592 
710 
39 
290 
272 
377 
482 
709 
172 
426 
161 
458 
72 
360 
436 
699 
285 
630 
266 
258 
282 
651 
148 
408 
606 
124 
288 
529 
225 
28 
595 
217 
613 
445 
579 
351 
338 
116 
216 
255 
493 
596 
513 
111 
22 
733 
612 
498 
210 
672 
134 
320 
731 
726 
5 
450 
700 
17 
598 
15 
269 
42 
309 
578 
644 
232 
221 
193 
443 
647 
641 
348 
523 
698 
503 
728 
264 
581 
486 
572 
665 
460 
58 
338 
487 
635 
18 
80 
659 
72 
19 
655 
673 
87 
484 
240 
254 
141 
516 
643 
396 
642 
85 
737 
393 
734 
272 
315 
549 
690 
555 
599 
438 
637 
302 
287 
