0.042900 
0.048300 
0.059300 
0.069100 
0.108000 
0.141400 
0.149600 
0.154500 
0.156600 
0.171600 
0.174200 
0.180600 
0.199400 
0.203800 
0.229200 
0.242100 
0.242400 
0.251800 
0.268100 
0.277600 
0.283400 
0.287100 
0.306200 
0.309900 
0.317300 
0.321900 
0.354600 
0.357600 
0.362300 
0.366000 
0.377400 
0.385400 
0.388000 
0.429500 
0.430300 
0.442500 
0.449200 
0.464000 
0.471900 
0.477900 
0.482500 
0.485000 
0.488700 
0.497600 
0.502400 
0.518200 
0.523100 
0.545300 
0.546600 
0.553900 
0.575700 
0.577600 
0.587100 
0.595000 
0.642500 
0.645500 
0.650700 
0.656100 
0.668300 
0.682100 
0.691700 
0.712900 
0.716900 
0.733300 
0.751200 
0.756800 
0.769400 
0.778100 
0.779700 
0.780800 
0.787600 
0.811900 
0.821900 
0.824300 
0.824800 
0.834400 
0.847300 
0.849400 
0.861400 
0.867900 
0.879100 
0.886800 
0.900900 
0.902100 
0.911900 
0.916500 
0.925000 
0.927700 
0.932500 
0.946400 
0.971800 
0.983800 
0.987800 
1.006700 
1.014800 
1.034500 
1.041800 
1.062500 
1.079700 
1.082900 
1.084700 
1.088100 
1.094300 
1.143600 
1.152400 
1.172800 
1.204500 
1.230700 
1.235300 
1.243300 
1.244200 
1.247300 
1.247700 
1.255100 
1.265100 
1.284700 
1.290700 
1.296000 
1.301700 
1.302900 
1.309600 
1.327100 
1.329300 
1.342100 
1.347000 
1.353200 
1.355000 
1.368500 
1.386100 
1.388200 
1.398000 
1.403500 
1.412300 
1.453100 
1.459300 
1.462200 
1.470500 
1.485600 
1.502400 
1.507900 
1.511500 
1.524900 
1.531200 
1.545500 
1.551700 
1.563100 
1.564800 
1.570300 
1.571100 
1.574400 
1.584200 
1.584400 
1.591500 
1.607300 
1.623200 
1.637800 
1.646300 
1.651800 
1.678400 
1.681000 
1.688600 
1.696300 
1.701900 
1.710000 
1.737500 
1.741100 
1.749400 
1.751700 
1.760900 
1.761800 
1.791600 
1.836500 
1.857000 
1.865700 
1.867600 
1.871100 
1.893400 
1.895700 
1.898300 
1.911000 
1.914000 
1.918500 
1.923100 
1.933800 
1.951800 
1.952200 
1.969800 
1.971100 
1.978200 
1.981300 
1.982400 
1.991300 
1.999300 
2.004700 
2.022400 
2.033800 
2.039800 
2.041300 
2.075900 
2.086700 
2.094800 
2.099400 
2.109900 
2.115900 
2.118500 
2.137000 
2.147000 
2.154000 
2.161700 
2.191200 
2.194400 
2.194700 
2.215700 
2.240200 
2.255500 
2.264800 
2.270300 
2.307500 
2.314400 
2.327900 
2.333200 
2.341600 
2.346800 
2.393900 
2.401900 
2.403300 
2.438100 
2.440700 
2.452600 
2.498000 
2.511500 
2.518700 
2.520600 
2.529200 
2.531900 
2.551500 
2.575000 
2.575600 
2.578300 
2.584200 
2.587700 
2.593700 
2.613200 
2.619400 
2.627300 
2.628100 
2.644000 
2.678900 
2.683600 
2.696400 
2.715900 
2.726600 
2.755900 
2.765200 
2.767700 
2.769200 
2.774200 
2.779100 
2.787500 
2.814000 
2.817600 
2.824500 
2.856900 
2.857800 
2.872100 
2.875600 
2.875900 
2.880800 
2.885500 
2.900100 
2.911600 
2.912300 
2.912400 
2.922400 
2.928600 
2.930700 
2.934600 
2.948300 
2.955000 
2.977400 
2.987600 
2.994500 
