0.010600 
0.012400 
0.012900 
0.014000 
0.014100 
0.014100 
0.014200 
0.014600 
0.014600 
0.015000 
0.015800 
0.015900 
0.016900 
0.016900 
0.017300 
0.017300 
0.018100 
0.018500 
0.019000 
0.019400 
0.020200 
0.020200 
0.021600 
0.024200 
0.024700 
0.024800 
0.024900 
0.025200 
0.025900 
0.026200 
0.026200 
0.026400 
0.026800 
0.027000 
0.027200 
0.027300 
0.027800 
0.028900 
0.029400 
0.029900 
0.030000 
0.030500 
0.030900 
0.031000 
0.031500 
0.031800 
0.031900 
0.032000 
0.032500 
0.032600 
0.032600 
0.033100 
0.033500 
0.033600 
0.033900 
0.034100 
0.034600 
0.034900 
0.035300 
0.036000 
0.036600 
0.037000 
0.038100 
0.038600 
0.038800 
0.038800 
0.039400 
0.039700 
0.039700 
0.039700 
0.040200 
0.040300 
0.040700 
0.040900 
0.041200 
0.041300 
0.041700 
0.041900 
0.042300 
0.042600 
0.044400 
0.044900 
0.045500 
0.045500 
0.045500 
0.046300 
0.047700 
0.047800 
0.047800 
0.048000 
0.050100 
0.050100 
0.050400 
0.050700 
0.051600 
0.051700 
0.052500 
0.052700 
0.053600 
0.053700 
0.053700 
0.054200 
0.055400 
0.056700 
0.057300 
0.057400 
0.058000 
0.058300 
0.058800 
0.059400 
0.060100 
0.061100 
0.061400 
0.061500 
0.061500 
0.061700 
0.061900 
0.062600 
0.063100 
0.063200 
0.063900 
0.064000 
0.064200 
0.065500 
0.065700 
0.066700 
0.067900 
0.068800 
0.068800 
0.070200 
0.070800 
0.071000 
0.071200 
0.072100 
0.072800 
0.073100 
0.074100 
0.076600 
0.076900 
0.077400 
0.077500 
0.077600 
0.077800 
0.078900 
0.079000 
0.079000 
0.079300 
0.080000 
0.080400 
0.081400 
0.081700 
0.082100 
0.082100 
0.084100 
0.084200 
0.085000 
0.085300 
0.085300 
0.085800 
0.085900 
0.086000 
0.086600 
0.086800 
0.087100 
0.087500 
0.089300 
0.089700 
0.090000 
0.090100 
0.090200 
0.091100 
0.091900 
0.091900 
0.092200 
0.092800 
0.092800 
0.093000 
0.093100 
0.093700 
0.095200 
0.097700 
0.098800 
0.099300 
0.099400 
0.100500 
0.100800 
0.100800 
0.100900 
0.101100 
0.102000 
0.102000 
0.102800 
0.103000 
0.103200 
0.103800 
0.104500 
0.104500 
0.104600 
0.104900 
0.105900 
0.108100 
0.108400 
0.108800 
0.108900 
0.108900 
0.109200 
0.109700 
0.110100 
0.110300 
0.110600 
0.110600 
0.110800 
0.112900 
0.112900 
0.113500 
0.113900 
0.114400 
0.114700 
0.114900 
0.116900 
0.117000 
0.117100 
0.117400 
0.117800 
0.118800 
0.119400 
0.119700 
0.119800 
0.120600 
0.120800 
0.121700 
0.122800 
0.123100 
0.123600 
0.123800 
0.124100 
0.124700 
0.125400 
0.125600 
0.125800 
0.126300 
0.126700 
0.128000 
0.128100 
0.128100 
0.128200 
0.128300 
0.128400 
0.128500 
0.128500 
0.129300 
0.129800 
0.130600 
0.130600 
0.131400 
0.132800 
0.133200 
0.133200 
0.133300 
0.133400 
0.134000 
0.134200 
0.134700 
0.135300 
0.135500 
0.139200 
0.139300 
0.139300 
0.140400 
0.140800 
0.141500 
0.141900 
0.142000 
0.142800 
0.142900 
0.143500 
0.143600 
0.143900 
0.144400 
0.145200 
0.147800 
0.147800 
0.148500 
0.148500 
0.149000 
0.150100 
0.150200 
0.150800 
0.151300 
0.151500 
0.152000 
0.153600 
0.154000 
0.154100 
0.154500 
0.154900 
0.155100 
0.155200 
0.155600 
0.156400 
0.156900 
0.157000 
0.157000 
0.157300 
0.158100 
0.158500 
0.158700 
0.159200 
0.160000 
0.160000 
0.161100 
0.161400 
0.161400 
0.161900 
0.162000 
0.162200 
0.162500 
0.162600 
0.162900 
0.163700 
0.163900 
0.164400 
0.164500 
0.165400 
0.166800 
0.167000 
0.167000 
0.167400 
0.167400 
0.167700 
0.168000 
0.168900 
0.169200 
0.169300 
0.169800 
0.169800 
0.170000 
0.170500 
0.170500 
0.170500 
0.173200 
0.173700 
0.173900 
0.174200 
0.174800 
0.174900 
0.175200 
0.175800 
0.176500 
0.176700 
0.176800 
0.177100 
0.177100 
0.177400 
0.178500 
0.179000 
0.179200 
0.180700 
0.181200 
0.181500 
0.181900 
0.182100 
0.182900 
0.183000 
0.183300 
0.183400 
0.183800 
0.184600 
0.185100 
0.185400 
0.186000 
0.186700 
0.187200 
0.187400 
0.187500 
0.188500 
0.188600 
0.189100 
0.189700 
0.189800 
0.190000 
0.190400 
0.190500 
0.191100 
0.192100 
0.192300 
0.192300 
0.192400 
0.192700 
0.192700 
0.194000 
0.195100 
0.195800 
0.195800 
0.196200 
0.196900 
0.198500 
0.198500 
0.198700 
0.200000 
0.200300 
0.201000 
0.201100 
0.201100 
0.201200 
0.201300 
0.201800 
0.202500 
0.202600 
0.202800 
0.202800 
0.203800 
0.204900 
0.205300 
0.205400 
0.206000 
0.206300 
0.206400 
0.206900 
0.207100 
0.207400 
0.207600 
0.207800 
0.208300 
0.208700 
0.209000 
0.209700 
0.210000 
0.210000 
0.210000 
0.210200 
0.211700 
0.213400 
0.216000 
0.216400 
0.216500 
0.216800 
0.216800 
0.217100 
0.217200 
0.217400 
0.217600 
0.217700 
0.218800 
0.219000 
0.219900 
0.220600 
0.221300 
0.221500 
0.222400 
0.222500 
0.223400 
0.225000 
0.225100 
0.225500 
0.225600 
0.225800 
0.225900 
0.226300 
0.227300 
0.227400 
0.227700 
0.227700 
0.228500 
0.228500 
0.228700 
0.229000 
0.231200 
0.232000 
0.232200 
0.232500 
0.232900 
0.233100 
0.233700 
0.235900 
0.236300 
0.236400 
0.236700 
0.237000 
0.237200 
0.237700 
0.238200 
0.238400 
0.238700 
0.239700 
0.239800 
0.241900 
0.242000 
0.243200 
0.243300 
0.243400 
0.243800 
0.246200 
0.248600 
0.248900 
0.249000 
0.249400 
0.250200 
0.250600 
0.251700 
0.251800 
0.253200 
0.253400 
0.253800 
0.254200 
0.254300 
0.254400 
0.254600 
0.254900 
0.255300 
0.255600 
0.255800 
0.256100 
0.256600 
0.257000 
0.257800 
0.258100 
0.258200 
0.259400 
0.260200 
0.260400 
0.260500 
0.260900 
0.261000 
0.261100 
0.262000 
0.262900 
0.263200 
0.263300 
0.263800 
0.263900 
0.264500 
0.266800 
0.267100 
0.267700 
0.267800 
0.267800 
0.267900 
0.268100 
0.268800 
0.269200 
0.269400 
0.270200 
0.270600 
0.271100 
0.272500 
0.272700 
0.272700 
0.273000 
0.275600 
0.275600 
0.276500 
0.276500 
0.276800 
0.277200 
0.277300 
0.278400 
0.279200 
0.279200 
0.280200 
0.280400 
0.280700 
0.280700 
0.280800 
0.281700 
0.281800 
0.282200 
0.283000 
0.283100 
0.283500 
0.283500 
0.283600 
0.283700 
0.283800 
0.283900 
0.284000 
0.284300 
0.284400 
0.284600 
0.285000 
0.285300 
0.285700 
0.285700 
0.286300 
0.287700 
0.289100 
0.289300 
0.289500 
0.291100 
0.291300 
0.291300 
0.291300 
0.291500 
0.293000 
0.293100 
0.294100 
0.295000 
0.295900 
0.296300 
0.296500 
0.297600 
0.298200 
0.298300 
0.298700 
0.298900 
0.299000 
0.299800 
0.299900 
0.300400 
0.302500 
0.302800 
0.304200 
0.304300 
0.305400 
0.305500 
0.305600 
0.305700 
0.305800 
0.306400 
0.306500 
0.306900 
0.307000 
0.307500 
0.308000 
0.308400 
0.308600 
0.310000 
0.310200 
0.310300 
0.310700 
0.310800 
0.310900 
0.312000 
0.312200 
0.312600 
0.313000 
0.313200 
0.313300 
0.313400 
0.313600 
0.313700 
0.314000 
0.314100 
0.314900 
0.315500 
0.315700 
0.316000 
0.316100 
0.317300 
0.317500 
0.317900 
0.318200 
0.318400 
0.318800 
0.318900 
0.319400 
0.320000 
0.320100 
0.320200 
0.320300 
0.320700 
0.321900 
0.322400 
0.323100 
0.323600 
0.323800 
0.323900 
0.324000 
0.324700 
0.324900 
0.325100 
0.326300 
0.326900 
0.327400 
0.327900 
0.328600 
0.329100 
0.329400 
0.330100 
0.330400 
0.330500 
0.330700 
0.330800 
0.331200 
0.331200 
0.332200 
0.332500 
0.332500 
0.332600 
0.333300 
0.334400 
0.335800 
0.336100 
0.336300 
0.336400 
0.336800 
0.336900 
0.337200 
0.337400 
0.338200 
0.340200 
0.340500 
0.341700 
0.341700 
0.342600 
0.343900 
0.344200 
0.344300 
0.344400 
0.345000 
0.345200 
0.345700 
0.345800 
0.345900 
0.346100 
0.346600 
0.346800 
0.348000 
0.349000 
0.349100 
0.350000 
0.351000 
0.351600 
0.352600 
0.353100 
0.353400 
0.353500 
0.354100 
0.355100 
0.355600 
0.356400 
0.356500 
0.356800 
0.356900 
0.356900 
0.357100 
0.357400 
0.357600 
0.358300 
0.358300 
0.358400 
0.359000 
0.360000 
0.360900 
0.361400 
0.361400 
0.361800 
0.362400 
0.362600 
0.363200 
0.363400 
0.363600 
0.363900 
0.364200 
0.364600 
0.364600 
0.364800 
0.365200 
0.366400 
0.366900 
0.367600 
0.368500 
0.368500 
0.368600 
0.368800 
0.368900 
0.369100 
0.369200 
0.369400 
0.369900 
0.370600 
0.371000 
0.371100 
0.371600 
0.373200 
0.374800 
0.375300 
0.375400 
0.376100 
0.377300 
0.377700 
0.378700 
0.379300 
0.379400 
0.380100 
0.381000 
0.381100 
0.381400 
0.381900 
0.382300 
0.382400 
0.382500 
0.383100 
0.383200 
0.383400 
0.384000 
0.384400 
0.384500 
0.384600 
0.385500 
0.385500 
0.385500 
0.386100 
0.388600 
0.388900 
0.389100 
0.390200 
0.390300 
0.391900 
0.392200 
0.392300 
0.392800 
0.393200 
0.393300 
0.395500 
0.396300 
0.396400 
0.397400 
0.397800 
0.398800 
0.400000 
0.400000 
0.400200 
0.400700 
0.401900 
0.404000 
0.404800 
0.405400 
0.405500 
0.405700 
0.405700 
0.406000 
0.406800 
0.407800 
0.407800 
0.408200 
0.408400 
0.408500 
0.408700 
0.408800 
0.410600 
0.410900 
0.412000 
0.413000 
0.413000 
0.413000 
0.413100 
0.413500 
0.413900 
0.414100 
0.415300 
0.417500 
0.417700 
0.417900 
0.418700 
0.418800 
0.419500 
0.419900 
0.420300 
0.420500 
0.420600 
0.420800 
0.421200 
0.422400 
0.422400 
0.422500 
0.422900 
0.423100 
0.423600 
0.423900 
0.424100 
0.424300 
0.424600 
0.424600 
0.425700 
0.425700 
0.426400 
0.427100 
0.427600 
0.427700 
0.428100 
0.428700 
0.428800 
0.429100 
0.429300 
0.430100 
0.430100 
0.430100 
0.431100 
0.431200 
0.431200 
0.431300 
0.431500 
0.432200 
0.433400 
0.433800 
0.434400 
0.434600 
0.435600 
0.435800 
0.436000 
0.436200 
0.436400 
0.437200 
0.437800 
0.438800 
0.438900 
0.439100 
0.439200 
0.439500 
0.439600 
0.440900 
0.441700 
0.442700 
0.443300 
0.443900 
0.444400 
0.445800 
0.446100 
0.446300 
0.448700 
0.449700 
0.449700 
0.449900 
0.451700 
0.451900 
0.452100 
0.452600 
0.452700 
0.454500 
0.457000 
0.457100 
0.457400 
0.458900 
0.459200 
0.459900 
0.460000 
0.460300 
0.460500 
0.461700 
0.462500 
0.462600 
0.462900 
0.463400 
0.463600 
0.464700 
0.465100 
0.465900 
0.466600 
0.466700 
0.467300 
0.467500 
0.468500 
0.468800 
0.470200 
0.470300 
0.471100 
0.471200 
0.472400 
0.472600 
0.473400 
0.475000 
0.475400 
0.475600 
0.477100 
0.478100 
0.478100 
0.478100 
0.478300 
0.479800 
0.480100 
0.480300 
0.480500 
0.481100 
0.481300 
0.481300 
0.481600 
0.481900 
0.483100 
0.483200 
0.483400 
0.485300 
0.486100 
0.486200 
0.486300 
0.486300 
0.486700 
0.487300 
0.487600 
0.489500 
0.489600 
0.489600 
0.490000 
0.490400 
0.490500 
0.490600 
0.490700 
0.491200 
0.491400 
0.491600 
0.492200 
0.493200 
0.494300 
0.494500 
0.494800 
0.494900 
0.495300 
0.495400 
0.495400 
0.495500 
0.495900 
0.496400 
0.496600 
0.496700 
0.497000 
0.498500 
0.498900 
0.499000 
0.499300 
0.499700 
0.500200 
0.500400 
0.500600 
0.500900 
0.501700 
0.502000 
0.502200 
0.503100 
0.503800 
0.504700 
0.505800 
0.506000 
0.506900 
0.507000 
0.507100 
0.507300 
0.507400 
0.507800 
0.507800 
0.508200 
0.508400 
0.508800 
0.509000 
0.510100 
0.513400 
0.513500 
0.514000 
0.514100 
0.514200 
0.514500 
0.514700 
0.514800 
0.514900 
0.515200 
0.515200 
0.515400 
0.515500 
0.515700 
0.515700 
0.516000 
0.516300 
0.516900 
0.517100 
0.517400 
0.517500 
0.517900 
0.519000 
0.519400 
0.520200 
0.520500 
0.521300 
0.521300 
0.521400 
0.522300 
0.523200 
0.523500 
0.524600 
0.526600 
0.527100 
0.527300 
0.527500 
0.528100 
0.529600 
0.529700 
0.530400 
0.530800 
0.531800 
0.531900 
0.532000 
0.532400 
0.532700 
0.532800 
0.533400 
0.533700 
0.534000 
0.534000 
0.535900 
0.536000 
0.536300 
0.536400 
0.537400 
0.538800 
0.539000 
0.539100 
0.539400 
0.539400 
0.539700 
0.539800 
0.539900 
0.540200 
0.541500 
0.542100 
0.542600 
0.542600 
0.542700 
0.543000 
0.543200 
0.543300 
0.543400 
0.543900 
0.544200 
0.544800 
0.545200 
0.545800 
0.545900 
0.546400 
0.546400 
0.547200 
0.547300 
0.547500 
0.548900 
0.549700 
0.549900 
0.551000 
0.551500 
0.551900 
0.551900 
0.552500 
0.552500 
0.552600 
0.553400 
0.553800 
0.554400 
0.554900 
0.555700 
0.555800 
0.556900 
0.557300 
0.557300 
0.557400 
0.558100 
0.558600 
0.558800 
0.559800 
0.559900 
0.560100 
0.561100 
0.561200 
0.561800 
0.562400 
0.562700 
0.563100 
0.563400 
0.563400 
0.563600 
0.563900 
0.564000 
0.565600 
0.566000 
0.566600 
0.566600 
0.567400 
0.567400 
0.567600 
0.567800 
0.568400 
0.568700 
0.568900 
0.568900 
0.569800 
0.569900 
0.570300 
0.571000 
0.572500 
0.573100 
0.574500 
0.574800 
0.574800 
0.575200 
0.576800 
0.578100 
0.579900 
0.580000 
0.580400 
0.580500 
0.581000 
0.581200 
0.581300 
0.582000 
0.582200 
0.582600 
0.583200 
0.583200 
0.583400 
0.583700 
0.584300 
0.584700 
0.584900 
0.585500 
0.586100 
0.586200 
0.586400 
0.586500 
0.588500 
0.588700 
0.588700 
0.589400 
0.590400 
0.591100 
0.591800 
0.591900 
0.591900 
0.592100 
0.592400 
0.592800 
0.593600 
0.593600 
0.593700 
0.593800 
0.594100 
0.594400 
0.594800 
0.595200 
0.595700 
0.595900 
0.596000 
0.596600 
0.597600 
0.597700 
0.597900 
0.598600 
0.598800 
0.599300 
0.599300 
0.599800 
0.601100 
0.603700 
0.603900 
0.604100 
0.604200 
0.606800 
0.606800 
0.607000 
0.607100 
0.607700 
0.608100 
0.608500 
0.609700 
0.609700 
0.610200 
0.611200 
0.611300 
0.611500 
0.611800 
0.611900 
0.611900 
0.612900 
0.613700 
0.614000 
0.614100 
0.614100 
0.614200 
0.614500 
0.616200 
0.616800 
0.616900 
0.618200 
0.618500 
0.618700 
0.619800 
0.620900 
0.621100 
0.621200 
0.621700 
0.622200 
0.623400 
0.623600 
0.623900 
0.624200 
0.624600 
0.624600 
0.624700 
0.624800 
0.625000 
0.625700 
0.625900 
0.626100 
0.626900 
0.627000 
0.627300 
0.627700 
0.629000 
0.629400 
0.629800 
0.630200 
0.630600 
0.630900 
0.631100 
0.631200 
0.632100 
0.632300 
0.632600 
0.633100 
0.634100 
0.634500 
0.635000 
0.635100 
0.635500 
0.636000 
0.636000 
0.636100 
0.636200 
0.636700 
0.637600 
0.638700 
0.638700 
0.639100 
0.640500 
0.640900 
0.641500 
0.642100 
0.642700 
0.643300 
0.643500 
0.643500 
0.644000 
0.644200 
0.644700 
0.646200 
0.646800 
0.647500 
0.647700 
0.648300 
0.648600 
0.648900 
0.649200 
0.650200 
0.651100 
0.651200 
0.651400 
0.652200 
0.655200 
0.655600 
0.655900 
0.656100 
0.657400 
0.657500 
0.657700 
0.657700 
0.657700 
0.658000 
0.658100 
0.658400 
0.658500 
0.658600 
0.659700 
0.660600 
0.660900 
0.661100 
0.661600 
0.662400 
0.663000 
0.663000 
0.663200 
0.663300 
0.663500 
0.664000 
0.664400 
0.664600 
0.665000 
0.665100 
0.665800 
0.666000 
0.666300 
0.666600 
0.666800 
0.667100 
0.667200 
0.667200 
0.667600 
0.667700 
0.668000 
0.668200 
0.669200 
0.669400 
0.669500 
0.669600 
0.670100 
0.671000 
0.671400 
0.671900 
0.672900 
0.674000 
0.674900 
0.675100 
0.675900 
0.676600 
0.678600 
0.678600 
0.679500 
0.679500 
0.679700 
0.679800 
0.680600 
0.680700 
0.680700 
0.681000 
0.682200 
0.682600 
0.683100 
0.684000 
0.684900 
0.685400 
0.685900 
0.687000 
0.688100 
0.688300 
0.688400 
0.689300 
0.689900 
0.690100 
0.690600 
0.691600 
0.692400 
0.692400 
0.693000 
0.693600 
0.693800 
0.693900 
0.694300 
0.694400 
0.694600 
0.696000 
0.696500 
0.696700 
0.697300 
0.697700 
0.698200 
0.698500 
0.698700 
0.699100 
0.699500 
0.699600 
0.700900 
0.701700 
0.701800 
0.702100 
0.703000 
0.703400 
0.703400 
0.703700 
0.704100 
0.705200 
0.705400 
0.705600 
0.705700 
0.706100 
0.706600 
0.707400 
0.707400 
0.707600 
0.707700 
0.707900 
0.708200 
0.708900 
0.709500 
0.709800 
0.710200 
0.710300 
0.710800 
0.710800 
0.711000 
0.711100 
0.711400 
0.711500 
0.711800 
0.712000 
0.712400 
0.713200 
0.713400 
0.713700 
0.715600 
0.715700 
0.715700 
0.716300 
0.716900 
0.716900 
0.718100 
0.718200 
0.720900 
0.721100 
0.722900 
0.724400 
0.724700 
0.725500 
0.725600 
0.727000 
0.727000 
0.727100 
0.727300 
0.727400 
0.727500 
0.730300 
0.731100 
0.733000 
0.733200 
0.733500 
0.734200 
0.734300 
0.734600 
0.735200 
0.735500 
0.736000 
0.736100 
0.736100 
0.736400 
0.736700 
0.736700 
0.736900 
0.737400 
0.737500 
0.740000 
0.740400 
0.740700 
0.740800 
0.740900 
0.741500 
0.742500 
0.743200 
0.744000 
0.744700 
0.745800 
0.746900 
0.747900 
0.748600 
0.749000 
0.749300 
0.749600 
0.749900 
0.750200 
0.750500 
0.751100 
0.751300 
0.751400 
0.751600 
0.751700 
0.751800 
0.752100 
0.752200 
0.752300 
0.752700 
0.753000 
0.753500 
0.754000 
0.754300 
0.754600 
0.754900 
0.755100 
0.755300 
0.756200 
0.756300 
0.756600 
0.756800 
0.757600 
0.757800 
0.758100 
0.758300 
0.758400 
0.759100 
0.760900 
0.762100 
0.763400 
0.763600 
0.763600 
0.764200 
0.764500 
0.765500 
0.765500 
0.766200 
0.766300 
0.768300 
0.768300 
0.768300 
0.769700 
0.770300 
0.771300 
0.771400 
0.772200 
0.772800 
0.773100 
0.773300 
0.773600 
0.774100 
0.774400 
0.775500 
0.775500 
0.775600 
0.775600 
0.776000 
0.776600 
0.776800 
0.777000 
0.777700 
0.777900 
0.778000 
0.778400 
0.779500 
0.779600 
0.779700 
0.781200 
0.781200 
0.781400 
0.782500 
0.783100 
0.783100 
0.783600 
0.784400 
0.784900 
0.784900 
0.786000 
0.786800 
0.786900 
0.787400 
0.787500 
0.787500 
0.787600 
0.788500 
0.788700 
0.788900 
0.789200 
0.789700 
0.789900 
0.790200 
0.790600 
0.791000 
0.792100 
0.793300 
0.793600 
0.793800 
0.794200 
0.794200 
0.794300 
0.795300 
0.795400 
0.796200 
0.796200 
0.796700 
0.796800 
0.797300 
0.797300 
0.798500 
0.799000 
0.799300 
0.799300 
0.799400 
0.799600 
0.800200 
0.800200 
0.800200 
0.801200 
0.801800 
0.802500 
0.802600 
0.803100 
0.803200 
0.803400 
0.803600 
0.805500 
0.805600 
0.805700 
0.806300 
0.806600 
0.806700 
0.807500 
0.807600 
0.808200 
0.808200 
0.808400 
0.809100 
0.811400 
0.811700 
0.811900 
0.812000 
0.812000 
0.812100 
0.812200 
0.812600 
0.813200 
0.814400 
0.814600 
0.815100 
0.815400 
0.815700 
0.816300 
0.817600 
0.818000 
0.818600 
0.818600 
0.818900 
0.819200 
0.819500 
0.820500 
0.821000 
0.821000 
0.821100 
0.822000 
0.822100 
0.822200 
0.822500 
0.822600 
0.823600 
0.823900 
0.824200 
0.824300 
0.824500 
0.825900 
0.826400 
0.826500 
0.827900 
0.828400 
0.828800 
0.829500 
0.830000 
0.830100 
0.830700 
0.831800 
0.832200 
0.832400 
0.832800 
0.834300 
0.834300 
0.835200 
0.835800 
0.836700 
0.837100 
0.838100 
0.838400 
0.838500 
0.838600 
0.839500 
0.839700 
0.840000 
0.840300 
0.840300 
0.840500 
0.840600 
0.841000 
0.841100 
0.841400 
0.841400 
0.842400 
0.843000 
0.843500 
0.843800 
0.844400 
0.845000 
0.845300 
0.846600 
0.846700 
0.846900 
0.848200 
0.848600 
0.848800 
0.848800 
0.850000 
0.851700 
0.852200 
0.853300 
0.853300 
0.853700 
0.853700 
0.854500 
0.855300 
0.855400 
0.856200 
0.857200 
0.857300 
0.857800 
0.858100 
0.858200 
0.858600 
0.858900 
0.858900 
0.859300 
0.859600 
0.860200 
0.860300 
0.860900 
0.861800 
0.862000 
0.862000 
0.862200 
0.862300 
0.862500 
0.863300 
0.863800 
0.863900 
0.864000 
0.866300 
0.867200 
0.867500 
0.867500 
0.868100 
0.868600 
0.869900 
0.872400 
0.872900 
0.873400 
0.873500 
0.873600 
0.874100 
0.874200 
0.875100 
0.875400 
0.875600 
0.875600 
0.875800 
0.875800 
0.876100 
0.876200 
0.877100 
0.877700 
0.877800 
0.877800 
0.878000 
0.878400 
0.879400 
0.880000 
0.880200 
0.880300 
0.880500 
0.880700 
0.881400 
0.881800 
0.881800 
0.881900 
0.882200 
0.883000 
0.883100 
0.883900 
0.884400 
0.884500 
0.884600 
0.885000 
0.885100 
0.885300 
0.885700 
0.886300 
0.886700 
0.888300 
0.888500 
0.888600 
0.888800 
0.890900 
0.891400 
0.892400 
0.892600 
0.893100 
0.893300 
0.893300 
0.893800 
0.893900 
0.894000 
0.894500 
0.894900 
0.895600 
0.895700 
0.896400 
0.896600 
0.896700 
0.897000 
0.897300 
0.898100 
0.899300 
0.900800 
0.900900 
0.901700 
0.901900 
0.902200 
0.902300 
0.902600 
0.903700 
0.903900 
0.904700 
0.905000 
0.905700 
0.906000 
0.907100 
0.908300 
0.908500 
0.908500 
0.908800 
0.908800 
0.909000 
0.909200 
0.909400 
0.909400 
0.910700 
0.910900 
0.911400 
0.911600 
0.913000 
0.913200 
0.914000 
0.914200 
0.914400 
0.914600 
0.914900 
0.915300 
0.915500 
0.916900 
0.917300 
0.918000 
0.918300 
0.918500 
0.918600 
0.918900 
0.919700 
0.920800 
0.920900 
0.921000 
0.921000 
0.921400 
0.921400 
0.921900 
0.922600 
0.922600 
0.923000 
0.923200 
0.923400 
0.923500 
0.924800 
0.925300 
0.926200 
0.926400 
0.926700 
0.927500 
0.927900 
0.927900 
0.928200 
0.928200 
0.929300 
0.929600 
0.929600 
0.930200 
0.931500 
0.931700 
0.932400 
0.932600 
0.932700 
0.932800 
0.933200 
0.933700 
0.934500 
0.935100 
0.936200 
0.936400 
0.936700 
0.937100 
0.937200 
0.938200 
0.938900 
0.939100 
0.939500 
0.939700 
0.941200 
0.941200 
0.942500 
0.942600 
0.942800 
0.943200 
0.943400 
0.943800 
0.943900 
0.944600 
0.945200 
0.945300 
0.945400 
0.945600 
0.946400 
0.946400 
0.947700 
0.948100 
0.948900 
0.949000 
0.949300 
0.950600 
0.951600 
0.953100 
0.953400 
0.953400 
0.953700 
0.954000 
0.954500 
0.955100 
0.955400 
0.955900 
0.956100 
0.957400 
0.957600 
0.959000 
0.959100 
0.959900 
0.960100 
0.960200 
0.960500 
0.961300 
0.961700 
0.962000 
0.962100 
0.962100 
0.962200 
0.962500 
0.963300 
0.964500 
0.965100 
0.965100 
0.965500 
0.969700 
0.970200 
0.970600 
0.970700 
0.970700 
0.971000 
0.971000 
0.971400 
0.971700 
0.972600 
0.973800 
0.974300 
0.974700 
0.976200 
0.976300 
0.976500 
0.976500 
0.977800 
0.977900 
0.978000 
0.978800 
0.979500 
0.979600 
0.979600 
0.979700 
0.979700 
0.980100 
0.980300 
0.980500 
0.980500 
0.981100 
0.981500 
0.981500 
0.981700 
0.982500 
0.982500 
0.982600 
0.982700 
0.982800 
0.984300 
0.984700 
0.985800 
0.985900 
0.986500 
0.987300 
0.987800 
0.989000 
0.990100 
0.990800 
0.990900 
0.991000 
0.991400 
0.991700 
0.991900 
0.992600 
0.992900 
0.994600 
0.995300 
0.995900 
0.996100 
0.996300 
0.996600 
0.996700 
0.996900 
0.997000 
0.997200 
0.997700 
0.998100 
0.998100 
0.998900 
0.999400 
0.999900 
1.000100 
1.000500 
1.001400 
1.002400 
1.002900 
1.003000 
1.003000 
1.003200 
1.003700 
1.004700 
1.004900 
1.005100 
1.005400 
1.005500 
1.006500 
1.006900 
1.008600 
1.010600 
1.010600 
1.010900 
1.011100 
1.011400 
1.012000 
1.012800 
1.013600 
1.014500 
1.014600 
1.014800 
1.015300 
1.015600 
1.016600 
1.016900 
1.017000 
1.018100 
1.019600 
1.019700 
1.020600 
1.023000 
1.023700 
1.024000 
1.024100 
1.024500 
1.025000 
1.026300 
1.026500 
1.026500 
1.027100 
1.027100 
1.027500 
1.027600 
1.027600 
1.028000 
1.029100 
1.029300 
1.029400 
1.029600 
1.029900 
1.030600 
1.031700 
1.033400 
1.033500 
1.033700 
1.034000 
1.034300 
1.034900 
1.035200 
1.035200 
1.035300 
1.035800 
1.036800 
1.036800 
1.037100 
1.037100 
1.037800 
1.037900 
1.038300 
1.039100 
1.039300 
1.040300 
1.040600 
1.040900 
1.042000 
1.042600 
1.043000 
1.043900 
1.044200 
1.044200 
1.047100 
1.047600 
1.047700 
1.048100 
1.048100 
1.048700 
1.048700 
1.048800 
1.049600 
1.049800 
1.050500 
1.052400 
1.052600 
1.052800 
1.053100 
1.054600 
1.055200 
1.055200 
1.055300 
1.055400 
1.056600 
1.058200 
1.058500 
1.059100 
1.059100 
1.059300 
1.059500 
1.059600 
1.060500 
1.061000 
1.061700 
1.062400 
1.063000 
1.063500 
1.063900 
1.064400 
1.064400 
1.064800 
1.064900 
1.065300 
1.065400 
1.065700 
1.065800 
1.066100 
1.068200 
1.068300 
1.069000 
1.069500 
1.069600 
1.069800 
1.070300 
1.071500 
1.071500 
1.071800 
1.072700 
1.073100 
1.073600 
1.073600 
1.073700 
1.073800 
1.074000 
1.074400 
1.074700 
1.074800 
1.075400 
1.076500 
1.076900 
1.077200 
1.078800 
1.079200 
1.079800 
1.080900 
1.081000 
1.083300 
1.083300 
1.083700 
1.084300 
1.084300 
1.084700 
1.085200 
1.085300 
1.085700 
1.086200 
1.086200 
1.086400 
1.087300 
1.087700 
1.088000 
1.088000 
1.088900 
1.089200 
1.089600 
1.089900 
1.090100 
1.090100 
1.090600 
1.091400 
1.091600 
1.092000 
1.092400 
1.092500 
1.093000 
1.095900 
1.096500 
1.096800 
1.097300 
1.098000 
1.098200 
1.098600 
1.098900 
1.099200 
1.099200 
1.099300 
1.099600 
1.099600 
1.099800 
1.100300 
1.100700 
1.101200 
1.101500 
1.101700 
1.102200 
1.103200 
1.104800 
1.105400 
1.105600 
1.105800 
1.106300 
1.106800 
1.107100 
1.107500 
1.109200 
1.110100 
1.111100 
1.111100 
1.111300 
1.111600 
1.111900 
1.112100 
1.112400 
1.112800 
1.114200 
1.114600 
1.114600 
1.114700 
1.115200 
1.115300 
1.116100 
1.116400 
1.116600 
1.116700 
1.117200 
1.117500 
1.118200 
1.119100 
1.119100 
1.120300 
1.120600 
1.121300 
1.121400 
1.121800 
1.123500 
1.124200 
1.124900 
1.125300 
1.126000 
1.126300 
1.126700 
1.127100 
1.128300 
1.128800 
1.129100 
1.129700 
1.130300 
1.131200 
1.133200 
1.133400 
1.133500 
1.133900 
1.134100 
1.134200 
1.134800 
1.134800 
1.135300 
1.135500 
1.136300 
1.136500 
1.136800 
1.137900 
1.137900 
1.138100 
1.138400 
1.139100 
1.139500 
1.139900 
1.139900 
1.140000 
1.140200 
1.140900 
1.141600 
1.141700 
1.141800 
1.142100 
1.142200 
1.142800 
1.142800 
1.143800 
1.144500 
1.144600 
1.145000 
1.145100 
1.145600 
1.147200 
1.147300 
1.147600 
1.148700 
1.150000 
1.150500 
1.150700 
1.151700 
1.152000 
1.152100 
1.152200 
1.152800 
1.152800 
1.152900 
1.153000 
1.153600 
1.154100 
1.154200 
1.154700 
1.155300 
1.155900 
1.156300 
1.156900 
1.157100 
1.157500 
1.158000 
1.159100 
1.159200 
1.159400 
1.159900 
1.160500 
1.160600 
1.160800 
1.160800 
1.161200 
1.161400 
1.161500 
1.161500 
1.161500 
1.165100 
1.165900 
1.166000 
1.166000 
1.166100 
1.166600 
1.167000 
1.167000 
1.167400 
1.168300 
1.168600 
1.168900 
1.168900 
1.170100 
1.170500 
1.170500 
1.170600 
1.170700 
1.170900 
1.171700 
1.174300 
1.174600 
1.175400 
1.176000 
1.176000 
1.176200 
1.176600 
1.176800 
1.176800 
1.177400 
1.178100 
1.178400 
1.178500 
1.179300 
1.181200 
1.181900 
1.182500 
1.183000 
1.183200 
1.183500 
1.183500 
1.183900 
1.185600 
1.186900 
1.187200 
1.187300 
1.188300 
1.188300 
1.189600 
1.190000 
1.190100 
1.190100 
1.190500 
1.190700 
1.190800 
1.190900 
1.191000 
1.191500 
1.192500 
1.192800 
1.193700 
1.194000 
1.194400 
1.194800 
1.195300 
1.196700 
1.197900 
1.199600 
1.200700 
1.200800 
1.201300 
1.201700 
1.202000 
1.202100 
1.202300 
1.202600 
1.203200 
1.203200 
1.203300 
1.204800 
1.204800 
1.204800 
1.204900 
1.205100 
1.205700 
1.206300 
1.206500 
1.206600 
1.206700 
1.206900 
1.207000 
1.207300 
1.207500 
1.208600 
1.209600 
1.209900 
1.211100 
1.211200 
1.211200 
1.211600 
1.213000 
1.213400 
1.214700 
1.214900 
1.215400 
1.216100 
1.216100 
1.216200 
1.216300 
1.216700 
1.217300 
1.217500 
1.217500 
1.218300 
1.218500 
1.218900 
1.219000 
1.220400 
1.220800 
1.220900 
1.221200 
1.221300 
1.222700 
1.223000 
1.223600 
1.223800 
1.223900 
1.224300 
1.224300 
1.224900 
1.225000 
1.225600 
1.227500 
1.228000 
1.229100 
1.229100 
1.229200 
1.230000 
1.230500 
1.230900 
1.231800 
1.232000 
1.232200 
1.232400 
1.233000 
1.233800 
1.234000 
1.234200 
1.234800 
1.235100 
1.235600 
1.236500 
1.236700 
1.237100 
1.237700 
1.237700 
1.238400 
1.238700 
1.239000 
1.239200 
1.239300 
1.239300 
1.239500 
1.239700 
1.240000 
1.240000 
1.240900 
1.240900 
1.242500 
1.242800 
1.243300 
1.243800 
1.245200 
1.245400 
1.246100 
1.246600 
1.247000 
1.247200 
1.247300 
1.247400 
1.247600 
1.247900 
1.247900 
1.248400 
1.248900 
1.248900 
1.249200 
1.249400 
1.249900 
1.250300 
1.250400 
1.251000 
1.251600 
1.251600 
1.251900 
1.252400 
1.252600 
1.254300 
1.254600 
1.254900 
1.254900 
1.255100 
1.255200 
1.255900 
1.256200 
1.257500 
1.258300 
1.258700 
1.258700 
1.261500 
1.263700 
1.264400 
1.264700 
1.264800 
1.265500 
1.266100 
1.266200 
1.266500 
1.266700 
1.266900 
1.267400 
1.268900 
1.269200 
1.270000 
1.270200 
1.270400 
1.270400 
1.271000 
1.271700 
1.271900 
1.272500 
1.272600 
1.273900 
1.274400 
1.274600 
1.275200 
1.275500 
1.276900 
1.277300 
1.277600 
1.278500 
1.279200 
1.279500 
1.279800 
1.279900 
1.280100 
1.280800 
1.280900 
1.281100 
1.281300 
1.281400 
1.281500 
1.281600 
1.281700 
1.281900 
1.282100 
1.282100 
1.282700 
1.283500 
1.285900 
1.287300 
1.287700 
1.288800 
1.289100 
1.290000 
1.290600 
1.291000 
1.291300 
1.291600 
1.291700 
1.291800 
1.291900 
1.292100 
1.292700 
1.293100 
1.293200 
1.295400 
1.295700 
1.296500 
1.296900 
1.299600 
1.300200 
1.300800 
1.301800 
1.302300 
1.302400 
1.302900 
1.303300 
1.303300 
1.303600 
1.304300 
1.304800 
1.304800 
1.305200 
1.305200 
1.305400 
1.305900 
1.306200 
1.306500 
1.307300 
1.307500 
1.307600 
1.308300 
1.309300 
1.309900 
1.310200 
1.310500 
1.311600 
1.312100 
1.312700 
1.313800 
1.314500 
1.315200 
1.316000 
1.316100 
1.318800 
1.319100 
1.319500 
1.319600 
1.320000 
1.321300 
1.321500 
1.321600 
1.321700 
1.321800 
1.321900 
1.323700 
1.324100 
1.324100 
1.324200 
1.324900 
1.327500 
1.328100 
1.328700 
1.329400 
1.329600 
1.329600 
1.330600 
1.330800 
1.331000 
1.331000 
1.331300 
1.331900 
1.332500 
1.334700 
1.335200 
1.335600 
1.335800 
1.335900 
1.336300 
1.337300 
1.339000 
1.339300 
1.340100 
1.340300 
1.341400 
1.341800 
1.341900 
1.342000 
1.342200 
1.343800 
1.344600 
1.344800 
1.345200 
1.346300 
1.346500 
1.347500 
1.348800 
1.349100 
1.349300 
1.349600 
1.349700 
1.350600 
1.351200 
1.353900 
1.354100 
1.354100 
1.354300 
1.354600 
1.354800 
1.355800 
1.356700 
1.356700 
1.356800 
1.357000 
1.357100 
1.357300 
1.357800 
1.357900 
1.358000 
1.358400 
1.358600 
1.360300 
1.361300 
1.361900 
1.362000 
1.362500 
1.365100 
1.365100 
1.365400 
1.366100 
1.366200 
1.366200 
1.366400 
1.366700 
1.367500 
1.367800 
1.367800 
1.368300 
1.368400 
1.368600 
1.369100 
1.369800 
1.371000 
1.371900 
1.372000 
1.372700 
1.373900 
1.373900 
1.374100 
1.374600 
1.374600 
1.374900 
1.375000 
1.375200 
1.375300 
1.375900 
1.376200 
1.376300 
1.377900 
1.378700 
1.381100 
1.381600 
1.381800 
1.382600 
1.382700 
1.383200 
1.383600 
1.384800 
1.386500 
1.386900 
1.387200 
1.387300 
1.387800 
1.388100 
1.388400 
1.389900 
1.389900 
1.389900 
1.390300 
1.390400 
1.390400 
1.391300 
1.391900 
1.392000 
1.392000 
1.393500 
1.394400 
1.394500 
1.394700 
1.394700 
1.395800 
1.396300 
1.396500 
1.397300 
1.399100 
1.399100 
1.400300 
1.400400 
1.400700 
1.400900 
1.401100 
1.401600 
1.402000 
1.403300 
1.403300 
1.403800 
1.403900 
1.404800 
1.405300 
1.407900 
1.408000 
1.408900 
1.409700 
1.410000 
1.410600 
1.411100 
1.411800 
1.412100 
1.412200 
1.412500 
1.413500 
1.414300 
1.414400 
1.415200 
1.415500 
1.416100 
1.416100 
1.416600 
1.417300 
1.417400 
1.417800 
1.418200 
1.419800 
1.420300 
1.420400 
1.420500 
1.421200 
1.421300 
1.421400 
1.422000 
1.422000 
1.422000 
1.422200 
1.422300 
1.422800 
1.423200 
1.423200 
1.423400 
1.423700 
1.424400 
1.425900 
1.427000 
1.427700 
1.427700 
1.428100 
1.428800 
1.428900 
1.429400 
1.429500 
1.431200 
1.431400 
1.432600 
1.432900 
1.433200 
1.434200 
1.435200 
1.435400 
1.436700 
1.437000 
1.437100 
1.437400 
1.438200 
1.439300 
1.440100 
1.440400 
1.440600 
1.441400 
1.441400 
1.441700 
1.442100 
1.443200 
1.443900 
1.444700 
1.444800 
1.445000 
1.445200 
1.445800 
1.445800 
1.446400 
1.447600 
1.448200 
1.448400 
1.449400 
1.449400 
1.450100 
1.451000 
1.451100 
1.451200 
1.451600 
1.452100 
1.452400 
1.452700 
1.452800 
1.452900 
1.453300 
1.453700 
1.453900 
1.454500 
1.454700 
1.454800 
1.455100 
1.455200 
1.455400 
1.455400 
1.455900 
1.457300 
1.457900 
1.458100 
1.458700 
1.458800 
1.459300 
1.459500 
1.459600 
1.460400 
1.461100 
1.462100 
1.462200 
1.462800 
1.463000 
1.463100 
1.463200 
1.463900 
1.464500 
1.464800 
1.465200 
1.466300 
1.466300 
1.466400 
1.466700 
1.467700 
1.468700 
1.470200 
1.471700 
1.472700 
1.473500 
1.473800 
1.473800 
1.475000 
1.475000 
1.475800 
1.476000 
1.477000 
1.477000 
1.478100 
1.478300 
1.478500 
1.479300 
1.479600 
1.479800 
1.480200 
1.480500 
1.481600 
1.482300 
1.482300 
1.482800 
1.482800 
1.483100 
1.483900 
1.483900 
1.484200 
1.484200 
1.485200 
1.485600 
1.485900 
1.486200 
1.488800 
1.489200 
1.490700 
1.491100 
1.491700 
1.491900 
1.492400 
1.492600 
1.494000 
1.494300 
1.494700 
1.494900 
1.495400 
1.495400 
1.495500 
1.495800 
1.495800 
1.496400 
1.496700 
1.497000 
1.498300 
1.498700 
1.499000 
1.499100 
1.499100 
1.499100 
1.499200 
1.499800 
1.500100 
1.500700 
1.501500 
1.501600 
1.502200 
1.502700 
1.503200 
1.503700 
1.503700 
1.504400 
1.506300 
1.507000 
1.507700 
1.507700 
1.507800 
1.508000 
1.508500 
1.508700 
1.508800 
1.508800 
1.509500 
1.511100 
1.511200 
1.512400 
1.513200 
1.513900 
1.514400 
1.514900 
1.515900 
1.515900 
1.516600 
1.516600 
1.516600 
1.517500 
1.517600 
1.517600 
1.517800 
1.517900 
1.518000 
1.518400 
1.518500 
1.518600 
1.519700 
1.520400 
1.520800 
1.520900 
1.521000 
1.521500 
1.521600 
1.522600 
1.522600 
1.522700 
1.523700 
1.525000 
1.525400 
1.525400 
1.525700 
1.526200 
1.526500 
1.526800 
1.526900 
1.527000 
1.528700 
1.529700 
1.530100 
1.530600 
1.531600 
1.531700 
1.531800 
1.532700 
1.532800 
1.532900 
1.533000 
1.533300 
1.534300 
1.535000 
1.535300 
1.535400 
1.535800 
1.536600 
1.536900 
1.537400 
1.537600 
1.538500 
1.538600 
1.538800 
1.538900 
1.538900 
1.539000 
1.539100 
1.540800 
1.541000 
1.541300 
1.541500 
1.542300 
1.542400 
1.542500 
1.543400 
1.543500 
1.543500 
1.543900 
1.544200 
1.544200 
1.544300 
1.544300 
1.545800 
1.546200 
1.547100 
1.548400 
1.548700 
1.548900 
1.549400 
1.549700 
1.550500 
1.550800 
1.551600 
1.552000 
1.552200 
1.552900 
1.553300 
1.553800 
1.553900 
1.554000 
1.554300 
1.556300 
1.556500 
1.557200 
1.558500 
1.558700 
1.559600 
1.560100 
1.560500 
1.561700 
1.561900 
1.563200 
1.563200 
1.563700 
1.563700 
1.563900 
1.563900 
1.564100 
1.564500 
1.564800 
1.564800 
1.565000 
1.565400 
1.565500 
1.565800 
1.567300 
1.568700 
1.569400 
1.569400 
1.569700 
1.570000 
1.570500 
1.570800 
1.572000 
1.572400 
1.572400 
1.572500 
1.574300 
1.576100 
1.576500 
1.578000 
1.578100 
1.579600 
1.579800 
1.580000 
1.580300 
1.580500 
1.580500 
1.580700 
1.580800 
1.581300 
1.581300 
1.582000 
1.582600 
1.582900 
1.583200 
1.583500 
1.583900 
1.585300 
1.586100 
1.586800 
1.587100 
1.587900 
1.588000 
1.588000 
1.588400 
1.588500 
1.588600 
1.588700 
1.589000 
1.589000 
1.589000 
1.589600 
1.589600 
1.589700 
1.589800 
1.589900 
1.589900 
1.590300 
1.590300 
1.591200 
1.592200 
1.592700 
1.592900 
1.595300 
1.595300 
1.596700 
1.596800 
1.597100 
1.597300 
1.598900 
1.599400 
1.600900 
1.601000 
1.602100 
1.602100 
1.602400 
1.602500 
1.602600 
1.602700 
1.603500 
1.604000 
1.604400 
1.605000 
1.605200 
1.605600 
1.606100 
1.606100 
1.606700 
1.607100 
1.607200 
1.607300 
1.607500 
1.608500 
1.608600 
1.609700 
1.610400 
1.611200 
1.611600 
1.611700 
1.612000 
1.612100 
1.613500 
1.613500 
1.614000 
1.616000 
1.616100 
1.616500 
1.618000 
1.618100 
1.618300 
1.618600 
1.618900 
1.619100 
1.620200 
1.620400 
1.620400 
1.620500 
1.620800 
1.621300 
1.622600 
1.623000 
1.623200 
1.623400 
1.625100 
1.625200 
1.625600 
1.625700 
1.626600 
1.627000 
1.627400 
1.627700 
1.627800 
1.628000 
1.628100 
1.628300 
1.628300 
1.628400 
1.630800 
1.631200 
1.631400 
1.631500 
1.632500 
1.633400 
1.634700 
1.634800 
1.635000 
1.635100 
1.635500 
1.635800 
1.636000 
1.636500 
1.636600 
1.637000 
1.637000 
1.638300 
1.638500 
1.638700 
1.638900 
1.639300 
1.640000 
1.640800 
1.641100 
1.641300 
1.641300 
1.641500 
1.641800 
1.641900 
1.642100 
1.642900 
1.643200 
1.643500 
1.643800 
1.644200 
1.644500 
1.644900 
1.645200 
1.645900 
1.645900 
1.646300 
1.646600 
1.648200 
1.649200 
1.649700 
1.650700 
1.650800 
1.650900 
1.651100 
1.651200 
1.652200 
1.653500 
1.653600 
1.653700 
1.653800 
1.653800 
1.654100 
1.654400 
1.654500 
1.654900 
1.655800 
1.655800 
1.656200 
1.656600 
1.657300 
1.657300 
1.657500 
1.659500 
1.659500 
1.659700 
1.659900 
1.660200 
1.660300 
1.660600 
1.660800 
1.662100 
1.662500 
1.663400 
1.663900 
1.664700 
1.664900 
1.665000 
1.665300 
1.666000 
1.666200 
1.666400 
1.666400 
1.667000 
1.667200 
1.667400 
1.668300 
1.668600 
1.668900 
1.668900 
1.669100 
1.669100 
1.669500 
1.670100 
1.670900 
1.671000 
1.671200 
1.671400 
1.671400 
1.672800 
1.673600 
1.673700 
1.674200 
1.674500 
1.674800 
1.675500 
1.675800 
1.676000 
1.676900 
1.677000 
1.677600 
1.678400 
1.680400 
1.680500 
1.682300 
1.683300 
1.683400 
1.683500 
1.684500 
1.685000 
1.685400 
1.687000 
1.687400 
1.687800 
1.688400 
1.688900 
1.689000 
1.689000 
1.689200 
1.689300 
1.689300 
1.689600 
1.689600 
1.690000 
1.690600 
1.690700 
1.691700 
1.691800 
1.692000 
1.693400 
1.693900 
1.694100 
1.694200 
1.694300 
1.694600 
1.694600 
1.694700 
1.695300 
1.695800 
1.695900 
1.696100 
1.696400 
1.696700 
1.698900 
1.699400 
1.700100 
1.700800 
1.701300 
1.701600 
1.702000 
1.702000 
1.702400 
1.702500 
1.703200 
1.705200 
1.706000 
1.708000 
1.708000 
1.708400 
1.708500 
1.708500 
1.709900 
1.709900 
1.710900 
1.711000 
1.711000 
1.711600 
1.711800 
1.711800 
1.712100 
1.712200 
1.712400 
1.712500 
1.712600 
1.713000 
1.713200 
1.713500 
1.714200 
1.714300 
1.714700 
1.714900 
1.715000 
1.716400 
1.717500 
1.718500 
1.718600 
1.718800 
1.719000 
1.719900 
1.720200 
1.720200 
1.720500 
1.721000 
1.721800 
1.722100 
1.725100 
1.725300 
1.725600 
1.725700 
1.725900 
1.726000 
1.726600 
1.727200 
1.727200 
1.727700 
1.727700 
1.727800 
1.728200 
1.729000 
1.729700 
1.730100 
1.730500 
1.730700 
1.731200 
1.731300 
1.731500 
1.731600 
1.731900 
1.732300 
1.732800 
1.733000 
1.733200 
1.733300 
1.733500 
1.733700 
1.734000 
1.734800 
1.735300 
1.735500 
1.735800 
1.736000 
1.736600 
1.736600 
1.737200 
1.738200 
1.738300 
1.738300 
1.738400 
1.739100 
1.740200 
1.740500 
1.740800 
1.741100 
1.741500 
1.744100 
1.744200 
1.744400 
1.744800 
1.745800 
1.746200 
1.746600 
1.746700 
1.747500 
1.748000 
1.748700 
1.748900 
1.749400 
1.752500 
1.752800 
1.752900 
1.752900 
1.753000 
1.753200 
1.753700 
1.753800 
1.754700 
1.754900 
1.755500 
1.755800 
1.756400 
1.758000 
1.758800 
1.759700 
1.760300 
1.760800 
1.761100 
1.762200 
1.762500 
1.762500 
1.764000 
1.764100 
1.764200 
1.764200 
1.764800 
1.765800 
1.766600 
1.767600 
1.767600 
1.767800 
1.767900 
1.768200 
1.769200 
1.769300 
1.769300 
1.769300 
1.771000 
1.771200 
1.772700 
1.772700 
1.772900 
1.773000 
1.773700 
1.773800 
1.774500 
1.775000 
1.775300 
1.775400 
1.775800 
1.777000 
1.777000 
1.778800 
1.779100 
1.779600 
1.779600 
1.780600 
1.780800 
1.780800 
1.781000 
1.781300 
1.781500 
1.783100 
1.785200 
1.785800 
1.787500 
1.788400 
1.788400 
1.788900 
1.789100 
1.789500 
1.790000 
1.790100 
1.790100 
1.790300 
1.790400 
1.790800 
1.791200 
1.792100 
1.792500 
1.792700 
1.792800 
1.793100 
1.793100 
1.793100 
1.793100 
1.793100 
1.793700 
1.793800 
1.793800 
1.795100 
1.796200 
1.796700 
1.796900 
1.797300 
1.797900 
1.798300 
1.799400 
1.800600 
1.801000 
1.801000 
1.801600 
1.802000 
1.802100 
1.802900 
1.803300 
1.803400 
1.804600 
1.805800 
1.806700 
1.806900 
1.807800 
1.807900 
1.807900 
1.808100 
1.808200 
1.808200 
1.808200 
1.808900 
1.809200 
1.809900 
1.810300 
1.811700 
1.811700 
1.812100 
1.812500 
1.813000 
1.813400 
1.813400 
1.815000 
1.815800 
1.818200 
1.818300 
1.818600 
1.818800 
1.819300 
1.819400 
1.819500 
1.820000 
1.820400 
1.821200 
1.821500 
1.821700 
1.822400 
1.822600 
1.822800 
1.822800 
1.823100 
1.823400 
1.824400 
1.825000 
1.825400 
1.826900 
1.828500 
1.828800 
1.828800 
1.829400 
1.829600 
1.830300 
1.830700 
1.830700 
1.831400 
1.831500 
1.831800 
1.831800 
1.831900 
1.832100 
1.832200 
1.832600 
1.832800 
1.832800 
1.833300 
1.833400 
1.834300 
1.834400 
1.834800 
1.834800 
1.835300 
1.836100 
1.836300 
1.836800 
1.837700 
1.840500 
1.841100 
1.841300 
1.841800 
1.842700 
1.843300 
1.844100 
1.844700 
1.844800 
1.844800 
1.844900 
1.845200 
1.845500 
1.845900 
1.845900 
1.846400 
1.847000 
1.847100 
1.847200 
1.847200 
1.847900 
1.847900 
1.847900 
1.848400 
1.848400 
1.849200 
1.849200 
1.849900 
1.852100 
1.852600 
1.852700 
1.853100 
1.853700 
1.854000 
1.854800 
1.855700 
1.856500 
1.856800 
1.856800 
1.857000 
1.857900 
1.858000 
1.858600 
1.858900 
1.859300 
1.859400 
1.859600 
1.859800 
1.860300 
1.860400 
1.860400 
1.860700 
1.861400 
1.862300 
1.862600 
1.862800 
1.863200 
1.863500 
1.864200 
1.864300 
1.864500 
1.864700 
1.865900 
1.866800 
1.866900 
1.867000 
1.867600 
1.867800 
1.869500 
1.870600 
1.871000 
1.871300 
1.871400 
1.871400 
1.871500 
1.871600 
1.872500 
1.872800 
1.873700 
1.875100 
1.875500 
1.875800 
1.876200 
1.877000 
1.877100 
1.877400 
1.877700 
1.877800 
1.879900 
1.880100 
1.881800 
1.882600 
1.882600 
1.882900 
1.883000 
1.883100 
1.883600 
1.883700 
1.883700 
1.884300 
1.884300 
1.884400 
1.884600 
1.885200 
1.885600 
1.885900 
1.886200 
1.887600 
1.888500 
1.889000 
1.889300 
1.889400 
1.889400 
1.889600 
1.889900 
1.890400 
1.890900 
1.891200 
1.891700 
1.891800 
1.891800 
1.892100 
1.892200 
1.892800 
1.893600 
1.893900 
1.895500 
1.895700 
1.896200 
1.896600 
1.898300 
1.898800 
1.898900 
1.899500 
1.899800 
1.899800 
1.899900 
1.900000 
1.900000 
1.901800 
1.902800 
1.904300 
1.904700 
1.904800 
1.905200 
1.905200 
1.905600 
1.906900 
1.907000 
1.907100 
1.907500 
1.908300 
1.908300 
1.908900 
1.909500 
1.910900 
1.912100 
1.912500 
1.912800 
1.913100 
1.913300 
1.913500 
1.913600 
1.914800 
1.914800 
1.914800 
1.914900 
1.915000 
1.915500 
1.915600 
1.916100 
1.916800 
1.916900 
1.917300 
1.918100 
1.918200 
1.918300 
1.918500 
1.918900 
1.919400 
1.920800 
1.921500 
1.921500 
1.922800 
1.923200 
1.923300 
1.925200 
1.925300 
1.925800 
1.925900 
1.926000 
1.926200 
1.926200 
1.926400 
1.926900 
1.927500 
1.929000 
1.929400 
1.929700 
1.929700 
1.930500 
1.931500 
1.931700 
1.931800 
1.932100 
1.932200 
1.932700 
1.933700 
1.934500 
1.934600 
1.938300 
1.938300 
1.939000 
1.939200 
1.939500 
1.940100 
1.940300 
1.941400 
1.941500 
1.942900 
1.943100 
1.943100 
1.943800 
1.944200 
1.945600 
1.945700 
1.946200 
1.946400 
1.947700 
1.947900 
1.949200 
1.949600 
1.949700 
1.949800 
1.950400 
1.950600 
1.950800 
1.951200 
1.951200 
1.951800 
1.952700 
1.953400 
1.953700 
1.954700 
1.955200 
1.955700 
1.956300 
1.956900 
1.956900 
1.957000 
1.957300 
1.957600 
1.957700 
1.958000 
1.958400 
1.958900 
1.959500 
1.960900 
1.960900 
1.961200 
1.961500 
1.961800 
1.962600 
1.962600 
1.963100 
1.963700 
1.965000 
1.965100 
1.965100 
1.965800 
1.966000 
1.966300 
1.966400 
1.966400 
1.967200 
1.968000 
1.968300 
1.968800 
1.968900 
1.969600 
1.969600 
1.969700 
1.969700 
1.969900 
1.970800 
1.972800 
1.973500 
1.973700 
1.973900 
1.974100 
1.974500 
1.975000 
1.975400 
1.976100 
1.976600 
1.977400 
1.977800 
1.978200 
1.978600 
1.978900 
1.978900 
1.979300 
1.980500 
1.980600 
1.981200 
1.981400 
1.983000 
1.983000 
1.983600 
1.983600 
1.983900 
1.984300 
1.984600 
1.985200 
1.985900 
1.986800 
1.987400 
1.987500 
1.988300 
1.988700 
1.989200 
1.989400 
1.989800 
1.989900 
1.991300 
1.991300 
1.991400 
1.991700 
1.991800 
1.992300 
1.992400 
1.992900 
1.993100 
1.994600 
1.995200 
1.995400 
1.996200 
1.996200 
1.996300 
1.996700 
1.997000 
1.997900 
1.998300 
1.998500 
1.999300 
1.999400 
2.000100 
2.001100 
2.001500 
2.001600 
2.001900 
2.002000 
2.002800 
2.002800 
2.003800 
2.004100 
2.004900 
2.005300 
2.006000 
2.006200 
2.006500 
2.006700 
2.007600 
2.008800 
2.009100 
2.009100 
2.009400 
2.010100 
2.010600 
2.010900 
2.011600 
2.011800 
2.012100 
2.012800 
2.013900 
2.014000 
2.014100 
2.015000 
2.015700 
2.017300 
2.017500 
2.018200 
2.018400 
2.018900 
2.019100 
2.019100 
2.020100 
2.020100 
2.020100 
2.020900 
2.021700 
2.022200 
2.023000 
2.023200 
2.023300 
2.023900 
2.024500 
2.025100 
2.025500 
2.026000 
2.026800 
2.026900 
2.027000 
2.027200 
2.027600 
2.028000 
2.028700 
2.029500 
2.029600 
2.030100 
2.031100 
2.031200 
2.031600 
2.031600 
2.032000 
2.032600 
2.032800 
2.033000 
2.033100 
2.033200 
2.033300 
2.033500 
2.033900 
2.034400 
2.034700 
2.035200 
2.035500 
2.035500 
2.035700 
2.037500 
2.038000 
2.038600 
2.038800 
2.039200 
2.039400 
2.040300 
2.041100 
2.041700 
2.041900 
2.042300 
2.043000 
2.043000 
2.043200 
2.043300 
2.043800 
2.043800 
2.043900 
2.044200 
2.044400 
2.044900 
2.045300 
2.045700 
2.046900 
2.047400 
2.048000 
2.048700 
2.049400 
2.049400 
2.049700 
2.049800 
2.050800 
2.051300 
2.051500 
2.051600 
2.053100 
2.054200 
2.054300 
2.054500 
2.054900 
2.054900 
2.055000 
2.055300 
2.055900 
2.056000 
2.056700 
2.057200 
2.057600 
2.057600 
2.057900 
2.058400 
2.058700 
2.059000 
2.059700 
2.060200 
2.061000 
2.061100 
2.061300 
2.061400 
2.062400 
2.063200 
2.063300 
2.064500 
2.065200 
2.065900 
2.066700 
2.066700 
2.067500 
2.067600 
2.067800 
2.068500 
2.069300 
2.069500 
2.070100 
2.070200 
2.070800 
2.071500 
2.071700 
2.072100 
2.072400 
2.073600 
2.074000 
2.074300 
2.074700 
2.074700 
2.075300 
2.075600 
2.076800 
2.076900 
2.077300 
2.078400 
2.078600 
2.078800 
2.080100 
2.080600 
2.080700 
2.081100 
2.081300 
2.081900 
2.082000 
2.082800 
2.083400 
2.084100 
2.084500 
2.084800 
2.085000 
2.085800 
2.086200 
2.086200 
2.086600 
2.087000 
2.087200 
2.088000 
2.088600 
2.088800 
2.089200 
2.089300 
2.089700 
2.089800 
2.090000 
2.090500 
2.091100 
2.092900 
2.094700 
2.095300 
2.095600 
2.095600 
2.095700 
2.096100 
2.096400 
2.096700 
2.097400 
2.098100 
2.098200 
2.098600 
2.098700 
2.098900 
2.098900 
2.099800 
2.100600 
2.100900 
2.101500 
2.101800 
2.101900 
2.102600 
2.103000 
2.104300 
2.105000 
2.105700 
2.106800 
2.107100 
2.108100 
2.108500 
2.108800 
2.108800 
2.109500 
2.109700 
2.110100 
2.110200 
2.110900 
2.112100 
2.112700 
2.113100 
2.113300 
2.113400 
2.113700 
2.113700 
2.113800 
2.114000 
2.115700 
2.115700 
2.116500 
2.116800 
2.116800 
2.117700 
2.117900 
2.118200 
2.118500 
2.118800 
2.120200 
2.121100 
2.121100 
2.121200 
2.121300 
2.121400 
2.122600 
2.124200 
2.124900 
2.125700 
2.127400 
2.127400 
2.127900 
2.128400 
2.128900 
2.129000 
2.129400 
2.129600 
2.130000 
2.130400 
2.130500 
2.130600 
2.130700 
2.131800 
2.132600 
2.133100 
2.133200 
2.133300 
2.134000 
2.134500 
2.135700 
2.135700 
2.135900 
2.136300 
2.136400 
2.137200 
2.137600 
2.138000 
2.138400 
2.138900 
2.139200 
2.140000 
2.140400 
2.140600 
2.141300 
2.141400 
2.141800 
2.144600 
2.144800 
2.145300 
2.145500 
2.145800 
2.145900 
2.146000 
2.146300 
2.146300 
2.147000 
2.147300 
2.148200 
2.148700 
2.149200 
2.149200 
2.150200 
2.151600 
2.151700 
2.151900 
2.153100 
2.153500 
2.153900 
2.154000 
2.154500 
2.154700 
2.154900 
2.155000 
2.155200 
2.155600 
2.155700 
2.155900 
2.156800 
2.156800 
2.157600 
2.158400 
2.158500 
2.158600 
2.158700 
2.158900 
2.158900 
2.159000 
2.159300 
2.160500 
2.160800 
2.161600 
2.161700 
2.161800 
2.161900 
2.162000 
2.162400 
2.165400 
2.165600 
2.166000 
2.166200 
2.167000 
2.167400 
2.168500 
2.169900 
2.170000 
2.170500 
2.171000 
2.171600 
2.173000 
2.173000 
2.173100 
2.173200 
2.173400 
2.173600 
2.174200 
2.174300 
2.175000 
2.175700 
2.176200 
2.176800 
2.177300 
2.178000 
2.178000 
2.178800 
2.178900 
2.179800 
2.180300 
2.180400 
2.180700 
2.182100 
2.182300 
2.183000 
2.183200 
2.183400 
2.184900 
2.185100 
2.186300 
2.186500 
2.186800 
2.187100 
2.187100 
2.187700 
2.189200 
2.189500 
2.189600 
2.189700 
2.190300 
2.191700 
2.192100 
2.192300 
2.192300 
2.192900 
2.193800 
2.193900 
2.195600 
2.195800 
2.196400 
2.196600 
2.196600 
2.196800 
2.197000 
2.197700 
2.198000 
2.198600 
2.199300 
2.199800 
2.200300 
2.202000 
2.202600 
2.204300 
2.204400 
2.204600 
2.204600 
2.204700 
2.204800 
2.205100 
2.205100 
2.205400 
2.205400 
2.205500 
2.205700 
2.205800 
2.206200 
2.206200 
2.206900 
2.207700 
2.208400 
2.208600 
2.209300 
2.209400 
2.209500 
2.210100 
2.210500 
2.210800 
2.211000 
2.211200 
2.211300 
2.211600 
2.211600 
2.211800 
2.212000 
2.212100 
2.212900 
2.213500 
2.215500 
2.216000 
2.216300 
2.218200 
2.219100 
2.219100 
2.220000 
2.220400 
2.221100 
2.221100 
2.221700 
2.222600 
2.223200 
2.223800 
2.223800 
2.224600 
2.225500 
2.226000 
2.226100 
2.226700 
2.227300 
2.228100 
2.228400 
2.228600 
2.228700 
2.228700 
2.230900 
2.231000 
2.232600 
2.232600 
2.233000 
2.233800 
2.234500 
2.234700 
2.235000 
2.237100 
2.237200 
2.238100 
2.238500 
2.238900 
2.239800 
2.240100 
2.240500 
2.241500 
2.241500 
2.242700 
2.242800 
2.243200 
2.243400 
2.243500 
2.244400 
2.244400 
2.244400 
2.244600 
2.245100 
2.245600 
2.246200 
2.246500 
2.247200 
2.247500 
2.247600 
2.248500 
2.249200 
2.249800 
2.250400 
2.251700 
2.251800 
2.252000 
2.252400 
2.252500 
2.253200 
2.253800 
2.254800 
2.254800 
2.255100 
2.255300 
2.255600 
2.256500 
2.256700 
2.256700 
2.258000 
2.258300 
2.259800 
2.259900 
2.260300 
2.260500 
2.261000 
2.261900 
2.262000 
2.262700 
2.262700 
2.263000 
2.263200 
2.263200 
2.265100 
2.265200 
2.265200 
2.265500 
2.266300 
2.266500 
2.267600 
2.267800 
2.268100 
2.268100 
2.268400 
2.268500 
2.268900 
2.269900 
2.270700 
2.271400 
2.272000 
2.272500 
2.272700 
2.273300 
2.273500 
2.273900 
2.275700 
2.276000 
2.276200 
2.276500 
2.279500 
2.280400 
2.280500 
2.280700 
2.280900 
2.281300 
2.281400 
2.282100 
2.282200 
2.282700 
2.284500 
2.284500 
2.284900 
2.285800 
2.285800 
2.286000 
2.286500 
2.287000 
2.287200 
2.287200 
2.287700 
2.288100 
2.288800 
2.289300 
2.290000 
2.292100 
2.293100 
2.293300 
2.294000 
2.294600 
2.294600 
2.294600 
2.294800 
2.294800 
2.294900 
2.295800 
2.296000 
2.296500 
2.297000 
2.297300 
2.298300 
2.299200 
2.299600 
2.299900 
2.300700 
2.300800 
2.301200 
2.301600 
2.302200 
2.302600 
2.303400 
2.303400 
2.304200 
2.304600 
2.305300 
2.305400 
2.306000 
2.306500 
2.306600 
2.306700 
2.306900 
2.307100 
2.307100 
2.307300 
2.307300 
2.307900 
2.307900 
2.308100 
2.308200 
2.309200 
2.309800 
2.310900 
2.311600 
2.312000 
2.313500 
2.313600 
2.314000 
2.314000 
2.314000 
2.314800 
2.315100 
2.315600 
2.315800 
2.316400 
2.316400 
2.317000 
2.318000 
2.318100 
2.318700 
2.319900 
2.320200 
2.320700 
2.321100 
2.322600 
2.322700 
2.323300 
2.323400 
2.324500 
2.325200 
2.325300 
2.326600 
2.326800 
2.327100 
2.327600 
2.327700 
2.328500 
2.328600 
2.328900 
2.329700 
2.329800 
2.330500 
2.330900 
2.331300 
2.332000 
2.332100 
2.332200 
2.332800 
2.333300 
2.333500 
2.334400 
2.334400 
2.334500 
2.334700 
2.335000 
2.335300 
2.336600 
2.337000 
2.337700 
2.337900 
2.339400 
2.339800 
2.340000 
2.340500 
2.341300 
2.341500 
2.341500 
2.341700 
2.341700 
2.342300 
2.343100 
2.343600 
2.343800 
2.343800 
2.344700 
2.345500 
2.346400 
2.346400 
2.346700 
2.347600 
2.347700 
2.348300 
2.349000 
2.349300 
2.350100 
2.351800 
2.351800 
2.352500 
2.352600 
2.353200 
2.354500 
2.354600 
2.355100 
2.355800 
2.356000 
2.356700 
2.356800 
2.356900 
2.357000 
2.358400 
2.358600 
2.359500 
2.360100 
2.360800 
2.361000 
2.362500 
2.362800 
2.363100 
2.363600 
2.364000 
2.365000 
2.365100 
2.366300 
2.366700 
2.368300 
2.369000 
2.369100 
2.370300 
2.371200 
2.373800 
2.374800 
2.375800 
2.375900 
2.376100 
2.376700 
2.377100 
2.377500 
2.378500 
2.378600 
2.379100 
2.379200 
2.379300 
2.379400 
2.380000 
2.380900 
2.381100 
2.381700 
2.381700 
2.382200 
2.382500 
2.382600 
2.382800 
2.383300 
2.383700 
2.383800 
2.384300 
2.384600 
2.386400 
2.386900 
2.389800 
2.389800 
2.390400 
2.390500 
2.390600 
2.391000 
2.391000 
2.391200 
2.391200 
2.391400 
2.392700 
2.392700 
2.392800 
2.392900 
2.393300 
2.393500 
2.394000 
2.394600 
2.394600 
2.395600 
2.395700 
2.396700 
2.396900 
2.397000 
2.398000 
2.398100 
2.398800 
2.398900 
2.399200 
2.399500 
2.400100 
2.400700 
2.400800 
2.401100 
2.401900 
2.402300 
2.402800 
2.403400 
2.403900 
2.404200 
2.404300 
2.404400 
2.405500 
2.406000 
2.406000 
2.406400 
2.407000 
2.407900 
2.408200 
2.408700 
2.409000 
2.409000 
2.410200 
2.411100 
2.412300 
2.412800 
2.413200 
2.413800 
2.414400 
2.414900 
2.415500 
2.415900 
2.415900 
2.416400 
2.416800 
2.417100 
2.417200 
2.417300 
2.417600 
2.418100 
2.418500 
2.418800 
2.418800 
2.419900 
2.420700 
2.421100 
2.421800 
2.423000 
2.423400 
2.423900 
2.424700 
2.424700 
2.425200 
2.426100 
2.427700 
2.428500 
2.428800 
2.429500 
2.429900 
2.430100 
2.430700 
2.430800 
2.431100 
2.431100 
2.431500 
2.431800 
2.432000 
2.432600 
2.433200 
2.433500 
2.433700 
2.433800 
2.435500 
2.436300 
2.436400 
2.436800 
2.437200 
2.437500 
2.437600 
2.437900 
2.438300 
2.438300 
2.438600 
2.438700 
2.439000 
2.439400 
2.439900 
2.441200 
2.441900 
2.442200 
2.442300 
2.442400 
2.442700 
2.442700 
2.443200 
2.443200 
2.443300 
2.443600 
2.444000 
2.444900 
2.444900 
2.448100 
2.449100 
2.449200 
2.449500 
2.450000 
2.451200 
2.451300 
2.452100 
2.453500 
2.454700 
2.455400 
2.456800 
2.456900 
2.457000 
2.457200 
2.457700 
2.459000 
2.459000 
2.459600 
2.460300 
2.461200 
2.462200 
2.462300 
2.462600 
2.462600 
2.462800 
2.463100 
2.463300 
2.463800 
2.463900 
2.464900 
2.465100 
2.465500 
2.465700 
2.468800 
2.469000 
2.469400 
2.469500 
2.471100 
2.471300 
2.471600 
2.471800 
2.472200 
2.472300 
2.473100 
2.473300 
2.473400 
2.473400 
2.473500 
2.473900 
2.474400 
2.474800 
2.475100 
2.475500 
2.476800 
2.477000 
2.477200 
2.478000 
2.478000 
2.478000 
2.478400 
2.480000 
2.480200 
2.480400 
2.480500 
2.480800 
2.482300 
2.482700 
2.483800 
2.485000 
2.487000 
2.487300 
2.487600 
2.487600 
2.487800 
2.487800 
2.488000 
2.488400 
2.488900 
2.489100 
2.489300 
2.489400 
2.490500 
2.490700 
2.492300 
2.492700 
2.493300 
2.494000 
2.494300 
2.494600 
2.495300 
2.495800 
2.495800 
2.496100 
2.496900 
2.497200 
2.498500 
2.499100 
2.499700 
2.500000 
2.500200 
2.500300 
2.500300 
2.500300 
2.500400 
2.500600 
2.502400 
2.502400 
2.503300 
2.504500 
2.505800 
2.506100 
2.506700 
2.506800 
2.508200 
2.508400 
2.509000 
2.509200 
2.509300 
2.509600 
2.509700 
2.510000 
2.510300 
2.510300 
2.511700 
2.512600 
2.513100 
2.513200 
2.513400 
2.514000 
2.515200 
2.515600 
2.515700 
2.515800 
2.516100 
2.516500 
2.516600 
2.517000 
2.517100 
2.517300 
2.517600 
2.518800 
2.519100 
2.519700 
2.519900 
2.520300 
2.522200 
2.522200 
2.522300 
2.522900 
2.523300 
2.524300 
2.524600 
2.525200 
2.525600 
2.525800 
2.526100 
2.527000 
2.527400 
2.528100 
2.528900 
2.529300 
2.529600 
2.529600 
2.529800 
2.530100 
2.531800 
2.533100 
2.533200 
2.533300 
2.533800 
2.533900 
2.534200 
2.534700 
2.534800 
2.536300 
2.536300 
2.537100 
2.538200 
2.538300 
2.538400 
2.538500 
2.538900 
2.539800 
2.540200 
2.540600 
2.540700 
2.540800 
2.541000 
2.541500 
2.541500 
2.541900 
2.542200 
2.542800 
2.543300 
2.543300 
2.543500 
2.543700 
2.543900 
2.546200 
2.546300 
2.547000 
2.547800 
2.547800 
2.548000 
2.548300 
2.548800 
2.548800 
2.549500 
2.549700 
2.550500 
2.551200 
2.551300 
2.551400 
2.551600 
2.551800 
2.551800 
2.552200 
2.552400 
2.553000 
2.553100 
2.553200 
2.553200 
2.553300 
2.554400 
2.554700 
2.554900 
2.555000 
2.555100 
2.555300 
2.555700 
2.555800 
2.556700 
2.556900 
2.556900 
2.557400 
2.557700 
2.559100 
2.560200 
2.561100 
2.561700 
2.562100 
2.562300 
2.563000 
2.563100 
2.563400 
2.563700 
2.564000 
2.564100 
2.564300 
2.564500 
2.564500 
2.565500 
2.565700 
2.566100 
2.566200 
2.566600 
2.566700 
2.567000 
2.567100 
2.567300 
2.568600 
2.569700 
2.570900 
2.570900 
2.571000 
2.571000 
2.571400 
2.572000 
2.572200 
2.572700 
2.573200 
2.573400 
2.573500 
2.573800 
2.573900 
2.574200 
2.575400 
2.575800 
2.576600 
2.576800 
2.577000 
2.577300 
2.578700 
2.579000 
2.579000 
2.579600 
2.580000 
2.580600 
2.580900 
2.581000 
2.581400 
2.581600 
2.581900 
2.583000 
2.583000 
2.584500 
2.585700 
2.586700 
2.587400 
2.587700 
2.588100 
2.588500 
2.588600 
2.589700 
2.589800 
2.589900 
2.590200 
2.590400 
2.590500 
2.590800 
2.591100 
2.591300 
2.591800 
2.592600 
2.592600 
2.593100 
2.593200 
2.593800 
2.594400 
2.594800 
2.595100 
2.595400 
2.596700 
2.597200 
2.597500 
2.598700 
2.598900 
2.599100 
2.599300 
2.599600 
2.599900 
2.601100 
2.601400 
2.602200 
2.603000 
2.603600 
2.604200 
2.605100 
2.605100 
2.606300 
2.607000 
2.607100 
2.607100 
2.607600 
2.608400 
2.608900 
2.609200 
2.609400 
2.609500 
2.609800 
2.610300 
2.610500 
2.610800 
2.611900 
2.611900 
2.612000 
2.612000 
2.612800 
2.613200 
2.613200 
2.613300 
2.614900 
2.615100 
2.615200 
2.615300 
2.615600 
2.616300 
2.616900 
2.618200 
2.618200 
2.618600 
2.619700 
2.620300 
2.620700 
2.620800 
2.621000 
2.621000 
2.622800 
2.623400 
2.623700 
2.623900 
2.624100 
2.624300 
2.624500 
2.624600 
2.624700 
2.625500 
2.626100 
2.626500 
2.627200 
2.627300 
2.627800 
2.627900 
2.628900 
2.630000 
2.630100 
2.631500 
2.631900 
2.631900 
2.632100 
2.632800 
2.632800 
2.633100 
2.633600 
2.634500 
2.634600 
2.634700 
2.635200 
2.635600 
2.636000 
2.636100 
2.636500 
2.636900 
2.636900 
2.636900 
2.637200 
2.637300 
2.639200 
2.639300 
2.639900 
2.640400 
2.640700 
2.641400 
2.642400 
2.643000 
2.643600 
2.644300 
2.644800 
2.645000 
2.645500 
2.645500 
2.646500 
2.646600 
2.646800 
2.647400 
2.647400 
2.647700 
2.648000 
2.648100 
2.648900 
2.649800 
2.650400 
2.651400 
2.651700 
2.652100 
2.652300 
2.652300 
2.652400 
2.652500 
2.652600 
2.653700 
2.654900 
2.655900 
2.656900 
2.657000 
2.657100 
2.657500 
2.658200 
2.658200 
2.658200 
2.659000 
2.659400 
2.661800 
2.661800 
2.662200 
2.662300 
2.662400 
2.662500 
2.662700 
2.663300 
2.663400 
2.663500 
2.664300 
2.665100 
2.665100 
2.665800 
2.666100 
2.666600 
2.666700 
2.667700 
2.668600 
2.668800 
2.668800 
2.668900 
2.669900 
2.670300 
2.670800 
2.670900 
2.671200 
2.672400 
2.673100 
2.673700 
2.674000 
2.674600 
2.675500 
2.675800 
2.676500 
2.676800 
2.677100 
2.677500 
2.678300 
2.678700 
2.678800 
2.679000 
2.679400 
2.679500 
2.679700 
2.680100 
2.681500 
2.681500 
2.681700 
2.682200 
2.682300 
2.683000 
2.683000 
2.683400 
2.683400 
2.683400 
2.684000 
2.684100 
2.684200 
2.684300 
2.685000 
2.685200 
2.685900 
2.686500 
2.687100 
2.687300 
2.687600 
2.688300 
2.688800 
2.688900 
2.691800 
2.692200 
2.692300 
2.692500 
2.693700 
2.693900 
2.693900 
2.694400 
2.694800 
2.695100 
2.695500 
2.695500 
2.696000 
2.696300 
2.696700 
2.696900 
2.696900 
2.697000 
2.697600 
2.697700 
2.697800 
2.698400 
2.698700 
2.699000 
2.699000 
2.699000 
2.699900 
2.699900 
2.700000 
2.700700 
2.701200 
2.701400 
2.701400 
2.702200 
2.703600 
2.704200 
2.704400 
2.704400 
2.705400 
2.705600 
2.705700 
2.705800 
2.706900 
2.707500 
2.707900 
2.708100 
2.709000 
2.709700 
2.710200 
2.711300 
2.711600 
2.711700 
2.712100 
2.713400 
2.713700 
2.714000 
2.714300 
2.714600 
2.715000 
2.715700 
2.715700 
2.717100 
2.717900 
2.718200 
2.718300 
2.719200 
2.719400 
2.719500 
2.719900 
2.720000 
2.720200 
2.720800 
2.722000 
2.722100 
2.722300 
2.722600 
2.722600 
2.722800 
2.723000 
2.723200 
2.724000 
2.724200 
2.724500 
2.724700 
2.724900 
2.725000 
2.725700 
2.726400 
2.726400 
2.726700 
2.728100 
2.728300 
2.728400 
2.728700 
2.729600 
2.730100 
2.730900 
2.731200 
2.731300 
2.732900 
2.733100 
2.734200 
2.735700 
2.735900 
2.736800 
2.737800 
2.738100 
2.738900 
2.739100 
2.739400 
2.740300 
2.740300 
2.741300 
2.741500 
2.742400 
2.743400 
2.744400 
2.744600 
2.744900 
2.745800 
2.745900 
2.746100 
2.746400 
2.747300 
2.749300 
2.749700 
2.750000 
2.750800 
2.751000 
2.751500 
2.752200 
2.752700 
2.752800 
2.753100 
2.754100 
2.754400 
2.754900 
2.755300 
2.755400 
2.755500 
2.755900 
2.756400 
2.757100 
2.757400 
2.757800 
2.757900 
2.758000 
2.758500 
2.758600 
2.758900 
2.759200 
2.759500 
2.759700 
2.760400 
2.760700 
2.760700 
2.761500 
2.761800 
2.762700 
2.763000 
2.763100 
2.763300 
2.763700 
2.764000 
2.764400 
2.764900 
2.766100 
2.766300 
2.766900 
2.767100 
2.767200 
2.767800 
2.768800 
2.769300 
2.770600 
2.771100 
2.771200 
2.771800 
2.771800 
2.772200 
2.772500 
2.773000 
2.773200 
2.773300 
2.773900 
2.774600 
2.775100 
2.775300 
2.775300 
2.775300 
2.775500 
2.776700 
2.777100 
2.777500 
2.777800 
2.778200 
2.778200 
2.778600 
2.778800 
2.779400 
2.779700 
2.780000 
2.780200 
2.781000 
2.781100 
2.781600 
2.781900 
2.782000 
2.782600 
2.782900 
2.785400 
2.785500 
2.785600 
2.786700 
2.787100 
2.787400 
2.787500 
2.788700 
2.789200 
2.790000 
2.790300 
2.790900 
2.791600 
2.792000 
2.792600 
2.793000 
2.793000 
2.793600 
2.794000 
2.794300 
2.794700 
2.794900 
2.795400 
2.795500 
2.795500 
2.797300 
2.797600 
2.798100 
2.798900 
2.799800 
2.799900 
2.800600 
2.801000 
2.802500 
2.802700 
2.802700 
2.803000 
2.803400 
2.803400 
2.804300 
2.804400 
2.804400 
2.805000 
2.805500 
2.806000 
2.806300 
2.806400 
2.806500 
2.807500 
2.807900 
2.808000 
2.808800 
2.809100 
2.809300 
2.809900 
2.810100 
2.810300 
2.810800 
2.811500 
2.812300 
2.812400 
2.812800 
2.813400 
2.813700 
2.813900 
2.814200 
2.814300 
2.814400 
2.814600 
2.815000 
2.815000 
2.816200 
2.817000 
2.818300 
2.819100 
2.820100 
2.820500 
2.820600 
2.821200 
2.821400 
2.821900 
2.822000 
2.822200 
2.823500 
2.823600 
2.824500 
2.824800 
2.824900 
2.825100 
2.825200 
2.826300 
2.826400 
2.826700 
2.826900 
2.827800 
2.828100 
2.828300 
2.828400 
2.829200 
2.829200 
2.829900 
2.829900 
2.830100 
2.830400 
2.830700 
2.831000 
2.832300 
2.832400 
2.833400 
2.834400 
2.835800 
2.835900 
2.836400 
2.836600 
2.836700 
2.836900 
2.837100 
2.837500 
2.837800 
2.837800 
2.837900 
2.838100 
2.839300 
2.839700 
2.840000 
2.840700 
2.841100 
2.841200 
2.842200 
2.842500 
2.842500 
2.842900 
2.843300 
2.844000 
2.845400 
2.845600 
2.845900 
2.846200 
2.846400 
2.847200 
2.847900 
2.848500 
2.850700 
2.851200 
2.851200 
2.851500 
2.851600 
2.851800 
2.851900 
2.852600 
2.853500 
2.853500 
2.855400 
2.855500 
2.855600 
2.855700 
2.855900 
2.856100 
2.856200 
2.858400 
2.858700 
2.858900 
2.859900 
2.860200 
2.860700 
2.860800 
2.861100 
2.861100 
2.862200 
2.862700 
2.863900 
2.864500 
2.864600 
2.865700 
2.865800 
2.866500 
2.866900 
2.867100 
2.867300 
2.867300 
2.867600 
2.867700 
2.867700 
2.868000 
2.868000 
2.868900 
2.871200 
2.871200 
2.872000 
2.872800 
2.873700 
2.873800 
2.874000 
2.874100 
2.874900 
2.875900 
2.876200 
2.878700 
2.879100 
2.879200 
2.879300 
2.880700 
2.881100 
2.881300 
2.881700 
2.882100 
2.882300 
2.882500 
2.883200 
2.884400 
2.884600 
2.885600 
2.886300 
2.886800 
2.887500 
2.887600 
2.887600 
2.887700 
2.888600 
2.889100 
2.890500 
2.890600 
2.891400 
2.892100 
2.892200 
2.893000 
2.893700 
2.894400 
2.895700 
2.895800 
2.896200 
2.897200 
2.897200 
2.897400 
2.897700 
2.898200 
2.899000 
2.899200 
2.899600 
2.900100 
2.900100 
2.900300 
2.900400 
2.900800 
2.901000 
2.901600 
2.901600 
2.902200 
2.902300 
2.903000 
2.903500 
2.903500 
2.903800 
2.903800 
2.904300 
2.904400 
2.905200 
2.905500 
2.907200 
2.908100 
2.908300 
2.910300 
2.910400 
2.910400 
2.910600 
2.910800 
2.911300 
2.911400 
2.911600 
2.911700 
2.912400 
2.912900 
2.913000 
2.913500 
2.914400 
2.915100 
2.915300 
2.915800 
2.916000 
2.916400 
2.917200 
2.917800 
2.918400 
2.919300 
2.919900 
2.920200 
2.920400 
2.920500 
2.920700 
2.921600 
2.922000 
2.923000 
2.923500 
2.924600 
2.924700 
2.924900 
2.925200 
2.925800 
2.926200 
2.927000 
2.927600 
2.927700 
2.927900 
2.928100 
2.928100 
2.928700 
2.928800 
2.928900 
2.930200 
2.930800 
2.931500 
2.932000 
2.932100 
2.933600 
2.934100 
2.934900 
2.935200 
2.935400 
2.935600 
2.935800 
2.935900 
2.936600 
2.936700 
2.938100 
2.938200 
2.938900 
2.940800 
2.941300 
2.941700 
2.941900 
2.943100 
2.944200 
2.944600 
2.946100 
2.946500 
2.946800 
2.947200 
2.948500 
2.949000 
2.949300 
2.949900 
2.950500 
2.950800 
2.952100 
2.952800 
2.952900 
2.953200 
2.953400 
2.953400 
2.953700 
2.954400 
2.954500 
2.954600 
2.954800 
2.955500 
2.955600 
2.956200 
2.957200 
2.957300 
2.957300 
2.957500 
2.957800 
2.958100 
2.959500 
2.959600 
2.959700 
2.960500 
2.961000 
2.961100 
2.961400 
2.962200 
2.963100 
2.963200 
2.963600 
2.963900 
2.964800 
2.964800 
2.964800 
2.965300 
2.965500 
2.965800 
2.966000 
2.967100 
2.967300 
2.967400 
2.968300 
2.968900 
2.970600 
2.972300 
2.973000 
2.974000 
2.974300 
2.974400 
2.974600 
2.975400 
2.975600 
2.975800 
2.976200 
2.976200 
2.976400 
2.976800 
2.977400 
2.977700 
2.978300 
2.979800 
2.979900 
2.980200 
2.980300 
2.980600 
2.980700 
2.981200 
2.981600 
2.981900 
2.982200 
2.982200 
2.983200 
2.983300 
2.984000 
2.984400 
2.986800 
2.986900 
2.987400 
2.989000 
2.989100 
2.989400 
2.989600 
2.989900 
2.990100 
2.991000 
2.991900 
2.992100 
2.992200 
2.992600 
2.992800 
2.992800 
2.993400 
2.994600 
2.994600 
2.995700 
2.998800 
2.999200 
