0.016100 
0.034600 
0.046100 
0.048000 
0.060500 
0.062800 
0.066600 
0.067600 
0.079200 
0.080100 
0.088700 
0.094800 
0.095400 
0.103200 
0.104500 
0.111300 
0.111900 
0.116500 
0.118000 
0.118800 
0.119000 
0.126500 
0.127300 
0.127400 
0.127800 
0.131200 
0.136600 
0.141300 
0.141800 
0.143800 
0.151600 
0.152200 
0.155600 
0.165900 
0.168300 
0.170300 
0.170800 
0.176200 
0.183200 
0.187100 
0.188600 
0.191600 
0.193700 
0.204500 
0.209600 
0.218000 
0.219700 
0.224600 
0.230500 
0.234600 
0.240400 
0.253500 
0.254900 
0.255800 
0.256300 
0.257800 
0.258800 
0.262800 
0.267100 
0.276200 
0.279800 
0.280100 
0.281700 
0.282000 
0.286700 
0.290600 
0.298800 
0.300300 
0.300500 
0.301900 
0.312300 
0.316400 
0.316800 
0.320400 
0.320500 
0.324100 
0.324100 
0.330800 
0.331100 
0.333900 
0.334600 
0.338300 
0.348000 
0.353700 
0.354700 
0.358100 
0.367700 
0.370700 
0.374500 
0.374600 
0.378100 
0.378700 
0.379100 
0.379300 
0.379900 
0.381200 
0.383600 
0.387300 
0.389900 
0.391900 
0.396900 
0.397600 
0.404200 
0.413600 
0.416400 
0.418200 
0.433400 
0.435900 
0.436800 
0.447800 
0.457100 
0.460400 
0.466700 
0.467800 
0.468000 
0.468600 
0.473200 
0.480900 
0.482300 
0.482500 
0.483500 
0.492600 
0.492800 
0.494300 
0.502200 
0.508100 
0.516300 
0.520100 
0.521400 
0.522900 
0.524700 
0.525600 
0.540000 
0.543600 
0.544200 
0.544500 
0.556000 
0.560900 
0.565600 
0.566000 
0.568200 
0.578100 
0.579600 
0.586000 
0.587600 
0.589200 
0.590800 
0.594900 
0.607100 
0.608300 
0.609200 
0.612200 
0.614600 
0.625900 
0.632500 
0.632700 
0.638900 
0.645900 
0.646000 
0.646400 
0.647600 
0.656300 
0.656500 
0.659300 
0.662200 
0.666700 
0.667800 
0.673600 
0.673600 
0.686300 
0.689200 
0.689900 
0.693200 
0.693400 
0.694300 
0.697200 
0.698400 
0.700800 
0.707900 
0.710100 
0.710900 
0.719600 
0.728100 
0.730700 
0.731400 
0.733500 
0.736700 
0.736900 
0.740300 
0.742700 
0.751000 
0.753300 
0.758100 
0.765100 
0.765400 
0.767600 
0.767900 
0.771200 
0.774700 
0.775900 
0.777200 
0.782500 
0.783900 
0.785700 
0.793700 
0.794300 
0.799000 
0.804800 
0.808900 
0.813100 
0.817500 
0.821500 
0.823100 
0.825100 
0.832300 
0.835300 
0.836500 
0.840600 
0.841600 
0.842400 
0.846700 
0.852100 
0.854600 
0.855400 
0.860500 
0.867400 
0.872500 
0.873900 
0.875000 
0.875200 
0.876200 
0.876200 
0.885700 
0.892100 
0.892200 
0.895600 
0.903400 
0.907300 
0.910100 
0.910700 
0.916200 
0.916400 
0.918800 
0.922600 
0.930500 
0.930500 
0.932900 
0.935000 
0.948100 
0.949900 
0.954700 
0.959200 
0.959500 
0.967700 
0.976200 
0.977600 
0.979700 
0.979900 
0.990600 
0.991700 
1.000600 
1.001200 
1.001600 
1.014700 
1.016400 
1.025800 
1.025800 
1.028200 
1.029200 
1.032300 
1.039000 
1.042500 
1.049200 
1.049500 
1.050500 
1.059300 
1.062600 
1.066900 
1.073700 
1.077200 
1.079900 
1.080400 
1.080700 
1.084400 
1.091800 
1.097200 
1.103200 
1.103800 
1.110000 
1.115600 
1.118600 
1.118900 
1.122300 
1.123800 
1.129800 
1.137200 
1.137200 
1.137900 
1.138100 
1.146300 
1.146700 
1.154300 
1.154400 
1.158100 
1.161300 
1.167100 
1.174100 
1.174900 
1.176000 
1.178200 
1.182500 
1.186100 
1.191400 
1.197400 
1.198700 
1.201300 
1.201600 
1.202200 
1.203300 
1.213600 
1.217800 
1.220400 
1.222200 
1.224400 
1.227100 
1.235800 
1.237600 
1.238900 
1.239500 
1.241000 
1.244200 
1.245500 
1.248100 
1.253800 
1.259300 
1.260700 
1.267800 
1.269400 
1.275900 
1.280100 
1.282000 
1.287300 
1.290700 
1.291500 
1.292300 
1.293600 
1.295800 
1.296300 
1.306300 
1.313100 
1.316900 
1.320100 
1.320300 
1.321200 
1.325000 
1.335200 
1.337500 
1.338100 
1.338800 
1.340000 
1.359300 
1.359900 
1.360200 
1.361400 
1.368100 
1.368400 
1.368700 
1.376300 
1.378400 
1.381000 
1.382600 
1.388100 
1.395900 
1.398400 
1.403000 
1.408100 
1.408700 
1.410700 
1.415100 
1.417500 
1.422500 
1.430000 
1.430400 
1.432600 
1.432800 
1.433900 
1.434100 
1.436500 
1.437800 
1.440200 
1.443800 
1.450900 
1.451600 
1.462500 
1.462700 
1.466700 
1.477600 
1.478000 
1.479900 
1.480000 
1.480300 
1.483700 
1.484000 
1.492700 
1.495300 
1.499900 
1.506100 
1.507900 
1.509000 
1.509800 
1.512900 
1.524400 
1.527100 
1.529200 
1.529400 
1.532600 
1.536400 
1.538400 
1.539200 
1.539500 
1.540600 
1.541500 
1.554600 
1.558200 
1.561000 
1.562100 
1.562800 
1.563700 
1.571900 
1.574200 
1.574500 
1.575100 
1.577700 
1.582400 
1.584000 
1.587800 
1.590300 
1.605200 
1.607300 
1.610600 
1.610700 
1.624800 
1.624900 
1.625300 
1.625400 
1.632100 
1.632600 
1.639900 
1.646100 
1.647200 
1.653600 
1.656400 
1.657400 
1.658500 
1.661200 
1.664500 
1.668100 
1.669500 
1.678500 
1.679800 
1.680300 
1.685000 
1.686000 
1.694300 
1.701000 
1.704600 
1.706500 
1.706900 
1.711100 
1.711300 
1.711900 
1.718400 
1.724600 
1.727100 
1.727400 
1.730400 
1.730600 
1.743300 
1.747800 
1.748300 
1.753000 
1.755900 
1.759200 
1.764200 
1.766800 
1.770300 
1.773100 
1.773500 
1.777900 
1.780600 
1.787900 
1.789600 
1.791800 
1.794900 
1.795700 
1.797300 
1.808500 
1.813600 
1.814400 
1.819600 
1.819800 
1.825300 
1.830400 
1.831100 
1.833100 
1.833500 
1.838500 
1.838700 
1.839500 
1.850500 
1.857200 
1.859500 
1.860900 
1.864700 
1.867100 
1.867600 
1.872000 
1.873000 
1.878400 
1.880300 
1.882100 
1.885400 
1.894000 
1.895400 
1.896100 
1.899100 
1.901700 
1.902100 
1.906400 
1.914300 
1.915600 
1.920700 
1.920900 
1.921400 
1.935000 
1.935600 
1.939400 
1.939900 
1.954000 
1.955600 
1.960600 
1.963000 
1.963000 
1.963800 
1.963800 
1.967800 
1.973100 
1.977400 
1.978800 
1.987100 
1.991200 
1.992200 
1.995000 
1.997100 
1.999300 
1.999400 
2.006300 
2.008400 
2.019600 
2.020000 
2.026000 
2.030800 
2.034500 
2.035400 
2.038100 
2.041700 
2.048700 
2.050500 
2.051000 
2.056800 
2.058300 
2.058900 
2.064000 
2.066500 
2.072300 
2.080400 
2.083800 
2.086400 
2.089800 
2.092200 
2.094000 
2.095500 
2.095900 
2.097800 
2.100200 
2.101200 
2.104600 
2.112800 
2.113900 
2.116800 
2.116900 
2.117400 
2.120700 
2.131600 
2.133700 
2.136100 
2.139700 
2.141900 
2.153000 
2.157400 
2.163300 
2.165600 
2.174400 
2.174500 
2.178800 
2.179000 
2.179200 
2.180200 
2.189200 
2.193400 
2.195400 
2.197300 
2.204700 
2.205400 
2.211500 
2.217500 
2.217800 
2.224800 
2.225000 
2.225900 
2.226100 
2.228000 
2.239200 
2.246900 
2.247300 
2.249600 
2.254900 
2.256600 
2.259100 
2.263700 
2.273900 
2.274000 
2.276000 
2.279500 
2.280000 
2.291600 
2.291800 
2.292700 
2.293000 
2.307500 
2.309100 
2.309200 
2.309700 
2.315200 
2.316200 
2.318100 
2.322400 
2.324900 
2.332700 
2.333300 
2.334400 
2.345300 
2.345300 
2.351100 
2.352900 
2.360100 
2.361600 
2.362800 
2.364900 
2.365000 
2.365200 
2.370700 
2.371700 
2.372700 
2.373200 
2.377400 
2.380600 
2.381700 
2.382000 
2.382100 
2.383100 
2.385900 
2.397500 
2.398200 
2.398700 
2.402100 
2.402300 
2.406700 
2.413400 
2.415900 
2.416000 
2.419400 
2.427200 
2.429600 
2.433800 
2.436200 
2.436700 
2.442200 
2.442300 
2.447500 
2.448000 
2.449300 
2.453300 
2.453300 
2.459500 
2.463800 
2.464400 
2.466900 
2.471100 
2.475900 
2.481900 
2.486900 
2.496200 
2.500900 
2.501100 
2.509300 
2.511500 
2.514200 
2.522300 
2.523400 
2.523700 
2.524000 
2.527500 
2.527500 
2.534900 
2.535800 
2.535800 
2.539200 
2.546800 
2.551900 
2.556100 
2.559700 
2.560300 
2.564100 
2.565000 
2.568400 
2.574900 
2.575700 
2.578000 
2.580600 
2.581900 
2.585400 
2.590800 
2.591100 
2.592200 
2.594500 
2.601200 
2.603000 
2.603500 
2.605000 
2.607300 
2.619300 
2.619700 
2.620700 
2.621900 
2.625900 
2.627000 
2.635800 
2.637000 
2.638100 
2.650300 
2.652400 
2.655100 
2.655900 
2.665200 
2.665500 
2.670300 
2.673500 
2.682300 
2.688500 
2.690300 
2.694700 
2.698200 
2.706100 
2.707600 
2.707700 
2.710000 
2.711500 
2.717000 
2.719100 
2.724500 
2.726500 
2.732200 
2.733700 
2.736400 
2.743200 
2.748100 
2.748300 
2.750300 
2.757900 
2.761500 
2.763200 
2.768200 
2.770200 
2.771000 
2.777600 
2.778700 
2.778800 
2.781100 
2.781900 
2.782000 
2.790000 
2.796800 
2.800500 
2.802600 
2.804000 
2.804700 
2.809200 
2.820200 
2.820600 
2.822200 
2.840600 
2.841600 
2.842300 
2.843500 
2.844600 
2.855700 
2.862100 
2.863600 
2.865400 
2.865700 
2.874200 
2.875200 
2.876300 
2.879800 
2.884400 
2.886500 
2.890500 
2.891900 
2.893900 
2.895700 
2.896100 
2.897400 
2.898700 
2.908200 
2.912500 
2.913600 
2.916100 
2.918700 
2.925200 
2.925200 
2.933300 
2.943400 
2.945600 
2.946500 
2.951200 
2.952400 
2.954000 
2.960900 
2.963400 
2.967200 
2.967800 
2.976400 
2.976500 
2.983200 
2.984400 
2.987400 
2.988400 
2.989800 
2.993200 
2.996300 
