0.013200 
0.022300 
0.025000 
0.032700 
0.034800 
0.035500 
0.037200 
0.042200 
0.046500 
0.048900 
0.052400 
0.053900 
0.055100 
0.055400 
0.059800 
0.066000 
0.072100 
0.075100 
0.076800 
0.078700 
0.080900 
0.085000 
0.087400 
0.087500 
0.088400 
0.090100 
0.091900 
0.092000 
0.095300 
0.095300 
0.095400 
0.097300 
0.099200 
0.103500 
0.104400 
0.104800 
0.106200 
0.108200 
0.112400 
0.112500 
0.112700 
0.113800 
0.114200 
0.117400 
0.119100 
0.122300 
0.122500 
0.124200 
0.124700 
0.125300 
0.129100 
0.130100 
0.130200 
0.132300 
0.132600 
0.134700 
0.135400 
0.136500 
0.137400 
0.137600 
0.138400 
0.139000 
0.139000 
0.139000 
0.139200 
0.140100 
0.142100 
0.143500 
0.144200 
0.147300 
0.147800 
0.148600 
0.150400 
0.150800 
0.152900 
0.153000 
0.153900 
0.154200 
0.154300 
0.155600 
0.156400 
0.157700 
0.158200 
0.159000 
0.159200 
0.159400 
0.160800 
0.161100 
0.162200 
0.163900 
0.164900 
0.165600 
0.166600 
0.167500 
0.168400 
0.171000 
0.173200 
0.175400 
0.175500 
0.175600 
0.178200 
0.178200 
0.178400 
0.179200 
0.179400 
0.180100 
0.180200 
0.180700 
0.183100 
0.183700 
0.183900 
0.184800 
0.185000 
0.185200 
0.188000 
0.190700 
0.192000 
0.193000 
0.193100 
0.195500 
0.197200 
0.197700 
0.200700 
0.201800 
0.204800 
0.208300 
0.209800 
0.210200 
0.211200 
0.211300 
0.211700 
0.212200 
0.212300 
0.212300 
0.212700 
0.213300 
0.213400 
0.213600 
0.214900 
0.214900 
0.215300 
0.215300 
0.218300 
0.219800 
0.222400 
0.223300 
0.223300 
0.224200 
0.227000 
0.227600 
0.227800 
0.229200 
0.230300 
0.231100 
0.232200 
0.232800 
0.235800 
0.236500 
0.237400 
0.237400 
0.237600 
0.238100 
0.238300 
0.239400 
0.239500 
0.239600 
0.241500 
0.242000 
0.242500 
0.243500 
0.243700 
0.244900 
0.245000 
0.245700 
0.245700 
0.246900 
0.249000 
0.249000 
0.249800 
0.251500 
0.251800 
0.252900 
0.256300 
0.258200 
0.258200 
0.259900 
0.260000 
0.262000 
0.262400 
0.262600 
0.262900 
0.265700 
0.266400 
0.267200 
0.267900 
0.269800 
0.269900 
0.270200 
0.272000 
0.272400 
0.273200 
0.273900 
0.274800 
0.275100 
0.277500 
0.279200 
0.279800 
0.281300 
0.281500 
0.282900 
0.283500 
0.283600 
0.283800 
0.285500 
0.286400 
0.288500 
0.289500 
0.289600 
0.291900 
0.292000 
0.292400 
0.292900 
0.293100 
0.295100 
0.295200 
0.295700 
0.295900 
0.297600 
0.297800 
0.299500 
0.299900 
0.299900 
0.300200 
0.303500 
0.304300 
0.305500 
0.305500 
0.306300 
0.306900 
0.307300 
0.308800 
0.309100 
0.309500 
0.309600 
0.310100 
0.311300 
0.311400 
0.311500 
0.312100 
0.312100 
0.312900 
0.313400 
0.314000 
0.315100 
0.315200 
0.316000 
0.316800 
0.316800 
0.317100 
0.317800 
0.318700 
0.322100 
0.324100 
0.324900 
0.325700 
0.328500 
0.329500 
0.330000 
0.331300 
0.331400 
0.331600 
0.332000 
0.332500 
0.333200 
0.334100 
0.335400 
0.335500 
0.335700 
0.336300 
0.336800 
0.338100 
0.340000 
0.342100 
0.342400 
0.342500 
0.343000 
0.343300 
0.343500 
0.344100 
0.344300 
0.345700 
0.346500 
0.346700 
0.346800 
0.347500 
0.348700 
0.349400 
0.349800 
0.351200 
0.352400 
0.355000 
0.355000 
0.355300 
0.356700 
0.357100 
0.357400 
0.358800 
0.359000 
0.359700 
0.360400 
0.362400 
0.362800 
0.362800 
0.362800 
0.363600 
0.364600 
0.365000 
0.366600 
0.366700 
0.367600 
0.367800 
0.369600 
0.370500 
0.370900 
0.372300 
0.372500 
0.373100 
0.373600 
0.373800 
0.374300 
0.374900 
0.378700 
0.379000 
0.379100 
0.379200 
0.379700 
0.381300 
0.381600 
0.383800 
0.384000 
0.384700 
0.384900 
0.387100 
0.387800 
0.389300 
0.390800 
0.391200 
0.393100 
0.393600 
0.393800 
0.394100 
0.394200 
0.394200 
0.394800 
0.394900 
0.395000 
0.395300 
0.397000 
0.397600 
0.399100 
0.399200 
0.401000 
0.403600 
0.404200 
0.405200 
0.406100 
0.407000 
0.408300 
0.408600 
0.408700 
0.412100 
0.412700 
0.413900 
0.414800 
0.414900 
0.416200 
0.416300 
0.419200 
0.419200 
0.419700 
0.420000 
0.422400 
0.422500 
0.423000 
0.423000 
0.423200 
0.423900 
0.424100 
0.425400 
0.426800 
0.427000 
0.428600 
0.429100 
0.429800 
0.430300 
0.431900 
0.432200 
0.433000 
0.433200 
0.433500 
0.434100 
0.434300 
0.435000 
0.435000 
0.435400 
0.436500 
0.436800 
0.436800 
0.436900 
0.437200 
0.437200 
0.437300 
0.437300 
0.437800 
0.439000 
0.439000 
0.439200 
0.439600 
0.446500 
0.450100 
0.452300 
0.452600 
0.453400 
0.453700 
0.454000 
0.455300 
0.455600 
0.459300 
0.460400 
0.460500 
0.461600 
0.461900 
0.463900 
0.464300 
0.465000 
0.465200 
0.466500 
0.466600 
0.466900 
0.467200 
0.467400 
0.468700 
0.471800 
0.472600 
0.474400 
0.475500 
0.476600 
0.477100 
0.478400 
0.478600 
0.479300 
0.479500 
0.480100 
0.482900 
0.483900 
0.488800 
0.489300 
0.489300 
0.490800 
0.493400 
0.493400 
0.494100 
0.494400 
0.495000 
0.495300 
0.495400 
0.495800 
0.496000 
0.497500 
0.498600 
0.498800 
0.500300 
0.501100 
0.502900 
0.503200 
0.503700 
0.503800 
0.503800 
0.504200 
0.504700 
0.505800 
0.506700 
0.507100 
0.507400 
0.508600 
0.508700 
0.510400 
0.511000 
0.513000 
0.514500 
0.514700 
0.517800 
0.518200 
0.518400 
0.518700 
0.518700 
0.518800 
0.519100 
0.519300 
0.519800 
0.520300 
0.520500 
0.521600 
0.521700 
0.522100 
0.522100 
0.524300 
0.524400 
0.529500 
0.530700 
0.530900 
0.531400 
0.532200 
0.532600 
0.534700 
0.535900 
0.537300 
0.538400 
0.539300 
0.539400 
0.542200 
0.542500 
0.543100 
0.544200 
0.544200 
0.545000 
0.545200 
0.546500 
0.547300 
0.547700 
0.547900 
0.549000 
0.549100 
0.549300 
0.549700 
0.550300 
0.551000 
0.551300 
0.551600 
0.551700 
0.552800 
0.553100 
0.553400 
0.553700 
0.553800 
0.554800 
0.559100 
0.560700 
0.561700 
0.562000 
0.562300 
0.562600 
0.562900 
0.564700 
0.565100 
0.565200 
0.565300 
0.565500 
0.565700 
0.566100 
0.566900 
0.567000 
0.567300 
0.567600 
0.568400 
0.570800 
0.571300 
0.573200 
0.573200 
0.573300 
0.573700 
0.574700 
0.575200 
0.575300 
0.576000 
0.576100 
0.577000 
0.578600 
0.578900 
0.580300 
0.581400 
0.583000 
0.583100 
0.584800 
0.584800 
0.586000 
0.586900 
0.587600 
0.588100 
0.588300 
0.588500 
0.589800 
0.590000 
0.591400 
0.592200 
0.594500 
0.595700 
0.596000 
0.596000 
0.597100 
0.597900 
0.598500 
0.599800 
0.600800 
0.601700 
0.601700 
0.601700 
0.603400 
0.605200 
0.605500 
0.607700 
0.607700 
0.608300 
0.609200 
0.609500 
0.609700 
0.610300 
0.610500 
0.612300 
0.613100 
0.614000 
0.615700 
0.618800 
0.619200 
0.619900 
0.620600 
0.622700 
0.624000 
0.624100 
0.624400 
0.624400 
0.624500 
0.624600 
0.624700 
0.624700 
0.625200 
0.625600 
0.625600 
0.625700 
0.626300 
0.626400 
0.626600 
0.626800 
0.627500 
0.628000 
0.628100 
0.629300 
0.630000 
0.631300 
0.632200 
0.633700 
0.634200 
0.634400 
0.638300 
0.640100 
0.640500 
0.642200 
0.642300 
0.642300 
0.643100 
0.643700 
0.643800 
0.644900 
0.644900 
0.645900 
0.647600 
0.647800 
0.648800 
0.649900 
0.650100 
0.650900 
0.652400 
0.653600 
0.653800 
0.656000 
0.656100 
0.656900 
0.657000 
0.657700 
0.659600 
0.661000 
0.662300 
0.662500 
0.663500 
0.664400 
0.664600 
0.665100 
0.665200 
0.666100 
0.668700 
0.671000 
0.672000 
0.672100 
0.672700 
0.673000 
0.673800 
0.673900 
0.674900 
0.675800 
0.676600 
0.676700 
0.677400 
0.678200 
0.678200 
0.678500 
0.680600 
0.683100 
0.684100 
0.685500 
0.685800 
0.688800 
0.688800 
0.689300 
0.689700 
0.691000 
0.691100 
0.692300 
0.692500 
0.692600 
0.692800 
0.693200 
0.694100 
0.695400 
0.695400 
0.695600 
0.695800 
0.696700 
0.697000 
0.699300 
0.700400 
0.701900 
0.702000 
0.703000 
0.703800 
0.704000 
0.704100 
0.707100 
0.707400 
0.707500 
0.708100 
0.709700 
0.709800 
0.709900 
0.712900 
0.714000 
0.715400 
0.715700 
0.718900 
0.719700 
0.720000 
0.720300 
0.721100 
0.721300 
0.721700 
0.722500 
0.722900 
0.723900 
0.724500 
0.724800 
0.725000 
0.725500 
0.725600 
0.725700 
0.726600 
0.727500 
0.728800 
0.729900 
0.730400 
0.731300 
0.731400 
0.731700 
0.732200 
0.732400 
0.732600 
0.735200 
0.738100 
0.740100 
0.740300 
0.740400 
0.740800 
0.741800 
0.743600 
0.745400 
0.745800 
0.746300 
0.747400 
0.747400 
0.748100 
0.749500 
0.750400 
0.750800 
0.753500 
0.754100 
0.755800 
0.757000 
0.757100 
0.759200 
0.761500 
0.762000 
0.762300 
0.763200 
0.763200 
0.763200 
0.764500 
0.764600 
0.766800 
0.766800 
0.766900 
0.767200 
0.768300 
0.769200 
0.769500 
0.769700 
0.769900 
0.770000 
0.770900 
0.770900 
0.771300 
0.771900 
0.772200 
0.772200 
0.772600 
0.772700 
0.773500 
0.773500 
0.773500 
0.775400 
0.775900 
0.776000 
0.779700 
0.781600 
0.782400 
0.782600 
0.784000 
0.784700 
0.785000 
0.788500 
0.789400 
0.789800 
0.789800 
0.790100 
0.790400 
0.790500 
0.792300 
0.792400 
0.792500 
0.792800 
0.794900 
0.795100 
0.795500 
0.795600 
0.796400 
0.796600 
0.798700 
0.800700 
0.801100 
0.801600 
0.803100 
0.803300 
0.803900 
0.804100 
0.804300 
0.805300 
0.807300 
0.807600 
0.808000 
0.808200 
0.809200 
0.809400 
0.810900 
0.811200 
0.811700 
0.814400 
0.814800 
0.815100 
0.815900 
0.818000 
0.820000 
0.820200 
0.821300 
0.821700 
0.822800 
0.822800 
0.823300 
0.824500 
0.827900 
0.828400 
0.831000 
0.831900 
0.832800 
0.834100 
0.835300 
0.835900 
0.836000 
0.836600 
0.836600 
0.837000 
0.838800 
0.839800 
0.840400 
0.840600 
0.841100 
0.841600 
0.842700 
0.843100 
0.843400 
0.843700 
0.844200 
0.844400 
0.844700 
0.845300 
0.845400 
0.845600 
0.846300 
0.847100 
0.847100 
0.848400 
0.848500 
0.848500 
0.849400 
0.850700 
0.852100 
0.852700 
0.852900 
0.853400 
0.854200 
0.855200 
0.858800 
0.859300 
0.859400 
0.861000 
0.861300 
0.861500 
0.866700 
0.867500 
0.867800 
0.868300 
0.868900 
0.870300 
0.870400 
0.870800 
0.870900 
0.872100 
0.873500 
0.875100 
0.875600 
0.876000 
0.876200 
0.876300 
0.877100 
0.877800 
0.877900 
0.878400 
0.882000 
0.882000 
0.882400 
0.882900 
0.885600 
0.885800 
0.886500 
0.887200 
0.889000 
0.889200 
0.889700 
0.890100 
0.890800 
0.890800 
0.891300 
0.894200 
0.895100 
0.895200 
0.895700 
0.895900 
0.896000 
0.896900 
0.897400 
0.897600 
0.898200 
0.898300 
0.900100 
0.901500 
0.902800 
0.903200 
0.904500 
0.905100 
0.905100 
0.906700 
0.907900 
0.908200 
0.908400 
0.909500 
0.909700 
0.910500 
0.911200 
0.911600 
0.911800 
0.912000 
0.914300 
0.915800 
0.916000 
0.916100 
0.917600 
0.918000 
0.919100 
0.919600 
0.922400 
0.924000 
0.925600 
0.925700 
0.926200 
0.926400 
0.926900 
0.929000 
0.929200 
0.929700 
0.930600 
0.930700 
0.934000 
0.934800 
0.935600 
0.936100 
0.936500 
0.937600 
0.937700 
0.937800 
0.938800 
0.939600 
0.940400 
0.940500 
0.942100 
0.942100 
0.944000 
0.944500 
0.944700 
0.946100 
0.946200 
0.946900 
0.947500 
0.948400 
0.952000 
0.952200 
0.953800 
0.953800 
0.955300 
0.955400 
0.955600 
0.955900 
0.955900 
0.956400 
0.956600 
0.958000 
0.958500 
0.958800 
0.960300 
0.961500 
0.961900 
0.962400 
0.962600 
0.962700 
0.962800 
0.963100 
0.963200 
0.963500 
0.963800 
0.967300 
0.967900 
0.968000 
0.968000 
0.970000 
0.971600 
0.972400 
0.973200 
0.973200 
0.974100 
0.975500 
0.976800 
0.977000 
0.978200 
0.978400 
0.980100 
0.980300 
0.981500 
0.982300 
0.982400 
0.982500 
0.982500 
0.982800 
0.984900 
0.987200 
0.987400 
0.988100 
0.988600 
0.989800 
0.990600 
0.993100 
0.993500 
0.993700 
0.993700 
0.994300 
0.994800 
0.995200 
0.995400 
0.997000 
0.998000 
0.998200 
0.999200 
1.000900 
1.001500 
1.001700 
1.004800 
1.005100 
1.005700 
1.005800 
1.005800 
1.006100 
1.007100 
1.007900 
1.007900 
1.008500 
1.008800 
1.010600 
1.010900 
1.012800 
1.013100 
1.014200 
1.014900 
1.015500 
1.017300 
1.020600 
1.020900 
1.021100 
1.021100 
1.021600 
1.022400 
1.022800 
1.024400 
1.024600 
1.025100 
1.027300 
1.027400 
1.029700 
1.030100 
1.030700 
1.031100 
1.031900 
1.032100 
1.032900 
1.034000 
1.036000 
1.036500 
1.039500 
1.040100 
1.040600 
1.040900 
1.040900 
1.041500 
1.042000 
1.042800 
1.044700 
1.045000 
1.046400 
1.047300 
1.048300 
1.049200 
1.049600 
1.049800 
1.050800 
1.051300 
1.052100 
1.053100 
1.054300 
1.054700 
1.057500 
1.058500 
1.059000 
1.060200 
1.061100 
1.061800 
1.063500 
1.065200 
1.065400 
1.066600 
1.066700 
1.066700 
1.066900 
1.068100 
1.068100 
1.068900 
1.069100 
1.069200 
1.070100 
1.071200 
1.071900 
1.072800 
1.073100 
1.073400 
1.073800 
1.073800 
1.075900 
1.076100 
1.076900 
1.077500 
1.078000 
1.080300 
1.082800 
1.082900 
1.084500 
1.084700 
1.085800 
1.086100 
1.086200 
1.086500 
1.086900 
1.088200 
1.088400 
1.089500 
1.090100 
1.090900 
1.091700 
1.092800 
1.094200 
1.095600 
1.097800 
1.097800 
1.098100 
1.098700 
1.098800 
1.099200 
1.100400 
1.102100 
1.102900 
1.103400 
1.103700 
1.104100 
1.105200 
1.105600 
1.107100 
1.107700 
1.108500 
1.109500 
1.110200 
1.111100 
1.111600 
1.111800 
1.112400 
1.112900 
1.116100 
1.117200 
1.117700 
1.119200 
1.119700 
1.119800 
1.120300 
1.122700 
1.124500 
1.125100 
1.125200 
1.126200 
1.127400 
1.127600 
1.128000 
1.129900 
1.131300 
1.131500 
1.131800 
1.132000 
1.132400 
1.134700 
1.135000 
1.138800 
1.139300 
1.140000 
1.140400 
1.140500 
1.142200 
1.142300 
1.142400 
1.144100 
1.145300 
1.145400 
1.147500 
1.147800 
1.149000 
1.149100 
1.150700 
1.151000 
1.152000 
1.152100 
1.152600 
1.153300 
1.155700 
1.156400 
1.157900 
1.159600 
1.160000 
1.160800 
1.162100 
1.162300 
1.162800 
1.163100 
1.163200 
1.163700 
1.163800 
1.164900 
1.164900 
1.165600 
1.166200 
1.166600 
1.168300 
1.169000 
1.169500 
1.169600 
1.170100 
1.170800 
1.173000 
1.173200 
1.174700 
1.174800 
1.175100 
1.176100 
1.176400 
1.176800 
1.178200 
1.178500 
1.178600 
1.179700 
1.181900 
1.183400 
1.185600 
1.185700 
1.185900 
1.186100 
1.187500 
1.187600 
1.187800 
1.188700 
1.190900 
1.191600 
1.192000 
1.192900 
1.192900 
1.193400 
1.193700 
1.194100 
1.194800 
1.194800 
1.194900 
1.198100 
1.198700 
1.200900 
1.201400 
1.201700 
1.202000 
1.202500 
1.202900 
1.206200 
1.206800 
1.207800 
1.208100 
1.208500 
1.211700 
1.212100 
1.213500 
1.213500 
1.214000 
1.214100 
1.215200 
1.215500 
1.215700 
1.216900 
1.217500 
1.218300 
1.218400 
1.218500 
1.218900 
1.219300 
1.221800 
1.224000 
1.224600 
1.225200 
1.225300 
1.226900 
1.230200 
1.230600 
1.231500 
1.232500 
1.232700 
1.233300 
1.234300 
1.237100 
1.237400 
1.237400 
1.238600 
1.238900 
1.239200 
1.239400 
1.239800 
1.240500 
1.241400 
1.242200 
1.242600 
1.242700 
1.242900 
1.243100 
1.243200 
1.243400 
1.243600 
1.244100 
1.246300 
1.246500 
1.247600 
1.250200 
1.251300 
1.251500 
1.252000 
1.252300 
1.252900 
1.253600 
1.254000 
1.254100 
1.254200 
1.255900 
1.256000 
1.256600 
1.257500 
1.258000 
1.259800 
1.260000 
1.263100 
1.263300 
1.265400 
1.266600 
1.267500 
1.268000 
1.269500 
1.270500 
1.271700 
1.271800 
1.272500 
1.272600 
1.273200 
1.274600 
1.274800 
1.274900 
1.275500 
1.275500 
1.275700 
1.276800 
1.278900 
1.279300 
1.279800 
1.280000 
1.280600 
1.283200 
1.287700 
1.288200 
1.288300 
1.289400 
1.289800 
1.292900 
1.294500 
1.294700 
1.295000 
1.296100 
1.296200 
1.296600 
1.297300 
1.297400 
1.297700 
1.298100 
1.298400 
1.299100 
1.299100 
1.299500 
1.301000 
1.301100 
1.302300 
1.304400 
1.305000 
1.305300 
1.306800 
1.308000 
1.308200 
1.308700 
1.310300 
1.310700 
1.311600 
1.313700 
1.316000 
1.318100 
1.318700 
1.320200 
1.320900 
1.322200 
1.323200 
1.323900 
1.324500 
1.325200 
1.326000 
1.329200 
1.329600 
1.330300 
1.333700 
1.334600 
1.335300 
1.335900 
1.337100 
1.338400 
1.339900 
1.340400 
1.340400 
1.340800 
1.341200 
1.341300 
1.341700 
1.342300 
1.343200 
1.344500 
1.346300 
1.348000 
1.349600 
1.349900 
1.350600 
1.350900 
1.351000 
1.353500 
1.355200 
1.355300 
1.355300 
1.356100 
1.356300 
1.357600 
1.357800 
1.358200 
1.358600 
1.358800 
1.359300 
1.359400 
1.360200 
1.360300 
1.362200 
1.363100 
1.363600 
1.363600 
1.364100 
1.369000 
1.370200 
1.371600 
1.373300 
1.373300 
1.373900 
1.375800 
1.375800 
1.377200 
1.378400 
1.378600 
1.378800 
1.379200 
1.380800 
1.383300 
1.383700 
1.386000 
1.386400 
1.387600 
1.388900 
1.389000 
1.389300 
1.389300 
1.389400 
1.389800 
1.390200 
1.390900 
1.391100 
1.391500 
1.392700 
1.393000 
1.395800 
1.396400 
1.397600 
1.398100 
1.399000 
1.400200 
1.401000 
1.401000 
1.401100 
1.403600 
1.404200 
1.404900 
1.407100 
1.407100 
1.409700 
1.410600 
1.410900 
1.411200 
1.413100 
1.414500 
1.417000 
1.418500 
1.419400 
1.419900 
1.421600 
1.421600 
1.422000 
1.422400 
1.422400 
1.426700 
1.427700 
1.427800 
1.428100 
1.428600 
1.429200 
1.431400 
1.432200 
1.433100 
1.433500 
1.433800 
1.434800 
1.436400 
1.436400 
1.436500 
1.436700 
1.437200 
1.438400 
1.438700 
1.439300 
1.440400 
1.441100 
1.441400 
1.441600 
1.441700 
1.449900 
1.450300 
1.450500 
1.451400 
1.451700 
1.452600 
1.455700 
1.456800 
1.456800 
1.457100 
1.457200 
1.457300 
1.458600 
1.459100 
1.459400 
1.459800 
1.460400 
1.462300 
1.463300 
1.465100 
1.469100 
1.469300 
1.470200 
1.470400 
1.470400 
1.471600 
1.472200 
1.472300 
1.474800 
1.475700 
1.475700 
1.477000 
1.479100 
1.479200 
1.479800 
1.480700 
1.481100 
1.481300 
1.482000 
1.482500 
1.483500 
1.483500 
1.484100 
1.484500 
1.484600 
1.485200 
1.488400 
1.489400 
1.490300 
1.490600 
1.491400 
1.492500 
1.493000 
1.493100 
1.493300 
1.493400 
1.494900 
1.495500 
1.496100 
1.497600 
1.498000 
1.498200 
1.500400 
1.502900 
1.504700 
1.505100 
1.505200 
1.506300 
1.510200 
1.511200 
1.511400 
1.511500 
1.512300 
1.512700 
1.513800 
1.514800 
1.514800 
1.514900 
1.515100 
1.515900 
1.517900 
1.519000 
1.519200 
1.519500 
1.519700 
1.520100 
1.520300 
1.523900 
1.524200 
1.524300 
1.524500 
1.525000 
1.529000 
1.529100 
1.533100 
1.533200 
1.533700 
1.534000 
1.535700 
1.535700 
1.536100 
1.537000 
1.537300 
1.539500 
1.540400 
1.540600 
1.540700 
1.541700 
1.541800 
1.542200 
1.542900 
1.545500 
1.545800 
1.546400 
1.546600 
1.546600 
1.547400 
1.548200 
1.549000 
1.549500 
1.550000 
1.550800 
1.551100 
1.552300 
1.556100 
1.556300 
1.558200 
1.559000 
1.559900 
1.560400 
1.560400 
1.561000 
1.562400 
1.562500 
1.563300 
1.563600 
1.564500 
1.565000 
1.565700 
1.566300 
1.566700 
1.567900 
1.567900 
1.568400 
1.569700 
1.569800 
1.570700 
1.571300 
1.571800 
1.572500 
1.573300 
1.573300 
1.573400 
1.574700 
1.575900 
1.576300 
1.577000 
1.577000 
1.577600 
1.577800 
1.578800 
1.581500 
1.582100 
1.582800 
1.583500 
1.585100 
1.585500 
1.587200 
1.588200 
1.589200 
1.590100 
1.591100 
1.591600 
1.592700 
1.593300 
1.593800 
1.594500 
1.596300 
1.596400 
1.596600 
1.596700 
1.598100 
1.598700 
1.599000 
1.601200 
1.601800 
1.602200 
1.602200 
1.602600 
1.605600 
1.607500 
1.607600 
1.607800 
1.608000 
1.608100 
1.608200 
1.608200 
1.609100 
1.609200 
1.612000 
1.612100 
1.612500 
1.613100 
1.613600 
1.615800 
1.616200 
1.616800 
1.616900 
1.616900 
1.618200 
1.619300 
1.619500 
1.619800 
1.619900 
1.620900 
1.621200 
1.621600 
1.621800 
1.623400 
1.623600 
1.628100 
1.628300 
1.629700 
1.630500 
1.630700 
1.631100 
1.631800 
1.631900 
1.632800 
1.635200 
1.635900 
1.636300 
1.637900 
1.638500 
1.639300 
1.639400 
1.640200 
1.640500 
1.641200 
1.641500 
1.642000 
1.642000 
1.642500 
1.644100 
1.644600 
1.645400 
1.646000 
1.646100 
1.646600 
1.648400 
1.649800 
1.650800 
1.651200 
1.652700 
1.652900 
1.653500 
1.654100 
1.654400 
1.655800 
1.656500 
1.657300 
1.659000 
1.660500 
1.660800 
1.661400 
1.661900 
1.662300 
1.662600 
1.663100 
1.663500 
1.664000 
1.664800 
1.665100 
1.665100 
1.667000 
1.667400 
1.667900 
1.669000 
1.669700 
1.669800 
1.669800 
1.670100 
1.671300 
1.672900 
1.673800 
1.674400 
1.674700 
1.676200 
1.678100 
1.678600 
1.679000 
1.681600 
1.682200 
1.683400 
1.683600 
1.683900 
1.684700 
1.686600 
1.687200 
1.687300 
1.687600 
1.688900 
1.689100 
1.689300 
1.690800 
1.690900 
1.692700 
1.693200 
1.693400 
1.695200 
1.695300 
1.695400 
1.696200 
1.696300 
1.696400 
1.698100 
1.700400 
1.704600 
1.705700 
1.706300 
1.706500 
1.707800 
1.708700 
1.708800 
1.710700 
1.711300 
1.711300 
1.711400 
1.713300 
1.714800 
1.715100 
1.715600 
1.716400 
1.717300 
1.718300 
1.720800 
1.721500 
1.723500 
1.723800 
1.725100 
1.726700 
1.727600 
1.728800 
1.729700 
1.730100 
1.730100 
1.731300 
1.731600 
1.732100 
1.732700 
1.733600 
1.734300 
1.734400 
1.734900 
1.735300 
1.737800 
1.738700 
1.738800 
1.739300 
1.739300 
1.741300 
1.741500 
1.742600 
1.744500 
1.745700 
1.747500 
1.748900 
1.749300 
1.749500 
1.749600 
1.750000 
1.750200 
1.751500 
1.752300 
1.753200 
1.755200 
1.757100 
1.758900 
1.758900 
1.759000 
1.760000 
1.760400 
1.760500 
1.760600 
1.761400 
1.762400 
1.762900 
1.763100 
1.764300 
1.764800 
1.765000 
1.765300 
1.768100 
1.769000 
1.769700 
1.770400 
1.771800 
1.773600 
1.774900 
1.775000 
1.777200 
1.777500 
1.777700 
1.778900 
1.779100 
1.779600 
1.780100 
1.780300 
1.781300 
1.782600 
1.782800 
1.782800 
1.783100 
1.783600 
1.784200 
1.784900 
1.787600 
1.787800 
1.787900 
1.788500 
1.789200 
1.789600 
1.791000 
1.791600 
1.791700 
1.792200 
1.792900 
1.793400 
1.794100 
1.795500 
1.795500 
1.795700 
1.796400 
1.798400 
1.798600 
1.800100 
1.800700 
1.801100 
1.801200 
1.801500 
1.802100 
1.803900 
1.804300 
1.804700 
1.805100 
1.805200 
1.808800 
1.809000 
1.810000 
1.811200 
1.811300 
1.813300 
1.813600 
1.815200 
1.815500 
1.817100 
1.819200 
1.820000 
1.820600 
1.820900 
1.821400 
1.822500 
1.822600 
1.824100 
1.826400 
1.828700 
1.832000 
1.832300 
1.832800 
1.834200 
1.834500 
1.835200 
1.836000 
1.836500 
1.836800 
1.837500 
1.837600 
1.840800 
1.841600 
1.841700 
1.842100 
1.843200 
1.843600 
1.843800 
1.844600 
1.847300 
1.848400 
1.850000 
1.850000 
1.850900 
1.851100 
1.851700 
1.852200 
1.853000 
1.855700 
1.855800 
1.856700 
1.856800 
1.859400 
1.859400 
1.859800 
1.860000 
1.860500 
1.860600 
1.860700 
1.861600 
1.861900 
1.865000 
1.865100 
1.866600 
1.866800 
1.867400 
1.868700 
1.871200 
1.872700 
1.874000 
1.874800 
1.875100 
1.875700 
1.875900 
1.876700 
1.877000 
1.877100 
1.877500 
1.878800 
1.879700 
1.881700 
1.883300 
1.884600 
1.885000 
1.887100 
1.887600 
1.889200 
1.890500 
1.890500 
1.890600 
1.890700 
1.892500 
1.894400 
1.897700 
1.897800 
1.898500 
1.898900 
1.900100 
1.900300 
1.901100 
1.903200 
1.903200 
1.903200 
1.903500 
1.903600 
1.904200 
1.904700 
1.905400 
1.905500 
1.907500 
1.912200 
1.914900 
1.915900 
1.918400 
1.918900 
1.919600 
1.920100 
1.921000 
1.921500 
1.921600 
1.922600 
1.923000 
1.923100 
1.923500 
1.923900 
1.925400 
1.926500 
1.926600 
1.927900 
1.928100 
1.928900 
1.930900 
1.932700 
1.932900 
1.935700 
1.936100 
1.937000 
1.937300 
1.937300 
1.938000 
1.938500 
1.938900 
1.939500 
1.940500 
1.941100 
1.941200 
1.942000 
1.942200 
1.944600 
1.947100 
1.950900 
1.952800 
1.953300 
1.954300 
1.954800 
1.955100 
1.955500 
1.955600 
1.955700 
1.956600 
1.959100 
1.960000 
1.960800 
1.960900 
1.962300 
1.962800 
1.963400 
1.963500 
1.964100 
1.964300 
1.965700 
1.966600 
1.967300 
1.968900 
1.970200 
1.971800 
1.972200 
1.972500 
1.972800 
1.974400 
1.975100 
1.976200 
1.977300 
1.978700 
1.980800 
1.985100 
1.988400 
1.988800 
1.990400 
1.990500 
1.992000 
1.992200 
1.992200 
1.992400 
1.992900 
1.993200 
1.994700 
1.995900 
1.996100 
1.997500 
2.000200 
2.000600 
2.000800 
2.001300 
2.001400 
2.001800 
2.001900 
2.002400 
2.002600 
2.002900 
2.003200 
2.004900 
2.006300 
2.006500 
2.007100 
2.007300 
2.007500 
2.008500 
2.008500 
2.009500 
2.009900 
2.011600 
2.012800 
2.013100 
2.013900 
2.014200 
2.015700 
2.016200 
2.017700 
2.018400 
2.018500 
2.019400 
2.019900 
2.021000 
2.021700 
2.022100 
2.025500 
2.026600 
2.028600 
2.029000 
2.029400 
2.030600 
2.030600 
2.030700 
2.031600 
2.032400 
2.032600 
2.032700 
2.034100 
2.035400 
2.035600 
2.036000 
2.038300 
2.038300 
2.039100 
2.040000 
2.040400 
2.040700 
2.040800 
2.041100 
2.041300 
2.041400 
2.042600 
2.044000 
2.044200 
2.044700 
2.044800 
2.045200 
2.046600 
2.047000 
2.047300 
2.048300 
2.048700 
2.051600 
2.052800 
2.053700 
2.053900 
2.055900 
2.057600 
2.057600 
2.059200 
2.061200 
2.061200 
2.061600 
2.062300 
2.062500 
2.062900 
2.063300 
2.064900 
2.065600 
2.065700 
2.066400 
2.068000 
2.068500 
2.070200 
2.070200 
2.070700 
2.071700 
2.072400 
2.076200 
2.077600 
2.079000 
2.079200 
2.079500 
2.081800 
2.083500 
2.084000 
2.085100 
2.085100 
2.085500 
2.085900 
2.087200 
2.088900 
2.089200 
2.090200 
2.090400 
2.092000 
2.092100 
2.092300 
2.092300 
2.092700 
2.093000 
2.093600 
2.093800 
2.094300 
2.095400 
2.096000 
2.096100 
2.097200 
2.097500 
2.097500 
2.097800 
2.098500 
2.098700 
2.100100 
2.100200 
2.101800 
2.103700 
2.104000 
2.104200 
2.104700 
2.105000 
2.106000 
2.106200 
2.106400 
2.106500 
2.111200 
2.113200 
2.114400 
2.117700 
2.118600 
2.120100 
2.120300 
2.121300 
2.121900 
2.122000 
2.123100 
2.124100 
2.124600 
2.125400 
2.127500 
2.127600 
2.127800 
2.128500 
2.128800 
2.129200 
2.130000 
2.130500 
2.132300 
2.133100 
2.133300 
2.134300 
2.134500 
2.136300 
2.137600 
2.137700 
2.138700 
2.139900 
2.140000 
2.141100 
2.142200 
2.143200 
2.143700 
2.144100 
2.144500 
2.145600 
2.146600 
2.147400 
2.147500 
2.148200 
2.148600 
2.150200 
2.151500 
2.152500 
2.153200 
2.154800 
2.155400 
2.155800 
2.156000 
2.158300 
2.160300 
2.161400 
2.162300 
2.162400 
2.163700 
2.163800 
2.163900 
2.165700 
2.166500 
2.166600 
2.169400 
2.171000 
2.171000 
2.171300 
2.172800 
2.173400 
2.176500 
2.177000 
2.177100 
2.177200 
2.177500 
2.177900 
2.178400 
2.178400 
2.179200 
2.179200 
2.180200 
2.180800 
2.184100 
2.184400 
2.184800 
2.185900 
2.186700 
2.186700 
2.187900 
2.190400 
2.191000 
2.191200 
2.191300 
2.194600 
2.195500 
2.196000 
2.198000 
2.199300 
2.199900 
2.201100 
2.201200 
2.201900 
2.203500 
2.205300 
2.205800 
2.205900 
2.206300 
2.207200 
2.207800 
2.209000 
2.209000 
2.209100 
2.211500 
2.212200 
2.215600 
2.215900 
2.216300 
2.218900 
2.219200 
2.220100 
2.221700 
2.221800 
2.222100 
2.222300 
2.224500 
2.225400 
2.225900 
2.226200 
2.226300 
2.227200 
2.229700 
2.230100 
2.231100 
2.231700 
2.232100 
2.232100 
2.232400 
2.232800 
2.233500 
2.234200 
2.235300 
2.235800 
2.236000 
2.236900 
2.238300 
2.241800 
2.244200 
2.245000 
2.245200 
2.245400 
2.245900 
2.247300 
2.247500 
2.248400 
2.253800 
2.254000 
2.254400 
2.255200 
2.255700 
2.256300 
2.256900 
2.257800 
2.260000 
2.260700 
2.260900 
2.261500 
2.261600 
2.261800 
2.261900 
2.261900 
2.262700 
2.263400 
2.265100 
2.265400 
2.266200 
2.268000 
2.268300 
2.269700 
2.270600 
2.272700 
2.273400 
2.274800 
2.276500 
2.276600 
2.276800 
2.277600 
2.281100 
2.281400 
2.281600 
2.281700 
2.282700 
2.284200 
2.284600 
2.285200 
2.285600 
2.286000 
2.286700 
2.286900 
2.287200 
2.287700 
2.288100 
2.288600 
2.289100 
2.289900 
2.290900 
2.291800 
2.293900 
2.294100 
2.294200 
2.294500 
2.294600 
2.295000 
2.295500 
2.296200 
2.297700 
2.298900 
2.299200 
2.299600 
2.301300 
2.303000 
2.304000 
2.305700 
2.306100 
2.306500 
2.306600 
2.306800 
2.307800 
2.308100 
2.308200 
2.309200 
2.310700 
2.313900 
2.314200 
2.314900 
2.315400 
2.316000 
2.317900 
2.317900 
2.318000 
2.318900 
2.319100 
2.319500 
2.319900 
2.320400 
2.324100 
2.325400 
2.325400 
2.326100 
2.326200 
2.326700 
2.327000 
2.328600 
2.329700 
2.330100 
2.332400 
2.333400 
2.333600 
2.336200 
2.337400 
2.337500 
2.339200 
2.339600 
2.340800 
2.341300 
2.342700 
2.343000 
2.343400 
2.343700 
2.344800 
2.345700 
2.345800 
2.347400 
2.347500 
2.347900 
2.348400 
2.348800 
2.349900 
2.350300 
2.350300 
2.350700 
2.352700 
2.353600 
2.354600 
2.355000 
2.355600 
2.356700 
2.356700 
2.357100 
2.359100 
2.359400 
2.362700 
2.363000 
2.363200 
2.363200 
2.363300 
2.365000 
2.365300 
2.365600 
2.367700 
2.368400 
2.368800 
2.372600 
2.373900 
2.374100 
2.374200 
2.374500 
2.375300 
2.375500 
2.378000 
2.378500 
2.378600 
2.378900 
2.379600 
2.379900 
2.382200 
2.382400 
2.382800 
2.384400 
2.385800 
2.386000 
2.387700 
2.389800 
2.390100 
2.392900 
2.394600 
2.395300 
2.395400 
2.396300 
2.396600 
2.399800 
2.400600 
2.401600 
2.402100 
2.402900 
2.407600 
2.408200 
2.408800 
2.408900 
2.409700 
2.409700 
2.409700 
2.410400 
2.410700 
2.411300 
2.415400 
2.415600 
2.415700 
2.417200 
2.417300 
2.418100 
2.418200 
2.419400 
2.420100 
2.420800 
2.420900 
2.421000 
2.421500 
2.422600 
2.424800 
2.424900 
2.429100 
2.431800 
2.432300 
2.433400 
2.435700 
2.435800 
2.436100 
2.436200 
2.437000 
2.438500 
2.438900 
2.439100 
2.439700 
2.439800 
2.440500 
2.440600 
2.441200 
2.441400 
2.442600 
2.443000 
2.443800 
2.444000 
2.444600 
2.446100 
2.446200 
2.447200 
2.447700 
2.448700 
2.449200 
2.451100 
2.451400 
2.454600 
2.454900 
2.456300 
2.457100 
2.457900 
2.457900 
2.461200 
2.462600 
2.462600 
2.463100 
2.464600 
2.465800 
2.466600 
2.466800 
2.467100 
2.467700 
2.468000 
2.468100 
2.468300 
2.468300 
2.472400 
2.472800 
2.473800 
2.474300 
2.475500 
2.477500 
2.478200 
2.478400 
2.479300 
2.480100 
2.480700 
2.481300 
2.481500 
2.482100 
2.483500 
2.485000 
2.485200 
2.485300 
2.485800 
2.487300 
2.487800 
2.488000 
2.488100 
2.488800 
2.489600 
2.490300 
2.490700 
2.492900 
2.493000 
2.493700 
2.493800 
2.494600 
2.495100 
2.495800 
2.496100 
2.496200 
2.496600 
2.496900 
2.497500 
2.497800 
2.498300 
2.498800 
2.499100 
2.500900 
2.501000 
2.501000 
2.502400 
2.503400 
2.503800 
2.505200 
2.506000 
2.507000 
2.509300 
2.509700 
2.510100 
2.510800 
2.511100 
2.514000 
2.515100 
2.516000 
2.516200 
2.516800 
2.517700 
2.517800 
2.518300 
2.518800 
2.519200 
2.519500 
2.520100 
2.521200 
2.522000 
2.523700 
2.524100 
2.524500 
2.525600 
2.526700 
2.527100 
2.527100 
2.527300 
2.527700 
2.529600 
2.531900 
2.532000 
2.533800 
2.534500 
2.535200 
2.538200 
2.538700 
2.539400 
2.540900 
2.541800 
2.543800 
2.544700 
2.545100 
2.545700 
2.546300 
2.546900 
2.547000 
2.547000 
2.547500 
2.548400 
2.548400 
2.548600 
2.549700 
2.550000 
2.550700 
2.551500 
2.552300 
2.552500 
2.552700 
2.556600 
2.558500 
2.559700 
2.560400 
2.560600 
2.560700 
2.560800 
2.560900 
2.562900 
2.562900 
2.563400 
2.563700 
2.564200 
2.564700 
2.567200 
2.567500 
2.568500 
2.568600 
2.568700 
2.570200 
2.571100 
2.573600 
2.573800 
2.573900 
2.574500 
2.574800 
2.575200 
2.575200 
2.575600 
2.576200 
2.577900 
2.580600 
2.581000 
2.581500 
2.581900 
2.581900 
2.582000 
2.582600 
2.582800 
2.583800 
2.584400 
2.585200 
2.586600 
2.587100 
2.587300 
2.587900 
2.588900 
2.589200 
2.590600 
2.590600 
2.592500 
2.592700 
2.593100 
2.593800 
2.595000 
2.595700 
2.597200 
2.597600 
2.598300 
2.600300 
2.600300 
2.600400 
2.602100 
2.602300 
2.603200 
2.604100 
2.604600 
2.605300 
2.605300 
2.605400 
2.606500 
2.606700 
2.607500 
2.608600 
2.608800 
2.609100 
2.609600 
2.610600 
2.610900 
2.611600 
2.611800 
2.612100 
2.612100 
2.612200 
2.612600 
2.612700 
2.613600 
2.614400 
2.615700 
2.616400 
2.618700 
2.621800 
2.622600 
2.623200 
2.623800 
2.623900 
2.624500 
2.625200 
2.625400 
2.626600 
2.626700 
2.627300 
2.628700 
2.629400 
2.631000 
2.631300 
2.632300 
2.632400 
2.634800 
2.635000 
2.635900 
2.636000 
2.636400 
2.636500 
2.637700 
2.639300 
2.640400 
2.640400 
2.641400 
2.642300 
2.648600 
2.650100 
2.650200 
2.650500 
2.650700 
2.651500 
2.651700 
2.652800 
2.653100 
2.654100 
2.654200 
2.654600 
2.655600 
2.655600 
2.656400 
2.657900 
2.658400 
2.658800 
2.659200 
2.659500 
2.659700 
2.661500 
2.662100 
2.662600 
2.663200 
2.665100 
2.667000 
2.667700 
2.669100 
2.669400 
2.669800 
2.670100 
2.670700 
2.671100 
2.671200 
2.671600 
2.674300 
2.676300 
2.676800 
2.677200 
2.677600 
2.677600 
2.678100 
2.679700 
2.683400 
2.685500 
2.685900 
2.686700 
2.687400 
2.689700 
2.689800 
2.691300 
2.693000 
2.693900 
2.694200 
2.696100 
2.696800 
2.697200 
2.698200 
2.698500 
2.700000 
2.700700 
2.701500 
2.701700 
2.702800 
2.703200 
2.703200 
2.705400 
2.706400 
2.708300 
2.708400 
2.710300 
2.712100 
2.712500 
2.712700 
2.712800 
2.712800 
2.712900 
2.714600 
2.715100 
2.715100 
2.715300 
2.716200 
2.717900 
2.718600 
2.719100 
2.719600 
2.720200 
2.720700 
2.721900 
2.721900 
2.722300 
2.722500 
2.723100 
2.723200 
2.723500 
2.725800 
2.727000 
2.728200 
2.732600 
2.733300 
2.734200 
2.735400 
2.736300 
2.737500 
2.739400 
2.739800 
2.741600 
2.742100 
2.742300 
2.742800 
2.743000 
2.743500 
2.745900 
2.746300 
2.746900 
2.747300 
2.747500 
2.748300 
2.748800 
2.749600 
2.752400 
2.754200 
2.755400 
2.755700 
2.755700 
2.756500 
2.756900 
2.758500 
2.760400 
2.761000 
2.761200 
2.761600 
2.763300 
2.764200 
2.764800 
2.764900 
2.765100 
2.765200 
2.766300 
2.766600 
2.767300 
2.767800 
2.771300 
2.771900 
2.773800 
2.774400 
2.774600 
2.775200 
2.775400 
2.775800 
2.776500 
2.777200 
2.777400 
2.779400 
2.779500 
2.780600 
2.780800 
2.781000 
2.781400 
2.782100 
2.782100 
2.782900 
2.784600 
2.785000 
2.786200 
2.787800 
2.789000 
2.789100 
2.791500 
2.792100 
2.792500 
2.794900 
2.795400 
2.795400 
2.795400 
2.796600 
2.796600 
2.797400 
2.797400 
2.797600 
2.798800 
2.798900 
2.799400 
2.800000 
2.801000 
2.801600 
2.802000 
2.803000 
2.803300 
2.803900 
2.805100 
2.805900 
2.806200 
2.806300 
2.807100 
2.807200 
2.808400 
2.808800 
2.809800 
2.810800 
2.810900 
2.811000 
2.811900 
2.812700 
2.812800 
2.812800 
2.813100 
2.813800 
2.814100 
2.814200 
2.814700 
2.819500 
2.820000 
2.820300 
2.825900 
2.826500 
2.827100 
2.827600 
2.827900 
2.828000 
2.828000 
2.828900 
2.830800 
2.831400 
2.832700 
2.833400 
2.834300 
2.834300 
2.834500 
2.835000 
2.835100 
2.835900 
2.836700 
2.838500 
2.839100 
2.839800 
2.840200 
2.841000 
2.841000 
2.842100 
2.843400 
2.843400 
2.846200 
2.847500 
2.849400 
2.851100 
2.852800 
2.852800 
2.852900 
2.853900 
2.855800 
2.859400 
2.860100 
2.861400 
2.862000 
2.862100 
2.863100 
2.863300 
2.864100 
2.864600 
2.865500 
2.865500 
2.865600 
2.865700 
2.866500 
2.866900 
2.867400 
2.867800 
2.867900 
2.868300 
2.871700 
2.872200 
2.873900 
2.874100 
2.874500 
2.875900 
2.876300 
2.877400 
2.877600 
2.877700 
2.878200 
2.878300 
2.878800 
2.878900 
2.880500 
2.881500 
2.881600 
2.882500 
2.883500 
2.888500 
2.889500 
2.891300 
2.891700 
2.892800 
2.893000 
2.893200 
2.893300 
2.893700 
2.895100 
2.895200 
2.895800 
2.898000 
2.898200 
2.898800 
2.899300 
2.902300 
2.903100 
2.904400 
2.904800 
2.905100 
2.905400 
2.905700 
2.905800 
2.906000 
2.906400 
2.906400 
2.906600 
2.907500 
2.908600 
2.908600 
2.909600 
2.910900 
2.911900 
2.914500 
2.914700 
2.915100 
2.915400 
2.916100 
2.919200 
2.920600 
2.922200 
2.923800 
2.926900 
2.927000 
2.928000 
2.930500 
2.932400 
2.932800 
2.933100 
2.935400 
2.936100 
2.936300 
2.936400 
2.938100 
2.938200 
2.939100 
2.939700 
2.939900 
2.941300 
2.941400 
2.941900 
2.942200 
2.942900 
2.943900 
2.945800 
2.947000 
2.948200 
2.948200 
2.948500 
2.948600 
2.949200 
2.949800 
2.950600 
2.950800 
2.951100 
2.952600 
2.953900 
2.953900 
2.954200 
2.955100 
2.956700 
2.956800 
2.957900 
2.958600 
2.958800 
2.960000 
2.960500 
2.960700 
2.962000 
2.962100 
2.968000 
2.968000 
2.968300 
2.968600 
2.969200 
2.971100 
2.971200 
2.971300 
2.971300 
2.973600 
2.973900 
2.974000 
2.974100 
2.976400 
2.976600 
2.976700 
2.978800 
2.979000 
2.979200 
2.979700 
2.980000 
2.981200 
2.981200 
2.981700 
2.981900 
2.986000 
2.986700 
2.987100 
2.988300 
2.988500 
2.989000 
2.989400 
2.989700 
2.990100 
2.990400 
2.992200 
2.992300 
2.992500 
2.993800 
2.994100 
2.994200 
2.994300 
2.995400 
2.996800 
2.997400 
2.999900 
2.999900 
