0.032600 
0.035700 
0.052600 
0.054400 
0.065500 
0.067800 
0.072600 
0.090100 
0.090300 
0.100500 
0.108800 
0.111900 
0.116800 
0.117800 
0.121900 
0.123600 
0.125800 
0.129100 
0.129600 
0.146200 
0.147200 
0.148800 
0.154600 
0.155200 
0.160500 
0.160600 
0.160900 
0.161200 
0.172000 
0.173300 
0.176400 
0.176500 
0.191900 
0.195400 
0.204300 
0.205900 
0.206700 
0.210200 
0.214500 
0.223100 
0.231700 
0.231900 
0.244200 
0.244400 
0.253500 
0.255400 
0.259500 
0.266400 
0.270400 
0.275100 
0.278900 
0.282600 
0.289300 
0.299100 
0.299300 
0.304500 
0.312200 
0.314100 
0.318500 
0.319600 
0.322500 
0.322700 
0.323200 
0.328400 
0.330700 
0.331600 
0.336100 
0.336500 
0.350900 
0.353900 
0.357300 
0.365900 
0.367800 
0.373000 
0.375200 
0.379100 
0.383400 
0.385000 
0.390800 
0.402600 
0.405800 
0.409900 
0.422600 
0.423900 
0.432000 
0.432600 
0.433300 
0.435600 
0.438100 
0.445700 
0.448900 
0.449200 
0.454100 
0.466700 
0.467400 
0.468300 
0.468700 
0.471400 
0.475800 
0.481600 
0.484500 
0.485400 
0.495800 
0.502800 
0.506100 
0.513100 
0.513400 
0.527500 
0.528400 
0.532700 
0.534400 
0.544000 
0.549100 
0.555100 
0.556400 
0.564900 
0.567300 
0.568800 
0.578000 
0.581800 
0.585100 
0.604800 
0.605300 
0.609100 
0.615700 
0.622100 
0.625500 
0.635000 
0.644900 
0.650800 
0.655700 
0.659500 
0.667700 
0.667900 
0.672500 
0.673600 
0.682000 
0.689900 
0.693400 
0.693900 
0.695700 
0.701900 
0.705000 
0.705300 
0.705500 
0.706700 
0.707000 
0.721600 
0.726200 
0.727700 
0.739100 
0.744500 
0.748300 
0.754000 
0.758100 
0.758400 
0.762200 
0.775200 
0.778000 
0.780500 
0.781600 
0.783500 
0.792100 
0.805400 
0.805600 
0.813400 
0.816300 
0.820200 
0.824800 
0.830500 
0.833000 
0.833800 
0.833800 
0.840500 
0.841900 
0.845600 
0.845900 
0.847000 
0.848300 
0.866300 
0.867600 
0.870700 
0.878100 
0.880100 
0.883200 
0.892400 
0.892500 
0.903100 
0.906400 
0.910000 
0.922500 
0.927600 
0.929400 
0.934400 
0.934500 
0.938400 
0.941400 
0.951500 
0.951900 
0.961700 
0.961900 
0.962600 
0.967200 
0.973700 
0.979000 
0.980200 
0.991200 
0.996200 
0.996700 
1.010900 
1.012800 
1.014300 
1.015400 
1.020700 
1.027700 
1.029100 
1.030800 
1.038000 
1.038400 
1.044200 
1.049000 
1.053500 
1.056100 
1.058600 
1.058800 
1.059000 
1.062000 
1.071200 
1.081300 
1.083300 
1.088800 
1.091800 
1.096100 
1.104300 
1.108100 
1.108300 
1.115900 
1.121600 
1.122100 
1.128400 
1.130600 
1.134900 
1.148600 
1.161000 
1.162900 
1.168100 
1.176000 
1.178600 
1.181900 
1.188200 
1.188600 
1.193700 
1.201500 
1.206300 
1.209200 
1.209300 
1.211300 
1.225100 
1.229600 
1.231600 
1.232300 
1.233400 
1.239700 
1.247200 
1.249000 
1.250700 
1.261400 
1.263000 
1.273500 
1.284800 
1.292400 
1.293300 
1.296200 
1.309600 
1.311100 
1.319000 
1.330300 
1.336400 
1.349800 
1.351700 
1.360900 
1.363900 
1.365800 
1.368600 
1.370600 
1.377200 
1.378200 
1.380300 
1.389300 
1.390800 
1.391200 
1.391600 
1.395600 
1.400300 
1.408800 
1.409600 
1.418500 
1.421300 
1.421700 
1.428300 
1.429400 
1.433500 
1.442100 
1.442200 
1.444100 
1.449700 
1.461500 
1.462100 
1.483300 
1.484500 
1.484800 
1.485200 
1.485200 
1.498000 
1.501200 
1.506400 
1.517600 
1.522600 
1.522900 
1.527500 
1.529800 
1.530100 
1.555700 
1.557100 
1.557500 
1.560700 
1.561500 
1.569900 
1.582000 
1.587500 
1.591700 
1.597300 
1.606000 
1.611900 
1.615100 
1.618900 
1.625100 
1.635200 
1.637000 
1.639000 
1.644600 
1.655000 
1.668000 
1.671400 
1.674500 
1.679100 
1.681500 
1.681800 
1.681900 
1.689000 
1.690300 
1.692000 
1.698600 
1.701200 
1.706300 
1.721600 
1.723100 
1.723700 
1.726800 
1.734500 
1.738800 
1.743000 
1.750600 
1.754300 
1.756700 
1.761100 
1.762100 
1.774000 
1.779400 
1.786000 
1.789700 
1.799700 
1.799900 
1.811100 
1.813000 
1.818800 
1.836700 
1.841800 
1.844900 
1.846100 
1.849300 
1.855300 
1.858500 
1.858900 
1.866800 
1.870500 
1.872100 
1.875100 
1.893100 
1.897900 
1.904100 
1.906900 
1.913800 
1.914500 
1.914900 
1.922100 
1.925500 
1.934500 
1.934900 
1.940200 
1.951700 
1.953200 
1.954300 
1.955700 
1.958500 
1.964600 
1.968200 
1.975700 
1.975700 
1.980200 
1.999700 
2.000100 
2.005000 
2.005500 
2.022600 
2.033600 
2.033900 
2.037200 
2.038400 
2.046100 
2.046400 
2.047100 
2.049800 
2.051400 
2.060700 
2.071700 
2.073500 
2.074100 
2.080400 
2.081700 
2.085200 
2.094500 
2.115500 
2.118100 
2.118800 
2.122400 
2.122800 
2.124600 
2.142800 
2.146100 
2.150800 
2.154800 
2.159000 
2.165600 
2.172400 
2.184900 
2.186400 
2.192900 
2.196300 
2.198200 
2.209800 
2.217300 
2.223200 
2.231900 
2.244400 
2.249300 
2.252000 
2.259700 
2.261400 
2.261400 
2.263000 
2.264000 
2.272300 
2.275500 
2.276200 
2.285300 
2.300300 
2.300500 
2.300900 
2.305900 
2.306900 
2.307100 
2.314200 
2.318100 
2.328500 
2.330100 
2.343100 
2.353600 
2.378800 
2.378900 
2.383400 
2.387600 
2.396300 
2.404400 
2.406000 
2.408400 
2.424900 
2.430600 
2.437300 
2.438100 
2.438900 
2.446900 
2.453300 
2.455500 
2.457400 
2.465700 
2.472600 
2.473700 
2.476200 
2.488200 
2.488300 
2.488300 
2.489000 
2.494700 
2.497700 
2.502300 
2.507200 
2.511800 
2.513700 
2.519200 
2.528700 
2.540000 
2.543900 
2.545600 
2.554100 
2.557500 
2.560600 
2.569300 
2.576900 
2.581000 
2.583500 
2.584800 
2.595300 
2.609400 
2.617400 
2.617400 
2.630100 
2.633000 
2.634900 
2.635400 
2.639200 
2.640500 
2.662100 
2.663000 
2.666300 
2.669400 
2.672300 
2.684000 
2.689600 
2.691200 
2.693700 
2.695800 
2.706900 
2.710700 
2.714700 
2.719600 
2.725200 
2.730800 
2.731400 
2.732000 
2.734600 
2.743800 
2.753600 
2.759300 
2.762000 
2.765300 
2.767600 
2.768300 
2.771500 
2.775700 
2.784600 
2.786200 
2.793000 
2.795500 
2.796500 
2.798300 
2.799000 
2.804800 
2.823200 
2.832100 
2.846500 
2.846700 
2.856100 
2.858100 
2.862900 
2.877500 
2.880000 
2.883800 
2.900100 
2.904400 
2.905900 
2.911000 
2.912400 
2.913800 
2.920000 
2.924600 
2.929300 
2.932600 
2.934300 
2.943300 
2.944500 
2.946300 
2.953500 
2.961800 
2.962100 
2.962300 
2.962500 
2.979200 
2.998600 
