0.013200 
0.022200 
0.025000 
0.029400 
0.031800 
0.032100 
0.033300 
0.033400 
0.033700 
0.033900 
0.034500 
0.034600 
0.035500 
0.035600 
0.036700 
0.036800 
0.037200 
0.037400 
0.040300 
0.044300 
0.045600 
0.047100 
0.047300 
0.047700 
0.049200 
0.049400 
0.049500 
0.050900 
0.052200 
0.052200 
0.053000 
0.053500 
0.053500 
0.054100 
0.054700 
0.055700 
0.056000 
0.056100 
0.056400 
0.056500 
0.057100 
0.057500 
0.059300 
0.059600 
0.060100 
0.061000 
0.061200 
0.062400 
0.064300 
0.066800 
0.067400 
0.069200 
0.070300 
0.070300 
0.071200 
0.071200 
0.071800 
0.072600 
0.072700 
0.072900 
0.073400 
0.073700 
0.074600 
0.074900 
0.075300 
0.076000 
0.076000 
0.076700 
0.076700 
0.077300 
0.081100 
0.081300 
0.081500 
0.082500 
0.082600 
0.082800 
0.082900 
0.083300 
0.083400 
0.083400 
0.084200 
0.084200 
0.085100 
0.086500 
0.086800 
0.086800 
0.087000 
0.087200 
0.087900 
0.089700 
0.090100 
0.090800 
0.091500 
0.092700 
0.093800 
0.095300 
0.095400 
0.095600 
0.096200 
0.096300 
0.096500 
0.097000 
0.097200 
0.097300 
0.097600 
0.098400 
0.098600 
0.099100 
0.099900 
0.100400 
0.100600 
0.101000 
0.101300 
0.101800 
0.102700 
0.103100 
0.103300 
0.103400 
0.104100 
0.104400 
0.104500 
0.104600 
0.106100 
0.106900 
0.108500 
0.109400 
0.109400 
0.109400 
0.109500 
0.109500 
0.110300 
0.110900 
0.111100 
0.111200 
0.111400 
0.112200 
0.112600 
0.113100 
0.113200 
0.113200 
0.113700 
0.113800 
0.114000 
0.115400 
0.115600 
0.115600 
0.116600 
0.118800 
0.119200 
0.119300 
0.119500 
0.119800 
0.121200 
0.122100 
0.122100 
0.122600 
0.122700 
0.122800 
0.123300 
0.123300 
0.123800 
0.123900 
0.124200 
0.124500 
0.125600 
0.126400 
0.127100 
0.127300 
0.127400 
0.127500 
0.127700 
0.128300 
0.129500 
0.129800 
0.130000 
0.130000 
0.130700 
0.131400 
0.131800 
0.132900 
0.133000 
0.133100 
0.134500 
0.134500 
0.134700 
0.134800 
0.135100 
0.137200 
0.137900 
0.138100 
0.138200 
0.138200 
0.138300 
0.138400 
0.138600 
0.138600 
0.138700 
0.139200 
0.139400 
0.139600 
0.140100 
0.140100 
0.140300 
0.141000 
0.141700 
0.141900 
0.142200 
0.142200 
0.142300 
0.143100 
0.143300 
0.144000 
0.145200 
0.145900 
0.147500 
0.147600 
0.148900 
0.149500 
0.149600 
0.149700 
0.151100 
0.151300 
0.152000 
0.152700 
0.153100 
0.153200 
0.153200 
0.153400 
0.153800 
0.154000 
0.154900 
0.155000 
0.155200 
0.155400 
0.155700 
0.156200 
0.156300 
0.156500 
0.156500 
0.156500 
0.156800 
0.157500 
0.158000 
0.159700 
0.160800 
0.161100 
0.162000 
0.162000 
0.162200 
0.162500 
0.163200 
0.164200 
0.164600 
0.164700 
0.164800 
0.164900 
0.165000 
0.165200 
0.165600 
0.167600 
0.167900 
0.169300 
0.169600 
0.170100 
0.170300 
0.170600 
0.172000 
0.172400 
0.172800 
0.173000 
0.173100 
0.173700 
0.174000 
0.174300 
0.174300 
0.174600 
0.174700 
0.175000 
0.175900 
0.176700 
0.177000 
0.177100 
0.177900 
0.178900 
0.179000 
0.179300 
0.179400 
0.179500 
0.179800 
0.180400 
0.180900 
0.181500 
0.181900 
0.182000 
0.182000 
0.182100 
0.182100 
0.182700 
0.183100 
0.183100 
0.183300 
0.183600 
0.183700 
0.184300 
0.184300 
0.184400 
0.185700 
0.186500 
0.188600 
0.189000 
0.190400 
0.191700 
0.191800 
0.193100 
0.193300 
0.194400 
0.194500 
0.195200 
0.195200 
0.195300 
0.195400 
0.195600 
0.195900 
0.196000 
0.196300 
0.196500 
0.196500 
0.197200 
0.197200 
0.197200 
0.197400 
0.197600 
0.197700 
0.198100 
0.199300 
0.200200 
0.201100 
0.201500 
0.201800 
0.202100 
0.203000 
0.203100 
0.203600 
0.203800 
0.203900 
0.205700 
0.207500 
0.207600 
0.208100 
0.208300 
0.208400 
0.209100 
0.209200 
0.209400 
0.209700 
0.210100 
0.210200 
0.210500 
0.210900 
0.211400 
0.211500 
0.212400 
0.212700 
0.212800 
0.212900 
0.213000 
0.213000 
0.213200 
0.213800 
0.215400 
0.215600 
0.215700 
0.217500 
0.217600 
0.218100 
0.218800 
0.219000 
0.219700 
0.219700 
0.219900 
0.220000 
0.220400 
0.220700 
0.221100 
0.221100 
0.221400 
0.221700 
0.222100 
0.222800 
0.222900 
0.223500 
0.223600 
0.224000 
0.225000 
0.225000 
0.225300 
0.225400 
0.225800 
0.226300 
0.227900 
0.229000 
0.229600 
0.229900 
0.230700 
0.231600 
0.231800 
0.232000 
0.232000 
0.232500 
0.232700 
0.232800 
0.232800 
0.233000 
0.233100 
0.233500 
0.234600 
0.234800 
0.234800 
0.234900 
0.235100 
0.235300 
0.235500 
0.235700 
0.237000 
0.237900 
0.238500 
0.239000 
0.239600 
0.239800 
0.240000 
0.240400 
0.241700 
0.242400 
0.242400 
0.242900 
0.243300 
0.244000 
0.244500 
0.245000 
0.245000 
0.245400 
0.245500 
0.245700 
0.245700 
0.245900 
0.245900 
0.246000 
0.246200 
0.246500 
0.246700 
0.247300 
0.247600 
0.248000 
0.248100 
0.248800 
0.249300 
0.249600 
0.250400 
0.251000 
0.251000 
0.251300 
0.252600 
0.253800 
0.254300 
0.254600 
0.255700 
0.256000 
0.256600 
0.257500 
0.257600 
0.257700 
0.258000 
0.258000 
0.258400 
0.258800 
0.259100 
0.259300 
0.259300 
0.259800 
0.259800 
0.259900 
0.260100 
0.260300 
0.261000 
0.261100 
0.261900 
0.263000 
0.263700 
0.263800 
0.264300 
0.264500 
0.264700 
0.265000 
0.266700 
0.267400 
0.267700 
0.268300 
0.268300 
0.269100 
0.269600 
0.270900 
0.271700 
0.272100 
0.272300 
0.272400 
0.272600 
0.273200 
0.273200 
0.273200 
0.273700 
0.273700 
0.273900 
0.274000 
0.274200 
0.274300 
0.274400 
0.274600 
0.275200 
0.275200 
0.275300 
0.275700 
0.275800 
0.275800 
0.275900 
0.276200 
0.276500 
0.276600 
0.277300 
0.278200 
0.278600 
0.279500 
0.279800 
0.280000 
0.280600 
0.280900 
0.281600 
0.281900 
0.282300 
0.282500 
0.284000 
0.284600 
0.286500 
0.286700 
0.287300 
0.287900 
0.288200 
0.288600 
0.288700 
0.288900 
0.289000 
0.289000 
0.289500 
0.290200 
0.290400 
0.290500 
0.290700 
0.291600 
0.292300 
0.293200 
0.293400 
0.293400 
0.294800 
0.295100 
0.295300 
0.296600 
0.296700 
0.297100 
0.297300 
0.297400 
0.297400 
0.297500 
0.298500 
0.298700 
0.298700 
0.299100 
0.299300 
0.299700 
0.300000 
0.300600 
0.300700 
0.300800 
0.302100 
0.302200 
0.302300 
0.302900 
0.303200 
0.303700 
0.304000 
0.304600 
0.305000 
0.305200 
0.305300 
0.305400 
0.305800 
0.307000 
0.307100 
0.307300 
0.307900 
0.308200 
0.308300 
0.308500 
0.308500 
0.308700 
0.309000 
0.309500 
0.309700 
0.311100 
0.311700 
0.311700 
0.312200 
0.312300 
0.313400 
0.314000 
0.314100 
0.314200 
0.314800 
0.315800 
0.316800 
0.316800 
0.317100 
0.317400 
0.317500 
0.318800 
0.319300 
0.319900 
0.320000 
0.320500 
0.320600 
0.320700 
0.321200 
0.321400 
0.322200 
0.322800 
0.322800 
0.323400 
0.323500 
0.323800 
0.323900 
0.324100 
0.324300 
0.324300 
0.324400 
0.324400 
0.324800 
0.326400 
0.326500 
0.326600 
0.327500 
0.327600 
0.328100 
0.328200 
0.328500 
0.329000 
0.329500 
0.330300 
0.330900 
0.331100 
0.331300 
0.331500 
0.331900 
0.332000 
0.332400 
0.332500 
0.333200 
0.333200 
0.333300 
0.333800 
0.334100 
0.334600 
0.334700 
0.335200 
0.336600 
0.336800 
0.337500 
0.338100 
0.338700 
0.338900 
0.339600 
0.339800 
0.339900 
0.340600 
0.340900 
0.341000 
0.341700 
0.341800 
0.341900 
0.342400 
0.343100 
0.343400 
0.343400 
0.343400 
0.344300 
0.344700 
0.345000 
0.345400 
0.345800 
0.346700 
0.347000 
0.347300 
0.347500 
0.347600 
0.348300 
0.348400 
0.349200 
0.349200 
0.349700 
0.350700 
0.351300 
0.351800 
0.352500 
0.352800 
0.352900 
0.353900 
0.354200 
0.354900 
0.354900 
0.355000 
0.355100 
0.355800 
0.355800 
0.356200 
0.356300 
0.356600 
0.357000 
0.357200 
0.357600 
0.358100 
0.358600 
0.358900 
0.359700 
0.359900 
0.360000 
0.361100 
0.361400 
0.362100 
0.362400 
0.363300 
0.363500 
0.363600 
0.364200 
0.364800 
0.365000 
0.365400 
0.365700 
0.365900 
0.366300 
0.366400 
0.366400 
0.366600 
0.366600 
0.366700 
0.367400 
0.367800 
0.368500 
0.369700 
0.370500 
0.370900 
0.371000 
0.371400 
0.372500 
0.373400 
0.374000 
0.374900 
0.376000 
0.376200 
0.376600 
0.376800 
0.377100 
0.377200 
0.377200 
0.377900 
0.378000 
0.378100 
0.378400 
0.378600 
0.379100 
0.379200 
0.379800 
0.380000 
0.380300 
0.380800 
0.381200 
0.381400 
0.382000 
0.382100 
0.382500 
0.382800 
0.383100 
0.383200 
0.383500 
0.384100 
0.384200 
0.384300 
0.385500 
0.385500 
0.385600 
0.385600 
0.385900 
0.386200 
0.388400 
0.388600 
0.389200 
0.389900 
0.390200 
0.390300 
0.390600 
0.390900 
0.390900 
0.391100 
0.391400 
0.391500 
0.393200 
0.393400 
0.393700 
0.394500 
0.394700 
0.395500 
0.396800 
0.397000 
0.397200 
0.398200 
0.398600 
0.398900 
0.398900 
0.399100 
0.399200 
0.399300 
0.400600 
0.401000 
0.401800 
0.401900 
0.402000 
0.402100 
0.402500 
0.403100 
0.404800 
0.404800 
0.406800 
0.407000 
0.407700 
0.408100 
0.408600 
0.408700 
0.409300 
0.409400 
0.409900 
0.411400 
0.411600 
0.411700 
0.411900 
0.412400 
0.412400 
0.413100 
0.413700 
0.413700 
0.414300 
0.414700 
0.414900 
0.415100 
0.415300 
0.415700 
0.416300 
0.416600 
0.416800 
0.416800 
0.417200 
0.417500 
0.417700 
0.417700 
0.418000 
0.418200 
0.418500 
0.419000 
0.420000 
0.420300 
0.420900 
0.421200 
0.422100 
0.422700 
0.422900 
0.423900 
0.424100 
0.424300 
0.424400 
0.424700 
0.424900 
0.425400 
0.426200 
0.427100 
0.427400 
0.428300 
0.428900 
0.429300 
0.429600 
0.430100 
0.430200 
0.430500 
0.430600 
0.430900 
0.431900 
0.432100 
0.433000 
0.433600 
0.433800 
0.434000 
0.434000 
0.434700 
0.435100 
0.435200 
0.435500 
0.435900 
0.436200 
0.436200 
0.436600 
0.436800 
0.436900 
0.436900 
0.437200 
0.437300 
0.437500 
0.437500 
0.438100 
0.438300 
0.438500 
0.438800 
0.438800 
0.439100 
0.439700 
0.439900 
0.440200 
0.440300 
0.440900 
0.441700 
0.443200 
0.443300 
0.443600 
0.443800 
0.444100 
0.444400 
0.444700 
0.445500 
0.447100 
0.448600 
0.448800 
0.449200 
0.449400 
0.449900 
0.450000 
0.450300 
0.450700 
0.451300 
0.451700 
0.453100 
0.453600 
0.454000 
0.454100 
0.454100 
0.454800 
0.455600 
0.455700 
0.456000 
0.456700 
0.457000 
0.457300 
0.457400 
0.457700 
0.459000 
0.459100 
0.459300 
0.459500 
0.459600 
0.460400 
0.463500 
0.463700 
0.464000 
0.464400 
0.464700 
0.464800 
0.464800 
0.465600 
0.465900 
0.466400 
0.466600 
0.466900 
0.467500 
0.467800 
0.467900 
0.467900 
0.468000 
0.468300 
0.469400 
0.469700 
0.469700 
0.470100 
0.470700 
0.470900 
0.471500 
0.471700 
0.471900 
0.471900 
0.473300 
0.473700 
0.474600 
0.475800 
0.476100 
0.476500 
0.477000 
0.477200 
0.477600 
0.477700 
0.478400 
0.478400 
0.479800 
0.480200 
0.480200 
0.480400 
0.480600 
0.481400 
0.481500 
0.482100 
0.482600 
0.483200 
0.483300 
0.483300 
0.483900 
0.484100 
0.485800 
0.486100 
0.486300 
0.486400 
0.486500 
0.487100 
0.487200 
0.488700 
0.489600 
0.489700 
0.490600 
0.491900 
0.492200 
0.493100 
0.493600 
0.493900 
0.493900 
0.494000 
0.494000 
0.494000 
0.494300 
0.494300 
0.494400 
0.495000 
0.495100 
0.495100 
0.495600 
0.495900 
0.496600 
0.497200 
0.498000 
0.498600 
0.498600 
0.499000 
0.499800 
0.500400 
0.500600 
0.500800 
0.501100 
0.501300 
0.501400 
0.501500 
0.502000 
0.502000 
0.502000 
0.502200 
0.502500 
0.502900 
0.503200 
0.503500 
0.504500 
0.504500 
0.504900 
0.505200 
0.505300 
0.507800 
0.507900 
0.508700 
0.508800 
0.510200 
0.512500 
0.512600 
0.512700 
0.513400 
0.513800 
0.513900 
0.514800 
0.515200 
0.515800 
0.515900 
0.516200 
0.516200 
0.516600 
0.517100 
0.517500 
0.517500 
0.517600 
0.517600 
0.517700 
0.517800 
0.518100 
0.518100 
0.518300 
0.518400 
0.518700 
0.518900 
0.519000 
0.519400 
0.519900 
0.520000 
0.520600 
0.520800 
0.522200 
0.522300 
0.522400 
0.523100 
0.523300 
0.523900 
0.524200 
0.525000 
0.525700 
0.526700 
0.527100 
0.527400 
0.528600 
0.528800 
0.530100 
0.530500 
0.530900 
0.531200 
0.531300 
0.531400 
0.531700 
0.532700 
0.533700 
0.534000 
0.534100 
0.534200 
0.534500 
0.535600 
0.536400 
0.536700 
0.536700 
0.537500 
0.538200 
0.538200 
0.538800 
0.539300 
0.539400 
0.539700 
0.541200 
0.542000 
0.542100 
0.542400 
0.542500 
0.542800 
0.542900 
0.543200 
0.543300 
0.543500 
0.543600 
0.543900 
0.544200 
0.544300 
0.544900 
0.544900 
0.545300 
0.545500 
0.545600 
0.545900 
0.546000 
0.546800 
0.546900 
0.547300 
0.547400 
0.547500 
0.547500 
0.547900 
0.548500 
0.549400 
0.549800 
0.549900 
0.550300 
0.550700 
0.550900 
0.550900 
0.551100 
0.551700 
0.551800 
0.553000 
0.553100 
0.554300 
0.554900 
0.555100 
0.556500 
0.557500 
0.558200 
0.558800 
0.559100 
0.559700 
0.559700 
0.560100 
0.560200 
0.560300 
0.560300 
0.561000 
0.561400 
0.561400 
0.561500 
0.562300 
0.562400 
0.562500 
0.562600 
0.563200 
0.564000 
0.564100 
0.564400 
0.564800 
0.565600 
0.565600 
0.565900 
0.565900 
0.566300 
0.566400 
0.566400 
0.566600 
0.566700 
0.566800 
0.566900 
0.567000 
0.567300 
0.567700 
0.568300 
0.568500 
0.571500 
0.571900 
0.572000 
0.573000 
0.573400 
0.574100 
0.574300 
0.574500 
0.574800 
0.575400 
0.576000 
0.576100 
0.576400 
0.576400 
0.576500 
0.576500 
0.576700 
0.576700 
0.577000 
0.577100 
0.577600 
0.577700 
0.578200 
0.578300 
0.579200 
0.579400 
0.580000 
0.580300 
0.580700 
0.581900 
0.582700 
0.582700 
0.583200 
0.583500 
0.584800 
0.584800 
0.585200 
0.585400 
0.586000 
0.586400 
0.587500 
0.587600 
0.588400 
0.588500 
0.589100 
0.589400 
0.589400 
0.589500 
0.590100 
0.590500 
0.590600 
0.590800 
0.591000 
0.591500 
0.591900 
0.593100 
0.593500 
0.593700 
0.593800 
0.593900 
0.594100 
0.594100 
0.594500 
0.595100 
0.595300 
0.595400 
0.595900 
0.596600 
0.596700 
0.596800 
0.597400 
0.597900 
0.598700 
0.599200 
0.599500 
0.600800 
0.601000 
0.601100 
0.601100 
0.601600 
0.602100 
0.603500 
0.604500 
0.605100 
0.607100 
0.607200 
0.607800 
0.608000 
0.608200 
0.608500 
0.608700 
0.609100 
0.609200 
0.609700 
0.610100 
0.610300 
0.610400 
0.610400 
0.610400 
0.610600 
0.610600 
0.610800 
0.611100 
0.612400 
0.613500 
0.613600 
0.613800 
0.614000 
0.614200 
0.614200 
0.614600 
0.614900 
0.615700 
0.616200 
0.616400 
0.616400 
0.616700 
0.618100 
0.618900 
0.619500 
0.620000 
0.620200 
0.620200 
0.620700 
0.620700 
0.620700 
0.620800 
0.621300 
0.621500 
0.622000 
0.622200 
0.622300 
0.622400 
0.622600 
0.623000 
0.623000 
0.623200 
0.623200 
0.623800 
0.623900 
0.624100 
0.624500 
0.624700 
0.624900 
0.625100 
0.625400 
0.626200 
0.627600 
0.627800 
0.628300 
0.629500 
0.630400 
0.631400 
0.631500 
0.631500 
0.631600 
0.631800 
0.631800 
0.631900 
0.632500 
0.633100 
0.633400 
0.633500 
0.635400 
0.636100 
0.636200 
0.636200 
0.636500 
0.636500 
0.636500 
0.636600 
0.636800 
0.637100 
0.637300 
0.637500 
0.637600 
0.637800 
0.637900 
0.637900 
0.638200 
0.638200 
0.638400 
0.638400 
0.638500 
0.638900 
0.638900 
0.639100 
0.640200 
0.640600 
0.641300 
0.641400 
0.641700 
0.642000 
0.642100 
0.643700 
0.644000 
0.644100 
0.644700 
0.646000 
0.646900 
0.646900 
0.647800 
0.648200 
0.649100 
0.649100 
0.649500 
0.649800 
0.650100 
0.651200 
0.651900 
0.652200 
0.652300 
0.652600 
0.652600 
0.652800 
0.653200 
0.653500 
0.653700 
0.654100 
0.654300 
0.654600 
0.655400 
0.655400 
0.655800 
0.656000 
0.656000 
0.656500 
0.656600 
0.656800 
0.657800 
0.658000 
0.658200 
0.658300 
0.658400 
0.658900 
0.659400 
0.660100 
0.660400 
0.661000 
0.661100 
0.661600 
0.663000 
0.663400 
0.663600 
0.663800 
0.665100 
0.665500 
0.666100 
0.667400 
0.667400 
0.668200 
0.668700 
0.668800 
0.668900 
0.668900 
0.669300 
0.669800 
0.670200 
0.670400 
0.670700 
0.671500 
0.671600 
0.671700 
0.671800 
0.672500 
0.672700 
0.673100 
0.673100 
0.673700 
0.674500 
0.674500 
0.674800 
0.675500 
0.676600 
0.676900 
0.677100 
0.677900 
0.678200 
0.678400 
0.678600 
0.678900 
0.680200 
0.680300 
0.681200 
0.681700 
0.682200 
0.682400 
0.682500 
0.682900 
0.683100 
0.683500 
0.684000 
0.684500 
0.684700 
0.685500 
0.685500 
0.685700 
0.685700 
0.685900 
0.686000 
0.686400 
0.686900 
0.687500 
0.687700 
0.688200 
0.688300 
0.688400 
0.688600 
0.689000 
0.689100 
0.689200 
0.689600 
0.689800 
0.690600 
0.691900 
0.692600 
0.693000 
0.693300 
0.693500 
0.693600 
0.693600 
0.694000 
0.694600 
0.695700 
0.695800 
0.696300 
0.696700 
0.697000 
0.700000 
0.700300 
0.700400 
0.702000 
0.702000 
0.702600 
0.702600 
0.703200 
0.703300 
0.703700 
0.704000 
0.705000 
0.705500 
0.705600 
0.705700 
0.707000 
0.707600 
0.707800 
0.708000 
0.709000 
0.710300 
0.710400 
0.711100 
0.711200 
0.711300 
0.713700 
0.714400 
0.714500 
0.714700 
0.714800 
0.715000 
0.715400 
0.715900 
0.716000 
0.716100 
0.717000 
0.717400 
0.717500 
0.717500 
0.717800 
0.718100 
0.718700 
0.719300 
0.719400 
0.719700 
0.719800 
0.720000 
0.720200 
0.720900 
0.720900 
0.721100 
0.721400 
0.722000 
0.722100 
0.722600 
0.722600 
0.722800 
0.723200 
0.723600 
0.723800 
0.723800 
0.723800 
0.724100 
0.724200 
0.724300 
0.724400 
0.726500 
0.726600 
0.727200 
0.728000 
0.728100 
0.728400 
0.728700 
0.729800 
0.730400 
0.731300 
0.731400 
0.731700 
0.731800 
0.732100 
0.732200 
0.732400 
0.732700 
0.733200 
0.733400 
0.733600 
0.733700 
0.733800 
0.734700 
0.735000 
0.735500 
0.735700 
0.735900 
0.736000 
0.736700 
0.737000 
0.737600 
0.738100 
0.738400 
0.738700 
0.739300 
0.739600 
0.739900 
0.740300 
0.740500 
0.740500 
0.741800 
0.742000 
0.743800 
0.744300 
0.744600 
0.744900 
0.745000 
0.745200 
0.745400 
0.745500 
0.746200 
0.746200 
0.746900 
0.747000 
0.747300 
0.747400 
0.747400 
0.747700 
0.748100 
0.748600 
0.749000 
0.749200 
0.749400 
0.750600 
0.751600 
0.752500 
0.752700 
0.753000 
0.753100 
0.753800 
0.754100 
0.754400 
0.754500 
0.754900 
0.754900 
0.755000 
0.756100 
0.756400 
0.756600 
0.756900 
0.756900 
0.756900 
0.757000 
0.757600 
0.758500 
0.758700 
0.759000 
0.761800 
0.762900 
0.763000 
0.763300 
0.763700 
0.764500 
0.765000 
0.765000 
0.766200 
0.766300 
0.766400 
0.766500 
0.766700 
0.767200 
0.767300 
0.767300 
0.767400 
0.767400 
0.767500 
0.767500 
0.768300 
0.768300 
0.768400 
0.768400 
0.768700 
0.769000 
0.769400 
0.769400 
0.769600 
0.769700 
0.769800 
0.770300 
0.771300 
0.772300 
0.773400 
0.774100 
0.774300 
0.774800 
0.775100 
0.775100 
0.775400 
0.775900 
0.775900 
0.776000 
0.776600 
0.777400 
0.778200 
0.778400 
0.778700 
0.779500 
0.779700 
0.780100 
0.780900 
0.781700 
0.783400 
0.783500 
0.784500 
0.784800 
0.786000 
0.786300 
0.786500 
0.786600 
0.786600 
0.787100 
0.787500 
0.787800 
0.787800 
0.788300 
0.788400 
0.788500 
0.788500 
0.788800 
0.788900 
0.788900 
0.789000 
0.789200 
0.789700 
0.790900 
0.791000 
0.791800 
0.792100 
0.792200 
0.792200 
0.792400 
0.793100 
0.793700 
0.794000 
0.794000 
0.795100 
0.795300 
0.795500 
0.796000 
0.796500 
0.797500 
0.797700 
0.798000 
0.798100 
0.799800 
0.800100 
0.800700 
0.801300 
0.801700 
0.802500 
0.803100 
0.803500 
0.803700 
0.803800 
0.804000 
0.804200 
0.804200 
0.804800 
0.805200 
0.806800 
0.807400 
0.807400 
0.807500 
0.807600 
0.808800 
0.809000 
0.809100 
0.809200 
0.809700 
0.810100 
0.810200 
0.810300 
0.811300 
0.811700 
0.812200 
0.812800 
0.813500 
0.813800 
0.813800 
0.813800 
0.814800 
0.814900 
0.815000 
0.815400 
0.815900 
0.816200 
0.816500 
0.816800 
0.817000 
0.817200 
0.817200 
0.817400 
0.818000 
0.818600 
0.818700 
0.819000 
0.820400 
0.820700 
0.820800 
0.821200 
0.821600 
0.822200 
0.823200 
0.825400 
0.825600 
0.826000 
0.826200 
0.826700 
0.827100 
0.827100 
0.827400 
0.827600 
0.828100 
0.828200 
0.828200 
0.828400 
0.829300 
0.829800 
0.830200 
0.831400 
0.831500 
0.832300 
0.832500 
0.832500 
0.832700 
0.833000 
0.833000 
0.833000 
0.833100 
0.833400 
0.834000 
0.834500 
0.835100 
0.835400 
0.835600 
0.835600 
0.836200 
0.836300 
0.836700 
0.837200 
0.837300 
0.837400 
0.838800 
0.838900 
0.839300 
0.840800 
0.840900 
0.841200 
0.841400 
0.841700 
0.842200 
0.842400 
0.843300 
0.843400 
0.844000 
0.844300 
0.844600 
0.845000 
0.845100 
0.845300 
0.845500 
0.845500 
0.845500 
0.845700 
0.846300 
0.846600 
0.847100 
0.847100 
0.847200 
0.847500 
0.847500 
0.848300 
0.848500 
0.848500 
0.849200 
0.849300 
0.849600 
0.849800 
0.850000 
0.850500 
0.850700 
0.851000 
0.851500 
0.851700 
0.853400 
0.854200 
0.854700 
0.854700 
0.855100 
0.855300 
0.856700 
0.857100 
0.857200 
0.857800 
0.858200 
0.859000 
0.859200 
0.859400 
0.859700 
0.859700 
0.860400 
0.861000 
0.861100 
0.861100 
0.862100 
0.865300 
0.865300 
0.865600 
0.865800 
0.866000 
0.866100 
0.866500 
0.867200 
0.867200 
0.867200 
0.867500 
0.868500 
0.868900 
0.868900 
0.869100 
0.870300 
0.870300 
0.870500 
0.870700 
0.870700 
0.870900 
0.871000 
0.871200 
0.871200 
0.871300 
0.871500 
0.872200 
0.872400 
0.872600 
0.872900 
0.873100 
0.873400 
0.873800 
0.873900 
0.874300 
0.875200 
0.875200 
0.875500 
0.876000 
0.876200 
0.876400 
0.876400 
0.877300 
0.877600 
0.878300 
0.879500 
0.881100 
0.881600 
0.882000 
0.882000 
0.882500 
0.882700 
0.883000 
0.883700 
0.884100 
0.884200 
0.884600 
0.885500 
0.885700 
0.886100 
0.887300 
0.888300 
0.888600 
0.888800 
0.889100 
0.889300 
0.889500 
0.889800 
0.889900 
0.890500 
0.890700 
0.890900 
0.891100 
0.891800 
0.892000 
0.892400 
0.892500 
0.893100 
0.893300 
0.893800 
0.894700 
0.894800 
0.894900 
0.894900 
0.895300 
0.895600 
0.895600 
0.895700 
0.895900 
0.896700 
0.897100 
0.897800 
0.898500 
0.899300 
0.900200 
0.900700 
0.901700 
0.901700 
0.901700 
0.902500 
0.902700 
0.903000 
0.903200 
0.903400 
0.903500 
0.903900 
0.904100 
0.904200 
0.904200 
0.904600 
0.904700 
0.905000 
0.905200 
0.905200 
0.905400 
0.905700 
0.906000 
0.906400 
0.906500 
0.907400 
0.907500 
0.907600 
0.907700 
0.907800 
0.908000 
0.908000 
0.908400 
0.908700 
0.909700 
0.910100 
0.910800 
0.911300 
0.913700 
0.913800 
0.913800 
0.914500 
0.914500 
0.914700 
0.915000 
0.915300 
0.916200 
0.916300 
0.916300 
0.918400 
0.918600 
0.919200 
0.920500 
0.920900 
0.921200 
0.922500 
0.922500 
0.923800 
0.923900 
0.924100 
0.924700 
0.925000 
0.925200 
0.925200 
0.925300 
0.925500 
0.925600 
0.925900 
0.926500 
0.926600 
0.926800 
0.926900 
0.927500 
0.927800 
0.928400 
0.928600 
0.929400 
0.929600 
0.929900 
0.930200 
0.930800 
0.931200 
0.931500 
0.931900 
0.931900 
0.932200 
0.932700 
0.932800 
0.933000 
0.933300 
0.934000 
0.934800 
0.934900 
0.935100 
0.935200 
0.935500 
0.935700 
0.935700 
0.938700 
0.938900 
0.938900 
0.939400 
0.939500 
0.939700 
0.940100 
0.940800 
0.940800 
0.940900 
0.941500 
0.943100 
0.943200 
0.944100 
0.944600 
0.944600 
0.944800 
0.945300 
0.946000 
0.946000 
0.946200 
0.946700 
0.947200 
0.947500 
0.948900 
0.948900 
0.949300 
0.949500 
0.949500 
0.949700 
0.949900 
0.950400 
0.951900 
0.952000 
0.952500 
0.952600 
0.952900 
0.953000 
0.953100 
0.953700 
0.953800 
0.953900 
0.955100 
0.955300 
0.956100 
0.956200 
0.956400 
0.956700 
0.957100 
0.957200 
0.957700 
0.957700 
0.958000 
0.958200 
0.958500 
0.958700 
0.958800 
0.959500 
0.959800 
0.959800 
0.959900 
0.960100 
0.960500 
0.960600 
0.960700 
0.961100 
0.962100 
0.962100 
0.962500 
0.962800 
0.962900 
0.965400 
0.965600 
0.965900 
0.966800 
0.966900 
0.967500 
0.968700 
0.969400 
0.969800 
0.970400 
0.971600 
0.971800 
0.972200 
0.972400 
0.972600 
0.972700 
0.972900 
0.973700 
0.973800 
0.974400 
0.974500 
0.974700 
0.974800 
0.974900 
0.974900 
0.975000 
0.975000 
0.975700 
0.975800 
0.976300 
0.976600 
0.977600 
0.977600 
0.977800 
0.978100 
0.978900 
0.978900 
0.979700 
0.980100 
0.980700 
0.980700 
0.980800 
0.981000 
0.981100 
0.981200 
0.981300 
0.981900 
0.982200 
0.982300 
0.982500 
0.982600 
0.983500 
0.983900 
0.984200 
0.985600 
0.987000 
0.987500 
0.988300 
0.988400 
0.988700 
0.989100 
0.989200 
0.990600 
0.990800 
0.991000 
0.991800 
0.991800 
0.992000 
0.992300 
0.993300 
0.993300 
0.993800 
0.994400 
0.994500 
0.994700 
0.995700 
0.995800 
0.996800 
0.997100 
0.997600 
0.997600 
0.998100 
0.998100 
0.998200 
0.998200 
0.998400 
0.998700 
0.999100 
1.000300 
1.000800 
1.000800 
1.000800 
1.001300 
1.001400 
1.002500 
1.003100 
1.003200 
1.003300 
1.003800 
1.003800 
1.003900 
1.004200 
1.004400 
1.004500 
1.004800 
1.005100 
1.005300 
1.005400 
1.007700 
1.008800 
1.009100 
1.009500 
1.009600 
1.009800 
1.009900 
1.010100 
1.011900 
1.012100 
1.012500 
1.012800 
1.013000 
1.013100 
1.013800 
1.013800 
1.014200 
1.016200 
1.016400 
1.017300 
1.017300 
1.017800 
1.017900 
1.018600 
1.019100 
1.019300 
1.019400 
1.019400 
1.019700 
1.019800 
1.020100 
1.020200 
1.020300 
1.020700 
1.021100 
1.021800 
1.022900 
1.023300 
1.023500 
1.023700 
1.024200 
1.024700 
1.024900 
1.026200 
1.026300 
1.026800 
1.028200 
1.028200 
1.028300 
1.028900 
1.029100 
1.029300 
1.030100 
1.031000 
1.031100 
1.031400 
1.031500 
1.031900 
1.032400 
1.033700 
1.033900 
1.035000 
1.036000 
1.036200 
1.036300 
1.036400 
1.036500 
1.037000 
1.037700 
1.038100 
1.038100 
1.038400 
1.039300 
1.039300 
1.039400 
1.039900 
1.040400 
1.040900 
1.041100 
1.041400 
1.042700 
1.042700 
1.042800 
1.042900 
1.043100 
1.043300 
1.043900 
1.044800 
1.045100 
1.045200 
1.046000 
1.046100 
1.046100 
1.047100 
1.047300 
1.048400 
1.048600 
1.049000 
1.049600 
1.050200 
1.050500 
1.050600 
1.052000 
1.052800 
1.053200 
1.054600 
1.054800 
1.054800 
1.054800 
1.055000 
1.055100 
1.055300 
1.055400 
1.055700 
1.056000 
1.056400 
1.056700 
1.056900 
1.057300 
1.059200 
1.059300 
1.059300 
1.059300 
1.059500 
1.060200 
1.060600 
1.060700 
1.060800 
1.061300 
1.062200 
1.062300 
1.063500 
1.063700 
1.063900 
1.064000 
1.064600 
1.064900 
1.065100 
1.065500 
1.065800 
1.065800 
1.066100 
1.066300 
1.066500 
1.067100 
1.068300 
1.068400 
1.068500 
1.068800 
1.068800 
1.068900 
1.068900 
1.070000 
1.070500 
1.070800 
1.071200 
1.072100 
1.072100 
1.072200 
1.072700 
1.073600 
1.074200 
1.074500 
1.074900 
1.075200 
1.075300 
1.075500 
1.076200 
1.076300 
1.076500 
1.076500 
1.076900 
1.077400 
1.078300 
1.078600 
1.078600 
1.078600 
1.078800 
1.079000 
1.079900 
1.080000 
1.080000 
1.080100 
1.080200 
1.080800 
1.081100 
1.082100 
1.084200 
1.084500 
1.085800 
1.086500 
1.087200 
1.087300 
1.087300 
1.087500 
1.088300 
1.088700 
1.089300 
1.089300 
1.090900 
1.091300 
1.091500 
1.093300 
1.093400 
1.093500 
1.094100 
1.094100 
1.094600 
1.094800 
1.094900 
1.095500 
1.096800 
1.097000 
1.097600 
1.097600 
1.097600 
1.098100 
1.098600 
1.098700 
1.098800 
1.098900 
1.099100 
1.099900 
1.100400 
1.100800 
1.102400 
1.102700 
1.102800 
1.103200 
1.103400 
1.104500 
1.104500 
1.104800 
1.105600 
1.105800 
1.106100 
1.106300 
1.106700 
1.106700 
1.106700 
1.106800 
1.107100 
1.107300 
1.107400 
1.108200 
1.108800 
1.109700 
1.109900 
1.110200 
1.111900 
1.112600 
1.113100 
1.113700 
1.114000 
1.114200 
1.114500 
1.114600 
1.115500 
1.115700 
1.116300 
1.117500 
1.117600 
1.119000 
1.119100 
1.119800 
1.120100 
1.120200 
1.120400 
1.120600 
1.120700 
1.121000 
1.121500 
1.121500 
1.122000 
1.122800 
1.123700 
1.123700 
1.123900 
1.124000 
1.124200 
1.124500 
1.125400 
1.126200 
1.126900 
1.127200 
1.127300 
1.127800 
1.128000 
1.128700 
1.129000 
1.129500 
1.130300 
1.130300 
1.130700 
1.130900 
1.131100 
1.131800 
1.132500 
1.132900 
1.133000 
1.133200 
1.133500 
1.133900 
1.134100 
1.134200 
1.135900 
1.136700 
1.137100 
1.137400 
1.138300 
1.138800 
1.138800 
1.139500 
1.140100 
1.140200 
1.140800 
1.141300 
1.141800 
1.142700 
1.143200 
1.143700 
1.143800 
1.144400 
1.145800 
1.146300 
1.146800 
1.147100 
1.147300 
1.148400 
1.148600 
1.148800 
1.148900 
1.149700 
1.149800 
1.150000 
1.150200 
1.150200 
1.150400 
1.151000 
1.151100 
1.151100 
1.152000 
1.152600 
1.152600 
1.153400 
1.153500 
1.153600 
1.154400 
1.154400 
1.154700 
1.155000 
1.155500 
1.157700 
1.158200 
1.158600 
1.159700 
1.160300 
1.160900 
1.160900 
1.161300 
1.161500 
1.162100 
1.162200 
1.162400 
1.162500 
1.162600 
1.163200 
1.163300 
1.163400 
1.163400 
1.163500 
1.163800 
1.163900 
1.163900 
1.164500 
1.164700 
1.165000 
1.165400 
1.166100 
1.166700 
1.168600 
1.169100 
1.169200 
1.169200 
1.169800 
1.169900 
1.170200 
1.170500 
1.170800 
1.171200 
1.171600 
1.171700 
1.172100 
1.172200 
1.172900 
1.173200 
1.173300 
1.173500 
1.173900 
1.174000 
1.174000 
1.175600 
1.175700 
1.177900 
1.177900 
1.177900 
1.178000 
1.178400 
1.178800 
1.179000 
1.179300 
1.180700 
1.181000 
1.181100 
1.182600 
1.183000 
1.183400 
1.183500 
1.184000 
1.184000 
1.184400 
1.184500 
1.184600 
1.184700 
1.185100 
1.185200 
1.185600 
1.185600 
1.185900 
1.187000 
1.187400 
1.187700 
1.187900 
1.187900 
1.188800 
1.189200 
1.189800 
1.189900 
1.190200 
1.190400 
1.190600 
1.190600 
1.191400 
1.191500 
1.193000 
1.193100 
1.193200 
1.194400 
1.194600 
1.195200 
1.195500 
1.196600 
1.197100 
1.197300 
1.197500 
1.197800 
1.198500 
1.198900 
1.199000 
1.200700 
1.200800 
1.201000 
1.201100 
1.201700 
1.202000 
1.202100 
1.202800 
1.203100 
1.203300 
1.203700 
1.204600 
1.204600 
1.204700 
1.205400 
1.205400 
1.205800 
1.206100 
1.206400 
1.206500 
1.206600 
1.206700 
1.207300 
1.207800 
1.209300 
1.209700 
1.209900 
1.210300 
1.210700 
1.211100 
1.211400 
1.211900 
1.212300 
1.213800 
1.213800 
1.213900 
1.214100 
1.215200 
1.215300 
1.215300 
1.215500 
1.215800 
1.215800 
1.215800 
1.216100 
1.217100 
1.217700 
1.217900 
1.218300 
1.218600 
1.218800 
1.219500 
1.219800 
1.219900 
1.220000 
1.220100 
1.221200 
1.221400 
1.221500 
1.221900 
1.223400 
1.225300 
1.225400 
1.225800 
1.226600 
1.227100 
1.227200 
1.227800 
1.228000 
1.228800 
1.228800 
1.229200 
1.229200 
1.229800 
1.230300 
1.230400 
1.230600 
1.230800 
1.230900 
1.231100 
1.231300 
1.231600 
1.232100 
1.232300 
1.232500 
1.232500 
1.233000 
1.233200 
1.233400 
1.234000 
1.234300 
1.234800 
1.235700 
1.236000 
1.236800 
1.236800 
1.236900 
1.237800 
1.237900 
1.238100 
1.238400 
1.238500 
1.240000 
1.241000 
1.241100 
1.241700 
1.242000 
1.242400 
1.242400 
1.242800 
1.242800 
1.243000 
1.243500 
1.244000 
1.244300 
1.244700 
1.245900 
1.246000 
1.246100 
1.246500 
1.247700 
1.248000 
1.248300 
1.248400 
1.248400 
1.248700 
1.249400 
1.249600 
1.250200 
1.250300 
1.250300 
1.251000 
1.251200 
1.251600 
1.251800 
1.251900 
1.252600 
1.252700 
1.252900 
1.253000 
1.253100 
1.253400 
1.253500 
1.254100 
1.254300 
1.254400 
1.255100 
1.255600 
1.256100 
1.256500 
1.256700 
1.256800 
1.257100 
1.257200 
1.257500 
1.257900 
1.258000 
1.258400 
1.259400 
1.261800 
1.261900 
1.262200 
1.264100 
1.264100 
1.264400 
1.264500 
1.265300 
1.265800 
1.266400 
1.266700 
1.266900 
1.267000 
1.267200 
1.267200 
1.267200 
1.267400 
1.267900 
1.268300 
1.268600 
1.268800 
1.269000 
1.269200 
1.269600 
1.270100 
1.270200 
1.270300 
1.271000 
1.271600 
1.271700 
1.272300 
1.273000 
1.273200 
1.273400 
1.273500 
1.273700 
1.274300 
1.274400 
1.274800 
1.274800 
1.275000 
1.275000 
1.276400 
1.276500 
1.277300 
1.279400 
1.280600 
1.280800 
1.281200 
1.281300 
1.281400 
1.281600 
1.282000 
1.282400 
1.283500 
1.284300 
1.284700 
1.285200 
1.285800 
1.285900 
1.286100 
1.286200 
1.286800 
1.287200 
1.287400 
1.287600 
1.288600 
1.288600 
1.288800 
1.289200 
1.289400 
1.290000 
1.290000 
1.291700 
1.292000 
1.292500 
1.292500 
1.293900 
1.294000 
1.294500 
1.294500 
1.294700 
1.294900 
1.295800 
1.295900 
1.296500 
1.296500 
1.296800 
1.296900 
1.297700 
1.298400 
1.298400 
1.298500 
1.298700 
1.298900 
1.300300 
1.300800 
1.301200 
1.302900 
1.303300 
1.303600 
1.303700 
1.304500 
1.304500 
1.304600 
1.304800 
1.305300 
1.306200 
1.306800 
1.307100 
1.307800 
1.309100 
1.309200 
1.309500 
1.310300 
1.310700 
1.310800 
1.310900 
1.311500 
1.311600 
1.312100 
1.312600 
1.313000 
1.313200 
1.313600 
1.313700 
1.314000 
1.314100 
1.315200 
1.315300 
1.315800 
1.316000 
1.317000 
1.317700 
1.317900 
1.318000 
1.318100 
1.318900 
1.319300 
1.319600 
1.320200 
1.320800 
1.321100 
1.321700 
1.321700 
1.321800 
1.322700 
1.323600 
1.323900 
1.324200 
1.325700 
1.325900 
1.326100 
1.326700 
1.327600 
1.327600 
1.328400 
1.330000 
1.330000 
1.330100 
1.330200 
1.330200 
1.330300 
1.330600 
1.331300 
1.331300 
1.331700 
1.332200 
1.332200 
1.332900 
1.333600 
1.333600 
1.333800 
1.334900 
1.335300 
1.335400 
1.335700 
1.336000 
1.337100 
1.337200 
1.337700 
1.338000 
1.338100 
1.338600 
1.338700 
1.339300 
1.339500 
1.339700 
1.339900 
1.340200 
1.340400 
1.341200 
1.341300 
1.341300 
1.341700 
1.342200 
1.342500 
1.343400 
1.344400 
1.344800 
1.345100 
1.345400 
1.345500 
1.346000 
1.346300 
1.346700 
1.346800 
1.347300 
1.347400 
1.348100 
1.348400 
1.349300 
1.349700 
1.350300 
1.350400 
1.350800 
1.351700 
1.351900 
1.352300 
1.352900 
1.352900 
1.353100 
1.353700 
1.354000 
1.354000 
1.354300 
1.354600 
1.355300 
1.355400 
1.355600 
1.356600 
1.356900 
1.357000 
1.357300 
1.357400 
1.357800 
1.358100 
1.358600 
1.358900 
1.359300 
1.359300 
1.359700 
1.360600 
1.360900 
1.361000 
1.361400 
1.361600 
1.363200 
1.363700 
1.363900 
1.363900 
1.364000 
1.364200 
1.364200 
1.364400 
1.364600 
1.365000 
1.365100 
1.365300 
1.365900 
1.366100 
1.366500 
1.367100 
1.367900 
1.368100 
1.368500 
1.368700 
1.369600 
1.370000 
1.370200 
1.370500 
1.371200 
1.371700 
1.372200 
1.372500 
1.373300 
1.373700 
1.374200 
1.374900 
1.375000 
1.375400 
1.375600 
1.375600 
1.375600 
1.375900 
1.376100 
1.376400 
1.376400 
1.376600 
1.376700 
1.377400 
1.377400 
1.377800 
1.379300 
1.379400 
1.380000 
1.380100 
1.381400 
1.381400 
1.381600 
1.381600 
1.381700 
1.381900 
1.382300 
1.382800 
1.383000 
1.383600 
1.383800 
1.384900 
1.384900 
1.385200 
1.385300 
1.385600 
1.386400 
1.386900 
1.386900 
1.387400 
1.387500 
1.387700 
1.388300 
1.388900 
1.388900 
1.390300 
1.390400 
1.390500 
1.390900 
1.392000 
1.392300 
1.393000 
1.394000 
1.395000 
1.395100 
1.395700 
1.396000 
1.396100 
1.396100 
1.396700 
1.396900 
1.397100 
1.397400 
1.398200 
1.398700 
1.398900 
1.399200 
1.399400 
1.399500 
1.400000 
1.401000 
1.401600 
1.401600 
1.401700 
1.401900 
1.402000 
1.402800 
1.404100 
1.404400 
1.404400 
1.404500 
1.404600 
1.404900 
1.405000 
1.405100 
1.405500 
1.405600 
1.406000 
1.406600 
1.406600 
1.408400 
1.408800 
1.409200 
1.409700 
1.410300 
1.410400 
1.410500 
1.410900 
1.411200 
1.411300 
1.411500 
1.412800 
1.412800 
1.413800 
1.414100 
1.414200 
1.414200 
1.415100 
1.415600 
1.415700 
1.415700 
1.415900 
1.416800 
1.417100 
1.417200 
1.417300 
1.417300 
1.417700 
1.418400 
1.418500 
1.419000 
1.419000 
1.420000 
1.420000 
1.420200 
1.420800 
1.421100 
1.421100 
1.421600 
1.421700 
1.421800 
1.422800 
1.423000 
1.423500 
1.423700 
1.424400 
1.425300 
1.426100 
1.426100 
1.426300 
1.427400 
1.428200 
1.428400 
1.429000 
1.429100 
1.430300 
1.430300 
1.430600 
1.430700 
1.431000 
1.431500 
1.432500 
1.432600 
1.433900 
1.434400 
1.434900 
1.435400 
1.435800 
1.436100 
1.436800 
1.437100 
1.437700 
1.437700 
1.438000 
1.438100 
1.438900 
1.439100 
1.439300 
1.440200 
1.440900 
1.441600 
1.443000 
1.443400 
1.444700 
1.444800 
1.444800 
1.445100 
1.445600 
1.447100 
1.447300 
1.447600 
1.447600 
1.449000 
1.449200 
1.449800 
1.450000 
1.450000 
1.450600 
1.450700 
1.450800 
1.450800 
1.451200 
1.451500 
1.451800 
1.452000 
1.452400 
1.452600 
1.452600 
1.452700 
1.452700 
1.453200 
1.453400 
1.453600 
1.455300 
1.455500 
1.455500 
1.456700 
1.457100 
1.457600 
1.457900 
1.458100 
1.458300 
1.458400 
1.458400 
1.459500 
1.459800 
1.460100 
1.460200 
1.461400 
1.462400 
1.462700 
1.463000 
1.463400 
1.463500 
1.463700 
1.464000 
1.464300 
1.464400 
1.465000 
1.466100 
1.466500 
1.466600 
1.468000 
1.468300 
1.468600 
1.468700 
1.469000 
1.470200 
1.470400 
1.470600 
1.470600 
1.470700 
1.471400 
1.471500 
1.471700 
1.472400 
1.472900 
1.473300 
1.473900 
1.474600 
1.474600 
1.476400 
1.476600 
1.476700 
1.476800 
1.477000 
1.477300 
1.477500 
1.477900 
1.478000 
1.478100 
1.478200 
1.478800 
1.479600 
1.479700 
1.480200 
1.481100 
1.481500 
1.482100 
1.483000 
1.483200 
1.483400 
1.483500 
1.484000 
1.484100 
1.484100 
1.484500 
1.484700 
1.484700 
1.485100 
1.485800 
1.486100 
1.486100 
1.486800 
1.486800 
1.487600 
1.489700 
1.489700 
1.489800 
1.490500 
1.490600 
1.490600 
1.490700 
1.492100 
1.492100 
1.492100 
1.492200 
1.492500 
1.492500 
1.494400 
1.494500 
1.494500 
1.495100 
1.495200 
1.495600 
1.497000 
1.497500 
1.497900 
1.498700 
1.499200 
1.500300 
1.500400 
1.501100 
1.501300 
1.501700 
1.502700 
1.502800 
1.503200 
1.503700 
1.504100 
1.504400 
1.505100 
1.505400 
1.506100 
1.506900 
1.507500 
1.507600 
1.508800 
1.509700 
1.509700 
1.509800 
1.509900 
1.510700 
1.510900 
1.511100 
1.511200 
1.511200 
1.511300 
1.511500 
1.511700 
1.512000 
1.512100 
1.512500 
1.512800 
1.513700 
1.513900 
1.514300 
1.515200 
1.515400 
1.515900 
1.516500 
1.518100 
1.518200 
1.519300 
1.519600 
1.520100 
1.522200 
1.522600 
1.522700 
1.522800 
1.522900 
1.523300 
1.523500 
1.523800 
1.524000 
1.524300 
1.524400 
1.524600 
1.524600 
1.525900 
1.525900 
1.527300 
1.527900 
1.528600 
1.528800 
1.529300 
1.529800 
1.530000 
1.530000 
1.530200 
1.531100 
1.531600 
1.531800 
1.531900 
1.532100 
1.533000 
1.533300 
1.533900 
1.533900 
1.534600 
1.534600 
1.534700 
1.535700 
1.535800 
1.535900 
1.536100 
1.536200 
1.536200 
1.536300 
1.536500 
1.536700 
1.536800 
1.537000 
1.537300 
1.537400 
1.537700 
1.538100 
1.538200 
1.538800 
1.538900 
1.539800 
1.540600 
1.541400 
1.541900 
1.542000 
1.542400 
1.543200 
1.543500 
1.543700 
1.544200 
1.545600 
1.546400 
1.548200 
1.549600 
1.549800 
1.549800 
1.550600 
1.550700 
1.550700 
1.551200 
1.551300 
1.551700 
1.552100 
1.552300 
1.552300 
1.552800 
1.552900 
1.552900 
1.553100 
1.553600 
1.555300 
1.555600 
1.557400 
1.557500 
1.557600 
1.557900 
1.558700 
1.559500 
1.560200 
1.561400 
1.561500 
1.561700 
1.562000 
1.562000 
1.562600 
1.562700 
1.562700 
1.562700 
1.563600 
1.564100 
1.564200 
1.564700 
1.565700 
1.565800 
1.566500 
1.567300 
1.567300 
1.568000 
1.568400 
1.568500 
1.568800 
1.569400 
1.569400 
1.569500 
1.569700 
1.570000 
1.570800 
1.571400 
1.571400 
1.571800 
1.573800 
1.574000 
1.574200 
1.574400 
1.575600 
1.575600 
1.576200 
1.576500 
1.576900 
1.579100 
1.579700 
1.580200 
1.580800 
1.580900 
1.581100 
1.581100 
1.581300 
1.581600 
1.582100 
1.582100 
1.582200 
1.582300 
1.582400 
1.582500 
1.583000 
1.583100 
1.583300 
1.584400 
1.584400 
1.585000 
1.585200 
1.585200 
1.585200 
1.585600 
1.586200 
1.586700 
1.586800 
1.587000 
1.588600 
1.588800 
1.588900 
1.589800 
1.589800 
1.589900 
1.590100 
1.590500 
1.591000 
1.591200 
1.591600 
1.592100 
1.592300 
1.592400 
1.592500 
1.593100 
1.593200 
1.593400 
1.594400 
1.594800 
1.595400 
1.595800 
1.595800 
1.596800 
1.597100 
1.597800 
1.598100 
1.598300 
1.599400 
1.600000 
1.600200 
1.600800 
1.601100 
1.601500 
1.601800 
1.601900 
1.602100 
1.602300 
1.602300 
1.602600 
1.602700 
1.602900 
1.603200 
1.603400 
1.603700 
1.604100 
1.604200 
1.605600 
1.605800 
1.606400 
1.606600 
1.607200 
1.607800 
1.607900 
1.608900 
1.609100 
1.609300 
1.609600 
1.609800 
1.609900 
1.610300 
1.610400 
1.611400 
1.611900 
1.612100 
1.613400 
1.613500 
1.613800 
1.614300 
1.614500 
1.615600 
1.615800 
1.616100 
1.616300 
1.616800 
1.616900 
1.617300 
1.617500 
1.618700 
1.619000 
1.620400 
1.621100 
1.621700 
1.621900 
1.622100 
1.622200 
1.622700 
1.623900 
1.624000 
1.624200 
1.624300 
1.624400 
1.624600 
1.625100 
1.625700 
1.627400 
1.627600 
1.627900 
1.628300 
1.628500 
1.628600 
1.628700 
1.628900 
1.629400 
1.630000 
1.630500 
1.632600 
1.633100 
1.633700 
1.633900 
1.634000 
1.634200 
1.634600 
1.635000 
1.635100 
1.635800 
1.636100 
1.638000 
1.638300 
1.638400 
1.638500 
1.638700 
1.638900 
1.639200 
1.639900 
1.640200 
1.640900 
1.641000 
1.641100 
1.641400 
1.641400 
1.641800 
1.642000 
1.642100 
1.642800 
1.642800 
1.643200 
1.643300 
1.643400 
1.644000 
1.644500 
1.645700 
1.646100 
1.647600 
1.648600 
1.648600 
1.648700 
1.649700 
1.649800 
1.650000 
1.650100 
1.650400 
1.651000 
1.651600 
1.651700 
1.652200 
1.653300 
1.653400 
1.654200 
1.654400 
1.655000 
1.656200 
1.656400 
1.656600 
1.657100 
1.657500 
1.657700 
1.657900 
1.658100 
1.658700 
1.658800 
1.659100 
1.659200 
1.659400 
1.659400 
1.659700 
1.659800 
1.660400 
1.660500 
1.660600 
1.660700 
1.660800 
1.660900 
1.661100 
1.661700 
1.662100 
1.663000 
1.664200 
1.664700 
1.665300 
1.665600 
1.665700 
1.665800 
1.665800 
1.666200 
1.666400 
1.666500 
1.667000 
1.667100 
1.667700 
1.668400 
1.668400 
1.670000 
1.670400 
1.670800 
1.670900 
1.671300 
1.672500 
1.673000 
1.673600 
1.674000 
1.674600 
1.675200 
1.675400 
1.675800 
1.675800 
1.676000 
1.676100 
1.676200 
1.676200 
1.676200 
1.677000 
1.677200 
1.677200 
1.677600 
1.677900 
1.678700 
1.679200 
1.679300 
1.679400 
1.680400 
1.680500 
1.680600 
1.681000 
1.681100 
1.681400 
1.681600 
1.681800 
1.682300 
1.682600 
1.682700 
1.683300 
1.683400 
1.683400 
1.683900 
1.684700 
1.686500 
1.687100 
1.687300 
1.688300 
1.688900 
1.689000 
1.689300 
1.690900 
1.691000 
1.691700 
1.691900 
1.691900 
1.692200 
1.692400 
1.692900 
1.693400 
1.694200 
1.694400 
1.694900 
1.695400 
1.695500 
1.695600 
1.695700 
1.695800 
1.696100 
1.696400 
1.697100 
1.698600 
1.698600 
1.698800 
1.699500 
1.700200 
1.701000 
1.701000 
1.701200 
1.701600 
1.701700 
1.702000 
1.702300 
1.702300 
1.702700 
1.702900 
1.702900 
1.704200 
1.704200 
1.704600 
1.706400 
1.706600 
1.707900 
1.707900 
1.708100 
1.708500 
1.708900 
1.709900 
1.710100 
1.710200 
1.710800 
1.710900 
1.711200 
1.711600 
1.712000 
1.712200 
1.712700 
1.713300 
1.713800 
1.714800 
1.714900 
1.714900 
1.715300 
1.715800 
1.716100 
1.716400 
1.716900 
1.717600 
1.717800 
1.719100 
1.719600 
1.720000 
1.720100 
1.720300 
1.720300 
1.721000 
1.721300 
1.721300 
1.721600 
1.722300 
1.722500 
1.723300 
1.723900 
1.724300 
1.724700 
1.725200 
1.725400 
1.725700 
1.725800 
1.725800 
1.725900 
1.725900 
1.726000 
1.726300 
1.727100 
1.727900 
1.728700 
1.728800 
1.730300 
1.731100 
1.731200 
1.732700 
1.732800 
1.733900 
1.735400 
1.735800 
1.735800 
1.736800 
1.736900 
1.737200 
1.737800 
1.738200 
1.738500 
1.738700 
1.739200 
1.739400 
1.740300 
1.740600 
1.741000 
1.741200 
1.742400 
1.743000 
1.743300 
1.743600 
1.743900 
1.744200 
1.745200 
1.745400 
1.746400 
1.746400 
1.746500 
1.746500 
1.746600 
1.746900 
1.747200 
1.747600 
1.748100 
1.749400 
1.749600 
1.749700 
1.750500 
1.751200 
1.751200 
1.751500 
1.751600 
1.752200 
1.752200 
1.752200 
1.752300 
1.752500 
1.752500 
1.753200 
1.753200 
1.754300 
1.756000 
1.756300 
1.756300 
1.757400 
1.757900 
1.758100 
1.758400 
1.758500 
1.758800 
1.759000 
1.759400 
1.759600 
1.759900 
1.760000 
1.760200 
1.760500 
1.760500 
1.760500 
1.760800 
1.761300 
1.761300 
1.761800 
1.762000 
1.762900 
1.763000 
1.763300 
1.764300 
1.764400 
1.764400 
1.764900 
1.765000 
1.765100 
1.765600 
1.765900 
1.767000 
1.767200 
1.768000 
1.769100 
1.770000 
1.771500 
1.771900 
1.773600 
1.774000 
1.774200 
1.774300 
1.774300 
1.774400 
1.775000 
1.775100 
1.775200 
1.775600 
1.775900 
1.776600 
1.776800 
1.777100 
1.778100 
1.779200 
1.779400 
1.779500 
1.781000 
1.781800 
1.782300 
1.782400 
1.782600 
1.783200 
1.783900 
1.784200 
1.784600 
1.784800 
1.785300 
1.785700 
1.785900 
1.786600 
1.786700 
1.786800 
1.786900 
1.787500 
1.787800 
1.788300 
1.788400 
1.788400 
1.788700 
1.789100 
1.789100 
1.789300 
1.789600 
1.790100 
1.790800 
1.791500 
1.791600 
1.791800 
1.792000 
1.793400 
1.793700 
1.793800 
1.794500 
1.794500 
1.794800 
1.794900 
1.795000 
1.795100 
1.795200 
1.795500 
1.795700 
1.795900 
1.796000 
1.797000 
1.797400 
1.797400 
1.797600 
1.797900 
1.798100 
1.798200 
1.798600 
1.800500 
1.800700 
1.802100 
1.802200 
1.802500 
1.802700 
1.802700 
1.803000 
1.804400 
1.804500 
1.805000 
1.806100 
1.806700 
1.806800 
1.807000 
1.807100 
1.807400 
1.807600 
1.807700 
1.807800 
1.808600 
1.808700 
1.808900 
1.809100 
1.809400 
1.810400 
1.810800 
1.811100 
1.811300 
1.811900 
1.812700 
1.813600 
1.813700 
1.814200 
1.815100 
1.816000 
1.816100 
1.816200 
1.816700 
1.817300 
1.818000 
1.819100 
1.819400 
1.819600 
1.819600 
1.820300 
1.820500 
1.820500 
1.820900 
1.821600 
1.821700 
1.821800 
1.821800 
1.823100 
1.823300 
1.823600 
1.824500 
1.827400 
1.827800 
1.828500 
1.828900 
1.829300 
1.830300 
1.830500 
1.831600 
1.831800 
1.832000 
1.832500 
1.832600 
1.833300 
1.833800 
1.833800 
1.834100 
1.834300 
1.836100 
1.836200 
1.836800 
1.837600 
1.837700 
1.837700 
1.838100 
1.838400 
1.838700 
1.838800 
1.839700 
1.840000 
1.840600 
1.842700 
1.842800 
1.843300 
1.843500 
1.845300 
1.845800 
1.845800 
1.846200 
1.846300 
1.846800 
1.847100 
1.847300 
1.847300 
1.847700 
1.847900 
1.848200 
1.848200 
1.848500 
1.848600 
1.848600 
1.849000 
1.849100 
1.849200 
1.849200 
1.849900 
1.850600 
1.851200 
1.852100 
1.852700 
1.853500 
1.853800 
1.854000 
1.854500 
1.855700 
1.855700 
1.856100 
1.856300 
1.856500 
1.856600 
1.857000 
1.857200 
1.857300 
1.857600 
1.858000 
1.859500 
1.859600 
1.860100 
1.860800 
1.860800 
1.861000 
1.861800 
1.861800 
1.862500 
1.862500 
1.862500 
1.862600 
1.862800 
1.864800 
1.865900 
1.867400 
1.867600 
1.867800 
1.867900 
1.868000 
1.868400 
1.868900 
1.869600 
1.870100 
1.871200 
1.871200 
1.871600 
1.871600 
1.872200 
1.872600 
1.872600 
1.872700 
1.873400 
1.873500 
1.873600 
1.873600 
1.873800 
1.874200 
1.874800 
1.874900 
1.875800 
1.875900 
1.876200 
1.876500 
1.877200 
1.877400 
1.878000 
1.878000 
1.879500 
1.879700 
1.879800 
1.880200 
1.880200 
1.880400 
1.881300 
1.882400 
1.885200 
1.885700 
1.886500 
1.886900 
1.887100 
1.887600 
1.887800 
1.888100 
1.890000 
1.890500 
1.890500 
1.890800 
1.890900 
1.891000 
1.891000 
1.891100 
1.892400 
1.892600 
1.893100 
1.893200 
1.893200 
1.893200 
1.893400 
1.894100 
1.894300 
1.894400 
1.894500 
1.895500 
1.895700 
1.896300 
1.897500 
1.898400 
1.898400 
1.898400 
1.899800 
1.901000 
1.901300 
1.901500 
1.901900 
1.902000 
1.902600 
1.902600 
1.903000 
1.903600 
1.904200 
1.904600 
1.904800 
1.904900 
1.905300 
1.905500 
1.905800 
1.906500 
1.907300 
1.907900 
1.908500 
1.909000 
1.909200 
1.909700 
1.910500 
1.911500 
1.912700 
1.912800 
1.913500 
1.914100 
1.914700 
1.915200 
1.916000 
1.916200 
1.916500 
1.916500 
1.916900 
1.917000 
1.918100 
1.918400 
1.918400 
1.919000 
1.919100 
1.919800 
1.921200 
1.921200 
1.921900 
1.922900 
1.923800 
1.924600 
1.924900 
1.924900 
1.925200 
1.925300 
1.925500 
1.925500 
1.926000 
1.926900 
1.927600 
1.928000 
1.928000 
1.928600 
1.929300 
1.929400 
1.929700 
1.929700 
1.929800 
1.929900 
1.930900 
1.931300 
1.931900 
1.932000 
1.933100 
1.933200 
1.933400 
1.933700 
1.933700 
1.933800 
1.934000 
1.934500 
1.935200 
1.935300 
1.935400 
1.935800 
1.936200 
1.937500 
1.938300 
1.938400 
1.938600 
1.938800 
1.939900 
1.940100 
1.940100 
1.941300 
1.942600 
1.943800 
1.944100 
1.944400 
1.944900 
1.945000 
1.945400 
1.946100 
1.946500 
1.946800 
1.947100 
1.948000 
1.948300 
1.948900 
1.949500 
1.949800 
1.950700 
1.950900 
1.951100 
1.951300 
1.951600 
1.952000 
1.952100 
1.952500 
1.952700 
1.953000 
1.953300 
1.953500 
1.953500 
1.953600 
1.954000 
1.954500 
1.954600 
1.955100 
1.955800 
1.955900 
1.956000 
1.957900 
1.958000 
1.958100 
1.958900 
1.959400 
1.959900 
1.960000 
1.960400 
1.960500 
1.960900 
1.961300 
1.961500 
1.962200 
1.962200 
1.963100 
1.964100 
1.965300 
1.965400 
1.965600 
1.966600 
1.966900 
1.967100 
1.969300 
1.969600 
1.969600 
1.969800 
1.969900 
1.970200 
1.970700 
1.971600 
1.972000 
1.972600 
1.972600 
1.972600 
1.973100 
1.973200 
1.973300 
1.973600 
1.973900 
1.975000 
1.976000 
1.976100 
1.976400 
1.977500 
1.977800 
1.979400 
1.979700 
1.980000 
1.980800 
1.981500 
1.981600 
1.982100 
1.982700 
1.983900 
1.985200 
1.985400 
1.987300 
1.987900 
1.988100 
1.988100 
1.988500 
1.988700 
1.988700 
1.989200 
1.989400 
1.989900 
1.990000 
1.990000 
1.990400 
1.990500 
1.990500 
1.990800 
1.991100 
1.991700 
1.991800 
1.993200 
1.993700 
1.993900 
1.994100 
1.994200 
1.994800 
1.995100 
1.995300 
1.995500 
1.996500 
1.997400 
1.997600 
1.998000 
1.998100 
1.998600 
1.999000 
1.999400 
2.000500 
2.000800 
2.001200 
2.001400 
2.001600 
2.001700 
2.003600 
2.003800 
2.004000 
2.004100 
2.004100 
2.004200 
2.004700 
2.004700 
2.004800 
2.005000 
2.005100 
2.005100 
2.005500 
2.005600 
2.006200 
2.006700 
2.007000 
2.007300 
2.008500 
2.009100 
2.009500 
2.010100 
2.010300 
2.010900 
2.011500 
2.011700 
2.012400 
2.012900 
2.013000 
2.013000 
2.013300 
2.014900 
2.015400 
2.015500 
2.015500 
2.015800 
2.016100 
2.016600 
2.016900 
2.018200 
2.018200 
2.018200 
2.018200 
2.018300 
2.018300 
2.018300 
2.018500 
2.019500 
2.019800 
2.019800 
2.020100 
2.022000 
2.022800 
2.023100 
2.023200 
2.024000 
2.024600 
2.024600 
2.024800 
2.026300 
2.027100 
2.027400 
2.027500 
2.028400 
2.028600 
2.029300 
2.030200 
2.030200 
2.030400 
2.030600 
2.030600 
2.031100 
2.031400 
2.031900 
2.032200 
2.032500 
2.033000 
2.033100 
2.033200 
2.033300 
2.033400 
2.033600 
2.034000 
2.034800 
2.034800 
2.035200 
2.035200 
2.035200 
2.037000 
2.037400 
2.037500 
2.038600 
2.039400 
2.039400 
2.039900 
2.040100 
2.040400 
2.040700 
2.041200 
2.041600 
2.042100 
2.042300 
2.042800 
2.043000 
2.043800 
2.044200 
2.044700 
2.045700 
2.045700 
2.045800 
2.046400 
2.046500 
2.046600 
2.047200 
2.047600 
2.047600 
2.048000 
2.048600 
2.048700 
2.048800 
2.049000 
2.049300 
2.049700 
2.049700 
2.050300 
2.050600 
2.050600 
2.051500 
2.051500 
2.053100 
2.053600 
2.053900 
2.054600 
2.054800 
2.055800 
2.056100 
2.056400 
2.056700 
2.057100 
2.057200 
2.058100 
2.058100 
2.058400 
2.058400 
2.058600 
2.060400 
2.060500 
2.060600 
2.060700 
2.060900 
2.061200 
2.062000 
2.062000 
2.062700 
2.063100 
2.063200 
2.063600 
2.064000 
2.064000 
2.064100 
2.064700 
2.064900 
2.065200 
2.066200 
2.066400 
2.067700 
2.067700 
2.067800 
2.067900 
2.068500 
2.069100 
2.069600 
2.069600 
2.069700 
2.071300 
2.071500 
2.072300 
2.072400 
2.072900 
2.073000 
2.073300 
2.073800 
2.074000 
2.074200 
2.074600 
2.075100 
2.075500 
2.076100 
2.076400 
2.076700 
2.076900 
2.077500 
2.077800 
2.077800 
2.078500 
2.078800 
2.079200 
2.079600 
2.079700 
2.079700 
2.081500 
2.081700 
2.081800 
2.082300 
2.082700 
2.083700 
2.084200 
2.084400 
2.084600 
2.084900 
2.085200 
2.085200 
2.086900 
2.087300 
2.088000 
2.088100 
2.089500 
2.089600 
2.089700 
2.089700 
2.090000 
2.090800 
2.091000 
2.091000 
2.091100 
2.091100 
2.091600 
2.092000 
2.092300 
2.092600 
2.093000 
2.093900 
2.094000 
2.094100 
2.094100 
2.094600 
2.094700 
2.095900 
2.095900 
2.096000 
2.096200 
2.096400 
2.096400 
2.096400 
2.096600 
2.096700 
2.096900 
2.097200 
2.097200 
2.097500 
2.098400 
2.100600 
2.101000 
2.101000 
2.101900 
2.102000 
2.102100 
2.102300 
2.102300 
2.102800 
2.103000 
2.103300 
2.103400 
2.104000 
2.104200 
2.104300 
2.104500 
2.104800 
2.104900 
2.105000 
2.105200 
2.105600 
2.106400 
2.106600 
2.108100 
2.108200 
2.108700 
2.109700 
2.110000 
2.111500 
2.111600 
2.111800 
2.112900 
2.114300 
2.115500 
2.115600 
2.115800 
2.115900 
2.116700 
2.117000 
2.117300 
2.118200 
2.118400 
2.119100 
2.119500 
2.119600 
2.121600 
2.121700 
2.122000 
2.122400 
2.122400 
2.122800 
2.123000 
2.123400 
2.123800 
2.124100 
2.124200 
2.124200 
2.125000 
2.125000 
2.125200 
2.125700 
2.125700 
2.125700 
2.125700 
2.125900 
2.125900 
2.126300 
2.126500 
2.126700 
2.126700 
2.126900 
2.126900 
2.127200 
2.127300 
2.127400 
2.127500 
2.128800 
2.130500 
2.131000 
2.132100 
2.132700 
2.132700 
2.133200 
2.133400 
2.134100 
2.136000 
2.136300 
2.136400 
2.136500 
2.136600 
2.137400 
2.137700 
2.138700 
2.138900 
2.138900 
2.139000 
2.140300 
2.141000 
2.141100 
2.141500 
2.141800 
2.142400 
2.142600 
2.142700 
2.143000 
2.144000 
2.144200 
2.145200 
2.145400 
2.146000 
2.146100 
2.146100 
2.146400 
2.146400 
2.147000 
2.147100 
2.147600 
2.147700 
2.148700 
2.148700 
2.148700 
2.149200 
2.149700 
2.149900 
2.150000 
2.150100 
2.150100 
2.150300 
2.151500 
2.152600 
2.152800 
2.152800 
2.153100 
2.153300 
2.153400 
2.153500 
2.154000 
2.155800 
2.157000 
2.159400 
2.159500 
2.159700 
2.160400 
2.160600 
2.160900 
2.161100 
2.161400 
2.161400 
2.161700 
2.161700 
2.161700 
2.161800 
2.162800 
2.162900 
2.163300 
2.163600 
2.163700 
2.163900 
2.164000 
2.164700 
2.165000 
2.165300 
2.165300 
2.165700 
2.165700 
2.166100 
2.166900 
2.167000 
2.167800 
2.167900 
2.169600 
2.170400 
2.171200 
2.171300 
2.171500 
2.172000 
2.172600 
2.172600 
2.172700 
2.172700 
2.172800 
2.173900 
2.174100 
2.174900 
2.175900 
2.176100 
2.176400 
2.176400 
2.176700 
2.176800 
2.176800 
2.177200 
2.177300 
2.177300 
2.177800 
2.178300 
2.178300 
2.178800 
2.178900 
2.179100 
2.179600 
2.180200 
2.180400 
2.180500 
2.180500 
2.181600 
2.181800 
2.182400 
2.184000 
2.184300 
2.185300 
2.186100 
2.186800 
2.187300 
2.187700 
2.188200 
2.188300 
2.189100 
2.189100 
2.189500 
2.190400 
2.190700 
2.190900 
2.191300 
2.191400 
2.192100 
2.192100 
2.193000 
2.194200 
2.194500 
2.194900 
2.195100 
2.195500 
2.196100 
2.197000 
2.197600 
2.198500 
2.199000 
2.199500 
2.199700 
2.199700 
2.199800 
2.200100 
2.200200 
2.200500 
2.200600 
2.200600 
2.201000 
2.201000 
2.201000 
2.201300 
2.201800 
2.202100 
2.204100 
2.204400 
2.204400 
2.204400 
2.204800 
2.204800 
2.205200 
2.205300 
2.205800 
2.206200 
2.206200 
2.206300 
2.206400 
2.206800 
2.207100 
2.207300 
2.207600 
2.209000 
2.209100 
2.209200 
2.209300 
2.209800 
2.210400 
2.210400 
2.210500 
2.211500 
2.212700 
2.213000 
2.213800 
2.213800 
2.214900 
2.215500 
2.215600 
2.216000 
2.216100 
2.216700 
2.217000 
2.217600 
2.217800 
2.217900 
2.218100 
2.218800 
2.219900 
2.219900 
2.220500 
2.220600 
2.220800 
2.220900 
2.221100 
2.221300 
2.222000 
2.222600 
2.222700 
2.222900 
2.223000 
2.223600 
2.223600 
2.223900 
2.224500 
2.225100 
2.225300 
2.225300 
2.225400 
2.225600 
2.226200 
2.226700 
2.227100 
2.227900 
2.228000 
2.228800 
2.228800 
2.229100 
2.229600 
2.229800 
2.230600 
2.230600 
2.231200 
2.231400 
2.232000 
2.232600 
2.233100 
2.233200 
2.233900 
2.233900 
2.234000 
2.234800 
2.236000 
2.236100 
2.236500 
2.237000 
2.237000 
2.238200 
2.238200 
2.239100 
2.240200 
2.240500 
2.241800 
2.242000 
2.242100 
2.242200 
2.242400 
2.242800 
2.242800 
2.242900 
2.242900 
2.243100 
2.244700 
2.244900 
2.245000 
2.246300 
2.246400 
2.246500 
2.246900 
2.247200 
2.248300 
2.249300 
2.249900 
2.250300 
2.250500 
2.251700 
2.252100 
2.252900 
2.253100 
2.253900 
2.254600 
2.254800 
2.255300 
2.255300 
2.255700 
2.255700 
2.255800 
2.255900 
2.256000 
2.256200 
2.256800 
2.257200 
2.258800 
2.259400 
2.260300 
2.260700 
2.260800 
2.260900 
2.261000 
2.261300 
2.261400 
2.261900 
2.261900 
2.262400 
2.263000 
2.263400 
2.263600 
2.263600 
2.263900 
2.264500 
2.265100 
2.266000 
2.266000 
2.266300 
2.266400 
2.266600 
2.267100 
2.267500 
2.267500 
2.267700 
2.268300 
2.269700 
2.270000 
2.270100 
2.270900 
2.271300 
2.271300 
2.272400 
2.272800 
2.273200 
2.273500 
2.273800 
2.275000 
2.276000 
2.277300 
2.277500 
2.277700 
2.278400 
2.278800 
2.279000 
2.279100 
2.279200 
2.279200 
2.280100 
2.281500 
2.281700 
2.281700 
2.282300 
2.282600 
2.283000 
2.283200 
2.283600 
2.284300 
2.284600 
2.284900 
2.284900 
2.284900 
2.285200 
2.285300 
2.285600 
2.285700 
2.286000 
2.286100 
2.286100 
2.286600 
2.286600 
2.287300 
2.287700 
2.287800 
2.287800 
2.287800 
2.288000 
2.288200 
2.288400 
2.288700 
2.289800 
2.289800 
2.289800 
2.291200 
2.291400 
2.292400 
2.292500 
2.292600 
2.293000 
2.293600 
2.293800 
2.294500 
2.294900 
2.295600 
2.296200 
2.296600 
2.296800 
2.297400 
2.298700 
2.298900 
2.299100 
2.299700 
2.299800 
2.301100 
2.301200 
2.301800 
2.302600 
2.303200 
2.304100 
2.304200 
2.304300 
2.304500 
2.304700 
2.304900 
2.305100 
2.305700 
2.307000 
2.307500 
2.307700 
2.308100 
2.308700 
2.309000 
2.309200 
2.309300 
2.310000 
2.310100 
2.310100 
2.310400 
2.311000 
2.311000 
2.311100 
2.311800 
2.312600 
2.313100 
2.313100 
2.313700 
2.313900 
2.314100 
2.314800 
2.315100 
2.316000 
2.316100 
2.316400 
2.317000 
2.317200 
2.317200 
2.317800 
2.317900 
2.318100 
2.318400 
2.318600 
2.319700 
2.320300 
2.320500 
2.320700 
2.321000 
2.322500 
2.325300 
2.325700 
2.325900 
2.326100 
2.326400 
2.326600 
2.326700 
2.326900 
2.327100 
2.328000 
2.328800 
2.328900 
2.329100 
2.329400 
2.329900 
2.331000 
2.331200 
2.331400 
2.331700 
2.332200 
2.332400 
2.332800 
2.333000 
2.334600 
2.334700 
2.336300 
2.337400 
2.337400 
2.337400 
2.338200 
2.338200 
2.338600 
2.338800 
2.339000 
2.339200 
2.339200 
2.339400 
2.339700 
2.339800 
2.339800 
2.340400 
2.340600 
2.341400 
2.341700 
2.342800 
2.343000 
2.343400 
2.344200 
2.344500 
2.344700 
2.345000 
2.345100 
2.345300 
2.345700 
2.345700 
2.345900 
2.345900 
2.346600 
2.347100 
2.347200 
2.347400 
2.347500 
2.348200 
2.348400 
2.348700 
2.348700 
2.348800 
2.349900 
2.350100 
2.350500 
2.350500 
2.350800 
2.352000 
2.353000 
2.353000 
2.353500 
2.354400 
2.355600 
2.355800 
2.355800 
2.357300 
2.357400 
2.358100 
2.358300 
2.358500 
2.358700 
2.358800 
2.359600 
2.359700 
2.360300 
2.360800 
2.361400 
2.361500 
2.362000 
2.362200 
2.363600 
2.364400 
2.364500 
2.364700 
2.365200 
2.365400 
2.365400 
2.366600 
2.367600 
2.367600 
2.367800 
2.368000 
2.369600 
2.369700 
2.370400 
2.370600 
2.370600 
2.371000 
2.371100 
2.371200 
2.371300 
2.371600 
2.373800 
2.373900 
2.374000 
2.374200 
2.375200 
2.375700 
2.376000 
2.376200 
2.376700 
2.376800 
2.376800 
2.377300 
2.378000 
2.378000 
2.378200 
2.378600 
2.379100 
2.379100 
2.379500 
2.380400 
2.381000 
2.381100 
2.382400 
2.382700 
2.382800 
2.383400 
2.383500 
2.384400 
2.384800 
2.384900 
2.384900 
2.385100 
2.385200 
2.385200 
2.385200 
2.385300 
2.385300 
2.386100 
2.386100 
2.386100 
2.386400 
2.387300 
2.388100 
2.388400 
2.388700 
2.390100 
2.390900 
2.391300 
2.391900 
2.392400 
2.392600 
2.392900 
2.393000 
2.393300 
2.394100 
2.394300 
2.394400 
2.394600 
2.394800 
2.394900 
2.397800 
2.398800 
2.399800 
2.400200 
2.400400 
2.400400 
2.400400 
2.400900 
2.401200 
2.401200 
2.401500 
2.402000 
2.402000 
2.402300 
2.402800 
2.403700 
2.404600 
2.404600 
2.404700 
2.405000 
2.405100 
2.405400 
2.405700 
2.405700 
2.406500 
2.406700 
2.408300 
2.408600 
2.409100 
2.409200 
2.409600 
2.409600 
2.410000 
2.411300 
2.412600 
2.413900 
2.414000 
2.414100 
2.414200 
2.414800 
2.414800 
2.414900 
2.414900 
2.415000 
2.415300 
2.415400 
2.415600 
2.416000 
2.416500 
2.417200 
2.417900 
2.417900 
2.418500 
2.418800 
2.419000 
2.419400 
2.419700 
2.419700 
2.419700 
2.419800 
2.420100 
2.421200 
2.421800 
2.422400 
2.422500 
2.423200 
2.423400 
2.423400 
2.425100 
2.425200 
2.425300 
2.427200 
2.427600 
2.428200 
2.428500 
2.429500 
2.429600 
2.430200 
2.430700 
2.430900 
2.431600 
2.431600 
2.431900 
2.432000 
2.432600 
2.432700 
2.433300 
2.434700 
2.435400 
2.436300 
2.436600 
2.437200 
2.437400 
2.437700 
2.438200 
2.438500 
2.438700 
2.438800 
2.438800 
2.438900 
2.439900 
2.440400 
2.440400 
2.441400 
2.441600 
2.441800 
2.441900 
2.442100 
2.442300 
2.442700 
2.442900 
2.442900 
2.443100 
2.443900 
2.444200 
2.444400 
2.444500 
2.444800 
2.445300 
2.445600 
2.446000 
2.446300 
2.446900 
2.447100 
2.447900 
2.448200 
2.448300 
2.448500 
2.449500 
2.449800 
2.451300 
2.451600 
2.451600 
2.451600 
2.451900 
2.452000 
2.452100 
2.453100 
2.453300 
2.454600 
2.455200 
2.456400 
2.457100 
2.457200 
2.457500 
2.457500 
2.457600 
2.457800 
2.458200 
2.459300 
2.459700 
2.460400 
2.461000 
2.461000 
2.462300 
2.462700 
2.462800 
2.464300 
2.464300 
2.464500 
2.464600 
2.465700 
2.465900 
2.466100 
2.466500 
2.466800 
2.466800 
2.466900 
2.466900 
2.467100 
2.467100 
2.467100 
2.467900 
2.468000 
2.468800 
2.468900 
2.469000 
2.469700 
2.469900 
2.470100 
2.470700 
2.471600 
2.471900 
2.472400 
2.473700 
2.473700 
2.474500 
2.475100 
2.476500 
2.476800 
2.476800 
2.477200 
2.478300 
2.478300 
2.478600 
2.478700 
2.478700 
2.478800 
2.479200 
2.479800 
2.479900 
2.480000 
2.480200 
2.480700 
2.481700 
2.482000 
2.482200 
2.483000 
2.483300 
2.483600 
2.484600 
2.484600 
2.485500 
2.485600 
2.485600 
2.486100 
2.486400 
2.486600 
2.486600 
2.486800 
2.487200 
2.489000 
2.489000 
2.489200 
2.489700 
2.490100 
2.490200 
2.490300 
2.490400 
2.491600 
2.492000 
2.492100 
2.492100 
2.492500 
2.492600 
2.493600 
2.493800 
2.493900 
2.494900 
2.495000 
2.495500 
2.495600 
2.495800 
2.496200 
2.496500 
2.496900 
2.496900 
2.497500 
2.497500 
2.497800 
2.498100 
2.498700 
2.499500 
2.499900 
2.500500 
2.500900 
2.501400 
2.501600 
2.502000 
2.502100 
2.502100 
2.502300 
2.502400 
2.502900 
2.503000 
2.503000 
2.503300 
2.503400 
2.503500 
2.504000 
2.504500 
2.504700 
2.505200 
2.505400 
2.505800 
2.506100 
2.506100 
2.506400 
2.506900 
2.507200 
2.507200 
2.507500 
2.508400 
2.509100 
2.509200 
2.509300 
2.510000 
2.510200 
2.510200 
2.510900 
2.511800 
2.511800 
2.513100 
2.513400 
2.513700 
2.513900 
2.515100 
2.515100 
2.515400 
2.517100 
2.517500 
2.518300 
2.518700 
2.518900 
2.519400 
2.520800 
2.521000 
2.521000 
2.521100 
2.521500 
2.521500 
2.521700 
2.521700 
2.522000 
2.522600 
2.523000 
2.523100 
2.523300 
2.523400 
2.523800 
2.523800 
2.524100 
2.524200 
2.524300 
2.525000 
2.525700 
2.526000 
2.527000 
2.527300 
2.527500 
2.527700 
2.527800 
2.527900 
2.528300 
2.528800 
2.530200 
2.530300 
2.531300 
2.531500 
2.532000 
2.532500 
2.533100 
2.533100 
2.536500 
2.536600 
2.537100 
2.537300 
2.537500 
2.538500 
2.538900 
2.539200 
2.539600 
2.539900 
2.540000 
2.540500 
2.540700 
2.540800 
2.541300 
2.542500 
2.542600 
2.542700 
2.542700 
2.543100 
2.543100 
2.543200 
2.543400 
2.544100 
2.544200 
2.544200 
2.544500 
2.544600 
2.544700 
2.545000 
2.545500 
2.545900 
2.546900 
2.547100 
2.547600 
2.548000 
2.548300 
2.548400 
2.548600 
2.549100 
2.550100 
2.551500 
2.552300 
2.552700 
2.553000 
2.553700 
2.554000 
2.554700 
2.555100 
2.555200 
2.555600 
2.555800 
2.557000 
2.558500 
2.558500 
2.558600 
2.558700 
2.558700 
2.559300 
2.559400 
2.559900 
2.560100 
2.560300 
2.560300 
2.560400 
2.560400 
2.561000 
2.561100 
2.562100 
2.562200 
2.563000 
2.563200 
2.564500 
2.564700 
2.564800 
2.564900 
2.566700 
2.567400 
2.567600 
2.567700 
2.568200 
2.568300 
2.568800 
2.569100 
2.569200 
2.570600 
2.570900 
2.570900 
2.571400 
2.571800 
2.572100 
2.572700 
2.572800 
2.573400 
2.573400 
2.574400 
2.575100 
2.575600 
2.576700 
2.577100 
2.577400 
2.577600 
2.578000 
2.578600 
2.579100 
2.579500 
2.579800 
2.580000 
2.580300 
2.580600 
2.580600 
2.580800 
2.581200 
2.581300 
2.581500 
2.581600 
2.583100 
2.583200 
2.583300 
2.583400 
2.583500 
2.584300 
2.584300 
2.584600 
2.584900 
2.586000 
2.586200 
2.586300 
2.586600 
2.587900 
2.588400 
2.588900 
2.589200 
2.589600 
2.590000 
2.590000 
2.590500 
2.591600 
2.592000 
2.593100 
2.593300 
2.593400 
2.594200 
2.594200 
2.594300 
2.594500 
2.594600 
2.594700 
2.594900 
2.594900 
2.595000 
2.596800 
2.597000 
2.597300 
2.597400 
2.597700 
2.598300 
2.598400 
2.598700 
2.598800 
2.599300 
2.599600 
2.599800 
2.599900 
2.600400 
2.601300 
2.601300 
2.602800 
2.603000 
2.603500 
2.603800 
2.604100 
2.605000 
2.605000 
2.605000 
2.605500 
2.606000 
2.606300 
2.606400 
2.606500 
2.606500 
2.606600 
2.606700 
2.607000 
2.608500 
2.608500 
2.608700 
2.609000 
2.609000 
2.609800 
2.610400 
2.610500 
2.610700 
2.610700 
2.610800 
2.612400 
2.612700 
2.613800 
2.614300 
2.614400 
2.615100 
2.616500 
2.617100 
2.617300 
2.617800 
2.618100 
2.618200 
2.618300 
2.618400 
2.618700 
2.618900 
2.618900 
2.619200 
2.620300 
2.620600 
2.621200 
2.621500 
2.621600 
2.622300 
2.622300 
2.622700 
2.623200 
2.623400 
2.623400 
2.623800 
2.623900 
2.624200 
2.624300 
2.624300 
2.624600 
2.625600 
2.626000 
2.626400 
2.626500 
2.626800 
2.626900 
2.627100 
2.627300 
2.627500 
2.628100 
2.628100 
2.628700 
2.629000 
2.629500 
2.629600 
2.630600 
2.632200 
2.633200 
2.634800 
2.635900 
2.636800 
2.636900 
2.637000 
2.637300 
2.637300 
2.638100 
2.638600 
2.639300 
2.639400 
2.639600 
2.640000 
2.640700 
2.641200 
2.641700 
2.642100 
2.643000 
2.643100 
2.643400 
2.644500 
2.644600 
2.644900 
2.645200 
2.645300 
2.645400 
2.645700 
2.646300 
2.646400 
2.646400 
2.646900 
2.648100 
2.648400 
2.649800 
2.649900 
2.650200 
2.650400 
2.650600 
2.650800 
2.651100 
2.651600 
2.651800 
2.651900 
2.652300 
2.653300 
2.654600 
2.654600 
2.654700 
2.655300 
2.655800 
2.656000 
2.656900 
2.657000 
2.657500 
2.658300 
2.658500 
2.658500 
2.658700 
2.658700 
2.658900 
2.659000 
2.659200 
2.659300 
2.659500 
2.660000 
2.662100 
2.662300 
2.662800 
2.663700 
2.663800 
2.664300 
2.664600 
2.665000 
2.665200 
2.665300 
2.666900 
2.666900 
2.667100 
2.667200 
2.667800 
2.667900 
2.668300 
2.668400 
2.669200 
2.670000 
2.670100 
2.670800 
2.671200 
2.671500 
2.671900 
2.671900 
2.672300 
2.672500 
2.672600 
2.672600 
2.672700 
2.672700 
2.672700 
2.673700 
2.675200 
2.675400 
2.675600 
2.675700 
2.676100 
2.676700 
2.676800 
2.676800 
2.677300 
2.678000 
2.678000 
2.678100 
2.681600 
2.681800 
2.682200 
2.683000 
2.683400 
2.683400 
2.683900 
2.684400 
2.684400 
2.684800 
2.685200 
2.685800 
2.686000 
2.686200 
2.686200 
2.686200 
2.687000 
2.688800 
2.689200 
2.689200 
2.689400 
2.689500 
2.689900 
2.690000 
2.690400 
2.690500 
2.690700 
2.691100 
2.691200 
2.691400 
2.692500 
2.693500 
2.693900 
2.694600 
2.694600 
2.694600 
2.694700 
2.694800 
2.694900 
2.695000 
2.695800 
2.695800 
2.696300 
2.696400 
2.696800 
2.697000 
2.697200 
2.697400 
2.697700 
2.699200 
2.699200 
2.699300 
2.700000 
2.700100 
2.701000 
2.701200 
2.701300 
2.702400 
2.703900 
2.703900 
2.704500 
2.705000 
2.705300 
2.705400 
2.705700 
2.706100 
2.707300 
2.709900 
2.710100 
2.710100 
2.710200 
2.710800 
2.711500 
2.711600 
2.711600 
2.712300 
2.712300 
2.713000 
2.713300 
2.713400 
2.713500 
2.713700 
2.713900 
2.714000 
2.714600 
2.715000 
2.715100 
2.715400 
2.715400 
2.716000 
2.716300 
2.716700 
2.717000 
2.717000 
2.717200 
2.717300 
2.718100 
2.718200 
2.718200 
2.718300 
2.718500 
2.718500 
2.718900 
2.719200 
2.719300 
2.719500 
2.720500 
2.721000 
2.721800 
2.721800 
2.722000 
2.723800 
2.724400 
2.724600 
2.725000 
2.725600 
2.726600 
2.727600 
2.728200 
2.728300 
2.728300 
2.728500 
2.728900 
2.728900 
2.729000 
2.729500 
2.729600 
2.729800 
2.730000 
2.730400 
2.730600 
2.731000 
2.731900 
2.732100 
2.732300 
2.732400 
2.732500 
2.734500 
2.735400 
2.736900 
2.737600 
2.738300 
2.738900 
2.739200 
2.739800 
2.740000 
2.740400 
2.740600 
2.741100 
2.741400 
2.741500 
2.742400 
2.742600 
2.742900 
2.743300 
2.743300 
2.743600 
2.743700 
2.744200 
2.745000 
2.745100 
2.746300 
2.746400 
2.746900 
2.747200 
2.747400 
2.747500 
2.747700 
2.747700 
2.748900 
2.748900 
2.749000 
2.749200 
2.750000 
2.750300 
2.752900 
2.753200 
2.753800 
2.753900 
2.754200 
2.754300 
2.754400 
2.754400 
2.754700 
2.755500 
2.755800 
2.757300 
2.757600 
2.760000 
2.760300 
2.760400 
2.760500 
2.761700 
2.761700 
2.761900 
2.762000 
2.762300 
2.763100 
2.763200 
2.763300 
2.763400 
2.763500 
2.763800 
2.764600 
2.765000 
2.765000 
2.765500 
2.766100 
2.766700 
2.767800 
2.767900 
2.767900 
2.768400 
2.768800 
2.768900 
2.769800 
2.770800 
2.771000 
2.771500 
2.771500 
2.771800 
2.772200 
2.772600 
2.773300 
2.773300 
2.773400 
2.773600 
2.773900 
2.774300 
2.774500 
2.774500 
2.775300 
2.776000 
2.776100 
2.776200 
2.776500 
2.776700 
2.777900 
2.778300 
2.778500 
2.779000 
2.779600 
2.780000 
2.780700 
2.781000 
2.781100 
2.781400 
2.781500 
2.781900 
2.782200 
2.784000 
2.784000 
2.784300 
2.784700 
2.784800 
2.785000 
2.785300 
2.786300 
2.787200 
2.787500 
2.787500 
2.788600 
2.789100 
2.790700 
2.791100 
2.791800 
2.793700 
2.793800 
2.793900 
2.793900 
2.794000 
2.794700 
2.795100 
2.795200 
2.795500 
2.795600 
2.795800 
2.795900 
2.796000 
2.796100 
2.796100 
2.796500 
2.796500 
2.796700 
2.797300 
2.797900 
2.798400 
2.798600 
2.799500 
2.799700 
2.800300 
2.800800 
2.800900 
2.801100 
2.801600 
2.802000 
2.803200 
2.803200 
2.803500 
2.803700 
2.803800 
2.804000 
2.804800 
2.804800 
2.804900 
2.805000 
2.805100 
2.805400 
2.805400 
2.806600 
2.807400 
2.807600 
2.807700 
2.807900 
2.808900 
2.809000 
2.809300 
2.809500 
2.809500 
2.809900 
2.810100 
2.811100 
2.811300 
2.811400 
2.811400 
2.811600 
2.812400 
2.812600 
2.813100 
2.813500 
2.813800 
2.813900 
2.814400 
2.814900 
2.815200 
2.815600 
2.815800 
2.816400 
2.816700 
2.817500 
2.818000 
2.818500 
2.819000 
2.819300 
2.819500 
2.819600 
2.820100 
2.820800 
2.821200 
2.821700 
2.822500 
2.823600 
2.824300 
2.824600 
2.824800 
2.825100 
2.825300 
2.826000 
2.826000 
2.826100 
2.826300 
2.826400 
2.826600 
2.827100 
2.828000 
2.829200 
2.830600 
2.830800 
2.831100 
2.831200 
2.831500 
2.831700 
2.832800 
2.833000 
2.833200 
2.833500 
2.833600 
2.834100 
2.834500 
2.834900 
2.835800 
2.836000 
2.836200 
2.836500 
2.836700 
2.837400 
2.838100 
2.838500 
2.838500 
2.838700 
2.838800 
2.839100 
2.839100 
2.839200 
2.839200 
2.839400 
2.840300 
2.840400 
2.841000 
2.841100 
2.844300 
2.844600 
2.845000 
2.845300 
2.845500 
2.846300 
2.846900 
2.847000 
2.847000 
2.847400 
2.847500 
2.848300 
2.848900 
2.850300 
2.851000 
2.851400 
2.851400 
2.851700 
2.852300 
2.852300 
2.852600 
2.852900 
2.853700 
2.854000 
2.854100 
2.854200 
2.854200 
2.854300 
2.854900 
2.855500 
2.855600 
2.856300 
2.856300 
2.856400 
2.856700 
2.857200 
2.857900 
2.858800 
2.858900 
2.859000 
2.859200 
2.859800 
2.859800 
2.860200 
2.860400 
2.861000 
2.861100 
2.862200 
2.862300 
2.862400 
2.863000 
2.863400 
2.863600 
2.864300 
2.864600 
2.865100 
2.865400 
2.865800 
2.866300 
2.866400 
2.866900 
2.867200 
2.867400 
2.867600 
2.868200 
2.868200 
2.868300 
2.869000 
2.869200 
2.869300 
2.869500 
2.869900 
2.871200 
2.871400 
2.871700 
2.871800 
2.872300 
2.872700 
2.873200 
2.874300 
2.875000 
2.875200 
2.877600 
2.877800 
2.878300 
2.878600 
2.878600 
2.878700 
2.879400 
2.879500 
2.879700 
2.879900 
2.880000 
2.880300 
2.881300 
2.882000 
2.882400 
2.882500 
2.884500 
2.884600 
2.885000 
2.885800 
2.886200 
2.886400 
2.886600 
2.887000 
2.887100 
2.887400 
2.887500 
2.887700 
2.887800 
2.888000 
2.888000 
2.888200 
2.888400 
2.888800 
2.890000 
2.890100 
2.890600 
2.891000 
2.891300 
2.891400 
2.891600 
2.892200 
2.892400 
2.892400 
2.893100 
2.893200 
2.893600 
2.893900 
2.894000 
2.894500 
2.896000 
2.897000 
2.897100 
2.898400 
2.899800 
2.900200 
2.900200 
2.901200 
2.901300 
2.901400 
2.901700 
2.902700 
2.903700 
2.904100 
2.904200 
2.904200 
2.904400 
2.904400 
2.904400 
2.904800 
2.904900 
2.905100 
2.905600 
2.905800 
2.906200 
2.906500 
2.906600 
2.906700 
2.907300 
2.909000 
2.909000 
2.910000 
2.910600 
2.910700 
2.911900 
2.911900 
2.912700 
2.912900 
2.913400 
2.913900 
2.913900 
2.914100 
2.916200 
2.916200 
2.916500 
2.916600 
2.916800 
2.918400 
2.919600 
2.919600 
2.920300 
2.920700 
2.920800 
2.921500 
2.922300 
2.922800 
2.923200 
2.923300 
2.923400 
2.923700 
2.924800 
2.924900 
2.925000 
2.925300 
2.925400 
2.925500 
2.926400 
2.926800 
2.927000 
2.927300 
2.927800 
2.927800 
2.928100 
2.928200 
2.928400 
2.928400 
2.928500 
2.929100 
2.930400 
2.931600 
2.932100 
2.932700 
2.932900 
2.933100 
2.933400 
2.933700 
2.933700 
2.933900 
2.933900 
2.933900 
2.934200 
2.934400 
2.934800 
2.934800 
2.935000 
2.935300 
2.935700 
2.935900 
2.936000 
2.936900 
2.937300 
2.937600 
2.938000 
2.938200 
2.938500 
2.939100 
2.939600 
2.939900 
2.940000 
2.940300 
2.940800 
2.942100 
2.942200 
2.942200 
2.944900 
2.945300 
2.945600 
2.945600 
2.946000 
2.947400 
2.947600 
2.947700 
2.947800 
2.947900 
2.948200 
2.948300 
2.948500 
2.948800 
2.949000 
2.949100 
2.949400 
2.949800 
2.950300 
2.950600 
2.951200 
2.951700 
2.952400 
2.952700 
2.952900 
2.953900 
2.954300 
2.954700 
2.954900 
2.955200 
2.956800 
2.957000 
2.958600 
2.959600 
2.960000 
2.960300 
2.960500 
2.960700 
2.961500 
2.962100 
2.962100 
2.962700 
2.963100 
2.963500 
2.963500 
2.963700 
2.963700 
2.964400 
2.964400 
2.965200 
2.965500 
2.965600 
2.965900 
2.966300 
2.967300 
2.967300 
2.968500 
2.969300 
2.969500 
2.969700 
2.970000 
2.970200 
2.970200 
2.970400 
2.971500 
2.971900 
2.972100 
2.972600 
2.972700 
2.973000 
2.973500 
2.973500 
2.974100 
2.975300 
2.976400 
2.976700 
2.976900 
2.977500 
2.977500 
2.977600 
2.977900 
2.978100 
2.978200 
2.978500 
2.978700 
2.979100 
2.979200 
2.979600 
2.980600 
2.981100 
2.981500 
2.982400 
2.982500 
2.982700 
2.982700 
2.983600 
2.985100 
2.985700 
2.985900 
2.986200 
2.986200 
2.986400 
2.986500 
2.986700 
2.986700 
2.986900 
2.986900 
2.987000 
2.987100 
2.987300 
2.988300 
2.988700 
2.989000 
2.989400 
2.991300 
2.991700 
2.991900 
2.992000 
2.993100 
2.993700 
2.994200 
2.995100 
2.995300 
2.995400 
2.995600 
2.996200 
2.996800 
2.996800 
2.997300 
2.997500 
2.997900 
2.998400 
2.998500 
2.998700 
2.998700 
2.999300 
2.999800 
