2 
1 
45 
0 
38 
37 
84 
3 
60 
1 
2 
49 
30 
39 
42 
0 
78 
3 
61 
59 
50 
1 
2 
12 
58 
0 
53 
74 
3 
24 
77 
63 
28 
2 
18 
1 
5 
49 
0 
56 
82 
3 
2 
29 
51 
11 
58 
15 
52 
72 
86 
4 
1 
93 
67 
64 
40 
2 
18 
3 
96 
0 
97 
35 
19 
75 
66 
93 
63 
1 
80 
2 
3 
46 
0 
69 
89 
24 
16 
64 
91 
95 
30 
1 
42 
40 
3 
4 
29 
13 
2 
96 
81 
36 
37 
0 
79 
8 
31 
11 
26 
73 
20 
93 
38 
84 
89 
1 
43 
86 
64 
3 
63 
16 
33 
19 
78 
76 
53 
2 
90 
50 
5 
39 
13 
1 
27 
58 
0 
30 
3 
57 
75 
25 
48 
28 
88 
97 
26 
20 
79 
2 
41 
29 
1 
33 
49 
11 
76 
18 
3 
26 
31 
36 
28 
82 
2 
39 
69 
66 
90 
0 
71 
59 
70 
94 
38 
1 
92 
15 
24 
88 
95 
50 
2 
3 
37 
5 
34 
42 
0 
64 
1 
78 
56 
30 
60 
75 
68 
2 
96 
3 
45 
1 
0 
11 
80 
65 
6 
82 
14 
9 
2 
37 
30 
21 
33 
3 
38 
76 
94 
1 
39 
55 
16 
18 
24 
75 
83 
57 
2 
92 
27 
20 
69 
66 
68 
90 
0 
3 
56 
95 
93 
26 
38 
36 
1 
42 
61 
75 
29 
24 
0 
2 
7 
15 
79 
65 
89 
50 
9 
87 
22 
41 
0 
31 
32 
33 
3 
46 
59 
1 
2 
28 
18 
85 
15 
38 
69 
75 
95 
78 
16 
0 
11 
67 
39 
2 
53 
1 
3 
93 
45 
5 
12 
46 
49 
38 
8 
23 
35 
91 
25 
20 
3 
52 
90 
2 
55 
0 
1 
4 
6 
24 
75 
15 
9 
45 
48 
2 
67 
5 
42 
3 
30 
27 
70 
8 
82 
0 
37 
77 
16 
10 
49 
68 
66 
71 
43 
1 
36 
3 
2 
16 
72 
56 
76 
40 
90 
0 
2 
1 
86 
44 
46 
55 
59 
49 
78 
36 
75 
2 
3 
0 
96 
93 
67 
92 
27 
90 
79 
39 
71 
38 
65 
56 
64 
68 
1 
80 
36 
0 
2 
3 
15 
30 
37 
53 
23 
94 
0 
54 
26 
1 
61 
77 
50 
82 
59 
24 
18 
2 
3 
1 
34 
78 
0 
33 
65 
69 
36 
5 
66 
67 
63 
49 
46 
75 
4 
7 
6 
12 
96 
35 
74 
68 
91 
13 
0 
2 
42 
1 
53 
60 
23 
45 
30 
25 
67 
0 
43 
40 
92 
15 
2 
52 
14 
49 
1 
90 
20 
71 
66 
38 
68 
7 
65 
8 
11 
94 
23 
27 
35 
26 
82 
0 
29 
2 
33 
4 
3 
34 
51 
52 
88 
40 
21 
55 
90 
91 
2 
43 
67 
1 
85 
45 
53 
73 
37 
75 
68 
36 
8 
38 
69 
3 
89 
64 
0 
2 
32 
60 
88 
80 
49 
70 
29 
26 
19 
23 
76 
36 
18 
3 
39 
2 
65 
66 
27 
0 
91 
37 
50 
38 
61 
33 
59 
72 
95 
1 
92 
29 
31 
22 
47 
86 
11 
64 
69 
0 
1 
80 
30 
42 
2 
96 
25 
87 
7 
3 
43 
49 
53 
94 
76 
9 
23 
28 
95 
2 
0 
61 
27 
1 
51 
70 
63 
60 
11 
78 
52 
36 
48 
87 
37 
38 
73 
69 
82 
2 
84 
90 
13 
65 
58 
0 
64 
4 
3 
21 
45 
15 
59 
75 
1 
2 
26 
18 
66 
12 
78 
51 
49 
88 
71 
33 
22 
46 
36 
53 
67 
3 
60 
83 
0 
27 
94 
7 
2 
6 
72 
29 
81 
70 
76 
19 
85 
8 
56 
64 
41 
3 
0 
1 
2 
23 
80 
15 
59 
49 
18 
75 
0 
3 
69 
66 
37 
97 
6 
1 
24 
47 
74 
40 
12 
89 
4 
46 
95 
27 
56 
64 
2 
66 
20 
83 
1 
0 
26 
76 
93 
29 
53 
90 
3 
94 
2 
19 
37 
39 
70 
33 
56 
68 
58 
60 
43 
71 
45 
1 
59 
55 
78 
4 
6 
64 
41 
0 
8 
27 
2 
34 
9 
25 
53 
3 
66 
56 
92 
1 
0 
67 
81 
12 
8 
49 
86 
2 
52 
96 
33 
24 
83 
68 
30 
37 
59 
56 
0 
1 
64 
45 
3 
81 
2 
50 
39 
53 
55 
78 
71 
87 
24 
93 
85 
0 
23 
12 
49 
38 
1 
2 
58 
34 
41 
56 
3 
73 
59 
36 
26 
1 
65 
0 
69 
53 
97 
24 
33 
35 
61 
71 
49 
2 
8 
3 
1 
64 
0 
43 
70 
41 
96 
5 
81 
39 
9 
26 
30 
68 
33 
82 
69 
76 
65 
1 
55 
0 
7 
38 
12 
13 
2 
59 
94 
31 
58 
97 
1 
45 
36 
0 
30 
77 
85 
18 
41 
65 
8 
70 
96 
24 
71 
93 
3 
2 
0 
39 
94 
76 
6 
90 
35 
64 
1 
38 
82 
52 
58 
49 
19 
2 
0 
75 
72 
36 
37 
93 
16 
23 
89 
30 
92 
85 
31 
68 
3 
7 
21 
29 
1 
0 
45 
50 
66 
33 
83 
35 
90 
53 
2 
3 
96 
49 
1 
31 
0 
22 
71 
19 
8 
23 
59 
3 
12 
25 
2 
11 
64 
50 
38 
95 
1 
41 
0 
39 
40 
36 
49 
83 
46 
45 
86 
88 
89 
3 
53 
33 
2 
60 
68 
93 
67 
0 
90 
37 
16 
30 
8 
19 
49 
2 
57 
3 
33 
86 
0 
5 
36 
31 
12 
65 
53 
63 
1 
77 
68 
26 
3 
2 
49 
80 
0 
66 
87 
75 
1 
37 
48 
57 
84 
0 
39 
3 
2 
30 
12 
47 
21 
1 
53 
24 
0 
49 
58 
65 
93 
31 
90 
87 
8 
25 
38 
2 
56 
86 
52 
1 
3 
36 
55 
33 
0 
83 
57 
64 
65 
85 
93 
35 
27 
2 
1 
30 
89 
43 
11 
80 
0 
96 
3 
24 
29 
33 
42 
95 
8 
58 
69 
61 
1 
39 
2 
64 
53 
40 
68 
76 
0 
70 
37 
36 
47 
43 
83 
77 
75 
3 
45 
17 
25 
2 
56 
6 
0 
88 
11 
23 
69 
30 
1 
97 
40 
41 
70 
2 
96 
39 
3 
50 
36 
16 
75 
33 
82 
1 
0 
35 
43 
80 
84 
55 
36 
26 
83 
24 
73 
3 
2 
30 
15 
67 
68 
94 
1 
63 
90 
69 
77 
3 
0 
37 
23 
11 
53 
38 
12 
92 
76 
1 
16 
2 
71 
89 
95 
82 
72 
65 
5 
6 
44 
39 
67 
0 
51 
97 
96 
2 
56 
84 
77 
66 
91 
41 
30 
3 
80 
36 
90 
1 
43 
0 
55 
2 
69 
75 
27 
76 
15 
3 
87 
48 
78 
85 
67 
1 
0 
96 
38 
97 
2 
47 
3 
31 
49 
0 
7 
94 
72 
12 
1 
53 
82 
59 
2 
83 
30 
20 
73 
3 
26 
42 
75 
90 
0 
27 
8 
11 
2 
56 
1 
36 
96 
35 
40 
69 
45 
0 
16 
23 
30 
38 
3 
65 
80 
76 
26 
1 
0 
71 
52 
34 
87 
49 
51 
31 
2 
90 
3 
94 
48 
35 
50 
1 
15 
40 
64 
69 
6 
37 
93 
29 
42 
83 
19 
13 
75 
96 
68 
71 
84 
0 
3 
2 
12 
4 
26 
1 
11 
67 
83 
48 
95 
69 
55 
74 
30 
60 
64 
1 
16 
77 
43 
31 
73 
54 
5 
96 
28 
18 
0 
2 
3 
19 
49 
65 
59 
38 
27 
7 
55 
78 
69 
1 
2 
41 
8 
21 
51 
20 
39 
0 
3 
93 
88 
29 
45 
79 
34 
26 
30 
94 
72 
55 
57 
58 
97 
3 
15 
19 
11 
16 
1 
68 
2 
59 
64 
8 
77 
25 
61 
30 
3 
75 
46 
81 
1 
2 
0 
53 
24 
27 
16 
37 
15 
3 
67 
87 
11 
69 
61 
78 
55 
40 
33 
2 
5 
0 
92 
90 
97 
81 
8 
1 
66 
17 
20 
3 
88 
64 
59 
38 
2 
23 
55 
87 
1 
71 
3 
29 
26 
54 
75 
27 
34 
36 
68 
81 
84 
1 
2 
65 
69 
51 
72 
8 
0 
4 
33 
63 
3 
92 
70 
50 
37 
76 
64 
60 
93 
74 
45 
2 
26 
36 
1 
69 
40 
68 
0 
23 
3 
71 
2 
76 
94 
67 
64 
1 
32 
53 
3 
55 
83 
2 
87 
0 
51 
49 
4 
40 
25 
50 
27 
60 
59 
15 
54 
45 
75 
80 
38 
81 
64 
2 
3 
29 
55 
20 
47 
93 
97 
1 
24 
23 
46 
30 
37 
33 
53 
52 
69 
56 
68 
89 
18 
0 
26 
2 
5 
3 
88 
90 
64 
27 
67 
71 
25 
0 
19 
11 
1 
62 
87 
12 
3 
2 
96 
23 
29 
39 
57 
28 
69 
70 
0 
53 
80 
77 
92 
37 
45 
3 
2 
30 
93 
5 
59 
60 
39 
40 
1 
86 
81 
68 
75 
14 
0 
63 
50 
47 
31 
2 
29 
67 
97 
4 
19 
26 
1 
8 
12 
57 
10 
49 
96 
42 
0 
72 
24 
83 
2 
75 
93 
3 
46 
94 
52 
27 
1 
53 
0 
37 
20 
6 
49 
79 
2 
34 
30 
71 
29 
44 
16 
64 
1 
3 
57 
11 
36 
91 
0 
2 
43 
67 
96 
37 
5 
77 
68 
94 
80 
82 
22 
31 
0 
75 
1 
8 
33 
6 
2 
58 
26 
51 
45 
40 
39 
19 
0 
66 
29 
32 
48 
2 
57 
1 
87 
89 
35 
11 
25 
95 
67 
41 
5 
84 
8 
43 
3 
0 
56 
36 
2 
16 
68 
52 
1 
12 
72 
59 
33 
7 
19 
11 
21 
64 
0 
78 
87 
47 
92 
3 
1 
5 
57 
2 
67 
27 
0 
10 
4 
83 
90 
3 
63 
61 
55 
84 
2 
40 
48 
96 
81 
23 
25 
92 
1 
0 
24 
16 
37 
12 
15 
36 
34 
68 
2 
42 
75 
53 
64 
23 
57 
33 
86 
1 
32 
12 
3 
90 
77 
59 
0 
2 
30 
1 
15 
72 
3 
7 
2 
24 
0 
27 
82 
39 
64 
33 
43 
37 
11 
49 
19 
67 
63 
74 
30 
5 
50 
72 
1 
35 
68 
93 
41 
8 
0 
2 
36 
3 
95 
1 
51 
63 
49 
20 
47 
96 
32 
97 
78 
45 
83 
0 
77 
19 
37 
80 
29 
41 
2 
26 
61 
23 
53 
3 
1 
93 
0 
8 
33 
14 
25 
90 
2 
1 
55 
64 
76 
0 
37 
89 
11 
60 
27 
5 
24 
97 
81 
21 
2 
87 
6 
64 
0 
3 
77 
40 
45 
53 
67 
1 
2 
83 
76 
96 
10 
95 
36 
47 
49 
3 
11 
97 
0 
2 
7 
30 
19 
20 
84 
92 
23 
25 
1 
64 
35 
21 
3 
37 
73 
93 
68 
41 
94 
79 
15 
39 
0 
4 
26 
2 
27 
50 
90 
24 
72 
71 
76 
96 
12 
43 
1 
86 
77 
57 
91 
18 
85 
21 
34 
54 
3 
0 
23 
10 
45 
47 
58 
2 
50 
25 
46 
1 
56 
43 
19 
87 
61 
5 
39 
27 
16 
52 
44 
33 
2 
3 
29 
25 
90 
60 
94 
77 
0 
1 
92 
30 
8 
68 
64 
70 
42 
2 
3 
53 
31 
88 
39 
0 
78 
97 
2 
44 
13 
25 
63 
1 
26 
28 
93 
23 
64 
95 
19 
0 
30 
84 
24 
72 
83 
51 
2 
1 
3 
63 
13 
41 
67 
57 
0 
39 
37 
77 
23 
82 
46 
68 
2 
6 
33 
3 
76 
31 
66 
8 
30 
0 
21 
1 
65 
53 
85 
24 
2 
12 
29 
83 
4 
55 
92 
36 
56 
0 
7 
64 
63 
6 
1 
78 
26 
45 
30 
23 
77 
2 
69 
19 
21 
71 
59 
5 
97 
86 
88 
68 
67 
90 
3 
81 
0 
8 
51 
47 
1 
7 
85 
11 
23 
65 
13 
58 
3 
37 
2 
87 
96 
29 
57 
0 
93 
88 
42 
76 
78 
53 
1 
2 
92 
62 
68 
41 
97 
36 
12 
61 
3 
73 
80 
43 
75 
0 
90 
42 
69 
37 
1 
64 
38 
95 
2 
5 
15 
46 
29 
35 
60 
53 
42 
67 
25 
93 
96 
0 
57 
49 
3 
21 
48 
88 
77 
26 
82 
1 
75 
16 
4 
8 
97 
23 
2 
30 
0 
87 
65 
83 
94 
12 
1 
39 
76 
50 
80 
54 
91 
68 
90 
46 
64 
15 
70 
67 
2 
45 
22 
88 
62 
25 
3 
69 
0 
1 
57 
29 
50 
14 
7 
31 
5 
81 
9 
20 
76 
2 
45 
53 
97 
70 
27 
74 
11 
30 
33 
1 
39 
93 
0 
51 
3 
92 
67 
77 
19 
2 
75 
52 
4 
24 
37 
90 
97 
85 
1 
0 
56 
49 
33 
3 
12 
55 
2 
16 
19 
59 
0 
38 
11 
63 
7 
3 
83 
10 
39 
45 
2 
84 
1 
35 
55 
90 
34 
57 
47 
76 
41 
68 
97 
29 
0 
69 
23 
43 
36 
72 
71 
3 
30 
1 
38 
2 
15 
50 
93 
20 
33 
67 
0 
4 
45 
75 
3 
55 
37 
57 
1 
23 
69 
2 
94 
78 
26 
0 
63 
92 
1 
2 
40 
53 
36 
8 
30 
58 
64 
38 
35 
0 
61 
7 
2 
39 
77 
5 
13 
71 
3 
27 
1 
67 
34 
43 
68 
79 
94 
69 
46 
48 
33 
92 
40 
2 
45 
22 
0 
6 
84 
3 
42 
1 
49 
62 
76 
37 
63 
80 
2 
15 
39 
64 
75 
1 
69 
0 
51 
3 
38 
37 
92 
96 
23 
11 
2 
33 
41 
36 
19 
68 
25 
1 
24 
18 
3 
77 
50 
0 
45 
52 
2 
23 
39 
78 
3 
69 
49 
75 
67 
35 
88 
1 
55 
24 
84 
15 
40 
8 
73 
3 
19 
78 
87 
97 
11 
81 
90 
51 
76 
0 
2 
37 
41 
33 
1 
25 
22 
56 
85 
26 
3 
45 
95 
77 
24 
2 
93 
76 
53 
1 
0 
30 
12 
37 
34 
92 
13 
36 
3 
71 
27 
60 
2 
69 
55 
56 
64 
85 
59 
67 
82 
0 
1 
15 
19 
76 
65 
22 
24 
73 
2 
77 
11 
3 
51 
1 
38 
0 
12 
83 
15 
36 
97 
93 
57 
48 
49 
3 
82 
30 
81 
2 
73 
68 
0 
56 
67 
77 
76 
94 
50 
11 
66 
93 
1 
2 
60 
25 
44 
75 
3 
12 
19 
78 
46 
34 
58 
45 
0 
26 
10 
21 
42 
2 
69 
1 
49 
3 
4 
39 
0 
71 
65 
75 
64 
76 
85 
29 
73 
59 
92 
61 
70 
33 
52 
1 
0 
3 
53 
7 
41 
72 
79 
2 
23 
80 
24 
3 
30 
69 
78 
1 
84 
36 
67 
47 
9 
2 
88 
0 
87 
90 
77 
73 
68 
29 
59 
50 
93 
83 
1 
55 
0 
49 
15 
58 
3 
30 
41 
2 
21 
69 
43 
16 
39 
40 
64 
8 
23 
38 
0 
1 
61 
71 
56 
18 
27 
48 
28 
2 
82 
83 
33 
73 
88 
93 
96 
1 
57 
3 
0 
55 
95 
24 
68 
69 
52 
71 
39 
50 
29 
27 
1 
60 
49 
9 
23 
81 
3 
2 
86 
65 
0 
18 
58 
43 
30 
16 
78 
3 
1 
29 
32 
26 
5 
53 
45 
2 
50 
33 
36 
0 
67 
51 
56 
30 
27 
72 
83 
24 
1 
4 
19 
76 
63 
2 
92 
35 
0 
57 
3 
58 
26 
82 
77 
70 
40 
23 
97 
2 
37 
49 
27 
1 
0 
87 
33 
69 
95 
53 
3 
9 
15 
94 
96 
38 
47 
56 
80 
2 
5 
12 
0 
27 
30 
57 
3 
1 
37 
92 
23 
28 
59 
69 
2 
51 
19 
96 
83 
33 
90 
39 
0 
73 
3 
68 
94 
49 
92 
79 
78 
60 
2 
80 
1 
0 
27 
28 
30 
3 
8 
37 
43 
65 
90 
66 
67 
35 
41 
24 
70 
93 
1 
15 
68 
2 
79 
91 
36 
30 
23 
3 
12 
45 
20 
56 
59 
0 
24 
19 
28 
29 
2 
1 
11 
90 
46 
65 
42 
47 
84 
71 
75 
15 
69 
40 
55 
41 
0 
57 
3 
63 
23 
8 
2 
39 
52 
85 
30 
94 
96 
70 
26 
0 
3 
2 
60 
88 
12 
58 
1 
62 
67 
11 
36 
24 
59 
77 
86 
90 
0 
1 
39 
55 
69 
2 
92 
19 
23 
3 
94 
78 
30 
73 
36 
68 
1 
51 
2 
83 
0 
11 
37 
35 
53 
64 
84 
70 
19 
45 
77 
31 
24 
95 
47 
4 
71 
3 
26 
1 
49 
2 
27 
8 
0 
36 
92 
67 
63 
61 
35 
38 
72 
1 
3 
83 
2 
56 
55 
0 
93 
42 
12 
1 
31 
69 
30 
45 
29 
2 
68 
70 
27 
11 
15 
40 
0 
71 
64 
1 
83 
3 
48 
8 
52 
56 
2 
50 
53 
26 
55 
0 
36 
3 
34 
84 
30 
92 
35 
1 
94 
2 
75 
63 
76 
15 
27 
41 
82 
0 
87 
65 
3 
70 
78 
62 
49 
69 
1 
67 
21 
2 
45 
23 
40 
30 
33 
64 
56 
77 
3 
0 
6 
2 
84 
73 
82 
96 
97 
71 
90 
3 
80 
1 
59 
7 
2 
58 
78 
24 
0 
76 
57 
33 
29 
48 
67 
31 
88 
30 
3 
66 
20 
2 
36 
12 
97 
22 
68 
92 
53 
47 
37 
49 
0 
9 
1 
3 
86 
69 
2 
28 
82 
24 
67 
15 
87 
76 
36 
51 
64 
1 
49 
75 
0 
2 
59 
41 
3 
40 
56 
54 
6 
4 
97 
64 
2 
52 
91 
27 
37 
15 
32 
36 
0 
89 
48 
24 
11 
67 
69 
90 
3 
8 
2 
53 
25 
80 
55 
58 
1 
33 
0 
92 
23 
68 
5 
76 
29 
61 
31 
44 
77 
2 
38 
39 
63 
0 
83 
33 
3 
65 
92 
1 
7 
97 
52 
59 
72 
85 
2 
94 
11 
45 
43 
22 
30 
64 
0 
49 
42 
37 
67 
88 
76 
1 
34 
68 
12 
19 
91 
8 
83 
33 
39 
3 
15 
90 
54 
40 
2 
26 
84 
37 
1 
53 
92 
30 
6 
38 
11 
64 
41 
0 
48 
82 
3 
70 
27 
56 
68 
12 
28 
2 
95 
0 
96 
45 
1 
30 
3 
51 
97 
8 
67 
15 
38 
36 
64 
69 
2 
94 
0 
5 
93 
1 
75 
58 
49 
59 
3 
82 
74 
68 
54 
0 
84 
55 
2 
1 
51 
4 
26 
83 
17 
27 
72 
45 
81 
0 
11 
30 
67 
5 
40 
33 
19 
76 
8 
96 
63 
71 
24 
88 
73 
38 
59 
2 
87 
1 
0 
90 
40 
3 
79 
56 
55 
33 
65 
53 
75 
31 
2 
0 
39 
67 
41 
82 
28 
37 
29 
68 
26 
36 
23 
6 
1 
63 
12 
2 
30 
17 
83 
54 
90 
26 
92 
34 
3 
41 
0 
7 
16 
20 
25 
39 
71 
64 
43 
69 
80 
95 
42 
45 
2 
37 
1 
3 
9 
77 
0 
30 
8 
68 
23 
29 
11 
2 
56 
82 
1 
87 
55 
89 
33 
65 
0 
15 
93 
64 
3 
37 
41 
36 
39 
63 
2 
1 
42 
45 
43 
84 
77 
0 
96 
81 
2 
26 
3 
53 
69 
30 
49 
39 
37 
17 
20 
1 
28 
33 
21 
47 
38 
76 
74 
23 
92 
0 
24 
5 
65 
2 
34 
25 
32 
90 
66 
1 
3 
45 
11 
43 
50 
84 
83 
53 
96 
26 
62 
88 
7 
2 
52 
4 
67 
44 
73 
65 
1 
0 
82 
16 
49 
3 
2 
14 
70 
57 
71 
84 
78 
33 
59 
63 
42 
90 
3 
68 
19 
91 
39 
97 
0 
58 
2 
30 
1 
86 
45 
38 
23 
41 
37 
43 
18 
36 
73 
54 
34 
52 
71 
0 
5 
67 
81 
40 
2 
17 
21 
82 
80 
68 
14 
1 
3 
33 
91 
29 
53 
0 
34 
2 
39 
88 
71 
18 
43 
22 
67 
66 
49 
9 
73 
77 
0 
68 
8 
55 
3 
11 
36 
85 
2 
83 
4 
63 
27 
1 
59 
51 
58 
0 
33 
65 
49 
56 
3 
2 
16 
8 
15 
61 
0 
75 
20 
34 
24 
53 
28 
91 
21 
1 
44 
23 
39 
27 
73 
83 
2 
3 
67 
0 
25 
80 
50 
64 
69 
40 
17 
29 
35 
92 
63 
86 
26 
1 
37 
53 
3 
93 
84 
0 
51 
59 
89 
75 
2 
97 
58 
15 
91 
71 
33 
49 
73 
3 
1 
42 
16 
90 
95 
30 
0 
8 
19 
82 
96 
2 
6 
85 
36 
21 
1 
74 
94 
37 
53 
59 
24 
35 
3 
65 
2 
84 
0 
68 
58 
55 
4 
1 
51 
93 
41 
92 
15 
42 
52 
43 
77 
20 
67 
27 
0 
3 
69 
23 
78 
2 
70 
1 
73 
48 
29 
46 
53 
8 
96 
91 
81 
62 
16 
30 
26 
0 
45 
3 
56 
2 
39 
96 
70 
1 
78 
89 
50 
93 
75 
33 
49 
95 
63 
61 
0 
2 
77 
24 
40 
80 
88 
5 
68 
1 
7 
3 
15 
33 
52 
59 
0 
53 
96 
64 
82 
1 
21 
65 
51 
3 
23 
2 
29 
39 
37 
20 
69 
57 
89 
42 
24 
43 
34 
82 
19 
5 
45 
79 
91 
26 
33 
10 
2 
16 
49 
85 
57 
3 
67 
12 
78 
94 
0 
1 
75 
77 
11 
46 
25 
2 
31 
4 
79 
42 
32 
47 
40 
33 
39 
89 
65 
3 
76 
45 
1 
15 
53 
96 
2 
0 
56 
58 
41 
43 
36 
92 
35 
89 
27 
34 
55 
3 
66 
94 
0 
85 
46 
51 
12 
1 
67 
26 
11 
80 
5 
37 
38 
0 
65 
2 
4 
60 
29 
24 
39 
68 
70 
33 
28 
8 
40 
36 
50 
2 
88 
96 
64 
61 
91 
76 
3 
1 
47 
82 
8 
19 
25 
45 
27 
38 
55 
50 
67 
66 
2 
23 
0 
69 
81 
3 
63 
85 
65 
30 
7 
15 
21 
1 
97 
2 
51 
11 
46 
70 
52 
93 
72 
76 
26 
95 
59 
19 
1 
0 
8 
3 
29 
2 
12 
50 
6 
7 
91 
68 
49 
55 
67 
13 
0 
79 
46 
63 
30 
69 
96 
3 
1 
80 
78 
73 
59 
2 
26 
64 
0 
37 
57 
19 
9 
71 
3 
1 
73 
30 
56 
95 
23 
2 
66 
11 
61 
0 
62 
97 
1 
2 
39 
53 
68 
3 
27 
25 
0 
29 
21 
76 
2 
11 
37 
36 
90 
85 
64 
42 
31 
1 
58 
40 
53 
2 
49 
0 
12 
89 
84 
70 
42 
72 
48 
95 
38 
1 
36 
76 
78 
23 
2 
3 
77 
33 
55 
73 
0 
15 
83 
67 
29 
49 
2 
8 
36 
1 
96 
31 
35 
37 
86 
87 
75 
92 
3 
95 
45 
68 
39 
0 
27 
23 
1 
69 
83 
73 
2 
72 
65 
25 
29 
33 
49 
80 
70 
84 
24 
10 
96 
8 
97 
1 
3 
2 
93 
37 
85 
76 
61 
0 
65 
81 
82 
66 
27 
67 
40 
36 
30 
57 
15 
12 
1 
11 
90 
78 
97 
71 
48 
92 
69 
52 
2 
23 
93 
55 
1 
76 
0 
49 
53 
24 
36 
25 
38 
66 
2 
64 
82 
46 
96 
70 
29 
41 
0 
67 
39 
68 
83 
11 
52 
3 
90 
14 
2 
1 
19 
69 
6 
76 
26 
49 
0 
59 
71 
2 
40 
54 
12 
15 
30 
31 
87 
3 
64 
16 
8 
1 
63 
96 
14 
47 
70 
48 
56 
3 
0 
2 
54 
24 
43 
26 
6 
45 
78 
83 
36 
11 
18 
71 
42 
57 
93 
94 
66 
39 
49 
46 
0 
73 
51 
1 
3 
59 
2 
89 
32 
64 
33 
26 
8 
16 
56 
24 
7 
96 
21 
39 
63 
0 
2 
5 
3 
37 
1 
34 
10 
60 
29 
19 
76 
77 
83 
88 
3 
81 
56 
92 
53 
69 
11 
1 
93 
0 
37 
2 
30 
41 
59 
89 
64 
0 
74 
8 
2 
38 
1 
65 
86 
40 
3 
24 
57 
49 
26 
96 
22 
31 
97 
2 
59 
12 
0 
25 
42 
64 
1 
34 
77 
81 
45 
39 
36 
2 
87 
53 
79 
3 
37 
11 
60 
56 
0 
27 
18 
93 
54 
1 
76 
35 
92 
8 
2 
70 
89 
16 
30 
19 
39 
73 
3 
14 
49 
25 
0 
31 
77 
78 
97 
1 
22 
15 
44 
80 
87 
90 
56 
21 
68 
4 
2 
0 
57 
50 
7 
65 
93 
36 
52 
5 
59 
25 
1 
26 
43 
76 
19 
3 
58 
77 
37 
2 
0 
95 
38 
46 
39 
23 
97 
68 
8 
1 
2 
49 
25 
27 
12 
96 
0 
30 
65 
64 
79 
2 
76 
83 
86 
87 
3 
53 
85 
73 
4 
1 
13 
47 
77 
67 
0 
23 
78 
56 
2 
36 
27 
3 
34 
0 
1 
41 
90 
75 
95 
53 
96 
84 
76 
38 
2 
29 
5 
40 
58 
0 
63 
1 
3 
23 
2 
37 
27 
38 
11 
83 
94 
6 
24 
12 
0 
43 
25 
39 
18 
26 
46 
45 
47 
2 
30 
49 
15 
1 
70 
34 
89 
41 
0 
3 
64 
93 
81 
85 
37 
7 
8 
30 
86 
2 
1 
68 
27 
39 
76 
63 
0 
67 
23 
34 
72 
60 
93 
3 
17 
2 
25 
0 
18 
83 
92 
1 
21 
64 
90 
3 
2 
4 
22 
96 
65 
0 
89 
55 
5 
7 
71 
1 
36 
68 
26 
75 
35 
83 
76 
15 
42 
78 
2 
0 
8 
94 
34 
53 
19 
27 
77 
91 
23 
1 
82 
45 
49 
16 
93 
63 
67 
44 
3 
64 
0 
2 
5 
30 
84 
90 
55 
61 
33 
1 
96 
46 
37 
97 
36 
3 
41 
8 
16 
87 
67 
57 
69 
19 
2 
29 
82 
5 
1 
78 
0 
22 
3 
65 
9 
96 
37 
89 
35 
12 
80 
2 
33 
97 
45 
1 
0 
27 
53 
42 
48 
47 
92 
26 
2 
68 
89 
88 
93 
20 
1 
0 
76 
34 
23 
2 
15 
25 
66 
4 
21 
79 
62 
77 
49 
28 
95 
0 
61 
13 
90 
92 
71 
2 
20 
35 
56 
64 
88 
82 
80 
1 
59 
11 
57 
93 
40 
84 
89 
68 
73 
37 
67 
3 
96 
66 
39 
86 
36 
2 
31 
15 
41 
90 
63 
0 
3 
94 
32 
1 
12 
82 
75 
37 
17 
21 
64 
48 
29 
67 
92 
2 
15 
65 
11 
45 
91 
3 
38 
6 
97 
0 
1 
26 
28 
62 
53 
87 
85 
2 
30 
88 
75 
76 
71 
3 
0 
1 
91 
13 
67 
70 
31 
53 
2 
64 
49 
23 
3 
4 
69 
41 
0 
59 
96 
74 
1 
33 
57 
18 
2 
60 
67 
