28 
12 
32 
2 
51 
23 
18 
25 
21 
17 
3 
24 
49 
0 
1 
51 
39 
19 
10 
29 
51 
3 
29 
37 
41 
40 
4 
21 
44 
24 
11 
23 
37 
2 
33 
10 
44 
21 
24 
32 
29 
12 
10 
5 
2 
1 
11 
24 
29 
37 
30 
9 
10 
3 
14 
29 
44 
1 
21 
19 
12 
8 
3 
22 
25 
43 
32 
40 
24 
52 
29 
21 
24 
27 
17 
35 
30 
14 
44 
6 
3 
24 
7 
35 
38 
25 
10 
29 
23 
49 
14 
16 
26 
15 
2 
1 
30 
10 
23 
48 
4 
24 
12 
41 
51 
29 
4 
24 
2 
39 
20 
28 
29 
37 
1 
19 
11 
10 
4 
46 
22 
30 
49 
2 
29 
24 
11 
39 
8 
29 
1 
33 
37 
46 
18 
39 
29 
23 
49 
4 
47 
40 
1 
30 
29 
23 
4 
32 
2 
24 
50 
19 
30 
34 
4 
1 
29 
40 
49 
32 
24 
47 
2 
15 
29 
21 
33 
51 
41 
11 
34 
22 
12 
51 
43 
38 
29 
36 
16 
4 
1 
33 
29 
37 
4 
51 
33 
11 
38 
2 
1 
29 
26 
36 
24 
33 
23 
5 
2 
24 
43 
32 
33 
44 
37 
3 
29 
15 
41 
26 
32 
36 
8 
29 
17 
1 
29 
23 
8 
3 
28 
21 
48 
29 
37 
11 
47 
40 
7 
15 
6 
24 
2 
39 
51 
49 
32 
43 
19 
28 
25 
2 
36 
12 
21 
23 
18 
32 
19 
40 
24 
29 
37 
24 
4 
22 
8 
29 
40 
49 
32 
5 
3 
29 
37 
32 
40 
22 
51 
34 
13 
31 
28 
2 
15 
43 
12 
35 
33 
20 
10 
11 
1 
48 
39 
29 
16 
21 
41 
44 
1 
4 
24 
32 
50 
29 
7 
39 
48 
28 
29 
30 
48 
24 
12 
10 
21 
39 
24 
37 
30 
43 
29 
40 
19 
11 
31 
12 
14 
8 
52 
40 
29 
34 
30 
3 
31 
48 
40 
44 
30 
24 
12 
19 
51 
15 
41 
32 
30 
2 
11 
48 
8 
30 
10 
32 
52 
49 
19 
26 
2 
40 
4 
14 
46 
24 
8 
20 
16 
11 
23 
26 
9 
41 
29 
19 
2 
40 
43 
29 
21 
23 
18 
12 
37 
40 
30 
2 
24 
22 
