2 
9 
14 
16 
12 
11 
5 
17 
15 
9 
6 
16 
14 
6 
14 
2 
10 
15 
16 
6 
14 
2 
14 
10 
6 
8 
12 
16 
10 
2 
17 
15 
2 
5 
6 
12 
10 
9 
14 
12 
16 
14 
16 
10 
6 
2 
4 
10 
6 
8 
14 
8 
6 
17 
16 
11 
14 
3 
8 
18 
6 
16 
14 
9 
4 
16 
10 
18 
14 
16 
3 
10 
2 
12 
8 
6 
1 
3 
7 
11 
14 
6 
10 
16 
14 
1 
2 
0 
12 
8 
16 
12 
14 
7 
14 
12 
16 
15 
6 
14 
14 
12 
8 
14 
10 
6 
12 
16 
18 
12 
14 
2 
16 
12 
10 
17 
2 
5 
14 
12 
8 
12 
16 
17 
0 
14 
2 
12 
4 
13 
6 
16 
8 
2 
9 
14 
6 
12 
18 
14 
6 
12 
1 
8 
10 
2 
12 
16 
6 
9 
2 
12 
4 
14 
16 
8 
9 
12 
16 
6 
14 
15 
12 
8 
2 
14 
12 
10 
18 
16 
10 
5 
16 
2 
12 
14 
2 
9 
12 
18 
14 
12 
6 
9 
18 
13 
6 
14 
12 
10 
14 
6 
2 
12 
10 
8 
12 
14 
0 
6 
2 
4 
14 
12 
6 
14 
8 
4 
16 
6 
10 
17 
12 
16 
14 
0 
6 
12 
8 
3 
11 
0 
17 
16 
10 
12 
14 
8 
10 
9 
5 
16 
12 
14 
6 
8 
12 
2 
14 
16 
8 
12 
9 
4 
16 
2 
0 
12 
4 
14 
5 
12 
10 
14 
8 
6 
16 
11 
16 
12 
10 
0 
2 
7 
12 
1 
6 
17 
16 
8 
14 
18 
6 
1 
12 
9 
14 
8 
16 
10 
12 
2 
14 
16 
14 
12 
6 
8 
16 
14 
3 
12 
10 
18 
8 
14 
12 
14 
10 
12 
16 
18 
11 
16 
2 
14 
6 
15 
2 
6 
14 
15 
12 
8 
14 
6 
10 
14 
8 
12 
9 
10 
6 
16 
13 
12 
2 
15 
3 
14 
6 
12 
16 
10 
16 
14 
7 
8 
12 
0 
14 
10 
2 
13 
6 
12 
16 
10 
5 
16 
10 
12 
14 
3 
9 
8 
12 
7 
6 
12 
2 
9 
14 
10 
7 
3 
8 
1 
12 
14 
9 
16 
10 
12 
8 
14 
8 
12 
14 
11 
18 
2 
14 
8 
12 
17 
2 
1 
3 
16 
6 
0 
5 
10 
12 
2 
9 
14 
8 
6 
16 
15 
7 
14 
2 
12 
13 
9 
12 
16 
14 
10 
8 
14 
3 
6 
8 
12 
17 
4 
11 
6 
8 
12 
14 
2 
16 
14 
2 
9 
0 
4 
6 
14 
2 
18 
12 
8 
10 
16 
2 
14 
3 
2 
8 
15 
10 
12 
16 
13 
6 
1 
2 
14 
