0.013200 
0.022000 
0.025000 
0.027900 
0.029200 
0.030300 
0.031400 
0.032600 
0.032600 
0.033600 
0.034100 
0.034900 
0.034900 
0.035900 
0.036000 
0.037100 
0.038000 
0.040400 
0.040500 
0.040600 
0.042700 
0.043600 
0.046700 
0.047200 
0.049700 
0.051000 
0.052300 
0.052400 
0.052900 
0.053300 
0.054000 
0.054300 
0.054500 
0.055800 
0.057000 
0.057200 
0.059500 
0.059800 
0.060000 
0.060700 
0.061000 
0.061400 
0.062100 
0.065300 
0.070000 
0.070100 
0.070400 
0.071600 
0.072200 
0.072700 
0.074000 
0.075000 
0.075300 
0.075600 
0.075700 
0.076400 
0.078100 
0.080600 
0.081700 
0.082100 
0.082300 
0.082700 
0.083200 
0.084000 
0.084200 
0.084700 
0.086500 
0.087200 
0.087600 
0.088500 
0.090800 
0.090900 
0.094400 
0.094400 
0.094600 
0.094800 
0.095000 
0.096500 
0.096700 
0.097100 
0.097700 
0.098000 
0.098100 
0.098100 
0.098200 
0.098300 
0.099400 
0.102100 
0.105000 
0.105600 
0.105700 
0.106500 
0.107500 
0.109300 
0.109600 
0.111600 
0.112400 
0.112600 
0.112800 
0.113000 
0.113400 
0.116300 
0.116900 
0.117100 
0.117400 
0.119000 
0.119300 
0.119500 
0.119600 
0.119700 
0.122200 
0.123200 
0.123400 
0.123800 
0.124100 
0.124300 
0.124600 
0.124800 
0.126100 
0.126900 
0.127100 
0.128400 
0.128800 
0.129500 
0.129900 
0.130100 
0.130100 
0.131400 
0.134400 
0.134500 
0.135400 
0.136100 
0.136200 
0.136600 
0.137100 
0.137200 
0.137800 
0.138100 
0.138100 
0.138300 
0.138300 
0.138700 
0.138700 
0.139000 
0.140400 
0.141800 
0.142100 
0.142300 
0.144000 
0.146300 
0.146500 
0.146800 
0.148000 
0.149000 
0.149700 
0.150000 
0.150100 
0.150700 
0.151400 
0.152000 
0.153100 
0.153500 
0.153900 
0.154600 
0.156100 
0.156200 
0.156400 
0.156800 
0.157500 
0.157800 
0.158400 
0.159200 
0.159300 
0.160700 
0.160800 
0.161200 
0.161800 
0.163300 
0.163700 
0.163900 
0.164900 
0.165400 
0.166700 
0.168700 
0.169000 
0.169100 
0.169700 
0.172000 
0.172600 
0.174900 
0.175600 
0.176100 
0.176300 
0.176500 
0.176700 
0.177100 
0.177200 
0.179100 
0.179500 
0.179900 
0.180500 
0.180800 
0.181700 
0.182200 
0.182300 
0.182600 
0.183500 
0.183900 
0.184200 
0.184300 
0.185300 
0.186400 
0.188700 
0.189200 
0.189900 
0.190600 
0.191200 
0.191400 
0.191400 
0.193400 
0.194300 
0.195400 
0.196100 
0.196300 
0.197500 
0.200900 
0.201500 
0.201600 
0.201600 
0.201700 
0.202000 
0.202100 
0.202400 
0.202800 
0.203200 
0.203300 
0.204300 
0.206100 
0.206400 
0.207100 
0.207400 
0.210000 
0.210400 
0.210900 
0.211200 
0.212900 
0.212900 
0.212900 
0.213000 
0.213300 
0.214200 
0.214400 
0.214900 
0.215100 
0.215200 
0.215200 
0.215300 
0.217200 
0.218500 
0.219300 
0.220200 
0.220600 
0.221400 
0.222000 
0.222500 
0.224200 
0.225900 
0.226700 
0.228200 
0.229200 
0.229400 
0.229900 
0.230600 
0.232100 
0.232300 
0.233900 
0.234300 
0.234300 
0.236400 
0.236600 
0.237500 
0.238200 
0.238700 
0.238700 
0.238800 
0.239400 
0.240100 
0.240100 
0.241000 
0.241900 
0.242000 
0.242100 
0.242300 
0.242400 
0.242500 
0.242800 
0.243200 
0.244300 
0.244400 
0.244900 
0.244900 
0.245600 
0.246500 
0.247100 
0.247100 
0.248000 
0.248700 
0.254800 
0.255100 
0.255800 
0.257400 
0.258300 
0.259000 
0.259500 
0.259500 
0.259900 
0.260000 
0.260800 
0.261100 
0.261100 
0.261600 
0.263500 
0.263500 
0.263700 
0.264400 
0.266900 
0.267500 
0.268400 
0.269200 
0.270300 
0.270500 
0.271000 
0.271100 
0.272300 
0.272300 
0.273600 
0.273600 
0.273700 
0.274300 
0.275000 
0.275100 
0.276000 
0.278000 
0.278800 
0.279000 
0.280300 
0.280600 
0.280600 
0.280900 
0.281100 
0.281400 
0.281500 
0.281600 
0.281800 
0.282500 
0.283800 
0.285400 
0.285400 
0.285700 
0.285800 
0.285900 
0.286500 
0.287400 
0.287600 
0.290400 
0.290400 
0.292600 
0.292900 
0.293200 
0.295100 
0.295100 
0.295500 
0.295900 
0.296100 
0.296200 
0.296800 
0.298200 
0.298700 
0.299500 
0.299800 
0.300000 
0.301400 
0.302000 
0.302900 
0.303700 
0.303800 
0.304000 
0.304300 
0.304500 
0.304600 
0.305700 
0.306000 
0.307900 
0.308600 
0.309000 
0.309900 
0.310200 
0.310800 
0.311500 
0.311500 
0.311900 
0.312200 
0.312700 
0.313000 
0.313400 
0.313700 
0.313900 
0.313900 
0.314300 
0.315800 
0.316800 
0.316800 
0.317200 
0.320000 
0.320500 
0.321600 
0.322700 
0.324300 
0.324800 
0.325900 
0.326000 
0.326500 
0.327600 
0.327700 
0.328200 
0.328500 
0.328700 
0.328800 
0.329100 
0.329800 
0.330300 
0.330500 
0.331200 
0.331500 
0.332100 
0.332400 
0.332500 
0.332700 
0.332900 
0.333500 
0.334200 
0.335300 
0.336000 
0.336600 
0.336700 
0.337300 
0.338000 
0.338300 
0.339200 
0.340100 
0.340800 
0.341600 
0.342600 
0.342700 
0.343100 
0.343400 
0.343400 
0.343600 
0.344100 
0.344700 
0.345300 
0.345700 
0.346400 
0.346600 
0.347200 
0.347800 
0.348000 
0.348000 
0.349000 
0.349600 
0.350000 
0.350200 
0.351800 
0.352400 
0.354300 
0.354300 
0.354300 
0.354500 
0.355300 
0.356400 
0.357400 
0.358100 
0.358200 
0.358500 
0.359200 
0.359900 
0.360600 
0.361200 
0.362000 
0.362000 
0.362800 
0.363400 
0.363400 
0.363400 
0.363500 
0.363900 
0.364200 
0.364800 
0.365100 
0.365900 
0.365900 
0.366000 
0.368500 
0.369400 
0.369400 
0.370200 
0.370600 
0.370800 
0.371000 
0.371400 
0.373600 
0.373700 
0.374500 
0.375700 
0.377100 
0.378400 
0.379000 
0.379200 
0.381800 
0.382800 
0.383800 
0.384100 
0.384400 
0.384800 
0.386000 
0.386500 
0.387000 
0.387000 
0.387700 
0.388400 
0.390000 
0.390700 
0.392200 
0.392700 
0.393500 
0.393600 
0.393800 
0.393900 
0.394300 
0.394300 
0.395200 
0.396000 
0.396400 
0.397100 
0.397100 
0.397400 
0.398300 
0.400700 
0.401900 
0.402000 
0.402700 
0.402900 
0.403400 
0.403900 
0.405300 
0.405300 
0.405500 
0.408600 
0.409100 
0.409300 
0.409800 
0.410400 
0.410900 
0.411600 
0.411900 
0.412400 
0.414200 
0.415300 
0.415500 
0.415800 
0.415900 
0.416200 
0.416600 
0.416600 
0.417500 
0.418300 
0.418500 
0.418800 
0.419500 
0.419600 
0.419800 
0.420200 
0.422000 
0.423200 
0.423500 
0.423600 
0.423700 
0.423900 
0.424300 
0.425300 
0.426400 
0.427800 
0.429100 
0.429500 
0.429500 
0.429600 
0.429600 
0.431200 
0.432100 
0.432600 
0.432700 
0.433100 
0.433100 
0.435000 
0.435500 
0.435600 
0.435600 
0.435900 
0.436500 
0.437200 
0.437300 
0.437600 
0.437900 
0.438200 
0.438200 
0.438500 
0.438800 
0.439100 
0.439200 
0.441000 
0.442900 
0.443900 
0.444300 
0.444600 
0.445100 
0.446300 
0.446400 
0.448300 
0.449500 
0.450700 
0.451800 
0.452200 
0.453200 
0.453600 
0.454800 
0.456000 
0.456900 
0.457200 
0.458900 
0.460000 
0.460000 
0.460400 
0.460600 
0.462000 
0.462400 
0.462900 
0.463500 
0.463800 
0.464500 
0.464900 
0.465000 
0.465500 
0.465600 
0.466500 
0.467200 
0.468000 
0.469000 
0.469200 
0.469200 
0.469800 
0.470000 
0.470000 
0.470200 
0.470600 
0.472200 
0.472400 
0.472400 
0.472500 
0.476300 
0.477200 
0.478400 
0.478800 
0.480400 
0.480600 
0.481100 
0.481800 
0.483100 
0.484100 
0.484100 
0.484500 
0.485000 
0.486200 
0.486500 
0.486900 
0.487500 
0.488400 
0.489100 
0.489800 
0.490700 
0.492200 
0.492600 
0.492800 
0.493800 
0.493900 
0.494900 
0.494900 
0.495500 
0.495900 
0.495900 
0.496800 
0.497100 
0.497600 
0.498000 
0.498300 
0.498600 
0.499700 
0.501000 
0.502200 
0.502600 
0.502800 
0.502900 
0.503100 
0.504300 
0.504400 
0.504800 
0.505100 
0.505200 
0.505300 
0.505700 
0.506300 
0.506400 
0.510300 
0.510500 
0.510700 
0.511500 
0.514100 
0.515800 
0.516400 
0.517600 
0.517700 
0.518200 
0.518300 
0.518700 
0.519300 
0.519500 
0.519800 
0.520000 
0.520400 
0.520800 
0.521500 
0.521900 
0.523300 
0.524100 
0.524900 
0.525900 
0.527100 
0.528700 
0.528800 
0.529500 
0.529800 
0.530000 
0.531000 
0.531100 
0.532000 
0.532300 
0.532600 
0.534400 
0.534700 
0.534700 
0.534700 
0.536200 
0.536300 
0.538500 
0.540200 
0.540700 
0.542200 
0.542300 
0.542700 
0.543000 
0.543500 
0.543800 
0.544100 
0.544200 
0.544700 
0.544900 
0.545600 
0.545900 
0.546000 
0.547700 
0.547800 
0.548200 
0.548300 
0.548800 
0.550200 
0.550400 
0.550500 
0.550700 
0.551000 
0.551000 
0.551400 
0.553100 
0.553100 
0.554200 
0.554300 
0.554600 
0.555200 
0.555200 
0.556200 
0.556600 
0.556800 
0.557600 
0.560100 
0.562200 
0.562800 
0.563200 
0.563400 
0.563600 
0.563700 
0.564200 
0.564500 
0.565200 
0.565500 
0.565800 
0.567400 
0.568300 
0.569000 
0.569500 
0.570400 
0.570500 
0.570900 
0.571100 
0.572400 
0.572700 
0.573000 
0.573400 
0.573500 
0.574700 
0.574800 
0.575100 
0.575300 
0.576300 
0.577100 
0.577600 
0.578500 
0.579400 
0.580900 
0.581100 
0.582600 
0.582800 
0.585100 
0.585300 
0.585600 
0.586300 
0.586400 
0.586600 
0.587100 
0.587300 
0.588000 
0.588400 
0.589200 
0.589200 
0.589300 
0.590100 
0.592000 
0.592100 
0.594800 
0.595100 
0.597300 
0.597800 
0.598800 
0.599100 
0.599200 
0.599300 
0.600600 
0.600700 
0.601000 
0.601000 
0.602200 
0.602200 
0.602400 
0.603200 
0.604500 
0.605800 
0.605800 
0.607500 
0.607700 
0.608700 
0.608800 
0.608800 
0.608900 
0.609100 
0.609600 
0.610300 
0.610400 
0.611200 
0.612100 
0.612700 
0.614100 
0.614500 
0.616200 
0.616400 
0.616600 
0.617600 
0.618000 
0.618200 
0.618800 
0.619400 
0.619800 
0.619900 
0.620200 
0.620700 
0.621800 
0.622300 
0.622400 
0.623500 
0.624000 
0.624300 
0.624400 
0.624400 
0.624900 
0.625000 
0.625600 
0.626700 
0.626900 
0.627500 
0.627600 
0.628000 
0.628100 
0.628600 
0.629100 
0.629300 
0.629600 
0.630100 
0.632500 
0.632500 
0.634300 
0.635100 
0.635200 
0.636400 
0.636400 
0.636500 
0.636800 
0.636900 
0.637600 
0.638200 
0.639000 
0.639700 
0.639800 
0.641000 
0.641400 
0.642300 
0.642700 
0.642900 
0.644800 
0.646400 
0.649300 
0.649500 
0.650700 
0.651500 
0.652700 
0.653300 
0.653300 
0.653600 
0.654000 
0.654400 
0.654600 
0.654600 
0.655600 
0.655700 
0.655700 
0.656000 
0.656300 
0.656300 
0.657300 
0.657800 
0.659100 
0.659200 
0.659700 
0.660000 
0.660500 
0.661200 
0.662000 
0.662000 
0.664000 
0.664600 
0.665300 
0.665400 
0.666700 
0.666700 
0.667300 
0.668600 
0.669200 
0.670000 
0.670100 
0.670400 
0.672900 
0.673000 
0.673500 
0.674000 
0.674800 
0.674900 
0.675200 
0.675300 
0.675500 
0.676000 
0.676600 
0.676800 
0.677300 
0.677800 
0.679700 
0.681100 
0.683200 
0.684700 
0.684800 
0.684900 
0.685100 
0.685400 
0.686200 
0.686600 
0.686800 
0.686900 
0.686900 
0.687100 
0.687600 
0.687900 
0.688600 
0.689500 
0.690100 
0.690900 
0.691000 
0.692000 
0.692400 
0.692400 
0.694600 
0.695300 
0.696100 
0.696700 
0.697000 
0.697500 
0.697900 
0.698200 
0.699700 
0.700700 
0.701700 
0.701700 
0.701700 
0.702600 
0.703000 
0.703400 
0.703700 
0.704800 
0.705400 
0.705500 
0.707100 
0.708100 
0.708200 
0.708400 
0.710200 
0.710300 
0.712100 
0.712800 
0.713500 
0.714500 
0.714900 
0.716100 
0.716700 
0.717000 
0.717500 
0.717700 
0.718400 
0.718500 
0.718700 
0.719000 
0.719100 
0.719900 
0.719900 
0.722300 
0.722400 
0.722500 
0.723200 
0.723200 
0.723400 
0.723600 
0.723900 
0.724400 
0.724600 
0.724900 
0.725300 
0.726000 
0.727700 
0.727800 
0.728400 
0.728600 
0.729200 
0.730600 
0.730900 
0.732500 
0.732700 
0.733400 
0.734800 
0.734900 
0.735600 
0.736300 
0.736600 
0.738100 
0.739000 
0.739400 
0.739800 
0.740000 
0.740600 
0.740900 
0.741300 
0.741700 
0.743600 
0.746000 
0.746700 
0.747100 
0.747500 
0.747500 
0.747900 
0.748200 
0.748200 
0.748400 
0.748600 
0.748800 
0.749900 
0.752100 
0.752100 
0.752300 
0.753000 
0.755100 
0.756000 
0.756000 
0.758800 
0.759000 
0.760100 
0.761000 
0.761300 
0.762300 
0.762600 
0.763200 
0.764200 
0.764500 
0.765100 
0.765300 
0.766500 
0.766700 
0.767600 
0.767700 
0.767800 
0.767900 
0.767900 
0.768000 
0.768100 
0.768200 
0.770500 
0.771200 
0.772600 
0.773200 
0.774600 
0.777100 
0.778600 
0.778900 
0.779200 
0.779800 
0.780700 
0.780700 
0.780700 
0.781200 
0.781500 
0.784300 
0.784800 
0.787200 
0.787600 
0.788200 
0.788800 
0.788800 
0.789000 
0.789200 
0.789400 
0.789600 
0.789700 
0.791000 
0.793000 
0.793000 
0.793200 
0.793200 
0.793500 
0.794400 
0.794800 
0.794900 
0.794900 
0.795300 
0.795900 
0.795900 
0.796400 
0.797800 
0.797800 
0.798400 
0.798500 
0.798600 
0.801800 
0.802000 
0.802500 
0.803600 
0.803600 
0.805100 
0.805200 
0.805500 
0.805600 
0.805700 
0.805800 
0.806000 
0.806900 
0.808600 
0.808700 
0.809300 
0.809600 
0.810200 
0.811600 
0.811800 
0.813200 
0.813800 
0.813800 
0.815200 
0.815300 
0.815700 
0.815700 
0.815900 
0.816400 
0.816600 
0.818800 
0.819900 
0.821300 
0.822400 
0.823400 
0.823700 
0.824800 
0.825200 
0.826300 
0.826600 
0.827000 
0.827300 
0.828100 
0.828600 
0.828800 
0.829100 
0.829100 
0.829600 
0.831100 
0.831600 
0.831700 
0.832300 
0.835100 
0.835200 
0.835400 
0.836000 
0.836600 
0.837300 
0.837800 
0.838000 
0.838200 
0.838300 
0.841400 
0.841500 
0.842100 
0.843700 
0.843800 
0.843800 
0.844900 
0.845400 
0.845500 
0.846000 
0.846700 
0.846800 
0.846800 
0.846900 
0.846900 
0.847800 
0.848100 
0.848200 
0.849300 
0.850200 
0.850300 
0.850500 
0.850500 
0.851800 
0.852200 
0.852300 
0.852300 
0.852600 
0.853800 
0.854300 
0.854500 
0.855400 
0.855400 
0.855500 
0.858300 
0.860500 
0.860700 
0.861200 
0.861300 
0.861600 
0.863000 
0.863000 
0.865200 
0.867600 
0.867700 
0.867700 
0.868300 
0.868400 
0.869100 
0.869200 
0.871100 
0.871300 
0.873100 
0.874200 
0.874800 
0.876000 
0.876300 
0.876800 
0.877000 
0.877400 
0.878600 
0.878800 
0.879200 
0.879300 
0.880700 
0.881500 
0.881900 
0.884100 
0.884400 
0.884600 
0.884600 
0.885400 
0.887900 
0.888400 
0.889300 
0.889300 
0.889500 
0.889600 
0.889700 
0.889900 
0.890200 
0.890400 
0.891900 
0.892500 
0.892500 
0.892800 
0.893200 
0.893300 
0.894200 
0.895300 
0.895400 
0.895500 
0.895600 
0.896400 
0.896700 
0.897900 
0.898800 
0.899600 
0.903500 
0.903700 
0.904000 
0.904400 
0.904600 
0.905000 
0.905300 
0.905400 
0.905600 
0.905800 
0.907400 
0.907600 
0.907600 
0.907800 
0.907900 
0.908200 
0.909100 
0.910400 
0.910800 
0.911000 
0.911300 
0.911300 
0.912500 
0.917400 
0.917900 
0.918800 
0.919800 
0.920700 
0.921000 
0.922300 
0.923500 
0.924100 
0.925300 
0.926200 
0.926300 
0.926500 
0.926800 
0.927200 
0.927200 
0.927800 
0.928200 
0.928300 
0.928400 
0.928400 
0.929000 
0.929900 
0.930100 
0.930300 
0.930500 
0.930900 
0.931000 
0.932000 
0.932500 
0.932700 
0.933300 
0.933900 
0.934400 
0.934900 
0.935200 
0.935900 
0.937500 
0.937500 
0.938500 
0.939400 
0.941700 
0.941800 
0.942100 
0.943700 
0.943900 
0.944000 
0.944200 
0.946500 
0.947000 
0.947300 
0.947500 
0.948000 
0.948500 
0.948700 
0.949500 
0.951100 
0.952700 
0.953300 
0.953800 
0.954000 
0.954100 
0.955100 
0.955200 
0.956000 
0.956500 
0.956800 
0.956900 
0.957000 
0.958000 
0.958000 
0.958400 
0.958500 
0.958800 
0.959400 
0.959600 
0.959900 
0.960400 
0.960900 
0.961600 
0.962700 
0.963500 
0.963500 
0.964000 
0.965500 
0.967100 
0.967500 
0.969500 
0.971900 
0.972600 
0.973200 
0.973800 
0.973900 
0.974200 
0.975100 
0.975300 
0.975300 
0.975300 
0.975600 
0.976700 
0.978500 
0.978500 
0.978700 
0.978900 
0.980600 
0.980700 
0.981200 
0.981800 
0.981900 
0.982000 
0.982000 
0.982100 
0.982300 
0.982800 
0.982800 
0.983100 
0.984800 
0.985700 
0.986000 
0.986100 
0.986500 
0.986800 
0.987900 
0.989700 
0.990500 
0.992000 
0.992200 
0.993100 
0.993900 
0.994300 
0.994400 
0.994500 
0.994800 
0.995000 
0.995200 
0.996000 
0.996200 
0.997300 
0.997600 
0.997900 
0.998200 
0.998400 
0.999800 
0.999800 
1.000200 
1.001000 
1.002400 
1.003300 
1.004600 
1.005300 
1.005400 
1.005700 
1.006400 
1.006400 
1.006800 
1.007200 
1.007600 
1.008100 
1.009500 
1.010700 
1.010800 
1.012800 
1.012900 
1.013900 
1.014100 
1.015500 
1.015900 
1.016500 
1.017600 
1.019000 
1.019700 
1.020500 
1.020700 
1.021000 
1.021300 
1.021800 
1.022400 
1.022500 
1.023600 
1.024900 
1.026900 
1.028500 
1.028700 
1.029000 
1.029100 
1.029500 
1.030000 
1.030300 
1.031600 
1.031600 
1.032600 
1.033000 
1.033000 
1.033400 
1.036300 
1.036400 
1.036600 
1.037800 
1.038100 
1.038200 
1.038700 
1.039300 
1.039500 
1.041400 
1.041800 
1.042000 
1.042100 
1.043700 
1.043800 
1.043800 
1.046700 
1.047000 
1.047700 
1.048100 
1.048600 
1.049800 
1.049900 
1.050900 
1.052800 
1.052900 
1.053700 
1.057700 
1.059000 
1.059000 
1.060300 
1.060400 
1.061200 
1.062000 
1.062700 
1.062800 
1.063000 
1.063200 
1.063400 
1.064300 
1.064700 
1.065100 
1.065200 
1.065400 
1.066000 
1.066200 
1.066200 
1.066200 
1.066200 
1.066200 
1.066400 
1.066600 
1.066700 
1.067000 
1.067000 
1.067600 
1.068300 
1.068900 
1.069200 
1.069400 
1.070400 
1.071900 
1.072800 
1.073400 
1.073600 
1.073800 
1.076500 
1.076800 
1.077300 
1.078100 
1.078100 
1.080200 
1.080300 
1.080500 
1.080700 
1.081500 
1.082300 
1.083100 
1.084300 
1.085100 
1.085100 
1.086400 
1.086800 
1.087200 
1.087300 
1.087400 
1.088600 
1.089800 
1.092600 
1.094100 
1.095500 
1.096300 
1.097200 
1.097400 
1.098600 
1.099200 
1.100500 
1.101100 
1.101200 
1.101400 
1.101600 
1.102800 
1.104100 
1.104100 
1.104800 
1.105500 
1.106100 
1.107500 
1.107600 
1.107700 
1.108700 
1.108900 
1.110300 
1.110600 
1.110700 
1.110700 
1.110800 
1.110800 
1.111600 
1.112900 
1.113500 
1.114700 
1.116100 
1.116800 
1.117200 
1.117700 
1.118100 
1.118700 
1.119700 
1.120300 
1.121300 
1.122100 
1.122700 
1.124400 
1.124500 
1.124800 
1.124800 
1.126100 
1.126200 
1.126300 
1.126900 
1.127500 
1.127600 
1.128400 
1.128900 
1.129900 
1.130000 
1.131900 
1.132000 
1.133700 
1.135200 
1.136100 
1.136300 
1.136900 
1.137700 
1.138300 
1.139100 
1.140000 
1.142000 
1.142300 
1.143900 
1.144400 
1.144600 
1.144700 
1.145000 
1.145400 
1.145600 
1.146700 
1.147100 
1.147300 
1.148000 
1.148000 
1.148500 
1.148600 
1.149000 
1.150000 
1.150000 
1.150700 
1.151800 
1.153200 
1.153400 
1.153500 
1.154400 
1.154600 
1.155100 
1.156600 
1.157100 
1.157300 
1.159200 
1.160600 
1.160800 
1.160800 
1.160800 
1.161700 
1.162600 
1.162900 
1.163200 
1.163600 
1.164100 
1.164200 
1.164300 
1.164300 
1.164700 
1.165600 
1.165800 
1.166500 
1.166500 
1.168400 
1.168800 
1.169800 
1.169900 
1.173000 
1.173200 
1.173700 
1.174100 
1.175300 
1.175600 
1.176700 
1.177000 
1.177500 
1.177700 
1.178500 
1.180500 
1.181400 
1.183200 
1.183600 
1.183600 
1.184200 
1.184900 
1.185800 
1.186300 
1.186900 
1.187500 
1.187700 
1.188000 
1.188300 
1.188400 
1.188800 
1.189200 
1.189300 
1.190400 
1.190900 
1.191100 
1.191200 
1.191300 
1.192000 
1.192400 
1.193000 
1.193200 
1.193200 
1.193800 
1.194000 
1.194400 
1.194500 
1.194600 
1.196500 
1.198300 
1.198300 
1.199000 
1.199400 
1.199700 
1.200000 
1.200600 
1.201000 
1.201100 
1.201100 
1.201700 
1.202500 
1.203100 
1.203300 
1.203900 
1.204100 
1.204300 
1.204700 
1.208300 
1.210300 
1.211000 
1.211300 
1.212400 
1.213200 
1.214200 
1.214500 
1.215200 
1.216900 
1.217000 
1.217400 
1.217400 
1.217900 
1.218700 
1.218800 
1.218900 
1.219000 
1.219100 
1.219500 
1.220900 
1.221400 
1.222000 
1.222600 
1.223100 
1.223600 
1.225000 
1.226400 
1.227700 
1.227700 
1.228700 
1.230500 
1.230800 
1.232400 
1.232500 
1.232900 
1.233600 
1.234200 
1.234500 
1.234900 
1.237100 
1.237100 
1.237600 
1.237800 
1.238000 
1.238300 
1.238700 
1.239100 
1.239300 
1.239900 
1.240000 
1.241300 
1.241300 
1.241900 
1.241900 
1.242500 
1.243200 
1.243200 
1.243300 
1.244000 
1.244000 
1.244100 
1.246900 
1.249700 
1.251900 
1.252000 
1.252100 
1.252900 
1.253300 
1.253400 
1.253500 
1.253600 
1.253900 
1.254100 
1.254200 
1.255800 
1.256700 
1.256800 
1.256800 
1.257000 
1.257000 
1.258400 
1.258800 
1.259500 
1.260300 
1.260400 
1.261900 
1.262700 
1.264000 
1.264800 
1.264900 
1.267000 
1.267300 
1.268100 
1.269000 
1.270300 
1.270600 
1.270700 
1.271400 
1.271500 
1.272700 
1.272700 
1.274300 
1.274600 
1.274600 
1.275000 
1.276200 
1.276400 
1.278300 
1.279000 
1.279600 
1.280000 
1.281400 
1.281600 
1.282000 
1.282400 
1.283300 
1.283700 
1.283700 
1.285200 
1.286600 
1.287300 
1.287400 
1.287500 
1.288100 
1.288600 
1.293500 
1.294600 
1.294900 
1.295000 
1.295300 
1.295500 
1.295600 
1.296000 
1.298700 
1.298900 
1.299500 
1.299700 
1.299700 
1.299900 
1.300400 
1.301000 
1.302100 
1.302800 
1.303300 
1.303400 
1.304900 
1.305500 
1.306800 
1.306900 
1.307000 
1.308200 
1.308900 
1.310000 
1.310700 
1.311300 
1.313300 
1.314300 
1.314800 
1.315400 
1.315700 
1.315700 
1.315900 
1.316800 
1.317400 
1.317500 
1.317500 
1.318400 
1.318500 
1.319000 
1.319600 
1.320800 
1.321100 
1.321400 
1.322200 
1.322700 
1.323100 
1.323100 
1.324200 
1.324200 
1.327200 
1.329200 
1.329300 
1.329400 
1.330200 
1.330300 
1.331600 
1.332200 
1.332600 
1.332700 
1.335400 
1.336100 
1.337200 
1.337300 
1.337900 
1.338000 
1.338100 
1.338400 
1.338700 
1.339800 
1.340600 
1.341300 
1.341300 
1.341500 
1.341800 
1.342100 
1.342300 
1.342500 
1.343100 
1.343700 
1.344700 
1.346200 
1.348800 
1.349800 
1.350400 
1.350500 
1.351900 
1.353300 
1.353800 
1.354300 
1.354500 
1.356900 
1.357000 
1.357300 
1.358300 
1.358600 
1.359100 
1.359400 
1.359600 
1.359800 
1.359900 
1.360700 
1.362500 
1.363000 
1.363100 
1.363400 
1.365000 
1.365900 
1.366300 
1.367400 
1.367400 
1.368400 
1.368900 
1.370800 
1.371200 
1.371600 
1.372500 
1.372500 
1.372600 
1.373300 
1.373500 
1.374000 
1.374300 
1.375600 
1.375900 
1.376000 
1.377000 
1.379400 
1.380900 
1.381100 
1.381300 
1.381800 
1.382200 
1.382900 
1.384000 
1.385800 
1.386300 
1.386600 
1.388000 
1.388200 
1.388200 
1.389000 
1.389200 
1.389800 
1.390200 
1.390800 
1.391400 
1.392900 
1.394400 
1.394800 
1.395500 
1.395600 
1.396100 
1.397700 
1.398100 
1.398800 
1.399000 
1.399900 
1.400000 
1.400300 
1.400300 
1.400400 
1.403800 
1.405200 
1.406200 
1.406300 
1.406700 
1.407200 
1.407300 
1.408100 
1.408300 
1.409100 
1.409800 
1.410200 
1.410400 
1.411400 
1.412900 
1.413200 
1.413400 
1.414000 
1.414000 
1.415500 
1.416100 
1.416700 
1.417200 
1.417300 
1.417400 
1.417700 
1.418100 
1.419100 
1.420100 
1.420600 
1.421500 
1.421800 
1.422100 
1.422300 
1.423400 
1.423500 
1.424000 
1.424400 
1.425300 
1.425900 
1.426100 
1.426300 
1.427100 
1.429000 
1.429300 
1.429500 
1.429700 
1.430400 
1.432600 
1.433100 
1.433900 
1.434100 
1.435400 
1.436700 
1.436700 
1.436900 
1.437900 
1.438000 
1.439900 
1.440200 
1.440300 
1.440400 
1.440400 
1.440500 
1.441700 
1.443600 
1.447400 
1.447600 
1.448500 
1.449200 
1.449400 
1.450100 
1.450300 
1.450400 
1.451700 
1.452100 
1.452300 
1.452500 
1.452500 
1.452600 
1.452600 
1.452900 
1.453300 
1.453300 
1.453900 
1.455000 
1.455300 
1.456200 
1.456900 
1.457300 
1.457400 
1.458200 
1.458300 
1.458700 
1.459600 
1.460100 
1.461400 
1.462300 
1.463200 
1.463400 
1.466300 
1.467200 
1.468000 
1.468800 
1.468900 
1.469800 
1.470200 
1.471200 
1.471500 
1.471500 
1.471600 
1.472200 
1.472400 
1.473400 
1.475400 
1.476300 
1.476400 
1.476500 
1.477300 
1.477400 
1.477400 
1.477600 
1.481100 
1.481200 
1.481300 
1.483000 
1.483100 
1.483200 
1.483300 
1.484100 
1.484900 
1.485100 
1.486300 
1.486600 
1.487000 
1.488000 
1.488400 
1.488600 
1.488700 
1.488700 
1.489700 
1.489900 
1.491000 
1.491100 
1.491400 
1.491700 
1.491700 
1.492200 
1.492200 
1.495400 
1.498000 
1.498000 
1.499500 
1.500500 
1.500900 
1.500900 
1.502700 
1.503700 
1.504200 
1.507200 
1.507600 
1.507800 
1.509300 
1.509500 
1.509600 
1.510100 
1.510800 
1.511100 
1.511600 
1.512600 
1.513000 
1.513800 
1.514100 
1.514200 
1.514800 
1.515700 
1.515900 
1.516300 
1.517000 
1.517000 
1.517300 
1.517500 
1.518600 
1.519500 
1.520100 
1.521200 
1.522000 
1.522500 
1.523100 
1.524000 
1.524100 
1.524200 
1.524700 
1.525400 
1.528900 
1.529000 
1.529500 
1.529900 
1.530000 
1.530800 
1.531400 
1.531700 
1.532400 
1.533100 
1.534400 
1.535200 
1.536800 
1.537400 
1.537500 
1.537600 
1.537700 
1.537700 
1.537800 
1.537800 
1.539800 
1.540600 
1.541900 
1.542200 
1.542300 
1.543000 
1.543600 
1.544300 
1.544400 
1.545100 
1.545400 
1.545800 
1.546400 
1.546500 
1.547300 
1.548200 
1.548400 
1.549700 
1.549900 
1.550100 
1.550400 
1.551400 
1.551500 
1.553000 
1.553100 
1.556200 
1.556600 
1.557700 
1.557800 
1.557900 
1.558200 
1.558600 
1.559800 
1.559800 
1.559900 
1.560400 
1.561700 
1.562200 
1.563300 
1.563700 
1.564000 
1.565100 
1.565600 
1.565800 
1.565900 
1.566600 
1.566800 
1.566800 
1.567600 
1.567900 
1.568000 
1.568300 
1.568300 
1.568800 
1.568900 
1.570000 
1.570000 
1.570800 
1.572200 
1.572400 
1.573300 
1.573300 
1.573400 
1.574100 
1.574400 
1.575600 
1.576800 
1.576900 
1.577000 
1.579100 
1.579700 
1.579900 
1.582000 
1.582400 
1.584400 
1.585100 
1.585200 
1.586100 
1.587800 
1.588200 
1.588400 
1.588900 
1.589500 
1.590000 
1.591000 
1.591400 
1.591500 
1.591600 
1.592400 
1.592700 
1.592800 
1.593100 
1.593100 
1.596100 
1.596100 
1.596800 
1.597000 
1.597500 
1.597800 
1.598600 
1.599400 
1.600800 
1.601900 
1.602100 
1.602600 
1.602900 
1.603600 
1.603600 
1.604000 
1.604100 
1.604500 
1.606500 
1.606800 
1.607400 
1.608000 
1.608000 
1.608400 
1.608700 
1.609500 
1.610400 
1.610400 
1.611100 
1.612100 
1.612700 
1.612900 
1.614000 
1.614800 
1.615400 
1.615700 
1.616100 
1.616200 
1.616200 
1.616400 
1.617000 
1.617600 
1.618200 
1.618200 
1.618600 
1.619400 
1.619900 
1.620200 
1.620200 
1.621300 
1.621600 
1.622700 
1.622700 
1.623800 
1.627400 
1.628000 
1.628500 
1.628600 
1.630400 
1.633100 
1.634100 
1.634600 
1.635000 
1.635400 
1.635400 
1.636500 
1.638200 
1.638400 
1.638500 
1.638600 
1.639000 
1.639100 
1.639700 
1.639700 
1.640400 
1.640500 
1.640700 
1.640800 
1.640900 
1.641100 
1.641300 
1.641500 
1.643900 
1.644700 
1.644900 
1.646000 
1.646200 
1.647800 
1.650000 
1.650400 
1.651300 
1.651500 
1.652600 
1.653000 
1.653300 
1.654000 
1.654000 
1.654300 
1.654300 
1.654400 
1.655200 
1.655400 
1.656500 
1.657700 
1.657800 
1.658800 
1.659700 
1.660000 
1.660000 
1.660100 
1.660200 
1.660400 
1.660700 
1.661900 
1.662500 
1.662800 
1.663200 
1.663600 
1.664500 
1.665200 
1.665600 
1.666400 
1.666700 
1.667500 
1.667600 
1.667900 
1.667900 
1.670400 
1.670600 
1.670800 
1.671100 
1.671200 
1.672900 
1.674000 
1.674100 
1.674200 
1.676000 
1.676100 
1.676500 
1.677300 
1.677900 
1.678700 
1.680300 
1.680700 
1.681100 
1.683600 
1.684400 
1.684900 
1.685100 
1.686100 
1.686300 
1.687200 
1.688900 
1.689100 
1.689500 
1.689600 
1.690500 
1.691000 
1.691900 
1.693200 
1.693500 
1.693900 
1.694100 
1.694300 
1.694400 
1.694500 
1.694800 
1.694800 
1.695400 
1.695800 
1.696800 
1.696800 
1.698400 
1.699200 
1.700700 
1.701700 
1.702600 
1.703100 
1.706900 
1.707400 
1.708800 
1.709100 
1.709400 
1.710700 
1.710900 
1.711200 
1.711400 
1.712500 
1.713200 
1.713300 
1.713500 
1.714600 
1.714700 
1.714800 
1.715300 
1.716400 
1.716400 
1.717200 
1.717700 
1.720000 
1.720200 
1.720700 
1.722600 
1.723400 
1.723600 
1.723900 
1.724900 
1.725000 
1.726400 
1.727000 
1.727200 
1.727200 
1.728800 
1.728900 
1.730500 
1.730500 
1.731300 
1.731600 
1.731900 
1.732600 
1.733700 
1.734400 
1.735700 
1.735900 
1.737100 
1.737700 
1.739300 
1.741100 
1.741300 
1.741800 
1.743800 
1.744800 
1.745600 
1.746700 
1.746900 
1.747400 
1.748800 
1.749400 
1.750500 
1.751200 
1.751300 
1.751600 
1.751600 
1.751800 
1.753000 
1.753200 
1.755500 
1.757200 
1.757200 
1.757200 
1.758600 
1.758700 
1.758900 
1.759200 
1.759200 
1.759600 
1.759700 
1.759700 
1.760100 
1.760500 
1.761200 
1.761300 
1.761300 
1.761800 
1.762000 
1.762800 
1.763300 
1.764500 
1.764900 
1.764900 
1.766100 
1.766400 
1.767600 
1.768000 
1.769400 
1.769400 
1.769700 
1.770000 
1.770600 
1.775600 
1.775700 
1.776300 
1.776500 
1.776600 
1.776700 
1.776800 
1.777000 
1.777800 
1.778400 
1.778400 
1.780100 
1.783500 
1.783900 
1.784100 
1.784100 
1.784400 
1.784700 
1.786200 
1.786400 
1.786700 
1.786900 
1.787000 
1.787100 
1.787200 
1.787400 
1.787700 
1.787800 
1.787900 
1.788100 
1.790600 
1.791400 
1.792500 
1.793200 
1.793200 
1.794200 
1.794400 
1.794700 
1.795100 
1.795700 
1.796700 
1.797400 
1.798400 
1.799300 
1.799300 
1.800000 
1.800200 
1.800700 
1.801100 
1.801700 
1.801700 
1.802600 
1.802900 
1.803700 
1.803800 
1.804100 
1.804300 
1.804400 
1.804500 
1.805200 
1.806300 
1.806700 
1.807800 
1.808000 
1.808100 
1.808100 
1.809200 
1.809800 
1.810300 
1.814100 
1.814900 
1.817400 
1.818600 
1.818900 
1.819300 
1.819600 
1.819800 
1.821800 
1.822100 
1.823500 
1.824000 
1.824200 
1.825100 
1.828600 
1.829600 
1.830100 
1.830600 
1.830700 
1.832100 
1.833100 
1.833900 
1.834200 
1.834500 
1.834700 
1.835000 
1.835500 
1.835700 
1.836400 
1.837400 
1.838400 
1.839300 
1.839400 
1.839800 
1.840200 
1.840600 
1.840900 
1.840900 
1.841600 
1.842400 
1.842500 
1.843200 
1.845000 
1.845200 
1.845900 
1.846900 
1.847400 
1.847900 
1.848000 
1.849500 
1.849700 
1.849800 
1.851100 
1.851100 
1.852100 
1.852100 
1.853400 
1.854800 
1.855600 
1.855800 
1.856100 
1.856600 
1.856900 
1.857300 
1.859000 
1.859000 
1.859400 
1.860100 
1.860400 
1.860800 
1.862600 
1.863200 
1.864300 
1.865200 
1.865300 
1.866400 
1.866400 
1.866900 
1.868700 
1.869200 
1.869300 
1.869800 
1.870900 
1.870900 
1.871400 
1.872400 
1.872800 
1.873300 
1.873400 
1.874200 
1.875300 
1.875400 
1.876000 
1.876300 
1.876300 
1.877900 
1.878300 
1.880600 
1.880900 
1.881700 
1.881900 
1.882800 
1.883000 
1.883100 
1.883300 
1.884200 
1.884200 
1.884700 
1.884800 
1.885500 
1.886700 
1.886700 
1.888400 
1.889600 
1.889900 
1.890000 
1.891400 
1.893200 
1.893600 
1.893700 
1.896000 
1.897200 
1.898200 
1.898800 
1.898800 
1.898900 
1.899800 
1.899900 
1.900700 
1.900900 
1.902300 
1.903100 
1.903200 
1.903700 
1.904000 
1.905400 
1.905400 
1.905700 
1.910100 
1.910700 
1.911300 
1.911600 
1.912100 
1.914300 
1.916100 
1.916100 
1.916400 
1.917200 
1.918400 
1.918500 
1.919900 
1.922800 
1.923500 
1.923900 
1.925400 
1.925500 
1.926000 
1.926100 
1.928200 
1.928500 
1.930200 
1.930700 
1.930700 
1.930900 
1.931800 
1.933000 
1.933400 
1.933700 
1.934500 
1.934700 
1.934800 
1.935600 
1.936000 
1.936100 
1.937000 
1.937500 
1.937600 
1.939000 
1.940200 
1.940400 
1.940800 
1.941600 
1.941600 
1.943300 
1.944900 
1.945500 
1.946300 
1.946700 
1.947500 
1.948000 
1.948700 
1.950400 
1.950500 
1.951000 
1.952100 
1.952700 
1.953000 
1.953100 
1.953200 
1.953300 
1.953700 
1.954100 
1.954400 
1.955100 
1.955400 
1.955800 
1.956600 
1.958400 
1.958600 
1.960500 
1.960600 
1.961100 
1.961800 
1.963100 
1.964400 
1.964800 
1.964900 
1.966400 
1.967100 
1.967700 
1.968800 
1.969400 
1.971800 
1.972300 
1.972800 
1.972900 
1.973600 
1.973700 
1.973900 
1.974600 
1.974700 
1.974800 
1.974900 
1.975100 
1.975300 
1.976300 
1.978100 
1.979300 
1.979800 
1.980000 
1.984400 
1.984800 
1.985900 
1.988200 
1.989200 
1.989600 
1.990400 
1.991400 
1.991700 
1.991800 
1.992100 
1.992400 
1.993000 
1.993200 
1.993300 
1.993600 
1.993900 
1.994900 
1.995900 
1.995900 
1.996100 
1.996200 
1.996700 
1.997100 
1.997900 
1.999300 
1.999600 
1.999700 
2.001200 
2.001300 
2.001700 
2.002200 
2.002300 
2.002800 
2.002900 
2.004200 
2.004500 
2.006300 
2.006500 
2.006800 
2.007000 
2.007100 
2.007600 
2.007700 
2.008300 
2.012000 
2.012300 
2.013100 
2.014300 
2.014900 
2.015400 
2.015800 
2.016000 
2.016300 
2.016900 
2.017900 
2.018800 
2.019000 
2.019300 
2.019500 
2.019800 
2.021200 
2.021600 
2.023400 
2.024100 
2.024300 
2.024600 
2.024700 
2.025200 
2.026800 
2.029100 
2.029200 
2.029400 
2.029900 
2.030900 
2.030900 
2.031100 
2.031700 
2.032100 
2.033700 
2.034100 
2.035200 
2.035400 
2.035800 
2.035900 
2.036900 
2.037100 
2.037300 
2.038900 
2.038900 
2.039600 
2.039700 
2.039900 
2.040200 
2.040200 
2.041000 
2.041000 
2.041200 
2.041900 
2.042900 
2.043700 
2.043900 
2.044600 
2.044700 
2.046100 
2.046800 
2.047200 
2.048000 
2.048300 
2.048400 
2.051000 
2.053400 
2.053900 
2.054000 
2.054800 
2.055000 
2.055800 
2.055900 
2.055900 
2.056900 
2.058700 
2.060300 
2.060800 
2.061000 
2.061000 
2.062100 
2.062100 
2.062200 
2.062500 
2.062600 
2.062700 
2.063200 
2.063900 
2.065200 
2.065300 
2.065400 
2.066400 
2.066700 
2.066800 
2.067500 
2.067900 
2.069300 
2.069300 
2.070000 
2.070100 
2.070100 
2.070400 
2.070900 
2.071200 
2.071300 
2.071300 
2.073400 
2.075500 
2.077400 
2.078000 
2.078400 
2.079100 
2.079400 
2.079800 
2.081600 
2.081800 
2.082900 
2.084700 
2.084900 
2.084900 
2.085100 
2.087000 
2.087600 
2.087700 
2.088100 
2.088300 
2.089600 
2.089600 
2.090500 
2.090600 
2.090700 
2.092100 
2.092500 
2.092900 
2.093000 
2.093600 
2.093900 
2.094200 
2.094300 
2.094700 
2.095400 
2.095600 
2.095700 
2.096500 
2.096600 
2.097500 
2.098000 
2.098100 
2.098700 
2.099400 
2.099800 
2.100000 
2.100200 
2.101600 
2.103400 
2.104600 
2.105900 
2.106200 
2.107000 
2.107000 
2.107100 
2.108100 
2.110000 
2.110300 
2.110500 
2.111500 
2.112500 
2.115400 
2.117000 
2.117600 
2.117700 
2.117700 
2.118800 
2.118900 
2.119500 
2.120000 
2.121000 
2.121300 
2.122000 
2.122900 
2.122900 
2.123500 
2.124800 
2.125500 
2.127000 
2.127500 
2.128700 
2.129000 
2.129300 
2.130500 
2.131400 
2.131800 
2.132900 
2.133000 
2.133000 
2.133000 
2.133200 
2.133200 
2.133200 
2.133600 
2.134000 
2.134400 
2.135200 
2.135500 
2.136100 
2.137300 
2.137600 
2.137600 
2.140100 
2.142400 
2.142900 
2.144000 
2.144000 
2.144200 
2.144900 
2.145700 
2.145900 
2.146200 
2.146800 
2.147200 
2.147700 
2.148000 
2.148000 
2.148600 
2.149000 
2.149000 
2.149300 
2.150300 
2.150400 
2.152200 
2.152900 
2.152900 
2.153100 
2.154800 
2.155400 
2.155400 
2.155400 
2.155500 
2.155800 
2.156900 
2.159900 
2.160000 
2.160500 
2.161200 
2.162000 
2.162100 
2.164100 
2.164100 
2.164400 
2.164600 
2.164600 
2.164800 
2.165800 
2.165800 
2.169400 
2.170700 
2.170800 
2.170900 
2.172800 
2.172900 
2.173200 
2.174200 
2.174200 
2.174300 
2.174900 
2.175100 
2.175100 
2.175800 
2.175800 
2.176000 
2.177800 
2.178000 
2.178300 
2.178800 
2.179400 
2.179500 
2.179700 
2.179700 
2.180300 
2.182300 
2.182500 
2.183200 
2.184400 
2.184700 
2.185000 
2.186300 
2.186800 
2.189600 
2.190100 
2.190500 
2.190600 
2.190700 
2.190800 
2.191900 
2.192300 
2.192300 
2.193000 
2.194100 
2.196000 
2.196500 
2.197700 
2.199600 
2.199700 
2.200200 
2.200300 
2.200600 
2.201300 
2.201800 
2.202000 
2.203400 
2.203500 
2.205700 
2.205800 
2.205900 
2.206800 
2.206900 
2.207400 
2.207600 
2.207800 
2.208500 
2.208500 
2.208800 
2.208900 
2.209000 
2.209100 
2.209500 
2.210600 
2.211500 
2.213000 
2.213400 
2.213500 
2.219200 
2.219800 
2.220000 
2.220300 
2.220500 
2.220600 
2.221600 
2.221600 
2.221800 
2.222000 
2.222100 
2.223400 
2.224500 
2.225800 
2.226500 
2.226700 
2.227300 
2.227500 
2.227900 
2.228900 
2.229200 
2.229400 
2.229700 
2.229700 
2.229800 
2.231100 
2.231100 
2.231500 
2.231700 
2.232200 
2.232300 
2.233100 
2.233300 
2.233600 
2.233800 
2.234000 
2.234300 
2.234300 
2.235300 
2.235300 
2.236800 
2.237400 
2.239200 
2.240700 
2.241600 
2.241600 
2.242200 
2.243300 
2.243700 
2.244500 
2.244900 
2.245300 
2.245600 
2.245700 
2.247100 
2.247400 
2.248400 
2.248500 
2.248500 
2.249100 
2.251400 
2.251400 
2.251600 
2.252400 
2.253400 
2.253400 
2.253900 
2.254000 
2.254900 
2.254900 
2.255100 
2.255500 
2.255700 
2.256600 
2.258200 
2.258500 
2.258600 
2.259200 
2.259900 
2.260200 
2.260600 
2.260900 
2.262200 
2.262800 
2.263000 
2.264000 
2.264900 
2.265300 
2.267100 
2.267800 
2.268000 
2.268200 
2.270700 
2.271400 
2.271800 
2.273300 
2.273800 
2.274900 
2.275900 
2.276300 
2.277200 
2.277300 
2.277500 
2.277700 
2.280500 
2.281500 
2.281500 
2.282500 
2.283500 
2.283800 
2.283900 
2.284400 
2.284600 
2.284900 
2.285900 
2.285900 
2.286200 
2.286300 
2.286400 
2.286700 
2.287000 
2.287700 
2.289000 
2.289200 
2.289400 
2.290000 
2.290000 
2.290900 
2.291100 
2.293000 
2.293200 
2.293300 
2.293300 
2.293600 
2.294800 
2.295200 
2.295800 
2.296200 
2.296800 
2.297600 
2.298900 
2.299100 
2.299200 
2.300700 
2.302900 
2.303000 
2.303500 
2.303900 
2.304700 
2.305100 
2.305700 
2.306000 
2.306600 
2.307100 
2.307200 
2.307500 
2.308000 
2.308400 
2.308900 
2.309300 
2.309500 
2.311600 
2.312600 
2.312800 
2.312800 
2.313000 
2.314600 
2.316400 
2.316400 
2.316600 
2.316900 
2.317300 
2.317500 
2.317600 
2.318700 
2.319400 
2.320100 
2.320400 
2.320400 
2.321400 
2.322300 
2.324200 
2.324600 
2.325200 
2.325200 
2.325500 
2.326200 
2.326200 
2.326500 
2.326500 
2.327500 
2.328200 
2.328400 
2.330200 
2.333700 
2.334600 
2.335000 
2.335800 
2.337000 
2.337300 
2.337900 
2.339100 
2.340000 
2.340100 
2.340400 
2.340900 
2.340900 
2.341100 
2.341300 
2.341500 
2.341700 
2.341900 
2.342200 
2.343100 
2.343200 
2.344100 
2.344500 
2.345000 
2.346600 
2.348100 
2.348200 
2.348200 
2.348200 
2.348400 
2.348400 
2.350800 
2.351000 
2.351500 
2.351900 
2.352400 
2.352800 
2.353600 
2.354200 
2.354200 
2.354500 
2.355100 
2.355600 
2.356000 
2.356400 
2.356900 
2.358000 
2.358100 
2.359100 
2.359300 
2.361400 
2.361500 
2.363500 
2.363800 
2.364100 
2.364500 
2.364600 
2.364700 
2.364700 
2.365300 
2.365600 
2.366000 
2.366800 
2.368200 
2.369000 
2.369100 
2.369200 
2.370200 
2.372500 
2.372800 
2.372900 
2.373000 
2.373400 
2.373600 
2.374000 
2.374600 
2.374600 
2.374700 
2.375400 
2.375800 
2.375900 
2.376400 
2.377800 
2.377900 
2.378100 
2.378400 
2.379600 
2.380800 
2.381200 
2.381400 
2.382000 
2.382800 
2.383400 
2.383700 
2.384700 
2.385100 
2.385200 
2.385300 
2.385700 
2.387400 
2.387400 
2.387500 
2.387900 
2.388200 
2.388400 
2.388900 
2.389400 
2.394900 
2.395000 
2.395400 
2.395600 
2.396100 
2.396100 
2.401200 
2.401600 
2.402000 
2.402300 
2.403100 
2.403200 
2.403600 
2.404800 
2.405400 
2.406700 
2.407300 
2.407400 
2.408100 
2.408300 
2.408800 
2.409600 
2.409900 
2.410000 
2.410000 
2.410200 
2.411300 
2.413400 
2.414700 
2.415600 
2.415600 
2.415900 
2.416000 
2.416300 
2.416400 
2.416900 
2.417900 
2.419900 
2.420600 
2.420800 
2.421000 
2.422300 
2.423100 
2.424200 
2.424300 
2.424900 
2.424900 
2.425100 
2.425200 
2.425900 
2.427000 
2.427100 
2.430900 
2.431500 
2.431700 
2.432800 
2.434000 
2.434200 
2.434600 
2.434800 
2.435200 
2.437300 
2.437900 
2.438100 
2.438800 
2.439600 
2.439900 
2.441200 
2.441900 
2.443200 
2.445300 
2.445600 
2.446100 
2.446300 
2.447100 
2.447200 
2.448200 
2.448300 
2.449000 
2.449500 
2.449700 
2.449700 
2.450800 
2.451800 
2.452600 
2.453000 
2.453100 
2.453900 
2.454300 
2.454800 
2.455700 
2.456200 
2.456800 
2.458500 
2.458800 
2.459600 
2.460700 
2.461000 
2.461200 
2.462100 
2.463100 
2.463500 
2.463900 
2.464200 
2.465200 
2.465300 
2.465300 
2.465700 
2.465700 
2.466100 
2.467500 
2.467500 
2.468000 
2.468300 
2.468800 
2.469000 
2.469200 
2.469900 
2.471200 
2.471700 
2.472500 
2.474200 
2.474400 
2.476800 
2.477300 
2.478500 
2.479800 
2.479900 
2.481300 
2.482300 
2.482400 
2.482900 
2.483500 
2.483900 
2.484400 
2.485900 
2.486200 
2.487000 
2.487600 
2.487600 
2.487700 
2.487800 
2.488100 
2.489700 
2.490200 
2.490600 
2.490700 
2.490900 
2.491700 
2.492200 
2.492300 
2.494000 
2.494900 
2.496300 
2.496700 
2.497100 
2.498000 
2.498000 
2.498800 
2.498900 
2.499600 
2.501000 
2.501600 
2.502000 
2.502800 
2.502800 
2.503900 
2.504200 
2.504200 
2.504800 
2.504900 
2.505300 
2.506000 
2.506700 
2.507200 
2.507600 
2.509300 
2.509900 
2.510400 
2.510900 
2.511200 
2.513100 
2.515800 
2.517000 
2.517000 
2.517400 
2.517600 
2.517900 
2.518400 
2.518600 
2.518800 
2.519200 
2.520200 
2.520800 
2.522000 
2.522200 
2.522800 
2.523000 
2.523400 
2.524000 
2.524800 
2.524800 
2.525500 
2.525600 
2.527700 
2.527800 
2.529300 
2.529300 
2.532100 
2.532500 
2.532500 
2.532900 
2.533900 
2.534900 
2.536300 
2.537200 
2.538100 
2.539600 
2.539800 
2.540500 
2.540600 
2.541200 
2.541800 
2.543000 
2.543300 
2.545100 
2.545600 
2.547100 
2.547300 
2.547600 
2.547900 
2.548200 
2.548500 
2.549800 
2.550500 
2.551400 
2.551700 
2.551900 
2.552000 
2.552400 
2.553500 
2.556600 
2.556800 
2.557600 
2.557900 
2.559700 
2.560400 
2.560500 
2.560600 
2.560700 
2.561700 
2.561800 
2.561900 
2.562500 
2.562700 
2.563400 
2.563700 
2.563800 
2.564800 
2.565900 
2.565900 
2.567500 
2.567900 
2.568400 
2.569200 
2.569200 
2.570400 
2.571400 
2.571700 
2.572200 
2.572700 
2.572900 
2.573500 
2.574300 
2.576200 
2.576200 
2.579000 
2.580100 
2.580200 
2.581400 
2.581500 
2.581900 
2.582100 
2.582200 
2.582300 
2.582500 
2.582600 
2.583400 
2.584100 
2.584200 
2.585000 
2.585400 
2.586300 
2.586700 
2.587000 
2.587500 
2.588600 
2.589000 
2.589100 
2.589500 
2.589800 
2.590000 
2.590800 
2.592200 
2.592400 
2.592600 
2.594400 
2.594500 
2.594600 
2.595600 
2.596300 
2.596700 
2.597400 
2.597400 
2.597500 
2.598500 
2.599400 
2.600600 
2.601700 
2.601700 
2.601900 
2.603000 
2.603100 
2.603600 
2.604400 
2.604500 
2.604700 
2.604700 
2.605000 
2.606900 
2.607400 
2.608300 
2.608600 
2.608600 
2.609400 
2.610300 
2.610500 
2.611600 
2.612000 
2.612300 
2.612600 
2.612700 
2.614300 
2.614400 
2.614400 
2.615300 
2.616700 
2.617500 
2.617700 
2.620300 
2.620300 
2.620700 
2.620700 
2.622900 
2.625200 
2.625500 
2.625500 
2.625600 
2.625900 
2.626300 
2.626700 
2.626700 
2.628000 
2.630200 
2.630600 
2.631000 
2.631100 
2.631600 
2.633000 
2.633700 
2.633800 
2.634600 
2.635400 
2.636300 
2.636300 
2.636700 
2.637900 
2.637900 
2.638500 
2.638600 
2.639300 
2.640900 
2.641100 
2.641500 
2.642800 
2.644100 
2.645800 
2.646800 
2.647100 
2.647100 
2.649200 
2.651000 
2.651200 
2.651400 
2.651600 
2.652700 
2.652900 
2.654000 
2.654100 
2.654200 
2.654400 
2.654400 
2.654700 
2.655100 
2.656300 
2.656700 
2.657000 
2.657400 
2.657400 
2.658600 
2.658900 
2.659200 
2.659400 
2.660100 
2.660800 
2.661200 
2.661900 
2.662000 
2.663100 
2.663300 
2.665700 
2.666700 
2.667100 
2.667500 
2.667600 
2.669500 
2.669900 
2.671300 
2.671900 
2.673800 
2.674800 
2.675000 
2.675400 
2.676300 
2.676500 
2.676500 
2.676700 
2.678300 
2.678600 
2.678600 
2.678600 
2.679200 
2.679200 
2.679700 
2.680400 
2.681700 
2.681900 
2.682400 
2.682700 
2.684700 
2.685700 
2.685800 
2.686500 
2.687200 
2.687300 
2.687400 
2.688100 
2.690400 
2.691300 
2.691700 
2.691700 
2.693100 
2.693100 
2.693500 
2.694600 
2.694600 
2.694700 
2.697600 
2.697700 
2.698000 
2.700800 
2.700800 
2.701000 
2.701900 
2.702300 
2.703700 
2.703900 
2.704600 
2.705600 
2.706000 
2.706700 
2.708000 
2.708600 
2.708600 
2.709900 
2.711200 
2.712100 
2.712700 
2.712700 
2.713300 
2.713900 
2.715000 
2.715300 
2.715400 
2.715400 
2.716900 
2.717300 
2.717700 
2.717900 
2.718200 
2.718400 
2.718500 
2.718700 
2.720000 
2.720000 
2.720200 
2.721600 
2.722700 
2.722900 
2.724100 
2.724200 
2.725800 
2.726100 
2.728400 
2.730000 
2.730200 
2.730600 
2.731600 
2.731900 
2.732600 
2.735000 
2.735000 
2.735400 
2.736800 
2.736900 
2.738400 
2.738600 
2.738700 
2.738800 
2.738900 
2.739000 
2.739900 
2.741700 
2.741800 
2.742000 
2.742100 
2.742300 
2.742300 
2.743000 
2.744600 
2.746100 
2.747000 
2.747400 
2.747700 
2.748600 
2.748700 
2.748700 
2.749300 
2.749800 
2.753300 
2.754000 
2.754400 
2.755300 
2.757400 
2.758100 
2.758200 
2.758300 
2.759100 
2.759300 
2.759900 
2.760300 
2.760800 
2.761000 
2.761100 
2.761400 
2.761800 
2.762800 
2.763400 
2.763600 
2.765200 
2.766600 
2.767800 
2.768600 
2.769600 
2.769800 
2.771400 
2.772100 
2.772600 
2.773500 
2.773500 
2.773900 
2.773900 
2.774200 
2.774400 
2.775700 
2.776300 
2.777000 
2.778100 
2.779000 
2.779300 
2.779900 
2.780900 
2.781500 
2.781800 
2.782900 
2.784200 
2.784600 
2.784800 
2.785400 
2.785700 
2.786200 
2.787000 
2.787100 
2.787500 
2.788100 
2.790300 
2.791600 
2.792900 
2.794500 
2.794600 
2.794900 
2.795400 
2.795500 
2.796800 
2.796800 
2.797100 
2.797100 
2.797100 
2.797800 
2.798000 
2.798300 
2.798500 
2.798600 
2.800800 
2.801200 
2.801300 
2.801900 
2.802000 
2.802100 
2.803900 
2.804700 
2.806100 
2.806500 
2.806900 
2.807000 
2.808100 
2.808300 
2.808400 
2.808700 
2.809200 
2.809400 
2.810600 
2.811300 
2.811400 
2.811600 
2.811700 
2.811900 
2.812000 
2.812400 
2.812600 
2.815200 
2.815200 
2.815500 
2.816200 
2.816700 
2.817000 
2.818200 
2.820300 
2.820700 
2.820900 
2.822100 
2.824700 
2.825500 
2.825600 
2.826600 
2.827100 
2.827200 
2.827400 
2.827600 
2.828100 
2.829500 
2.830600 
2.830800 
2.830800 
2.832600 
2.833300 
2.834000 
2.834300 
2.835600 
2.836400 
2.836400 
2.839800 
2.839900 
2.839900 
2.840000 
2.840700 
2.840800 
2.841200 
2.841500 
2.842400 
2.842700 
2.843400 
2.843500 
2.844600 
2.845300 
2.847300 
2.848500 
2.849600 
2.851300 
2.851600 
2.852200 
2.852500 
2.852600 
2.853600 
2.854100 
2.854200 
2.854300 
2.855900 
2.855900 
2.856700 
2.858300 
2.860200 
2.861400 
2.862500 
2.862500 
2.862800 
2.863200 
2.863500 
2.863500 
2.863900 
2.864200 
2.864400 
2.865200 
2.865500 
2.866000 
2.867700 
2.867800 
2.869000 
2.870200 
2.870900 
2.873000 
2.873200 
2.873700 
2.873800 
2.874500 
2.874800 
2.876200 
2.876400 
2.876500 
2.876500 
2.877600 
2.877800 
2.878000 
2.878800 
2.878900 
2.879000 
2.879200 
2.879900 
2.880200 
2.880400 
2.881300 
2.881700 
2.882400 
2.883600 
2.883800 
2.887200 
2.887600 
2.889200 
2.889900 
2.890600 
2.892000 
2.892500 
2.892800 
2.893200 
2.893200 
2.893800 
2.893900 
2.894300 
2.894300 
2.894400 
2.897600 
2.899200 
2.899800 
2.900100 
2.900200 
2.901000 
2.901500 
2.902100 
2.902600 
2.903200 
2.903300 
2.904800 
2.905000 
2.905400 
2.905400 
2.906100 
2.907200 
2.908600 
2.909400 
2.909400 
2.910800 
2.910800 
2.912100 
2.913900 
2.914000 
2.914000 
2.914000 
2.914500 
2.915400 
2.916000 
2.916700 
2.919100 
2.920500 
2.920600 
2.921200 
2.922900 
2.923800 
2.924000 
2.925900 
2.926200 
2.928600 
2.929200 
2.929300 
2.929600 
2.929900 
2.930000 
2.930100 
2.930400 
2.930500 
2.931900 
2.933200 
2.933400 
2.935000 
2.935000 
2.935300 
2.935500 
2.936000 
2.937000 
2.937000 
2.937800 
2.938500 
2.938900 
2.939300 
2.939700 
2.940800 
2.940800 
2.941800 
2.941900 
2.942400 
2.942500 
2.942900 
2.944700 
2.945700 
2.946700 
2.948200 
2.948600 
2.948900 
2.948900 
2.949800 
2.950500 
2.951400 
2.952000 
2.953000 
2.953100 
2.954300 
2.954600 
2.957100 
2.957500 
2.958100 
2.959500 
2.960000 
2.960900 
2.961100 
2.962300 
2.962500 
2.962800 
2.968000 
2.968100 
2.968800 
2.969000 
2.969000 
2.969300 
2.969400 
2.970900 
2.971300 
2.971900 
2.973000 
2.973100 
2.973200 
2.973200 
2.973600 
2.975400 
2.975500 
2.976500 
2.977900 
2.977900 
2.978000 
2.978000 
2.978400 
2.980400 
2.981000 
2.981100 
2.981500 
2.982600 
2.982900 
2.983200 
2.985100 
2.985100 
2.986100 
2.986800 
2.987900 
2.988300 
2.988400 
2.989100 
2.989300 
2.989800 
2.990000 
2.990100 
2.990400 
2.990600 
2.990700 
2.990800 
2.991400 
2.993700 
2.994000 
2.994300 
2.994400 
2.995200 
2.995300 
2.996100 
2.996900 
2.998600 
2.999400 
