0.025600 
0.026200 
0.033700 
0.037100 
0.037400 
0.050400 
0.053900 
0.053900 
0.054500 
0.057000 
0.060300 
0.060800 
0.060800 
0.070700 
0.071400 
0.079600 
0.083600 
0.085500 
0.085600 
0.096800 
0.098700 
0.101200 
0.104900 
0.105100 
0.107100 
0.109200 
0.114200 
0.114500 
0.117800 
0.118700 
0.121200 
0.122500 
0.125700 
0.127100 
0.129800 
0.131700 
0.133500 
0.143500 
0.144600 
0.146400 
0.146700 
0.147900 
0.151700 
0.154200 
0.162600 
0.174400 
0.174600 
0.178200 
0.178300 
0.185900 
0.189000 
0.192000 
0.208000 
0.210200 
0.216200 
0.216500 
0.218800 
0.220500 
0.224300 
0.225100 
0.225900 
0.229300 
0.234200 
0.236700 
0.238200 
0.246800 
0.256800 
0.258200 
0.258700 
0.259200 
0.260000 
0.270200 
0.271800 
0.274300 
0.275300 
0.281500 
0.284900 
0.288100 
0.292500 
0.294700 
0.297200 
0.297600 
0.304900 
0.305100 
0.305300 
0.306200 
0.306500 
0.307600 
0.310100 
0.311600 
0.312400 
0.324900 
0.325800 
0.335000 
0.338700 
0.339300 
0.343500 
0.352600 
0.354600 
0.359200 
0.365000 
0.367100 
0.378500 
0.386100 
0.387100 
0.388200 
0.389700 
0.396700 
0.398700 
0.410500 
0.411400 
0.412000 
0.413200 
0.415400 
0.417900 
0.420100 
0.426100 
0.433400 
0.436000 
0.439600 
0.440000 
0.452400 
0.453100 
0.456500 
0.456500 
0.462900 
0.464900 
0.465700 
0.466000 
0.466900 
0.474800 
0.476200 
0.477100 
0.479800 
0.480600 
0.483700 
0.485700 
0.489300 
0.492600 
0.493000 
0.494200 
0.495400 
0.502700 
0.507500 
0.507900 
0.508300 
0.513200 
0.527800 
0.529900 
0.540100 
0.544000 
0.545100 
0.547100 
0.553500 
0.567200 
0.568100 
0.572100 
0.573900 
0.578200 
0.578200 
0.579000 
0.581200 
0.584500 
0.585700 
0.595300 
0.599300 
0.601000 
0.607200 
0.607800 
0.612000 
0.621600 
0.623100 
0.623800 
0.623900 
0.635000 
0.637000 
0.645300 
0.650900 
0.653100 
0.656100 
0.658000 
0.662000 
0.667000 
0.667400 
0.668800 
0.670700 
0.673400 
0.687100 
0.701900 
0.709000 
0.709200 
0.716100 
0.716400 
0.724400 
0.724700 
0.729200 
0.736900 
0.742700 
0.743600 
0.743800 
0.745400 
0.747900 
0.748300 
0.750600 
0.753700 
0.759000 
0.760800 
0.767900 
0.774400 
0.776400 
0.776900 
0.783700 
0.792200 
0.793100 
0.795900 
0.796100 
0.804400 
0.807600 
0.807700 
0.809600 
0.810200 
0.827300 
0.829100 
0.832000 
0.832700 
0.840100 
0.842300 
0.842800 
0.844700 
0.849300 
0.851000 
0.853100 
0.857900 
0.857900 
0.858800 
0.860200 
0.862400 
0.869000 
0.877200 
0.885400 
0.887700 
0.887900 
0.887900 
0.892900 
0.894900 
0.899000 
0.903300 
0.903600 
0.907500 
0.910200 
0.911000 
0.915400 
0.922500 
0.929600 
0.932800 
0.938600 
0.942500 
0.943600 
0.944400 
0.951900 
0.953600 
0.956700 
0.959300 
0.960200 
0.960400 
0.964700 
0.965800 
0.966200 
0.967400 
0.979400 
0.984400 
0.993800 
0.998300 
0.998500 
0.998800 
1.010000 
1.014600 
1.018200 
1.021400 
1.025200 
1.030000 
1.031000 
1.036000 
1.040100 
1.043100 
1.044800 
1.046600 
1.047500 
1.047800 
1.054100 
1.056800 
1.058000 
1.061200 
1.067400 
1.071100 
1.071100 
1.073600 
1.077900 
1.081600 
1.082500 
1.085100 
1.087700 
1.093100 
1.096400 
1.099600 
1.105200 
1.115600 
1.116300 
1.116400 
1.117000 
1.119400 
1.124200 
1.131000 
1.132400 
1.134800 
1.143900 
1.146100 
1.150300 
1.151800 
1.165100 
1.166000 
1.166300 
1.173100 
1.174300 
1.175900 
1.179700 
1.182800 
1.183100 
1.183500 
1.185100 
1.188000 
1.192200 
1.193100 
1.205100 
1.206300 
1.211300 
1.211600 
1.216700 
1.221100 
1.221900 
1.228300 
1.230000 
1.231800 
1.240100 
1.243400 
1.243900 
1.248500 
1.249000 
1.250400 
1.259300 
1.261600 
1.261700 
1.265000 
1.273600 
1.275000 
1.282000 
1.289300 
1.294900 
1.295900 
1.296000 
1.296000 
1.297500 
1.298600 
1.302400 
1.306300 
1.308600 
1.314100 
1.314900 
1.315200 
1.319400 
1.320400 
1.322700 
1.327200 
1.331500 
1.334900 
1.336300 
1.342900 
1.349200 
1.349500 
1.350200 
1.350400 
1.355200 
1.355900 
1.356700 
1.358700 
1.358800 
1.364200 
1.365900 
1.366800 
1.372800 
1.373800 
1.374900 
1.376400 
1.384800 
1.390300 
1.391500 
1.391900 
1.392200 
1.395500 
1.396700 
1.399700 
1.401700 
1.419000 
1.419500 
1.423000 
1.423900 
1.428900 
1.434500 
1.435300 
1.438400 
1.440900 
1.447400 
1.456200 
1.461500 
1.468600 
1.473300 
1.478300 
1.486800 
1.490200 
1.495700 
1.496800 
1.503000 
1.504400 
1.510600 
1.522400 
1.527700 
1.528000 
1.529500 
1.533300 
1.536300 
1.540700 
1.544100 
1.544700 
1.552200 
1.556900 
1.563800 
1.567600 
1.570600 
1.571500 
1.572800 
1.576400 
1.577600 
1.578000 
1.589100 
1.593100 
1.593500 
1.604900 
1.610000 
1.618400 
1.620100 
1.621900 
1.622700 
1.623200 
1.625800 
1.635100 
1.639200 
1.644200 
1.646400 
1.653600 
1.655700 
1.656400 
1.659100 
1.663400 
1.667900 
1.671900 
1.673400 
1.675700 
1.676600 
1.679700 
1.683200 
1.687500 
1.693400 
1.695800 
1.703000 
1.704200 
1.705900 
1.709600 
1.709900 
1.726300 
1.735200 
1.736300 
1.737200 
1.737500 
1.738900 
1.743000 
1.745400 
1.747000 
1.748100 
1.754200 
1.758300 
1.758600 
1.761300 
1.765900 
1.767700 
1.767900 
1.769500 
1.769900 
1.776800 
1.787300 
1.788100 
1.788900 
1.789900 
1.791400 
1.791700 
1.791800 
1.800300 
1.802200 
1.804000 
1.808400 
1.810600 
1.817300 
1.820500 
1.822500 
1.824000 
1.834300 
1.843000 
1.843400 
1.844500 
1.847200 
1.849600 
1.850300 
1.858000 
1.861000 
1.864200 
1.879100 
1.879800 
1.886900 
1.889200 
1.890000 
1.897600 
1.903700 
1.905100 
1.909500 
1.911100 
1.913900 
1.916800 
1.920600 
1.921200 
1.923800 
1.926500 
1.928900 
1.936200 
1.951000 
1.952000 
1.958800 
1.962000 
1.966800 
1.980100 
1.980600 
1.984100 
1.987500 
1.991000 
1.993800 
1.996500 
1.998400 
2.003300 
2.007900 
2.016100 
2.031400 
2.033200 
2.034700 
2.035400 
2.038100 
2.055800 
2.066600 
2.069800 
2.071500 
2.078200 
2.083800 
2.087600 
2.099200 
2.100600 
2.106300 
2.108900 
2.120800 
2.123300 
2.127200 
2.132100 
2.135700 
2.142000 
2.142700 
2.145300 
2.146900 
2.149600 
2.153800 
2.154100 
2.157500 
2.159400 
2.160000 
2.162100 
2.167800 
2.169500 
2.171300 
2.171400 
2.188100 
2.188700 
2.188800 
2.192700 
2.197500 
2.199100 
2.202800 
2.203400 
2.203400 
2.204500 
2.208700 
2.212400 
2.213200 
2.217500 
2.219800 
2.220300 
2.222200 
2.224000 
2.229100 
2.235700 
2.238900 
2.240200 
2.256700 
2.262700 
2.264000 
2.264500 
2.264800 
2.265500 
2.266600 
2.268200 
2.271700 
2.275200 
2.280100 
2.281700 
2.281900 
2.288400 
2.292300 
2.298000 
2.300500 
2.301900 
2.304200 
2.307000 
2.307200 
2.309000 
2.311700 
2.312000 
2.312800 
2.318700 
2.323200 
2.333900 
2.334600 
2.335800 
2.336100 
2.345100 
2.354100 
2.369800 
2.374900 
2.388800 
2.390700 
2.391800 
2.391900 
2.395000 
2.404800 
2.407100 
2.410300 
2.412700 
2.417100 
2.420000 
2.424700 
2.426100 
2.429500 
2.433900 
2.437800 
2.441400 
2.447400 
2.448000 
2.450500 
2.453100 
2.456700 
2.458800 
2.458900 
2.461500 
2.463100 
2.464000 
2.464400 
2.470200 
2.473100 
2.487800 
2.488800 
2.490200 
2.497800 
2.501300 
2.512500 
2.514400 
2.515900 
2.521300 
2.525100 
2.529900 
2.533300 
2.534400 
2.541400 
2.544900 
2.546400 
2.547500 
2.548200 
2.557100 
2.557900 
2.559800 
2.570300 
2.572100 
2.575400 
2.575500 
2.576100 
2.579600 
2.580300 
2.586000 
2.601900 
2.605600 
2.608500 
2.612400 
2.612700 
2.618000 
2.620000 
2.620100 
2.620200 
2.623400 
2.628100 
2.629500 
2.629800 
2.630600 
2.635400 
2.635400 
2.649100 
2.649300 
2.649500 
2.651800 
2.652800 
2.653500 
2.654500 
2.664800 
2.668800 
2.677300 
2.678300 
2.686100 
2.687100 
2.692100 
2.692300 
2.692600 
2.694400 
2.695300 
2.697700 
2.700200 
2.700800 
2.701600 
2.703800 
2.705400 
2.710800 
2.712300 
2.718600 
2.730400 
2.731400 
2.738200 
2.738400 
2.739800 
2.743800 
2.743900 
2.750200 
2.751800 
2.752800 
2.753200 
2.754800 
2.756500 
2.759200 
2.775300 
2.775600 
2.790300 
2.790900 
2.799900 
2.801800 
2.803500 
2.806000 
2.806700 
2.807100 
2.807300 
2.816300 
2.818600 
2.822500 
2.828200 
2.831900 
2.832500 
2.833600 
2.839100 
2.839600 
2.845100 
2.846300 
2.853400 
2.854400 
2.860400 
2.861300 
2.864600 
2.866000 
2.882900 
2.886300 
2.887900 
2.888400 
2.889400 
2.895200 
2.898300 
2.901500 
2.901700 
2.904700 
2.906400 
2.913400 
2.915800 
2.922300 
2.925400 
2.929100 
2.936100 
2.937100 
2.943700 
2.945600 
2.949600 
2.951100 
2.953500 
2.963000 
2.963600 
2.964100 
2.964200 
2.966800 
2.967500 
2.968700 
2.971000 
2.974400 
2.975100 
2.976600 
2.986300 
2.987100 
2.989400 
2.990100 
2.990900 
2.994300 
2.997500 
2.997700 
