0.024500 
0.027300 
0.027900 
0.030700 
0.037800 
0.042000 
0.042600 
0.047500 
0.048400 
0.053900 
0.060000 
0.076700 
0.078700 
0.093400 
0.101900 
0.105400 
0.111700 
0.114500 
0.123100 
0.126200 
0.140800 
0.152300 
0.153800 
0.157600 
0.158800 
0.163800 
0.167100 
0.169500 
0.179700 
0.183300 
0.192400 
0.194200 
0.197000 
0.199300 
0.205100 
0.229900 
0.232900 
0.233900 
0.252400 
0.265200 
0.279900 
0.282200 
0.282800 
0.290500 
0.294900 
0.310800 
0.329300 
0.329800 
0.333000 
0.335200 
0.335900 
0.344000 
0.357100 
0.361200 
0.399400 
0.406300 
0.410500 
0.431300 
0.436200 
0.438500 
0.440400 
0.441700 
0.451500 
0.457700 
0.458900 
0.468600 
0.475300 
0.496700 
0.516400 
0.521200 
0.521200 
0.527300 
0.533300 
0.538800 
0.542400 
0.547300 
0.564500 
0.567000 
0.568600 
0.571800 
0.572400 
0.580500 
0.582500 
0.585600 
0.593000 
0.603100 
0.622700 
0.622900 
0.623800 
0.623800 
0.626900 
0.630100 
0.635500 
0.647200 
0.651300 
0.656700 
0.658400 
0.664500 
0.672700 
0.676900 
0.684000 
0.686600 
0.691800 
0.693700 
0.699100 
0.701100 
0.705200 
0.707900 
0.712600 
0.713300 
0.715000 
0.716800 
0.719800 
0.725500 
0.732500 
0.749800 
0.750000 
0.765100 
0.768000 
0.770100 
0.771400 
0.772400 
0.773900 
0.779800 
0.779800 
0.780800 
0.787500 
0.788300 
0.808200 
0.813400 
0.819200 
0.839200 
0.846300 
0.846500 
0.851600 
0.851800 
0.852600 
0.853600 
0.862300 
0.876200 
0.877000 
0.878300 
0.892400 
0.893500 
0.900500 
0.913500 
0.917000 
0.920700 
0.926200 
0.926700 
0.931900 
0.939800 
0.951400 
0.951700 
0.960800 
0.964000 
0.968200 
0.991300 
1.010500 
1.011800 
1.014500 
1.022900 
1.024600 
1.032300 
1.036900 
1.045500 
1.057100 
1.061600 
1.064000 
1.078700 
1.083600 
1.087300 
1.114900 
1.119700 
1.126500 
1.131500 
1.132800 
1.133300 
1.144800 
1.145300 
1.146100 
1.154700 
1.162700 
1.163500 
1.167400 
1.175100 
1.182900 
1.192000 
1.198600 
1.199600 
1.216900 
1.231500 
1.273700 
1.283300 
1.286200 
1.289700 
1.292400 
1.292700 
1.294800 
1.297100 
1.303300 
1.319100 
1.324100 
1.328700 
1.329600 
1.333500 
1.338600 
1.342300 
1.345200 
1.350000 
1.353800 
1.356800 
1.357300 
1.366000 
1.367200 
1.371000 
1.371800 
1.379900 
1.384800 
1.387000 
1.391000 
1.391200 
1.394300 
1.405000 
1.406700 
1.409000 
1.418400 
1.425900 
1.435800 
1.437000 
1.437100 
1.454700 
1.457300 
1.473500 
1.474100 
1.478700 
1.482900 
1.489000 
1.498800 
1.514600 
1.515700 
1.526900 
1.532200 
1.544300 
1.544900 
1.546900 
1.555000 
1.556700 
1.559300 
1.582300 
1.585500 
1.588700 
1.594000 
1.601900 
1.602500 
1.607300 
1.607600 
1.611500 
1.615300 
1.624500 
1.625300 
1.625400 
1.636700 
1.640400 
1.645900 
1.647700 
1.652200 
1.654100 
1.669300 
1.676500 
1.685800 
1.710600 
1.718300 
1.718300 
1.722600 
1.722800 
1.725400 
1.729500 
1.737200 
1.746700 
1.749700 
1.750600 
1.756300 
1.757100 
1.760500 
1.770900 
1.784800 
1.790900 
1.794700 
1.795000 
1.798700 
1.799400 
1.799600 
1.801300 
1.805300 
1.805700 
1.840200 
1.841900 
1.843200 
1.844000 
1.845900 
1.848800 
1.849300 
1.850100 
1.853300 
1.874800 
1.879000 
1.884000 
1.886800 
1.887200 
1.888100 
1.888800 
1.889200 
1.890500 
1.907900 
1.917900 
1.920200 
1.931800 
1.934200 
1.943600 
1.944700 
1.953500 
1.962300 
1.966400 
1.974900 
1.983900 
1.989000 
1.998800 
2.003700 
2.031800 
2.040500 
2.048000 
2.048100 
2.055500 
2.056100 
2.079900 
2.085700 
2.086800 
2.088400 
2.109800 
2.110500 
2.116000 
2.122100 
2.134500 
2.139500 
2.141400 
2.143800 
2.145900 
2.149600 
2.151400 
2.158800 
2.160000 
2.168100 
2.176700 
2.188300 
2.188400 
2.205000 
2.211700 
2.212600 
2.223100 
2.231900 
2.238500 
2.249000 
2.253900 
2.255000 
2.264800 
2.296400 
2.296900 
2.304000 
2.307000 
2.319100 
2.326600 
2.327200 
2.347500 
2.348000 
2.369600 
2.378800 
2.381100 
2.393000 
2.396500 
2.412800 
2.419100 
2.440700 
2.441000 
2.444700 
2.444900 
2.450800 
2.458200 
2.459300 
2.459700 
2.462500 
2.467800 
2.473400 
2.480100 
2.483800 
2.487600 
2.491300 
2.498700 
2.499300 
2.501100 
2.501400 
2.503000 
2.511600 
2.515900 
2.524800 
2.526800 
2.533700 
2.534800 
2.535500 
2.546500 
2.548700 
2.549800 
2.551100 
2.569400 
2.581100 
2.594100 
2.609400 
2.611100 
2.613200 
2.614600 
2.630700 
2.635100 
2.636600 
2.643400 
2.644100 
2.649500 
2.650700 
2.662000 
2.662400 
2.667500 
2.671800 
2.671900 
2.682600 
2.688400 
2.691500 
2.714500 
2.714600 
2.716000 
2.719100 
2.721800 
2.725100 
2.731700 
2.744700 
2.760800 
2.762100 
2.764700 
2.773200 
2.786200 
2.788800 
2.804200 
2.806400 
2.814400 
2.834900 
2.836700 
2.839500 
2.847000 
2.853400 
2.866200 
2.880300 
2.884300 
2.901200 
2.904700 
2.912600 
2.926400 
2.931800 
2.941200 
2.941200 
2.953800 
2.954200 
2.955300 
2.962900 
2.964000 
2.975800 
2.984200 
2.989500 
2.992000 
2.993100 
2.997900 
2.999700 
