0.005400 
0.006800 
0.007200 
0.007200 
0.012400 
0.013400 
0.014400 
0.014800 
0.015100 
0.015700 
0.017100 
0.018400 
0.018600 
0.018700 
0.020200 
0.021400 
0.022200 
0.022700 
0.025400 
0.025600 
0.026200 
0.026900 
0.027100 
0.027600 
0.028200 
0.028200 
0.028600 
0.028700 
0.033000 
0.034000 
0.034100 
0.034100 
0.034600 
0.035500 
0.036100 
0.036300 
0.036500 
0.036600 
0.041300 
0.041400 
0.041700 
0.042300 
0.042500 
0.042500 
0.042800 
0.042900 
0.043600 
0.048000 
0.048400 
0.049100 
0.050000 
0.051100 
0.051400 
0.052600 
0.055300 
0.057000 
0.057000 
0.059400 
0.060100 
0.061700 
0.063000 
0.063500 
0.064800 
0.066900 
0.067200 
0.067700 
0.068900 
0.071200 
0.071600 
0.072100 
0.073000 
0.073400 
0.074600 
0.074800 
0.075200 
0.076000 
0.076700 
0.077700 
0.079100 
0.079500 
0.079700 
0.081000 
0.081000 
0.082300 
0.083900 
0.084800 
0.086500 
0.087000 
0.087000 
0.087800 
0.088600 
0.090900 
0.092900 
0.093400 
0.093800 
0.094100 
0.094600 
0.095300 
0.095400 
0.096700 
0.097100 
0.098900 
0.100400 
0.100400 
0.100700 
0.100900 
0.101600 
0.103300 
0.103900 
0.104400 
0.106300 
0.106600 
0.107100 
0.107600 
0.108000 
0.108400 
0.108500 
0.109500 
0.110000 
0.110200 
0.111000 
0.111200 
0.111700 
0.111800 
0.111900 
0.112300 
0.113100 
0.113100 
0.114700 
0.115300 
0.115500 
0.115600 
0.116400 
0.116600 
0.116600 
0.117900 
0.118600 
0.118900 
0.119000 
0.119400 
0.119600 
0.120100 
0.121200 
0.121800 
0.123600 
0.125400 
0.125700 
0.126100 
0.126300 
0.127300 
0.128100 
0.128200 
0.128700 
0.128900 
0.129100 
0.129200 
0.129500 
0.130300 
0.131600 
0.132600 
0.133000 
0.133100 
0.134000 
0.134100 
0.135100 
0.135500 
0.135700 
0.139500 
0.139700 
0.140400 
0.140500 
0.141500 
0.141700 
0.141900 
0.142000 
0.142000 
0.142800 
0.144600 
0.145000 
0.145300 
0.146500 
0.146900 
0.146900 
0.147500 
0.147600 
0.148000 
0.148700 
0.148700 
0.149400 
0.149600 
0.149800 
0.150000 
0.150500 
0.151000 
0.151200 
0.152300 
0.153400 
0.156600 
0.157000 
0.157000 
0.157000 
0.157100 
0.157500 
0.159900 
0.160100 
0.160300 
0.163200 
0.163500 
0.164200 
0.166000 
0.166300 
0.167600 
0.169800 
0.170200 
0.170400 
0.170500 
0.170800 
0.172700 
0.172700 
0.172800 
0.173200 
0.176400 
0.176600 
0.176700 
0.176900 
0.177300 
0.179000 
0.180100 
0.181300 
0.182700 
0.183500 
0.183700 
0.183800 
0.184400 
0.184400 
0.184600 
0.185200 
0.185300 
0.185700 
0.186000 
0.187600 
0.188400 
0.188600 
0.189600 
0.190700 
0.190700 
0.191400 
0.192200 
0.192700 
0.193400 
0.193700 
0.194600 
0.196500 
0.197600 
0.197900 
0.198400 
0.198800 
0.199400 
0.199700 
0.200100 
0.201100 
0.202200 
0.204100 
0.205300 
0.205300 
0.205700 
0.206000 
0.207800 
0.208400 
0.209100 
0.209300 
0.210200 
0.211400 
0.212200 
0.212700 
0.213900 
0.213900 
0.214700 
0.215300 
0.217600 
0.219500 
0.219500 
0.220600 
0.221200 
0.221500 
0.223700 
0.224900 
0.225400 
0.225700 
0.225700 
0.226200 
0.226500 
0.226700 
0.228100 
0.228200 
0.228600 
0.229400 
0.229500 
0.230600 
0.230600 
0.231200 
0.232500 
0.232700 
0.233900 
0.234200 
0.234700 
0.235000 
0.235000 
0.235600 
0.236900 
0.240000 
0.241000 
0.242300 
0.242300 
0.242900 
0.243700 
0.244200 
0.244400 
0.244800 
0.244800 
0.245400 
0.246300 
0.247100 
0.247800 
0.248400 
0.249200 
0.249400 
0.252600 
0.253300 
0.253600 
0.254600 
0.255100 
0.255200 
0.255400 
0.255600 
0.256600 
0.259300 
0.260300 
0.261100 
0.261300 
0.262700 
0.263100 
0.263200 
0.266500 
0.267900 
0.268400 
0.268900 
0.269500 
0.269700 
0.270000 
0.271200 
0.271700 
0.275400 
0.275800 
0.275900 
0.276200 
0.276600 
0.276700 
0.277200 
0.278100 
0.278400 
0.278800 
0.281200 
0.282600 
0.282800 
0.285500 
0.285500 
0.286000 
0.286500 
0.286600 
0.287200 
0.287400 
0.289200 
0.290600 
0.291800 
0.292000 
0.293200 
0.294900 
0.297100 
0.297600 
0.297700 
0.298300 
0.299500 
0.299900 
0.301000 
0.301600 
0.301700 
0.301700 
0.301900 
0.302200 
0.302600 
0.303600 
0.303900 
0.304600 
0.305500 
0.305900 
0.308700 
0.309800 
0.310000 
0.311000 
0.311400 
0.311600 
0.312900 
0.313100 
0.315100 
0.315400 
0.315600 
0.315900 
0.317800 
0.317800 
0.318300 
0.318900 
0.322000 
0.323700 
0.323700 
0.324400 
0.324800 
0.325000 
0.325100 
0.326000 
0.327300 
0.328900 
0.329300 
0.330600 
0.330700 
0.331300 
0.331900 
0.331900 
0.332500 
0.332700 
0.332700 
0.333100 
0.334100 
0.335300 
0.335500 
0.336200 
0.336200 
0.337400 
0.338200 
0.338400 
0.339300 
0.339500 
0.339600 
0.341500 
0.342800 
0.343400 
0.343700 
0.343900 
0.344500 
0.345700 
0.345800 
0.347000 
0.348100 
0.348200 
0.348500 
0.349200 
0.349400 
0.349600 
0.350100 
0.350500 
0.352100 
0.352400 
0.353000 
0.353400 
0.354100 
0.354900 
0.355900 
0.356200 
0.357300 
0.357300 
0.357600 
0.358200 
0.358900 
0.359900 
0.360500 
0.361400 
0.361600 
0.362000 
0.362400 
0.363400 
0.363700 
0.364000 
0.364100 
0.365100 
0.365500 
0.365600 
0.367600 
0.368100 
0.368400 
0.369500 
0.369500 
0.370500 
0.371100 
0.371200 
0.373600 
0.374100 
0.374400 
0.375100 
0.377100 
0.377400 
0.377900 
0.378000 
0.378200 
0.379800 
0.380900 
0.381700 
0.381700 
0.382800 
0.383900 
0.384400 
0.385300 
0.385900 
0.385900 
0.386000 
0.386100 
0.386200 
0.386800 
0.387500 
0.388200 
0.388300 
0.389200 
0.390000 
0.393000 
0.393700 
0.393900 
0.395100 
0.395800 
0.396200 
0.396300 
0.396400 
0.399300 
0.399400 
0.399900 
0.401300 
0.401600 
0.401800 
0.402600 
0.403100 
0.403100 
0.403300 
0.403300 
0.403400 
0.404200 
0.406300 
0.407500 
0.408300 
0.408500 
0.408700 
0.409000 
0.409600 
0.409700 
0.409700 
0.409800 
0.409800 
0.410600 
0.410700 
0.411100 
0.413900 
0.414200 
0.415100 
0.415800 
0.416600 
0.416700 
0.417400 
0.418800 
0.418800 
0.418800 
0.419200 
0.420000 
0.420900 
0.420900 
0.421800 
0.423400 
0.423700 
0.423800 
0.423900 
0.424400 
0.424800 
0.425600 
0.426800 
0.427800 
0.428100 
0.428400 
0.429200 
0.429300 
0.429800 
0.430500 
0.430700 
0.431600 
0.432700 
0.432900 
0.434500 
0.434900 
0.435800 
0.435800 
0.437600 
0.439000 
0.439300 
0.440700 
0.440900 
0.441100 
0.442400 
0.442700 
0.443300 
0.443900 
0.444000 
0.444600 
0.445300 
0.446800 
0.447000 
0.447000 
0.447900 
0.450400 
0.450800 
0.451500 
0.452900 
0.454700 
0.455200 
0.457300 
0.458000 
0.458800 
0.459200 
0.459400 
0.459700 
0.460800 
0.462000 
0.462000 
0.462800 
0.462800 
0.464100 
0.464700 
0.465400 
0.465400 
0.465500 
0.465500 
0.466300 
0.467800 
0.467900 
0.468200 
0.470800 
0.471200 
0.472000 
0.472800 
0.472900 
0.473000 
0.473200 
0.473600 
0.475000 
0.476700 
0.477200 
0.479500 
0.479900 
0.480200 
0.480700 
0.481000 
0.481700 
0.482400 
0.486500 
0.486800 
0.487400 
0.487400 
0.488500 
0.489300 
0.490300 
0.491800 
0.491800 
0.492400 
0.492500 
0.494700 
0.495100 
0.495500 
0.496000 
0.496500 
0.497100 
0.497700 
0.498400 
0.501300 
0.501700 
0.502000 
0.502800 
0.503000 
0.503600 
0.504100 
0.505700 
0.505900 
0.506900 
0.507800 
0.508300 
0.508700 
0.509000 
0.510400 
0.510900 
0.511100 
0.511200 
0.511400 
0.512700 
0.513100 
0.514500 
0.515800 
0.518200 
0.518600 
0.519000 
0.520300 
0.520300 
0.521100 
0.523200 
0.523300 
0.523900 
0.524200 
0.525200 
0.525200 
0.526100 
0.528200 
0.529100 
0.529900 
0.530300 
0.530500 
0.530900 
0.531600 
0.532100 
0.533200 
0.534000 
0.535200 
0.535300 
0.536500 
0.537400 
0.537900 
0.538700 
0.539500 
0.540400 
0.541300 
0.542300 
0.545100 
0.545900 
0.546200 
0.546300 
0.546500 
0.546700 
0.547100 
0.547600 
0.547800 
0.548000 
0.548200 
0.549800 
0.550800 
0.553200 
0.554100 
0.555000 
0.556400 
0.557600 
0.558400 
0.560300 
0.561600 
0.562500 
0.562900 
0.564800 
0.564900 
0.565100 
0.567000 
0.567700 
0.567700 
0.568100 
0.569100 
0.569500 
0.569600 
0.573200 
0.573700 
0.575000 
0.575500 
0.575600 
0.576600 
0.576800 
0.577200 
0.577700 
0.581300 
0.581500 
0.582300 
0.583700 
0.583800 
0.583900 
0.585200 
0.585400 
0.586300 
0.587900 
0.588500 
0.589200 
0.590900 
0.591100 
0.591300 
0.591500 
0.593700 
0.594100 
0.596100 
0.596700 
0.598200 
0.598300 
0.598900 
0.600300 
0.600900 
0.601100 
0.601300 
0.601700 
0.602300 
0.602900 
0.603200 
0.604800 
0.605100 
0.605800 
0.606400 
0.607200 
0.607300 
0.607300 
0.608300 
0.608900 
0.609500 
0.609900 
0.610800 
0.613200 
0.614000 
0.615000 
0.615800 
0.616000 
0.616200 
0.616200 
0.616500 
0.622300 
0.622900 
0.623200 
0.624200 
0.624400 
0.625300 
0.625400 
0.628100 
0.628800 
0.629000 
0.629900 
0.629900 
0.630100 
0.630800 
0.631000 
0.632200 
0.632400 
0.633500 
0.634500 
0.635800 
0.635900 
0.636200 
0.636300 
0.637000 
0.638600 
0.640300 
0.641800 
0.641900 
0.643000 
0.643200 
0.643200 
0.644000 
0.644200 
0.644300 
0.646200 
0.646900 
0.648100 
0.648600 
0.648700 
0.650700 
0.650800 
0.651100 
0.651200 
0.652100 
0.652700 
0.653900 
0.654700 
0.654800 
0.654900 
0.657400 
0.657600 
0.657700 
0.658200 
0.659200 
0.661600 
0.662100 
0.663300 
0.664400 
0.664500 
0.665000 
0.666800 
0.667900 
0.668400 
0.668900 
0.669000 
0.669800 
0.671400 
0.673000 
0.674400 
0.675200 
0.675700 
0.676500 
0.678900 
0.679500 
0.679700 
0.681200 
0.681600 
0.682500 
0.683500 
0.683800 
0.684400 
0.685200 
0.686100 
0.686600 
0.687000 
0.687400 
0.687600 
0.687800 
0.688100 
0.688200 
0.689200 
0.689300 
0.690000 
0.692800 
0.694600 
0.694600 
0.695000 
0.696000 
0.696400 
0.696600 
0.698200 
0.699000 
0.700000 
0.701000 
0.701500 
0.702400 
0.702400 
0.703100 
0.703300 
0.703500 
0.703700 
0.706600 
0.706600 
0.708600 
0.708900 
0.709400 
0.710200 
0.711400 
0.714100 
0.714300 
0.714900 
0.715600 
0.716000 
0.718200 
0.718900 
0.719900 
0.720800 
0.721500 
0.721500 
0.721900 
0.722800 
0.722900 
0.723200 
0.724100 
0.725000 
0.726200 
0.726600 
0.726900 
0.727100 
0.727700 
0.727900 
0.728300 
0.729200 
0.729400 
0.731000 
0.731400 
0.732300 
0.733100 
0.733200 
0.734300 
0.734500 
0.734500 
0.734800 
0.735400 
0.737100 
0.737300 
0.738800 
0.739100 
0.739600 
0.739800 
0.739900 
0.740300 
0.740600 
0.740900 
0.742300 
0.742400 
0.744000 
0.744500 
0.746900 
0.748600 
0.749400 
0.749600 
0.749600 
0.751200 
0.751700 
0.754400 
0.755000 
0.756400 
0.756700 
0.757300 
0.757800 
0.758000 
0.760300 
0.761300 
0.761400 
0.761600 
0.763800 
0.764400 
0.764800 
0.765700 
0.766800 
0.767400 
0.768500 
0.769200 
0.771200 
0.771400 
0.771800 
0.772000 
0.772300 
0.772900 
0.773500 
0.773600 
0.775300 
0.775500 
0.776300 
0.776900 
0.777100 
0.777300 
0.777800 
0.778000 
0.778000 
0.778200 
0.778900 
0.781900 
0.782000 
0.784100 
0.784500 
0.784700 
0.784800 
0.786000 
0.786400 
0.787000 
0.787800 
0.788500 
0.789600 
0.789800 
0.790000 
0.792100 
0.792200 
0.793300 
0.795400 
0.795800 
0.796500 
0.796700 
0.797700 
0.798500 
0.800700 
0.802000 
0.802100 
0.802400 
0.804100 
0.804200 
0.806100 
0.807900 
0.807900 
0.808300 
0.808900 
0.809600 
0.809700 
0.810600 
0.811600 
0.812900 
0.813400 
0.814200 
0.814300 
0.816600 
0.816700 
0.817800 
0.818000 
0.818700 
0.819500 
0.819800 
0.820100 
0.822700 
0.822900 
0.824800 
0.826100 
0.826400 
0.826700 
0.826900 
0.829500 
0.830600 
0.831100 
0.831900 
0.832400 
0.832600 
0.832900 
0.833000 
0.833800 
0.833800 
0.834000 
0.834800 
0.835000 
0.835600 
0.835900 
0.836400 
0.837300 
0.838000 
0.838600 
0.838800 
0.839200 
0.841000 
0.841700 
0.841900 
0.842800 
0.843700 
0.844700 
0.845000 
0.845200 
0.846700 
0.847700 
0.847900 
0.848000 
0.848700 
0.849000 
0.850400 
0.850900 
0.852400 
0.852500 
0.852500 
0.852600 
0.853200 
0.853600 
0.854100 
0.854700 
0.855100 
0.855500 
0.856000 
0.856100 
0.856200 
0.856600 
0.859300 
0.859900 
0.860100 
0.860900 
0.861000 
0.864500 
0.865900 
0.866800 
0.866900 
0.867100 
0.867800 
0.868700 
0.868800 
0.868900 
0.871100 
0.872700 
0.873100 
0.873600 
0.874200 
0.874500 
0.874600 
0.875800 
0.876600 
0.876800 
0.877100 
0.879800 
0.880600 
0.881700 
0.881800 
0.882100 
0.882400 
0.882700 
0.884300 
0.885300 
0.885300 
0.886100 
0.887800 
0.887900 
0.888200 
0.888600 
0.889600 
0.890300 
0.890600 
0.890900 
0.891500 
0.892000 
0.892100 
0.892100 
0.892800 
0.893300 
0.893600 
0.894000 
0.894700 
0.895400 
0.896400 
0.898500 
0.899900 
0.900000 
0.900600 
0.900900 
0.901700 
0.901700 
0.902300 
0.903700 
0.903800 
0.905000 
0.905400 
0.906000 
0.907800 
0.908100 
0.908400 
0.908400 
0.909100 
0.909200 
0.909200 
0.910800 
0.913800 
0.913900 
0.914700 
0.915000 
0.915100 
0.915900 
0.917600 
0.919900 
0.921300 
0.921400 
0.921600 
0.921600 
0.922400 
0.924200 
0.925000 
0.926600 
0.926700 
0.928300 
0.928700 
0.928700 
0.929600 
0.929700 
0.930200 
0.930400 
0.931700 
0.931900 
0.932500 
0.933500 
0.934200 
0.935900 
0.936600 
0.936700 
0.936700 
0.938800 
0.938900 
0.939300 
0.941300 
0.943000 
0.943600 
0.946100 
0.946500 
0.947600 
0.948000 
0.949700 
0.950200 
0.951300 
0.952500 
0.953400 
0.954000 
0.954300 
0.956000 
0.956600 
0.958100 
0.959300 
0.959600 
0.959700 
0.960200 
0.961300 
0.962500 
0.962900 
0.963200 
0.963900 
0.963900 
0.964200 
0.964800 
0.965500 
0.967200 
0.967900 
0.968000 
0.968000 
0.968200 
0.969300 
0.970600 
0.970800 
0.971300 
0.972900 
0.974800 
0.977900 
0.978100 
0.978300 
0.978300 
0.981200 
0.981400 
0.983200 
0.983400 
0.984100 
0.984200 
0.984800 
0.984900 
0.985600 
0.985700 
0.986900 
0.988700 
0.989300 
0.989400 
0.989800 
0.990300 
0.991200 
0.991200 
0.992700 
0.992700 
0.993100 
0.993500 
0.994100 
0.994200 
0.994500 
0.994600 
0.995700 
0.996000 
0.997500 
0.997700 
0.999100 
0.999700 
0.999700 
1.000400 
1.000900 
1.001300 
1.003300 
1.003600 
1.004100 
1.004600 
1.005300 
1.005900 
1.006500 
1.006600 
1.008000 
1.008200 
1.008600 
1.008800 
1.010000 
1.010300 
1.010800 
1.010900 
1.013600 
1.013600 
1.013900 
1.014900 
1.015100 
1.015700 
1.017900 
1.018400 
1.019100 
1.020600 
1.020800 
1.021400 
1.021900 
1.025100 
1.026300 
1.026400 
1.027000 
1.027600 
1.027800 
1.028200 
1.028300 
1.028800 
1.029600 
1.030000 
1.033200 
1.033600 
1.034400 
1.034600 
1.035200 
1.035500 
1.036200 
1.037200 
1.037600 
1.038800 
1.039200 
1.039600 
1.039700 
1.040500 
1.040600 
1.040600 
1.041400 
1.042100 
1.042100 
1.042300 
1.043200 
1.043700 
1.044200 
1.045000 
1.047200 
1.049700 
1.050300 
1.050500 
1.050800 
1.050900 
1.050900 
1.051800 
1.052300 
1.053000 
1.053300 
1.054400 
1.055400 
1.056100 
1.056700 
1.057700 
1.058300 
1.058700 
1.058900 
1.061300 
1.061400 
1.061600 
1.062800 
1.063000 
1.064900 
1.066000 
1.066200 
1.067000 
1.067800 
1.068100 
1.069200 
1.069500 
1.069600 
1.071500 
1.073000 
1.073300 
1.074100 
1.075000 
1.076700 
1.080800 
1.080900 
1.082000 
1.082300 
1.083200 
1.085200 
1.085500 
1.086100 
1.087600 
1.088200 
1.089000 
1.089000 
1.089300 
1.089500 
1.089500 
1.090200 
1.090800 
1.091500 
1.092600 
1.093200 
1.093400 
1.093600 
1.095300 
1.095300 
1.095900 
1.096600 
1.096600 
1.097700 
1.098100 
1.099400 
1.099900 
1.101700 
1.101800 
1.101900 
1.103300 
1.103500 
1.104800 
1.105000 
1.105500 
1.107400 
1.107600 
1.108400 
1.108500 
1.108700 
1.108700 
1.109200 
1.110200 
1.110600 
1.112400 
1.112600 
1.112900 
1.114000 
1.115400 
1.115700 
1.116000 
1.116700 
1.116900 
1.117000 
1.117600 
1.118500 
1.119200 
1.119600 
1.120200 
1.121400 
1.121900 
1.122300 
1.124300 
1.124300 
1.124300 
1.124900 
1.125000 
1.127500 
1.128100 
1.128500 
1.130600 
1.131000 
1.132200 
1.135000 
1.135100 
1.136200 
1.137300 
1.137500 
1.137900 
1.139300 
1.139800 
1.139800 
1.139900 
1.140200 
1.141700 
1.142700 
1.143100 
1.143100 
1.144800 
1.145100 
1.145600 
1.147000 
1.147300 
1.148400 
1.148900 
1.149800 
1.150400 
1.150800 
1.151300 
1.151400 
1.154300 
1.156200 
1.156600 
1.156700 
1.157000 
1.157000 
1.158200 
1.158300 
1.158400 
1.158600 
1.159000 
1.159100 
1.160700 
1.160800 
1.161900 
1.163600 
1.164100 
1.165100 
1.165600 
1.167500 
1.167600 
1.168200 
1.170700 
1.171100 
1.171800 
1.172300 
1.172900 
1.173000 
1.173900 
1.174300 
1.175800 
1.176600 
1.178300 
1.178900 
1.179000 
1.179200 
1.179600 
1.181700 
1.182700 
1.183600 
1.184700 
1.186200 
1.186600 
1.187200 
1.187400 
1.187800 
1.188200 
1.189300 
1.189700 
1.192900 
1.193700 
1.195100 
1.195900 
1.197100 
1.197800 
1.197800 
1.198200 
1.198400 
1.198700 
1.198900 
1.200300 
1.200400 
1.201700 
1.201700 
1.202100 
1.202200 
1.204900 
1.205000 
1.205400 
1.205800 
1.207100 
1.207100 
1.208000 
1.208500 
1.209000 
1.209900 
1.210300 
1.211200 
1.211800 
1.212100 
1.212600 
1.213400 
1.213500 
1.214700 
1.217100 
1.218000 
1.218600 
1.219000 
1.219600 
1.219700 
1.221200 
1.221200 
1.224700 
1.224900 
1.224900 
1.225800 
1.225900 
1.226000 
1.226900 
1.227300 
1.227500 
1.228900 
1.230100 
1.230500 
1.232500 
1.232700 
1.233800 
1.233800 
1.234300 
1.235400 
1.235700 
1.235900 
1.239100 
1.239300 
1.240000 
1.240800 
1.241000 
1.241100 
1.241200 
1.241300 
1.241500 
1.242000 
1.245600 
1.246300 
1.246900 
1.247000 
1.247800 
1.248700 
1.250300 
1.250700 
1.250800 
1.251000 
1.252000 
1.253000 
1.253000 
1.253300 
1.254800 
1.255200 
1.255900 
1.256400 
1.256500 
1.257300 
1.258000 
1.258900 
1.260500 
1.260700 
1.261700 
1.262000 
1.262000 
1.262000 
1.262200 
1.262300 
1.262800 
1.263200 
1.263500 
1.264700 
1.265100 
1.265200 
1.265200 
1.266400 
1.266900 
1.267500 
1.267600 
1.268500 
1.268900 
1.269000 
1.269200 
1.270700 
1.271400 
1.272300 
1.273800 
1.275300 
1.275400 
1.275600 
1.277200 
1.277600 
1.277800 
1.278100 
1.278400 
1.281400 
1.281700 
1.282100 
1.282200 
1.283300 
1.284300 
1.284500 
1.284500 
1.285200 
1.286000 
1.287100 
1.288000 
1.288500 
1.288500 
1.289400 
1.290800 
1.291600 
1.292200 
1.292600 
1.292800 
1.292800 
1.294600 
1.295600 
1.296300 
1.297900 
1.298300 
1.298800 
1.299100 
1.299300 
1.299500 
1.299700 
1.299800 
1.301500 
1.301800 
1.305800 
1.306300 
1.306400 
1.307800 
1.307800 
1.312100 
1.312500 
1.312700 
1.313200 
1.313500 
1.314500 
1.314800 
1.315200 
1.316100 
1.316500 
1.316600 
1.316900 
1.317300 
1.317700 
1.318100 
1.318500 
1.318800 
1.319400 
1.319700 
1.320000 
1.321000 
1.321800 
1.324200 
1.326200 
1.327100 
1.328100 
1.328700 
1.331000 
1.331200 
1.331500 
1.331600 
1.332300 
1.332400 
1.332500 
1.333100 
1.333100 
1.333400 
1.334600 
1.335500 
1.336100 
1.336500 
1.336500 
1.337500 
1.338700 
1.338700 
1.338800 
1.339200 
1.339700 
1.341100 
1.341200 
1.341300 
1.342400 
1.343300 
1.343400 
1.344600 
1.344900 
1.345200 
1.345600 
1.347200 
1.347600 
1.349200 
1.349400 
1.349700 
1.350400 
1.351500 
1.352000 
1.352500 
1.352900 
1.353100 
1.353700 
1.354800 
1.356600 
1.356600 
1.357200 
1.358100 
1.358500 
1.359100 
1.359500 
1.359600 
1.360400 
1.361500 
1.362000 
1.363100 
1.363500 
1.364000 
1.364500 
1.364600 
1.367200 
1.367900 
1.369300 
1.370500 
1.370700 
1.371300 
1.371500 
1.371700 
1.373400 
1.374600 
1.375900 
1.376500 
1.377200 
1.378100 
1.378100 
1.378600 
1.379200 
1.379400 
1.381600 
1.383800 
1.385900 
1.386100 
1.386400 
1.387200 
1.387800 
1.388100 
1.388500 
1.388900 
1.389300 
1.390100 
1.390200 
1.390700 
1.391400 
1.391700 
1.393300 
1.393500 
1.393500 
1.394300 
1.395100 
1.395600 
1.395900 
1.396100 
1.397700 
1.397800 
1.398400 
1.399000 
1.399300 
1.399700 
1.400800 
1.401800 
1.402400 
1.402500 
1.403000 
1.403300 
1.403600 
1.403700 
1.404800 
1.407400 
1.407500 
1.408000 
1.409000 
1.409100 
1.409800 
1.410300 
1.410300 
1.410700 
1.413200 
1.413600 
1.413700 
1.414100 
1.414300 
1.415500 
1.416000 
1.416900 
1.417100 
1.417800 
1.418500 
1.419400 
1.419900 
1.419900 
1.420900 
1.421700 
1.422100 
1.423600 
1.423600 
1.423800 
1.424000 
1.424600 
1.424600 
1.425100 
1.425100 
1.425700 
1.426600 
1.427400 
1.427600 
1.430800 
1.431800 
1.432300 
1.432600 
1.433200 
1.434000 
1.434500 
1.434900 
1.435000 
1.435300 
1.436200 
1.437700 
1.438700 
1.440500 
1.441000 
1.441200 
1.441500 
1.441900 
1.443200 
1.443700 
1.444100 
1.445000 
1.447500 
1.447800 
1.448300 
1.448600 
1.448700 
1.449600 
1.449900 
1.450600 
1.451500 
1.451800 
1.452700 
1.453000 
1.454200 
1.454400 
1.455700 
1.456000 
1.456400 
1.456600 
1.458100 
1.460800 
1.461900 
1.462300 
1.462300 
1.462900 
1.464000 
1.466500 
1.468500 
1.469100 
1.469100 
1.469900 
1.470300 
1.471000 
1.471100 
1.471800 
1.472000 
1.473300 
1.474100 
1.474200 
1.475300 
1.475700 
1.476000 
1.476600 
1.476700 
1.477200 
1.477800 
1.478700 
1.478900 
1.481600 
1.482200 
1.484200 
1.484200 
1.484800 
1.485700 
1.486200 
1.488100 
1.488300 
1.488300 
1.489500 
1.490100 
1.491300 
1.492600 
1.492800 
1.493200 
1.494000 
1.494500 
1.495300 
1.496900 
1.497200 
1.497700 
1.497800 
1.500600 
1.502000 
1.502500 
1.503600 
1.504700 
1.506100 
1.507300 
1.509100 
1.509800 
1.509800 
1.510100 
1.510400 
1.510700 
1.510800 
1.512000 
1.512400 
1.513100 
1.514300 
1.514400 
1.515200 
1.515300 
1.517800 
1.517800 
1.518200 
1.518300 
1.519300 
1.519700 
1.520600 
1.520600 
1.521000 
1.521200 
1.521200 
1.522300 
1.522700 
1.523900 
1.525500 
1.525700 
1.526000 
1.526700 
1.526800 
1.528200 
1.528300 
1.529100 
1.529300 
1.529700 
1.530200 
1.530600 
1.530800 
1.531300 
1.531300 
1.532100 
1.532300 
1.534100 
1.534400 
1.534900 
1.536000 
1.536600 
1.539100 
1.539500 
1.540300 
1.542600 
1.543100 
1.544500 
1.545700 
1.547000 
1.547500 
1.549800 
1.550100 
1.550400 
1.551000 
1.551800 
1.553400 
1.553600 
1.555500 
1.557500 
1.557800 
1.558000 
1.558800 
1.559500 
1.559700 
1.559800 
1.562100 
1.563400 
1.563500 
1.564600 
1.564800 
1.564900 
1.565100 
1.566500 
1.567100 
1.567500 
1.568800 
1.569200 
1.569400 
1.569800 
1.570000 
1.571600 
1.572300 
1.573500 
1.573900 
1.574800 
1.576200 
1.576900 
1.577500 
1.577600 
1.579200 
1.581200 
1.581300 
1.581400 
1.581600 
1.581600 
1.581700 
1.581800 
1.582000 
1.582700 
1.584000 
1.584800 
1.585000 
1.585700 
1.587200 
1.587400 
1.587700 
1.588000 
1.589100 
1.589800 
1.590500 
1.592400 
1.592900 
1.594500 
1.594700 
1.594700 
1.595600 
1.595700 
1.596300 
1.596400 
1.597700 
1.597800 
1.601100 
1.601300 
1.602100 
1.602600 
1.603100 
1.604200 
1.604500 
1.605300 
1.605500 
1.605800 
1.606000 
1.606000 
1.607100 
1.607100 
1.609000 
1.609300 
1.609500 
1.610300 
1.611000 
1.611200 
1.611400 
1.612300 
1.612600 
1.612700 
1.613100 
1.614400 
1.616200 
1.616200 
1.617100 
1.617700 
1.617700 
1.619300 
1.620400 
1.622800 
1.623600 
1.624700 
1.626700 
1.627100 
1.627800 
1.628000 
1.628300 
1.628800 
1.628800 
1.628900 
1.630500 
1.630700 
1.631100 
1.631500 
1.632400 
1.634000 
1.634000 
1.634500 
1.635000 
1.635100 
1.638000 
1.638000 
1.639400 
1.639500 
1.640600 
1.641500 
1.641600 
1.641700 
1.642600 
1.642700 
1.642800 
1.643300 
1.644100 
1.645400 
1.645800 
1.645900 
1.646100 
1.646400 
1.647000 
1.648700 
1.649300 
1.650200 
1.651500 
1.652100 
1.652600 
1.653300 
1.653600 
1.655100 
1.656900 
1.657500 
1.658100 
1.658600 
1.658800 
1.659500 
1.660200 
1.660400 
1.660900 
1.661000 
1.661400 
1.661900 
1.662600 
1.662700 
1.663000 
1.663200 
1.663700 
1.664200 
1.664800 
1.665900 
1.666600 
1.667500 
1.669200 
1.669400 
1.669900 
1.670400 
1.671300 
1.675500 
1.676000 
1.676100 
1.676200 
1.676700 
1.678200 
1.678400 
1.679500 
1.682000 
1.683200 
1.683200 
1.683800 
1.684600 
1.685200 
1.685400 
1.686200 
1.686300 
1.686500 
1.687200 
1.688000 
1.688500 
1.689600 
1.689800 
1.690900 
1.691000 
1.691600 
1.692400 
1.693700 
1.695700 
1.696500 
1.697000 
1.697300 
1.697400 
1.697900 
1.697900 
1.698300 
1.698400 
1.699400 
1.699900 
1.699900 
1.700200 
1.700400 
1.702200 
1.702900 
1.703000 
1.704100 
1.704400 
1.705100 
1.706100 
1.707700 
1.707800 
1.708800 
1.709200 
1.709500 
1.709600 
1.710300 
1.710400 
1.711300 
1.712600 
1.713200 
1.714300 
1.714800 
1.715100 
1.716900 
1.717000 
1.717700 
1.717700 
1.717700 
1.717900 
1.718200 
1.721100 
1.721300 
1.722100 
1.722500 
1.722600 
1.723300 
1.725300 
1.725400 
1.725700 
1.725700 
1.727100 
1.728400 
1.729000 
1.732000 
1.732300 
1.732600 
1.733600 
1.734900 
1.735000 
1.736100 
1.736600 
1.737100 
1.738800 
1.739700 
1.740500 
1.741200 
1.741700 
1.741800 
1.742000 
1.742700 
1.743100 
1.744300 
1.745400 
1.745700 
1.746700 
1.746800 
1.746900 
1.747000 
1.749100 
1.749200 
1.750200 
1.750300 
1.750400 
1.752700 
1.754500 
1.754700 
1.756700 
1.756800 
1.757100 
1.758200 
1.758500 
1.759100 
1.759200 
1.761000 
1.761800 
1.761800 
1.764300 
1.764500 
1.764900 
1.765000 
1.766000 
1.766500 
1.767800 
1.768200 
1.768600 
1.769100 
1.769300 
1.770400 
1.770600 
1.772600 
1.773000 
1.773100 
1.774200 
1.774700 
1.776200 
1.777300 
1.777400 
1.777400 
1.777900 
1.778900 
1.779000 
1.779800 
1.780600 
1.780700 
1.781500 
1.783100 
1.783100 
1.783400 
1.783800 
1.784400 
1.785000 
1.785700 
1.785900 
1.788700 
1.790000 
1.791000 
1.792100 
1.792700 
1.792800 
1.793100 
1.793700 
1.795300 
1.796600 
1.798800 
1.799600 
1.799600 
1.800200 
1.801100 
1.802000 
1.802300 
1.803200 
1.803500 
1.804400 
1.804500 
1.804800 
1.805500 
1.805600 
1.805900 
1.806100 
1.806600 
1.807000 
1.808000 
1.808700 
1.808800 
1.809700 
1.809800 
1.810800 
1.811700 
1.812700 
1.814400 
1.814500 
1.814800 
1.814900 
1.816000 
1.818700 
1.819200 
1.819400 
1.819900 
1.820000 
1.820700 
1.820700 
1.820900 
1.821000 
1.821700 
1.823100 
1.823300 
1.823400 
1.823600 
1.823900 
1.824300 
1.825900 
1.826100 
1.826800 
1.828400 
1.829300 
1.830300 
1.830400 
1.830500 
1.833400 
1.833900 
1.835300 
1.835400 
1.836400 
1.836600 
1.837600 
1.838100 
1.839300 
1.839700 
1.841900 
1.844800 
1.845000 
1.845100 
1.846100 
1.847200 
1.847300 
1.848300 
1.848400 
1.848500 
1.849600 
1.850600 
1.851700 
1.852600 
1.853100 
1.853300 
1.853500 
1.853800 
1.854500 
1.855000 
1.856800 
1.857400 
1.857700 
1.858300 
1.858900 
1.859400 
1.859700 
1.859800 
1.860200 
1.861400 
1.863000 
1.863100 
1.866700 
1.867400 
1.868000 
1.868100 
1.871000 
1.871400 
1.873200 
1.874300 
1.875200 
1.875500 
1.876500 
1.876900 
1.877400 
1.878100 
1.879100 
1.879700 
1.880900 
1.881400 
1.882100 
1.882500 
1.882500 
1.882600 
1.882800 
1.882900 
1.885200 
1.885200 
1.885900 
1.886000 
1.888000 
1.888100 
1.888300 
1.890100 
1.890200 
1.890800 
1.892000 
1.892000 
1.892300 
1.893100 
1.893200 
1.894000 
1.895400 
1.895400 
1.896700 
1.898800 
1.899200 
1.899300 
1.899900 
1.900600 
1.900800 
1.902000 
1.902200 
1.902400 
1.904400 
1.904800 
1.906000 
1.906600 
1.906900 
1.907100 
1.907800 
1.908000 
1.908400 
1.908700 
1.908700 
1.909800 
1.909900 
1.913100 
1.913700 
1.914800 
1.916200 
1.917500 
1.920500 
1.920600 
1.921100 
1.921500 
1.921700 
1.921800 
1.922000 
1.922100 
1.922100 
1.923100 
1.927200 
1.927500 
1.928000 
1.928000 
1.928000 
1.928500 
1.928500 
1.929200 
1.929400 
1.930400 
1.931300 
1.932500 
1.932600 
1.934000 
1.934300 
1.934400 
1.934600 
1.934700 
1.934800 
1.935000 
1.935600 
1.936100 
1.937700 
1.940000 
1.940500 
1.940800 
1.941100 
1.942900 
1.943600 
1.943700 
1.944300 
1.945400 
1.946100 
1.946400 
1.946800 
1.949800 
1.951200 
1.951500 
1.951700 
1.952200 
1.952500 
1.952500 
1.954200 
1.955400 
1.956000 
1.957000 
1.958400 
1.958900 
1.960200 
1.960700 
1.960700 
1.961200 
1.961900 
1.962400 
1.963600 
1.963900 
1.964200 
1.964600 
1.965300 
1.966100 
1.967500 
1.967900 
1.968800 
1.970700 
1.971100 
1.971300 
1.971800 
1.972900 
1.974600 
1.974900 
1.975100 
1.975200 
1.977500 
1.978600 
1.978900 
1.979800 
1.980600 
1.981000 
1.982100 
1.983000 
1.984000 
1.984500 
1.985400 
1.985500 
1.985600 
1.985700 
1.987100 
1.987200 
1.987500 
1.988200 
1.988400 
1.990700 
1.991000 
1.991100 
1.992300 
1.992500 
1.993300 
1.995500 
1.996300 
1.996900 
1.998400 
1.998500 
1.998700 
1.999200 
2.000100 
2.000200 
2.000300 
2.000400 
2.000500 
2.002400 
2.005600 
2.005900 
2.006300 
2.007200 
2.007400 
2.008700 
2.008900 
2.009300 
2.010000 
2.010200 
2.010300 
2.010900 
2.011600 
2.011600 
2.011600 
2.012800 
2.012900 
2.013400 
2.013800 
2.013900 
2.015200 
2.019100 
2.019300 
2.020300 
2.020500 
2.020700 
2.020700 
2.021200 
2.021400 
2.022000 
2.022800 
2.025000 
2.025500 
2.025800 
2.026100 
2.026900 
2.027100 
2.027800 
2.028800 
2.029000 
2.030000 
2.031100 
2.031400 
2.032700 
2.032800 
2.033500 
2.034200 
2.035400 
2.037200 
2.037400 
2.037500 
2.038700 
2.039400 
2.040500 
2.040800 
2.041400 
2.041400 
2.042900 
2.043100 
2.043900 
2.045500 
2.046000 
2.047100 
2.048000 
2.048400 
2.048800 
2.049100 
2.049400 
2.049600 
2.050300 
2.050400 
2.051400 
2.052500 
2.053400 
2.054500 
2.054800 
2.056200 
2.056400 
2.056700 
2.057100 
2.058200 
2.058700 
2.059700 
2.061000 
2.063100 
2.063300 
2.064200 
2.064300 
2.064600 
2.065400 
2.068600 
2.068600 
2.070000 
2.071700 
2.071800 
2.072500 
2.072600 
2.072800 
2.072900 
2.073000 
2.075000 
2.076300 
2.076300 
2.076500 
2.078500 
2.078800 
2.079000 
2.081500 
2.083000 
2.083100 
2.084800 
2.085300 
2.085800 
2.086400 
2.088500 
2.088800 
2.089500 
2.090200 
2.090900 
2.091800 
2.092800 
2.093100 
2.094800 
2.096200 
2.096600 
2.098900 
2.099400 
2.100300 
2.101200 
2.101300 
2.101800 
2.102200 
2.103000 
2.103200 
2.103400 
2.103600 
2.104400 
2.105500 
2.107000 
2.107200 
2.108600 
2.108900 
2.110000 
2.112100 
2.114800 
2.115000 
2.115200 
2.115400 
2.115900 
2.116100 
2.117400 
2.118900 
2.119500 
2.119600 
2.121200 
2.121900 
2.122000 
2.122500 
2.122600 
2.123200 
2.123800 
2.124000 
2.124200 
2.128100 
2.128700 
2.129300 
2.129500 
2.129800 
2.131000 
2.131000 
2.132600 
2.133400 
2.133700 
2.134200 
2.134900 
2.134900 
2.135800 
2.135900 
2.137100 
2.137700 
2.138400 
2.139300 
2.139800 
2.142500 
2.143600 
2.143600 
2.144000 
2.145100 
2.145200 
2.145400 
2.146400 
2.147400 
2.148000 
2.151200 
2.151700 
2.152400 
2.152400 
2.152900 
2.154300 
2.154700 
2.155100 
2.155500 
2.156100 
2.157600 
2.158100 
2.158200 
2.159000 
2.159400 
2.160100 
2.160500 
2.161100 
2.162500 
2.164500 
2.165200 
2.166300 
2.167300 
2.167500 
2.167600 
2.168200 
2.168400 
2.169000 
2.169200 
2.169600 
2.172200 
2.173300 
2.173500 
2.174100 
2.174200 
2.174600 
2.175300 
2.175800 
2.176000 
2.177500 
2.178400 
2.179000 
2.180600 
2.181300 
2.182100 
2.182700 
2.183000 
2.183200 
2.184100 
2.185300 
2.185300 
2.185500 
2.185600 
2.185600 
2.185600 
2.185800 
2.186400 
2.186800 
2.187200 
2.187300 
2.187800 
2.187900 
2.189200 
2.190000 
2.190300 
2.190900 
2.191400 
2.191900 
2.194800 
2.195300 
2.195800 
2.196400 
2.196400 
2.198100 
2.198100 
2.198800 
2.199400 
2.199700 
2.200900 
2.201800 
2.202500 
2.203200 
2.203800 
2.203900 
2.204000 
2.204500 
2.207300 
2.208600 
2.209000 
2.209000 
2.210400 
2.210700 
2.210900 
2.211400 
2.214600 
2.215000 
2.216000 
2.216000 
2.216500 
2.217100 
2.218100 
2.218300 
2.218700 
2.219300 
2.219500 
2.220500 
2.221300 
2.222400 
2.222900 
2.223300 
2.223700 
2.225000 
2.226300 
2.227200 
2.228000 
2.228300 
2.228400 
2.229800 
2.230400 
2.230800 
2.231600 
2.232000 
2.232400 
2.232700 
2.233100 
2.233600 
2.234300 
2.234900 
2.235100 
2.235400 
2.235500 
2.235600 
2.236300 
2.237600 
2.238200 
2.238300 
2.238500 
2.238600 
2.239300 
2.240000 
2.243300 
2.243800 
2.244300 
2.244900 
2.245000 
2.245300 
2.246500 
2.247700 
2.247900 
2.249000 
2.250500 
2.250900 
2.251300 
2.251400 
2.252400 
2.252600 
2.253800 
2.254500 
2.254600 
2.255000 
2.255700 
2.256400 
2.257900 
2.258700 
2.259300 
2.260300 
2.260700 
2.260800 
2.260900 
2.261300 
2.262600 
2.265300 
2.266000 
2.267400 
2.267400 
2.267700 
2.267800 
2.268200 
2.272800 
2.273000 
2.273300 
2.273700 
2.274700 
2.275000 
2.275000 
2.275300 
2.275500 
2.277100 
2.280000 
2.280400 
2.281100 
2.281200 
2.281300 
2.281400 
2.282400 
2.282700 
2.283000 
2.283200 
2.283900 
2.284300 
2.284400 
2.285200 
2.286400 
2.286800 
2.287600 
2.287800 
2.289200 
2.289600 
2.289700 
2.289900 
2.291100 
2.293000 
2.293100 
2.293200 
2.295000 
2.296200 
2.296700 
2.297200 
2.297200 
2.299700 
2.300500 
2.300800 
2.301400 
2.302000 
2.302100 
2.302600 
2.303700 
2.303700 
2.304100 
2.305300 
2.305800 
2.306900 
2.307000 
2.307200 
2.308100 
2.309400 
2.309400 
2.309700 
2.310000 
2.310500 
2.310700 
2.311200 
2.311700 
2.312300 
2.313700 
2.315000 
2.315200 
2.316500 
2.317100 
2.318400 
2.319200 
2.319300 
2.320400 
2.322500 
2.323600 
2.324600 
2.325200 
2.325300 
2.325600 
2.326400 
2.326800 
2.328200 
2.328300 
2.328400 
2.329400 
2.329900 
2.330600 
2.330600 
2.330700 
2.331100 
2.332400 
2.332500 
2.333100 
2.333300 
2.333700 
2.334800 
2.335800 
2.336700 
2.336800 
2.338000 
2.338400 
2.338500 
2.339200 
2.339800 
2.340500 
2.340900 
2.342700 
2.342800 
2.343200 
2.344000 
2.344300 
2.345000 
2.345000 
2.345600 
2.346000 
2.346400 
2.346900 
2.347500 
2.348100 
2.349700 
2.350000 
2.350900 
2.351300 
2.351600 
2.352300 
2.352500 
2.352800 
2.354300 
2.355700 
2.355900 
2.357200 
2.357200 
2.358600 
2.358700 
2.360100 
2.361200 
2.361700 
2.363300 
2.364000 
2.364700 
2.365400 
2.366400 
2.366500 
2.367100 
2.367800 
2.367900 
2.368300 
2.368600 
2.368700 
2.369600 
2.370900 
2.371700 
2.371900 
2.372300 
2.373600 
2.373600 
2.374400 
2.376300 
2.376500 
2.377600 
2.378300 
2.378400 
2.378500 
2.380300 
2.381100 
2.381500 
2.381800 
2.382900 
2.383700 
2.384800 
2.385500 
2.385900 
2.386600 
2.387600 
2.387700 
2.387900 
2.388000 
2.390200 
2.390700 
2.392000 
2.392100 
2.393100 
2.393300 
2.393700 
2.393700 
2.393800 
2.395100 
2.395500 
2.395900 
2.397400 
2.397600 
2.399700 
2.400600 
2.401400 
2.401600 
2.402200 
2.402500 
2.402700 
2.402700 
2.402800 
2.404000 
2.404700 
2.405400 
2.406700 
2.409700 
2.409900 
2.409900 
2.410400 
2.410800 
2.411200 
2.411500 
2.412200 
2.414500 
2.417800 
2.417900 
2.418100 
2.418100 
2.418400 
2.419700 
2.420700 
2.422900 
2.424000 
2.424400 
2.424400 
2.425000 
2.425800 
2.425900 
2.425900 
2.426600 
2.427900 
2.428300 
2.428500 
2.430900 
2.432200 
2.432400 
2.432700 
2.433600 
2.433900 
2.435300 
2.435700 
2.436500 
2.437200 
2.439900 
2.440200 
2.440800 
2.440900 
2.441800 
2.442000 
2.442100 
2.444000 
2.444800 
2.446200 
2.446700 
2.447100 
2.447100 
2.447800 
2.448800 
2.448900 
2.450200 
2.452100 
2.452100 
2.452900 
2.453400 
2.454200 
2.454400 
2.454500 
2.456500 
2.456800 
2.459400 
2.459400 
2.460700 
2.461100 
2.463100 
2.463300 
2.464200 
2.464400 
2.467900 
2.468000 
2.468100 
2.470000 
2.471100 
2.471100 
2.472600 
2.472800 
2.473300 
2.474700 
2.474700 
2.475100 
2.476000 
2.476600 
2.476700 
2.477100 
2.477400 
2.477400 
2.478900 
2.479400 
2.480700 
2.481800 
2.482400 
2.483700 
2.484000 
2.484300 
2.486400 
2.487700 
2.489000 
2.489500 
2.489700 
2.490200 
2.491000 
2.491200 
2.491400 
2.493300 
2.494100 
2.495500 
2.495500 
2.496400 
2.496400 
2.497700 
2.497700 
2.497800 
2.498800 
2.500500 
2.501900 
2.502100 
2.502500 
2.502900 
2.503500 
2.503800 
2.504700 
2.504700 
2.506100 
2.507300 
2.508800 
2.509300 
2.509500 
2.510100 
2.510300 
2.510500 
2.510500 
2.512100 
2.512100 
2.514100 
2.514400 
2.515900 
2.516600 
2.518600 
2.518900 
2.519200 
2.520100 
2.520200 
2.520800 
2.522600 
2.523200 
2.523200 
2.524300 
2.524800 
2.526000 
2.526400 
2.526400 
2.526500 
2.527100 
2.529400 
2.530300 
2.530600 
2.530900 
2.532100 
2.533100 
2.533300 
2.533500 
2.533600 
2.536400 
2.537300 
2.540100 
2.540600 
2.541200 
2.541400 
2.541400 
2.541700 
2.542500 
2.542800 
2.544400 
2.544600 
2.546500 
2.546900 
2.547000 
2.547900 
2.548100 
2.548200 
2.549000 
2.550300 
2.550700 
2.550800 
2.552000 
2.553100 
2.553300 
2.555300 
2.555800 
2.556400 
2.558800 
2.558800 
2.558900 
2.559400 
2.559500 
2.560100 
2.561400 
2.561900 
2.562500 
2.562600 
2.563300 
2.563400 
2.563700 
2.565700 
2.566200 
2.566300 
2.566400 
2.566800 
2.566800 
2.568000 
2.568800 
2.569400 
2.570000 
2.571100 
2.572600 
2.573400 
2.573800 
2.575000 
2.575200 
2.575600 
2.576000 
2.576800 
2.577200 
2.577400 
2.578900 
2.579600 
2.579900 
2.581800 
2.582000 
2.582600 
2.584200 
2.584700 
2.584800 
2.585100 
2.585200 
2.586000 
2.586100 
2.586600 
2.587000 
2.587900 
2.588100 
2.589000 
2.589700 
2.590000 
2.591500 
2.592100 
2.592100 
2.592700 
2.593100 
2.594000 
2.594100 
2.596000 
2.596100 
2.597400 
2.597500 
2.597900 
2.598400 
2.599500 
2.600200 
2.602700 
2.603900 
2.604300 
2.604700 
2.604900 
2.605900 
2.606400 
2.607200 
2.608200 
2.608400 
2.608600 
2.609900 
2.610700 
2.611400 
2.611600 
2.611900 
2.612300 
2.612600 
2.616200 
2.616500 
2.616600 
2.616800 
2.617400 
2.617600 
2.617700 
2.618800 
2.619000 
2.619600 
2.619700 
2.619800 
2.620100 
2.621700 
2.622700 
2.625000 
2.626100 
2.626400 
2.627100 
2.627400 
2.628400 
2.629100 
2.630000 
2.630100 
2.630600 
2.632600 
2.632900 
2.633600 
2.633900 
2.636000 
2.636100 
2.637400 
2.639200 
2.639600 
2.639700 
2.641200 
2.642100 
2.642100 
2.643700 
2.643800 
2.643900 
2.645500 
2.645600 
2.646700 
2.646800 
2.646900 
2.648900 
2.649100 
2.649500 
2.650200 
2.650200 
2.650400 
2.651100 
2.651600 
2.653900 
2.657100 
2.658000 
2.658000 
2.658000 
2.658500 
2.658600 
2.659500 
2.661100 
2.661300 
2.661800 
2.662100 
2.663500 
2.665000 
2.665400 
2.665500 
2.665800 
2.667700 
2.668300 
2.668400 
2.668800 
2.668900 
2.669200 
2.669900 
2.671600 
2.671700 
2.672200 
2.672400 
2.672800 
2.676800 
2.677000 
2.677700 
2.678700 
2.679000 
2.679500 
2.679600 
2.681300 
2.681400 
2.681500 
2.682200 
2.682700 
2.682700 
2.682700 
2.682800 
2.684800 
2.686200 
2.686300 
2.686800 
2.689400 
2.691100 
2.691500 
2.692900 
2.693200 
2.694300 
2.696000 
2.696400 
2.697700 
2.698300 
2.701400 
2.702100 
2.702100 
2.702700 
2.703000 
2.703300 
2.705500 
2.706300 
2.708800 
2.708900 
2.709600 
2.710000 
2.710300 
2.710400 
2.711000 
2.712400 
2.713100 
2.715200 
2.715600 
2.716300 
2.716600 
2.717400 
2.718800 
2.720000 
2.721700 
2.722100 
2.722500 
2.723200 
2.724500 
2.725200 
2.725400 
2.726500 
2.726600 
2.726700 
2.727200 
2.728000 
2.728600 
2.728900 
2.729300 
2.729400 
2.729900 
2.730600 
2.730800 
2.731700 
2.731700 
2.732700 
2.732900 
2.734000 
2.734900 
2.737100 
2.737900 
2.738600 
2.739000 
2.739300 
2.739700 
2.739700 
2.740400 
2.741300 
2.741600 
2.742900 
2.743100 
2.745200 
2.745200 
2.745200 
2.745600 
2.748100 
2.749100 
2.749300 
2.749400 
2.750700 
2.750700 
2.751600 
2.752500 
2.753800 
2.754200 
2.754600 
2.754700 
2.755300 
2.756100 
2.756300 
2.756900 
2.757600 
2.758100 
2.758500 
2.759400 
2.760400 
2.760600 
2.763200 
2.764100 
2.765500 
2.766600 
2.766600 
2.767400 
2.768400 
2.769900 
2.770000 
2.770100 
2.771000 
2.771300 
2.772000 
2.773500 
2.774800 
2.775800 
2.775800 
2.775900 
2.777000 
2.777200 
2.779400 
2.779500 
2.779900 
2.781300 
2.781900 
2.782300 
2.782500 
2.782600 
2.782900 
2.783600 
2.784200 
2.786000 
2.787900 
2.788600 
2.788800 
2.789400 
2.789900 
2.793600 
2.793600 
2.794600 
2.795700 
2.796700 
2.797000 
2.797800 
2.798100 
2.798600 
2.799400 
2.799400 
2.799900 
2.801800 
2.801900 
2.802700 
2.802900 
2.803600 
2.803600 
2.804500 
2.804500 
2.807000 
2.809100 
2.809700 
2.810100 
2.810600 
2.811600 
2.813300 
2.813600 
2.815100 
2.815700 
2.815900 
2.816700 
2.817500 
2.817600 
2.817900 
2.818400 
2.819700 
2.820600 
2.820900 
2.821100 
2.821900 
2.822100 
2.822900 
2.823500 
2.823700 
2.825300 
2.826900 
2.827200 
2.827200 
2.827400 
2.828000 
2.828300 
2.828700 
2.829700 
2.830600 
2.830600 
2.832400 
2.833400 
2.834000 
2.835200 
2.836200 
2.837400 
2.837500 
2.837700 
2.838200 
2.838900 
2.839800 
2.841500 
2.841800 
2.842200 
2.842600 
2.843800 
2.844300 
2.845700 
2.846500 
2.846700 
2.848300 
2.848800 
2.850800 
2.851000 
2.851700 
2.852400 
2.853100 
2.853700 
2.854600 
2.854700 
2.855700 
2.856500 
2.857700 
2.858000 
2.859900 
2.860000 
2.860100 
2.860200 
2.862000 
2.862200 
2.863400 
2.863900 
2.864500 
2.865500 
2.866500 
2.866700 
2.868200 
2.868600 
2.868800 
2.870500 
2.870700 
2.871000 
2.871300 
2.871800 
2.872500 
2.872700 
2.872700 
2.873200 
2.875000 
2.875200 
2.875700 
2.878200 
2.879100 
2.879500 
2.879500 
2.879600 
2.880600 
2.880800 
2.881200 
2.881800 
2.882000 
2.882300 
2.883200 
2.884200 
2.886300 
2.886500 
2.886800 
2.887100 
2.887300 
2.887800 
2.888400 
2.888700 
2.890800 
2.892100 
2.894000 
2.894800 
2.896400 
2.897900 
2.898000 
2.898500 
2.898700 
2.899400 
2.900300 
2.901700 
2.902100 
2.903800 
2.905600 
2.906400 
2.907800 
2.908200 
2.908300 
2.909400 
2.909500 
2.909700 
2.910200 
2.913400 
2.913600 
2.913700 
2.914500 
2.914600 
2.914700 
2.915100 
2.916800 
2.917100 
2.917800 
2.920300 
2.920400 
2.920500 
2.922000 
2.922000 
2.923600 
2.927100 
2.927200 
2.927400 
2.929700 
2.929700 
2.930600 
2.931800 
2.932200 
2.932300 
2.932400 
2.934400 
2.934700 
2.935500 
2.936800 
2.937000 
2.937700 
2.938700 
2.939500 
2.940200 
2.941000 
2.941000 
2.941700 
2.944200 
2.944500 
2.945200 
2.945400 
2.945500 
2.946100 
2.946400 
2.946700 
2.946900 
2.947500 
2.947800 
2.948100 
2.948800 
2.948800 
2.949900 
2.950000 
2.950600 
2.950800 
2.951400 
2.953900 
2.954000 
2.954300 
2.954500 
2.954700 
2.958500 
2.960800 
2.960900 
2.961000 
2.961300 
2.961700 
2.962000 
2.962500 
2.962700 
2.963600 
2.964500 
2.964700 
2.967000 
2.967200 
2.968100 
2.968300 
2.968500 
2.969300 
2.970100 
2.970200 
2.972500 
2.973200 
2.974500 
2.974800 
2.975200 
2.976700 
2.977100 
2.977100 
2.977900 
2.977900 
2.980700 
2.980700 
2.980900 
2.981500 
2.981700 
2.983900 
2.984100 
2.984300 
2.988500 
2.989500 
2.990100 
2.990300 
2.990700 
2.990800 
2.991000 
2.991400 
2.992300 
2.994400 
2.996300 
2.996500 
2.996900 
2.997500 
2.997500 
2.998000 
2.999200 
