0.041700 
0.044900 
0.047700 
0.048900 
0.051000 
0.052300 
0.053000 
0.053700 
0.054000 
0.054200 
0.054300 
0.054900 
0.057500 
0.057600 
0.059100 
0.059900 
0.060400 
0.061700 
0.063700 
0.064900 
0.065000 
0.066400 
0.067900 
0.070200 
0.073500 
0.076700 
0.076800 
0.078600 
0.082600 
0.082600 
0.083600 
0.085000 
0.087200 
0.087900 
0.088400 
0.089200 
0.089700 
0.091800 
0.092500 
0.093100 
0.094700 
0.095600 
0.096900 
0.098500 
0.098600 
0.100400 
0.103300 
0.104500 
0.110100 
0.110300 
0.111800 
0.112400 
0.114500 
0.114500 
0.117600 
0.118400 
0.119700 
0.126300 
0.127100 
0.128500 
0.129300 
0.129700 
0.130400 
0.131800 
0.132000 
0.133200 
0.134100 
0.134200 
0.135300 
0.138000 
0.138900 
0.140600 
0.143400 
0.143700 
0.144400 
0.144900 
0.145100 
0.147500 
0.148300 
0.148500 
0.149000 
0.149300 
0.151200 
0.151600 
0.156100 
0.157600 
0.157900 
0.159700 
0.160500 
0.161700 
0.162200 
0.164200 
0.164900 
0.174000 
0.175400 
0.176400 
0.176900 
0.179300 
0.182200 
0.183500 
0.185200 
0.185600 
0.186700 
0.186900 
0.188200 
0.190000 
0.192600 
0.194300 
0.195300 
0.197200 
0.197200 
0.202000 
0.202000 
0.202700 
0.203200 
0.207400 
0.208600 
0.209500 
0.209700 
0.209800 
0.210700 
0.215800 
0.216700 
0.216900 
0.217900 
0.220900 
0.222900 
0.224800 
0.225600 
0.226600 
0.228600 
0.231000 
0.231200 
0.232600 
0.232900 
0.233300 
0.234900 
0.235500 
0.237100 
0.237600 
0.237700 
0.237900 
0.237900 
0.239100 
0.241700 
0.249400 
0.251100 
0.251300 
0.254800 
0.254900 
0.259600 
0.262200 
0.263200 
0.265900 
0.266300 
0.267000 
0.267700 
0.271500 
0.273100 
0.276100 
0.281100 
0.282200 
0.282900 
0.284400 
0.284600 
0.285100 
0.285400 
0.286400 
0.291100 
0.292900 
0.294200 
0.296700 
0.297500 
0.297800 
0.297900 
0.298400 
0.298500 
0.301300 
0.305200 
0.306200 
0.310200 
0.310600 
0.311900 
0.313200 
0.314900 
0.321900 
0.323600 
0.325200 
0.325200 
0.325300 
0.325800 
0.330900 
0.331500 
0.331800 
0.332200 
0.333300 
0.335700 
0.336700 
0.339800 
0.340100 
0.341400 
0.341700 
0.342900 
0.343400 
0.343600 
0.346400 
0.347200 
0.348300 
0.348900 
0.349800 
0.350600 
0.352000 
0.352400 
0.352400 
0.353700 
0.355200 
0.356700 
0.358900 
0.365600 
0.365800 
0.370900 
0.371100 
0.372400 
0.374600 
0.375500 
0.376600 
0.376800 
0.377900 
0.378700 
0.379100 
0.380100 
0.381600 
0.381700 
0.384200 
0.384600 
0.388000 
0.389300 
0.393300 
0.395000 
0.396100 
0.396500 
0.396600 
0.404900 
0.405000 
0.406000 
0.407500 
0.414300 
0.414600 
0.414800 
0.416300 
0.417000 
0.419100 
0.421600 
0.423300 
0.423500 
0.423600 
0.423600 
0.424100 
0.424400 
0.426000 
0.426100 
0.426100 
0.427800 
0.429400 
0.430200 
0.433600 
0.434400 
0.434800 
0.436300 
0.437300 
0.439100 
0.439400 
0.440300 
0.440700 
0.443100 
0.445900 
0.446100 
0.450800 
0.451300 
0.452700 
0.452800 
0.452900 
0.453000 
0.455100 
0.456100 
0.457400 
0.457900 
0.459100 
0.460800 
0.462600 
0.467200 
0.467600 
0.468900 
0.469300 
0.471500 
0.479500 
0.480700 
0.482400 
0.482500 
0.485400 
0.486000 
0.487600 
0.487600 
0.489000 
0.489800 
0.490100 
0.493100 
0.494500 
0.494900 
0.495400 
0.495400 
0.496000 
0.496300 
0.496800 
0.496800 
0.498400 
0.499500 
0.502400 
0.504200 
0.505300 
0.506500 
0.506800 
0.506800 
0.511500 
0.511800 
0.513700 
0.514000 
0.515900 
0.516000 
0.518400 
0.521300 
0.522100 
0.523200 
0.529500 
0.532600 
0.532900 
0.534800 
0.537100 
0.538700 
0.539000 
0.539700 
0.547800 
0.549400 
0.551400 
0.551900 
0.552600 
0.555200 
0.555700 
0.556100 
0.556600 
0.556800 
0.556900 
0.561500 
0.562100 
0.563000 
0.563400 
0.563900 
0.567700 
0.568000 
0.572500 
0.572700 
0.577300 
0.577500 
0.577700 
0.578800 
0.580000 
0.580300 
0.580900 
0.581800 
0.583600 
0.583900 
0.584200 
0.585700 
0.586400 
0.587800 
0.588100 
0.592800 
0.594300 
0.594400 
0.596500 
0.598300 
0.598700 
0.599400 
0.599600 
0.600200 
0.600600 
0.600900 
0.605200 
0.609700 
0.611000 
0.612700 
0.613100 
0.616700 
0.616800 
0.617800 
0.621900 
0.623400 
0.623400 
0.623600 
0.624100 
0.626300 
0.627800 
0.629700 
0.631200 
0.635600 
0.637000 
0.637500 
0.637600 
0.638300 
0.640100 
0.643800 
0.645200 
0.645600 
0.647000 
0.648200 
0.650600 
0.652200 
0.654000 
0.654200 
0.657800 
0.658000 
0.658500 
0.665800 
0.666200 
0.667400 
0.672200 
0.673200 
0.675000 
0.675300 
0.676000 
0.678500 
0.678500 
0.678800 
0.679500 
0.683600 
0.684200 
0.685500 
0.685600 
0.685900 
0.690700 
0.692000 
0.693800 
0.695600 
0.695800 
0.695800 
0.698000 
0.698500 
0.700900 
0.701700 
0.703300 
0.704300 
0.709400 
0.709700 
0.714500 
0.715800 
0.717400 
0.718100 
0.718200 
0.718400 
0.719500 
0.719900 
0.720300 
0.720800 
0.721100 
0.723100 
0.723800 
0.725900 
0.729700 
0.730300 
0.730600 
0.732800 
0.732800 
0.733800 
0.734600 
0.735100 
0.737300 
0.738600 
0.740400 
0.743900 
0.744100 
0.744700 
0.745500 
0.747800 
0.750800 
0.751300 
0.753500 
0.753600 
0.753900 
0.754000 
0.754900 
0.755800 
0.757500 
0.759500 
0.759700 
0.761100 
0.761300 
0.762700 
0.763100 
0.763700 
0.764900 
0.767300 
0.768000 
0.768800 
0.769300 
0.770200 
0.770700 
0.771100 
0.774500 
0.774900 
0.776200 
0.777300 
0.777500 
0.779600 
0.784500 
0.787500 
0.788800 
0.791900 
0.792600 
0.793200 
0.793600 
0.794100 
0.798900 
0.801200 
0.801700 
0.802700 
0.803300 
0.803400 
0.803500 
0.809900 
0.809900 
0.810400 
0.812800 
0.813300 
0.814900 
0.815500 
0.816500 
0.820100 
0.820200 
0.820900 
0.821100 
0.821600 
0.821900 
0.822800 
0.826800 
0.830500 
0.831500 
0.831500 
0.832500 
0.833800 
0.833800 
0.834800 
0.837600 
0.838200 
0.840300 
0.842000 
0.846900 
0.847700 
0.849000 
0.849300 
0.851600 
0.853000 
0.853500 
0.856900 
0.861400 
0.862100 
0.863100 
0.864200 
0.866300 
0.866300 
0.868400 
0.869800 
0.870200 
0.877400 
0.877600 
0.877700 
0.878400 
0.878900 
0.879400 
0.879500 
0.885900 
0.886500 
0.887400 
0.888200 
0.889200 
0.889500 
0.894100 
0.895400 
0.897100 
0.902000 
0.902200 
0.904900 
0.904900 
0.905200 
0.905600 
0.906500 
0.912300 
0.912700 
0.916600 
0.916600 
0.916800 
0.917100 
0.917500 
0.917900 
0.918500 
0.920700 
0.924000 
0.924800 
0.925200 
0.931100 
0.931800 
0.933500 
0.935300 
0.941200 
0.943600 
0.943700 
0.943900 
0.945000 
0.946500 
0.946700 
0.948500 
0.949800 
0.952200 
0.953700 
0.954900 
0.955400 
0.962100 
0.964400 
0.965000 
0.966900 
0.968200 
0.970100 
0.971500 
0.972700 
0.973000 
0.973500 
0.974200 
0.974600 
0.975200 
0.975200 
0.975200 
0.976100 
0.976500 
0.978300 
0.978400 
0.979600 
0.981600 
0.984300 
0.988400 
0.989700 
0.993600 
0.994500 
0.995000 
0.996800 
0.997400 
0.998700 
0.999300 
1.000600 
1.001900 
1.002700 
1.003100 
1.006000 
1.006200 
1.009800 
1.010400 
1.014100 
1.016600 
1.018700 
1.018800 
1.019000 
1.020900 
1.024300 
1.026300 
1.027100 
1.027400 
1.029400 
1.029500 
1.031800 
1.032700 
1.033400 
1.036000 
1.038200 
1.039400 
1.043200 
1.044300 
1.044400 
1.046500 
1.048000 
1.048100 
1.048400 
1.050400 
1.051200 
1.052100 
1.053500 
1.054100 
1.057100 
1.057100 
1.057300 
1.058200 
1.059400 
1.063200 
1.065600 
1.065700 
1.066300 
1.067000 
1.067400 
1.070400 
1.071600 
1.072600 
1.073100 
1.073800 
1.077300 
1.078100 
1.078600 
1.084500 
1.086000 
1.087400 
1.090200 
1.090300 
1.092800 
1.093400 
1.096200 
1.096600 
1.097600 
1.099000 
1.099700 
1.101200 
1.104000 
1.104300 
1.106800 
1.107200 
1.108900 
1.109600 
1.110700 
1.111200 
1.111900 
1.116200 
1.116900 
1.117200 
1.119000 
1.119500 
1.119800 
1.126500 
1.131100 
1.132800 
1.132900 
1.139000 
1.139900 
1.141600 
1.141800 
1.142400 
1.143100 
1.143300 
1.145800 
1.146300 
1.146600 
1.148100 
1.152200 
1.153000 
1.153900 
1.154200 
1.154700 
1.155600 
1.155800 
1.158200 
1.162100 
1.162200 
1.162300 
1.164600 
1.165300 
1.167100 
1.168300 
1.170400 
1.171600 
1.172800 
1.174500 
1.175800 
1.176200 
1.177000 
1.180100 
1.180800 
1.182300 
1.184600 
1.184800 
1.185300 
1.186700 
1.186900 
1.187000 
1.187600 
1.187800 
1.189100 
1.189400 
1.189800 
1.191600 
1.192600 
1.195700 
1.198000 
1.198300 
1.198800 
1.199100 
1.200900 
1.201100 
1.202600 
1.205700 
1.208100 
1.208300 
1.210400 
1.211700 
1.212000 
1.215800 
1.215900 
1.216500 
1.218300 
1.218600 
1.219300 
1.219500 
1.219800 
1.220900 
1.221100 
1.223600 
1.224000 
1.225000 
1.225000 
1.226600 
1.228200 
1.228800 
1.229300 
1.230900 
1.237200 
1.241400 
1.242000 
1.244100 
1.246200 
1.246900 
1.248600 
1.249400 
1.251400 
1.251500 
1.254000 
1.254600 
1.255400 
1.260900 
1.262900 
1.265200 
1.265500 
1.265700 
1.268100 
1.272400 
1.272400 
1.273100 
1.275000 
1.277500 
1.280600 
1.281300 
1.281700 
1.283100 
1.285800 
1.286500 
1.288200 
1.290300 
1.290300 
1.290900 
1.291100 
1.292200 
1.292600 
1.298600 
1.301100 
1.301400 
1.302500 
1.303700 
1.305600 
1.307000 
1.312400 
1.314400 
1.315600 
1.318600 
1.321200 
1.322900 
1.323700 
1.323800 
1.324000 
1.324700 
1.325300 
1.326600 
1.327800 
1.327900 
1.329500 
1.330900 
1.331700 
1.332900 
1.333400 
1.336000 
1.338800 
1.343600 
1.346100 
1.348500 
1.350300 
1.351600 
1.352900 
1.354800 
1.355300 
1.360200 
1.360400 
1.360600 
1.362900 
1.363500 
1.369900 
1.370600 
1.374700 
1.376100 
1.377900 
1.381800 
1.382500 
1.383600 
1.386100 
1.386200 
1.386900 
1.388000 
1.389600 
1.391900 
1.392200 
1.396800 
1.397000 
1.398000 
1.398300 
1.398400 
1.398500 
1.399700 
1.399800 
1.400300 
1.401400 
1.402700 
1.403700 
1.404500 
1.407000 
1.411100 
1.414300 
1.415400 
1.421800 
1.422500 
1.423800 
1.424000 
1.424500 
1.426700 
1.427200 
1.430100 
1.432800 
1.435800 
1.436200 
1.436900 
1.438000 
1.440400 
1.441400 
1.442200 
1.442300 
1.443100 
1.443900 
1.444100 
1.444700 
1.444700 
1.446600 
1.446900 
1.447100 
1.449800 
1.450600 
1.454000 
1.456300 
1.458900 
1.463300 
1.466800 
1.468500 
1.469700 
1.470700 
1.471000 
1.471200 
1.471600 
1.471800 
1.478400 
1.478700 
1.479000 
1.480400 
1.483100 
1.483200 
1.485800 
1.487100 
1.487300 
1.487900 
1.489400 
1.492700 
1.494000 
1.494100 
1.494400 
1.499100 
1.499200 
1.502400 
1.504600 
1.506400 
1.506800 
1.509800 
1.512400 
1.513600 
1.514800 
1.515300 
1.515600 
1.519200 
1.521100 
1.521700 
1.522600 
1.526500 
1.528300 
1.529300 
1.529300 
1.532000 
1.533800 
1.535000 
1.537100 
1.537500 
1.540500 
1.541000 
1.541500 
1.544500 
1.548100 
1.550400 
1.551100 
1.553200 
1.553600 
1.555000 
1.557400 
1.559200 
1.560900 
1.561400 
1.563700 
1.564500 
1.564600 
1.564900 
1.567900 
1.569400 
1.570000 
1.570700 
1.571200 
1.572700 
1.575900 
1.576900 
1.578100 
1.579300 
1.579600 
1.579800 
1.581800 
1.582700 
1.584100 
1.585100 
1.585900 
1.586900 
1.587000 
1.588800 
1.589600 
1.591600 
1.593500 
1.594500 
1.595000 
1.598100 
1.600100 
1.600400 
1.603100 
1.607000 
1.608800 
1.610800 
1.612700 
1.615400 
1.617100 
1.619100 
1.619300 
1.620400 
1.622400 
1.623000 
1.629200 
1.630800 
1.634300 
1.634400 
1.634900 
1.636200 
1.638500 
1.638600 
1.638800 
1.642500 
1.646700 
1.647400 
1.648200 
1.649200 
1.649300 
1.650400 
1.650400 
1.653400 
1.656800 
1.657100 
1.657400 
1.657500 
1.657800 
1.657900 
1.663400 
1.665000 
1.667300 
1.668500 
1.669200 
1.672600 
1.675500 
1.676000 
1.677000 
1.678700 
1.680800 
1.689500 
1.693500 
1.693700 
1.693800 
1.694600 
1.695200 
1.698000 
1.701200 
1.701600 
1.703600 
1.703900 
1.704400 
1.704800 
1.706300 
1.706800 
1.707100 
1.707200 
1.711700 
1.712300 
1.713400 
1.713700 
1.715000 
1.715000 
1.716200 
1.716400 
1.719900 
1.720700 
1.722300 
1.722400 
1.723500 
1.727100 
1.727400 
1.728300 
1.733200 
1.733300 
1.733800 
1.735400 
1.736200 
1.736300 
1.737700 
1.737800 
1.745000 
1.747500 
1.748600 
1.750200 
1.751300 
1.751400 
1.751800 
1.752400 
1.754000 
1.756400 
1.757900 
1.758100 
1.758900 
1.759300 
1.763100 
1.763800 
1.764000 
1.764200 
1.766500 
1.767700 
1.768800 
1.770900 
1.775100 
1.775400 
1.777600 
1.777900 
1.779200 
1.780600 
1.781200 
1.783500 
1.785000 
1.785200 
1.786500 
1.787300 
1.788200 
1.792400 
1.792900 
1.793800 
1.797600 
1.798400 
1.799700 
1.801400 
1.802100 
1.803900 
1.804300 
1.805900 
1.809000 
1.809500 
1.810200 
1.811800 
1.812900 
1.815700 
1.815800 
1.817800 
1.817900 
1.819400 
1.819700 
1.819800 
1.821500 
1.822100 
1.823000 
1.828100 
1.829500 
1.829700 
1.835500 
1.838900 
1.839100 
1.843400 
1.843800 
1.844300 
1.847600 
1.850000 
1.851200 
1.853100 
1.853200 
1.854000 
1.854200 
1.856000 
1.857300 
1.859800 
1.862200 
1.862200 
1.863200 
1.865200 
1.868300 
1.868500 
1.871300 
1.872000 
1.872100 
1.872600 
1.872800 
1.873300 
1.873600 
1.875900 
1.878000 
1.882000 
1.886600 
1.889600 
1.889700 
1.890200 
1.891600 
1.892200 
1.892800 
1.892900 
1.897100 
1.899700 
1.901500 
1.901600 
1.905000 
1.908100 
1.908500 
1.910500 
1.911300 
1.914800 
1.918300 
1.919600 
1.920300 
1.920900 
1.921300 
1.924400 
1.925400 
1.928400 
1.929100 
1.932900 
1.933900 
1.934700 
1.935700 
1.937900 
1.939500 
1.939600 
1.943300 
1.944900 
1.946800 
1.947500 
1.949300 
1.949900 
1.953400 
1.955200 
1.957200 
1.958300 
1.961600 
1.962200 
1.967800 
1.968600 
1.970600 
1.972300 
1.975000 
1.976700 
1.977100 
1.979400 
1.980900 
1.983200 
1.985200 
1.986700 
1.987100 
1.987700 
1.988600 
1.988800 
1.991000 
1.994600 
1.995700 
1.995800 
1.997900 
1.999500 
2.005100 
2.005300 
2.007500 
2.009900 
2.012900 
2.013000 
2.013600 
2.014600 
2.014800 
2.015500 
2.016800 
2.017400 
2.022500 
2.026900 
2.027200 
2.028600 
2.029500 
2.032700 
2.033200 
2.036500 
2.038500 
2.038700 
2.039900 
2.040200 
2.040800 
2.041900 
2.042000 
2.043200 
2.046600 
2.050900 
2.052500 
2.053900 
2.054600 
2.054700 
2.055200 
2.056200 
2.056600 
2.058100 
2.059100 
2.060100 
2.063600 
2.065800 
2.066400 
2.069200 
2.070800 
2.071800 
2.074300 
2.076000 
2.076200 
2.076600 
2.077500 
2.079800 
2.081600 
2.084700 
2.084900 
2.085200 
2.088500 
2.088700 
2.089000 
2.092300 
2.092700 
2.093100 
2.095200 
2.096800 
2.097100 
2.097200 
2.100500 
2.104100 
2.104400 
2.105100 
2.105100 
2.108900 
2.110400 
2.112200 
2.112600 
2.113100 
2.114800 
2.117300 
2.118000 
2.119600 
2.121200 
2.121700 
2.123200 
2.127000 
2.127100 
2.128100 
2.128100 
2.129700 
2.130900 
2.130900 
2.135800 
2.136100 
2.138900 
2.138900 
2.141000 
2.141800 
2.141900 
2.143800 
2.143800 
2.144600 
2.146700 
2.149700 
2.150500 
2.150900 
2.150900 
2.151900 
2.152000 
2.154000 
2.155100 
2.155400 
2.157300 
2.159100 
2.160700 
2.161900 
2.163600 
2.165000 
2.165100 
2.167800 
2.168000 
2.168800 
2.169000 
2.173800 
2.174400 
2.176300 
2.179500 
2.183000 
2.185100 
2.186800 
2.187900 
2.189700 
2.189700 
2.191200 
2.194800 
2.195600 
2.198400 
2.198600 
2.198700 
2.201600 
2.202600 
2.204100 
2.206000 
2.208700 
2.209100 
2.209500 
2.213800 
2.215500 
2.215900 
2.220900 
2.222800 
2.222900 
2.224500 
2.228800 
2.229500 
2.230300 
2.231400 
2.232200 
2.232300 
2.232800 
2.233300 
2.236500 
2.237500 
2.237600 
2.237800 
2.238200 
2.238300 
2.239700 
2.240400 
2.240900 
2.241300 
2.243200 
2.243900 
2.245000 
2.245800 
2.246300 
2.248300 
2.252400 
2.253100 
2.253800 
2.254200 
2.256300 
2.256600 
2.258300 
2.258300 
2.266000 
2.266700 
2.268200 
2.268200 
2.270900 
2.271900 
2.272500 
2.272700 
2.273100 
2.274900 
2.280900 
2.281200 
2.283300 
2.283800 
2.284600 
2.286100 
2.295000 
2.295800 
2.297900 
2.298100 
2.301800 
2.302600 
2.303500 
2.303500 
2.304000 
2.304800 
2.306900 
2.307800 
2.309500 
2.310200 
2.311700 
2.312600 
2.314000 
2.316200 
2.318600 
2.320300 
2.320700 
2.322000 
2.327000 
2.330800 
2.332100 
2.334300 
2.334300 
2.336900 
2.339400 
2.339600 
2.341000 
2.343100 
2.345300 
2.345800 
2.346100 
2.350300 
2.352400 
2.354200 
2.355300 
2.356800 
2.358100 
2.358400 
2.359500 
2.359900 
2.360200 
2.360700 
2.360900 
2.360900 
2.361600 
2.361900 
2.362000 
2.364400 
2.367300 
2.368500 
2.369200 
2.371600 
2.372600 
2.373500 
2.373900 
2.374800 
2.375100 
2.377300 
2.378700 
2.384600 
2.385200 
2.385800 
2.385900 
2.386200 
2.387600 
2.389000 
2.389700 
2.394500 
2.394500 
2.394600 
2.396000 
2.396400 
2.396700 
2.396800 
2.399600 
2.401600 
2.402200 
2.404300 
2.404500 
2.405100 
2.406900 
2.407100 
2.411200 
2.411800 
2.414300 
2.414700 
2.414900 
2.416100 
2.420400 
2.420700 
2.422600 
2.424400 
2.424400 
2.428000 
2.432000 
2.433400 
2.435500 
2.436500 
2.439500 
2.441800 
2.443400 
2.445400 
2.448900 
2.450700 
2.451800 
2.453700 
2.453900 
2.454300 
2.455300 
2.458500 
2.459000 
2.460600 
2.461100 
2.461600 
2.461900 
2.463300 
2.463400 
2.463700 
2.464100 
2.465900 
2.466100 
2.467900 
2.467900 
2.470900 
2.472700 
2.473400 
2.474500 
2.477100 
2.481800 
2.482900 
2.483100 
2.484100 
2.487300 
2.488300 
2.488600 
2.492500 
2.492700 
2.493600 
2.494200 
2.495600 
2.499000 
2.500100 
2.503300 
2.506300 
2.507600 
2.510100 
2.512100 
2.512100 
2.515200 
2.516200 
2.516200 
2.516300 
2.517300 
2.517300 
2.517600 
2.518000 
2.521200 
2.521400 
2.524300 
2.524800 
2.528100 
2.528800 
2.528900 
2.529700 
2.530300 
2.530700 
2.531400 
2.531900 
2.536800 
2.538900 
2.539100 
2.539700 
2.542600 
2.542800 
2.543000 
2.544300 
2.547300 
2.552000 
2.554400 
2.558500 
2.562000 
2.562600 
2.565900 
2.566700 
2.571000 
2.572600 
2.578300 
2.579200 
2.580700 
2.580900 
2.582800 
2.585000 
2.585700 
2.587000 
2.589200 
2.594600 
2.598100 
2.598600 
2.598800 
2.603200 
2.603500 
2.609600 
2.612900 
2.614700 
2.616900 
2.621000 
2.623900 
2.624900 
2.625700 
2.626700 
2.627800 
2.629000 
2.630800 
2.631400 
2.631900 
2.632400 
2.638500 
2.640100 
2.641400 
2.641900 
2.642700 
2.643400 
2.644300 
2.646000 
2.647900 
2.648600 
2.649300 
2.650600 
2.651700 
2.653100 
2.654300 
2.656300 
2.656500 
2.657400 
2.660100 
2.660200 
2.660300 
2.661400 
2.664800 
2.668400 
2.668600 
2.669300 
2.671000 
2.671400 
2.677700 
2.680700 
2.681800 
2.682500 
2.683100 
2.683700 
2.683700 
2.686000 
2.689600 
2.691700 
2.692200 
2.693300 
2.693400 
2.693800 
2.695900 
2.695900 
2.696700 
2.700300 
2.700600 
2.701500 
2.704400 
2.711200 
2.712400 
2.714500 
2.715100 
2.715700 
2.717500 
2.718300 
2.718800 
2.720200 
2.720600 
2.724200 
2.725600 
2.729100 
2.730200 
2.732100 
2.732600 
2.735800 
2.737200 
2.737900 
2.738600 
2.740800 
2.741600 
2.746900 
2.748600 
2.751700 
2.751900 
2.752600 
2.758500 
2.758800 
2.759000 
2.761100 
2.761500 
2.761600 
2.761900 
2.763700 
2.764900 
2.768800 
2.769400 
2.769600 
2.771300 
2.773000 
2.776500 
2.777800 
2.778300 
2.779100 
2.780500 
2.781000 
2.786600 
2.786900 
2.788800 
2.791800 
2.794400 
2.795300 
2.795600 
2.799900 
2.800600 
2.801200 
2.801700 
2.802200 
2.802800 
2.807200 
2.807600 
2.808000 
2.810500 
2.810800 
2.811600 
2.813200 
2.815800 
2.816700 
2.816700 
2.817500 
2.818200 
2.818400 
2.818900 
2.820400 
2.820900 
2.827400 
2.828800 
2.830900 
2.832100 
2.833100 
2.836100 
2.838300 
2.839600 
2.845900 
2.846500 
2.847400 
2.849000 
2.849200 
2.851700 
2.852900 
2.853800 
2.853900 
2.855000 
2.855000 
2.855100 
2.860400 
2.861300 
2.863800 
2.864600 
2.868700 
2.871000 
2.871200 
2.872700 
2.873900 
2.876300 
2.876700 
2.878500 
2.881100 
2.881500 
2.882700 
2.883500 
2.884600 
2.884800 
2.886800 
2.888100 
2.891500 
2.892200 
2.897000 
2.897500 
2.899300 
2.900400 
2.904200 
2.906900 
2.909600 
2.910000 
2.911500 
2.911800 
2.912900 
2.913500 
2.914500 
2.915600 
2.916300 
2.918400 
2.920100 
2.925600 
2.926900 
2.926900 
2.927400 
2.927700 
2.927800 
2.928600 
2.929400 
2.930000 
2.930400 
2.930500 
2.930900 
2.931100 
2.932200 
2.933500 
2.933500 
2.934800 
2.938200 
2.939700 
2.941700 
2.945400 
2.945500 
2.949100 
2.949700 
2.951200 
2.951200 
2.951800 
2.958600 
2.958700 
2.960000 
2.960600 
2.963100 
2.964900 
2.966500 
2.966800 
2.968000 
2.970300 
2.972400 
2.975300 
2.977100 
2.977500 
2.978300 
2.980100 
2.980900 
2.981300 
2.981700 
2.982200 
2.988800 
2.989100 
2.991400 
2.997400 
