0.083800 
0.093400 
0.093800 
0.112900 
0.125200 
0.136300 
0.137500 
0.141000 
0.141900 
0.142700 
0.145800 
0.163900 
0.172600 
0.173500 
0.173700 
0.178100 
0.178200 
0.192800 
0.193300 
0.198700 
0.206600 
0.216500 
0.241900 
0.244300 
0.260000 
0.262100 
0.283800 
0.285400 
0.299900 
0.300500 
0.312100 
0.324600 
0.333300 
0.356000 
0.373200 
0.376300 
0.383200 
0.384400 
0.416600 
0.417700 
0.418100 
0.419400 
0.422200 
0.433300 
0.440600 
0.441500 
0.484000 
0.502500 
0.507000 
0.512900 
0.518400 
0.526400 
0.527000 
0.535900 
0.541100 
0.553700 
0.558200 
0.564600 
0.585400 
0.587100 
0.589900 
0.596200 
0.607400 
0.608100 
0.613900 
0.616400 
0.625200 
0.625800 
0.636800 
0.657200 
0.688700 
0.698900 
0.704200 
0.712500 
0.713400 
0.722000 
0.727200 
0.733300 
0.757000 
0.775000 
0.780200 
0.788100 
0.806700 
0.810500 
0.818500 
0.842500 
0.846000 
0.847000 
0.864300 
0.865800 
0.875100 
0.890000 
0.898500 
0.912200 
0.920800 
0.925800 
0.934300 
0.954100 
0.954800 
0.960100 
0.979100 
0.980400 
0.982100 
0.982200 
1.010800 
1.028300 
1.038100 
1.061600 
1.066000 
1.066700 
1.079400 
1.106900 
1.112900 
1.120000 
1.122000 
1.139000 
1.148100 
1.155900 
1.159300 
1.165400 
1.166200 
1.173600 
1.173700 
1.177200 
1.185100 
1.187300 
1.207200 
1.219200 
1.225100 
1.229900 
1.246300 
1.264400 
1.268900 
1.286900 
1.298800 
1.316400 
1.316500 
1.321600 
1.340000 
1.357300 
1.368100 
1.369200 
1.384000 
1.385600 
1.390700 
1.393500 
1.394900 
1.426000 
1.426300 
1.429000 
1.436800 
1.437700 
1.444600 
1.450700 
1.453200 
1.454400 
1.460000 
1.472100 
1.475300 
1.485900 
1.491300 
1.509000 
1.511200 
1.511700 
1.512200 
1.518500 
1.529200 
1.532800 
1.537700 
1.542400 
1.543200 
1.546000 
1.558100 
1.565700 
1.568800 
1.569900 
1.578600 
1.580900 
1.582600 
1.584000 
1.589600 
1.601900 
1.605200 
1.623000 
1.641600 
1.642100 
1.649000 
1.652300 
1.653400 
1.674500 
1.678400 
1.680000 
1.683200 
1.697100 
1.704900 
1.724100 
1.730200 
1.745000 
1.745100 
1.758400 
1.762700 
1.777600 
1.783900 
1.794300 
1.794300 
1.802800 
1.829700 
1.834200 
1.839500 
1.841200 
1.850600 
1.854900 
1.870900 
1.871900 
1.892400 
1.892500 
1.895900 
1.899100 
1.901100 
1.909100 
1.919600 
1.920500 
1.930800 
1.936300 
1.944200 
1.949700 
1.952600 
1.956500 
1.963200 
1.966500 
1.967000 
1.967600 
1.970400 
1.970400 
1.973200 
1.976700 
1.981100 
1.988700 
1.990200 
2.016900 
2.027000 
2.031600 
2.035700 
2.075500 
2.082400 
2.088900 
2.105200 
2.120700 
2.122000 
2.125300 
2.127600 
2.129000 
2.144900 
2.156400 
2.160500 
2.167800 
2.180100 
2.180500 
2.198400 
2.198800 
2.206400 
2.210900 
2.280300 
2.286300 
2.303000 
2.312100 
2.313100 
2.322800 
2.334300 
2.336900 
2.339100 
2.346800 
2.357200 
2.385100 
2.405200 
2.412400 
2.415300 
2.425100 
2.434400 
2.437900 
2.441900 
2.483600 
2.493900 
2.497300 
2.510000 
2.510300 
2.511700 
2.517300 
2.517700 
2.519100 
2.522100 
2.527600 
2.534200 
2.545100 
2.550100 
2.559700 
2.569000 
2.569400 
2.577600 
2.587600 
2.589600 
2.593000 
2.593200 
2.605600 
2.617200 
2.622600 
2.628000 
2.629600 
2.633500 
2.644000 
2.650800 
2.686700 
2.695300 
2.697200 
2.703500 
2.704500 
2.704800 
2.707500 
2.716600 
2.719000 
2.740100 
2.744400 
2.753200 
2.758400 
2.763700 
2.767100 
2.773900 
2.775800 
2.780700 
2.786100 
2.793000 
2.796100 
2.796700 
2.799200 
2.802600 
2.821000 
2.839300 
2.857500 
2.874100 
2.874900 
2.877500 
2.879500 
2.891100 
2.894600 
2.898200 
2.898200 
2.923100 
2.927100 
2.939500 
2.951600 
2.955100 
2.955200 
2.956400 
2.958600 
2.964000 
2.964800 
2.966500 
2.969600 
2.969900 
2.971200 
2.974300 
2.978700 
2.979300 
2.983800 
2.985700 
2.990400 
