11 
44 
25 
54 
28 
46 
16 
10 
23 
35 
9 
22 
3 
14 
25 
5 
46 
41 
6 
18 
26 
7 
24 
2 
28 
4 
19 
27 
34 
52 
30 
6 
3 
8 
16 
42 
49 
47 
26 
14 
33 
51 
11 
46 
44 
27 
55 
53 
50 
52 
1 
3 
25 
11 
46 
40 
13 
41 
30 
50 
4 
6 
26 
22 
6 
12 
9 
25 
38 
28 
46 
26 
14 
44 
21 
1 
46 
6 
28 
2 
17 
20 
43 
9 
30 
35 
6 
47 
28 
16 
40 
23 
30 
29 
35 
51 
13 
41 
26 
25 
30 
16 
31 
20 
32 
46 
0 
47 
44 
5 
32 
4 
33 
42 
9 
35 
54 
26 
43 
14 
6 
52 
3 
32 
1 
51 
17 
2 
30 
42 
41 
22 
33 
4 
32 
46 
54 
18 
49 
25 
34 
20 
41 
6 
54 
34 
38 
17 
32 
3 
14 
26 
18 
32 
28 
14 
5 
38 
6 
51 
13 
17 
43 
35 
32 
49 
7 
32 
10 
8 
29 
50 
13 
24 
2 
52 
30 
50 
26 
20 
40 
18 
9 
25 
30 
35 
32 
22 
11 
29 
50 
10 
21 
30 
14 
33 
41 
35 
4 
2 
10 
22 
53 
25 
8 
37 
12 
2 
33 
51 
14 
32 
23 
21 
50 
6 
54 
41 
52 
0 
11 
9 
20 
21 
15 
2 
16 
49 
6 
4 
16 
37 
13 
2 
30 
46 
3 
9 
36 
26 
19 
13 
0 
5 
30 
19 
6 
14 
23 
54 
1 
28 
31 
2 
37 
1 
50 
53 
47 
23 
29 
43 
44 
49 
47 
39 
19 
21 
30 
23 
26 
46 
11 
16 
1 
9 
20 
4 
38 
51 
32 
39 
19 
37 
30 
12 
20 
31 
1 
21 
35 
33 
39 
2 
44 
8 
35 
0 
28 
1 
50 
32 
41 
35 
40 
18 
46 
5 
43 
3 
38 
11 
46 
47 
20 
30 
51 
3 
37 
36 
13 
30 
22 
32 
6 
14 
25 
17 
4 
51 
34 
35 
4 
0 
25 
54 
8 
50 
42 
21 
18 
7 
47 
3 
1 
51 
29 
54 
32 
13 
40 
31 
30 
37 
29 
44 
1 
27 
31 
43 
8 
5 
22 
36 
28 
16 
26 
43 
33 
44 
10 
27 
22 
13 
41 
26 
29 
3 
15 
2 
47 
0 
55 
50 
12 
16 
46 
37 
18 
38 
19 
5 
40 
50 
3 
20 
19 
0 
38 
25 
52 
46 
31 
40 
2 
6 
49 
54 
11 
26 
9 
6 
12 
32 
34 
30 
41 
10 
35 
14 
1 
54 
46 
26 
50 
23 
25 
27 
9 
5 
39 
2 
18 
28 
40 
12 
36 
30 
9 
26 
6 
45 
17 
49 
54 
27 
3 
51 
18 
7 
49 
20 
11 
31 
24 
33 
52 
0 
22 
38 
28 
10 
39 
41 
26 
9 
19 
6 
10 
25 
22 
46 
27 
9 
24 
1 
44 
35 
11 
31 
5 
15 
36 
42 
34 
25 
41 
24 
3 
39 
6 
48 
35 
25 
40 
33 
11 
23 
34 
32 
7 
14 
41 
9 
28 
38 
16 
21 
47 
3 
32 
5 
37 
40 
14 
28 
25 
8 
33 
49 
2 
26 
15 
52 
11 
28 
24 
4 
23 
42 
46 
9 
34 
44 
51 
28 
27 
15 
10 
44 
5 
29 
51 
11 
16 
28 
48 
6 
47 
50 
24 
54 
7 
13 
44 
54 
12 
18 
31 
23 
7 
28 
38 
14 
25 
10 
20 
3 
5 
46 
11 
50 
0 
1 
55 
26 
32 
13 
48 
27 
21 
33 
