0.015400 
0.016000 
0.016600 
0.017400 
0.018700 
0.023800 
0.026300 
0.027000 
0.027600 
0.028800 
0.029600 
0.029700 
0.030600 
0.031200 
0.031800 
0.031900 
0.036400 
0.036600 
0.037200 
0.037600 
0.042500 
0.048100 
0.052000 
0.053200 
0.053800 
0.054800 
0.057800 
0.058300 
0.059500 
0.060400 
0.061600 
0.061900 
0.062400 
0.067800 
0.070000 
0.070000 
0.070200 
0.071000 
0.072100 
0.074000 
0.074500 
0.075200 
0.077900 
0.078400 
0.078700 
0.079400 
0.079800 
0.080200 
0.083500 
0.084000 
0.084900 
0.087200 
0.087800 
0.090300 
0.092100 
0.093600 
0.095200 
0.100900 
0.104300 
0.104700 
0.107800 
0.108200 
0.108900 
0.109400 
0.110500 
0.110900 
0.112200 
0.112300 
0.112800 
0.115500 
0.115500 
0.115600 
0.116700 
0.116800 
0.116900 
0.117500 
0.118300 
0.119100 
0.120000 
0.120300 
0.123100 
0.125000 
0.128200 
0.128300 
0.128600 
0.129000 
0.129500 
0.131800 
0.133000 
0.133600 
0.136800 
0.140100 
0.140200 
0.142100 
0.142900 
0.142900 
0.143000 
0.144000 
0.144500 
0.145300 
0.146800 
0.147700 
0.148000 
0.148100 
0.148600 
0.148800 
0.150300 
0.150400 
0.152700 
0.154000 
0.160700 
0.161300 
0.161400 
0.165000 
0.166800 
0.171400 
0.171400 
0.172500 
0.173200 
0.173300 
0.173700 
0.176800 
0.177400 
0.178400 
0.181500 
0.181700 
0.184600 
0.185200 
0.185300 
0.186000 
0.188200 
0.188800 
0.189500 
0.191400 
0.192300 
0.192300 
0.195000 
0.195900 
0.196300 
0.197100 
0.197500 
0.201600 
0.201700 
0.202100 
0.203800 
0.208800 
0.209900 
0.211200 
0.213000 
0.213200 
0.215000 
0.215500 
0.217300 
0.218200 
0.223800 
0.224100 
0.225200 
0.225700 
0.226200 
0.226200 
0.227300 
0.229300 
0.229300 
0.230500 
0.231300 
0.233200 
0.233800 
0.237200 
0.239600 
0.243200 
0.245100 
0.246000 
0.246100 
0.246100 
0.247000 
0.248800 
0.250300 
0.252800 
0.254600 
0.254900 
0.256200 
0.256300 
0.257100 
0.257800 
0.273200 
0.274500 
0.276200 
0.276300 
0.277800 
0.277800 
0.279500 
0.280500 
0.283600 
0.285100 
0.285700 
0.286400 
0.286800 
0.286900 
0.288000 
0.292000 
0.292300 
0.292300 
0.292600 
0.293700 
0.294000 
0.300200 
0.303600 
0.303900 
0.311500 
0.312800 
0.312800 
0.313600 
0.314500 
0.315000 
0.315200 
0.316800 
0.316900 
0.318700 
0.321300 
0.323000 
0.324800 
0.328400 
0.328800 
0.329800 
0.330800 
0.331900 
0.332500 
0.332600 
0.334500 
0.335600 
0.335700 
0.336600 
0.336800 
0.339900 
0.342700 
0.343300 
0.344200 
0.346200 
0.346800 
0.346900 
0.347200 
0.349400 
0.351100 
0.352900 
0.353200 
0.353600 
0.355300 
0.356500 
0.357200 
0.358100 
0.359200 
0.359600 
0.361500 
0.362500 
0.362500 
0.363200 
0.363300 
0.363900 
0.364000 
0.364400 
0.365700 
0.368600 
0.370400 
0.370600 
0.371000 
0.373300 
0.374700 
0.378100 
0.378800 
0.378900 
0.380500 
0.382400 
0.383700 
0.384900 
0.385800 
0.387300 
0.388700 
0.393600 
0.394500 
0.395200 
0.395300 
0.399600 
0.400100 
0.401000 
0.403100 
0.403500 
0.403500 
0.403900 
0.406500 
0.407400 
0.408900 
0.408900 
0.409400 
0.409400 
0.409900 
0.410100 
0.413800 
0.414300 
0.414900 
0.420500 
0.421100 
0.421400 
0.421500 
0.422700 
0.422800 
0.423400 
0.424800 
0.426300 
0.427500 
0.428300 
0.428900 
0.429800 
0.431700 
0.433000 
0.433400 
0.435000 
0.438000 
0.440500 
0.440700 
0.442700 
0.443600 
0.444400 
0.445200 
0.445700 
0.447000 
0.447300 
0.447500 
0.449100 
0.451000 
0.454900 
0.456200 
0.459500 
0.460100 
0.460800 
0.462000 
0.462700 
0.464400 
0.464900 
0.467500 
0.470700 
0.472600 
0.472800 
0.473300 
0.475100 
0.475700 
0.476500 
0.476600 
0.476900 
0.478000 
0.478400 
0.479600 
0.481300 
0.481700 
0.483600 
0.484300 
0.486700 
0.488800 
0.489200 
0.491600 
0.492500 
0.493100 
0.495900 
0.495900 
0.496600 
0.499200 
0.500700 
0.503400 
0.504700 
0.506300 
0.506400 
0.507200 
0.507500 
0.507800 
0.509900 
0.512700 
0.515400 
0.516900 
0.519800 
0.520000 
0.520300 
0.527600 
0.528800 
0.529300 
0.529800 
0.531800 
0.532700 
0.536600 
0.538800 
0.544800 
0.545600 
0.545800 
0.548200 
0.548900 
0.551100 
0.557700 
0.558800 
0.560700 
0.565000 
0.565200 
0.566000 
0.566500 
0.568100 
0.568800 
0.570100 
0.570200 
0.572000 
0.573100 
0.573100 
0.574800 
0.576600 
0.580700 
0.580900 
0.582600 
0.584200 
0.585800 
0.585900 
0.586000 
0.588400 
0.588800 
0.588900 
0.591900 
0.593400 
0.594700 
0.596500 
0.596600 
0.596800 
0.599100 
0.603400 
0.604000 
0.607200 
0.607600 
0.608500 
0.608800 
0.608900 
0.609200 
0.610200 
0.612800 
0.616200 
0.616700 
0.620600 
0.624700 
0.625200 
0.627500 
0.628600 
0.628700 
0.629400 
0.630000 
0.630900 
0.631400 
0.631800 
0.633900 
0.633900 
0.636400 
0.638600 
0.639100 
0.640200 
0.641900 
0.642700 
0.646400 
0.647300 
0.648100 
0.651500 
0.653400 
0.653400 
0.655100 
0.655800 
0.656100 
0.657400 
0.658300 
0.659100 
0.661400 
0.662800 
0.663500 
0.666700 
0.669200 
0.670200 
0.671900 
0.675700 
0.675900 
0.677500 
0.680200 
0.682200 
0.683100 
0.684400 
0.684700 
0.685900 
0.686200 
0.686800 
0.687700 
0.688200 
0.689000 
0.689500 
0.690300 
0.691100 
0.693600 
0.693900 
0.695100 
0.698500 
0.701200 
0.701500 
0.702500 
0.702500 
0.704100 
0.705700 
0.707500 
0.708000 
0.709900 
0.712600 
0.716600 
0.720800 
0.722900 
0.723400 
0.723600 
0.723700 
0.723900 
0.724900 
0.726600 
0.727700 
0.728100 
0.732500 
0.734900 
0.735200 
0.735800 
0.736900 
0.736900 
0.738700 
0.739800 
0.742700 
0.745100 
0.748800 
0.750300 
0.758000 
0.759000 
0.759100 
0.764700 
0.766000 
0.767500 
0.768500 
0.770800 
0.771000 
0.772400 
0.772700 
0.773000 
0.773300 
0.773700 
0.773700 
0.773900 
0.774000 
0.774800 
0.776700 
0.777500 
0.778100 
0.778300 
0.782600 
0.784800 
0.784900 
0.786300 
0.786500 
0.791100 
0.794700 
0.794900 
0.795100 
0.795400 
0.796300 
0.797500 
0.801100 
0.808500 
0.809100 
0.809500 
0.814300 
0.814800 
0.815600 
0.817400 
0.818000 
0.819400 
0.820100 
0.820100 
0.820500 
0.821600 
0.823500 
0.827300 
0.828600 
0.829800 
0.833300 
0.833500 
0.834400 
0.834600 
0.836200 
0.838500 
0.838700 
0.839500 
0.840300 
0.841100 
0.843200 
0.845200 
0.849600 
0.849800 
0.849900 
0.851800 
0.852600 
0.852800 
0.852900 
0.853000 
0.853000 
0.855100 
0.856300 
0.856300 
0.858200 
0.859700 
0.861200 
0.865000 
0.865900 
0.867200 
0.867300 
0.871200 
0.872300 
0.875500 
0.876500 
0.876900 
0.880400 
0.884900 
0.888600 
0.888800 
0.889700 
0.890300 
0.890800 
0.891900 
0.892300 
0.892800 
0.893100 
0.893500 
0.894400 
0.896000 
0.897500 
0.900500 
0.901200 
0.905800 
0.906600 
0.907900 
0.908100 
0.908500 
0.912800 
0.912900 
0.915400 
0.916500 
0.918100 
0.919300 
0.920200 
0.921000 
0.921200 
0.921700 
0.921900 
0.922800 
0.924100 
0.924800 
0.925300 
0.926200 
0.930900 
0.933200 
0.933700 
0.940100 
0.943600 
0.943900 
0.945600 
0.949500 
0.951900 
0.953500 
0.954000 
0.956100 
0.962200 
0.963700 
0.964700 
0.965000 
0.965100 
0.965400 
0.966200 
0.966300 
0.968000 
0.968100 
0.971400 
0.972600 
0.977500 
0.981500 
0.982500 
0.983500 
0.984100 
0.984700 
0.985600 
0.986400 
0.988900 
0.989300 
0.992000 
0.993100 
0.993800 
0.993800 
0.995400 
0.996400 
0.996800 
1.000000 
1.000300 
1.000400 
1.001100 
1.002200 
1.002900 
1.002900 
1.004100 
1.004300 
1.004500 
1.008500 
1.009300 
1.010400 
1.014300 
1.015600 
1.018200 
1.019100 
1.021500 
1.021600 
1.022500 
1.025800 
1.026400 
1.027000 
1.028300 
1.029500 
1.032000 
1.034800 
1.035300 
1.036800 
1.038800 
1.039900 
1.040900 
1.040900 
1.041700 
1.042700 
1.043700 
1.045100 
1.049300 
1.049600 
1.053300 
1.054200 
1.054700 
1.055900 
1.056500 
1.057900 
1.058300 
1.058500 
1.062000 
1.062500 
1.064700 
1.065900 
1.066000 
1.066700 
1.067700 
1.074000 
1.076500 
1.085000 
1.085400 
1.085500 
1.085900 
1.086000 
1.087200 
1.088600 
1.089400 
1.089500 
1.091100 
1.093600 
1.094400 
1.095100 
1.096100 
1.098400 
1.099400 
1.099600 
1.100300 
1.101700 
1.103500 
1.103700 
1.105700 
1.106900 
1.107200 
1.107500 
1.110300 
1.113700 
1.113900 
1.115200 
1.117000 
1.118600 
1.119100 
1.120000 
1.120600 
1.121100 
1.121200 
1.122800 
1.125300 
1.125400 
1.127100 
1.129300 
1.129900 
1.133700 
1.135300 
1.137700 
1.139900 
1.140000 
1.140400 
1.140800 
1.143700 
1.145700 
1.147100 
1.148300 
1.154200 
1.157800 
1.157800 
1.158200 
1.158500 
1.160200 
1.163200 
1.167000 
1.167800 
1.169600 
1.173200 
1.173400 
1.173500 
1.174400 
1.174500 
1.176600 
1.177400 
1.181800 
1.181800 
1.182500 
1.184900 
1.186700 
1.189600 
1.195300 
1.198600 
1.198800 
1.198900 
1.199200 
1.199700 
1.201300 
1.202600 
1.207500 
1.208200 
1.210800 
1.211000 
1.212400 
1.212400 
1.212500 
1.213600 
1.213900 
1.215500 
1.216900 
1.217900 
1.219500 
1.220700 
1.222400 
1.224500 
1.225300 
1.226000 
1.226100 
1.228100 
1.230900 
1.232500 
1.233100 
1.235400 
1.236500 
1.240100 
1.240400 
1.242800 
1.243100 
1.243600 
1.246300 
1.246400 
1.248000 
1.249600 
1.249700 
1.251100 
1.251700 
1.254600 
1.255300 
1.255600 
1.255800 
1.256000 
1.259000 
1.260100 
1.260200 
1.262100 
1.262400 
1.262700 
1.263500 
1.265200 
1.265300 
1.265700 
1.267400 
1.267600 
1.267800 
1.268400 
1.270500 
1.271000 
1.272100 
1.273500 
1.275000 
1.276200 
1.277900 
1.278300 
1.279600 
1.281600 
1.281900 
1.285200 
1.286100 
1.287000 
1.287600 
1.287900 
1.290600 
1.291500 
1.292600 
1.294900 
1.296100 
1.297800 
1.299700 
1.300800 
1.303600 
1.308900 
1.308900 
1.309100 
1.310900 
1.312400 
1.313200 
1.314900 
1.315400 
1.315900 
1.316700 
1.318900 
1.319200 
1.321600 
1.323100 
1.326500 
1.330400 
1.330400 
1.330700 
1.332800 
1.332900 
1.333700 
1.333700 
1.335500 
1.335700 
1.336900 
1.336900 
1.339500 
1.339600 
1.340000 
1.340700 
1.341800 
1.342600 
1.343100 
1.343800 
1.345300 
1.346100 
1.346400 
1.347200 
1.350900 
1.351900 
1.352600 
1.353000 
1.355200 
1.356500 
1.359400 
1.359400 
1.362200 
1.362800 
1.363300 
1.364100 
1.364400 
1.364500 
1.365300 
1.366900 
1.369100 
1.369300 
1.370400 
1.370600 
1.375300 
1.375600 
1.376700 
1.378400 
1.378500 
1.378900 
1.384800 
1.385500 
1.386800 
1.387100 
1.388000 
1.388400 
1.388600 
1.390900 
1.391500 
1.392500 
1.393500 
1.395500 
1.395600 
1.396100 
1.397400 
1.398200 
1.398500 
1.401800 
1.401900 
1.402400 
1.402500 
1.403800 
1.405800 
1.409100 
1.409700 
1.409800 
1.410200 
1.413200 
1.413900 
1.413900 
1.414300 
1.416000 
1.416500 
1.418800 
1.419600 
1.419900 
1.422400 
1.422500 
1.423600 
1.424900 
1.426600 
1.427800 
1.432200 
1.434200 
1.434200 
1.435300 
1.435400 
1.436400 
1.436800 
1.438400 
1.439600 
1.440900 
1.441600 
1.442200 
1.443000 
1.443700 
1.444500 
1.444600 
1.446300 
1.450000 
1.450800 
1.452500 
1.454400 
1.455500 
1.456900 
1.457600 
1.458900 
1.461500 
1.462500 
1.462700 
1.463600 
1.464900 
1.465300 
1.465800 
1.466700 
1.467100 
1.468000 
1.468300 
1.468500 
1.468900 
1.470800 
1.471400 
1.472600 
1.475000 
1.475700 
1.476000 
1.476700 
1.482200 
1.487800 
1.487800 
1.488800 
1.489300 
1.490300 
1.490900 
1.493000 
1.493100 
1.494800 
1.497100 
1.497800 
1.497800 
1.499800 
1.500200 
1.501300 
1.506100 
1.507400 
1.507400 
1.509100 
1.510100 
1.510300 
1.512900 
1.516100 
1.516100 
1.517100 
1.517700 
1.519000 
1.519600 
1.521200 
1.522400 
1.526200 
1.527000 
1.527100 
1.528900 
1.529400 
1.530900 
1.531300 
1.531400 
1.537800 
1.538700 
1.539500 
1.542700 
1.543600 
1.543600 
1.546300 
1.549700 
1.551100 
1.552500 
1.554300 
1.556000 
1.557900 
1.557900 
1.559000 
1.561600 
1.561900 
1.562000 
1.562100 
1.563300 
1.563900 
1.564100 
1.565700 
1.568600 
1.568700 
1.569700 
1.570700 
1.570900 
1.575500 
1.576900 
1.579600 
1.579700 
1.580000 
1.580000 
1.582800 
1.583600 
1.585900 
1.587000 
1.587600 
1.588000 
1.589200 
1.590300 
1.590700 
1.591700 
1.592600 
1.596300 
1.596400 
1.596900 
1.597200 
1.599000 
1.600000 
1.602400 
1.603400 
1.603600 
1.604900 
1.605200 
1.605600 
1.605800 
1.606900 
1.606900 
1.607000 
1.607300 
1.607300 
1.607600 
1.608000 
1.609400 
1.613400 
1.614000 
1.614200 
1.615000 
1.617400 
1.618000 
1.621200 
1.625200 
1.625200 
1.626500 
1.627800 
1.628100 
1.628200 
1.629400 
1.630600 
1.631200 
1.635500 
1.637700 
1.639200 
1.640200 
1.640600 
1.641700 
1.642100 
1.642300 
1.643000 
1.645100 
1.647000 
1.647600 
1.650500 
1.652700 
1.653600 
1.656700 
1.659000 
1.659700 
1.660600 
1.660700 
1.661700 
1.662100 
1.662200 
1.663500 
1.667700 
1.667900 
1.668000 
1.669100 
1.671000 
1.673800 
1.675200 
1.676200 
1.676700 
1.677000 
1.678300 
1.679100 
1.682600 
1.685100 
1.691000 
1.693000 
1.694600 
1.695400 
1.696900 
1.697200 
1.697600 
1.698700 
1.698800 
1.700000 
1.701600 
1.702000 
1.703200 
1.703700 
1.704900 
1.706000 
1.706300 
1.706600 
1.708500 
1.710300 
1.711900 
1.712600 
1.714900 
1.715800 
1.716200 
1.716400 
1.716700 
1.717400 
1.717500 
1.718100 
1.725400 
1.726000 
1.726500 
1.727000 
1.733800 
1.734400 
1.736900 
1.740200 
1.741300 
1.741700 
1.742300 
1.745600 
1.745800 
1.746800 
1.748400 
1.748700 
1.749500 
1.751100 
1.752600 
1.756400 
1.761900 
1.762600 
1.764000 
1.765100 
1.765400 
1.766300 
1.768000 
1.768700 
1.768700 
1.768700 
1.769300 
1.770900 
1.771700 
1.773900 
1.774100 
1.777300 
1.777500 
1.777800 
1.779600 
1.782000 
1.784000 
1.785000 
1.786200 
1.788900 
1.791500 
1.791500 
1.792500 
1.794000 
1.794200 
1.796000 
1.796400 
1.796500 
1.797200 
1.797400 
1.801100 
1.801500 
1.802300 
1.803900 
1.804300 
1.804400 
1.805900 
1.806400 
1.808300 
1.810100 
1.810500 
1.811200 
1.811300 
1.812500 
1.814000 
1.814100 
1.815000 
1.818700 
1.820400 
1.820400 
1.823300 
1.823600 
1.824100 
1.825000 
1.825500 
1.825700 
1.826200 
1.826800 
1.827400 
1.833500 
1.834700 
1.834700 
1.834900 
1.835500 
1.840100 
1.846100 
1.846400 
1.848400 
1.848600 
1.850700 
1.853200 
1.853200 
1.854700 
1.857400 
1.858100 
1.860000 
1.861500 
1.863400 
1.868500 
1.869200 
1.871200 
1.872300 
1.873100 
1.875100 
1.875700 
1.875800 
1.879500 
1.882200 
1.882300 
1.883000 
1.883500 
1.884200 
1.885400 
1.887000 
1.887000 
1.888400 
1.888700 
1.890000 
1.890400 
1.892100 
1.892200 
1.893400 
1.896200 
1.897900 
1.898700 
1.898700 
1.900800 
1.903100 
1.904400 
1.907000 
1.910200 
1.916100 
1.916300 
1.919100 
1.921000 
1.922900 
1.923000 
1.923000 
1.926500 
1.927300 
1.930800 
1.931300 
1.931700 
1.932300 
1.932800 
1.933100 
1.933400 
1.934500 
1.934800 
1.935500 
1.935600 
1.937200 
1.937500 
1.939400 
1.941400 
1.944500 
1.946000 
1.948300 
1.951200 
1.951200 
1.952500 
1.952600 
1.953200 
1.954900 
1.961100 
1.961900 
1.962500 
1.963300 
1.964300 
1.964800 
1.965800 
1.967400 
1.970300 
1.971300 
1.972200 
1.974300 
1.975000 
1.978400 
1.980300 
1.980400 
1.980500 
1.981800 
1.984100 
1.984600 
1.986600 
1.988000 
1.988100 
1.988400 
1.988900 
1.995000 
1.995700 
1.995900 
1.996100 
1.999400 
1.999500 
2.000100 
2.001000 
2.002800 
2.008300 
2.009400 
2.009500 
2.009600 
2.010300 
2.010900 
2.011500 
2.011700 
2.013200 
2.015700 
2.016400 
2.016600 
2.022400 
2.022600 
2.022800 
2.024100 
2.024200 
2.024300 
2.026700 
2.026900 
2.027400 
2.029400 
2.035200 
2.035800 
2.037500 
2.037800 
2.041100 
2.041300 
2.041400 
2.041700 
2.041700 
2.043000 
2.043400 
2.046100 
2.046200 
2.048300 
2.050200 
2.050300 
2.053400 
2.054200 
2.055000 
2.055200 
2.055600 
2.058100 
2.058500 
2.059700 
2.060900 
2.063000 
2.063400 
2.064400 
2.066300 
2.071300 
2.072400 
2.074100 
2.075400 
2.075600 
2.075600 
2.076700 
2.077800 
2.080200 
2.085700 
2.086000 
2.089900 
2.089900 
2.089900 
2.092200 
2.094700 
2.095500 
2.099100 
2.100100 
2.102500 
2.103300 
2.105600 
2.107400 
2.107600 
2.111200 
2.111800 
2.112000 
2.114300 
2.115100 
2.115300 
2.115700 
2.116400 
2.118800 
2.119200 
2.120100 
2.120200 
2.120900 
2.121000 
2.121000 
2.122000 
2.123300 
2.123500 
2.124500 
2.128700 
2.129500 
2.130500 
2.133100 
2.135400 
2.135600 
2.136200 
2.138200 
2.139000 
2.141000 
2.141600 
2.142500 
2.147000 
2.152100 
2.153400 
2.157400 
2.158000 
2.158100 
2.158600 
2.159500 
2.160000 
2.162400 
2.166700 
2.168000 
2.168800 
2.169500 
2.169800 
2.170000 
2.171300 
2.171900 
2.173500 
2.174600 
2.175500 
2.179100 
2.182800 
2.182900 
2.183300 
2.183400 
2.183600 
2.183800 
2.186400 
2.187500 
2.188200 
2.189100 
2.189200 
2.190300 
2.191100 
2.191500 
2.193200 
2.193200 
2.193700 
2.195900 
2.197300 
2.199000 
2.200000 
2.201600 
2.203100 
2.204200 
2.206800 
2.208100 
2.208800 
2.209100 
2.210300 
2.210600 
2.214800 
2.215300 
2.216300 
2.219000 
2.219300 
2.219500 
2.222300 
2.223700 
2.224000 
2.225200 
2.226600 
2.228600 
2.229500 
2.231400 
2.231500 
2.233800 
2.234300 
2.234600 
2.235700 
2.237600 
2.238200 
2.238900 
2.239300 
2.242700 
2.244800 
2.247000 
2.247600 
2.248500 
2.249200 
2.249700 
2.250000 
2.253700 
2.254300 
2.254500 
2.261100 
2.261400 
2.267600 
2.268400 
2.268700 
2.269600 
2.270600 
2.272700 
2.274500 
2.275100 
2.275600 
2.277400 
2.278000 
2.279000 
2.280500 
2.281500 
2.283800 
2.284500 
2.284900 
2.285000 
2.286700 
2.287000 
2.290600 
2.291100 
2.291500 
2.292400 
2.295800 
2.299000 
2.300100 
2.300700 
2.301100 
2.302200 
2.303500 
2.304100 
2.306300 
2.307700 
2.309300 
2.312100 
2.312700 
2.315300 
2.315600 
2.315700 
2.320300 
2.322900 
2.324500 
2.327700 
2.328200 
2.328900 
2.330100 
2.330600 
2.331100 
2.332900 
2.333000 
2.333400 
2.333400 
2.334700 
2.334700 
2.335500 
2.338100 
2.338800 
2.340500 
2.340900 
2.342900 
2.344400 
2.345100 
2.346000 
2.346100 
2.346800 
2.347800 
2.348900 
2.349300 
2.350000 
2.350400 
2.350800 
2.351500 
2.352700 
2.353200 
2.356700 
2.357000 
2.357200 
2.362700 
2.364300 
2.367100 
2.367600 
2.368200 
2.370700 
2.372000 
2.372100 
2.373200 
2.374200 
2.374500 
2.379200 
2.380600 
2.380800 
2.382000 
2.387600 
2.389900 
2.391300 
2.392700 
2.394200 
2.394800 
2.395000 
2.395900 
2.396600 
2.397100 
2.397500 
2.400900 
2.400900 
2.401400 
2.403800 
2.404000 
2.406300 
2.406500 
2.408800 
2.408800 
2.409200 
2.409800 
2.411100 
2.413200 
2.419500 
2.421100 
2.422200 
2.423400 
2.424300 
2.425800 
2.426200 
2.426400 
2.426800 
2.427000 
2.427200 
2.427400 
2.428400 
2.429400 
2.430700 
2.432800 
2.433000 
2.433500 
2.435700 
2.440300 
2.443900 
2.445500 
2.445600 
2.445600 
2.449400 
2.449900 
2.456000 
2.456500 
2.456600 
2.458700 
2.460500 
2.460700 
2.462100 
2.467800 
2.468900 
2.472600 
2.473100 
2.473700 
2.475200 
2.475700 
2.475900 
2.476000 
2.476600 
2.476900 
2.478700 
2.479700 
2.479900 
2.480300 
2.481400 
2.481400 
2.483900 
2.484800 
2.488500 
2.488600 
2.488800 
2.489500 
2.489600 
2.491100 
2.491100 
2.491500 
2.491700 
2.493000 
2.493000 
2.497000 
2.498000 
2.498100 
2.499600 
2.499700 
2.503200 
2.504800 
2.506300 
2.509400 
2.512100 
2.512300 
2.514200 
2.515800 
2.516500 
2.518400 
2.519200 
2.520200 
2.522800 
2.523600 
2.527600 
2.528800 
2.530100 
2.530700 
2.530800 
2.530900 
2.530900 
2.532000 
2.535100 
2.539800 
2.541600 
2.544000 
2.544100 
2.547000 
2.547600 
2.549700 
2.551800 
2.553900 
2.554300 
2.554700 
2.555000 
2.558800 
2.560400 
2.561100 
2.561500 
2.561600 
2.562500 
2.563100 
2.563300 
2.563300 
2.563900 
2.564400 
2.565400 
2.569000 
2.569500 
2.570600 
2.572200 
2.573600 
2.574500 
2.575700 
2.576300 
2.576700 
2.577200 
2.578800 
2.580800 
2.581800 
2.583500 
2.584600 
2.584700 
2.584900 
2.588200 
2.589900 
2.592500 
2.593000 
2.593300 
2.594700 
2.595700 
2.596700 
2.596800 
2.597000 
2.598200 
2.601900 
2.604500 
2.606800 
2.607100 
2.608600 
2.608800 
2.609500 
2.610400 
2.611800 
2.613100 
2.614300 
2.614400 
2.615700 
2.617300 
2.617400 
2.618500 
2.618500 
2.619100 
2.621800 
2.627800 
2.628200 
2.628800 
2.630400 
2.632700 
2.632700 
2.634000 
2.634200 
2.635300 
2.636700 
2.637300 
2.640200 
2.643300 
2.643600 
2.644100 
2.645800 
2.649100 
2.650100 
2.651400 
2.653400 
2.653500 
2.658600 
2.661000 
2.662900 
2.663700 
2.664200 
2.664200 
2.664600 
2.667500 
2.669000 
2.669900 
2.670900 
2.671200 
2.674500 
2.677400 
2.682000 
2.682200 
2.682300 
2.683300 
2.685100 
2.693600 
2.695800 
2.697100 
2.698400 
2.700100 
2.701000 
2.701000 
2.702600 
2.704800 
2.707200 
2.707700 
2.707900 
2.710000 
2.711000 
2.713900 
2.714300 
2.714400 
2.715600 
2.717800 
2.719500 
2.720300 
2.722000 
2.723300 
2.724800 
2.725000 
2.725700 
2.729100 
2.729100 
2.730500 
2.730700 
2.731200 
2.733500 
2.735200 
2.737200 
2.739500 
2.742000 
2.744200 
2.744300 
2.745400 
2.748000 
2.748000 
2.750600 
2.750900 
2.752000 
2.752000 
2.752500 
2.754600 
2.755300 
2.756500 
2.758300 
2.760500 
2.760600 
2.761100 
2.763900 
2.769400 
2.769500 
2.771800 
2.771900 
2.775900 
2.776000 
2.778500 
2.779500 
2.779900 
2.780200 
2.782200 
2.782200 
2.782900 
2.783400 
2.786100 
2.788000 
2.788500 
2.790900 
2.794700 
2.795100 
2.798700 
2.798900 
2.799100 
2.800700 
2.803500 
2.803600 
2.806600 
2.806600 
2.811400 
2.812500 
2.813600 
2.815000 
2.815300 
2.817400 
2.818800 
2.819200 
2.821000 
2.823300 
2.824200 
2.824500 
2.827100 
2.828400 
2.828800 
2.828900 
2.830400 
2.833600 
2.836400 
2.836800 
2.837500 
2.839100 
2.840800 
2.842100 
2.842400 
2.843200 
2.845000 
2.847600 
2.848300 
2.851400 
2.852600 
2.852800 
2.853800 
2.856900 
2.857400 
2.860400 
2.863100 
2.863600 
2.863700 
2.864300 
2.864600 
2.864800 
2.867200 
2.870000 
2.871000 
2.872000 
2.872700 
2.874500 
2.875400 
2.876000 
2.876300 
2.876800 
2.878300 
2.881000 
2.882300 
2.884600 
2.886800 
2.887300 
2.887900 
2.889300 
2.891200 
2.895300 
2.897000 
2.898000 
2.899400 
2.901300 
2.902900 
2.909100 
2.909300 
2.912100 
2.912100 
2.913200 
2.913500 
2.915000 
2.916000 
2.918300 
2.920400 
2.922500 
2.922800 
2.924000 
2.924200 
2.925000 
2.928000 
2.928200 
2.928400 
2.931900 
2.932900 
2.934300 
2.938300 
2.939200 
2.940700 
2.940900 
2.941000 
2.942500 
2.944000 
2.945900 
2.946000 
2.946900 
2.947300 
2.947500 
2.948000 
2.948100 
2.949100 
2.950400 
2.950400 
2.951300 
2.951900 
2.952400 
2.957600 
2.959500 
2.959900 
2.963500 
2.964400 
2.965400 
2.965500 
2.967600 
2.967700 
2.968900 
2.969000 
2.971300 
2.972900 
2.973900 
2.974500 
2.974600 
2.976100 
2.976700 
2.979000 
2.980000 
2.982200 
2.982300 
2.989100 
2.990300 
2.990800 
2.991800 
2.992000 
2.992000 
2.996700 
2.997900 
