0.046200 
0.055000 
0.059600 
0.073700 
0.081200 
0.091800 
0.097900 
0.107900 
0.112200 
0.117800 
0.121200 
0.130800 
0.136200 
0.137200 
0.137800 
0.138100 
0.138700 
0.157600 
0.158200 
0.187200 
0.208600 
0.214000 
0.217600 
0.223600 
0.242500 
0.245300 
0.248100 
0.263700 
0.268500 
0.286600 
0.287000 
0.290600 
0.293700 
0.300100 
0.316500 
0.323900 
0.324400 
0.336100 
0.340000 
0.344200 
0.347900 
0.349400 
0.369800 
0.373300 
0.375100 
0.385900 
0.393000 
0.397400 
0.401100 
0.412100 
0.418400 
0.427300 
0.458000 
0.463000 
0.466300 
0.478900 
0.499000 
0.514900 
0.516700 
0.531100 
0.554400 
0.577400 
0.589000 
0.607700 
0.611300 
0.611500 
0.613500 
0.627700 
0.638100 
0.640700 
0.646000 
0.650400 
0.655500 
0.661600 
0.673800 
0.674500 
0.686100 
0.706500 
0.714600 
0.724100 
0.725500 
0.726100 
0.743200 
0.763000 
0.767900 
0.768700 
0.768900 
0.776900 
0.780400 
0.781500 
0.781900 
0.782100 
0.830800 
0.849300 
0.854300 
0.856800 
0.875800 
0.885900 
0.894900 
0.898000 
0.900400 
0.906600 
0.906800 
0.916300 
0.927500 
0.932200 
0.939700 
0.943000 
0.944200 
0.947600 
0.952500 
0.967400 
0.978600 
0.986200 
0.987900 
0.995900 
1.006200 
1.027800 
1.036700 
1.048800 
1.077800 
1.081400 
1.088000 
1.089500 
1.091400 
1.114700 
1.119200 
1.119700 
1.123400 
1.132700 
1.133200 
1.148800 
1.158700 
1.159600 
1.170500 
1.177300 
1.195200 
1.205800 
1.207800 
1.208200 
1.211200 
1.212000 
1.225200 
1.239300 
1.240500 
1.248600 
1.255900 
1.257700 
1.268300 
1.277700 
1.279000 
1.297000 
1.300900 
1.303400 
1.312100 
1.322100 
1.324800 
1.329500 
1.354000 
1.368800 
1.369400 
1.384700 
1.403500 
1.411600 
1.415400 
1.442900 
1.451600 
1.456100 
1.457700 
1.461400 
1.469300 
1.474900 
1.475600 
1.487800 
1.501700 
1.503900 
1.528400 
1.540000 
1.541400 
1.547300 
1.550400 
1.551600 
1.553800 
1.557200 
1.557400 
1.559600 
1.585400 
1.598900 
1.616700 
1.622300 
1.622700 
1.646700 
1.651500 
1.654600 
1.659300 
1.682800 
1.683100 
1.697100 
1.723900 
1.724700 
1.741300 
1.741600 
1.744700 
1.762400 
1.768700 
1.779700 
1.790800 
1.797600 
1.797800 
1.812600 
1.824800 
1.847800 
1.848500 
1.849800 
1.853400 
1.853900 
1.868100 
1.877100 
1.903300 
1.914800 
1.917000 
1.938400 
1.946000 
1.948700 
1.971000 
1.984000 
1.987500 
2.010500 
2.011300 
2.032100 
2.049200 
2.057800 
2.060900 
2.090400 
2.091200 
2.093500 
2.093900 
2.109800 
2.113500 
2.114200 
2.116100 
2.118700 
2.131700 
2.135100 
2.143700 
2.147000 
2.157600 
2.161500 
2.176500 
2.179400 
2.183900 
2.190000 
2.192900 
2.199100 
2.205100 
2.214100 
2.219600 
2.224000 
2.226600 
2.233700 
2.237100 
2.240200 
2.286000 
2.289200 
2.298800 
2.305900 
2.311700 
2.326200 
2.339900 
2.348800 
2.353700 
2.358400 
2.367400 
2.368800 
2.375600 
2.403600 
2.403900 
2.409500 
2.415300 
2.433400 
2.433600 
2.433700 
2.456900 
2.459400 
2.467900 
2.472600 
2.481900 
2.493700 
2.504200 
2.510600 
2.520900 
2.534400 
2.540300 
2.545000 
2.583200 
2.591700 
2.596400 
2.600500 
2.603700 
2.616900 
2.619800 
2.625500 
2.635900 
2.639500 
2.667000 
2.677500 
2.687000 
2.702800 
2.716400 
2.718600 
2.725200 
2.744400 
2.752700 
2.766400 
2.767200 
2.773600 
2.778800 
2.786500 
2.790300 
2.790400 
2.808000 
2.826800 
2.826900 
2.831000 
2.841600 
2.845000 
2.848100 
2.850000 
2.862800 
2.865500 
2.865800 
2.871100 
2.886800 
2.898700 
2.903800 
2.906300 
2.915800 
2.931800 
2.938600 
2.940200 
2.942700 
2.954500 
2.965800 
2.967200 
2.973200 
2.982800 
