445 
471 
258 
1222 
608 
894 
1214 
371 
192 
982 
1 
645 
213 
788 
405 
1029 
429 
479 
24 
583 
860 
1163 
1025 
796 
422 
1019 
588 
521 
200 
166 
390 
944 
744 
873 
113 
377 
997 
463 
730 
958 
96 
1177 
877 
688 
1131 
943 
789 
1079 
349 
69 
817 
945 
1101 
1024 
495 
486 
448 
136 
685 
162 
1104 
1204 
681 
927 
84 
405 
1111 
115 
190 
1065 
731 
749 
568 
583 
658 
562 
182 
1028 
176 
620 
83 
329 
841 
465 
608 
1130 
963 
400 
1069 
315 
912 
790 
721 
60 
1176 
1051 
895 
13 
336 
313 
373 
716 
392 
119 
1075 
1094 
330 
396 
834 
48 
440 
700 
598 
732 
385 
371 
1018 
29 
450 
19 
840 
1049 
737 
439 
856 
280 
321 
948 
1078 
1227 
27 
319 
478 
954 
1164 
1181 
857 
508 
626 
184 
123 
805 
1230 
61 
534 
1007 
1216 
871 
382 
467 
1234 
105 
1217 
882 
564 
899 
525 
1113 
1036 
1121 
803 
820 
8 
917 
346 
512 
1116 
35 
211 
583 
807 
147 
646 
599 
216 
621 
74 
1004 
1110 
1107 
360 
197 
131 
369 
937 
773 
957 
867 
988 
473 
890 
951 
624 
311 
875 
24 
928 
130 
692 
567 
468 
81 
911 
659 
716 
771 
788 
908 
132 
266 
1029 
422 
15 
1232 
675 
1148 
50 
486 
609 
1000 
186 
1057 
42 
337 
488 
824 
1149 
392 
1136 
156 
891 
32 
510 
493 
783 
534 
172 
587 
425 
374 
137 
678 
1003 
147 
267 
616 
129 
543 
727 
1151 
184 
1022 
123 
308 
928 
949 
1230 
199 
644 
679 
22 
516 
112 
12 
630 
223 
216 
141 
504 
1013 
2 
599 
733 
609 
345 
282 
987 
1106 
341 
791 
790 
1007 
174 
8 
309 
873 
586 
1000 
643 
27 
549 
1194 
292 
142 
1137 
409 
205 
904 
454 
1051 
556 
467 
451 
636 
450 
1024 
109 
176 
183 
177 
351 
17 
448 
314 
713 
472 
1078 
78 
150 
490 
86 
364 
21 
1204 
542 
583 
237 
1153 
214 
401 
586 
1141 
1155 
356 
906 
819 
799 
430 
486 
616 
636 
376 
1229 
1040 
1164 
879 
1200 
188 
53 
1199 
614 
421 
675 
369 
993 
1165 
112 
404 
820 
1208 
992 
670 
1151 
1090 
606 
600 
816 
1157 
921 
803 
461 
1111 
1024 
1149 
847 
510 
541 
1234 
12 
412 
826 
659 
245 
22 
60 
365 
748 
131 
1176 
1000 
533 
2 
230 
39 
613 
728 
935 
608 
1174 
616 
1112 
1093 
1195 
1051 
125 
805 
410 
737 
278 
499 
998 
149 
25 
679 
939 
1202 
433 
808 
553 
267 
767 
885 
664 
588 
67 
337 
237 
949 
915 
766 
286 
1115 
632 
94 
1150 
393 
576 
80 
164 
173 
1076 
24 
389 
760 
616 
1174 
583 
714 
951 
1213 
678 
725 
168 
266 
829 
372 
1142 
672 
1105 
736 
712 
452 
359 
21 
194 
258 
1207 
842 
180 
77 
979 
210 
57 
131 
85 
908 
690 
136 
518 
674 
1182 
253 
930 
740 
821 
278 
861 
9 
914 
78 
22 
860 
977 
698 
1215 
112 
965 
50 
405 
1041 
416 
214 
948 
644 
422 
1174 
928 
798 
252 
924 
435 
69 
791 
104 
328 
176 
991 
1012 
174 
618 
982 
4 
243 
992 
293 
364 
571 
622 
461 
970 
42 
840 
274 
323 
546 
1055 
802 
296 
244 
508 
582 
797 
58 
101 
532 
1041 
541 
995 
770 
1220 
84 
922 
1004 
718 
877 
638 
1042 
245 
355 
807 
546 
478 
1074 
1036 
733 
812 
938 
998 
288 
657 
961 
1054 
944 
693 
850 
874 
1000 
433 
781 
1158 
49 
707 
297 
837 
1002 
223 
569 
434 
652 
1075 
214 
291 
748 
803 
684 
1161 
1233 
141 
286 
1184 
1202 
1182 
32 
778 
1165 
23 
851 
1174 
366 
327 
579 
853 
947 
227 
559 
800 
318 
795 
479 
1137 
243 
670 
138 
447 
12 
531 
1003 
1229 
175 
396 
755 
694 
245 
703 
495 
342 
533 
747 
1029 
956 
758 
681 
153 
92 
571 
616 
555 
360 
1092 
386 
787 
1143 
498 
1150 
842 
177 
818 
280 
641 
69 
1086 
999 
1037 
197 
468 
1025 
156 
606 
775 
302 
380 
794 
241 
348 
91 
299 
702 
372 
215 
953 
536 
574 
172 
602 
893 
154 
1183 
637 
502 
1093 
678 
155 
460 
1121 
315 
1103 
1204 
477 
297 
227 
998 
981 
1126 
274 
116 
1152 
343 
316 
398 
779 
112 
976 
178 
821 
104 
280 
640 
309 
913 
1055 
570 
733 
575 
961 
1189 
559 
683 
878 
405 
1079 
45 
1039 
868 
543 
282 
485 
78 
1069 
943 
781 
1070 
517 
603 
1115 
49 
7 
270 
401 
1153 
342 
286 
1073 
1022 
218 
857 
396 
1082 
1081 
911 
279 
292 
1052 
678 
90 
241 
435 
454 
14 
61 
842 
69 
544 
818 
867 
222 
322 
982 
287 
184 
980 
1039 
229 
137 
657 
724 
579 
675 
567 
407 
245 
1191 
212 
86 
781 
745 
390 
414 
605 
935 
75 
569 
860 
375 
244 
902 
529 
506 
426 
752 
1232 
690 
496 
900 
264 
597 
117 
250 
729 
844 
576 
9 
858 
308 
666 
542 
750 
816 
49 
1155 
511 
15 
445 
164 
1042 
1050 
473 
616 
284 
960 
1184 
667 
1025 
743 
569 
233 
915 
227 
734 
468 
1213 
923 
1127 
320 
954 
884 
685 
631 
443 
813 
1114 
948 
577 
608 
289 
688 
606 
1073 
891 
716 
205 
821 
336 
879 
848 
19 
69 
287 
943 
480 
201 
274 
200 
58 
530 
643 
260 
1090 
970 
197 
559 
625 
48 
109 
604 
681 
587 
408 
656 
1162 
294 
192 
907 
1213 
949 
886 
22 
873 
25 
204 
1191 
1077 
249 
713 
8 
1138 
654 
149 
566 
1060 
1178 
980 
495 
1119 
635 
419 
1186 
950 
1212 
209 
768 
795 
196 
763 
223 
164 
722 
23 
984 
629 
899 
339 
930 
50 
238 
481 
355 
534 
779 
864 
116 
932 
717 
267 
1006 
1234 
242 
329 
643 
963 
1075 
259 
485 
981 
394 
152 
678 
498 
705 
49 
609 
1017 
431 
1084 
341 
868 
1099 
715 
812 
1043 
511 
1026 
445 
357 
1004 
1154 
952 
198 
1038 
447 
1103 
828 
984 
749 
630 
959 
320 
174 
1119 
628 
1045 
870 
525 
1177 
1109 
164 
1194 
1040 
269 
359 
72 
31 
506 
9 
912 
586 
884 
814 
142 
799 
486 
700 
774 
478 
19 
3 
465 
917 
546 
61 
981 
683 
842 
289 
162 
1193 
559 
448 
534 
791 
77 
329 
339 
924 
570 
280 
177 
125 
466 
1192 
165 
840 
605 
525 
1122 
521 
968 
1123 
691 
213 
447 
918 
974 
631 
792 
910 
963 
752 
72 
843 
1138 
188 
456 
343 
325 
260 
558 
1067 
618 
421 
118 
300 
795 
401 
903 
735 
876 
21 
1044 
105 
905 
737 
949 
1169 
545 
84 
627 
616 
1159 
464 
675 
593 
1050 
155 
955 
435 
1130 
1110 
1202 
933 
1003 
983 
346 
487 
275 
887 
584 
170 
