0.017700 
0.024400 
0.027200 
0.034700 
0.036100 
0.044400 
0.045000 
0.051800 
0.052000 
0.053100 
0.064000 
0.064900 
0.068900 
0.070200 
0.075700 
0.081800 
0.089200 
0.100400 
0.107300 
0.115700 
0.119200 
0.129400 
0.132600 
0.137000 
0.139000 
0.155500 
0.161100 
0.161900 
0.166400 
0.166900 
0.167100 
0.174200 
0.178300 
0.184700 
0.185700 
0.187800 
0.193000 
0.196800 
0.200800 
0.206800 
0.206900 
0.208000 
0.209200 
0.216900 
0.221300 
0.221900 
0.224600 
0.225800 
0.232300 
0.233200 
0.234100 
0.240900 
0.245400 
0.246100 
0.247000 
0.251500 
0.252600 
0.259600 
0.267300 
0.268900 
0.271100 
0.274500 
0.275100 
0.282400 
0.282900 
0.283500 
0.284600 
0.294900 
0.295300 
0.296400 
0.299500 
0.301000 
0.301200 
0.318300 
0.318800 
0.319900 
0.322000 
0.332200 
0.333000 
0.335800 
0.337000 
0.342400 
0.344500 
0.347800 
0.353000 
0.355000 
0.355800 
0.356800 
0.362700 
0.373200 
0.374600 
0.378300 
0.381100 
0.382800 
0.384000 
0.387400 
0.392200 
0.399000 
0.400100 
0.402100 
0.410000 
0.420000 
0.422700 
0.423000 
0.423000 
0.428500 
0.430100 
0.436600 
0.437900 
0.440100 
0.444100 
0.448600 
0.449300 
0.449600 
0.450900 
0.451000 
0.452900 
0.453600 
0.460100 
0.472700 
0.475800 
0.480600 
0.481400 
0.483800 
0.484000 
0.489800 
0.493800 
0.495400 
0.496000 
0.496400 
0.496500 
0.499000 
0.505500 
0.506400 
0.508000 
0.508400 
0.518000 
0.519400 
0.521000 
0.521600 
0.527700 
0.528400 
0.528400 
0.532300 
0.532400 
0.533100 
0.533500 
0.536600 
0.536600 
0.545700 
0.545900 
0.546000 
0.555900 
0.556000 
0.560700 
0.561600 
0.564000 
0.569200 
0.570600 
0.570700 
0.577300 
0.577800 
0.600000 
0.602400 
0.604500 
0.606100 
0.610900 
0.611700 
0.613200 
0.613200 
0.614600 
0.628400 
0.640800 
0.648300 
0.648400 
0.655800 
0.658200 
0.660400 
0.663600 
0.663800 
0.672200 
0.672300 
0.672800 
0.674000 
0.674400 
0.674700 
0.675900 
0.680400 
0.684600 
0.689000 
0.690500 
0.696800 
0.699700 
0.699800 
0.704200 
0.704800 
0.708000 
0.713900 
0.716900 
0.722600 
0.729700 
0.731800 
0.740000 
0.740100 
0.742200 
0.750500 
0.751400 
0.752200 
0.758100 
0.760000 
0.761900 
0.763200 
0.766700 
0.769900 
0.771100 
0.776300 
0.779800 
0.780700 
0.787400 
0.791300 
0.792600 
0.794600 
0.795700 
0.797900 
0.803700 
0.806500 
0.807800 
0.814500 
0.817000 
0.817400 
0.823300 
0.826300 
0.829100 
0.834000 
0.845400 
0.858200 
0.861800 
0.864600 
0.865200 
0.866300 
0.866800 
0.873100 
0.874800 
0.876900 
0.883400 
0.883800 
0.883900 
0.887300 
0.892000 
0.900400 
0.906300 
0.911200 
0.914400 
0.915900 
0.918900 
0.921700 
0.924600 
0.927200 
0.928000 
0.930800 
0.934000 
0.934700 
0.935400 
0.937800 
0.938000 
0.944300 
0.947500 
0.948800 
0.949800 
0.951700 
0.952300 
0.964900 
0.966100 
0.966600 
0.966700 
0.968100 
0.968100 
0.968900 
0.969000 
0.984700 
0.984900 
0.985800 
0.987100 
0.990900 
1.001500 
1.002700 
1.006600 
1.011100 
1.014200 
1.024800 
1.032800 
1.033000 
1.035700 
1.036200 
1.042100 
1.042700 
1.043000 
1.051700 
1.055500 
1.055700 
1.060900 
1.062200 
1.066300 
1.072200 
1.076000 
1.084600 
1.086200 
1.093400 
1.094500 
1.097600 
1.102400 
1.113200 
1.115400 
1.120000 
1.125300 
1.126300 
1.126500 
1.128800 
1.129500 
1.137000 
1.137400 
1.149200 
1.156000 
1.157000 
1.157300 
1.159000 
1.166500 
1.171500 
1.172500 
1.173200 
1.174400 
1.175900 
1.181000 
1.184700 
1.187400 
1.188100 
1.192400 
1.202200 
1.204900 
1.208600 
1.212100 
1.221600 
1.223500 
1.225100 
1.225200 
1.229100 
1.229400 
1.229900 
1.230100 
1.232200 
1.238100 
1.238100 
1.244400 
1.249400 
1.250200 
1.255100 
1.264100 
1.269500 
1.272800 
1.276600 
1.280500 
1.283400 
1.285500 
1.288800 
1.295700 
1.314400 
1.315900 
1.321900 
1.322700 
1.324600 
1.328700 
1.334400 
1.336300 
1.342700 
1.345900 
1.348400 
1.358200 
1.361800 
1.369700 
1.371600 
1.375200 
1.375800 
1.378800 
1.384500 
1.388100 
1.388600 
1.389900 
1.391800 
1.399900 
1.404700 
1.406200 
1.408800 
1.410400 
1.413400 
1.414000 
1.416100 
1.419000 
1.423600 
1.433500 
1.435200 
1.438600 
1.440900 
1.444200 
1.447300 
1.448400 
1.448800 
1.451400 
1.456900 
1.457100 
1.458400 
1.466100 
1.467400 
1.476200 
1.477700 
1.482700 
1.483100 
1.485200 
1.490900 
1.500800 
1.501600 
1.502500 
1.503900 
1.510300 
1.514000 
1.517600 
1.522700 
1.529200 
1.539600 
1.540500 
1.548900 
1.551900 
1.555800 
1.556500 
1.561300 
1.565200 
1.572200 
1.576100 
1.581500 
1.583600 
1.583900 
1.591100 
1.594800 
1.597000 
1.600200 
1.600600 
1.603800 
1.615400 
1.618600 
1.625300 
1.628000 
1.631100 
1.637800 
1.644400 
1.646000 
1.647600 
1.661700 
1.668500 
1.680700 
1.686600 
1.687900 
1.689900 
1.697100 
1.699900 
1.701400 
1.702400 
1.703700 
1.704400 
1.705200 
1.711500 
1.715200 
1.717800 
1.720200 
1.725800 
1.729800 
1.731700 
1.745200 
1.745600 
1.749600 
1.753400 
1.759000 
1.762400 
1.763700 
1.768100 
1.768300 
1.768800 
1.769900 
1.775600 
1.784300 
1.786100 
1.786500 
1.787000 
1.793400 
1.814300 
1.818500 
1.823300 
1.823300 
1.825000 
1.825700 
1.831600 
1.835800 
1.838000 
1.841300 
1.843400 
1.843800 
1.848900 
1.851400 
1.853700 
1.857600 
1.857900 
1.858900 
1.863200 
1.870300 
1.887400 
1.890000 
1.892200 
1.900500 
1.909400 
1.915500 
1.916500 
1.936600 
1.937400 
1.937400 
1.941300 
1.943100 
1.946700 
1.947800 
1.948900 
1.949700 
1.953300 
1.954000 
1.964300 
1.966900 
1.968700 
1.971500 
1.972000 
1.975300 
1.978400 
1.982400 
1.982600 
1.983900 
1.985100 
1.993900 
1.997100 
1.998000 
1.998100 
2.000900 
2.003800 
2.005500 
2.009700 
2.010400 
2.013700 
2.016800 
2.018800 
2.021100 
2.023700 
2.027600 
2.035300 
2.035700 
2.037000 
2.046600 
2.047700 
2.048500 
2.052800 
2.055600 
2.055700 
2.060400 
2.061000 
2.065400 
2.066100 
2.067800 
2.070800 
2.076900 
2.079800 
2.083000 
2.084100 
2.093000 
2.096000 
2.099800 
2.103600 
2.105300 
2.105400 
2.105700 
2.112400 
2.120100 
2.123300 
2.127400 
2.130000 
2.130000 
2.144000 
2.144500 
2.148200 
2.149900 
2.151600 
2.154100 
2.154600 
2.155000 
2.160200 
2.160900 
2.161600 
2.169600 
2.172800 
2.177000 
2.183800 
2.192800 
2.195500 
2.196300 
2.198300 
2.200200 
2.205300 
2.209400 
2.210000 
2.210500 
2.213300 
2.223400 
2.224900 
2.237300 
2.244200 
2.246500 
2.247700 
2.247900 
2.248300 
2.248800 
2.256000 
2.267100 
2.268400 
2.269200 
2.270100 
2.271400 
2.271700 
2.272400 
2.275900 
2.278900 
2.280400 
2.281600 
2.285100 
2.286400 
2.288200 
2.289100 
2.304700 
2.306700 
2.307400 
2.311500 
2.313100 
2.314100 
2.322000 
2.323700 
2.324800 
2.326900 
2.331700 
2.336100 
2.339600 
2.343600 
2.344000 
2.344700 
2.349600 
2.349900 
2.350500 
2.351200 
2.352600 
2.358200 
2.363400 
2.364600 
2.373700 
2.381900 
2.384600 
2.389000 
2.389000 
2.396900 
2.402700 
2.404000 
2.406500 
2.406500 
2.423700 
2.425000 
2.432300 
2.442200 
2.444600 
2.451100 
2.457100 
2.457800 
2.458800 
2.460000 
2.460300 
2.462300 
2.463700 
2.469700 
2.471600 
2.473800 
2.475500 
2.476100 
2.480600 
2.481600 
2.489100 
2.495300 
2.499300 
2.502600 
2.505200 
2.505700 
2.506000 
2.507700 
2.510100 
2.511300 
2.511700 
2.518400 
2.519000 
2.519900 
2.520700 
2.524500 
2.541900 
2.542200 
2.555500 
2.558100 
2.571400 
2.572600 
2.572900 
2.587300 
2.587900 
2.591800 
2.592200 
2.597900 
2.600900 
2.612600 
2.613400 
2.615300 
2.619800 
2.620100 
2.628200 
2.629000 
2.630000 
2.635700 
2.637100 
2.641700 
2.652700 
2.652900 
2.658700 
2.662500 
2.665900 
2.668700 
2.671100 
2.672500 
2.674700 
2.677800 
2.679800 
2.680600 
2.681800 
2.684100 
2.684400 
2.690300 
2.694000 
2.696500 
2.699900 
2.699900 
2.705800 
2.712300 
2.713400 
2.715500 
2.717600 
2.717800 
2.721400 
2.724600 
2.725200 
2.729500 
2.734100 
2.743200 
2.744000 
2.752400 
2.752700 
2.759200 
2.761900 
2.763100 
2.763900 
2.763900 
2.765500 
2.767000 
2.769800 
2.771500 
2.771800 
2.782000 
2.782100 
2.782700 
2.784100 
2.791600 
2.796500 
2.803900 
2.807400 
2.811600 
2.817200 
2.818800 
2.823100 
2.824200 
2.831900 
2.833600 
2.838100 
2.844500 
2.844900 
2.845500 
2.846100 
2.848300 
2.851200 
2.856200 
2.856800 
2.861100 
2.863800 
2.864000 
2.874800 
2.875800 
2.876400 
2.881100 
2.882000 
2.884100 
2.888600 
2.890500 
2.891300 
2.893800 
2.903300 
2.904700 
2.905900 
2.908300 
2.911100 
2.923400 
2.923900 
2.926800 
2.927700 
2.935800 
2.936400 
2.948500 
2.948800 
2.950200 
2.959500 
2.961100 
2.972000 
2.972700 
2.977200 
2.981500 
2.982400 
2.982900 
2.987400 
2.988300 
2.991900 
2.998000 
