0.076500 
0.082400 
0.083300 
0.085300 
0.093600 
0.096300 
0.109900 
0.110100 
0.111600 
0.126400 
0.146100 
0.149400 
0.153700 
0.157800 
0.170700 
0.171900 
0.172400 
0.173600 
0.179500 
0.203900 
0.210200 
0.218500 
0.242000 
0.249900 
0.271000 
0.272800 
0.274300 
0.274800 
0.276900 
0.288200 
0.292700 
0.312000 
0.323200 
0.324300 
0.325800 
0.345600 
0.353700 
0.370500 
0.371000 
0.374300 
0.379700 
0.393100 
0.395400 
0.398900 
0.400500 
0.401400 
0.412700 
0.427900 
0.429800 
0.437200 
0.440700 
0.441400 
0.443600 
0.448200 
0.453800 
0.469600 
0.470300 
0.472200 
0.479600 
0.502200 
0.504000 
0.520600 
0.526200 
0.543900 
0.544300 
0.551500 
0.552800 
0.556400 
0.561200 
0.578500 
0.579500 
0.588500 
0.596900 
0.607200 
0.622100 
0.622600 
0.640700 
0.646500 
0.646800 
0.652000 
0.652900 
0.657900 
0.667400 
0.668400 
0.669800 
0.673900 
0.688600 
0.693800 
0.698800 
0.701800 
0.703100 
0.706400 
0.720600 
0.729500 
0.733400 
0.741700 
0.757400 
0.764400 
0.765600 
0.771700 
0.802500 
0.812400 
0.816200 
0.823900 
0.828200 
0.828300 
0.833000 
0.839200 
0.850500 
0.854200 
0.867800 
0.873300 
0.878400 
0.883700 
0.889100 
0.890400 
0.891200 
0.902800 
0.910700 
0.911100 
0.915700 
0.917800 
0.921700 
0.940400 
0.954000 
0.972300 
0.977900 
0.997300 
1.000100 
1.012500 
1.012700 
1.042600 
1.044200 
1.044600 
1.046900 
1.060000 
1.072100 
1.074600 
1.084600 
1.104900 
1.106300 
1.134700 
1.159600 
1.163300 
1.212600 
1.218700 
1.224600 
1.228800 
1.236500 
1.248700 
1.264300 
1.267700 
1.271100 
1.271800 
1.296600 
1.301300 
1.304100 
1.304800 
1.308700 
1.314700 
1.318400 
1.322100 
1.337000 
1.337400 
1.349100 
1.367700 
1.374500 
1.385500 
1.393700 
1.403700 
1.404000 
1.416700 
1.417200 
1.418800 
1.432100 
1.436200 
1.439100 
1.439800 
1.441100 
1.461600 
1.467900 
1.472700 
1.485600 
1.516500 
1.519400 
1.519800 
1.521000 
1.550200 
1.551000 
1.552100 
1.552500 
1.553400 
1.557900 
1.569900 
1.571800 
1.585100 
1.593700 
1.597400 
1.608900 
1.613800 
1.615000 
1.625400 
1.633800 
1.642900 
1.645700 
1.665000 
1.672900 
1.674200 
1.681300 
1.681800 
1.682400 
1.704900 
1.705200 
1.708000 
1.718600 
1.748100 
1.749800 
1.750500 
1.762400 
1.763900 
1.774300 
1.774500 
1.777100 
1.777500 
1.788700 
1.801400 
1.803900 
1.811400 
1.812600 
1.819000 
1.835800 
1.840000 
1.842100 
1.842500 
1.848900 
1.854400 
1.855700 
1.858000 
1.859400 
1.862900 
1.864500 
1.867800 
1.878900 
1.879200 
1.891000 
1.896600 
1.897300 
1.902800 
1.920600 
1.931500 
1.936000 
1.951300 
1.963800 
1.971700 
1.987800 
1.993100 
2.009000 
2.025700 
2.025700 
2.041600 
2.043400 
2.051200 
2.052300 
2.062100 
2.062800 
2.078200 
2.100400 
2.102800 
2.103400 
2.110300 
2.110600 
2.112700 
2.117800 
2.118100 
2.118500 
2.118500 
2.122600 
2.147200 
2.156600 
2.162500 
2.173400 
2.200500 
2.203300 
2.218700 
2.228800 
2.230700 
2.237600 
2.238200 
2.241900 
2.243600 
2.250700 
2.250800 
2.256200 
2.256800 
2.260100 
2.260400 
2.279300 
2.286600 
2.293800 
2.294900 
2.296600 
2.301600 
2.309300 
2.318900 
2.320700 
2.325200 
2.331600 
2.334700 
2.337900 
2.343500 
2.352200 
2.355200 
2.357000 
2.378900 
2.381400 
2.401300 
2.409300 
2.411100 
2.414300 
2.414500 
2.422500 
2.445400 
2.446700 
2.455900 
2.462300 
2.464000 
2.467900 
2.468500 
2.473800 
2.474200 
2.476300 
2.478200 
2.488100 
2.490400 
2.499300 
2.499400 
2.518000 
2.526400 
2.532700 
2.543900 
2.544100 
2.552400 
2.555800 
2.559800 
2.563700 
2.574800 
2.579700 
2.583700 
2.595900 
2.605500 
2.607300 
2.610900 
2.618100 
2.622300 
2.642900 
2.666800 
2.673900 
2.700800 
2.702000 
2.702000 
2.704800 
2.719400 
2.730200 
2.735400 
2.744500 
2.745800 
2.746900 
2.759500 
2.772000 
2.781600 
2.791600 
2.820100 
2.827100 
2.833800 
2.838700 
2.856300 
2.897800 
2.900500 
2.903300 
2.905600 
2.911400 
2.915200 
2.916800 
2.921100 
2.929300 
2.931900 
2.936800 
2.944900 
2.946900 
2.950900 
2.955500 
2.959000 
2.967700 
2.971200 
2.977900 
2.984300 
2.986300 
2.987100 
