28 
12 
32 
51 
23 
18 
21 
17 
49 
0 
39 
51 
19 
10 
29 
38 
13 
37 
41 
40 
21 
44 
10 
35 
33 
44 
49 
21 
2 
32 
29 
39 
5 
2 
10 
31 
11 
30 
41 
29 
44 
14 
10 
21 
8 
12 
49 
6 
43 
32 
40 
44 
24 
52 
20 
21 
27 
35 
17 
30 
24 
44 
6 
35 
7 
49 
23 
16 
19 
15 
20 
2 
30 
10 
48 
4 
51 
12 
4 
39 
20 
1 
19 
10 
4 
13 
46 
11 
20 
30 
49 
23 
2 
29 
39 
6 
8 
33 
37 
45 
17 
46 
39 
29 
47 
4 
36 
31 
30 
40 
23 
32 
45 
2 
50 
30 
21 
34 
4 
1 
32 
47 
20 
29 
21 
33 
51 
41 
11 
34 
22 
49 
12 
51 
36 
33 
4 
39 
33 
11 
38 
46 
52 
44 
36 
33 
35 
5 
2 
24 
43 
22 
32 
23 
33 
44 
16 
29 
15 
41 
36 
8 
6 
47 
17 
29 
23 
10 
13 
8 
3 
21 
28 
48 
33 
13 
47 
11 
40 
15 
6 
2 
39 
51 
32 
49 
43 
36 
27 
23 
18 
40 
8 
32 
17 
6 
3 
29 
34 
13 
35 
31 
28 
44 
10 
15 
43 
48 
49 
35 
12 
33 
20 
41 
48 
39 
21 
41 
44 
1 
24 
32 
50 
7 
47 
48 
41 
48 
10 
39 
36 
30 
43 
31 
40 
12 
8 
52 
40 
44 
34 
30 
3 
31 
48 
40 
27 
44 
7 
51 
41 
32 
30 
2 
48 
11 
8 
46 
27 
10 
32 
52 
49 
50 
48 
19 
4 
46 
50 
8 
20 
16 
33 
23 
41 
35 
29 
31 
13 
43 
29 
40 
21 
18 
23 
31 
48 
40 
13 
22 
