0.024500 
0.024600 
0.026300 
0.027100 
0.029500 
0.033700 
0.034300 
0.035900 
0.037000 
0.038400 
0.040400 
0.040600 
0.041700 
0.043100 
0.045200 
0.045700 
0.046600 
0.046700 
0.046900 
0.047100 
0.047900 
0.048700 
0.048700 
0.048900 
0.049600 
0.049800 
0.051300 
0.051300 
0.051300 
0.051400 
0.051500 
0.051500 
0.051700 
0.051800 
0.053000 
0.053200 
0.053300 
0.053300 
0.053700 
0.054100 
0.054200 
0.054800 
0.054900 
0.055800 
0.056200 
0.057200 
0.057500 
0.057800 
0.058500 
0.063200 
0.064000 
0.064000 
0.064300 
0.067400 
0.068200 
0.068400 
0.068700 
0.069300 
0.070500 
0.072000 
0.072200 
0.072300 
0.072900 
0.073300 
0.073700 
0.074200 
0.074400 
0.074900 
0.076900 
0.077000 
0.077400 
0.077600 
0.078900 
0.080100 
0.080800 
0.081700 
0.082500 
0.085900 
0.086200 
0.087900 
0.088300 
0.088400 
0.088600 
0.088700 
0.089600 
0.089900 
0.091300 
0.092000 
0.092600 
0.092900 
0.093800 
0.095100 
0.095800 
0.096000 
0.096100 
0.097400 
0.097500 
0.097500 
0.100300 
0.101300 
0.102600 
0.102600 
0.104100 
0.105900 
0.107800 
0.109200 
0.109300 
0.109600 
0.109900 
0.110000 
0.111200 
0.112100 
0.112400 
0.113300 
0.113800 
0.116600 
0.116800 
0.117500 
0.118600 
0.119500 
0.119500 
0.119900 
0.121500 
0.121500 
0.121700 
0.121900 
0.121900 
0.122400 
0.123100 
0.124100 
0.125500 
0.126800 
0.127100 
0.128400 
0.129000 
0.129800 
0.130200 
0.130300 
0.130400 
0.132000 
0.133100 
0.134000 
0.135100 
0.135200 
0.135500 
0.136200 
0.136600 
0.138200 
0.139000 
0.139900 
0.140600 
0.142600 
0.143100 
0.143600 
0.144800 
0.145800 
0.146100 
0.146300 
0.146700 
0.147400 
0.148400 
0.149000 
0.150000 
0.150100 
0.150500 
0.152100 
0.153000 
0.154900 
0.155200 
0.155500 
0.155700 
0.157500 
0.158000 
0.158200 
0.159600 
0.160100 
0.160100 
0.161100 
0.161100 
0.162900 
0.164000 
0.164300 
0.164500 
0.164900 
0.165100 
0.165200 
0.165700 
0.166400 
0.167700 
0.168200 
0.168500 
0.169100 
0.169100 
0.172200 
0.172700 
0.172800 
0.172800 
0.173400 
0.174000 
0.174300 
0.174300 
0.174400 
0.174400 
0.176100 
0.176300 
0.176800 
0.177100 
0.177200 
0.177400 
0.178400 
0.179600 
0.182000 
0.184100 
0.185200 
0.186900 
0.188200 
0.189700 
0.190200 
0.190500 
0.191100 
0.191100 
0.193400 
0.193600 
0.193900 
0.194000 
0.194600 
0.194600 
0.195300 
0.197600 
0.198100 
0.198800 
0.199300 
0.199800 
0.200100 
0.202000 
0.202800 
0.203600 
0.203700 
0.203800 
0.204800 
0.205200 
0.206400 
0.206500 
0.207700 
0.208000 
0.209600 
0.210800 
0.211100 
0.211400 
0.211700 
0.212800 
0.213100 
0.213100 
0.214100 
0.214200 
0.214500 
0.214900 
0.215500 
0.216000 
0.216100 
0.216500 
0.216900 
0.217400 
0.217500 
0.218100 
0.219200 
0.220600 
0.220600 
0.220600 
0.220600 
0.221100 
0.221200 
0.221500 
0.221700 
0.223000 
0.223200 
0.223400 
0.223700 
0.224900 
0.226200 
0.226800 
0.226900 
0.226900 
0.226900 
0.227400 
0.227600 
0.227800 
0.228400 
0.229200 
0.231500 
0.231600 
0.232600 
0.232700 
0.232900 
0.233200 
0.234100 
0.235700 
0.236600 
0.238800 
0.241900 
0.242600 
0.243500 
0.243600 
0.244900 
0.246900 
0.248600 
0.248700 
0.249100 
0.249500 
0.249800 
0.251200 
0.252800 
0.253100 
0.255000 
0.256900 
0.257300 
0.257900 
0.258000 
0.259000 
0.259400 
0.259700 
0.259900 
0.260700 
0.261000 
0.261200 
0.261400 
0.262300 
0.262800 
0.263800 
0.264000 
0.264400 
0.264600 
0.265600 
0.265800 
0.266000 
0.267200 
0.267600 
0.267700 
0.267900 
0.268200 
0.269100 
0.269400 
0.270800 
0.271000 
0.272000 
0.272400 
0.274100 
0.274500 
0.274900 
0.276500 
0.276600 
0.277000 
0.277800 
0.278200 
0.278600 
0.279600 
0.280400 
0.280400 
0.281000 
0.282100 
0.282300 
0.282500 
0.282600 
0.283600 
0.284100 
0.284300 
0.285100 
0.285200 
0.285400 
0.285700 
0.285900 
0.286000 
0.288100 
0.288300 
0.288400 
0.289100 
0.290900 
0.292600 
0.292700 
0.293100 
0.293900 
0.295600 
0.297500 
0.297900 
0.298500 
0.299200 
0.299400 
0.299500 
0.299600 
0.299900 
0.300400 
0.302400 
0.303000 
0.303300 
0.304200 
0.304500 
0.304500 
0.304900 
0.305700 
0.306800 
0.307100 
0.307500 
0.307900 
0.308700 
0.309800 
0.310400 
0.310800 
0.311600 
0.311900 
0.316000 
0.316800 
0.316800 
0.318800 
0.318800 
0.319700 
0.324100 
0.325000 
0.325300 
0.326200 
0.329200 
0.330900 
0.331100 
0.331600 
0.332100 
0.332900 
0.332900 
0.334200 
0.334500 
0.335000 
0.336900 
0.337000 
0.337400 
0.338100 
0.338900 
0.339800 
0.340600 
0.342700 
0.343400 
0.343500 
0.343500 
0.344900 
0.345600 
0.347000 
0.348600 
0.348900 
0.351500 
0.351800 
0.352100 
0.352200 
0.353900 
0.354100 
0.355400 
0.356400 
0.358400 
0.358900 
0.361000 
0.361000 
0.361900 
0.362200 
0.363800 
0.363800 
0.366400 
0.368700 
0.369100 
0.369200 
0.369400 
0.369600 
0.370600 
0.370800 
0.374300 
0.374500 
0.375700 
0.375800 
0.376000 
0.381500 
0.382700 
0.383000 
0.386500 
0.386700 
0.387400 
0.387500 
0.387900 
0.388900 
0.389100 
0.389300 
0.390800 
0.390900 
0.391100 
0.391200 
0.391600 
0.391700 
0.392200 
0.392300 
0.393600 
0.394200 
0.395400 
0.395700 
0.396500 
0.396900 
0.397900 
0.399400 
0.399500 
0.399500 
0.400100 
0.402000 
0.402500 
0.405200 
0.405900 
0.407200 
0.408700 
0.408800 
0.409400 
0.409700 
0.410500 
0.410700 
0.416400 
0.417000 
0.417400 
0.418200 
0.418400 
0.419000 
0.419800 
0.420300 
0.421600 
0.422400 
0.422400 
0.423700 
0.424200 
0.424200 
0.425200 
0.425400 
0.426600 
0.427300 
0.427900 
0.428900 
0.430100 
0.430200 
0.431900 
0.434000 
0.434300 
0.434500 
0.435200 
0.439200 
0.442400 
0.443500 
0.443700 
0.444000 
0.444100 
0.444200 
0.444600 
0.444800 
0.445400 
0.445500 
0.445900 
0.446300 
0.449300 
0.450000 
0.450400 
0.450500 
0.451800 
0.452500 
0.452700 
0.453100 
0.454200 
0.454400 
0.455300 
0.455400 
0.455500 
0.456000 
0.456200 
0.456400 
0.457900 
0.458600 
0.458900 
0.460400 
0.460900 
0.461000 
0.461300 
0.461800 
0.462300 
0.462700 
0.465800 
0.466000 
0.466400 
0.466600 
0.466800 
0.467600 
0.468400 
0.468600 
0.469200 
0.469500 
0.470200 
0.471500 
0.473700 
0.474500 
0.474900 
0.476200 
0.476400 
0.476500 
0.477500 
0.477700 
0.478000 
0.478000 
0.478200 
0.478800 
0.479800 
0.479800 
0.480400 
0.480800 
0.482200 
0.482700 
0.482800 
0.485100 
0.487500 
0.487500 
0.487600 
0.487800 
0.488300 
0.489000 
0.489300 
0.489500 
0.490700 
0.490700 
0.490800 
0.490900 
0.491500 
0.497100 
0.497500 
0.497500 
0.498000 
0.498600 
0.503000 
0.504900 
0.505000 
0.506000 
0.506700 
0.506900 
0.507100 
0.507100 
0.508100 
0.508600 
0.510300 
0.510900 
0.511000 
0.511600 
0.511600 
0.512100 
0.512400 
0.513900 
0.515200 
0.515200 
0.515900 
0.515900 
0.517600 
0.517700 
0.518700 
0.518700 
0.519000 
0.519500 
0.520400 
0.521100 
0.521200 
0.521500 
0.522000 
0.522500 
0.523900 
0.524900 
0.525300 
0.526300 
0.527700 
0.528500 
0.529400 
0.530600 
0.532000 
0.532000 
0.532900 
0.534100 
0.535400 
0.537400 
0.537400 
0.537500 
0.538700 
0.539200 
0.539800 
0.539800 
0.539900 
0.540100 
0.540600 
0.540700 
0.541100 
0.541200 
0.541300 
0.541600 
0.541700 
0.541900 
0.542500 
0.543700 
0.543800 
0.543900 
0.546200 
0.546500 
0.546500 
0.547000 
0.547700 
0.548000 
0.548100 
0.548300 
0.552500 
0.553200 
0.554100 
0.554200 
0.554200 
0.554900 
0.555200 
0.556700 
0.556900 
0.557500 
0.557800 
0.557900 
0.559300 
0.559700 
0.561000 
0.562000 
0.562100 
0.562700 
0.562700 
0.562800 
0.563200 
0.564000 
0.565000 
0.565000 
0.565800 
0.567200 
0.567300 
0.567500 
0.568500 
0.569700 
0.569800 
0.569900 
0.571500 
0.572500 
0.573000 
0.573300 
0.573300 
0.573800 
0.574200 
0.575800 
0.577000 
0.577100 
0.577300 
0.577700 
0.577900 
0.578400 
0.580000 
0.580800 
0.582600 
0.582900 
0.583300 
0.584500 
0.584600 
0.585700 
0.586900 
0.587100 
0.587200 
0.587200 
0.587300 
0.587700 
0.588700 
0.588900 
0.589100 
0.589400 
0.589600 
0.589900 
0.590700 
0.590900 
0.591300 
0.591500 
0.594000 
0.594000 
0.594700 
0.595000 
0.595400 
0.595700 
0.595900 
0.596100 
0.596200 
0.596700 
0.597000 
0.597200 
0.597700 
0.600100 
0.600200 
0.600200 
0.602900 
0.605400 
0.607100 
0.607100 
0.607700 
0.609000 
0.609200 
0.609400 
0.610000 
0.611400 
0.611500 
0.612200 
0.613900 
0.613900 
0.614200 
0.617300 
0.617300 
0.618100 
0.619100 
0.621400 
0.622000 
0.624000 
0.624600 
0.625100 
0.625400 
0.627100 
0.628400 
0.628500 
0.629100 
0.629200 
0.630400 
0.630500 
0.631200 
0.632100 
0.632300 
0.634500 
0.634700 
0.637000 
0.639000 
0.639300 
0.640100 
0.640800 
0.641100 
0.642200 
0.642300 
0.643400 
0.644400 
0.644900 
0.644900 
0.645500 
0.645500 
0.646200 
0.646900 
0.647100 
0.647400 
0.647500 
0.649600 
0.650600 
0.651800 
0.652100 
0.653300 
0.653700 
0.653800 
0.654100 
0.654300 
0.654400 
0.654600 
0.656400 
0.656400 
0.657300 
0.657800 
0.659900 
0.661000 
0.661100 
0.666300 
0.666600 
0.668400 
0.668700 
0.670300 
0.671300 
0.671400 
0.671400 
0.673300 
0.674800 
0.677200 
0.677600 
0.679800 
0.679900 
0.680400 
0.680400 
0.680800 
0.681600 
0.683500 
0.683800 
0.684700 
0.684900 
0.685000 
0.685500 
0.685900 
0.686800 
0.688800 
0.689100 
0.689400 
0.690400 
0.691000 
0.691100 
0.691300 
0.691500 
0.693000 
0.693500 
0.693600 
0.694900 
0.694900 
0.695100 
0.695500 
0.696100 
0.697500 
0.697800 
0.698000 
0.700100 
0.701300 
0.701800 
0.702700 
0.704000 
0.704600 
0.705900 
0.706100 
0.706400 
0.707900 
0.708400 
0.708500 
0.709900 
0.710000 
0.710400 
0.712800 
0.713100 
0.716100 
0.716500 
0.717500 
0.718500 
0.719100 
0.719500 
0.721300 
0.721600 
0.722900 
0.723200 
0.723500 
0.724100 
0.724300 
0.724700 
0.725900 
0.727400 
0.727500 
0.728300 
0.730200 
0.731200 
0.731300 
0.732000 
0.732600 
0.732700 
0.733200 
0.734600 
0.735300 
0.736100 
0.737800 
0.738000 
0.738000 
0.738200 
0.740900 
0.740900 
0.741400 
0.743400 
0.743600 
0.744200 
0.744200 
0.744200 
0.744800 
0.745000 
0.745500 
0.747600 
0.749800 
0.751200 
0.751400 
0.751600 
0.751900 
0.752400 
0.752600 
0.752700 
0.753300 
0.753400 
0.754200 
0.754900 
0.757100 
0.757700 
0.758100 
0.758300 
0.758300 
0.763500 
0.763600 
0.764100 
0.764300 
0.764300 
0.764800 
0.766200 
0.766800 
0.766900 
0.767200 
0.767700 
0.767800 
0.768300 
0.769300 
0.769400 
0.769800 
0.770000 
0.771300 
0.772000 
0.772800 
0.775400 
0.775500 
0.775800 
0.777200 
0.778100 
0.778300 
0.778900 
0.782700 
0.783500 
0.784600 
0.785100 
0.785400 
0.785600 
0.785700 
0.786400 
0.787100 
0.787300 
0.787600 
0.792100 
0.792800 
0.793600 
0.796600 
0.797600 
0.798300 
0.799400 
0.799700 
0.801500 
0.801600 
0.802600 
0.803600 
0.803700 
0.807700 
0.807700 
0.808600 
0.809600 
0.815000 
0.816900 
0.817700 
0.819100 
0.820500 
0.821300 
0.822000 
0.822500 
0.823900 
0.824300 
0.826000 
0.826500 
0.827200 
0.832900 
0.833300 
0.833800 
0.835900 
0.836100 
0.836300 
0.836500 
0.838500 
0.839700 
0.839900 
0.840500 
0.840800 
0.841500 
0.842100 
0.842200 
0.846200 
0.846400 
0.846800 
0.847900 
0.848000 
0.848000 
0.850200 
0.851000 
0.852000 
0.852300 
0.852600 
0.853300 
0.853700 
0.854300 
0.854900 
0.856000 
0.856300 
0.856700 
0.858200 
0.858500 
0.859000 
0.860100 
0.860600 
0.861300 
0.861500 
0.862100 
0.862300 
0.863400 
0.866300 
0.866400 
0.868300 
0.869600 
0.870000 
0.870100 
0.870500 
0.871200 
0.873200 
0.873400 
0.875100 
0.875300 
0.875900 
0.876800 
0.877600 
0.877800 
0.878200 
0.880100 
0.880300 
0.880300 
0.881600 
0.883300 
0.883800 
0.886900 
0.887000 
0.887200 
0.887200 
0.887400 
0.887400 
0.888600 
0.889300 
0.889700 
0.890300 
0.890500 
0.890700 
0.890700 
0.890800 
0.891000 
0.891800 
0.892600 
0.893300 
0.895400 
0.896700 
0.896800 
0.899500 
0.899700 
0.899800 
0.900200 
0.901500 
0.902400 
0.903900 
0.904300 
0.905100 
0.908600 
0.909000 
0.910000 
0.910900 
0.911000 
0.911000 
0.911800 
0.912000 
0.914400 
0.916300 
0.917600 
0.917700 
0.918300 
0.919200 
0.920100 
0.923000 
0.924700 
0.924800 
0.925000 
0.925700 
0.927600 
0.927900 
0.930300 
0.930400 
0.930700 
0.932100 
0.932400 
0.933200 
0.934300 
0.934400 
0.934600 
0.935300 
0.936000 
0.938400 
0.938500 
0.938500 
0.939900 
0.940600 
0.942600 
0.942900 
0.943700 
0.946800 
0.949200 
0.949900 
0.949900 
0.950100 
0.950900 
0.952200 
0.954200 
0.955200 
0.955400 
0.955400 
0.956100 
0.957200 
0.957600 
0.960100 
0.960500 
0.961100 
0.962100 
0.962900 
0.964200 
0.964900 
0.966300 
0.969300 
0.971500 
0.975200 
0.977500 
0.979600 
0.980100 
0.980300 
0.980500 
0.981100 
0.981200 
0.982600 
0.983300 
0.983400 
0.984000 
0.984100 
0.984400 
0.987200 
0.988600 
0.988700 
0.988800 
0.989100 
0.989300 
0.989300 
0.989600 
0.989700 
0.990700 
0.991500 
0.992900 
0.993700 
0.994800 
0.995200 
0.996200 
0.996400 
0.996700 
0.997000 
0.997100 
0.997200 
0.997600 
0.997700 
0.997800 
0.999300 
1.000600 
1.002400 
1.002700 
1.004300 
1.004800 
1.006100 
1.007100 
1.007500 
1.007500 
1.009300 
1.009600 
1.010300 
1.010900 
1.012500 
1.012900 
1.013800 
1.014000 
1.014800 
1.016100 
1.016300 
1.019900 
1.020400 
1.021100 
1.021100 
1.022300 
1.024200 
1.024400 
1.024500 
1.025300 
1.025500 
1.026200 
1.026800 
1.028800 
1.029500 
1.029500 
1.030600 
1.031400 
1.032200 
1.032700 
1.034100 
1.034600 
1.038000 
1.038000 
1.038100 
1.038100 
1.040500 
1.042600 
1.042900 
1.043400 
1.043600 
1.044000 
1.045700 
1.047700 
1.047900 
1.048900 
1.048900 
1.049300 
1.049500 
1.050500 
1.051600 
1.051600 
1.052800 
1.052900 
1.054000 
1.054400 
1.054700 
1.057500 
1.058400 
1.058500 
1.059000 
1.059000 
1.059100 
1.059300 
1.059800 
1.059900 
1.060400 
1.065000 
1.065000 
1.066900 
1.067200 
1.068000 
1.068400 
1.068500 
1.069900 
1.070300 
1.072000 
1.075800 
1.076200 
1.076900 
1.077400 
1.078900 
1.081300 
1.083300 
1.083600 
1.083700 
1.085400 
1.086200 
1.086200 
1.088000 
1.088000 
1.091000 
1.091000 
1.091000 
1.091100 
1.094400 
1.095700 
1.095700 
1.098500 
1.098900 
1.099200 
1.100500 
1.101100 
1.101100 
1.103200 
1.103400 
1.103900 
1.104000 
1.104500 
1.105000 
1.106300 
1.107600 
1.108300 
1.108600 
1.109400 
1.110800 
1.111800 
1.112100 
1.112300 
1.112400 
1.112600 
1.112800 
1.112800 
1.112900 
1.116000 
1.116000 
1.116400 
1.116600 
1.117200 
1.117900 
1.118700 
1.118800 
1.119500 
1.120200 
1.122000 
1.122200 
1.122200 
1.122600 
1.125400 
1.126700 
1.127100 
1.127600 
1.129000 
1.130500 
1.130900 
1.131500 
1.131800 
1.131800 
1.132000 
1.132200 
1.132300 
1.132700 
1.133400 
1.133600 
1.135100 
1.135300 
1.135700 
1.138400 
1.141900 
1.142000 
1.142000 
1.142100 
1.142700 
1.143500 
1.143900 
1.144000 
1.144400 
1.144900 
1.146200 
1.149200 
1.149400 
1.149600 
1.150400 
1.150800 
1.151500 
1.151900 
1.153600 
1.153900 
1.155000 
1.155600 
1.155600 
1.156100 
1.157000 
1.157100 
1.158000 
1.158900 
1.159100 
1.159600 
1.161100 
1.161400 
1.162300 
1.163000 
1.163300 
1.165000 
1.166200 
1.167900 
1.168800 
1.170000 
1.171700 
1.172400 
1.172900 
1.173300 
1.174300 
1.175800 
1.176700 
1.176800 
1.177700 
1.177900 
1.180200 
1.180400 
1.180500 
1.181200 
1.182300 
1.183000 
1.183300 
1.184500 
1.186800 
1.186800 
1.186900 
1.187300 
1.188400 
1.189100 
1.189300 
1.190000 
1.190400 
1.190500 
1.190800 
1.191000 
1.191500 
1.193300 
1.193500 
1.194100 
1.195400 
1.195500 
1.196100 
1.197100 
1.197800 
1.201000 
1.201100 
1.201200 
1.201200 
1.202000 
1.202100 
1.204200 
1.205500 
1.205700 
1.206600 
1.206600 
1.207800 
1.208500 
1.210700 
1.210900 
1.211200 
1.211700 
1.212400 
1.212500 
1.213500 
1.214800 
1.216400 
1.216500 
1.217000 
1.217700 
1.218400 
1.219900 
1.220400 
1.221100 
1.221500 
1.222100 
1.222700 
1.223200 
1.226100 
1.227000 
1.229300 
1.230000 
1.230800 
1.230900 
1.231100 
1.231100 
1.231200 
1.231500 
1.232900 
1.233200 
1.233600 
1.235200 
1.235900 
1.236200 
1.236400 
1.237300 
1.237300 
1.238000 
1.238200 
1.239000 
1.239500 
1.240400 
1.241200 
1.243200 
1.243700 
1.244000 
1.245000 
1.246500 
1.247000 
1.247900 
1.247900 
1.248800 
1.248900 
1.249200 
1.250500 
1.251200 
1.251400 
1.251500 
1.251800 
1.252000 
1.252300 
1.253000 
1.253800 
1.253900 
1.254600 
1.255200 
1.260200 
1.260600 
1.261500 
1.264100 
1.264800 
1.264900 
1.266100 
1.266300 
1.266800 
1.267000 
1.267300 
1.267400 
1.267500 
1.267700 
1.267900 
1.268800 
1.268900 
1.269500 
1.270500 
1.270900 
1.271100 
1.274000 
1.274600 
1.275100 
1.277600 
1.278000 
1.280000 
1.280400 
1.281100 
1.281700 
1.282200 
1.282400 
1.282900 
1.283800 
1.284200 
1.284900 
1.285100 
1.285100 
1.285200 
1.285400 
1.290800 
1.291800 
1.292000 
1.293000 
1.295100 
1.295800 
1.297100 
1.297300 
1.298400 
1.299100 
1.299200 
1.301200 
1.301300 
1.302900 
1.305200 
1.307600 
1.309000 
1.309000 
1.309700 
1.309800 
1.313800 
1.314400 
1.314700 
1.315800 
1.315900 
1.315900 
1.316700 
1.318000 
1.320700 
1.321900 
1.321900 
1.322500 
1.323300 
1.323600 
1.324300 
1.325200 
1.325400 
1.325800 
1.326600 
1.326900 
1.326900 
1.327600 
1.328400 
1.329800 
1.330200 
1.331300 
1.333500 
1.333600 
1.333900 
1.334300 
1.334600 
1.334900 
1.335200 
1.336000 
1.336200 
1.336200 
1.336400 
1.336400 
1.336700 
1.336800 
1.337500 
1.338200 
1.338700 
1.338800 
1.340300 
1.341000 
1.341500 
1.341900 
1.342300 
1.342300 
1.342600 
1.343400 
1.343900 
1.344100 
1.345700 
1.345800 
1.345900 
1.346100 
1.348700 
1.349400 
1.352100 
1.352800 
1.353700 
1.354100 
1.354300 
1.355800 
1.356400 
1.357500 
1.357900 
1.361500 
1.362300 
1.365100 
1.365600 
1.366500 
1.367000 
1.370600 
1.371000 
1.372100 
1.373300 
1.373800 
1.374700 
1.375200 
1.375400 
1.375600 
1.375800 
1.375900 
1.376100 
1.378300 
1.379900 
1.380300 
1.380500 
1.381400 
1.382100 
1.382500 
1.382600 
1.383600 
1.384700 
1.384700 
1.384800 
1.385300 
1.386600 
1.387500 
1.390800 
1.391300 
1.391600 
1.392300 
1.395000 
1.395200 
1.395700 
1.396400 
1.398100 
1.398200 
1.398200 
1.398400 
1.398800 
1.400700 
1.400800 
1.401800 
1.402500 
1.402500 
1.403400 
1.404500 
1.405100 
1.406200 
1.407300 
1.407400 
1.407500 
1.407500 
1.408500 
1.408600 
1.409700 
1.410500 
1.410900 
1.411000 
1.411700 
1.412000 
1.412300 
1.412400 
1.412700 
1.412900 
1.413300 
1.414800 
1.414900 
1.415500 
1.415700 
1.416200 
1.417100 
1.417100 
1.417700 
1.419300 
1.419300 
1.420500 
1.420600 
1.423000 
1.425000 
1.425200 
1.426200 
1.426200 
1.426400 
1.427100 
1.429000 
1.430700 
1.431100 
1.431200 
1.434100 
1.434600 
1.434800 
1.435600 
1.437200 
1.438100 
1.441300 
1.442200 
1.442600 
1.443000 
1.446200 
1.447200 
1.447500 
1.448600 
1.449200 
1.449700 
1.451800 
1.453700 
1.454200 
1.454900 
1.455500 
1.456800 
1.457700 
1.458500 
1.458500 
1.458700 
1.460600 
1.461100 
1.461600 
1.461700 
1.462000 
1.462000 
1.462000 
1.463100 
1.465300 
1.465900 
1.466800 
1.467200 
1.469000 
1.469000 
1.469200 
1.469800 
1.469800 
1.469800 
1.470400 
1.470500 
1.471100 
1.471600 
1.472800 
1.473600 
1.474300 
1.474600 
1.476000 
1.476100 
1.480600 
1.480700 
1.481300 
1.482000 
1.483200 
1.484000 
1.485000 
1.486000 
1.487100 
1.488000 
1.488000 
1.490700 
1.491000 
1.491100 
1.491200 
1.494100 
1.494800 
1.496800 
1.497000 
1.497700 
1.497800 
1.497800 
1.498600 
1.498700 
1.499000 
1.499000 
1.499500 
1.500100 
1.500900 
1.501600 
1.501700 
1.502200 
1.503800 
1.503900 
1.505300 
1.505600 
1.506100 
1.506200 
1.507000 
1.507100 
1.507300 
1.507500 
1.507800 
1.508100 
1.508100 
1.508800 
1.509400 
1.510400 
1.510400 
1.510700 
1.511400 
1.511700 
1.512100 
1.512300 
1.512400 
1.512500 
1.513900 
1.514700 
1.515100 
1.515300 
1.515400 
1.516000 
1.516100 
1.516300 
1.516400 
1.516900 
1.517200 
1.518400 
1.519300 
1.519800 
1.520900 
1.523200 
1.523700 
1.525100 
1.525100 
1.526500 
1.527000 
1.527300 
1.527300 
1.528000 
1.529000 
1.529100 
1.529200 
1.529600 
1.531000 
1.532400 
1.532400 
1.532500 
1.532800 
1.532800 
1.533400 
1.534500 
1.534600 
1.534700 
1.535400 
1.535500 
1.538300 
1.538500 
1.539700 
1.541000 
1.541300 
1.541500 
1.543100 
1.543800 
1.543800 
1.544000 
1.544200 
1.544800 
1.545000 
1.545400 
1.545500 
1.545900 
1.546600 
1.547500 
1.547600 
1.549000 
1.550600 
1.550700 
1.550900 
1.551300 
1.551800 
1.553500 
1.553800 
1.556400 
1.558000 
1.558500 
1.560100 
1.561500 
1.561800 
1.563100 
1.563200 
1.564100 
1.564400 
1.565300 
1.566100 
1.566500 
1.567600 
1.568100 
1.568200 
1.568800 
1.569700 
1.570000 
1.571200 
1.571600 
1.574500 
1.575800 
1.577300 
1.577600 
1.577600 
1.578800 
1.580200 
1.582500 
1.583600 
1.583900 
1.584800 
1.585100 
1.585300 
1.585400 
1.586100 
1.586700 
1.587700 
1.588800 
1.589900 
1.590400 
1.590700 
1.591200 
1.591700 
1.593600 
1.594300 
1.598700 
1.601900 
1.603600 
1.604100 
1.604100 
1.604100 
1.606800 
1.607600 
1.607700 
1.608900 
1.609300 
1.610000 
1.610700 
1.611600 
1.611600 
1.612300 
1.613100 
1.614300 
1.615700 
1.615700 
1.617700 
1.618700 
1.618800 
1.618900 
1.619500 
1.619700 
1.623300 
1.625700 
1.631400 
1.634300 
1.634900 
1.635200 
1.637500 
1.637900 
1.637900 
1.639000 
1.639600 
1.643200 
1.644700 
1.644700 
1.645700 
1.646900 
1.647600 
1.647800 
1.647900 
1.648500 
1.649700 
1.649900 
1.650500 
1.652100 
1.653300 
1.653400 
1.653900 
1.654700 
1.655200 
1.656300 
1.656500 
1.658800 
1.660500 
1.662000 
1.662400 
1.662800 
1.663400 
1.663400 
1.663700 
1.666200 
1.667100 
1.667700 
1.669600 
1.674000 
1.676800 
1.678300 
1.678500 
1.678800 
1.679000 
1.679400 
1.681500 
1.682100 
1.682500 
1.683000 
1.683500 
1.684400 
1.684900 
1.685100 
1.685600 
1.685700 
1.686600 
1.687200 
1.687600 
1.687900 
1.688600 
1.689400 
1.689600 
1.689700 
1.691400 
1.691500 
1.692000 
1.692100 
1.692200 
1.692700 
1.693300 
1.694800 
1.695300 
1.695300 
1.697700 
1.699000 
1.699100 
1.699300 
1.700100 
1.703100 
1.703800 
1.704100 
1.704100 
1.705300 
1.705500 
1.705600 
1.706700 
1.706900 
1.707200 
1.707500 
1.708100 
1.708200 
1.709100 
1.710600 
1.711600 
1.713800 
1.714200 
1.714500 
1.715500 
1.715600 
1.716200 
1.716600 
1.718000 
1.718700 
1.719200 
1.720300 
1.724200 
1.725000 
1.725400 
1.726000 
1.728200 
1.728300 
1.729400 
1.729900 
1.730000 
1.733200 
1.733700 
1.733700 
1.734500 
1.734900 
1.736500 
1.737000 
1.737200 
1.738000 
1.738600 
1.740600 
1.743500 
1.743900 
1.744200 
1.746100 
1.746200 
1.746400 
1.747400 
1.748200 
1.748900 
1.749000 
1.749200 
1.749200 
1.749400 
1.749800 
1.750800 
1.751400 
1.752600 
1.752700 
1.753600 
1.754000 
1.754700 
1.755200 
1.756500 
1.757100 
1.757500 
1.757600 
1.758900 
1.759800 
1.760900 
1.761300 
1.761600 
1.761900 
1.762400 
1.764000 
1.764100 
1.764300 
1.765800 
1.767400 
1.769200 
1.769500 
1.769900 
1.770200 
1.773100 
1.773100 
1.773800 
1.775700 
1.776100 
1.779900 
1.780200 
1.780200 
1.781100 
1.781200 
1.781900 
1.782400 
1.782800 
1.782900 
1.783600 
1.784400 
1.784600 
1.784600 
1.784800 
1.785100 
1.785500 
1.785600 
1.786200 
1.786400 
1.786500 
1.786500 
1.788800 
1.789300 
1.789900 
1.790100 
1.790600 
1.791000 
1.791700 
1.792100 
1.792600 
1.793100 
1.793100 
1.793200 
1.793500 
1.793500 
1.795000 
1.795500 
1.797500 
1.797600 
1.798100 
1.799600 
1.799700 
1.800800 
1.801600 
1.801700 
1.802000 
1.802800 
1.805500 
1.806200 
1.806300 
1.807400 
1.807600 
1.808300 
1.809000 
1.809400 
1.809500 
1.809800 
1.810100 
1.810900 
1.811500 
1.812500 
1.812500 
1.813000 
1.813400 
1.814500 
1.814500 
1.816600 
1.817700 
1.817900 
1.818200 
1.819500 
1.819800 
1.820300 
1.820400 
1.820700 
1.822100 
1.822600 
1.824000 
1.824200 
1.825200 
1.826500 
1.827100 
1.827600 
1.827900 
1.828000 
1.828000 
1.829900 
1.830300 
1.831100 
1.833100 
1.834700 
1.835000 
1.835800 
1.836600 
1.837800 
1.838200 
1.839700 
1.841700 
1.841900 
1.842600 
1.844000 
1.844400 
1.845200 
1.846200 
1.848400 
1.849400 
1.849400 
1.850100 
1.850700 
1.852400 
1.852400 
1.853400 
1.853900 
1.854300 
1.855200 
1.855600 
1.857800 
1.859400 
1.859700 
1.860600 
1.862700 
1.863000 
1.866500 
1.866700 
1.868700 
1.868800 
1.869200 
1.869900 
1.870400 
1.870700 
1.870800 
1.871100 
1.871800 
1.871900 
1.872000 
1.872300 
1.873000 
1.874600 
1.875400 
1.876100 
1.877000 
1.877300 
1.877500 
1.877600 
1.878400 
1.879200 
1.882200 
1.883200 
1.884300 
1.884300 
1.885000 
1.885700 
1.886400 
1.886400 
1.887700 
1.889400 
1.889600 
1.890700 
1.892400 
1.895400 
1.897300 
1.897800 
1.898100 
1.898200 
1.898700 
1.899400 
1.899800 
1.899800 
1.900300 
1.900500 
1.903400 
1.903900 
1.904500 
1.905900 
1.906000 
1.906000 
1.906900 
1.908300 
1.908300 
1.909700 
1.911000 
1.911300 
1.912100 
1.912500 
1.913400 
1.913600 
1.913700 
1.914100 
1.916400 
1.916600 
1.917700 
1.918000 
1.918100 
1.920000 
1.920200 
1.920600 
1.920700 
1.922300 
1.924500 
1.925100 
1.925700 
1.926900 
1.927800 
1.927900 
1.928500 
1.930000 
1.932100 
1.932400 
1.932700 
1.933700 
1.936000 
1.937600 
1.938100 
1.938400 
1.939300 
1.940400 
1.942300 
1.942700 
1.944900 
1.946400 
1.946500 
1.946800 
1.947500 
1.947900 
1.948800 
1.949400 
1.949700 
1.949900 
1.950000 
1.951700 
1.952900 
1.953300 
1.953700 
1.954000 
1.954800 
1.955000 
1.955000 
1.955700 
1.955900 
1.956100 
1.956200 
1.957900 
1.958000 
1.959900 
1.960900 
1.962200 
1.962300 
1.965000 
1.966200 
1.966300 
1.966400 
1.968500 
1.969300 
1.969600 
1.970000 
1.970400 
1.971300 
1.973400 
1.973700 
1.974300 
1.974400 
1.974500 
1.974600 
1.974700 
1.975400 
1.975600 
1.975900 
1.976800 
1.977800 
1.978900 
1.980300 
1.981400 
1.983100 
1.983200 
1.984700 
1.985400 
1.986100 
1.986100 
1.986700 
1.986900 
1.987100 
1.987100 
1.988000 
1.988100 
1.988300 
1.988300 
1.988400 
1.988800 
1.988900 
1.989600 
1.990500 
1.991100 
1.991500 
1.991900 
1.992000 
1.992100 
1.992200 
1.992500 
1.992700 
1.992800 
1.992900 
1.993900 
1.994300 
1.994700 
1.995300 
1.996100 
1.996700 
1.997500 
1.997700 
1.998200 
1.998300 
1.998300 
1.998600 
1.998900 
2.002400 
2.002500 
2.003900 
2.004000 
2.004400 
2.004600 
2.004700 
2.008200 
2.010100 
2.010300 
2.013400 
2.013700 
2.014000 
2.016600 
2.017200 
2.017300 
2.018600 
2.020500 
2.020700 
2.020700 
2.021500 
2.021800 
2.023200 
2.024100 
2.025900 
2.027000 
2.029300 
2.030900 
2.031100 
2.031200 
2.032400 
2.033600 
2.034900 
2.035700 
2.036200 
2.036600 
2.036700 
2.039800 
2.040200 
2.041800 
2.042300 
2.042300 
2.044100 
2.044800 
2.045500 
2.048600 
2.051200 
2.051200 
2.051900 
2.052200 
2.053500 
2.054200 
2.055600 
2.055900 
2.056600 
2.056700 
2.056900 
2.057100 
2.057400 
2.059300 
2.059500 
2.060400 
2.060800 
2.061000 
2.061200 
2.061500 
2.063100 
2.063500 
2.065700 
2.065800 
2.067000 
2.067700 
2.067800 
2.068000 
2.071300 
2.072300 
2.072900 
2.074000 
2.076000 
2.076400 
2.076900 
2.077600 
2.077800 
2.079800 
2.080300 
2.080600 
2.081500 
2.081600 
2.082400 
2.082500 
2.082900 
2.083400 
2.083400 
2.083500 
2.083800 
2.085300 
2.085900 
2.086100 
2.086600 
2.087700 
2.088500 
2.089400 
2.090600 
2.091600 
2.093100 
2.093100 
2.093200 
2.093300 
2.093300 
2.093400 
2.095700 
2.098000 
2.100400 
2.101400 
2.101600 
2.104000 
2.107000 
2.109200 
2.110000 
2.110100 
2.111000 
2.111300 
2.111600 
2.112500 
2.113200 
2.114500 
2.118300 
2.119100 
2.119200 
2.120500 
2.121100 
2.121600 
2.123200 
2.124200 
2.124300 
2.124800 
2.127600 
2.127900 
2.128400 
2.129800 
2.130400 
2.130500 
2.131100 
2.131700 
2.132500 
2.133400 
2.134100 
2.134300 
2.135000 
2.136000 
2.136100 
2.136300 
2.137300 
2.137500 
2.140600 
2.143500 
2.143800 
2.145200 
2.146200 
2.147900 
2.148600 
2.149100 
2.150100 
2.150500 
2.150600 
2.152100 
2.152500 
2.152800 
2.153200 
2.154100 
2.155200 
2.155300 
2.156600 
2.157500 
2.157800 
2.158400 
2.158400 
2.158900 
2.159500 
2.159600 
2.159600 
2.159900 
2.160200 
2.160900 
2.161000 
2.161400 
2.161400 
2.161600 
2.162800 
2.165200 
2.165500 
2.165500 
2.167100 
2.167400 
2.167600 
2.168200 
2.168300 
2.168500 
2.169800 
2.172300 
2.173800 
2.175200 
2.175700 
2.175700 
2.176100 
2.176800 
2.176800 
2.177100 
2.177200 
2.177200 
2.178300 
2.178600 
2.178900 
2.179300 
2.179600 
2.179800 
2.180400 
2.181400 
2.181700 
2.183400 
2.183500 
2.183900 
2.184200 
2.184200 
2.184800 
2.184900 
2.186000 
2.186300 
2.186500 
2.186600 
2.188600 
2.195400 
2.195400 
2.196100 
2.196200 
2.199200 
2.199500 
2.201600 
2.201700 
2.202000 
2.202200 
2.205300 
2.206300 
2.206500 
2.207200 
2.210700 
2.211200 
2.211300 
2.212400 
2.212500 
2.212800 
2.213100 
2.213400 
2.214300 
2.216900 
2.217000 
2.217800 
2.217900 
2.218200 
2.218400 
2.218600 
2.218600 
2.218700 
2.219900 
2.220300 
2.220400 
2.221400 
2.221700 
2.222800 
2.222900 
2.223700 
2.224200 
2.224600 
2.229700 
2.230200 
2.230700 
2.230800 
2.232500 
2.233100 
2.233200 
2.233300 
2.234300 
2.235600 
2.236700 
2.236700 
2.237100 
2.237500 
2.239000 
2.240200 
2.240200 
2.241000 
2.241600 
2.243500 
2.243700 
2.244900 
2.245100 
2.245700 
2.251000 
2.251600 
2.252100 
2.252100 
2.253000 
2.253100 
2.255100 
2.255400 
2.255500 
2.255800 
2.257100 
2.257600 
2.258100 
2.258500 
2.258800 
2.261500 
2.263200 
2.268000 
2.268400 
2.268800 
2.268900 
2.270600 
2.270900 
2.271200 
2.271500 
2.273100 
2.273200 
2.273300 
2.274100 
2.277200 
2.277700 
2.277900 
2.278200 
2.278200 
2.278300 
2.278400 
2.278800 
2.279300 
2.281500 
2.281600 
2.281900 
2.281900 
2.282300 
2.282400 
2.283200 
2.283600 
2.284000 
2.285400 
2.285700 
2.285700 
2.286300 
2.287600 
2.287600 
2.289000 
2.290400 
2.290500 
2.291900 
2.292000 
2.292200 
2.293700 
2.294000 
2.294500 
2.294600 
2.295000 
2.297700 
2.299700 
2.299900 
2.300600 
2.301700 
2.302300 
2.303000 
2.303100 
2.303200 
2.304100 
2.304200 
2.304200 
2.304900 
2.305100 
2.305200 
2.305200 
2.307500 
2.307700 
2.309300 
2.310300 
2.310300 
2.310500 
2.311000 
2.311400 
2.312900 
2.312900 
2.313500 
2.315200 
2.315600 
2.316500 
2.317400 
2.318100 
2.318500 
2.319000 
2.320000 
2.320200 
2.320300 
2.321900 
2.322700 
2.325400 
2.325600 
2.328300 
2.329200 
2.330300 
2.330600 
2.332000 
2.332700 
2.334200 
2.335500 
2.335900 
2.336800 
2.337300 
2.339200 
2.340000 
2.341700 
2.342000 
2.343100 
2.345700 
2.346900 
2.346900 
2.347000 
2.347100 
2.347300 
2.347400 
2.350700 
2.351500 
2.351500 
2.351700 
2.352100 
2.352500 
2.353100 
2.353700 
2.355400 
2.355600 
2.356100 
2.356400 
2.356400 
2.356500 
2.356900 
2.357600 
2.359400 
2.360200 
2.360500 
2.361000 
2.362300 
2.362600 
2.363000 
2.363300 
2.363600 
2.364400 
2.364500 
2.366300 
2.366800 
2.368100 
2.368800 
2.369200 
2.369300 
2.370300 
2.370700 
2.370800 
2.371400 
2.372300 
2.372400 
2.373800 
2.374000 
2.374300 
2.374700 
2.375400 
2.376600 
2.376600 
2.376800 
2.377600 
2.378100 
2.379200 
2.380100 
2.382800 
2.385300 
2.386600 
2.387800 
2.388600 
2.389500 
2.390200 
2.392600 
2.392800 
2.392900 
2.393700 
2.394600 
2.395400 
2.395500 
2.395700 
2.396600 
2.397500 
2.398600 
2.399900 
2.401100 
2.402500 
2.402800 
2.404700 
2.404800 
2.405500 
2.406000 
2.406200 
2.407200 
2.409300 
2.409600 
2.409900 
2.411500 
2.412600 
2.413200 
2.413300 
2.413300 
2.413600 
2.413800 
2.414200 
2.414300 
2.416500 
2.416800 
2.419700 
2.419800 
2.422400 
2.423300 
2.423300 
2.423900 
2.424000 
2.425000 
2.425000 
2.426300 
2.427700 
2.428800 
2.428800 
2.429000 
2.429100 
2.429500 
2.430100 
2.430500 
2.431500 
2.432700 
2.433200 
2.434200 
2.434300 
2.435000 
2.435700 
2.436100 
2.436800 
2.437200 
2.439200 
2.439500 
2.440400 
2.440800 
2.440900 
2.441100 
2.441900 
2.442000 
2.442000 
2.443000 
2.443100 
2.443200 
2.443800 
2.443800 
2.444500 
2.444700 
2.445100 
2.445400 
2.445400 
2.448300 
2.449800 
2.450100 
2.450500 
2.451300 
2.453200 
2.453400 
2.454500 
2.455100 
2.455200 
2.456000 
2.457100 
2.458500 
2.461200 
2.463800 
2.463800 
2.464600 
2.465500 
2.466900 
2.468100 
2.468600 
2.469700 
2.470000 
2.471300 
2.473000 
2.473300 
2.473500 
2.473600 
2.473600 
2.475500 
2.478500 
2.478900 
2.480200 
2.481400 
2.483700 
2.483900 
2.485600 
2.485800 
2.486100 
2.486100 
2.486300 
2.486600 
2.488400 
2.488500 
2.488800 
2.488900 
2.489100 
2.489900 
2.490100 
2.491400 
2.491900 
2.492100 
2.492300 
2.493800 
2.494400 
2.496400 
2.497600 
2.497900 
2.498300 
2.498400 
2.499100 
2.499500 
2.499800 
2.499900 
2.500200 
2.501700 
2.502100 
2.504300 
2.504300 
2.505000 
2.507900 
2.508200 
2.508400 
2.509000 
2.509500 
2.509700 
2.510600 
2.511100 
2.511500 
2.511800 
2.513000 
2.514100 
2.516400 
2.516400 
2.517300 
2.517700 
2.519200 
2.521700 
2.522400 
2.522500 
2.524300 
2.524600 
2.524800 
2.526400 
2.527000 
2.528600 
2.529400 
2.530100 
2.530900 
2.531600 
2.533100 
2.533500 
2.533700 
2.534700 
2.536400 
2.537000 
2.537800 
2.538800 
2.539200 
2.539300 
2.540200 
2.540200 
2.541600 
2.541800 
2.543600 
2.544300 
2.544700 
2.547600 
2.548200 
2.549200 
2.553300 
2.553500 
2.555500 
2.555700 
2.557600 
2.557900 
2.558300 
2.558800 
2.559200 
2.560500 
2.560600 
2.562100 
2.564400 
2.565500 
2.567100 
2.567500 
2.567700 
2.568400 
2.568700 
2.569900 
2.570300 
2.570400 
2.570600 
2.571200 
2.572400 
2.572400 
2.573100 
2.573200 
2.573300 
2.573400 
2.575400 
2.576000 
2.576400 
2.576700 
2.577100 
2.577800 
2.577900 
2.578100 
2.578600 
2.579400 
2.579500 
2.580200 
2.581000 
2.581100 
2.581500 
2.582200 
2.582600 
2.583400 
2.584500 
2.584800 
2.586100 
2.586700 
2.588000 
2.588800 
2.589000 
2.589600 
2.590300 
2.590800 
2.591000 
2.591200 
2.591700 
2.591900 
2.592500 
2.592500 
2.593500 
2.593800 
2.595000 
2.595300 
2.595700 
2.596900 
2.601500 
2.601700 
2.602400 
2.602700 
2.603100 
2.606000 
2.607800 
2.608600 
2.609100 
2.609400 
2.609700 
2.609800 
2.610100 
2.610400 
2.610900 
2.611700 
2.611900 
2.613200 
2.613900 
2.614000 
2.614200 
2.614500 
2.614900 
2.615500 
2.615600 
2.615900 
2.617000 
2.618400 
2.618600 
2.620500 
2.622100 
2.622500 
2.624400 
2.625600 
2.625700 
2.627400 
2.627400 
2.627900 
2.631200 
2.632200 
2.633600 
2.634200 
2.635000 
2.636400 
2.637000 
2.637100 
2.639800 
2.640700 
2.644000 
2.644500 
2.646100 
2.646500 
2.647200 
2.648100 
2.648400 
2.649400 
2.649900 
2.652000 
2.652100 
2.653000 
2.655100 
2.655500 
2.655500 
2.659500 
2.659600 
2.660000 
2.660500 
2.660700 
2.661000 
2.662000 
2.663100 
2.663500 
2.664200 
2.664300 
2.664700 
2.665200 
2.668200 
2.668400 
2.668800 
2.669200 
2.669600 
2.671000 
2.671800 
2.672600 
2.673400 
2.673500 
2.673500 
2.674800 
2.675000 
2.675600 
2.676800 
2.677400 
2.677500 
2.678000 
2.678000 
2.678700 
2.678900 
2.679700 
2.682200 
2.682400 
2.686800 
2.688400 
2.689400 
2.689700 
2.689700 
2.690100 
2.690200 
2.691000 
2.691100 
2.691300 
2.691400 
2.691500 
2.691500 
2.691700 
2.691800 
2.693000 
2.693000 
2.693100 
2.693300 
2.693400 
2.695400 
2.695500 
2.695600 
2.695900 
2.696100 
2.697300 
2.698300 
2.699600 
2.699800 
2.701400 
2.702700 
2.703300 
2.703400 
2.703800 
2.704100 
2.706000 
2.706900 
2.707700 
2.708100 
2.708700 
2.708800 
2.709100 
2.709200 
2.711400 
2.712000 
2.712800 
2.712800 
2.714400 
2.714900 
2.715200 
2.715600 
2.716400 
2.716900 
2.717700 
2.718100 
2.718400 
2.718700 
2.719700 
2.720800 
2.721300 
2.721500 
2.721900 
2.722000 
2.723600 
2.724000 
2.724200 
2.724300 
2.724400 
2.724800 
2.725200 
2.725200 
2.725700 
2.726500 
2.726900 
2.729900 
2.730300 
2.731800 
2.734700 
2.734700 
2.734900 
2.735800 
2.735900 
2.736000 
2.736100 
2.736300 
2.738200 
2.739100 
2.739400 
2.739500 
2.739900 
2.740300 
2.741400 
2.742100 
2.742200 
2.742600 
2.742800 
2.745100 
2.746000 
2.746600 
2.746900 
2.748300 
2.748600 
2.749000 
2.749900 
2.751800 
2.753900 
2.754300 
2.755200 
2.757200 
2.757700 
2.758100 
2.759600 
2.759900 
2.761200 
2.761800 
2.763100 
2.764200 
2.766500 
2.767100 
2.770000 
2.770500 
2.770700 
2.772600 
2.772700 
2.773300 
2.774100 
2.777200 
2.777400 
2.777800 
2.778400 
2.779100 
2.779400 
2.779900 
2.780900 
2.782000 
2.782400 
2.783000 
2.786000 
2.786200 
2.787500 
2.789200 
2.789700 
2.790300 
2.791200 
2.793100 
2.794200 
2.795000 
2.795100 
2.795300 
2.796500 
2.796700 
2.798800 
2.799700 
2.800300 
2.801600 
2.802400 
2.807300 
2.808300 
2.809400 
2.810400 
2.814500 
2.815000 
2.815200 
2.815300 
2.815400 
2.815600 
2.816200 
2.816600 
2.817600 
2.818200 
2.819500 
2.819900 
2.822100 
2.823100 
2.823300 
2.826600 
2.827400 
2.827400 
2.827600 
2.828500 
2.830200 
2.830600 
2.832600 
2.834200 
2.834600 
2.835300 
2.835600 
2.836900 
2.838600 
2.839100 
2.839600 
2.842000 
2.843300 
2.845000 
2.846800 
2.847500 
2.847800 
2.848800 
2.849000 
2.850000 
2.850400 
2.851700 
2.851700 
2.853400 
2.853700 
2.853800 
2.854100 
2.854200 
2.854300 
2.854700 
2.856200 
2.856900 
2.858900 
2.859000 
2.859000 
2.859300 
2.861700 
2.861900 
2.862600 
2.863600 
2.864700 
2.864900 
2.865200 
2.865400 
2.865700 
2.867000 
2.867400 
2.869300 
2.870600 
2.871000 
2.871200 
2.871400 
2.872800 
2.874300 
2.874300 
2.875300 
2.876800 
2.877500 
2.877500 
2.877800 
2.878400 
2.878700 
2.878800 
2.879800 
2.881200 
2.881300 
2.881700 
2.883200 
2.883400 
2.884200 
2.884200 
2.886400 
2.886500 
2.887000 
2.887500 
2.887600 
2.887800 
2.888600 
2.888900 
2.889500 
2.891100 
2.891900 
2.892800 
2.893200 
2.893700 
2.894400 
2.896000 
2.896300 
2.897700 
2.899600 
2.901100 
2.902600 
2.902700 
2.903300 
2.903800 
2.904100 
2.906100 
2.907900 
2.908100 
2.908100 
2.908800 
2.908900 
2.908900 
2.910500 
2.912700 
2.913000 
2.914200 
2.914400 
2.915200 
2.915200 
2.915900 
2.917500 
2.918000 
2.918900 
2.919400 
2.919900 
2.922200 
2.922300 
2.924000 
2.924400 
2.925300 
2.926000 
2.926200 
2.928300 
2.928500 
2.928800 
2.928800 
2.929000 
2.929300 
2.930300 
2.931600 
2.931600 
2.932300 
2.933200 
2.934800 
2.935100 
2.936100 
2.936600 
2.936800 
2.937600 
2.939700 
2.940100 
2.941100 
2.941900 
2.942000 
2.943100 
2.943200 
2.943300 
2.944500 
2.944700 
2.945800 
2.945800 
2.946000 
2.947700 
2.948000 
2.948500 
2.948700 
2.949900 
2.950000 
2.953100 
2.953200 
2.953900 
2.955100 
2.955900 
2.957300 
2.957800 
2.960000 
2.960500 
2.961000 
2.961500 
2.961800 
2.962100 
2.963000 
2.963300 
2.963500 
2.963600 
2.964000 
2.964400 
2.964500 
2.965000 
2.966600 
2.968600 
2.969000 
2.969300 
2.969800 
2.971600 
2.973000 
2.974200 
2.974400 
2.975700 
2.977600 
2.980600 
2.980700 
2.982700 
2.983200 
2.983700 
2.985200 
2.985200 
2.985300 
2.985300 
2.986400 
2.988100 
2.988300 
2.988600 
2.989600 
2.991100 
2.991500 
2.991900 
2.992000 
2.992400 
2.992800 
2.993400 
2.993600 
2.995100 
2.995400 
2.995500 
2.997000 
2.997200 
2.998300 
2.998300 
2.998900 
2.999700 
