0.021800 
0.025800 
0.026100 
0.026800 
0.028500 
0.029700 
0.030000 
0.030100 
0.030300 
0.030700 
0.032900 
0.036200 
0.037300 
0.038100 
0.038700 
0.038800 
0.040400 
0.040900 
0.041800 
0.042200 
0.042800 
0.042900 
0.045500 
0.045500 
0.050000 
0.050700 
0.053500 
0.054600 
0.054700 
0.055000 
0.055500 
0.056000 
0.058600 
0.059100 
0.062000 
0.063000 
0.064000 
0.064100 
0.065000 
0.065400 
0.065500 
0.065700 
0.066600 
0.067600 
0.068000 
0.068100 
0.068700 
0.069600 
0.073500 
0.075900 
0.076000 
0.076700 
0.076900 
0.077900 
0.077900 
0.078600 
0.081900 
0.082600 
0.082900 
0.083000 
0.083600 
0.085500 
0.090600 
0.092600 
0.092800 
0.092800 
0.094400 
0.095500 
0.095800 
0.097200 
0.097500 
0.097900 
0.098900 
0.102500 
0.103400 
0.104000 
0.106000 
0.107600 
0.111900 
0.113400 
0.116500 
0.117600 
0.122100 
0.122800 
0.124000 
0.127400 
0.128100 
0.128100 
0.129200 
0.129800 
0.133300 
0.139500 
0.143100 
0.144100 
0.146000 
0.147600 
0.147700 
0.149000 
0.149600 
0.149900 
0.151800 
0.152600 
0.152600 
0.153400 
0.153700 
0.155500 
0.155600 
0.156500 
0.159100 
0.159300 
0.159400 
0.161500 
0.162500 
0.162500 
0.163300 
0.163500 
0.167100 
0.167200 
0.167500 
0.168300 
0.168500 
0.170000 
0.171900 
0.172500 
0.172900 
0.174000 
0.174100 
0.177600 
0.178700 
0.180600 
0.182800 
0.184000 
0.184100 
0.184300 
0.189000 
0.191200 
0.192900 
0.195400 
0.195800 
0.197600 
0.198600 
0.200900 
0.201300 
0.201700 
0.202800 
0.206200 
0.207300 
0.208700 
0.208800 
0.209300 
0.209300 
0.210100 
0.210900 
0.211500 
0.212300 
0.212500 
0.212900 
0.213100 
0.213300 
0.214200 
0.214300 
0.217000 
0.219000 
0.219000 
0.222100 
0.222300 
0.223200 
0.223400 
0.223600 
0.225400 
0.225700 
0.229000 
0.229900 
0.230800 
0.232600 
0.236200 
0.237600 
0.240800 
0.243400 
0.244000 
0.244100 
0.246600 
0.246800 
0.247200 
0.249000 
0.249100 
0.249900 
0.250100 
0.252500 
0.253700 
0.255100 
0.255700 
0.255700 
0.257800 
0.259200 
0.259500 
0.259700 
0.263300 
0.263700 
0.265400 
0.265500 
0.267700 
0.270000 
0.274200 
0.274500 
0.275700 
0.277100 
0.278000 
0.280200 
0.280600 
0.281200 
0.281700 
0.282500 
0.282800 
0.285400 
0.285700 
0.286200 
0.286300 
0.286900 
0.287300 
0.288200 
0.288300 
0.288700 
0.291200 
0.292200 
0.295100 
0.296300 
0.297700 
0.297800 
0.299400 
0.300300 
0.300300 
0.300700 
0.302800 
0.303000 
0.304100 
0.305000 
0.305300 
0.306100 
0.307600 
0.309000 
0.309000 
0.310600 
0.311300 
0.312800 
0.313100 
0.314800 
0.314800 
0.315500 
0.317600 
0.317800 
0.319000 
0.319900 
0.320400 
0.322800 
0.325000 
0.326500 
0.328500 
0.329200 
0.330100 
0.334300 
0.338700 
0.338800 
0.339000 
0.339200 
0.339200 
0.341200 
0.341600 
0.342600 
0.343700 
0.344400 
0.344900 
0.345100 
0.346200 
0.347100 
0.347400 
0.347800 
0.348900 
0.350700 
0.354000 
0.355200 
0.355900 
0.358000 
0.359300 
0.361400 
0.362300 
0.363400 
0.365100 
0.366400 
0.367300 
0.371200 
0.377600 
0.379300 
0.382400 
0.382500 
0.384500 
0.386200 
0.389700 
0.392200 
0.394300 
0.394400 
0.394700 
0.395100 
0.395900 
0.396000 
0.396600 
0.396900 
0.396900 
0.397200 
0.400100 
0.401900 
0.404200 
0.404800 
0.405200 
0.405200 
0.407100 
0.407300 
0.408200 
0.409900 
0.410900 
0.411700 
0.414100 
0.414200 
0.414500 
0.415400 
0.416500 
0.417000 
0.417300 
0.418200 
0.420200 
0.421800 
0.422800 
0.425800 
0.427000 
0.427900 
0.428400 
0.428500 
0.428800 
0.429900 
0.430700 
0.430700 
0.430800 
0.431600 
0.431900 
0.432100 
0.432500 
0.434600 
0.434900 
0.435500 
0.437700 
0.439100 
0.440000 
0.443600 
0.444500 
0.444700 
0.445900 
0.446300 
0.447400 
0.447800 
0.448000 
0.452800 
0.453400 
0.454000 
0.455800 
0.458400 
0.458800 
0.463500 
0.466100 
0.466400 
0.466700 
0.467000 
0.467700 
0.471000 
0.471600 
0.472600 
0.472700 
0.472800 
0.474000 
0.474800 
0.475100 
0.475100 
0.475100 
0.475200 
0.475200 
0.476800 
0.478000 
0.478100 
0.481400 
0.481600 
0.481700 
0.483000 
0.483100 
0.483600 
0.484200 
0.484300 
0.486800 
0.488000 
0.490300 
0.495000 
0.496600 
0.497100 
0.499100 
0.499700 
0.499700 
0.500300 
0.502400 
0.504000 
0.505500 
0.506900 
0.509200 
0.510400 
0.511700 
0.511800 
0.512700 
0.513900 
0.514100 
0.515300 
0.515300 
0.515700 
0.517100 
0.519000 
0.520300 
0.521000 
0.523500 
0.526100 
0.530800 
0.531800 
0.532300 
0.533900 
0.534200 
0.534500 
0.535200 
0.538300 
0.538600 
0.539900 
0.543200 
0.544800 
0.545100 
0.545200 
0.550000 
0.552200 
0.553200 
0.556200 
0.557800 
0.558500 
0.559300 
0.559600 
0.560000 
0.560100 
0.560100 
0.560900 
0.561000 
0.565100 
0.566100 
0.566400 
0.567600 
0.569100 
0.569400 
0.569900 
0.571800 
0.572300 
0.572400 
0.572500 
0.572500 
0.573900 
0.578800 
0.580100 
0.582600 
0.583300 
0.583400 
0.585300 
0.586600 
0.587100 
0.588200 
0.589800 
0.590600 
0.594100 
0.594800 
0.597800 
0.600900 
0.601600 
0.603700 
0.605900 
0.606200 
0.607100 
0.607200 
0.609000 
0.610400 
0.611700 
0.614000 
0.615800 
0.615800 
0.617300 
0.619100 
0.621700 
0.622000 
0.623200 
0.623800 
0.623900 
0.625600 
0.626800 
0.627300 
0.628500 
0.630600 
0.630700 
0.631100 
0.631600 
0.631700 
0.632300 
0.633600 
0.634700 
0.635900 
0.637200 
0.637700 
0.638000 
0.638300 
0.638900 
0.641500 
0.642700 
0.643900 
0.644600 
0.645400 
0.647100 
0.648200 
0.650400 
0.650800 
0.651500 
0.652300 
0.652500 
0.654400 
0.655000 
0.656700 
0.657600 
0.658100 
0.659200 
0.660500 
0.660600 
0.661300 
0.661600 
0.662900 
0.664500 
0.664800 
0.668000 
0.669500 
0.670600 
0.671300 
0.672200 
0.673800 
0.674800 
0.676500 
0.676800 
0.678900 
0.679100 
0.681000 
0.681900 
0.682000 
0.683500 
0.684200 
0.684300 
0.685300 
0.686800 
0.687000 
0.689100 
0.691200 
0.692300 
0.693100 
0.693700 
0.694000 
0.696200 
0.697300 
0.698600 
0.699500 
0.699700 
0.704400 
0.704600 
0.706300 
0.707000 
0.708300 
0.708400 
0.710100 
0.710800 
0.712800 
0.717100 
0.721600 
0.721700 
0.723200 
0.724900 
0.725000 
0.725500 
0.726700 
0.727700 
0.735400 
0.736500 
0.737800 
0.739800 
0.743200 
0.743600 
0.746400 
0.746500 
0.747000 
0.747500 
0.749400 
0.749800 
0.751000 
0.752400 
0.752700 
0.754300 
0.755100 
0.755300 
0.760300 
0.761200 
0.764200 
0.765500 
0.766000 
0.767000 
0.767900 
0.768400 
0.769300 
0.769800 
0.769900 
0.771400 
0.771500 
0.772200 
0.774000 
0.774400 
0.774500 
0.775000 
0.775900 
0.776200 
0.776400 
0.777600 
0.778900 
0.780100 
0.780800 
0.781500 
0.783100 
0.783600 
0.788900 
0.789200 
0.789700 
0.790400 
0.790900 
0.792200 
0.795400 
0.796900 
0.796900 
0.797700 
0.799700 
0.800500 
0.801600 
0.802300 
0.803000 
0.803100 
0.804000 
0.804300 
0.805500 
0.806300 
0.809300 
0.811800 
0.813200 
0.814100 
0.814200 
0.814600 
0.814700 
0.816100 
0.816700 
0.818800 
0.819200 
0.819400 
0.819700 
0.821000 
0.821400 
0.822000 
0.822300 
0.824700 
0.825300 
0.827100 
0.828200 
0.828800 
0.830700 
0.830700 
0.832800 
0.832900 
0.834200 
0.834600 
0.835500 
0.835900 
0.836800 
0.837400 
0.837500 
0.837600 
0.837700 
0.838600 
0.839700 
0.840500 
0.841800 
0.841900 
0.842300 
0.842400 
0.842600 
0.842900 
0.843500 
0.844900 
0.848300 
0.848300 
0.848400 
0.849600 
0.850800 
0.852300 
0.853800 
0.854100 
0.857200 
0.860600 
0.861000 
0.861400 
0.862400 
0.862600 
0.863800 
0.865900 
0.867400 
0.870300 
0.872600 
0.873600 
0.875600 
0.875800 
0.878900 
0.879200 
0.879600 
0.882500 
0.883000 
0.883200 
0.883400 
0.883900 
0.885900 
0.886500 
0.887400 
0.887500 
0.887500 
0.887700 
0.888300 
0.888700 
0.888700 
0.889800 
0.889900 
0.890600 
0.890900 
0.890900 
0.891900 
0.892800 
0.892900 
0.894500 
0.894700 
0.898800 
0.899100 
0.899600 
0.900000 
0.900200 
0.902400 
0.903100 
0.903500 
0.904200 
0.904700 
0.906700 
0.907500 
0.911500 
0.912700 
0.912900 
0.913600 
0.914100 
0.914400 
0.914800 
0.915100 
0.915300 
0.916600 
0.916900 
0.917400 
0.918200 
0.918900 
0.919000 
0.922300 
0.923100 
0.924100 
0.925800 
0.926100 
0.928700 
0.928900 
0.929500 
0.930300 
0.930400 
0.931400 
0.933500 
0.938600 
0.940200 
0.940600 
0.943400 
0.943400 
0.945700 
0.946400 
0.947900 
0.949400 
0.949400 
0.951500 
0.952000 
0.953300 
0.956300 
0.957500 
0.959400 
0.959700 
0.959800 
0.959800 
0.961000 
0.961800 
0.965200 
0.969000 
0.969900 
0.972100 
0.972200 
0.973800 
0.974200 
0.974600 
0.975100 
0.975800 
0.976500 
0.976800 
0.977200 
0.977400 
0.978700 
0.980000 
0.980300 
0.980300 
0.983100 
0.984900 
0.986700 
0.986900 
0.988700 
0.988800 
0.990200 
0.990400 
0.990600 
0.993000 
0.994500 
0.995400 
0.995500 
0.996300 
0.997100 
0.997700 
0.998000 
0.998900 
0.999500 
0.999600 
1.000500 
1.000500 
1.003200 
1.006000 
1.007800 
1.008800 
1.008900 
1.009400 
1.010300 
1.010900 
1.011200 
1.012800 
1.013000 
1.017000 
1.019600 
1.022400 
1.022600 
1.026500 
1.027100 
1.028800 
1.030500 
1.031700 
1.033600 
1.033900 
1.034900 
1.035700 
1.036100 
1.037000 
1.037100 
1.037800 
1.037900 
1.038100 
1.038500 
1.038900 
1.039400 
1.039400 
1.040200 
1.042800 
1.042800 
1.042900 
1.045000 
1.045000 
1.045100 
1.045200 
1.046200 
1.047900 
1.049700 
1.051200 
1.052400 
1.056200 
1.059600 
1.060800 
1.060900 
1.061800 
1.062300 
1.064400 
1.065600 
1.066900 
1.069400 
1.069700 
1.070400 
1.070700 
1.071500 
1.072200 
1.073300 
1.075100 
1.075800 
1.077000 
1.078900 
1.079500 
1.079700 
1.080800 
1.083100 
1.093000 
1.095600 
1.096400 
1.096900 
1.097700 
1.098200 
1.098200 
1.098700 
1.100900 
1.102300 
1.104300 
1.106200 
1.106800 
1.107700 
1.108700 
1.109800 
1.110400 
1.112300 
1.112400 
1.112900 
1.114500 
1.116600 
1.116700 
1.117600 
1.118800 
1.119700 
1.119800 
1.120600 
1.120700 
1.122000 
1.124000 
1.124000 
1.124300 
1.126600 
1.127600 
1.128000 
1.128800 
1.130600 
1.132900 
1.134400 
1.134700 
1.134800 
1.135400 
1.135600 
1.136100 
1.136700 
1.136700 
1.137300 
1.137500 
1.137700 
1.138400 
1.142100 
1.142300 
1.143800 
1.145600 
1.148000 
1.149000 
1.150000 
1.150100 
1.151400 
1.151600 
1.153400 
1.153500 
1.154200 
1.155600 
1.162300 
1.163200 
1.163800 
1.164400 
1.164600 
1.164700 
1.165900 
1.166500 
1.167400 
1.169100 
1.170300 
1.171900 
1.174200 
1.175000 
1.175400 
1.176600 
1.179000 
1.179300 
1.179700 
1.180500 
1.181600 
1.184700 
1.185600 
1.185800 
1.187000 
1.187200 
1.189700 
1.191000 
1.191100 
1.194800 
1.197000 
1.197500 
1.197900 
1.198200 
1.200700 
1.201700 
1.202400 
1.203700 
1.203700 
1.203800 
1.204400 
1.205000 
1.208700 
1.210100 
1.212100 
1.212600 
1.212800 
1.212900 
1.213400 
1.215900 
1.218400 
1.220400 
1.222800 
1.223000 
1.224200 
1.225200 
1.225700 
1.226300 
1.226500 
1.227600 
1.228000 
1.228200 
1.228600 
1.228800 
1.229400 
1.230900 
1.234100 
1.235000 
1.237500 
1.238000 
1.238800 
1.239500 
1.242600 
1.242900 
1.243200 
1.243400 
1.243800 
1.244200 
1.244500 
1.245700 
1.246000 
1.246100 
1.248500 
1.248500 
1.251400 
1.253100 
1.253500 
1.256700 
1.257600 
1.257800 
1.258300 
1.258600 
1.260200 
1.263000 
1.263900 
1.264000 
1.264300 
1.264400 
1.264400 
1.264600 
1.265400 
1.268000 
1.268900 
1.269600 
1.270800 
1.271100 
1.277000 
1.277800 
1.278500 
1.279200 
1.279300 
1.279700 
1.280300 
1.281600 
1.281700 
1.281900 
1.281900 
1.283400 
1.285300 
1.285300 
1.285300 
1.285900 
1.287300 
1.288500 
1.288500 
1.289000 
1.290800 
1.292000 
1.292100 
1.292500 
1.292600 
1.293200 
1.293500 
1.295100 
1.298900 
1.300700 
1.302700 
1.303100 
1.304100 
1.304900 
1.306900 
1.306900 
1.307100 
1.307700 
1.309500 
1.309900 
1.310600 
1.310700 
1.311000 
1.311000 
1.311400 
1.312300 
1.318500 
1.321000 
1.322100 
1.325100 
1.327900 
1.328100 
1.330400 
1.331300 
1.333700 
1.335900 
1.337200 
1.338200 
1.340000 
1.340900 
1.341900 
1.342000 
1.343300 
1.343500 
1.344100 
1.345000 
1.345600 
1.346900 
1.348400 
1.349100 
1.349500 
1.349800 
1.350300 
1.350400 
1.350700 
1.351800 
1.352000 
1.353700 
1.359500 
1.360200 
1.360700 
1.361800 
1.362600 
1.363500 
1.364400 
1.364900 
1.365800 
1.365900 
1.367600 
1.367900 
1.371700 
1.372700 
1.372800 
1.375200 
1.375800 
1.376000 
1.378000 
1.378800 
1.379300 
1.379600 
1.382500 
1.383400 
1.385200 
1.386000 
1.386500 
1.387000 
1.390400 
1.391800 
1.393400 
1.394300 
1.399400 
1.401100 
1.402100 
1.402700 
1.403100 
1.403800 
1.404200 
1.405300 
1.405900 
1.406100 
1.407500 
1.407800 
1.408100 
1.413400 
1.415000 
1.421400 
1.422300 
1.422900 
1.423100 
1.423600 
1.424300 
1.424700 
1.425000 
1.426600 
1.427500 
1.428800 
1.429400 
1.431700 
1.433200 
1.434300 
1.434800 
1.437000 
1.438400 
1.439500 
1.441700 
1.441800 
1.442800 
1.443600 
1.444200 
1.444400 
1.445100 
1.445900 
1.446100 
1.446500 
1.447200 
1.451200 
1.451700 
1.452900 
1.455400 
1.456900 
1.459800 
1.460400 
1.462100 
1.462800 
1.464400 
1.466600 
1.468600 
1.468700 
1.470700 
1.471700 
1.472400 
1.472800 
1.472800 
1.472800 
1.473300 
1.478100 
1.478100 
1.479500 
1.479600 
1.480600 
1.482300 
1.483400 
1.483400 
1.486400 
1.487600 
1.487800 
1.488400 
1.489000 
1.489800 
1.491600 
1.491600 
1.492500 
1.492800 
1.493800 
1.493900 
1.495300 
1.495300 
1.495900 
1.496500 
1.500900 
1.502500 
1.504200 
1.505000 
1.505200 
1.505600 
1.506800 
1.508900 
1.509400 
1.510000 
1.510500 
1.510800 
1.512300 
1.512800 
1.514100 
1.516200 
1.516400 
1.518400 
1.518700 
1.521900 
1.522300 
1.522600 
1.524000 
1.524500 
1.524800 
1.526300 
1.529400 
1.531100 
1.531200 
1.531700 
1.533300 
1.533500 
1.535500 
1.536900 
1.537300 
1.539200 
1.539400 
1.541800 
1.542800 
1.544700 
1.545000 
1.545400 
1.546700 
1.549400 
1.549500 
1.550400 
1.551000 
1.551000 
1.551100 
1.552200 
1.552400 
1.553700 
1.556500 
1.556700 
1.559600 
1.562000 
1.564100 
1.564200 
1.564900 
1.565900 
1.565900 
1.567800 
1.568300 
1.573600 
1.573600 
1.574800 
1.574800 
1.577200 
1.578200 
1.579600 
1.579600 
1.579800 
1.580100 
1.580700 
1.580800 
1.580900 
1.581700 
1.585200 
1.587900 
1.588000 
1.588000 
1.589700 
1.590600 
1.591400 
1.592200 
1.594900 
1.595200 
1.598300 
1.600000 
1.602300 
1.603900 
1.604000 
1.607200 
1.607700 
1.608000 
1.611500 
1.611600 
1.612200 
1.614900 
1.615600 
1.615800 
1.619200 
1.620500 
1.621000 
1.622200 
1.624200 
1.624300 
1.625100 
1.625100 
1.625400 
1.626800 
1.631700 
1.632300 
1.632800 
1.637500 
1.638800 
1.639000 
1.639600 
1.639700 
1.639900 
1.641000 
1.641500 
1.643200 
1.645000 
1.645100 
1.646700 
1.648000 
1.649000 
1.650200 
1.650500 
1.652000 
1.652200 
1.652700 
1.652900 
1.654500 
1.654700 
1.656400 
1.658000 
1.658300 
1.659600 
1.660100 
1.660300 
1.660700 
1.661100 
1.661500 
1.662400 
1.665500 
1.666000 
1.667500 
1.667600 
1.668100 
1.669900 
1.671200 
1.673200 
1.673400 
1.674600 
1.675900 
1.677300 
1.679500 
1.680200 
1.681300 
1.682100 
1.682600 
1.683100 
1.683200 
1.684200 
1.684400 
1.686900 
1.689600 
1.690300 
1.691100 
1.693600 
1.694100 
1.694600 
1.695600 
1.696100 
1.700100 
1.700800 
1.701400 
1.701600 
1.702200 
1.706500 
1.712900 
1.713700 
1.714000 
1.716300 
1.717000 
1.717700 
1.719400 
1.719600 
1.725900 
1.726500 
1.728800 
1.730100 
1.730100 
1.730400 
1.731900 
1.732800 
1.735000 
1.735600 
1.736000 
1.736200 
1.736700 
1.738000 
1.739200 
1.741600 
1.741700 
1.742900 
1.743600 
1.744100 
1.744600 
1.745600 
1.745600 
1.746400 
1.748100 
1.749300 
1.751000 
1.751400 
1.755400 
1.759900 
1.761000 
1.763600 
1.766400 
1.768100 
1.769600 
1.770700 
1.770900 
1.771800 
1.774100 
1.774500 
1.774600 
1.776600 
1.776700 
1.776900 
1.778800 
1.779200 
1.781800 
1.783300 
1.785200 
1.785300 
1.786100 
1.788000 
1.788700 
1.789000 
1.790700 
1.793200 
1.793800 
1.796700 
1.798400 
1.799900 
1.800600 
1.801000 
1.801700 
1.803700 
1.804700 
1.806900 
1.807000 
1.807100 
1.807600 
1.807700 
1.807900 
1.809000 
1.810800 
1.812300 
1.815800 
1.819200 
1.820000 
1.821500 
1.823900 
1.824000 
1.826900 
1.827800 
1.832700 
1.834100 
1.836900 
1.838200 
1.838300 
1.839000 
1.839200 
1.839500 
1.841200 
1.841700 
1.841900 
1.843100 
1.843700 
1.845800 
1.846000 
1.846800 
1.847400 
1.847500 
1.848600 
1.848900 
1.850300 
1.850600 
1.850900 
1.851700 
1.853400 
1.853500 
1.854000 
1.856100 
1.856300 
1.858900 
1.859400 
1.859700 
1.860400 
1.860900 
1.861100 
1.863200 
1.865700 
1.869500 
1.873700 
1.874200 
1.875600 
1.875600 
1.876200 
1.876800 
1.880600 
1.882000 
1.882600 
1.882600 
1.882800 
1.884700 
1.885200 
1.885700 
1.886000 
1.886800 
1.887600 
1.888100 
1.888700 
1.889700 
1.889800 
1.891800 
1.891800 
1.892500 
1.892900 
1.894200 
1.897000 
1.898500 
1.902900 
1.903200 
1.904800 
1.908000 
1.908500 
1.915200 
1.915800 
1.920300 
1.922400 
1.922800 
1.926900 
1.927200 
1.927400 
1.933000 
1.933300 
1.934200 
1.934300 
1.934900 
1.936200 
1.936500 
1.938400 
1.938400 
1.938600 
1.942900 
1.944300 
1.944700 
1.945000 
1.947300 
1.947600 
1.949800 
1.950100 
1.950200 
1.950800 
1.952300 
1.955500 
1.962600 
1.962900 
1.963300 
1.964700 
1.965200 
1.965800 
1.967300 
1.968100 
1.970700 
1.970700 
1.974400 
1.976200 
1.979000 
1.979100 
1.982300 
1.982400 
1.983000 
1.985900 
1.988100 
1.990700 
1.990700 
1.991000 
1.991200 
1.991800 
1.992400 
1.993700 
1.994200 
1.994200 
1.994600 
1.995300 
1.995600 
1.996200 
1.996300 
1.996400 
1.999300 
2.002400 
2.003700 
2.003800 
2.005700 
2.006700 
2.008400 
2.010200 
2.012700 
2.014200 
2.015700 
2.016200 
2.016200 
2.017100 
2.024300 
2.024600 
2.028100 
2.028200 
2.029100 
2.029100 
2.031600 
2.031800 
2.032400 
2.032900 
2.033800 
2.034100 
2.037800 
2.038700 
2.040600 
2.042500 
2.042900 
2.043000 
2.044500 
2.044700 
2.047300 
2.049500 
2.049700 
2.052200 
2.055000 
2.057100 
2.059000 
2.060000 
2.060300 
2.061700 
2.061900 
2.064800 
2.066900 
2.069500 
2.070300 
2.070400 
2.070900 
2.071700 
2.073500 
2.075400 
2.077000 
2.077300 
2.078800 
2.079300 
2.080900 
2.085800 
2.086800 
2.087400 
2.088700 
2.088800 
2.088900 
2.089200 
2.089800 
2.091100 
2.091100 
2.096600 
2.098000 
2.098900 
2.099500 
2.101900 
2.103600 
2.107400 
2.108600 
2.108600 
2.110200 
2.110800 
2.112700 
2.112900 
2.113100 
2.116200 
2.117600 
2.118600 
2.118700 
2.119900 
2.120100 
2.120700 
2.121800 
2.124800 
2.125300 
2.125400 
2.125600 
2.128800 
2.130400 
2.130400 
2.130600 
2.132900 
2.135700 
2.137000 
2.138500 
2.139100 
2.140300 
2.140900 
2.141300 
2.142200 
2.143100 
2.144500 
2.145000 
2.147600 
2.148300 
2.148400 
2.149400 
2.151400 
2.152200 
2.152400 
2.153800 
2.159800 
2.160800 
2.161700 
2.161700 
2.161900 
2.163800 
2.167500 
2.168200 
2.168800 
2.169700 
2.170100 
2.171200 
2.171400 
2.174000 
2.175300 
2.175500 
2.179600 
2.181900 
2.184200 
2.185600 
2.186500 
2.186500 
2.191600 
2.193800 
2.195100 
2.197900 
2.199800 
2.203200 
2.203200 
2.203900 
2.204300 
2.205700 
2.206400 
2.207400 
2.208500 
2.209100 
2.210000 
2.210800 
2.212300 
2.212400 
2.214000 
2.215000 
2.215000 
2.215400 
2.216400 
2.216700 
2.217100 
2.217700 
2.219700 
2.223700 
2.224100 
2.224900 
2.225700 
2.228100 
2.229200 
2.229500 
2.230800 
2.232200 
2.236100 
2.236600 
2.237900 
2.241500 
2.243000 
2.243000 
2.243900 
2.244100 
2.244400 
2.244800 
2.247900 
2.249400 
2.253000 
2.253700 
2.254200 
2.259200 
2.260800 
2.261000 
2.261600 
2.262300 
2.263100 
2.264000 
2.264600 
2.264800 
2.264900 
2.267300 
2.269000 
2.269700 
2.270300 
2.272500 
2.272700 
2.273900 
2.276500 
2.276700 
2.277500 
2.277800 
2.278600 
2.279200 
2.280600 
2.282600 
2.283500 
2.283500 
2.283600 
2.284700 
2.285800 
2.287700 
2.288400 
2.288600 
2.289300 
2.291500 
2.292000 
2.292400 
2.293000 
2.293500 
2.295600 
2.297200 
2.300000 
2.300800 
2.301000 
2.302000 
2.302200 
2.305500 
2.305700 
2.307700 
2.309200 
2.310100 
2.313300 
2.313600 
2.313800 
2.315600 
2.316500 
2.316500 
2.319700 
2.320900 
2.322400 
2.322600 
2.324400 
2.326400 
2.328700 
2.329200 
2.329400 
2.329600 
2.331000 
2.331100 
2.331400 
2.332300 
2.332400 
2.333400 
2.334100 
2.336100 
2.338000 
2.341400 
2.341500 
2.344400 
2.345900 
2.347800 
2.349000 
2.349300 
2.351400 
2.351600 
2.352500 
2.352600 
2.360300 
2.361000 
2.361600 
2.363700 
2.364000 
2.367100 
2.369600 
2.370400 
2.371400 
2.371900 
2.373500 
2.373900 
2.374000 
2.376500 
2.378100 
2.378300 
2.378900 
2.379100 
2.381200 
2.382200 
2.382300 
2.382400 
2.383100 
2.385100 
2.385200 
2.386000 
2.386400 
2.388100 
2.388700 
2.389100 
2.393000 
2.393900 
2.395200 
2.396200 
2.397900 
2.399600 
2.401300 
2.404400 
2.407600 
2.410900 
2.412700 
2.415500 
2.416100 
2.416400 
2.416600 
2.417000 
2.417100 
2.417300 
2.418600 
2.419800 
2.420900 
2.420900 
2.421200 
2.421200 
2.421500 
2.422000 
2.422000 
2.424500 
2.425400 
2.425400 
2.426000 
2.426600 
2.427100 
2.428000 
2.428600 
2.429500 
2.430200 
2.431000 
2.431100 
2.431300 
2.431600 
2.431800 
2.432800 
2.433600 
2.435000 
2.436900 
2.440600 
2.442500 
2.443300 
2.444100 
2.446000 
2.446200 
2.449400 
2.452500 
2.452700 
2.454700 
2.456800 
2.457000 
2.457300 
2.460800 
2.462700 
2.464800 
2.465200 
2.465700 
2.465800 
2.467300 
2.468500 
2.468500 
2.469500 
2.469600 
2.470200 
2.472000 
2.473100 
2.473200 
2.474100 
2.474500 
2.474500 
2.475300 
2.476100 
2.476300 
2.476900 
2.478100 
2.478500 
2.478700 
2.479900 
2.480800 
2.481200 
2.482200 
2.482900 
2.482900 
2.490400 
2.490700 
2.490900 
2.493000 
2.493400 
2.494800 
2.495200 
2.495900 
2.496400 
2.497100 
2.497900 
2.500900 
2.501400 
2.503500 
2.505900 
2.506800 
2.507100 
2.507600 
2.508700 
2.509200 
2.510700 
2.511000 
2.511000 
2.512300 
2.512300 
2.513900 
2.515100 
2.519300 
2.521500 
2.522600 
2.523800 
2.523900 
2.523900 
2.524900 
2.526300 
2.526300 
2.527500 
2.527500 
2.527700 
2.532100 
2.532200 
2.532800 
2.533500 
2.533500 
2.537100 
2.537900 
2.538000 
2.540700 
2.542600 
2.543700 
2.547400 
2.549300 
2.549900 
2.550400 
2.550800 
2.553300 
2.554100 
2.558600 
2.560200 
2.560400 
2.560700 
2.561300 
2.563000 
2.564600 
2.564900 
2.565300 
2.567500 
2.568300 
2.569900 
2.570700 
2.571100 
2.571300 
2.574500 
2.575600 
2.575700 
2.575800 
2.576100 
2.577800 
2.581400 
2.581900 
2.583800 
2.586200 
2.588600 
2.588700 
2.589100 
2.590300 
2.591400 
2.597400 
2.599400 
2.600200 
2.602000 
2.603100 
2.603400 
2.603900 
2.605800 
2.608300 
2.609500 
2.609900 
2.610900 
2.611700 
2.612900 
2.615800 
2.617500 
2.617700 
2.619800 
2.620000 
2.620000 
2.622100 
2.625700 
2.626200 
2.626400 
2.626800 
2.627600 
2.628300 
2.629900 
2.632400 
2.633600 
2.635900 
2.637900 
2.640400 
2.641300 
2.642500 
2.642700 
2.643200 
2.649000 
2.650000 
2.650400 
2.650700 
2.651200 
2.653000 
2.653100 
2.654200 
2.655400 
2.655600 
2.656000 
2.656500 
2.658600 
2.660400 
2.660900 
2.661600 
2.662300 
2.662700 
2.662800 
2.664000 
2.664600 
2.664800 
2.665300 
2.666400 
2.666900 
2.667100 
2.667300 
2.667400 
2.668300 
2.669000 
2.669100 
2.673100 
2.678700 
2.679400 
2.680300 
2.682500 
2.684400 
2.687400 
2.689900 
2.690200 
2.690400 
2.692600 
2.692800 
2.694400 
2.700000 
2.701000 
2.701400 
2.703000 
2.703600 
2.704600 
2.708800 
2.709500 
2.709900 
2.710200 
2.711200 
2.713900 
2.713900 
2.716600 
2.717500 
2.719500 
2.720200 
2.721500 
2.722200 
2.724200 
2.724900 
2.725400 
2.728700 
2.732400 
2.734000 
2.735300 
2.737300 
2.738300 
2.739200 
2.739500 
2.740400 
2.740400 
2.741900 
2.744000 
2.744200 
2.744200 
2.746300 
2.750700 
2.752200 
2.754000 
2.756500 
2.757100 
2.757700 
2.759500 
2.760000 
2.761000 
2.761400 
2.762300 
2.762600 
2.765600 
2.766000 
2.767000 
2.768300 
2.769100 
2.769900 
2.770400 
2.773600 
2.774500 
2.777700 
2.777900 
2.778600 
2.780100 
2.783000 
2.783300 
2.783500 
2.785300 
2.789700 
2.791300 
2.791600 
2.792200 
2.792900 
2.795200 
2.796300 
2.799700 
2.799800 
2.799800 
2.800400 
2.800900 
2.801800 
2.802700 
2.803400 
2.806200 
2.807500 
2.808200 
2.809400 
2.809400 
2.810900 
2.811300 
2.812900 
2.814300 
2.817500 
2.817600 
2.817700 
2.818000 
2.818300 
2.819100 
2.819200 
2.820100 
2.820400 
2.822000 
2.822400 
2.823300 
2.824900 
2.825900 
2.826300 
2.828000 
2.828200 
2.829400 
2.829600 
2.831400 
2.833900 
2.834300 
2.835800 
2.837500 
2.839800 
2.840400 
2.842100 
2.843600 
2.843900 
2.844800 
2.845200 
2.846100 
2.846800 
2.849100 
2.851400 
2.851600 
2.852400 
2.859700 
2.860900 
2.862600 
2.863100 
2.863300 
2.863600 
2.869700 
2.871900 
2.872500 
2.874600 
2.876300 
2.879400 
2.881600 
2.886200 
2.887500 
2.893100 
2.893300 
2.894200 
2.896300 
2.896800 
2.898200 
2.898300 
2.899400 
2.899800 
2.902100 
2.903900 
2.905400 
2.909300 
2.909400 
2.910700 
2.913400 
2.913900 
2.914000 
2.914400 
2.914800 
2.915100 
2.915900 
2.917200 
2.920500 
2.921300 
2.921900 
2.922200 
2.922300 
2.922800 
2.923100 
2.923300 
2.923600 
2.924200 
2.924400 
2.926900 
2.927600 
2.927900 
2.931500 
2.932200 
2.932700 
2.933300 
2.935200 
2.936600 
2.936800 
2.939300 
2.948000 
2.948000 
2.949600 
2.951700 
2.951900 
2.952000 
2.954100 
2.954400 
2.955100 
2.957800 
2.958000 
2.958500 
2.961500 
2.963700 
2.964900 
2.966000 
2.966200 
2.966300 
2.968800 
2.969400 
2.972600 
2.972700 
2.972900 
2.973000 
2.973900 
2.976500 
2.977100 
2.978400 
2.978800 
2.980500 
2.981100 
2.981200 
2.982400 
2.983200 
2.983600 
2.984000 
2.986200 
2.986800 
2.987200 
2.989000 
2.991300 
2.991400 
2.992000 
2.992200 
2.992300 
2.993600 
2.994100 
2.996200 
2.996700 
2.996800 
2.998900 
2.999000 
2.999300 
2.999600 
2.999900 
