8 
49 
28 
51 
20 
10 
50 
42 
48 
55 
32 
37 
14 
33 
19 
61 
21 
45 
6 
15 
1 
52 
35 
48 
28 
26 
22 
47 
60 
21 
39 
17 
14 
27 
46 
30 
58 
62 
32 
15 
56 
57 
11 
40 
12 
33 
16 
26 
14 
34 
8 
44 
31 
54 
60 
42 
59 
5 
10 
21 
7 
2 
27 
35 
30 
34 
13 
4 
41 
42 
33 
26 
6 
5 
24 
54 
43 
49 
22 
61 
21 
52 
16 
27 
58 
8 
60 
56 
62 
57 
30 
10 
42 
9 
12 
34 
3 
44 
2 
46 
31 
21 
6 
33 
5 
55 
53 
25 
29 
27 
35 
61 
22 
58 
18 
10 
15 
40 
37 
49 
60 
44 
12 
33 
5 
30 
47 
2 
57 
35 
13 
18 
16 
20 
52 
1 
3 
55 
53 
46 
38 
8 
29 
14 
10 
26 
54 
15 
33 
32 
21 
25 
48 
22 
7 
40 
37 
49 
23 
59 
16 
6 
53 
51 
44 
39 
17 
30 
26 
23 
33 
37 
50 
56 
51 
20 
4 
22 
38 
25 
15 
18 
46 
57 
16 
48 
5 
59 
61 
55 
34 
10 
35 
0 
54 
1 
40 
33 
53 
46 
20 
47 
17 
44 
24 
23 
49 
59 
22 
16 
50 
33 
60 
61 
14 
19 
57 
51 
30 
41 
5 
37 
22 
13 
2 
1 
35 
16 
26 
34 
12 
20 
48 
4 
8 
30 
17 
60 
54 
38 
57 
10 
59 
55 
20 
42 
41 
14 
21 
54 
61 
30 
6 
47 
5 
23 
19 
49 
37 
58 
9 
60 
24 
26 
35 
36 
51 
38 
22 
54 
55 
56 
34 
42 
23 
20 
12 
21 
35 
44 
15 
45 
25 
46 
54 
32 
47 
48 
10 
11 
33 
17 
52 
50 
44 
13 
61 
53 
5 
37 
46 
28 
59 
60 
16 
1 
4 
34 
27 
21 
24 
51 
15 
26 
33 
23 
49 
25 
28 
42 
54 
10 
48 
55 
32 
44 
37 
40 
30 
35 
5 
18 
39 
31 
17 
19 
14 
54 
4 
37 
6 
23 
21 
53 
30 
59 
8 
19 
15 
22 
33 
47 
20 
54 
55 
41 
26 
60 
21 
9 
16 
28 
13 
5 
60 
48 
56 
11 
18 
25 
35 
34 
8 
47 
49 
19 
26 
29 
61 
54 
23 
20 
12 
37 
30 
57 
44 
17 
32 
60 
43 
24 
51 
49 
46 
15 
40 
3 
59 
35 
16 
10 
19 
7 
34 
60 
42 
48 
39 
54 
35 
20 
44 
9 
41 
21 
15 
28 
11 
43 
32 
49 
5 
34 
35 
24 
45 
51 
56 
23 
57 
54 
7 
38 
25 
15 
61 
13 
41 
42 
49 
19 
23 
10 
31 
22 
48 
34 
26 
21 
54 
0 
32 
59 
50 
44 
24 
51 
39 
18 
11 
20 
46 
26 
8 
27 
35 
37 
3 
48 
57 
19 
22 
21 
12 
61 
33 
47 
42 
40 
55 
44 
51 
18 
48 
4 
49 
23 
26 
5 
59 
40 
46 
60 
17 
16 
15 
54 
42 
10 
33 
20 
37 
11 
52 
22 
44 
61 
39 
51 
18 
35 
46 
55 
0 
19 
54 
57 
4 
40 
49 
50 
21 
53 
48 
38 
42 
22 
26 
23 
25 
12 
34 
43 
59 
24 
44 
60 
33 
35 
21 
48 
46 
30 
51 
13 
45 
31 
18 
25 
55 
46 
54 
0 
15 
2 
47 
21 
5 
23 
22 
50 
13 
30 
28 
14 
10 
16 
35 
8 
17 
54 
44 
18 
19 
42 
20 
1 
61 
29 
34 
55 
15 
21 
23 
4 
5 
33 
24 
48 
49 
57 
54 
3 
53 
31 
35 
41 
39 
37 
60 
22 
14 
19 
46 
32 
21 
8 
6 
57 
2 
5 
26 
55 
17 
50 
18 
49 
31 
52 
40 
3 
47 
21 
29 
24 
51 
20 
15 
22 
53 
8 
34 
10 
54 
27 
6 
61 
23 
48 
24 
44 
47 
33 
46 
2 
42 
54 
17 
10 
19 
21 
56 
35 
1 
51 
32 
60 
43 
20 
55 
6 
23 
47 
22 
14 
15 
54 
42 
34 
44 
38 
18 
35 
16 
21 
17 
55 
59 
54 
23 
10 
50 
44 
22 
32 
17 
51 
35 
34 
53 
21 
29 
41 
59 
6 
24 
40 
46 
20 
48 
30 
33 
10 
11 
26 
38 
44 
19 
32 
21 
14 
28 
23 
46 
34 
54 
6 
15 
42 
22 
5 
16 
25 
11 
62 
60 
46 
50 
44 
33 
45 
41 
6 
37 
51 
54 
23 
0 
22 
46 
42 
47 
4 
48 
60 
55 
61 
7 
19 
6 
3 
15 
32 
5 
39 
49 
21 
44 
33 
18 
43 
46 
27 
41 
37 
10 
48 
59 
6 
2 
0 
51 
62 
15 
33 
24 
47 
55 
53 
21 
18 
50 
54 
52 
4 
32 
59 
61 
22 
48 
7 
30 
34 
12 
46 
37 
51 
41 
43 
55 
23 
47 
2 
35 
21 
26 
5 
6 
38 
20 
54 
15 
61 
59 
33 
24 
22 
17 
48 
0 
42 
28 
21 
30 
34 
43 
12 
35 
19 
16 
44 
54 
52 
8 
33 
60 
7 
22 
23 
21 
57 
26 
30 
4 
50 
59 
49 
16 
46 
41 
61 
31 
15 
12 
48 
34 
37 
62 
53 
30 
5 
49 
22 
35 
26 
44 
29 
60 
15 
17 
22 
32 
54 
7 
25 
35 
23 
52 
33 
46 
12 
61 
10 
23 
60 
59 
15 
57 
53 
44 
30 
21 
23 
16 
5 
35 
32 
60 
55 
33 
17 
51 
10 
42 
22 
37 
14 
8 
28 
46 
21 
3 
41 
11 
23 
60 
34 
25 
42 
54 
50 
55 
24 
2 
43 
44 
53 
21 
30 
33 
39 
48 
15 
57 
16 
13 
3 
5 
14 
17 
28 
46 
16 
22 
2 
23 
6 
33 
10 
15 
21 
44 
7 
35 
54 
61 
22 
49 
59 
25 
27 
8 
18 
62 
42 
5 
1 
37 
2 
40 
55 
23 
48 
30 
33 
46 
44 
53 
11 
52 
60 
21 
22 
18 
54 
38 
59 
1 
51 
28 
16 
27 
21 
47 
31 
44 
55 
61 
24 
4 
20 
0 
6 
10 
29 
33 
19 
23 
54 
51 
16 
40 
46 
60 
2 
25 
34 
8 
43 
44 
1 
59 
32 
7 
21 
41 
42 
0 
11 
23 
55 
20 
35 
18 
22 
6 
5 
37 
39 
17 
34 
49 
14 
54 
10 
58 
44 
56 
59 
57 
25 
35 
51 
19 
33 
42 
41 
18 
6 
26 
12 
0 
60 
48 
3 
30 
46 
40 
54 
35 
37 
21 
22 
14 
57 
43 
60 
8 
52 
56 
55 
11 
33 
51 
16 
27 
23 
48 
54 
38 
14 
15 
61 
6 
18 
39 
10 
44 
57 
42 
30 
16 
7 
59 
43 
17 
20 
54 
33 
58 
25 
35 
48 
9 
22 
14 
38 
46 
2 
49 
13 
23 
54 
25 
44 
42 
56 
60 
15 
17 
11 
30 
34 
31 
14 
48 
6 
24 
59 
46 
3 
10 
61 
33 
52 
44 
35 
5 
24 
4 
54 
43 
23 
37 
39 
34 
53 
46 
22 
30 
20 
51 
49 
57 
18 
22 
45 
59 
60 
21 
42 
0 
24 
3 
28 
35 
61 
1 
51 
50 
33 
25 
22 
37 
26 
54 
48 
41 
10 
21 
59 
7 
23 
44 
55 
25 
28 
19 
46 
61 
41 
18 
34 
22 
20 
54 
24 
1 
37 
5 
60 
43 
42 
2 
10 
16 
57 
22 
25 
15 
53 
7 
33 
32 
21 
40 
51 
41 
11 
47 
61 
55 
57 
29 
44 
52 
53 
54 
22 
23 
26 
24 
14 
30 
51 
33 
59 
60 
17 
44 
32 
18 
5 
25 
27 
55 
46 
3 
16 
21 
49 
48 
53 
57 
61 
50 
1 
26 
37 
35 
8 
20 
60 
42 
17 
54 
21 
59 
55 
38 
53 
3 
46 
5 
51 
19 
23 
30 
41 
32 
57 
43 
21 
16 
28 
44 
15 
52 
56 
18 
46 
10 
1 
22 
42 
49 
37 
20 
24 
47 
8 
51 
57 
48 
3 
6 
54 
21 
53 
22 
49 
57 
60 
25 
56 
46 
51 
36 
38 
58 
52 
35 
39 
23 
50 
48 
15 
6 
37 
5 
29 
47 
21 
42 
39 
12 
33 
24 
61 
49 
18 
30 
57 
7 
22 
14 
32 
54 
44 
8 
55 
21 
35 
2 
41 
51 
57 
38 
11 
14 
37 
46 
12 
47 
10 
20 
1 
44 
61 
54 
25 
33 
18 
21 
52 
24 
41 
22 
8 
5 
11 
47 
56 
49 
61 
16 
27 
32 
48 
43 
40 
33 
13 
34 
55 
17 
51 
21 
18 
42 
44 
23 
35 
30 
59 
61 
37 
8 
10 
39 
50 
53 
34 
6 
15 
60 
23 
27 
61 
22 
55 
21 
38 
47 
26 
19 
48 
56 
41 
44 
57 
54 
13 
35 
59 
29 
24 
46 
21 
6 
18 
22 
1 
0 
10 
51 
12 
55 
32 
24 
54 
40 
49 
27 
41 
16 
17 
57 
33 
5 
47 
18 
54 
28 
55 
60 
20 
59 
21 
24 
25 
35 
48 
34 
8 
53 
15 
30 
22 
19 
27 
58 
54 
14 
52 
57 
2 
42 
21 
40 
5 
60 
30 
6 
26 
35 
37 
55 
14 
1 
48 
2 
22 
16 
5 
47 
3 
24 
44 
54 
30 
21 
59 
49 
33 
6 
19 
15 
38 
53 
4 
7 
57 
28 
23 
8 
27 
14 
21 
5 
24 
49 
3 
59 
51 
47 
2 
61 
6 
19 
56 
10 
60 
43 
46 
40 
20 
4 
37 
48 
26 
21 
54 
41 
57 
23 
38 
8 
55 
35 
14 
62 
42 
47 
10 
46 
19 
2 
17 
26 
12 
23 
30 
61 
16 
14 
53 
15 
6 
24 
21 
44 
1 
5 
50 
34 
48 
4 
40 
42 
46 
35 
54 
32 
23 
55 
52 
8 
47 
59 
57 
58 
60 
39 
19 
44 
22 
51 
53 
21 
15 
12 
20 
24 
59 
27 
17 
47 
53 
21 
30 
56 
29 
15 
32 
54 
26 
52 
51 
39 
43 
46 
5 
14 
24 
18 
23 
12 
19 
33 
37 
21 
17 
54 
15 
30 
55 
29 
28 
35 
20 
53 
10 
5 
40 
4 
3 
1 
6 
27 
59 
56 
21 
39 
61 
19 
49 
55 
34 
24 
17 
22 
18 
54 
53 
47 
44 
37 
43 
57 
59 
60 
20 
30 
1 
13 
35 
23 
10 
21 
52 
48 
22 
42 
61 
32 
41 
6 
27 
56 
54 
10 
34 
9 
55 
40 
14 
37 
21 
38 
44 
30 
17 
25 
23 
42 
24 
53 
61 
49 
62 
3 
56 
1 
50 
46 
22 
23 
10 
8 
51 
16 
18 
24 
6 
48 
55 
49 
33 
30 
29 
53 
60 
40 
7 
57 
27 
21 
28 
43 
15 
14 
16 
54 
44 
37 
32 
12 
3 
27 
49 
13 
47 
21 
51 
41 
61 
35 
59 
40 
53 
5 
7 
42 
44 
38 
23 
6 
56 
51 
33 
12 
57 
0 
21 
41 
26 
53 
28 
54 
50 
15 
23 
22 
34 
47 
52 
25 
27 
21 
8 
49 
30 
10 
17 
1 
57 
51 
19 
15 
44 
3 
55 
39 
48 
16 
46 
54 
0 
20 
60 
23 
37 
56 
24 
42 
35 
44 
46 
18 
54 
49 
19 
23 
39 
10 
53 
33 
57 
32 
22 
21 
17 
30 
25 
40 
15 
55 
5 
46 
59 
14 
34 
54 
61 
23 
35 
12 
48 
30 
42 
54 
3 
51 
49 
26 
37 
46 
7 
22 
1 
60 
24 
56 
41 
48 
18 
35 
6 
14 
32 
55 
59 
51 
17 
2 
47 
49 
1 
23 
57 
0 
30 
40 
22 
29 
61 
6 
38 
39 
25 
32 
18 
21 
20 
34 
23 
8 
50 
33 
60 
16 
3 
29 
46 
22 
44 
42 
5 
17 
15 
59 
21 
62 
4 
28 
41 
19 
25 
12 
24 
26 
22 
59 
35 
54 
47 
56 
37 
7 
25 
3 
55 
5 
32 
48 
16 
6 
59 
62 
54 
41 
53 
56 
39 
50 
25 
61 
32 
14 
37 
49 
60 
44 
6 
41 
33 
59 
54 
21 
24 
22 
23 
30 
10 
35 
57 
40 
61 
59 
43 
8 
52 
34 
44 
48 
46 
25 
5 
33 
27 
54 
61 
6 
35 
51 
62 
55 
40 
41 
22 
58 
30 
9 
37 
23 
8 
48 
38 
26 
55 
5 
59 
60 
49 
21 
57 
6 
46 
23 
24 
0 
47 
56 
53 
14 
54 
15 
16 
48 
35 
2 
30 
25 
60 
17 
29 
34 
24 
1 
14 
7 
19 
61 
48 
8 
39 
53 
35 
51 
30 
50 
21 
5 
46 
23 
20 
24 
54 
34 
33 
40 
43 
10 
42 
5 
15 
48 
2 
62 
6 
44 
32 
55 
59 
49 
17 
31 
58 
23 
53 
14 
51 
38 
7 
8 
12 
21 
24 
25 
4 
46 
40 
15 
29 
33 
2 
28 
57 
26 
34 
27 
37 
19 
22 
61 
56 
62 
23 
46 
6 
21 
17 
54 
33 
20 
25 
30 
55 
19 
22 
40 
5 
7 
35 
13 
46 
60 
43 
48 
29 
49 
23 
37 
21 
41 
31 
53 
30 
54 
44 
23 
7 
42 
12 
28 
3 
4 
40 
61 
25 
60 
21 
33 
51 
48 
27 
26 
59 
38 
14 
37 
22 
52 
23 
2 
19 
35 
10 
15 
55 
42 
3 
21 
20 
51 
11 
40 
13 
34 
48 
44 
22 
2 
41 
38 
46 
21 
47 
10 
30 
12 
60 
61 
37 
57 
25 
8 
59 
2 
13 
5 
40 
35 
17 
46 
10 
22 
38 
24 
53 
29 
21 
0 
14 
34 
4 
54 
33 
30 
55 
61 
42 
1 
20 
27 
13 
19 
51 
11 
25 
24 
45 
40 
21 
0 
6 
28 
22 
52 
34 
44 
26 
57 
51 
10 
58 
41 
35 
17 
30 
23 
15 
45 
2 
3 
22 
31 
21 
55 
37 
46 
60 
33 
19 
34 
13 
59 
20 
16 
22 
26 
54 
29 
18 
55 
51 
24 
10 
21 
48 
60 
34 
40 
33 
37 
42 
43 
29 
19 
10 
24 
49 
59 
55 
41 
53 
33 
30 
4 
16 
54 
39 
50 
7 
57 
26 
42 
22 
20 
3 
61 
28 
60 
23 
9 
32 
41 
21 
51 
48 
46 
54 
50 
53 
19 
5 
59 
52 
61 
55 
15 
21 
51 
30 
44 
35 
53 
60 
58 
57 
7 
6 
21 
24 
26 
49 
3 
54 
30 
61 
25 
60 
46 
11 
50 
22 
38 
51 
12 
33 
40 
5 
44 
59 
24 
57 
35 
21 
32 
52 
34 
47 
11 
10 
43 
28 
56 
61 
12 
33 
53 
37 
16 
57 
30 
22 
24 
51 
46 
15 
20 
59 
21 
39 
48 
32 
53 
25 
27 
1 
51 
50 
6 
14 
55 
31 
22 
33 
8 
24 
21 
57 
61 
2 
54 
59 
35 
34 
46 
40 
51 
17 
25 
12 
53 
60 
43 
3 
48 
27 
42 
23 
58 
24 
21 
12 
44 
54 
33 
15 
61 
35 
41 
16 
40 
48 
21 
13 
57 
60 
61 
50 
14 
23 
0 
54 
44 
19 
59 
10 
56 
33 
8 
61 
12 
51 
22 
37 
30 
6 
17 
34 
25 
53 
13 
46 
15 
48 
60 
54 
21 
43 
55 
23 
39 
59 
4 
10 
42 
26 
32 
52 
61 
44 
30 
0 
22 
25 
20 
33 
4 
53 
15 
24 
10 
3 
41 
6 
46 
21 
54 
19 
29 
59 
55 
33 
56 
47 
40 
23 
37 
41 
50 
60 
15 
57 
48 
22 
24 
52 
27 
16 
55 
21 
28 
32 
54 
17 
39 
4 
56 
20 
42 
34 
21 
15 
22 
40 
2 
54 
60 
37 
12 
8 
61 
48 
49 
5 
35 
53 
44 
21 
59 
23 
16 
50 
58 
22 
41 
51 
20 
24 
37 
19 
60 
54 
15 
28 
59 
10 
42 
47 
21 
39 
50 
16 
4 
22 
51 
18 
55 
2 
33 
54 
26 
61 
38 
25 
58 
12 
21 
53 
49 
29 
3 
41 
23 
48 
46 
44 
47 
24 
60 
10 
54 
22 
55 
18 
40 
61 
15 
27 
59 
21 
41 
35 
23 
34 
16 
46 
32 
44 
49 
1 
57 
24 
11 
0 
19 
47 
22 
21 
4 
8 
15 
