255
259
250
253
250
249
255
251
255
255
253
252
253
250
255
254
253
251
255
256
252
254
249
254
252
253
253
255
251
257
252
258
260
246
256
252
253
251
250
254
256
252
253
254
253
253
243
253
254
254
251
257
251
254
254
254
252
246
253
253
252
256
257
254
249
245
250
246
250
253
251
254
252
249
251
254
252
252
249
256
251
254
251
253
251
247
250
257
253
253
254
256
252
256
250
257
256
250
251
248
262
247
254
253
256
254
251
251
255
260
254
255
247
255
246
250
256
252
250
253
253
248
251
251
254
253
254
249
254
252
253
248
252
258
251
252
244
251
255
252
247
256
253
253
251
253
251
257
250
252
254
251
245
252
254
258
255
255
257
252
256
256
253
255
251
255
251
253
250
256
254
252
253
252
251
254
255
253
248
250
250
257
258
251
251
5
1
3
6
3
3
2
5
12
5
0
6
0
1
0
5
6
5
6
4
2
3
5
5
7
7
4
3
1
6
5
3
2
5
1
2
4
1
4
7
2
3
2
4
2
3
5
7
9
4
3
4
5
9
6
3
1
1
4
2
3
11
3
1
5
4
5
3
4
3
4
0
1
3
0
6
1
3
5
6
2
1
7
6
5
9
8
7
7
2
3
1
0
4
2
2
1
10
6
2
4
2
11
13
2
5
6
2
8
3
8
9
1
2
0
2
1
7
4
3
2
1
0
2
2
5
1
2
0
5
8
1
0
6
3
1
1
2
2
5
6
3
4
8
7
2
1
7
2
0
3
1
1
6
1
9
4
5
2
10
1
0
3
9
3
3
4
2
0
5
1
2
8
5
0
2
1
2
4
4
9
5
0
4
5
5
5
0
12
4
1
6
9
3
3
6
5
3
2
4
2
10
2
2
1
5
0
4
5
1
5
2
1
1
5
8
4
5
6
1
4
1
3
10
5
1
2
7
2
3
2
4
11
2
4
1
2
1
6
1
4
7
1
3
7
2
2
4
10
1
5
6
8
10
2
7
3
3
2
4
0
0
2
3
9
1
4
3
1
4
5
2
3
6
0
0
5
6
1
1
4
4
7
2
5
7
6
0
4
2
6
6
3
9
0
1
4
3
9
1
4
4
3
0
3
3
3
1
10
5
1
4
5
2
4
1
3
0
7
2
4
4
5
7
4
5
2
7
4
5
3
2
0
1
2
1
5
11
1
4
0
4
4
0
6
1
4
0
2
2
3
10
1
1
2
2
3
0
11
1
3
7
8
1
7
1
6
1
6
2
0
8
2
3
2
2
6
0
2
3
12
0
1
6
3
2
7
6
5
4
4
6
2
12
5
5
2
8
3
8
3
6
11
1
7
2
7
2
1
5
3
3
2
3
2
2
4
10
0
5
1
3
2
8
3
2
7
7
4
12
3
7
0
2
1
7
1
4
3
1
1
2
3
7
4
13
4
4
2
2
1
4
8
7
2
1
0
4
7
11
1
3
9
3
4
5
1
3
11
4
7
4
12
3
3
6
6
3
3
3
2
4
0
4
2
1
2
6
12
3
1
4
7
0
8
3
5
1
9
5
3
2
0
4
2
2
5
0
3
6
2
2
4
4
12
3
9
1
2
11
1
7
7
2
1
3
6
2
5
2
0
1
3
12
1
2
7
1
3
4
9
8
4
5
1
4
8
3
6
5
0
4
3
2
7
4
