0.033400 
0.035900 
0.038800 
0.040300 
0.040800 
0.043800 
0.047000 
0.047300 
0.047800 
0.049200 
0.051300 
0.052000 
0.054300 
0.057900 
0.058100 
0.060800 
0.064600 
0.068200 
0.068600 
0.070400 
0.071500 
0.073200 
0.073700 
0.074300 
0.074800 
0.077000 
0.077600 
0.078400 
0.080400 
0.084800 
0.084900 
0.084900 
0.086000 
0.087600 
0.088200 
0.091100 
0.091200 
0.095100 
0.097000 
0.099500 
0.103300 
0.105900 
0.107000 
0.107100 
0.107500 
0.107600 
0.114400 
0.117400 
0.119000 
0.119400 
0.121900 
0.122000 
0.127700 
0.128400 
0.129000 
0.129500 
0.131300 
0.132600 
0.133600 
0.133600 
0.133700 
0.134600 
0.135000 
0.136200 
0.137800 
0.138100 
0.138600 
0.138700 
0.141900 
0.142000 
0.143500 
0.145300 
0.145700 
0.148200 
0.153100 
0.156600 
0.158300 
0.160300 
0.160600 
0.160800 
0.165500 
0.166800 
0.168700 
0.172300 
0.172600 
0.172800 
0.177000 
0.177900 
0.180000 
0.183600 
0.186600 
0.187100 
0.188100 
0.188400 
0.190700 
0.191600 
0.193500 
0.193700 
0.193700 
0.194000 
0.194200 
0.195300 
0.195700 
0.195800 
0.201500 
0.201600 
0.204000 
0.204300 
0.205900 
0.207200 
0.209600 
0.211700 
0.212500 
0.212600 
0.212600 
0.212800 
0.213200 
0.217700 
0.219900 
0.221000 
0.223000 
0.223500 
0.225500 
0.225900 
0.228300 
0.229200 
0.230100 
0.230500 
0.231800 
0.233400 
0.234300 
0.238300 
0.238400 
0.239600 
0.240000 
0.243700 
0.251800 
0.253000 
0.254500 
0.256600 
0.259000 
0.259900 
0.263900 
0.265000 
0.265400 
0.267600 
0.268200 
0.268500 
0.272700 
0.274900 
0.275900 
0.276000 
0.277700 
0.278000 
0.279900 
0.285400 
0.286500 
0.291300 
0.291600 
0.294900 
0.295800 
0.300500 
0.301400 
0.302600 
0.303400 
0.304300 
0.304900 
0.305200 
0.306100 
0.306300 
0.307000 
0.307800 
0.308800 
0.310700 
0.316000 
0.317700 
0.319000 
0.323100 
0.325600 
0.327000 
0.327400 
0.328500 
0.332200 
0.332600 
0.333100 
0.334000 
0.334100 
0.335500 
0.337200 
0.337500 
0.338200 
0.341100 
0.344400 
0.344800 
0.345200 
0.348700 
0.350800 
0.352000 
0.352100 
0.354500 
0.355200 
0.357200 
0.358300 
0.358400 
0.363600 
0.364000 
0.369900 
0.370300 
0.373400 
0.373800 
0.374800 
0.375000 
0.377700 
0.378500 
0.380300 
0.380400 
0.380400 
0.381400 
0.382800 
0.386600 
0.387800 
0.396300 
0.396800 
0.396800 
0.399000 
0.399600 
0.403600 
0.405900 
0.406100 
0.407100 
0.408400 
0.411500 
0.414000 
0.414200 
0.415100 
0.416800 
0.418400 
0.419200 
0.419200 
0.421700 
0.425100 
0.425300 
0.425500 
0.426000 
0.428000 
0.431000 
0.431100 
0.434800 
0.436500 
0.439400 
0.442900 
0.443300 
0.445500 
0.446700 
0.447700 
0.448400 
0.449600 
0.450800 
0.451700 
0.453700 
0.457200 
0.460600 
0.461300 
0.461600 
0.464200 
0.465100 
0.467100 
0.467200 
0.467900 
0.469000 
0.472900 
0.473100 
0.475000 
0.478900 
0.480300 
0.481000 
0.482900 
0.483800 
0.484300 
0.485200 
0.487300 
0.491000 
0.494100 
0.495000 
0.497100 
0.497800 
0.500800 
0.502400 
0.503200 
0.503200 
0.503600 
0.505000 
0.506800 
0.511600 
0.512600 
0.513700 
0.514500 
0.519500 
0.521400 
0.524100 
0.524500 
0.528200 
0.529200 
0.531400 
0.532100 
0.533700 
0.535000 
0.535800 
0.537100 
0.537800 
0.538000 
0.538700 
0.540700 
0.543100 
0.544700 
0.545600 
0.546900 
0.552200 
0.556300 
0.557500 
0.557500 
0.558000 
0.560700 
0.561700 
0.564500 
0.566100 
0.566500 
0.568300 
0.570700 
0.573400 
0.582200 
0.582800 
0.583400 
0.583400 
0.585100 
0.586200 
0.588000 
0.589500 
0.590200 
0.590600 
0.591800 
0.592700 
0.595500 
0.595600 
0.597800 
0.598000 
0.601100 
0.602400 
0.603200 
0.604000 
0.604000 
0.606800 
0.607400 
0.608100 
0.612100 
0.613000 
0.614000 
0.617000 
0.617200 
0.617700 
0.617800 
0.618700 
0.621900 
0.627800 
0.628000 
0.631300 
0.632600 
0.633900 
0.635800 
0.636700 
0.636900 
0.639000 
0.640300 
0.644900 
0.646500 
0.653500 
0.653900 
0.654400 
0.655000 
0.658500 
0.660000 
0.660800 
0.661300 
0.662600 
0.663300 
0.665700 
0.667600 
0.669600 
0.670200 
0.670300 
0.670600 
0.672200 
0.672800 
0.674700 
0.675400 
0.676600 
0.677800 
0.678600 
0.679000 
0.679300 
0.681300 
0.682200 
0.685500 
0.687400 
0.690000 
0.691200 
0.691400 
0.696200 
0.699500 
0.700100 
0.701600 
0.702600 
0.704300 
0.705900 
0.706200 
0.708500 
0.710500 
0.714600 
0.720800 
0.721500 
0.721700 
0.725500 
0.725500 
0.726300 
0.727000 
0.729300 
0.731300 
0.737800 
0.739600 
0.740900 
0.741900 
0.742400 
0.742500 
0.745100 
0.747400 
0.748300 
0.748400 
0.749800 
0.753300 
0.753600 
0.754400 
0.754900 
0.756500 
0.756500 
0.758500 
0.762000 
0.762500 
0.763200 
0.764000 
0.764200 
0.764400 
0.766500 
0.766600 
0.769500 
0.769600 
0.770500 
0.778200 
0.780000 
0.781900 
0.786100 
0.788200 
0.788300 
0.791000 
0.791300 
0.791500 
0.792300 
0.793500 
0.796500 
0.798400 
0.798700 
0.799000 
0.802000 
0.805300 
0.808300 
0.809900 
0.810200 
0.810800 
0.814300 
0.814400 
0.816300 
0.820400 
0.820600 
0.820700 
0.823000 
0.826700 
0.827900 
0.829700 
0.829900 
0.830100 
0.833300 
0.833400 
0.833600 
0.836100 
0.836500 
0.838700 
0.842200 
0.843600 
0.843800 
0.844900 
0.846300 
0.848900 
0.851300 
0.851900 
0.852200 
0.854100 
0.855000 
0.855800 
0.858800 
0.858900 
0.859500 
0.859900 
0.860700 
0.860800 
0.862600 
0.864000 
0.867200 
0.867600 
0.869800 
0.872600 
0.874200 
0.877000 
0.878300 
0.878900 
0.881200 
0.881500 
0.887100 
0.888800 
0.889400 
0.890100 
0.891900 
0.892200 
0.893100 
0.893100 
0.894300 
0.896300 
0.896900 
0.897800 
0.898800 
0.899800 
0.906200 
0.906800 
0.910300 
0.913300 
0.913300 
0.913600 
0.915500 
0.916300 
0.916400 
0.916700 
0.918000 
0.919700 
0.922500 
0.927300 
0.927300 
0.929600 
0.930400 
0.931700 
0.933900 
0.934000 
0.934500 
0.934500 
0.935200 
0.936100 
0.937300 
0.941900 
0.942400 
0.947400 
0.947600 
0.951200 
0.951600 
0.951700 
0.953100 
0.954800 
0.962100 
0.962700 
0.964000 
0.964000 
0.965600 
0.966600 
0.971500 
0.972000 
0.972600 
0.972900 
0.973900 
0.974500 
0.977400 
0.980300 
0.981100 
0.981200 
0.984900 
0.985500 
0.985600 
0.985600 
0.986500 
0.987700 
0.991400 
0.992500 
0.992600 
0.993100 
0.993800 
0.994200 
0.994700 
0.996400 
0.996400 
0.996500 
0.997800 
0.998200 
1.000100 
1.001600 
1.002200 
1.002800 
1.004300 
1.005100 
1.005900 
1.009700 
1.011600 
1.012500 
1.013000 
1.013800 
1.015600 
1.023900 
1.024700 
1.028800 
1.032600 
1.035100 
1.036200 
1.036400 
1.036800 
1.038500 
1.039200 
1.043400 
1.043600 
1.045900 
1.050200 
1.050900 
1.051600 
1.054600 
1.054700 
1.055100 
1.058700 
1.063000 
1.064500 
1.064900 
1.065300 
1.065800 
1.068700 
1.073300 
1.074400 
1.074900 
1.081400 
1.083700 
1.085800 
1.087400 
1.089000 
1.094600 
1.094900 
1.095100 
1.095300 
1.096500 
1.097200 
1.097300 
1.098400 
1.098500 
1.099200 
1.099300 
1.104700 
1.104900 
1.104900 
1.107700 
1.109000 
1.110400 
1.111000 
1.111700 
1.111800 
1.112800 
1.115300 
1.117000 
1.126400 
1.126500 
1.127400 
1.131600 
1.132800 
1.137400 
1.138900 
1.140500 
1.140900 
1.143000 
1.143600 
1.143700 
1.145500 
1.145800 
1.147300 
1.148400 
1.149100 
1.152600 
1.159000 
1.159500 
1.161200 
1.162100 
1.162800 
1.164500 
1.167100 
1.168600 
1.171400 
1.173500 
1.173700 
1.175000 
1.177700 
1.183500 
1.183700 
1.186000 
1.187900 
1.188400 
1.189100 
1.194100 
1.194400 
1.199700 
1.200100 
1.201100 
1.201200 
1.202000 
1.202700 
1.203500 
1.206400 
1.206600 
1.210100 
1.212100 
1.212900 
1.214200 
1.214900 
1.218000 
1.218100 
1.219000 
1.219500 
1.221700 
1.224300 
1.225300 
1.228400 
1.229100 
1.230800 
1.232400 
1.233700 
1.237200 
1.237500 
1.237500 
1.239000 
1.240000 
1.242200 
1.243200 
1.243200 
1.247100 
1.247300 
1.250000 
1.251900 
1.255300 
1.257600 
1.261900 
1.262500 
1.263500 
1.264300 
1.264600 
1.264900 
1.264900 
1.267600 
1.267900 
1.268800 
1.270200 
1.273300 
1.274200 
1.275300 
1.278200 
1.279000 
1.280700 
1.283100 
1.284400 
1.284600 
1.286200 
1.287900 
1.288800 
1.290800 
1.293700 
1.297000 
1.297800 
1.297900 
1.298100 
1.301100 
1.301100 
1.301800 
1.302000 
1.302200 
1.304300 
1.306000 
1.309100 
1.309300 
1.309400 
1.310900 
1.311200 
1.311900 
1.313600 
1.315900 
1.316900 
1.320600 
1.322600 
1.322900 
1.324200 
1.324300 
1.324800 
1.326000 
1.328100 
1.328500 
1.328900 
1.330500 
1.332500 
1.340200 
1.340300 
1.341800 
1.344100 
1.344200 
1.344900 
1.346100 
1.346500 
1.346900 
1.351500 
1.352300 
1.356000 
1.356600 
1.358300 
1.360000 
1.361900 
1.363500 
1.364500 
1.365700 
1.367100 
1.369100 
1.369700 
1.371200 
1.377200 
1.378000 
1.378300 
1.379100 
1.381100 
1.381900 
1.382200 
1.388100 
1.389400 
1.390000 
1.390400 
1.391500 
1.392000 
1.392900 
1.395000 
1.399000 
1.399200 
1.399800 
1.399900 
1.402800 
1.406500 
1.408600 
1.409300 
1.411300 
1.413100 
1.414600 
1.414700 
1.414900 
1.417000 
1.419300 
1.419700 
1.424200 
1.425500 
1.427100 
1.432200 
1.432800 
1.433000 
1.433600 
1.434100 
1.434100 
1.434500 
1.438400 
1.439500 
1.441800 
1.447000 
1.448000 
1.448000 
1.448800 
1.449600 
1.450200 
1.451200 
1.454000 
1.454300 
1.456500 
1.456800 
1.460100 
1.465100 
1.465400 
1.465400 
1.465400 
1.466300 
1.469300 
1.469500 
1.473000 
1.478900 
1.479000 
1.479900 
1.481100 
1.481600 
1.487300 
1.487300 
1.487800 
1.487900 
1.489000 
1.490400 
1.491300 
1.495300 
1.496500 
1.498000 
1.499000 
1.499900 
1.500700 
1.501000 
1.501500 
1.505600 
1.505700 
1.512200 
1.514800 
1.515200 
1.517500 
1.519800 
1.521200 
1.521800 
1.523200 
1.523900 
1.525900 
1.526600 
1.526700 
1.526800 
1.526900 
1.527300 
1.529500 
1.529700 
1.530000 
1.533300 
1.533500 
1.537200 
1.540500 
1.542700 
1.543500 
1.545500 
1.548900 
1.551500 
1.551600 
1.551700 
1.552900 
1.557100 
1.559200 
1.559200 
1.560900 
1.562400 
1.564400 
1.565000 
1.565300 
1.566300 
1.566400 
1.566600 
1.567500 
1.567600 
1.570900 
1.578700 
1.579800 
1.580200 
1.580400 
1.580500 
1.581500 
1.581500 
1.582700 
1.585000 
1.585100 
1.586000 
1.586800 
1.586900 
1.592200 
1.592800 
1.593000 
1.594400 
1.597500 
1.598600 
1.599000 
1.600200 
1.600800 
1.602000 
1.602800 
1.603700 
1.608400 
1.612500 
1.615400 
1.621100 
1.621200 
1.622700 
1.624900 
1.625300 
1.625900 
1.626200 
1.626500 
1.628000 
1.628700 
1.633500 
1.634700 
1.634800 
1.636900 
1.639400 
1.639500 
1.641200 
1.643000 
1.644800 
1.646100 
1.646300 
1.646700 
1.647000 
1.649300 
1.649500 
1.651500 
1.655300 
1.656100 
1.656900 
1.658300 
1.660600 
1.661200 
1.662800 
1.665200 
1.666200 
1.668800 
1.669000 
1.669300 
1.669400 
1.673700 
1.676400 
1.677800 
1.679700 
1.679900 
1.682200 
1.682900 
1.683900 
1.685900 
1.692500 
1.692900 
1.693400 
1.693700 
1.695400 
1.696800 
1.697200 
1.701800 
1.701900 
1.703000 
1.704000 
1.704600 
1.705800 
1.707000 
1.708100 
1.709500 
1.711800 
1.713100 
1.713700 
1.714100 
1.714300 
1.715400 
1.716400 
1.718100 
1.718700 
1.718700 
1.722400 
1.723500 
1.726300 
1.731800 
1.735500 
1.735900 
1.736900 
1.737200 
1.738300 
1.739900 
1.742600 
1.743500 
1.746100 
1.746600 
1.747300 
1.748100 
1.748400 
1.748800 
1.750900 
1.754600 
1.757200 
1.758400 
1.758500 
1.758800 
1.760500 
1.760700 
1.762800 
1.763800 
1.766300 
1.767400 
1.767500 
1.767800 
1.769900 
1.772700 
1.776100 
1.776200 
1.778000 
1.779200 
1.779500 
1.780600 
1.783200 
1.783400 
1.784000 
1.784700 
1.785200 
1.787500 
1.789100 
1.791000 
1.791400 
1.793500 
1.798700 
1.799500 
1.802100 
1.802100 
1.802300 
1.804500 
1.807400 
1.807500 
1.808700 
1.809600 
1.810300 
1.813600 
1.815500 
1.817400 
1.822300 
1.823900 
1.824000 
1.826700 
1.827300 
1.829600 
1.830400 
1.830900 
1.834300 
1.837500 
1.839000 
1.842300 
1.843500 
1.843600 
1.845100 
1.846100 
1.846300 
1.846900 
1.849400 
1.850500 
1.852000 
1.852600 
1.854000 
1.854400 
1.857000 
1.857400 
1.858600 
1.860000 
1.860100 
1.860200 
1.861600 
1.865600 
1.869800 
1.873000 
1.875000 
1.876600 
1.878200 
1.878700 
1.878700 
1.879600 
1.881200 
1.882400 
1.883100 
1.883400 
1.884800 
1.892300 
1.898800 
1.899700 
1.900000 
1.904100 
1.906500 
1.907200 
1.907700 
1.908300 
1.908800 
1.909100 
1.909700 
1.910800 
1.913900 
1.916000 
1.918000 
1.918300 
1.922000 
1.922100 
1.924600 
1.928900 
1.929000 
1.929600 
1.931000 
1.933200 
1.933600 
1.935600 
1.938000 
1.938600 
1.939800 
1.940700 
1.941300 
1.941300 
1.941700 
1.946900 
1.949900 
1.951600 
1.953900 
1.954200 
1.959700 
1.960600 
1.962800 
1.964200 
1.966300 
1.969000 
1.971100 
1.972200 
1.973000 
1.974400 
1.975200 
1.975800 
1.977100 
1.977800 
1.980100 
1.980400 
1.981500 
1.986200 
1.986700 
1.988900 
1.991800 
2.001000 
2.001300 
2.003200 
2.005600 
2.006700 
2.008400 
2.010700 
2.018000 
2.019000 
2.020600 
2.020800 
2.020900 
2.021300 
2.022000 
2.022500 
2.024200 
2.024600 
2.026100 
2.026600 
2.028300 
2.028400 
2.032900 
2.034200 
2.040000 
2.043800 
2.044200 
2.044300 
2.045400 
2.046400 
2.047100 
2.047200 
2.047600 
2.049200 
2.051900 
2.052800 
2.053800 
2.055300 
2.056700 
2.057300 
2.057700 
2.060100 
2.061900 
2.063900 
2.064700 
2.066700 
2.067400 
2.070800 
2.071000 
2.071400 
2.075700 
2.079200 
2.079300 
2.082200 
2.083500 
2.086000 
2.089900 
2.090100 
2.090400 
2.091100 
2.094200 
2.094900 
2.096300 
2.099200 
2.099500 
2.099800 
2.099800 
2.101900 
2.103000 
2.103600 
2.104200 
2.104900 
2.106000 
2.107600 
2.110400 
2.111300 
2.111400 
2.111600 
2.115500 
2.115800 
2.115800 
2.115800 
2.116100 
2.119400 
2.123500 
2.124300 
2.126300 
2.126800 
2.127000 
2.127200 
2.127200 
2.128600 
2.131500 
2.132300 
2.134100 
2.135500 
2.136900 
2.144500 
2.146800 
2.147500 
2.148700 
2.150900 
2.151500 
2.153300 
2.156100 
2.156300 
2.158000 
2.158100 
2.160900 
2.161000 
2.165000 
2.165300 
2.169700 
2.171500 
2.172700 
2.174600 
2.174900 
2.176000 
2.177600 
2.178100 
2.179400 
2.182800 
2.183500 
2.184600 
2.186400 
2.187700 
2.188100 
2.189700 
2.190100 
2.193800 
2.198800 
2.203400 
2.205500 
2.205700 
2.206400 
2.207000 
2.207700 
2.208300 
2.211900 
2.215700 
2.216900 
2.218400 
2.219300 
2.220000 
2.220300 
2.220400 
2.222700 
2.223900 
2.225400 
2.225800 
2.230800 
2.232500 
2.233900 
2.235200 
2.236200 
2.237500 
2.238500 
2.239400 
2.244100 
2.246200 
2.247900 
2.248200 
2.249500 
2.250400 
2.252000 
2.253400 
2.256200 
2.257700 
2.259100 
2.261500 
2.265600 
2.265800 
2.265900 
2.266000 
2.266700 
2.267300 
2.269400 
2.274900 
2.275500 
2.275500 
2.275600 
2.276900 
2.277500 
2.278000 
2.278200 
2.278900 
2.279100 
2.281700 
2.282800 
2.283000 
2.285800 
2.290600 
2.291700 
2.292700 
2.293600 
2.293900 
2.295100 
2.295400 
2.296900 
2.298600 
2.298800 
2.299800 
2.299800 
2.306200 
2.306300 
2.306800 
2.307000 
2.307600 
2.308200 
2.308900 
2.310400 
2.311000 
2.313100 
2.315300 
2.317500 
2.318300 
2.320200 
2.325600 
2.326500 
2.326800 
2.328400 
2.328700 
2.335000 
2.336300 
2.336400 
2.338000 
2.338100 
2.340900 
2.341300 
2.341900 
2.343800 
2.346400 
2.347600 
2.351600 
2.352600 
2.353800 
2.356400 
2.356400 
2.356500 
2.357000 
2.358300 
2.358400 
2.358600 
2.359100 
2.359300 
2.359900 
2.363300 
2.364900 
2.365600 
2.368500 
2.368900 
2.375800 
2.376000 
2.376700 
2.377700 
2.380000 
2.381000 
2.382000 
2.384000 
2.386100 
2.388000 
2.389200 
2.389200 
2.391900 
2.393200 
2.393700 
2.395700 
2.396100 
2.396700 
2.399100 
2.402300 
2.405300 
2.406300 
2.406500 
2.410500 
2.411500 
2.414900 
2.415200 
2.416500 
2.416900 
2.417100 
2.417800 
2.418600 
2.420100 
2.420300 
2.420400 
2.423500 
2.426300 
2.426900 
2.432300 
2.433000 
2.433800 
2.434900 
2.439100 
2.439400 
2.443700 
2.449800 
2.450100 
2.451100 
2.455600 
2.456800 
2.458200 
2.459900 
2.463500 
2.463800 
2.464600 
2.466800 
2.467300 
2.467700 
2.468200 
2.471500 
2.471600 
2.472800 
2.473100 
2.473100 
2.473500 
2.475400 
2.477200 
2.480900 
2.481800 
2.482700 
2.487000 
2.487600 
2.488900 
2.490400 
2.492200 
2.494600 
2.497000 
2.503100 
2.504100 
2.504200 
2.504700 
2.505900 
2.506600 
2.507300 
2.508200 
2.509600 
2.509600 
2.516400 
2.518100 
2.518200 
2.518600 
2.518800 
2.522500 
2.524000 
2.525300 
2.526800 
2.527800 
2.530900 
2.535200 
2.536400 
2.536700 
2.539000 
2.539900 
2.540100 
2.541700 
2.542500 
2.542600 
2.544400 
2.544800 
2.545300 
2.553500 
2.555500 
2.562100 
2.562700 
2.564000 
2.564700 
2.569500 
2.570600 
2.571500 
2.571500 
2.573300 
2.575700 
2.576100 
2.577100 
2.580900 
2.591900 
2.592200 
2.592800 
2.594600 
2.595400 
2.595900 
2.596100 
2.596600 
2.596600 
2.596800 
2.598600 
2.598800 
2.602900 
2.603500 
2.604800 
2.605800 
2.606100 
2.608100 
2.609000 
2.609100 
2.609200 
2.609600 
2.612100 
2.612500 
2.619200 
2.620300 
2.622700 
2.623800 
2.624200 
2.626600 
2.627700 
2.633900 
2.634800 
2.637500 
2.639700 
2.639800 
2.641500 
2.642700 
2.645900 
2.646300 
2.647600 
2.648100 
2.651000 
2.652100 
2.653900 
2.654400 
2.657000 
2.657400 
2.659300 
2.661400 
2.663500 
2.664100 
2.667200 
2.670900 
2.671900 
2.674000 
2.675700 
2.677100 
2.679100 
2.681800 
2.686400 
2.687900 
2.691200 
2.691700 
2.691800 
2.692100 
2.692200 
2.694000 
2.694000 
2.694800 
2.694900 
2.697800 
2.697900 
2.698800 
2.700200 
2.702400 
2.704200 
2.705200 
2.706100 
2.707000 
2.708300 
2.709000 
2.712100 
2.714000 
2.716400 
2.716700 
2.721100 
2.721200 
2.721800 
2.722300 
2.725600 
2.726300 
2.727000 
2.729200 
2.731400 
2.734000 
2.734400 
2.735900 
2.745300 
2.745600 
2.746200 
2.749400 
2.750300 
2.750700 
2.751200 
2.752200 
2.752500 
2.753100 
2.754300 
2.756300 
2.759200 
2.762400 
2.763500 
2.769300 
2.769700 
2.769700 
2.770600 
2.771800 
2.772400 
2.774300 
2.774600 
2.775500 
2.775700 
2.777600 
2.777600 
2.780300 
2.781300 
2.781600 
2.782500 
2.783300 
2.785000 
2.786400 
2.788800 
2.791500 
2.791800 
2.792800 
2.794100 
2.797000 
2.798000 
2.798000 
2.798100 
2.798100 
2.798700 
2.799600 
2.801700 
2.802000 
2.802600 
2.804200 
2.804500 
2.806200 
2.806800 
2.808900 
2.810100 
2.811900 
2.814100 
2.815500 
2.815500 
2.815600 
2.817100 
2.819600 
2.819700 
2.822400 
2.822600 
2.824100 
2.826800 
2.827900 
2.828600 
2.829000 
2.829200 
2.834000 
2.836900 
2.842900 
2.843400 
2.844600 
2.846300 
2.847100 
2.847400 
2.852100 
2.852800 
2.853200 
2.855800 
2.856200 
2.856500 
2.856500 
2.858000 
2.859600 
2.861300 
2.862900 
2.863600 
2.867100 
2.868300 
2.869500 
2.870600 
2.872600 
2.873800 
2.876500 
2.876600 
2.878800 
2.880400 
2.883000 
2.883200 
2.888000 
2.888200 
2.888500 
2.889300 
2.891900 
2.892200 
2.892300 
2.893000 
2.895200 
2.895200 
2.895500 
2.899100 
2.899800 
2.902500 
2.905600 
2.906100 
2.910900 
2.912000 
2.914800 
2.915100 
2.915500 
2.917000 
2.917300 
2.917800 
2.919200 
2.921400 
2.921600 
2.925100 
2.926100 
2.928300 
2.928700 
2.930300 
2.930900 
2.931200 
2.933500 
2.934500 
2.940200 
2.945300 
2.945700 
2.946300 
2.949900 
2.950400 
2.951700 
2.953900 
2.954000 
2.955300 
2.957900 
2.958600 
2.960200 
2.960500 
2.960800 
2.961700 
2.963400 
2.968200 
2.969700 
2.970200 
2.970300 
2.970500 
2.972400 
2.976600 
2.978600 
2.983700 
2.984000 
2.985900 
2.986400 
2.987600 
2.987600 
2.988700 
2.988800 
2.989200 
2.991000 
2.992400 
2.996200 
2.996200 
2.996900 
2.997100 
2.998200 
2.998800 
2.999300 
