1 
2 
0 
1 
0 
2 
0 
1 
52 
2 
50 
20 
4 
60 
11 
13 
0 
2 
58 
41 
27 
23 
1 
0 
15 
57 
1 
2 
13 
0 
32 
1 
0 
1 
50 
2 
0 
25 
15 
2 
0 
1 
20 
2 
26 
1 
0 
29 
45 
23 
49 
3 
0 
1 
2 
40 
27 
56 
6 
0 
8 
1 
2 
23 
37 
0 
1 
48 
15 
35 
14 
1 
52 
43 
0 
2 
21 
50 
1 
25 
18 
0 
2 
0 
1 
37 
2 
24 
0 
40 
49 
11 
1 
8 
0 
15 
2 
45 
52 
1 
0 
2 
59 
1 
0 
4 
2 
52 
27 
1 
8 
0 
43 
45 
48 
2 
3 
1 
0 
29 
2 
53 
46 
60 
1 
12 
43 
0 
15 
20 
2 
45 
1 
0 
56 
25 
11 
0 
1 
2 
2 
33 
1 
0 
8 
12 
2 
1 
0 
36 
2 
40 
1 
0 
52 
23 
2 
1 
0 
32 
27 
2 
1 
0 
7 
30 
11 
1 
2 
0 
5 
2 
25 
0 
18 
1 
56 
2 
29 
1 
0 
11 
45 
48 
2 
52 
0 
1 
12 
62 
57 
37 
2 
0 
1 
15 
55 
3 
0 
1 
45 
2 
22 
0 
1 
2 
60 
61 
62 
0 
1 
12 
0 
1 
8 
2 
45 
42 
10 
0 
46 
2 
1 
0 
1 
2 
21 
1 
0 
52 
2 
20 
1 
0 
40 
3 
12 
2 
61 
1 
0 
26 
2 
0 
1 
15 
13 
24 
0 
38 
2 
1 
25 
23 
36 
19 
58 
0 
56 
1 
8 
2 
0 
45 
50 
40 
1 
2 
0 
24 
1 
38 
52 
2 
0 
23 
1 
59 
0 
2 
1 
0 
57 
17 
2 
24 
61 
1 
0 
48 
56 
62 
21 
2 
30 
0 
16 
1 
44 
2 
12 
8 
0 
45 
1 
56 
14 
48 
2 
23 
1 
0 
22 
20 
3 
2 
0 
11 
51 
1 
6 
53 
37 
0 
15 
44 
2 
1 
25 
57 
0 
2 
51 
8 
1 
43 
0 
49 
50 
23 
1 
2 
5 
0 
11 
20 
2 
22 
17 
62 
1 
14 
45 
35 
0 
2 
1 
32 
0 
2 
52 
1 
12 
6 
62 
23 
60 
2 
4 
36 
0 
1 
45 
0 
2 
5 
1 
30 
57 
3 
20 
0 
1 
2 
44 
0 
11 
62 
40 
21 
1 
2 
0 
33 
46 
2 
39 
49 
1 
0 
56 
51 
1 
2 
45 
4 
0 
2 
35 
13 
6 
1 
32 
0 
11 
2 
8 
42 
57 
1 
36 
0 
23 
49 
2 
1 
0 
50 
0 
58 
14 
2 
1 
21 
62 
43 
52 
41 
45 
3 
17 
0 
1 
2 
1 
0 
6 
8 
32 
2 
40 
1 
0 
26 
2 
33 
23 
27 
25 
1 
0 
39 
2 
1 
15 
0 
12 
2 
1 
0 
33 
29 
41 
0 
4 
1 
2 
5 
16 
40 
56 
0 
1 
8 
2 
24 
15 
0 
1 
2 
20 
25 
33 
0 
12 
21 
1 
17 
50 
2 
61 
0 
59 
24 
1 
32 
0 
2 
5 
31 
62 
1 
56 
0 
2 
53 
22 
6 
1 
0 
61 
2 
4 
0 
1 
8 
2 
3 
21 
15 
2 
0 
1 
26 
5 
46 
0 
2 
22 
1 
0 
2 
20 
1 
0 
4 
61 
2 
49 
25 
17 
1 
35 
0 
48 
2 
15 
27 
1 
59 
0 
22 
14 
0 
2 
5 
1 
27 
12 
2 
35 
0 
8 
1 
45 
56 
42 
24 
0 
2 
1 
21 
0 
18 
47 
2 
23 
1 
12 
0 
10 
8 
19 
1 
2 
0 
35 
21 
1 
0 
2 
22 
43 
3 
61 
2 
0 
51 
1 
39 
2 
0 
1 
4 
35 
58 
0 
1 
40 
60 
2 
30 
13 
0 
1 
2 
1 
22 
0 
2 
40 
18 
1 
0 
13 
2 
0 
59 
2 
38 
1 
32 
15 
56 
40 
0 
2 
1 
12 
52 
0 
17 
35 
2 
18 
1 
2 
0 
50 
61 
15 
29 
1 
2 
0 
53 
8 
21 
32 
31 
1 
0 
2 
58 
13 
50 
6 
1 
0 
45 
5 
35 
2 
59 
0 
1 
21 
4 
2 
37 
0 
22 
8 
1 
53 
23 
2 
0 
41 
57 
13 
25 
1 
11 
2 
0 
20 
3 
1 
32 
2 
0 
1 
2 
0 
46 
40 
1 
22 
18 
13 
2 
0 
29 
23 
10 
1 
62 
0 
37 
2 
35 
15 
0 
4 
1 
2 
0 
1 
33 
62 
52 
2 
8 
0 
46 
15 
2 
1 
6 
0 
5 
51 
32 
10 
1 
0 
2 
1 
49 
33 
2 
34 
0 
60 
20 
1 
29 
2 
0 
52 
35 
61 
10 
48 
32 
1 
8 
0 
33 
23 
25 
2 
35 
0 
32 
1 
2 
0 
3 
24 
1 
11 
2 
0 
25 
57 
1 
22 
45 
2 
0 
61 
1 
2 
16 
0 
22 
41 
32 
0 
2 
1 
62 
43 
56 
0 
1 
57 
4 
49 
36 
45 
2 
18 
35 
24 
0 
37 
61 
1 
62 
25 
2 
41 
48 
0 
19 
12 
1 
2 
32 
0 
52 
1 
62 
15 
2 
0 
1 
0 
2 
25 
49 
45 
12 
1 
0 
53 
2 
8 
0 
15 
1 
52 
2 
31 
13 
1 
41 
0 
2 
0 
58 
2 
12 
22 
6 
48 
11 
23 
17 
1 
2 
58 
0 
2 
1 
61 
0 
21 
20 
5 
0 
48 
2 
52 
1 
25 
2 
0 
11 
24 
22 
1 
2 
13 
0 
1 
32 
50 
0 
2 
62 
26 
0 
1 
2 
19 
37 
57 
0 
20 
1 
21 
32 
23 
9 
0 
2 
1 
42 
45 
14 
11 
0 
2 
49 
5 
1 
32 
56 
0 
2 
34 
1 
52 
0 
33 
41 
58 
2 
55 
15 
21 
1 
39 
11 
23 
32 
0 
8 
54 
2 
1 
30 
0 
41 
1 
28 
0 
2 
61 
17 
1 
0 
12 
2 
3 
40 
50 
0 
1 
15 
2 
35 
0 
13 
1 
25 
56 
49 
2 
58 
0 
1 
50 
40 
0 
2 
12 
24 
62 
1 
0 
2 
21 
59 
48 
0 
2 
60 
1 
20 
0 
2 
10 
30 
1 
39 
8 
0 
2 
21 
56 
0 
33 
62 
37 
1 
2 
58 
8 
0 
1 
22 
59 
3 
35 
12 
45 
0 
2 
1 
21 
8 
0 
2 
1 
0 
45 
33 
1 
2 
3 
36 
52 
0 
25 
2 
1 
0 
48 
1 
2 
0 
23 
1 
37 
0 
8 
2 
20 
4 
0 
5 
1 
37 
30 
25 
2 
35 
0 
1 
2 
61 
1 
0 
60 
14 
2 
21 
1 
0 
7 
3 
0 
1 
2 
20 
29 
45 
0 
2 
1 
43 
33 
0 
1 
8 
35 
59 
56 
5 
25 
1 
17 
0 
2 
1 
0 
21 
1 
6 
33 
27 
26 
2 
0 
3 
13 
1 
0 
52 
23 
39 
2 
1 
15 
0 
8 
6 
1 
2 
41 
58 
0 
3 
60 
5 
29 
1 
52 
0 
2 
16 
1 
49 
0 
37 
2 
8 
33 
0 
1 
11 
20 
40 
2 
18 
35 
1 
48 
0 
2 
0 
1 
2 
18 
17 
45 
0 
5 
1 
21 
2 
44 
35 
0 
1 
15 
22 
2 
12 
59 
20 
0 
46 
1 
2 
0 
56 
1 
3 
0 
52 
62 
2 
17 
24 
0 
1 
35 
61 
54 
2 
13 
45 
21 
50 
1 
33 
29 
15 
0 
30 
1 
46 
24 
43 
2 
6 
0 
2 
1 
55 
0 
59 
3 
45 
2 
1 
35 
0 
32 
62 
1 
25 
2 
48 
0 
46 
52 
56 
0 
1 
35 
23 
2 
22 
14 
8 
0 
39 
11 
1 
15 
2 
37 
60 
0 
1 
14 
2 
20 
29 
3 
8 
0 
45 
1 
19 
2 
0 
52 
48 
1 
15 
27 
17 
59 
29 
2 
8 
0 
1 
19 
46 
0 
1 
25 
49 
2 
60 
0 
56 
1 
2 
0 
48 
44 
21 
45 
59 
1 
0 
2 
27 
29 
51 
0 
1 
2 
12 
4 
0 
53 
15 
11 
56 
46 
22 
55 
1 
2 
20 
0 
50 
1 
59 
45 
0 
21 
1 
2 
0 
37 
18 
51 
1 
46 
53 
2 
0 
45 
56 
22 
2 
61 
17 
0 
35 
1 
30 
50 
8 
57 
52 
51 
48 
1 
0 
2 
31 
32 
12 
1 
0 
49 
1 
2 
0 
61 
35 
4 
38 
15 
1 
46 
0 
37 
49 
35 
5 
2 
0 
1 
4 
43 
32 
17 
1 
2 
0 
30 
21 
55 
38 
1 
2 
0 
29 
8 
1 
2 
48 
0 
5 
15 
2 
0 
61 
1 
51 
23 
48 
1 
0 
15 
2 
5 
4 
3 
32 
49 
0 
1 
20 
24 
2 
0 
1 
62 
23 
2 
0 
1 
59 
41 
30 
31 
2 
1 
60 
0 
36 
12 
5 
2 
37 
0 
1 
48 
14 
2 
0 
44 
35 
1 
26 
51 
48 
0 
17 
2 
40 
20 
49 
1 
3 
0 
48 
1 
2 
35 
29 
13 
0 
1 
2 
8 
53 
0 
23 
2 
1 
0 
24 
20 
15 
2 
1 
0 
3 
17 
18 
1 
25 
0 
32 
15 
52 
2 
0 
43 
35 
8 
1 
3 
32 
14 
2 
0 
1 
23 
25 
21 
1 
2 
0 
4 
38 
13 
0 
1 
39 
17 
55 
2 
45 
52 
58 
1 
5 
50 
0 
1 
2 
0 
55 
49 
44 
0 
1 
2 
17 
1 
2 
0 
32 
11 
20 
12 
62 
52 
1 
0 
35 
23 
3 
2 
45 
0 
1 
2 
20 
30 
40 
1 
0 
22 
2 
62 
0 
1 
12 
3 
11 
60 
15 
2 
1 
0 
23 
61 
45 
1 
2 
0 
10 
48 
42 
2 
1 
4 
0 
22 
62 
59 
20 
52 
2 
0 
3 
1 
27 
