28
51
14
43
27
24
34
18
23
28
31
11
28
28
40
28
22
32
41
42
22
21
18
13
22
32
42
19
33
43
19
34
34
14
41
26
27
24
20
40
44
30
18
42
23
20
18
15
41
34
13
36
17
22
31
33
29
19
27
30
18
26
43
27
23
15
24
16
20
32
26
12
39
19
22
23
31
25
17
31
13
15
22
24
12
26
18
26
30
36
29
27
23
51
19
44
45
20
29
12
57
21
35
27
37
30
29
34
39
38
29
37
23
28
16
26
45
27
25
22
27
13
42
27
42
25
29
21
14
22
33
27
29
30
26
35
18
22
37
32
17
35
31
31
25
41
23
33
31
26
32
24
28
29
20
45
23
25
38
23
40
24
32
22
11
36
25
46
25
24
19
20
35
21
31
26
14
21
23
19
21
33
25
14
32
6
4
3
5
1
2
10
5
14
9
3
9
6
3
2
5
9
2
7
4
5
7
7
7
8
11
6
4
5
10
6
8
3
4
3
2
4
1
8
17
7
3
1
7
6
10
9
2
8
11
8
8
8
6
6
7
7
1
5
4
5
6
3
1
1
8
11
4
1
5
8
2
3
6
1
11
2
2
7
8
6
9
2
8
6
20
8
8
7
8
2
10
5
8
2
8
3
13
8
2
6
5
7
17
2
1
13
8
13
5
7
14
4
4
2
6
2
8
7
4
13
2
5
6
9
9
1
5
3
12
11
5
6
6
3
3
1
4
6
8
13
7
10
10
9
7
8
14
2
2
9
5
0
7
4
13
4
8
2
13
5
1
3
11
6
7
11
6
2
8
5
9
17
7
1
4
7
5
5
5
9
6
1
6
4
12
7
8
6
5
3
5
8
7
4
9
5
8
1
6
7
6
7
7
4
9
0
11
10
4
3
4
2
5
7
7
5
6
7
3
5
2
5
11
5
3
2
11
6
4
2
7
18
4
3
1
4
8
7
1
4
14
1
2
5
9
10
4
9
6
11
12
8
17
6
6
6
0
6
6
2
2
7
2
11
3
5
6
2
5
7
5
8
3
1
2
5
8
6
6
3
6
4
4
10
5
12
6
9
5
11
10
4
10
5
8
9
6
12
2
4
2
13
9
9
5
2
6
7
12
7
7
7
6
6
3
4
2
19
2
5
5
11
12
5
6
3
5
9
6
11
6
7
7
3
4
6
15
1
9
4
11
6
3
10
10
10
4
1
2
5
9
5
4
2
4
5
1
7
5
11
7
7
1
5
6
8
5
4
8
10
8
4
11
7
4
9
4
7
3
18
8
12
12
9
3
9
9
9
7
5
9
3
12
14
10
11
6
6
12
5
4
5
2
13
4
7
5
4
8
8
10
5
7
13
4
5
6
2
6
3
7
8
11
12
14
7
11
9
15
5
9
5
1
9
8
4
3
3
3
6
4
6
7
10
17
8
3
5
5
5
5
10
12
2
1
3
7
13
12
4
5
13
2
7
16
1
4
7
7
9
8
11
13
5
4
9
9
8
2
9
6
2
5
9
4
5
5
14
8
6
7
5
0
10
3
6
1
8
6
4
4
6
4
6
5
7
1
5
9
3
4
3
7
18
9
11
10
9
13
5
9
10
3
4
8
14
6
8
3
3
4
4
14
6
4
9
3
6
3
12
10
11
8
5
4
16
15
13
9
2
15
8
7
5
8
