23
26
28
42
14
57
18
33
54
18
44
36
34
31
35
31
38
44
44
24
21
43
38
26
53
18
31
23
17
15
27
15
38
25
28
29
29
30
61
38
63
21
34
29
36
22
28
18
37
25
42
26
26
31
59
13
36
27
13
21
61
24
63
53
62
32
30
29
19
24
23
65
27
22
26
32
31
31
43
25
37
14
35
15
19
33
8
26
28
54
16
71
19
32
31
31
57
10
38
19
27
21
22
46
22
28
22
22
38
43
30
69
24
30
10
55
30
32
52
12
27
31
19
34
29
29
61
15
18
32
35
72
88
27
44
17
15
14
22
14
17
43
35
39
31
28
22
42
36
18
47
33
13
32
44
39
43
38
30
23
17
39
28
30
52
37
58
30
33
37
38
40
39
35
56
55
26
34
40
17
48
17
28
34
28
36
33
33
28
26
12
38
31
34
23
45
38
58
46
45
39
17
14
38
19
18
35
22
37
38
17
45
28
26
9
18
9
44
72
51
17
57
26
35
31
16
30
14
28
17
58
45
17
18
41
25
57
36
47
15
52
26
28
44
52
31
23
38
31
22
37
28
50
24
34
35
29
17
82
29
25
36
10
18
29
41
22
12
23
27
33
21
1
74
27
40
21
17
37
50
55
75
28
9
11
52
51
63
67
56
63
76
35
33
52
29
13
25
37
31
68
23
25
26
24
54
56
23
40
21
41
30
29
24
72
34
50
31
3
59
23
22
34
39
73
25
31
30
39
36
67
36
21
12
31
54
41
39
60
46
40
34
25
40
41
13
24
45
16
25
26
24
21
29
40
24
23
15
26
12
33
20
34
35
25
18
43
63
56
48
44
29
32
20
31
37
14
38
23
13
37
11
56
22
15
45
30
7
15
5
15
23
41
25
47
53
32
26
43
18
5
27
13
17
19
20
19
43
7
52
14
35
23
38
45
25
51
48
27
47
8
64
68
41
19
22
18
49
52
33
26
33
37
15
31
69
44
9
61
55
22
48
27
12
44
28
51
51
34
27
12
19
39
49
34
15
51
36
28
81
26
48
30
28
50
54
40
18
48
14
48
10
17
13
33
59
9
23
14
30
35
62
8
42
32
38
20
38
18
24
34
40
19
41
48
63
72
26
30
18
29
21
23
36
30
28
78
31
30
34
44
19
39
17
16
36
43
30
47
37
44
43
37
31
36
39
45
33
9
37
62
41
38
38
33
30
78
22
24
13
20
21
16
41
18
18
42
58
23
35
21
48
40
20
15
31
26
24
30
12
53
24
31
43
15
21
22
37
42
54
24
23
22
39
22
28
27
46
38
17
9
14
31
29
44
9
15
4
23
17
30
20
46
65
44
35
40
55
4
16
21
42
82
26
23
46
28
45
66
42
23
49
28
16
36
29
42
36
27
59
28
56
21
9
24
27
30
29
34
47
43
24
54
40
11
31
59
40
41
45
49
16
26
20
23
25
18
38
50
46
8
35
13
48
48
32
61
38
16
67
50
46
26
35
14
54
64
33
48
22
25
16
49
12
40
47
44
24
24
13
22
39
27
29
35
27
38
32
14
11
15
52
61
12
42
24
47
19
44
27
36
16
33
18
14
17
49
38
23
29
60
25
59
24
23
25
27
47
48
6
35
42
28
41
25
57
33
38
45
37
15
38
36
31
56
22
30
65
38
21
24
49
18
20
57
39
20
42
8
30
25
27
29
40
55
21
17
9
49
19
61
12
22
43
60
36
47
47
33
26
22
18
53
31
29
38
24
13
20
28
17
34
43
43
45
16
33
20
63
50
22
25
22
12
24
50
27
3
38
25
26
30
48
47
66
86
19
32
37
41
19
68
16
21
24
20
25
50
34
45
21
35
87
53
18
45
36
31
32
36
34
35
20
22
56
22
27
21
31
20
57
22
25
25
61
24
36
39
28
19
58
32
20
34
16
66
26
27
28
10
29
8
43
8
25
25
22
44
10
22
44
39
26
24
19
41
23
21
29
35
59
47
40
27
30
50
35
25
22
36
36
21
34
20
31
39
49
34
34
48
42
24
37
49
30
40
45
16
34
38
44
33
26
20
37
50
15
15
38
45
7
31
24
23
40
37
28
34
18
44
44
29
25
25
10
24
17
24
47
33
47
13
44
28
24
30
23
16
50
10
25
15
47
22
6
38
43
15
47
42
12
22
24
28
32
36
57
25
15
43
17
12
42
14
21
35
45
34
60
27
18
16
45
17
36
31
82
28
12
9
22
24
28
19
22
9
38
37
59
27
24
39
33
35
34
39
30
27
37
28
