89 
5 
22 
92 
45 
47 
63 
2 
19 
26 
45 
34 
62 
68 
75 
63 
47 
15 
55 
46 
36 
0 
44 
30 
16 
94 
39 
52 
0 
18 
37 
17 
47 
40 
51 
89 
83 
14 
74 
13 
20 
14 
53 
64 
65 
58 
43 
52 
54 
8 
57 
12 
78 
82 
0 
13 
40 
19 
18 
66 
8 
5 
70 
88 
33 
45 
24 
36 
14 
53 
58 
18 
65 
19 
16 
64 
93 
62 
48 
8 
47 
63 
14 
52 
11 
56 
50 
6 
48 
68 
47 
41 
25 
10 
74 
11 
8 
60 
51 
87 
18 
90 
13 
15 
19 
0 
16 
82 
9 
86 
73 
58 
71 
37 
69 
63 
55 
70 
33 
85 
1 
22 
84 
56 
58 
8 
95 
0 
30 
71 
49 
13 
11 
71 
28 
28 
82 
26 
37 
11 
76 
48 
28 
9 
42 
92 
5 
60 
90 
90 
22 
30 
83 
65 
54 
34 
45 
72 
87 
74 
44 
66 
58 
37 
11 
85 
68 
56 
63 
88 
8 
5 
77 
50 
90 
38 
58 
32 
78 
50 
66 
19 
85 
17 
42 
4 
68 
4 
78 
34 
51 
14 
72 
13 
54 
52 
55 
11 
28 
3 
75 
77 
33 
44 
16 
66 
13 
54 
58 
21 
55 
55 
31 
59 
47 
71 
64 
66 
62 
78 
76 
45 
75 
89 
40 
78 
65 
33 
14 
64 
7 
5 
31 
52 
87 
66 
73 
