0.016100 
0.048300 
0.048400 
0.072600 
0.080000 
0.091400 
0.094200 
0.111000 
0.114000 
0.121500 
0.123000 
0.127400 
0.131900 
0.138000 
0.142200 
0.142600 
0.143100 
0.143600 
0.152000 
0.159300 
0.159500 
0.170400 
0.176200 
0.180700 
0.190200 
0.196300 
0.237200 
0.240500 
0.256200 
0.268000 
0.271200 
0.282000 
0.286600 
0.287800 
0.299700 
0.300000 
0.304600 
0.306500 
0.313500 
0.320300 
0.322600 
0.334400 
0.338900 
0.341100 
0.347600 
0.359800 
0.365300 
0.375400 
0.376300 
0.378400 
0.379300 
0.381900 
0.383500 
0.383600 
0.386800 
0.391200 
0.394100 
0.396800 
0.399500 
0.418100 
0.435600 
0.435900 
0.442200 
0.457700 
0.464200 
0.469500 
0.471100 
0.472800 
0.475100 
0.483000 
0.509900 
0.517300 
0.540600 
0.542500 
0.545000 
0.545500 
0.563300 
0.567300 
0.570800 
0.571700 
0.588000 
0.589400 
0.590600 
0.594000 
0.613600 
0.625500 
0.633700 
0.633800 
0.634700 
0.640500 
0.646200 
0.650900 
0.658000 
0.660500 
0.668700 
0.675400 
0.677900 
0.695300 
0.702200 
0.703500 
0.706700 
0.708700 
0.709300 
0.728600 
0.737000 
0.740700 
0.742300 
0.747500 
0.761800 
0.767500 
0.767700 
0.770600 
0.777300 
0.787100 
0.808700 
0.814100 
0.825800 
0.831500 
0.833600 
0.846800 
0.852700 
0.856000 
0.861200 
0.873200 
0.886500 
0.902000 
0.903000 
0.912000 
0.916900 
0.918700 
0.921800 
0.930600 
0.948000 
0.950300 
0.967000 
0.968300 
0.978700 
0.986900 
0.991700 
1.002700 
1.007700 
1.008700 
1.025700 
1.027800 
1.029500 
1.033600 
1.035700 
1.047300 
1.049600 
1.060900 
1.075400 
1.076400 
1.077400 
1.082100 
1.084100 
1.086800 
1.094700 
1.105300 
1.114000 
1.119100 
1.120600 
1.122600 
1.124700 
1.138200 
1.138900 
1.138900 
1.139500 
1.147300 
1.155700 
1.175000 
1.183500 
1.185600 
1.188900 
1.195200 
1.197100 
1.209800 
1.222000 
1.222600 
1.227400 
1.236200 
1.245400 
1.249200 
1.250300 
1.256900 
1.260400 
1.269600 
1.275400 
1.288200 
1.288400 
1.290000 
1.294900 
1.304900 
1.305500 
1.322900 
1.339000 
1.344500 
1.359600 
1.362100 
1.368500 
1.377900 
1.380000 
1.396800 
1.400100 
1.403800 
1.417500 
1.417600 
1.418600 
1.423400 
1.425300 
1.434500 
1.434600 
1.440200 
1.441000 
1.441300 
1.444000 
1.447200 
1.467600 
1.468200 
1.484100 
1.485100 
1.487600 
1.492700 
1.497600 
1.499800 
1.515600 
1.515700 
1.521300 
1.523600 
1.530900 
1.539800 
1.540400 
1.556900 
1.561700 
1.564600 
1.566700 
1.568600 
1.571400 
1.573000 
1.575200 
1.579900 
1.581300 
1.586200 
1.600200 
1.606100 
1.608700 
1.615100 
1.622500 
1.635000 
1.635300 
1.647100 
1.657800 
1.659600 
1.661500 
1.669500 
1.669600 
1.680100 
1.691400 
1.700600 
1.707900 
1.712500 
1.718400 
1.720000 
1.727600 
1.729800 
1.732600 
1.750100 
1.750800 
1.750900 
1.755700 
1.759300 
1.771100 
1.772700 
1.773500 
1.773600 
1.789400 
1.795500 
1.796500 
1.796900 
1.798100 
1.814300 
1.816600 
1.822000 
1.827300 
1.831400 
1.834400 
1.843800 
1.851100 
1.861600 
1.866600 
1.868600 
1.879500 
1.887100 
1.887500 
1.889400 
1.897700 
1.900800 
1.905200 
1.906700 
1.936500 
1.937900 
1.944100 
1.963200 
1.964800 
1.965600 
1.966700 
1.978800 
1.980100 
1.981200 
1.994400 
1.998800 
2.000300 
2.006400 
2.010100 
2.016900 
2.034900 
2.036300 
2.038700 
2.042300 
2.045400 
2.057400 
2.060600 
2.061400 
2.062700 
2.073000 
2.089700 
2.095500 
2.096400 
2.098300 
2.100900 
2.105500 
2.108800 
2.117700 
2.123600 
2.136100 
2.136800 
2.148000 
2.159900 
2.163600 
2.184000 
2.184200 
2.190500 
2.191200 
2.194400 
2.197300 
2.197800 
2.214400 
2.227800 
2.229200 
2.231000 
2.239500 
2.247600 
2.257600 
2.265700 
2.273700 
2.276200 
2.279400 
2.282800 
2.293600 
2.293800 
2.302600 
2.308800 
2.313800 
2.316100 
2.325400 
2.341900 
2.343400 
2.344700 
2.360800 
2.365800 
2.365800 
2.367300 
2.367400 
2.377000 
2.378100 
2.382900 
2.383500 
2.397800 
2.403200 
2.410700 
2.413000 
2.419800 
2.420500 
2.428600 
2.429200 
2.432700 
2.437800 
2.443500 
2.456200 
2.460600 
2.463600 
2.463700 
2.474900 
2.485500 
2.488200 
2.505300 
2.506200 
2.523700 
2.525300 
2.525400 
2.530900 
2.532900 
2.539600 
2.545500 
2.546400 
2.562400 
2.576200 
2.580600 
2.585800 
2.590100 
2.592400 
2.599800 
2.601600 
2.604100 
2.605000 
2.620200 
2.621700 
2.622500 
2.625200 
2.634200 
2.635000 
2.636900 
2.648700 
2.655300 
2.668300 
2.671100 
2.691600 
2.691900 
2.700600 
2.700700 
2.717300 
2.719000 
2.721100 
2.733700 
2.734000 
2.740600 
2.751900 
2.764800 
2.771300 
2.777500 
2.779400 
2.782500 
2.782600 
2.784200 
2.785100 
2.790800 
2.805300 
2.806600 
2.808000 
2.822400 
2.824300 
2.842300 
2.843400 
2.848200 
2.862600 
2.864400 
2.875700 
2.876000 
2.886500 
2.892700 
2.897300 
2.899300 
2.900700 
2.914900 
2.933500 
2.944500 
2.946800 
2.963500 
2.969700 
2.970700 
2.977400 
2.988200 
2.993200 
2.999000 
