0.026100 
0.027100 
0.033600 
0.037000 
0.037100 
0.050100 
0.054700 
0.056600 
0.059500 
0.060700 
0.063000 
0.070700 
0.071800 
0.081600 
0.082500 
0.085900 
0.087400 
0.093900 
0.095200 
0.095400 
0.098900 
0.101000 
0.107200 
0.114600 
0.114900 
0.118700 
0.119200 
0.121100 
0.121500 
0.123600 
0.125400 
0.132500 
0.132700 
0.143400 
0.144100 
0.148000 
0.151200 
0.154700 
0.168400 
0.172900 
0.174200 
0.178700 
0.178800 
0.185100 
0.185100 
0.191800 
0.208300 
0.209900 
0.222500 
0.224900 
0.225800 
0.230400 
0.231600 
0.238500 
0.239200 
0.247100 
0.256700 
0.258400 
0.260500 
0.261600 
0.270600 
0.276900 
0.284300 
0.294900 
0.297400 
0.298900 
0.300200 
0.304400 
0.304400 
0.305400 
0.306600 
0.310100 
0.311400 
0.312500 
0.325600 
0.326600 
0.336600 
0.339900 
0.343000 
0.352100 
0.353700 
0.355400 
0.359400 
0.359900 
0.380300 
0.387100 
0.387800 
0.389900 
0.390300 
0.400100 
0.404000 
0.409400 
0.412500 
0.421500 
0.426600 
0.434200 
0.436400 
0.439400 
0.443600 
0.450900 
0.453500 
0.454100 
0.455100 
0.462100 
0.466700 
0.468100 
0.468900 
0.475700 
0.480300 
0.485000 
0.489600 
0.491400 
0.493000 
0.494000 
0.502900 
0.507700 
0.508500 
0.517800 
0.531300 
0.540100 
0.540800 
0.547600 
0.556600 
0.567200 
0.572400 
0.576600 
0.577700 
0.584200 
0.585000 
0.591000 
0.592900 
0.596100 
0.599500 
0.606500 
0.613200 
0.621300 
0.623900 
0.628100 
0.637300 
0.646700 
0.653300 
0.661800 
0.665200 
0.668500 
0.669100 
0.673300 
0.675200 
0.677300 
0.687400 
0.707200 
0.708600 
0.716200 
0.716700 
0.732100 
0.736000 
0.737700 
0.743200 
0.743400 
0.746600 
0.747800 
0.749000 
0.753500 
0.766800 
0.770100 
0.779600 
0.783200 
0.788200 
0.791300 
0.792500 
0.795700 
0.805000 
0.807800 
0.810100 
0.810600 
0.812200 
0.814900 
0.829100 
0.832900 
0.840200 
0.844600 
0.844700 
0.852700 
0.857100 
0.857400 
0.858900 
0.859100 
0.870300 
0.885000 
0.887400 
0.891100 
0.891400 
0.893100 
0.894200 
0.903300 
0.909400 
0.912000 
0.919400 
0.922400 
0.922900 
0.922900 
0.932800 
0.934700 
0.939100 
0.942400 
0.943700 
0.951000 
0.958000 
0.959300 
0.962000 
0.965300 
0.978200 
0.982500 
0.992500 
0.997900 
0.998100 
0.999000 
0.999100 
1.010000 
1.013400 
1.023700 
1.024500 
1.026300 
1.046200 
1.057000 
1.059400 
1.059600 
1.060700 
1.070700 
1.071800 
1.072700 
1.073700 
1.077100 
1.077600 
1.082100 
1.084100 
1.087300 
1.094800 
1.096700 
1.098200 
1.099600 
1.106000 
1.115600 
1.134000 
1.148100 
1.149700 
1.150100 
1.150300 
1.154700 
1.164400 
1.165200 
1.165400 
1.165500 
1.175000 
1.181200 
1.183300 
1.184700 
1.188300 
1.190500 
1.193900 
1.201200 
1.210500 
1.211400 
1.220400 
1.222400 
1.228500 
1.229300 
1.231600 
1.242800 
1.246100 
1.248300 
1.254500 
1.256600 
1.259600 
1.263300 
1.264400 
1.273600 
1.277900 
1.282200 
1.289100 
1.295000 
1.296300 
1.296800 
1.297300 
1.298800 
1.299300 
1.310000 
1.314300 
1.315500 
1.316800 
1.319700 
1.320900 
1.334800 
1.336200 
1.341400 
1.349300 
1.349400 
1.350300 
1.351600 
1.359000 
1.359400 
1.372500 
1.373700 
1.374500 
1.376100 
1.385600 
1.391200 
1.395500 
1.396400 
1.402100 
1.413100 
1.418300 
1.420100 
1.432300 
1.435200 
1.438900 
1.447200 
1.455800 
1.459100 
1.462200 
1.462200 
1.473600 
1.478500 
1.487000 
1.496400 
1.502500 
1.513600 
1.517400 
1.524000 
1.527100 
1.530000 
1.535900 
1.537800 
1.544500 
1.546200 
1.554700 
1.564300 
1.566400 
1.568000 
1.571100 
1.576500 
1.578100 
1.591200 
1.594400 
1.610600 
1.618000 
1.618600 
1.626200 
1.636100 
1.638600 
1.652100 
1.652300 
1.660000 
1.661100 
1.663600 
1.667400 
1.670500 
1.680800 
1.683500 
1.688400 
1.694000 
1.696900 
1.703000 
1.705100 
1.709200 
1.709300 
1.710300 
1.735200 
1.737400 
1.738000 
1.738000 
1.745200 
1.755800 
1.757000 
1.760700 
1.772600 
1.778600 
1.785800 
1.786700 
1.786900 
1.788200 
1.789000 
1.790700 
1.792100 
1.802700 
1.807500 
1.808700 
1.809900 
1.819100 
1.822900 
1.824200 
1.844300 
1.845200 
1.849000 
1.850200 
1.858000 
1.861000 
1.863200 
1.875000 
1.879500 
1.880600 
1.888700 
1.890000 
1.903800 
1.910700 
1.914200 
1.914500 
1.917500 
1.919400 
1.921600 
1.930100 
1.936000 
1.948100 
1.951200 
1.960100 
1.961300 
1.967400 
1.979800 
1.982400 
1.984500 
1.987800 
1.989100 
2.004500 
2.007300 
2.020800 
2.031400 
2.034100 
2.034700 
2.037500 
2.038000 
2.067900 
2.070500 
2.072400 
2.083700 
2.089400 
2.106200 
2.109200 
2.122600 
2.125600 
2.143100 
2.147900 
2.153300 
2.153600 
2.155700 
2.158600 
2.159700 
2.160600 
2.161900 
2.164700 
2.167300 
2.169400 
2.169600 
2.169900 
2.170500 
2.174300 
2.185300 
2.197300 
2.200300 
2.201300 
2.203400 
2.204400 
2.212900 
2.215900 
2.220300 
2.222400 
2.229800 
2.231600 
2.256900 
2.258800 
2.265300 
2.266300 
2.267700 
2.268900 
2.273500 
2.275100 
2.280600 
2.288200 
2.292400 
2.297800 
2.302700 
2.303300 
2.308300 
2.308600 
2.311900 
2.312800 
2.313000 
2.313000 
2.319500 
2.322800 
2.332100 
2.335600 
2.335900 
2.337300 
2.338800 
2.356000 
2.364500 
2.370000 
2.377100 
2.388900 
2.391600 
2.402200 
2.407000 
2.411600 
2.412700 
2.417500 
2.419200 
2.424900 
2.429000 
2.434400 
2.438000 
2.447000 
2.447300 
2.453100 
2.453400 
2.459100 
2.459800 
2.462900 
2.467600 
2.473900 
2.488600 
2.488800 
2.489200 
2.499900 
2.501500 
2.509200 
2.516500 
2.518700 
2.521300 
2.532500 
2.533200 
2.534100 
2.542300 
2.544800 
2.548100 
2.554100 
2.557100 
2.558400 
2.560700 
2.561600 
2.574900 
2.576200 
2.576500 
2.580400 
2.582200 
2.603300 
2.605700 
2.612200 
2.617100 
2.619800 
2.624000 
2.628100 
2.628600 
2.629500 
2.629700 
2.630800 
2.648900 
2.649500 
2.661000 
2.665100 
2.669000 
2.671900 
2.684600 
2.686800 
2.692800 
2.694200 
2.696700 
2.700700 
2.701100 
2.702200 
2.702600 
2.703900 
2.709800 
2.712400 
2.717800 
2.725600 
2.733600 
2.739500 
2.742600 
2.744900 
2.749400 
2.750500 
2.751500 
2.752200 
2.761300 
2.776000 
2.776300 
2.785000 
2.791600 
2.796400 
2.796600 
2.800000 
2.806600 
2.807300 
2.807800 
2.813500 
2.813900 
2.817300 
2.819500 
2.832000 
2.832300 
2.835000 
2.836300 
2.840500 
2.840900 
2.844200 
2.854800 
2.859000 
2.861400 
2.865200 
2.867100 
2.880600 
2.883000 
2.884900 
2.885700 
2.886300 
2.887200 
2.888500 
2.897900 
2.905700 
2.906400 
2.921400 
2.922400 
2.929300 
2.935000 
2.935400 
2.938300 
2.944000 
2.951000 
2.951600 
2.952000 
2.954600 
2.963100 
2.963300 
2.963400 
2.964200 
2.966500 
2.971500 
2.985100 
2.986300 
2.991200 
2.993700 
2.994600 
