73 
65 
58 
77 
61 
15 
32 
68 
87 
47 
93 
80 
57 
17 
81 
16 
86 
101 
44 
35 
85 
74 
92 
30 
100 
71 
18 
9 
4 
54 
66 
72 
98 
91 
99 
95 
21 
67 
69 
60 
49 
51 
40 
97 
10 
81 
62 
36 
22 
5 
38 
55 
45 
80 
84 
37 
6 
44 
47 
39 
32 
90 
75 
52 
87 
7 
85 
99 
100 
56 
41 
46 
33 
30 
89 
17 
94 
42 
5 
65 
24 
48 
79 
31 
25 
8 
91 
27 
29 
43 
98 
23 
21 
28 
95 
44 
46 
59 
83 
1 
6 
81 
67 
75 
11 
17 
48 
54 
94 
82 
63 
12 
10 
58 
29 
26 
19 
9 
92 
25 
99 
28 
36 
95 
87 
65 
64 
30 
71 
76 
40 
55 
49 
62 
91 
7 
51 
15 
18 
14 
45 
10 
27 
98 
2 
1 
70 
96 
32 
86 
85 
0 
48 
75 
34 
8 
29 
53 
17 
11 
9 
26 
43 
23 
5 
95 
28 
13 
68 
99 
66 
21 
24 
61 
30 
92 
78 
87 
84 
25 
39 
97 
63 
100 
10 
33 
94 
35 
40 
47 
54 
64 
67 
62 
69 
49 
44 
7 
85 
88 
2 
45 
71 
6 
32 
70 
50 
89 
55 
20 
18 
75 
76 
11 
29 
84 
82 
98 
93 
96 
23 
54 
34 
58 
1 
37 
5 
3 
24 
65 
48 
21 
63 
80 
12 
81 
61 
6 
9 
25 
29 
50 
99 
53 
79 
85 
100 
92 
95 
26 
97 
32 
101 
62 
67 
17 
15 
72 
78 
37 
8 
65 
43 
89 
59 
55 
31 
71 
10 
84 
46 
49 
24 
40 
61 
83 
56 
63 
69 
70 
81 
93 
21 
30 
73 
96 
86 
50 
38 
32 
95 
68 
71 
75 
43 
94 
51 
23 
29 
7 
26 
53 
74 
13 
28 
6 
8 
72 
99 
84 
67 
17 
65 
39 
9 
76 
16 
93 
96 
12 
37 
11 
50 
32 
48 
89 
15 
87 
54 
25 
10 
23 
71 
24 
69 
49 
81 
100 
1 
6 
99 
53 
8 
43 
27 
21 
80 
61 
56 
91 
67 
33 
32 
101 
26 
51 
24 
75 
59 
94 
7 
96 
39 
98 
29 
93 
58 
37 
23 
89 
55 
90 
53 
5 
84 
18 
12 
97 
17 
36 
21 
1 
45 
86 
13 
82 
66 
68 
95 
8 
44 
54 
63 
52 
34 
61 
100 
37 
48 
42 
69 
29 
91 
67 
60 
4 
53 
64 
16 
81 
75 
24 
72 
19 
94 
49 
55 
54 
7 
79 
47 
100 
5 
46 
78 
31 
98 
82 
51 
101 
89 
62 
12 
29 
32 
69 
85 
96 
63 
41 
3 
2 
76 
68 
71 
14 
34 
21 
43 
84 
75 
52 
11 
74 
65 
30 
49 
26 
48 
33 
8 
92 
90 
100 
86 
44 
95 
5 
10 
91 
6 
23 
99 
62 
25 
96 
17 
40 
29 
101 
73 
76 
78 
57 
24 
80 
88 
58 
50 
55 
7 
26 
4 
75 
5 
35 
54 
72 
36 
84 
42 
64 
43 
87 
15 
9 
1 
23 
65 
53 
91 
58 
44 
51 
89 
56 
39 
62 
79 
78 
83 
6 
73 
32 
5 
59 
84 
16 
18 
96 
81 
41 
40 
92 
86 
99 
25 
71 
93 
98 
47 
100 
95 
101 
29 
17 
49 
51 
46 
37 
87 
30 
45 
54 
55 
85 
19 
31 
11 
91 
5 
57 
61 
80 
48 
83 
89 
33 
36 
93 
10 
84 
87 
95 
26 
64 
23 
96 
75 
59 
2 
60 
92 
71 
68 
72 
65 
32 
40 
55 
79 
17 
25 
39 
73 
50 
101 
75 
63 
62 
29 
34 
97 
64 
80 
17 
7 
38 
6 
1 
84 
99 
52 
9 
95 
57 
55 
56 
14 
82 
27 
93 
5 
53 
81 
58 
48 
46 
96 
101 
20 
70 
54 
28 
87 
18 
8 
16 
84 
3 
94 
36 
62 
85 
75 
5 
29 
43 
73 
9 
0 
59 
35 
67 
50 
60 
6 
49 
24 
78 
25 
23 
31 
75 
21 
71 
64 
87 
89 
22 
100 
15 
93 
84 
3 
33 
95 
7 
5 
56 
2 
42 
85 
69 
27 
17 
10 
14 
53 
92 
40 
79 
48 
75 
19 
34 
29 
81 
24 
35 
45 
86 
83 
31 
38 
58 
56 
100 
93 
64 
67 
7 
71 
25 
5 
33 
87 
47 
50 
36 
97 
65 
4 
60 
23 
73 
21 
89 
72 
27 
26 
30 
69 
79 
17 
10 
14 
95 
85 
96 
3 
53 
20 
6 
78 
24 
98 
87 
9 
34 
99 
29 
90 
91 
100 
46 
55 
56 
62 
35 
42 
50 
39 
32 
5 
40 
48 
97 
65 
66 
49 
51 
88 
84 
8 
24 
21 
10 
1 
37 
36 
0 
67 
81 
87 
71 
64 
73 
95 
25 
31 
43 
61 
86 
90 
78 
76 
24 
6 
40 
59 
27 
20 
17 
16 
4 
99 
5 
60 
84 
46 
9 
62 
18 
50 
98 
100 
48 
33 
25 
72 
39 
12 
91 
36 
54 
63 
4 
88 
94 
7 
37 
30 
3 
96 
40 
5 
85 
84 
69 
87 
15 
64 
57 
14 
70 
47 
27 
32 
46 
97 
61 
24 
75 
50 
95 
11 
45 
53 
98 
101 
6 
8 
29 
33 
10 
80 
42 
26 
43 
2 
31 
32 
44 
74 
86 
37 
16 
66 
95 
71 
85 
76 
30 
48 
51 
46 
4 
87 
79 
92 
40 
93 
21 
84 
23 
99 
68 
65 
88 
94 
12 
58 
28 
54 
3 
45 
73 
89 
39 
62 
29 
98 
64 
24 
91 
67 
2 
97 
95 
52 
93 
14 
86 
44 
53 
80 
25 
61 
85 
81 
32 
75 
5 
10 
8 
87 
70 
69 
4 
56 
65 
76 
11 
48 
96 
57 
71 
28 
43 
1 
3 
29 
100 
58 
23 
18 
46 
89 
16 
51 
78 
35 
54 
55 
30 
48 
64 
49 
9 
17 
84 
71 
14 
7 
88 
69 
75 
85 
6 
62 
99 
20 
97 
26 
25 
93 
66 
31 
21 
12 
41 
3 
95 
47 
100 
94 
70 
53 
84 
91 
59 
34 
85 
29 
78 
23 
71 
74 
1 
19 
16 
37 
64 
97 
51 
66 
69 
10 
60 
27 
63 
44 
70 
38 
101 
95 
9 
58 
99 
72 
25 
61 
80 
14 
36 
89 
62 
3 
5 
46 
68 
93 
94 
84 
24 
18 
39 
17 
9 
21 
92 
98 
43 
7 
53 
42 
40 
6 
88 
49 
97 
65 
51 
91 
100 
95 
58 
99 
32 
45 
75 
37 
11 
10 
64 
80 
84 
19 
81 
60 
26 
16 
5 
55 
27 
40 
59 
56 
73 
96 
63 
57 
2 
31 
86 
18 
8 
25 
61 
3 
89 
71 
78 
87 
36 
38 
74 
93 
4 
45 
65 
99 
19 
62 
60 
53 
67 
97 
64 
100 
75 
70 
66 
54 
89 
46 
56 
29 
69 
59 
84 
9 
5 
88 
91 
85 
8 
25 
24 
58 
95 
11 
43 
98 
34 
40 
49 
35 
1 
7 
68 
65 
47 
101 
78 
67 
96 
55 
42 
26 
61 
33 
4 
21 
84 
6 
18 
89 
29 
37 
97 
46 
85 
91 
9 
86 
81 
53 
87 
24 
48 
74 
93 
73 
80 
30 
3 
10 
25 
32 
71 
99 
40 
76 
62 
7 
8 
57 
56 
78 
63 
85 
49 
29 
4 
90 
41 
81 
75 
58 
48 
98 
97 
54 
87 
2 
73 
60 
84 
100 
61 
95 
64 
32 
86 
17 
91 
62 
42 
14 
101 
30 
58 
40 
75 
89 
37 
15 
79 
41 
24 
26 
47 
23 
78 
98 
55 
85 
3 
16 
5 
96 
53 
56 
20 
63 
84 
49 
22 
62 
13 
39 
54 
37 
50 
75 
64 
8 
73 
29 
82 
25 
99 
19 
45 
31 
12 
81 
94 
61 
7 
78 
97 
23 
49 
33 
89 
16 
24 
9 
26 
48 
5 
83 
86 
69 
17 
56 
71 
90 
10 
51 
4 
19 
92 
85 
87 
99 
100 
84 
73 
81 
39 
18 
62 
28 
61 
93 
63 
5 
32 
25 
49 
23 
40 
64 
15 
29 
71 
11 
30 
48 
34 
55 
31 
78 
70 
5 
99 
69 
94 
76 
24 
77 
87 
50 
89 
57 
72 
17 
37 
88 
61 
95 
97 
29 
58 
80 
23 
65 
27 
93 
8 
32 
98 
49 
39 
0 
86 
15 
47 
84 
31 
54 
78 
94 
75 
25 
96 
26 
1 
4 
40 
9 
62 
68 
87 
5 
63 
43 
64 
6 
41 
30 
74 
37 
89 
57 
23 
42 
61 
52 
91 
55 
100 
69 
84 
49 
62 
80 
94 
43 
38 
26 
36 
44 
21 
24 
101 
5 
63 
96 
53 
19 
40 
99 
34 
78 
83 
97 
56 
95 
74 
93 
7 
70 
9 
12 
29 
55 
75 
77 
66 
67 
61 
71 
68 
49 
38 
84 
51 
89 
23 
36 
76 
8 
64 
45 
62 
39 
59 
80 
5 
19 
22 
7 
9 
69 
88 
68 
56 
3 
34 
48 
42 
25 
10 
91 
54 
1 
40 
6 
21 
17 
96 
12 
18 
53 
93 
94 
60 
84 
50 
65 
31 
82 
14 
57 
95 
23 
47 
75 
19 
83 
35 
96 
6 
89 
81 
16 
5 
100 
56 
92 
72 
24 
54 
77 
99 
11 
61 
65 
8 
7 
26 
58 
29 
39 
69 
97 
71 
78 
96 
18 
80 
10 
98 
88 
68 
40 
36 
48 
60 
82 
45 
62 
25 
65 
5 
84 
38 
4 
89 
93 
32 
75 
13 
81 
50 
34 
21 
42 
0 
73 
11 
14 
53 
54 
39 
100 
45 
80 
17 
84 
90 
3 
69 
67 
92 
9 
1 
63 
74 
68 
91 
29 
0 
6 
48 
78 
65 
49 
44 
97 
37 
58 
61 
93 
56 
40 
46 
24 
60 
70 
11 
96 
25 
41 
71 
87 
19 
7 
18 
21 
84 
51 
72 
15 
79 
95 
47 
20 
53 
88 
29 
57 
36 
55 
74 
69 
54 
26 
85 
64 
5 
38 
62 
3 
43 
1 
97 
75 
90 
16 
2 
83 
27 
100 
12 
11 
91 
87 
96 
35 
84 
7 
22 
34 
0 
50 
74 
66 
29 
32 
73 
94 
23 
81 
14 
40 
5 
48 
62 
15 
61 
78 
41 
85 
80 
47 
6 
67 
87 
31 
76 
60 
37 
70 
89 
24 
63 
65 
20 
100 
40 
83 
69 
97 
50 
56 
0 
77 
5 
13 
73 
34 
101 
38 
66 
85 
7 
71 
99 
63 
93 
6 
91 
16 
22 
82 
21 
84 
78 
36 
59 
55 
58 
2 
23 
26 
94 
60 
83 
17 
48 
72 
46 
62 
88 
70 
49 
25 
69 
81 
54 
65 
7 
32 
15 
23 
67 
63 
38 
35 
34 
40 
19 
21 
3 
79 
66 
10 
87 
44 
93 
89 
6 
1 
98 
76 
4 
5 
71 
60 
37 
99 
96 
101 
80 
91 
31 
88 
33 
72 
36 
26 
39 
100 
69 
54 
29 
48 
20 
25 
97 
65 
7 
3 
89 
34 
55 
5 
84 
58 
10 
79 
64 
42 
9 
59 
39 
51 
40 
23 
17 
12 
63 
22 
78 
7 
32 
6 
96 
88 
91 
95 
75 
38 
41 
14 
8 
53 
29 
46 
21 
36 
49 
27 
100 
63 
65 
28 
43 
92 
84 
99 
37 
83 
35 
55 
88 
82 
87 
6 
15 
57 
20 
45 
94 
62 
48 
86 
29 
73 
4 
95 
93 
51 
38 
40 
5 
92 
34 
50 
31 
41 
84 
3 
24 
65 
32 
59 
54 
76 
98 
10 
101 
39 
23 
12 
88 
11 
85 
95 
89 
79 
93 
72 
40 
63 
28 
51 
47 
25 
54 
49 
50 
8 
20 
58 
100 
37 
48 
57 
24 
21 
78 
56 
87 
97 
99 
71 
77 
7 
46 
16 
15 
75 
65 
2 
23 
6 
84 
12 
41 
32 
80 
1 
33 
35 
61 
9 
51 
81 
34 
10 
87 
45 
31 
100 
29 
11 
5 
53 
18 
95 
49 
79 
39 
46 
97 
64 
47 
63 
93 
85 
72 
36 
57 
24 
94 
88 
65 
21 
35 
89 
84 
56 
91 
78 
69 
48 
26 
67 
96 
75 
19 
79 
59 
41 
5 
61 
12 
4 
9 
25 
6 
46 
83 
39 
3 
66 
95 
92 
18 
87 
86 
94 
62 
81 
20 
49 
97 
65 
15 
93 
47 
43 
54 
85 
44 
63 
38 
32 
11 
55 
40 
73 
27 
14 
76 
70 
35 
53 
72 
48 
17 
69 
84 
88 
45 
64 
25 
36 
50 
94 
66 
28 
6 
90 
98 
74 
96 
26 
29 
78 
37 
80 
1 
16 
10 
63 
101 
71 
31 
0 
33 
42 
5 
88 
40 
75 
62 
91 
67 
97 
12 
86 
46 
52 
83 
25 
14 
2 
51 
18 
53 
49 
43 
45 
24 
99 
26 
61 
65 
54 
60 
64 
58 
4 
97 
63 
17 
89 
67 
