0.016100 
0.048300 
0.048600 
0.074100 
0.080200 
0.095700 
0.111700 
0.125400 
0.128000 
0.143900 
0.153000 
0.157100 
0.177600 
0.210300 
0.241300 
0.242000 
0.270200 
0.286300 
0.320900 
0.323800 
0.324300 
0.325600 
0.335300 
0.362700 
0.371000 
0.379700 
0.382300 
0.383500 
0.392200 
0.393900 
0.399600 
0.406100 
0.436200 
0.466800 
0.469700 
0.478500 
0.482200 
0.484800 
0.511100 
0.541200 
0.542500 
0.546200 
0.568400 
0.573600 
0.578200 
0.591300 
0.633700 
0.634400 
0.641200 
0.644900 
0.647100 
0.660700 
0.678900 
0.695500 
0.715700 
0.738000 
0.764000 
0.767700 
0.776200 
0.781600 
0.790200 
0.808700 
0.836500 
0.861300 
0.876300 
0.902600 
0.912600 
0.922500 
0.926500 
0.931300 
0.948700 
0.953600 
0.968600 
0.979800 
0.988400 
1.008200 
1.024800 
1.028600 
1.029900 
1.034900 
1.050000 
1.061400 
1.075000 
1.076400 
1.078000 
1.099800 
1.105600 
1.116100 
1.135800 
1.155300 
1.176100 
1.183700 
1.197600 
1.209600 
1.233600 
1.236400 
1.249300 
1.252100 
1.275800 
1.288700 
1.306400 
1.326800 
1.341900 
1.346700 
1.362500 
1.369300 
1.397700 
1.400600 
1.404000 
1.418000 
1.418400 
1.422800 
1.423900 
1.441600 
1.441800 
1.447600 
1.468800 
1.485000 
1.488300 
1.498000 
1.502700 
1.516400 
1.539700 
1.540600 
1.557600 
1.567200 
1.568400 
1.573700 
1.576000 
1.581500 
1.582200 
1.609000 
1.611600 
1.622600 
1.638900 
1.647300 
1.660700 
1.661800 
1.671800 
1.673400 
1.692600 
1.701300 
1.710000 
1.720100 
1.725100 
1.730800 
1.730900 
1.750600 
1.754400 
1.761900 
1.774000 
1.789600 
1.798800 
1.843600 
1.844500 
1.845500 
1.873400 
1.888500 
1.892100 
1.901000 
1.905200 
1.907200 
1.907500 
1.975600 
1.979200 
1.995900 
2.009400 
2.043200 
2.047300 
2.056900 
2.060600 
2.061900 
2.062900 
2.093200 
2.095900 
2.098500 
2.101300 
2.106500 
2.113000 
2.129400 
2.137400 
2.139100 
2.183800 
2.184000 
2.190400 
2.194400 
2.197900 
2.218800 
2.229900 
2.241400 
2.249400 
2.277300 
2.278300 
2.281200 
2.283500 
2.293800 
2.311900 
2.314400 
2.325500 
2.344600 
2.348200 
2.367400 
2.367800 
2.369200 
2.369600 
2.377900 
2.386600 
2.398100 
2.398500 
2.421500 
2.428800 
2.429600 
2.439300 
2.448200 
2.454500 
2.464400 
2.466400 
2.477100 
2.525300 
2.525800 
2.532000 
2.533900 
2.535500 
2.540300 
2.579700 
2.581700 
2.586600 
2.592300 
2.600200 
2.601900 
2.604500 
2.612000 
2.622200 
2.635400 
2.649800 
2.660600 
2.672600 
2.692800 
2.693600 
2.701700 
2.738400 
2.739600 
2.779500 
2.780400 
2.780400 
2.783400 
2.784700 
2.790900 
2.805800 
2.809300 
2.825200 
2.841400 
2.843600 
2.843800 
2.866100 
2.868400 
2.876800 
2.894000 
2.896800 
2.897300 
2.946100 
2.971200 
2.973300 
2.989700 
2.993900 
