59 
14 
28 
2 
63 
50 
26 
11 
84 
98 
51 
66 
52 
88 
40 
31 
49 
92 
74 
35 
71 
44 
77 
78 
33 
89 
9 
67 
38 
81 
10 
45 
87 
27 
24 
101 
79 
85 
95 
1 
18 
80 
70 
47 
86 
21 
8 
99 
97 
13 
75 
34 
20 
31 
40 
29 
77 
4 
35 
53 
96 
2 
45 
100 
7 
15 
49 
44 
73 
84 
42 
28 
92 
86 
81 
22 
3 
27 
59 
71 
8 
16 
64 
58 
38 
14 
93 
90 
40 
96 
10 
67 
72 
31 
11 
47 
45 
85 
53 
2 
44 
29 
21 
101 
13 
24 
77 
66 
75 
20 
74 
84 
4 
83 
49 
88 
35 
36 
73 
1 
33 
31 
81 
52 
79 
28 
34 
10 
8 
51 
70 
59 
92 
44 
64 
15 
58 
37 
95 
16 
18 
78 
83 
10 
49 
71 
45 
40 
100 
13 
14 
35 
20 
81 
22 
94 
38 
39 
72 
92 
67 
89 
96 
71 
35 
17 
31 
40 
8 
61 
16 
76 
2 
81 
56 
36 
1 
59 
45 
85 
84 
14 
33 
29 
38 
10 
18 
79 
37 
77 
20 
99 
80 
98 
35 
3 
40 
81 
41 
15 
70 
8 
24 
49 
31 
34 
64 
16 
47 
7 
88 
27 
81 
101 
67 
56 
95 
33 
74 
100 
97 
2 
42 
89 
4 
51 
98 
29 
45 
93 
35 
21 
71 
5 
44 
78 
59 
72 
63 
18 
57 
49 
75 
17 
65 
10 
88 
94 
84 
66 
36 
40 
16 
9 
15 
1 
79 
47 
83 
35 
8 
14 
39 
37 
92 
13 
98 
71 
89 
22 
64 
10 
2 
4 
61 
75 
12 
51 
38 
77 
81 
31 
33 
66 
35 
58 
11 
59 
96 
57 
45 
18 
3 
94 
1 
93 
47 
53 
72 
41 
36 
2 
20 
67 
97 
17 
84 
40 
92 
10 
30 
6 
29 
66 
24 
51 
34 
88 
35 
16 
73 
18 
13 
15 
71 
1 
75 
95 
44 
38 
36 
54 
8 
10 
94 
29 
45 
77 
3 
98 
85 
64 
33 
31 
41 
81 
34 
17 
65 
57 
66 
63 
2 
40 
16 
49 
78 
4 
13 
51 
47 
11 
84 
62 
45 
42 
93 
86 
80 
32 
44 
15 
35 
10 
92 
95 
88 
73 
89 
38 
28 
65 
50 
29 
2 
4 
34 
100 
20 
96 
1 
85 
52 
36 
31 
32 
81 
17 
77 
5 
11 
9 
14 
45 
59 
40 
15 
83 
10 
35 
13 
6 
72 
66 
8 
101 
62 
2 
71 
18 
42 
80 
3 
81 
82 
36 
44 
98 
96 
95 
7 
45 
38 
100 
22 
92 
40 
31 
27 
47 
1 
79 
35 
86 
34 
52 
59 
29 
41 
89 
20 
94 
71 
4 
44 
93 
31 
6 
15 
17 
8 
56 
45 
72 
67 
11 
35 
64 
49 
0 
34 
2 
98 
18 
42 
78 
99 
84 
14 
77 
63 
95 
79 
59 
10 
1 
90 
33 
13 
27 
81 
74 
26 
66 
29 
91 
20 
8 
44 
6 
94 
71 
15 
47 
73 
35 
85 
38 
51 
34 
36 
40 
16 
84 
3 
75 
45 
93 
62 
96 
37 
99 
79 
1 
4 
57 
59 
32 
18 
13 
49 
41 
69 
71 
67 
72 
10 
31 
27 
29 
35 
7 
8 
33 
5 
95 
44 
30 
38 
98 
21 
3 
63 
92 
89 
65 
14 
73 
66 
47 
13 
84 
78 
100 
79 
64 
77 
81 
16 
48 
52 
20 
31 
40 
71 
51 
74 
34 
27 
86 
28 
7 
58 
62 
18 
42 
80 
95 
15 
8 
45 
70 
35 
22 
44 
67 
10 
1 
98 
5 
33 
92 
81 
26 
64 
57 
36 
83 
29 
31 
79 
100 
11 
0 
59 
2 
13 
56 
94 
97 
93 
4 
66 
84 
17 
44 
75 
35 
8 
45 
51 
10 
34 
99 
86 
15 
95 
78 
9 
53 
21 
36 
46 
38 
20 
49 
67 
30 
77 
89 
92 
28 
26 
64 
45 
74 
7 
2 
71 
29 
81 
93 
75 
70 
48 
59 
58 
14 
84 
18 
3 
98 
69 
89 
27 
4 
37 
38 
35 
34 
44 
17 
65 
31 
77 
9 
57 
15 
49 
10 
95 
33 
94 
74 
100 
24 
45 
59 
64 
13 
83 
66 
40 
65 
8 
99 
67 
18 
87 
31 
47 
2 
85 
75 
93 
73 
58 
11 
32 
41 
4 
5 
98 
52 
71 
36 
51 
28 
16 
86 
38 
20 
21 
37 
66 
80 
92 
39 
3 
49 
96 
15 
45 
70 
40 
79 
55 
78 
35 
2 
62 
81 
100 
43 
6 
31 
59 
20 
44 
13 
33 
77 
9 
34 
4 
17 
50 
14 
94 
10 
27 
8 
71 
84 
99 
93 
3 
11 
16 
64 
45 
47 
51 
73 
63 
21 
5 
61 
35 
72 
67 
15 
49 
38 
75 
92 
2 
59 
52 
96 
78 
44 
95 
10 
8 
51 
80 
77 
7 
97 
93 
16 
34 
58 
83 
86 
64 
18 
47 
99 
4 
31 
40 
15 
81 
66 
45 
28 
56 
71 
59 
36 
32 
2 
100 
46 
75 
8 
85 
42 
84 
21 
6 
41 
88 
7 
13 
47 
49 
35 
81 
10 
18 
48 
34 
80 
33 
44 
29 
73 
78 
92 
27 
14 
95 
100 
0 
96 
38 
52 
31 
26 
90 
71 
4 
83 
99 
94 
15 
21 
66 
64 
87 
2 
89 
97 
67 
22 
8 
59 
5 
3 
20 
30 
58 
74 
35 
91 
29 
14 
21 
32 
72 
28 
96 
79 
75 
23 
34 
44 
80 
13 
57 
16 
38 
15 
52 
71 
40 
100 
5 
77 
66 
31 
45 
27 
65 
70 
98 
41 
67 
78 
35 
2 
39 
101 
56 
49 
75 
84 
7 
81 
12 
24 
29 
18 
21 
10 
38 
72 
13 
51 
76 
94 
4 
59 
42 
1 
44 
34 
84 
66 
2 
88 
14 
46 
93 
80 
33 
35 
47 
81 
27 
40 
75 
67 
78 
89 
49 
92 
13 
58 
5 
31 
4 
57 
100 
45 
44 
48 
42 
8 
98 
84 
7 
9 
66 
51 
86 
3 
52 
35 
15 
39 
20 
10 
38 
75 
18 
22 
36 
79 
14 
99 
6 
96 
33 
47 
34 
84 
73 
81 
29 
8 
74 
40 
2 
94 
71 
58 
59 
89 
5 
48 
31 
66 
15 
49 
87 
95 
36 
28 
64 
86 
37 
83 
34 
67 
16 
44 
4 
33 
3 
100 
14 
8 
92 
45 
20 
38 
71 
81 
58 
69 
99 
2 
24 
61 
84 
70 
89 
85 
59 
6 
31 
41 
36 
7 
93 
87 
66 
10 
51 
47 
53 
95 
62 
44 
77 
22 
29 
11 
34 
18 
17 
101 
73 
38 
67 
45 
98 
95 
88 
75 
31 
8 
89 
2 
14 
64 
21 
81 
13 
78 
49 
15 
59 
35 
36 
48 
10 
82 
71 
40 
84 
99 
28 
79 
34 
92 
31 
66 
46 
96 
73 
24 
4 
2 
42 
81 
52 
11 
38 
36 
35 
85 
39 
8 
12 
16 
21 
45 
20 
47 
70 
100 
97 
89 
64 
10 
41 
17 
83 
29 
80 
52 
15 
31 
78 
58 
34 
18 
79 
71 
33 
77 
35 
2 
86 
85 
12 
59 
26 
81 
49 
38 
5 
96 
20 
4 
94 
89 
82 
92 
88 
24 
71 
66 
44 
51 
14 
34 
83 
2 
45 
57 
75 
67 
84 
31 
76 
29 
35 
47 
15 
42 
93 
27 
49 
8 
10 
72 
36 
4 
16 
13 
81 
33 
40 
86 
56 
80 
77 
95 
96 
44 
7 
64 
20 
34 
45 
78 
4 
35 
51 
31 
27 
0 
81 
56 
38 
29 
42 
2 
73 
63 
59 
13 
98 
9 
79 
85 
84 
40 
66 
8 
37 
82 
33 
52 
75 
17 
99 
35 
41 
81 
49 
45 
88 
71 
47 
16 
31 
94 
10 
61 
15 
38 
77 
54 
50 
64 
36 
29 
95 
78 
18 
30 
40 
20 
4 
73 
66 
33 
100 
56 
85 
98 
92 
99 
53 
2 
35 
3 
28 
71 
32 
8 
48 
34 
39 
22 
93 
83 
38 
15 
4 
10 
16 
84 
27 
6 
81 
42 
0 
31 
72 
80 
21 
45 
40 
87 
52 
37 
44 
98 
9 
36 
48 
71 
59 
35 
49 
92 
73 
34 
78 
94 
95 
47 
67 
15 
20 
45 
93 
10 
2 
99 
66 
83 
13 
85 
64 
27 
21 
18 
30 
50 
71 
14 
44 
101 
86 
4 
34 
51 
35 
29 
48 
41 
49 
75 
94 
38 
88 
87 
67 
31 
39 
1 
45 
77 
71 
96 
20 
40 
16 
100 
92 
42 
4 
8 
73 
6 
34 
13 
33 
80 
17 
45 
99 
93 
78 
62 
70 
15 
35 
98 
18 
84 
88 
47 
29 
79 
10 
36 
95 
59 
3 
40 
30 
13 
32 
37 
66 
83 
35 
65 
100 
44 
77 
20 
21 
99 
4 
15 
8 
64 
2 
38 
80 
34 
71 
0 
3 
75 
31 
14 
10 
95 
28 
52 
67 
44 
49 
35 
51 
96 
84 
12 
56 
86 
29 
78 
94 
69 
18 
2 
45 
31 
85 
38 
6 
79 
93 
64 
99 
7 
80 
89 
4 
81 
100 
21 
59 
44 
33 
40 
27 
13 
83 
5 
62 
37 
73 
63 
34 
11 
35 
95 
65 
16 
15 
46 
10 
38 
30 
92 
3 
57 
71 
14 
8 
27 
77 
2 
58 
88 
96 
45 
81 
28 
76 
49 
83 
85 
4 
17 
99 
47 
29 
62 
67 
51 
20 
38 
89 
18 
40 
11 
41 
70 
31 
5 
74 
73 
86 
14 
13 
82 
80 
95 
8 
59 
10 
45 
71 
75 
64 
94 
7 
66 
44 
29 
35 
78 
50 
81 
100 
96 
51 
27 
79 
20 
31 
36 
28 
6 
38 
4 
15 
42 
87 
98 
24 
101 
67 
89 
99 
14 
2 
48 
3 
18 
88 
45 
10 
37 
32 
33 
35 
1 
53 
83 
93 
28 
81 
38 
52 
89 
13 
62 
40 
44 
34 
20 
42 
4 
15 
11 
8 
96 
27 
31 
98 
65 
100 
12 
78 
58 
64 
71 
66 
73 
36 
99 
6 
67 
50 
41 
59 
95 
74 
80 
10 
3 
75 
16 
57 
37 
72 
7 
94 
1 
97 
14 
88 
34 
77 
84 
93 
49 
15 
8 
31 
47 
18 
36 
99 
17 
2 
73 
71 
44 
35 
92 
10 
29 
52 
28 
38 
27 
78 
45 
81 
13 
62 
80 
51 
1 
89 
67 
7 
59 
14 
86 
4 
93 
34 
21 
20 
98 
64 
49 
36 
72 
2 
77 
71 
100 
40 
35 
24 
95 
99 
66 
96 
22 
15 
8 
63 
67 
81 
31 
20 
92 
48 
10 
13 
11 
34 
35 
52 
38 
77 
40 
45 
73 
2 
42 
93 
33 
72 
89 
98 
58 
64 
27 
74 
39 
80 
66 
75 
76 
97 
101 
51 
22 
59 
99 
86 
83 
85 
78 
47 
4 
3 
67 
13 
50 
37 
18 
20 
29 
15 
6 
30 
92 
44 
96 
26 
81 
40 
62 
69 
8 
77 
41 
10 
45 
36 
34 
70 
75 
88 
87 
47 
39 
86 
17 
35 
71 
67 
66 
38 
55 
57 
22 
76 
16 
14 
13 
8 
83 
3 
20 
84 
31 
73 
36 
72 
63 
44 
5 
59 
15 
51 
88 
89 
101 
2 
100 
10 
85 
21 
70 
18 
74 
40 
87 
29 
80 
27 
35 
86 
96 
62 
32 
81 
34 
98 
66 
48 
71 
31 
67 
0 
75 
8 
10 
77 
82 
45 
22 
49 
18 
21 
7 
65 
15 
34 
83 
38 
1 
16 
92 
100 
31 
5 
4 
24 
40 
14 
2 
89 
51 
70 
20 
84 
88 
29 
32 
61 
72 
35 
17 
48 
96 
95 
71 
59 
47 
75 
2 
42 
58 
34 
94 
8 
28 
40 
13 
5 
14 
66 
11 
10 
31 
101 
15 
96 
3 
83 
33 
45 
52 
44 
67 
16 
20 
88 
59 
35 
47 
37 
36 
40 
99 
8 
79 
87 
7 
2 
76 
57 
96 
49 
81 
98 
74 
41 
85 
93 
10 
48 
4 
66 
78 
34 
15 
13 
38 
9 
64 
80 
58 
71 
35 
45 
100 
33 
40 
36 
3 
86 
21 
81 
17 
5 
32 
49 
98 
47 
77 
56 
2 
29 
28 
65 
83 
59 
11 
99 
44 
51 
35 
67 
31 
58 
48 
85 
16 
8 
10 
71 
84 
15 
33 
4 
62 
34 
93 
37 
80 
18 
27 
81 
83 
66 
40 
24 
57 
29 
20 
98 
31 
43 
10 
44 
22 
35 
63 
95 
14 
67 
16 
7 
47 
79 
21 
71 
45 
8 
2 
81 
74 
96 
73 
18 
12 
11 
75 
3 
86 
59 
9 
77 
53 
85 
89 
38 
67 
20 
92 
37 
44 
83 
35 
99 
100 
5 
95 
80 
88 
31 
66 
81 
98 
27 
13 
58 
22 
21 
42 
94 
36 
15 
10 
14 
56 
73 
34 
45 
1 
84 
71 
40 
2 
29 
77 
31 
96 
97 
83 
47 
37 
7 
35 
64 
101 
68 
59 
13 
44 
10 
51 
81 
4 
92 
93 
33 
38 
28 
67 
45 
86 
20 
73 
74 
8 
52 
35 
36 
78 
11 
34 
31 
95 
16 
17 
3 
64 
75 
100 
79 
81 
6 
13 
15 
56 
1 
12 
14 
85 
47 
96 
10 
21 
84 
22 
83 
92 
35 
77 
55 
24 
20 
86 
42 
82 
66 
93 
43 
34 
40 
59 
31 
71 
44 
27 
7 
49 
98 
100 
89 
51 
81 
85 
13 
11 
47 
95 
37 
79 
80 
65 
73 
28 
75 
45 
2 
83 
35 
