81 
18 
100 
96 
53 
63 
60 
59 
46 
40 
25 
83 
41 
9 
92 
0 
98 
59 
45 
28 
33 
26 
42 
1 
101 
89 
30 
96 
59 
52 
66 
85 
14 
60 
67 
81 
8 
3 
87 
94 
41 
42 
20 
83 
45 
41 
7 
49 
9 
54 
20 
30 
49 
64 
73 
96 
36 
42 
24 
33 
65 
9 
33 
66 
69 
82 
47 
43 
87 
97 
89 
83 
23 
46 
12 
96 
11 
67 
100 
75 
1 
15 
84 
90 
100 
51 
86 
33 
5 
90 
22 
92 
63 
59 
43 
12 
84 
40 
41 
77 
90 
6 
79 
96 
8 
15 
37 
70 
96 
35 
67 
71 
68 
10 
25 
46 
28 
78 
42 
11 
2 
1 
0 
64 
71 
55 
23 
5 
95 
60 
65 
20 
12 
49 
83 
22 
80 
15 
46 
81 
67 
95 
60 
19 
9 
23 
24 
0 
67 
84 
5 
98 
73 
89 
29 
10 
18 
21 
43 
58 
1 
50 
42 
68 
92 
97 
76 
32 
2 
77 
41 
10 
60 
83 
66 
4 
1 
44 
46 
95 
49 
6 
33 
24 
79 
42 
32 
8 
2 
10 
37 
73 
67 
98 
101 
85 
26 
54 
19 
11 
43 
75 
29 
32 
42 
52 
83 
64 
17 
4 
40 
43 
71 
85 
12 
78 
42 
59 
45 
33 
78 
20 
42 
46 
6 
96 
66 
3 
15 
19 
12 
76 
42 
31 
79 
69 
92 
32 
99 
94 
74 
42 
43 
67 
32 
20 
8 
17 
49 
98 
43 
50 
40 
61 
42 
45 
59 
101 
86 
75 
54 
21 
84 
27 
78 
99 
52 
60 
7 
9 
11 
23 
21 
85 
11 
61 
46 
12 
17 
47 
32 
67 
52 
42 
84 
51 
23 
37 
88 
50 
84 
5 
92 
83 
6 
36 
24 
41 
47 
27 
101 
2 
11 
43 
23 
98 
60 
67 
42 
0 
15 
85 
73 
24 
25 
2 
66 
62 
47 
85 
41 
60 
83 
43 
36 
46 
38 
79 
73 
98 
6 
95 
72 
8 
41 
83 
24 
77 
75 
42 
47 
36 
49 
51 
19 
73 
92 
89 
57 
53 
8 
14 
97 
36 
49 
41 
15 
62 
49 
1 
29 
91 
73 
12 
67 
43 
15 
47 
74 
16 
73 
76 
42 
60 
31 
33 
13 
12 
44 
48 
2 
54 
4 
81 
99 
30 
29 
44 
13 
37 
94 
92 
9 
69 
11 
83 
51 
24 
29 
87 
64 
42 
85 
75 
95 
42 
69 
15 
35 
91 
17 
14 
80 
51 
0 
40 
42 
71 
96 
2 
78 
66 
49 
8 
14 
83 
67 
11 
84 
70 
6 
1 
38 
12 
97 
99 
58 
15 
43 
51 
53 
76 
47 
46 
21 
41 
18 
96 
84 
85 
4 
19 
67 
99 
66 
0 
2 
43 
55 
98 
60 
0 
36 
43 
64 
23 
46 
8 
0 
97 
98 
10 
66 
70 
26 
25 
90 
3 
95 
86 
38 
71 
35 
26 
53 
25 
92 
38 
75 
6 
98 
15 
2 
51 
96 
14 
25 
101 
55 
77 
97 
9 
26 
17 
64 
63 
31 
67 
49 
73 
98 
54 
46 
33 
70 
36 
80 
43 
3 
63 
97 
78 
33 
58 
10 
29 
5 
19 
30 
47 
45 
46 
4 
17 
31 
21 
43 
25 
45 
29 
72 
84 
56 
92 
75 
98 
21 
71 
1 
44 
4 
20 
11 
36 
32 
100 
95 
85 
2 
77 
88 
59 
15 
90 
46 
25 
67 
3 
100 
97 
90 
59 
43 
7 
35 
77 
78 
29 
1 
96 
90 
52 
23 
56 
12 
60 
10 
11 
42 
8 
66 
75 
52 
49 
56 
43 
31 
12 
41 
11 
92 
23 
43 
1 
76 
21 
95 
65 
67 
98 
43 
29 
54 
60 
30 
51 
77 
63 
101 
99 
19 
43 
42 
8 
61 
40 
6 
52 
87 
81 
62 
6 
40 
77 
88 
99 
70 
94 
44 
78 
53 
50 
100 
54 
91 
17 
88 
3 
73 
78 
42 
56 
47 
22 
20 
66 
43 
60 
88 
46 
29 
59 
32 
24 
30 
22 
68 
51 
49 
21 
58 
46 
42 
37 
91 
69 
75 
95 
89 
77 
90 
43 
84 
75 
31 
49 
17 
20 
66 
18 
81 
32 
47 
8 
21 
66 
49 
68 
100 
74 
91 
20 
35 
59 
36 
84 
1 
54 
29 
71 
26 
82 
74 
97 
24 
25 
67 
42 
71 
63 
47 
60 
82 
1 
94 
65 
54 
40 
46 
49 
20 
90 
42 
73 
71 
66 
8 
92 
58 
27 
28 
85 
49 
91 
2 
32 
59 
20 
36 
56 
83 
79 
53 
43 
8 
17 
42 
50 
38 
65 
2 
45 
99 
83 
42 
90 
74 
37 
88 
51 
99 
33 
13 
8 
6 
59 
46 
22 
71 
4 
76 
92 
70 
57 
96 
37 
52 
43 
92 
65 
77 
5 
76 
17 
21 
8 
5 
101 
4 
51 
33 
35 
83 
77 
42 
20 
68 
51 
85 
61 
10 
55 
0 
6 
31 
46 
97 
66 
49 
33 
62 
85 
2 
90 
61 
54 
76 
83 
32 
85 
73 
4 
0 
59 
74 
89 
83 
62 
11 
99 
69 
65 
89 
8 
1 
83 
21 
5 
33 
85 
89 
96 
46 
81 
68 
47 
36 
10 
52 
13 
45 
78 
55 
95 
69 
11 
97 
24 
77 
39 
92 
38 
10 
33 
86 
54 
42 
45 
51 
92 
67 
81 
43 
8 
31 
26 
55 
4 
97 
101 
88 
68 
9 
69 
48 
82 
99 
84 
18 
52 
96 
26 
30 
63 
20 
61 
5 
17 
50 
83 
8 
29 
59 
40 
35 
84 
100 
28 
29 
8 
4 
21 
96 
11 
91 
73 
92 
41 
67 
13 
57 
75 
85 
44 
69 
84 
77 
43 
24 
1 
13 
79 
30 
8 
61 
5 
43 
65 
26 
68 
19 
12 
85 
33 
44 
43 
51 
77 
83 
97 
19 
92 
90 
8 
26 
44 
93 
43 
19 
73 
51 
89 
22 
70 
20 
79 
91 
8 
32 
43 
54 
100 
76 
29 
98 
99 
20 
54 
24 
77 
63 
43 
81 
38 
64 
11 
86 
8 
49 
66 
83 
26 
94 
63 
77 
98 
33 
66 
34 
73 
97 
1 
29 
47 
31 
60 
36 
70 
12 
25 
46 
19 
24 
37 
17 
83 
97 
70 
16 
41 
89 
31 
60 
30 
52 
92 
69 
11 
54 
83 
86 
85 
42 
4 
98 
76 
66 
49 
77 
20 
42 
24 
41 
91 
52 
32 
19 
13 
69 
20 
29 
77 
8 
100 
67 
97 
9 
4 
79 
57 
66 
96 
74 
52 
26 
44 
9 
65 
95 
36 
26 
7 
49 
23 
99 
58 
91 
46 
2 
4 
99 
69 
24 
20 
1 
33 
36 
19 
74 
45 
51 
87 
100 
47 
49 
0 
69 
4 
42 
84 
82 
3 
89 
65 
11 
70 
19 
24 
55 
51 
16 
66 
69 
56 
17 
70 
97 
81 
33 
15 
11 
23 
2 
21 
76 
20 
63 
88 
17 
87 
65 
7 
25 
54 
68 
79 
7 
83 
19 
92 
69 
2 
97 
35 
39 
51 
25 
37 
13 
1 
60 
83 
88 
96 
29 
23 
0 
73 
62 
1 
33 
76 
69 
63 
13 
41 
14 
46 
42 
63 
52 
5 
24 
12 
66 
82 
23 
74 
65 
47 
8 
27 
36 
40 
24 
77 
1 
92 
51 
21 
36 
61 
30 
54 
19 
12 
100 
84 
26 
98 
2 
83 
71 
47 
42 
40 
78 
46 
80 
75 
3 
15 
79 
42 
101 
71 
2 
70 
64 
7 
83 
78 
30 
16 
47 
60 
43 
36 
93 
45 
13 
44 
19 
62 
83 
11 
79 
66 
0 
76 
14 
42 
13 
66 
90 
4 
25 
96 
18 
33 
5 
17 
39 
38 
71 
46 
37 
40 
11 
26 
55 
69 
7 
59 
15 
83 
6 
24 
76 
5 
69 
66 
3 
8 
36 
11 
17 
18 
23 
26 
63 
98 
91 
75 
32 
2 
43 
47 
77 
54 
17 
67 
65 
2 
55 
73 
64 
35 
11 
51 
84 
24 
60 
46 
77 
70 
4 
18 
79 
2 
36 
94 
88 
84 
30 
11 
45 
6 
68 
31 
32 
84 
51 
33 
80 
25 
83 
65 
24 
76 
56 
78 
43 
47 
11 
24 
60 
17 
38 
36 
89 
98 
5 
7 
81 
83 
71 
6 
78 
97 
13 
82 
47 
1 
20 
28 
66 
35 
46 
24 
79 
5 
45 
43 
73 
59 
28 
4 
60 
46 
18 
1 
81 
67 
33 
20 
69 
66 
15 
18 
50 
28 
59 
45 
40 
