862 
740 
50 
692 
891 
182 
298 
986 
234 
520 
173 
288 
902 
256 
711 
949 
235 
339 
739 
148 
885 
872 
281 
594 
244 
532 
636 
602 
794 
427 
363 
394 
605 
822 
577 
758 
373 
166 
955 
338 
990 
261 
91 
421 
506 
900 
772 
640 
828 
40 
569 
62 
754 
767 
749 
775 
760 
921 
71 
132 
670 
64 
536 
796 
635 
335 
259 
475 
619 
659 
197 
496 
367 
498 
857 
288 
516 
142 
900 
506 
503 
369 
154 
769 
194 
822 
132 
446 
988 
484 
421 
122 
593 
734 
130 
728 
289 
805 
377 
308 
285 
943 
632 
547 
666 
291 
128 
217 
926 
951 
619 
819 
367 
376 
60 
975 
435 
421 
480 
867 
319 
254 
728 
788 
521 
744 
996 
422 
132 
299 
459 
148 
906 
156 
409 
861 
986 
131 
288 
741 
118 
516 
207 
737 
845 
692 
195 
236 
323 
63 
210 
438 
344 
674 
273 
546 
125 
916 
40 
289 
902 
281 
895 
337 
707 
405 
838 
993 
384 
696 
540 
168 
347 
1007 
285 
132 
781 
406 
180 
8 
848 
129 
498 
986 
38 
661 
208 
788 
506 
802 
1003 
96 
452 
871 
438 
473 
959 
89 
804 
710 
422 
986 
636 
337 
995 
513 
642 
906 
507 
164 
227 
840 
508 
131 
783 
363 
805 
456 
470 
659 
602 
368 
366 
338 
286 
298 
754 
243 
385 
219 
952 
576 
774 
185 
324 
665 
804 
834 
488 
958 
1004 
866 
415 
632 
398 
291 
722 
668 
367 
439 
900 
109 
421 
529 
822 
672 
909 
236 
629 
838 
88 
619 
330 
593 
441 
993 
132 
416 
767 
111 
986 
536 
906 
802 
56 
160 
747 
758 
741 
535 
835 
453 
349 
618 
526 
71 
287 
494 
764 
692 
760 
895 
481 
338 
943 
884 
582 
910 
21 
805 
54 
280 
822 
270 
659 
221 
76 
978 
367 
959 
989 
840 
93 
520 
130 
96 
892 
136 
395 
69 
436 
429 
306 
490 
487 
742 
38 
885 
899 
593 
476 
64 
470 
247 
10 
692 
649 
369 
696 
290 
608 
11 
171 
21 
132 
168 
354 
698 
597 
174 
40 
573 
867 
952 
306 
619 
840 
371 
131 
986 
84 
447 
273 
804 
108 
367 
281 
611 
35 
192 
758 
706 
165 
324 
294 
552 
737 
659 
419 
821 
906 
115 
495 
235 
60 
365 
741 
844 
881 
834 
313 
429 
290 
986 
836 
558 
288 
8 
685 
200 
291 
132 
294 
265 
822 
788 
636 
726 
286 
285 
416 
568 
909 
1006 
422 
397 
529 
998 
551 
884 
281 
804 
38 
848 
875 
805 
71 
305 
936 
881 
324 
614 
593 
314 
177 
453 
725 
438 
449 
648 
287 
180 
51 
847 
819 
611 
822 
132 
197 
281 
506 
238 
370 
798 
612 
461 
577 
491 
291 
219 
103 
209 
153 
938 
231 
259 
316 
496 
611 
324 
895 
627 
906 
63 
459 
723 
979 
686 
842 
421 
339 
91 
986 
405 
126 
298 
180 
226 
438 
120 
461 
132 
811 
462 
754 
367 
760 
533 
577 
411 
329 
734 
306 
82 
805 
673 
496 
996 
672 
822 
71 
808 
519 
661 
696 
211 
440 
782 
148 
560 
882 
446 
819 
453 
281 
258 
448 
753 
171 
823 
93 
324 
804 
286 
24 
237 
570 
840 
459 
422 
769 
474 
504 
810 
604 
966 
880 
335 
312 
654 
435 
391 
839 
131 
555 
986 
330 
258 
512 
195 
619 
776 
147 
54 
0 
940 
602 
775 
281 
999 
700 
143 
93 
632 
459 
166 
660 
91 
534 
427 
588 
340 
577 
456 
116 
1002 
737 
338 
438 
89 
446 
118 
480 
475 
597 
311 
902 
648 
741 
811 
884 
111 
192 
619 
602 
368 
330 
166 
295 
197 
490 
152 
802 
495 
880 
582 
986 
654 
938 
63 
636 
120 
536 
218 
961 
428 
602 
850 
829 
822 
493 
490 
633 
332 
495 
795 
195 
941 
681 
765 
431 
686 
172 
258 
956 
483 
676 
441 
489 
958 
444 
885 
487 
629 
975 
197 
506 
723 
324 
118 
731 
230 
282 
3 
986 
132 
608 
429 
419 
277 
895 
33 
933 
196 
568 
552 
874 
1006 
339 
280 
822 
287 
577 
1003 
368 
734 
225 
414 
711 
52 
338 
100 
336 
946 
290 
132 
438 
998 
352 
195 
374 
605 
510 
48 
19 
586 
131 
107 
846 
644 
64 
21 
675 
459 
46 
573 
98 
287 
294 
140 
208 
928 
844 
632 
630 
823 
40 
636 
811 
642 
782 
38 
886 
892 
29 
804 
607 
270 
605 
411 
621 
176 
910 
401 
998 
329 
614 
195 
223 
659 
429 
834 
132 
147 
772 
468 
5 
840 
294 
197 
435 
139 
665 
218 
602 
903 
320 
441 
85 
593 
734 
844 
819 
712 
637 
503 
219 
209 
475 
273 
291 
899 
48 
421 
446 
324 
354 
314 
1003 
38 
502 
986 
766 
850 
298 
654 
459 
817 
625 
870 
961 
972 
46 
17 
369 
319 
948 
240 
247 
226 
71 
40 
764 
685 
543 
530 
725 
710 
602 
506 
855 
281 
623 
818 
414 
463 
211 
230 
322 
803 
899 
198 
154 
91 
663 
444 
30 
516 
659 
366 
97 
914 
301 
285 
822 
938 
820 
639 
62 
386 
105 
660 
636 
876 
242 
563 
666 
958 
109 
187 
421 
602 
506 
844 
54 
502 
80 
63 
678 
952 
965 
710 
794 
665 
940 
166 
805 
5 
154 
998 
289 
441 
91 
902 
110 
407 
864 
337 
804 
734 
0 
416 
308 
986 
912 
888 
672 
499 
443 
649 
596 
481 
896 
789 
199 
280 
475 
411 
536 
998 
608 
731 
993 
50 
844 
454 
238 
732 
483 
962 
822 
811 
805 
632 
291 
741 
506 
791 
470 
223 
782 
267 
915 
602 
473 
78 
618 
421 
754 
509 
188 
810 
241 
290 
648 
288 
247 
955 
793 
984 
324 
43 
334 
293 
273 
330 
299 
728 
111 
506 
158 
902 
805 
31 
50 
161 
986 
628 
19 
822 
577 
674 
82 
71 
21 
692 
605 
666 
788 
132 
377 
271 
823 
952 
593 
515 
862 
324 
919 
9 
737 
395 
373 
640 
521 
955 
930 
972 
827 
290 
76 
110 
805 
199 
712 
203 
784 
264 
335 
15 
537 
896 
428 
459 
654 
584 
64 
721 
38 
131 
502 
42 
677 
859 
952 
329 
855 
156 
813 
968 
617 
444 
481 
632 
438 
659 
972 
850 
258 
362 
111 
64 
805 
291 
673 
766 
993 
170 
948 
287 
487 
817 
223 
908 
942 
530 
208 
880 
619 
636 
172 
760 
851 
654 
853 
467 
388 
831 
73 
324 
300 
680 
1000 
294 
349 
856 
108 
148 
261 
621 
803 
764 
427 
278 
496 
965 
506 
199 
380 
374 
481 
551 
910 
337 
438 
530 
520 
447 
273 
608 
38 
470 
676 
291 
978 
382 
883 
986 
456 
690 
406 
972 
439 
475 
490 
370 
528 
129 
985 
931 
731 
461 
435 
602 
827 
324 
760 
627 
506 
992 
544 
89 
880 
67 
836 
279 
421 
857 
382 
230 
319 
344 
819 
300 
453 
594 
293 
496 
843 
855 
966 
914 
258 
109 
814 
337 
473 
788 
366 
772 
965 
291 
636 
66 
551 
316 
435 
281 
38 
325 
323 
56 
527 
903 
920 
360 
367 
129 
311 
540 
132 
710 
660 
319 
965 
880 
306 
910 
692 
120 
263 
46 
867 
181 
354 
385 
231 
656 
293 
686 
296 
288 
338 
100 
291 
811 
417 
7 
324 
162 
196 
342 
896 
422 
846 
897 
441 
974 
373 
824 
18 
608 
197 
330 
885 
60 
573 
174 
427 
203 
948 
285 
421 
606 
915 
942 
530 
287 
536 
636 
856 
986 
258 
64 
510 
659 
13 
602 
131 
710 
89 
817 
722 
492 
143 
844 
290 
56 
735 
475 
698 
218 
684 
918 
385 
490 
330 
887 
597 
805 
228 
654 
803 
91 
710 
312 
760 
828 
120 
248 
316 
422 
288 
859 
156 
244 
332 
506 
118 
328 
589 
131 
900 
258 
134 
509 
368 
367 
188 
594 
525 
416 
459 
725 
602 
745 
286 
90 
435 
468 
635 
281 
413 
8 
692 
927 
251 
734 
180 
22 
288 
860 
273 
218 
506 
291 
438 
154 
551 
151 
132 
515 
657 
459 
29 
210 
998 
385 
358 
118 
64 
441 
986 
754 
481 
807 
611 
156 
27 
329 
655 
324 
217 
237 
453 
691 
40 
306 
218 
629 
21 
666 
506 
22 
477 
370 
255 
805 
154 
823 
173 
130 
542 
428 
522 
62 
649 
258 
784 
314 
772 
654 
131 
60 
417 
627 
582 
834 
166 
438 
672 
281 
366 
294 
899 
367 
803 
795 
144 
1006 
810 
15 
840 
862 
447 
446 
170 
596 
958 
419 
681 
13 
602 
124 
776 
880 
709 
536 
903 
593 
769 
427 
134 
285 
374 
98 
158 
286 
91 
928 
998 
258 
289 
804 
244 
337 
985 
287 
459 
788 
88 
111 
880 
979 
966 
103 
638 
737 
844 
273 
174 
2 
423 
431 
323 
79 
755 
446 
439 
1006 
16 
681 
734 
300 
459 
919 
447 
835 
823 
788 
608 
692 
226 
656 
435 
191 
773 
518 
885 
172 
412 
955 
684 
131 
290 
803 
588 
213 
899 
47 
781 
869 
984 
636 
621 
293 
453 
692 
199 
458 
915 
896 
306 
338 
477 
609 
135 
322 
153 
614 
237 
459 
155 
93 
691 
355 
698 
756 
168 
268 
258 
758 
619 
394 
890 
568 
24 
530 
488 
506 
1007 
64 
377 
754 
324 
745 
817 
738 
822 
648 
940 
111 
234 
256 
153 
124 
279 
672 
666 
132 
525 
785 
649 
435 
681 
281 
419 
444 
850 
966 
569 
998 
817 
126 
805 
111 
338 
71 
109 
289 
392 
132 
288 
737 
506 
368 
417 
17 
929 
465 
751 
611 
174 
330 
116 
217 
131 
795 
468 
631 
822 
280 
808 
817 
753 
732 
173 
326 
183 
369 
810 
481 
986 
195 
62 
747 
335 
228 
505 
446 
764 
811 
602 
252 
33 
324 
344 
71 
281 
772 
83 
248 
339 
132 
899 
905 
429 
763 
238 
38 
487 
329 
134 
459 
602 
290 
851 
526 
409 
788 
464 
461 
435 
338 
242 
817 
964 
50 
194 
188 
300 
439 
289 
707 
236 
295 
24 
5 
738 
505 
986 
175 
628 
311 
290 
96 
36 
218 
314 
62 
31 
429 
938 
779 
506 
11 
914 
287 
772 
917 
111 
338 
132 
281 
421 
228 
167 
77 
291 
665 
110 
299 
505 
16 
468 
969 
243 
706 
427 
803 
680 
595 
288 
658 
181 
192 
804 
942 
805 
618 
199 
227 
366 
254 
7 
684 
409 
710 
319 
306 
737 
108 
291 
326 
608 
418 
676 
195 
335 
131 
744 
253 
382 
302 
393 
46 
234 
294 
317 
348 
818 
905 
54 
481 
834 
37 
506 
397 
14 
291 
24 
132 
103 
67 
505 
201 
900 
218 
185 
569 
459 
76 
910 
435 
56 
659 
823 
808 
602 
551 
798 
996 
958 
817 
584 
501 
919 
206 
811 
415 
985 
481 
896 
91 
611 
640 
398 
324 
965 
620 
290 
218 
582 
672 
507 
300 
803 
8 
306 
366 
403 
571 
536 
606 
919 
132 
468 
328 
573 
605 
82 
1007 
421 
1002 
915 
986 
141 
942 
311 
856 
608 
547 
660 
569 
161 
170 
367 
382 
822 
54 
289 
179 
642 
475 
929 
330 
855 
615 
373 
487 
258 
982 
712 
126 
324 
727 
506 
395 
311 
447 
525 
367 
182 
421 
132 
919 
710 
1007 
823 
281 
195 
822 
458 
577 
978 
788 
616 
659 
609 
784 
568 
176 
717 
672 
632 
903 
289 
870 
520 
132 
969 
663 
817 
91 
506 
804 
822 
62 
825 
744 
536 
693 
986 
826 
322 
832 
898 
298 
328 
545 
23 
174 
32 
429 
706 
924 
230 
273 
996 
827 
977 
197 
319 
766 
336 
978 
64 
395 
107 
327 
838 
438 
605 
131 
200 
273 
24 
162 
874 
563 
627 
132 
744 
368 
91 
803 
250 
347 
710 
307 
203 
1001 
197 
5 
258 
691 
844 
883 
96 
516 
338 
771 
64 
374 
899 
760 
536 
241 
708 
109 
201 
253 
758 
979 
503 
196 
535 
717 
247 
997 
456 
898 
738 
987 
414 
215 
60 
170 
569 
725 
563 
877 
309 
407 
609 
784 
452 
692 
354 
38 
406 
694 
132 
998 
760 
986 
244 
454 
702 
1006 
572 
367 
337 
141 
516 
453 
166 
500 
853 
200 
61 
135 
305 
71 
423 
444 
485 
198 
197 
626 
556 
18 
605 
240 
536 
154 
602 
459 
512 
495 
814 
506 
481 
416 
632 
434 
901 
65 
218 
288 
345 
734 
111 
983 
126 
608 
132 
118 
577 
553 
182 
281 
18 
324 
992 
960 
947 
98 
900 
131 
691 
291 
230 
488 
905 
461 
316 
54 
319 
946 
496 
867 
616 
252 
758 
595 
314 
605 
782 
133 
416 
215 
218 
436 
942 
808 
332 
547 
846 
896 
789 
67 
486 
602 
156 
998 
230 
20 
372 
633 
288 
219 
461 
702 
574 
17 
712 
265 
453 
767 
990 
675 
279 
536 
76 
834 
24 
789 
827 
819 
616 
281 
605 
512 
805 
635 
569 
848 
772 
218 
956 
421 
233 
247 
287 
517 
903 
333 
429 
804 
886 
636 
339 
96 
308 
132 
576 
349 
147 
787 
419 
251 
533 
696 
25 
235 
945 
475 
986 
183 
720 
938 
425 
379 
197 
16 
593 
661 
805 
809 
330 
18 
712 
601 
984 
729 
630 
788 
215 
899 
118 
977 
547 
371 
374 
716 
822 
103 
515 
251 
66 
499 
762 
635 
629 
737 
35 
717 
74 
192 
984 
422 
584 
298 
823 
235 
250 
115 
685 
727 
324 
258 
805 
289 
725 
804 
772 
283 
767 
429 
844 
67 
847 
22 
428 
100 
637 
935 
62 
914 
502 
281 
196 
310 
903 
536 
619 
666 
728 
687 
244 
602 
40 
347 
817 
291 
890 
169 
978 
474 
158 
289 
444 
279 
416 
50 
496 
804 
63 
855 
111 
273 
312 
854 
125 
822 
698 
240 
475 
446 
327 
710 
741 
416 
459 
292 
221 
118 
396 
583 
986 
425 
998 
5 
22 
76 
666 
330 
453 
382 
692 
834 
548 
862 
67 
314 
464 
880 
774 
65 
230 
429 
77 
360 
280 
197 
617 
1009 
71 
132 
751 
370 
788 
676 
829 
134 
654 
710 
18 
481 
64 
822 
496 
461 
451 
441 
636 
923 
287 
166 
817 
858 
647 
273 
805 
324 
354 
754 
784 
310 
605 
131 
760 
832 
219 
850 
422 
198 
536 
65 
609 
111 
773 
593 
588 
421 
845 
281 
551 
632 
841 
334 
822 
195 
109 
244 
636 
846 
475 
370 
353 
347 
238 
110 
760 
228 
710 
287 
855 
252 
324 
289 
425 
341 
986 
461 
510 
435 
422 
417 
685 
770 
126 
337 
822 
942 
838 
87 
368 
281 
132 
290 
294 
195 
661 
187 
13 
972 
689 
436 
872 
91 
737 
320 
602 
896 
35 
65 
71 
822 
938 
925 
717 
693 
470 
290 
281 
961 
142 
632 
564 
306 
138 
265 
250 
375 
483 
344 
840 
754 
273 
287 
577 
1009 
788 
602 
966 
300 
468 
132 
111 
429 
40 
886 
395 
324 
71 
475 
29 
805 
811 
422 
243 
470 
466 
758 
804 
24 
305 
441 
665 
174 
918 
567 
79 
416 
60 
252 
602 
491 
966 
520 
132 
691 
597 
706 
62 
195 
189 
56 
96 
547 
984 
273 
19 
543 
964 
565 
330 
564 
649 
99 
822 
966 
855 
0 
614 
620 
40 
655 
789 
253 
438 
931 
343 
132 
155 
470 
882 
1000 
764 
930 
240 
604 
711 
464 
889 
593 
298 
130 
316 
553 
602 
920 
382 
314 
421 
300 
354 
233 
844 
466 
428 
429 
291 
683 
331 
1004 
857 
675 
118 
840 
290 
132 
741 
640 
21 
830 
18 
860 
695 
54 
199 
581 
853 
952 
5 
326 
903 
35 
154 
160 
306 
108 
328 
499 
737 
143 
912 
480 
73 
132 
993 
727 
670 
846 
975 
982 
109 
675 
374 
621 
78 
481 
315 
919 
104 
308 
96 
915 
314 
238 
154 
674 
280 
337 
245 
608 
164 
925 
786 
339 
710 
723 
330 
40 
819 
21 
597 
196 
174 
569 
783 
648 
195 
29 
306 
286 
490 
972 
915 
520 
300 
289 
922 
554 
465 
132 
788 
853 
382 
840 
691 
530 
336 
899 
91 
544 
884 
596 
733 
763 
509 
678 
510 
822 
654 
63 
255 
105 
64 
421 
26 
525 
124 
4 
905 
19 
1004 
77 
706 
1002 
416 
506 
489 
792 
5 
154 
857 
122 
381 
281 
560 
174 
821 
536 
819 
111 
807 
87 
845 
273 
760 
804 
394 
940 
17 
754 
435 
602 
367 
783 
703 
858 
