0.016300 
0.017100 
0.024300 
0.026600 
0.033900 
0.035700 
0.038100 
0.041100 
0.043800 
0.044000 
0.048600 
0.049900 
0.050400 
0.052500 
0.060100 
0.062900 
0.064400 
0.067600 
0.069600 
0.070800 
0.074500 
0.075000 
0.082300 
0.086300 
0.089500 
0.095400 
0.095900 
0.097200 
0.099800 
0.102700 
0.103600 
0.103700 
0.106700 
0.112600 
0.115300 
0.118900 
0.120900 
0.123200 
0.128700 
0.128900 
0.131600 
0.136700 
0.140900 
0.147900 
0.152100 
0.154600 
0.155200 
0.160300 
0.161700 
0.165500 
0.166100 
0.166500 
0.166600 
0.167900 
0.172000 
0.174400 
0.176100 
0.177000 
0.177400 
0.180100 
0.184000 
0.184100 
0.185000 
0.186300 
0.186800 
0.187100 
0.190000 
0.192700 
0.196200 
0.200300 
0.202100 
0.205300 
0.206300 
0.207400 
0.208300 
0.215400 
0.215600 
0.216200 
0.216600 
0.220200 
0.221200 
0.222300 
0.224900 
0.230800 
0.231500 
0.232200 
0.232300 
0.232900 
0.235700 
0.236300 
0.239100 
0.239400 
0.240600 
0.245000 
0.246600 
0.248600 
0.249600 
0.251100 
0.251500 
0.252200 
0.254300 
0.259400 
0.266100 
0.266800 
0.266900 
0.267800 
0.270600 
0.275700 
0.275800 
0.278600 
0.279200 
0.281100 
0.283100 
0.284200 
0.288000 
0.289600 
0.291500 
0.291700 
0.293800 
0.294900 
0.296300 
0.298900 
0.299100 
0.300500 
0.300700 
0.311500 
0.312300 
0.317600 
0.319100 
0.319300 
0.320100 
0.321500 
0.321600 
0.322200 
0.330700 
0.332800 
0.334700 
0.335100 
0.335900 
0.336900 
0.341800 
0.343600 
0.343700 
0.343900 
0.345700 
0.351500 
0.352600 
0.354300 
0.354400 
0.354400 
0.354800 
0.356000 
0.360500 
0.361200 
0.362000 
0.363600 
0.372800 
0.372900 
0.374300 
0.375700 
0.376300 
0.376600 
0.377500 
0.377800 
0.382400 
0.383400 
0.387300 
0.387700 
0.388600 
0.391500 
0.394200 
0.398300 
0.400200 
0.400300 
0.401300 
0.403800 
0.409100 
0.409600 
0.417100 
0.420100 
0.420900 
0.421700 
0.422100 
0.422700 
0.428000 
0.429300 
0.431400 
0.433100 
0.436500 
0.437300 
0.438700 
0.440400 
0.440500 
0.440700 
0.441300 
0.442300 
0.442600 
0.444700 
0.447100 
0.447600 
0.449000 
0.449100 
0.450500 
0.452800 
0.453100 
0.454200 
0.454200 
0.457700 
0.458400 
0.461700 
0.464500 
0.470900 
0.472800 
0.474400 
0.477800 
0.479100 
0.479600 
0.480300 
0.481000 
0.483600 
0.483800 
0.485100 
0.486600 
0.487300 
0.490300 
0.490800 
0.492100 
0.494500 
0.495100 
0.495300 
0.495500 
0.495600 
0.502000 
0.503900 
0.503900 
0.504300 
0.507200 
0.508200 
0.508400 
0.509600 
0.516500 
0.517500 
0.518900 
0.520600 
0.521600 
0.522000 
0.524400 
0.524800 
0.526900 
0.527500 
0.528200 
0.529500 
0.532100 
0.532200 
0.533000 
0.533200 
0.536500 
0.536900 
0.539200 
0.539700 
0.540400 
0.544700 
0.545400 
0.545400 
0.555800 
0.555900 
0.556900 
0.558600 
0.560200 
0.560200 
0.561500 
0.561800 
0.564100 
0.567700 
0.568900 
0.569400 
0.570100 
0.571000 
0.572900 
0.574800 
0.575400 
0.576500 
0.577400 
0.581900 
0.586300 
0.586800 
0.587400 
0.593000 
0.599200 
0.602200 
0.603200 
0.603500 
0.604100 
0.605900 
0.606000 
0.611000 
0.611400 
0.612900 
0.614100 
0.616600 
0.618800 
0.620900 
0.627600 
0.628000 
0.638700 
0.639400 
0.639500 
0.648100 
0.652700 
0.654400 
0.656500 
0.657900 
0.657900 
0.660100 
0.660900 
0.662000 
0.663200 
0.669600 
0.670200 
0.670900 
0.671700 
0.671800 
0.672300 
0.673700 
0.674100 
0.674100 
0.679800 
0.681500 
0.686700 
0.688100 
0.690100 
0.692300 
0.695000 
0.696100 
0.699000 
0.702800 
0.702800 
0.706500 
0.707700 
0.708200 
0.713300 
0.713700 
0.714500 
0.718300 
0.721300 
0.722400 
0.723800 
0.724400 
0.727400 
0.729500 
0.731900 
0.738700 
0.739400 
0.742000 
0.745000 
0.749600 
0.750100 
0.750500 
0.752000 
0.757200 
0.759100 
0.762300 
0.764300 
0.765900 
0.767500 
0.769400 
0.770600 
0.773300 
0.775000 
0.776300 
0.778000 
0.778800 
0.778900 
0.780000 
0.784900 
0.786700 
0.787000 
0.790000 
0.791000 
0.792400 
0.792600 
0.794800 
0.794900 
0.796100 
0.797000 
0.801000 
0.801200 
0.802100 
0.805800 
0.806100 
0.806500 
0.810400 
0.816100 
0.816800 
0.819500 
0.819800 
0.822900 
0.825700 
0.826600 
0.828100 
0.832200 
0.833300 
0.833400 
0.834700 
0.835800 
0.835900 
0.844600 
0.848200 
0.851800 
0.858100 
0.860800 
0.861300 
0.862400 
0.863400 
0.864200 
0.864400 
0.864600 
0.867000 
0.867700 
0.867900 
0.870400 
0.875400 
0.881900 
0.882900 
0.883400 
0.886500 
0.889700 
0.891300 
0.893000 
0.898300 
0.899200 
0.902300 
0.903600 
0.904200 
0.905700 
0.908100 
0.909900 
0.914300 
0.915400 
0.918500 
0.921000 
0.924200 
0.926400 
0.926800 
0.927200 
0.932500 
0.933900 
0.934600 
0.935000 
0.935300 
0.935400 
0.937600 
0.939200 
0.944000 
0.946200 
0.948400 
0.948900 
0.949200 
0.949400 
0.958100 
0.960000 
0.961500 
0.963700 
0.964600 
0.965200 
0.965700 
0.965800 
0.966800 
0.967700 
0.967900 
0.968000 
0.968500 
0.969800 
0.974500 
0.978400 
0.983900 
0.984000 
0.984400 
0.984500 
0.985100 
0.986800 
0.986800 
0.990700 
0.995400 
1.000900 
1.002600 
1.004900 
1.005800 
1.006200 
1.007500 
1.008600 
1.013600 
1.017100 
1.019400 
1.020800 
1.024500 
1.026900 
1.031800 
1.032800 
1.032800 
1.034700 
1.035500 
1.035500 
1.041700 
1.041700 
1.042100 
1.043300 
1.046300 
1.046800 
1.049200 
1.049900 
1.051200 
1.055300 
1.057300 
1.058000 
1.058200 
1.060100 
1.060400 
1.062600 
1.067000 
1.067800 
1.069100 
1.070900 
1.071800 
1.074800 
1.079900 
1.084100 
1.084600 
1.085700 
1.091400 
1.092700 
1.093600 
1.097000 
1.100500 
1.101600 
1.101900 
1.105100 
1.107600 
1.109100 
1.113800 
1.113900 
1.115500 
1.117600 
1.117900 
1.118900 
1.119000 
1.121700 
1.121800 
1.122100 
1.122600 
1.124500 
1.128500 
1.129200 
1.136400 
1.136500 
1.142000 
1.142200 
1.142400 
1.143600 
1.148600 
1.151400 
1.152500 
1.153000 
1.154000 
1.161100 
1.163200 
1.165200 
1.168300 
1.168400 
1.168700 
1.171700 
1.173100 
1.174000 
1.175200 
1.176100 
1.177300 
1.177600 
1.179400 
1.183900 
1.184200 
1.187000 
1.189200 
1.191700 
1.193300 
1.193300 
1.204200 
1.207400 
1.208800 
1.209000 
1.209300 
1.210500 
1.214200 
1.220600 
1.220600 
1.222700 
1.223400 
1.224500 
1.225600 
1.228300 
1.228900 
1.229000 
1.229100 
1.231400 
1.233600 
1.237200 
1.237400 
1.241500 
1.241800 
1.243700 
1.248900 
1.250200 
1.254000 
1.255400 
1.260200 
1.265300 
1.265900 
1.266000 
1.268300 
1.271900 
1.278500 
1.279100 
1.282000 
1.282600 
1.284700 
1.288500 
1.290000 
1.295300 
1.296400 
1.298400 
1.300500 
1.300900 
1.301800 
1.304600 
1.308100 
1.312400 
1.314900 
1.315100 
1.316000 
1.321000 
1.324000 
1.326900 
1.327500 
1.333700 
1.334800 
1.335900 
1.336100 
1.339300 
1.341400 
1.341500 
1.344600 
1.345400 
1.347600 
1.347800 
1.350100 
1.351400 
1.351700 
1.352100 
1.355600 
1.357700 
1.360400 
1.361600 
1.369000 
1.369500 
1.370800 
1.372600 
1.374300 
1.375700 
1.378500 
1.382300 
1.387600 
1.388100 
1.388100 
1.390600 
1.391700 
1.393700 
1.395400 
1.396600 
1.399600 
1.399600 
1.400200 
1.404500 
1.405400 
1.407600 
1.408400 
1.409800 
1.412900 
1.413600 
1.415000 
1.415600 
1.417000 
1.418400 
1.418600 
1.423200 
1.424000 
1.426600 
1.427500 
1.433400 
1.437200 
1.441000 
1.441300 
1.441500 
1.443200 
1.446500 
1.447100 
1.447700 
1.448100 
1.449700 
1.449800 
1.450000 
1.450000 
1.456300 
1.456500 
1.457800 
1.461000 
1.464500 
1.464600 
1.465800 
1.468400 
1.473000 
1.475100 
1.475900 
1.478800 
1.479600 
1.479700 
1.482100 
1.484500 
1.484900 
1.485200 
1.485500 
1.487700 
1.490800 
1.500700 
1.501700 
1.501800 
1.502100 
1.505300 
1.506900 
1.509400 
1.510100 
1.512900 
1.513600 
1.514800 
1.517200 
1.517500 
1.520000 
1.520600 
1.522100 
1.523600 
1.528700 
1.533400 
1.540200 
1.547300 
1.551200 
1.555300 
1.555600 
1.556000 
1.556300 
1.557200 
1.560900 
1.566200 
1.566500 
1.567600 
1.567700 
1.568200 
1.569000 
1.570000 
1.571800 
1.573300 
1.575900 
1.576000 
1.583200 
1.583300 
1.590100 
1.590700 
1.592800 
1.594300 
1.595300 
1.596100 
1.597900 
1.599300 
1.600700 
1.601100 
1.603300 
1.610000 
1.614100 
1.618500 
1.618600 
1.622100 
1.623300 
1.625300 
1.627200 
1.628800 
1.630600 
1.636900 
1.644200 
1.644900 
1.645300 
1.647200 
1.648600 
1.654700 
1.654800 
1.660800 
1.662700 
1.668000 
1.672700 
1.677300 
1.679300 
1.679800 
1.680600 
1.686000 
1.686300 
1.686900 
1.687900 
1.689500 
1.690500 
1.696500 
1.696600 
1.696600 
1.699400 
1.699600 
1.701500 
1.703000 
1.703500 
1.704800 
1.705200 
1.707700 
1.710800 
1.711400 
1.714900 
1.717000 
1.718600 
1.720600 
1.724500 
1.729200 
1.731000 
1.733700 
1.737300 
1.742300 
1.744400 
1.745200 
1.749100 
1.749300 
1.751200 
1.758800 
1.758800 
1.759600 
1.762000 
1.762700 
1.767300 
1.767600 
1.767900 
1.768000 
1.769100 
1.773500 
1.774000 
1.774700 
1.783100 
1.785900 
1.786300 
1.786400 
1.787200 
1.792700 
1.793200 
1.806500 
1.807000 
1.812500 
1.813100 
1.813200 
1.818400 
1.818500 
1.822800 
1.823000 
1.824400 
1.825400 
1.827200 
1.827700 
1.830200 
1.835500 
1.837800 
1.838000 
1.838800 
1.840100 
1.843100 
1.843200 
1.848000 
1.850100 
1.851700 
1.853900 
1.854600 
1.856800 
1.857500 
1.863000 
1.865000 
1.868000 
1.871200 
1.871400 
1.875800 
1.876200 
1.879000 
1.882400 
1.883800 
1.883900 
1.888400 
1.889700 
1.889900 
1.892100 
1.893900 
1.901300 
1.901600 
1.909400 
1.914000 
1.915200 
1.915600 
1.923400 
1.929000 
1.931300 
1.935900 
1.936500 
1.936800 
1.938200 
1.939100 
1.942800 
1.945600 
1.945600 
1.946900 
1.948500 
1.952700 
1.953600 
1.955300 
1.962100 
1.963800 
1.964500 
1.967100 
1.968000 
1.968200 
1.971400 
1.974600 
1.978100 
1.979700 
1.981500 
1.982000 
1.983900 
1.984100 
1.984700 
1.993900 
1.994600 
1.995200 
1.996700 
1.996900 
1.998000 
2.000300 
2.005100 
2.005400 
2.009500 
2.010000 
2.013100 
2.013100 
2.018600 
2.019100 
2.019200 
2.023000 
2.025300 
2.026500 
2.027100 
2.029900 
2.032000 
2.032400 
2.033500 
2.035400 
2.036900 
2.041600 
2.042500 
2.045400 
2.045600 
2.045800 
2.046100 
2.046300 
2.051700 
2.053700 
2.054800 
2.055500 
2.060300 
2.060600 
2.065000 
2.065000 
2.066800 
2.070400 
2.074200 
2.075900 
2.076500 
2.079400 
2.081100 
2.084000 
2.087600 
2.095300 
2.096000 
2.097900 
2.098600 
2.100100 
2.100900 
2.102500 
2.102700 
2.103100 
2.103500 
2.105300 
2.110400 
2.115500 
2.116300 
2.119000 
2.120800 
2.122700 
2.123300 
2.126100 
2.127200 
2.128700 
2.135000 
2.143000 
2.143800 
2.145000 
2.147700 
2.149100 
2.149400 
2.151000 
2.151400 
2.152800 
2.153900 
2.154900 
2.157800 
2.159400 
2.159700 
2.162000 
2.162600 
2.167500 
2.169300 
2.170800 
2.171800 
2.175300 
2.181900 
2.186600 
2.188200 
2.191800 
2.194600 
2.195000 
2.198000 
2.198300 
2.198900 
2.204100 
2.208900 
2.209200 
2.209300 
2.210000 
2.210100 
2.212300 
2.218600 
2.219200 
2.221100 
2.222100 
2.223600 
2.225300 
2.235800 
2.236200 
2.242300 
2.242700 
2.244000 
2.244000 
2.244500 
2.244800 
2.245600 
2.245700 
2.245900 
2.247100 
2.247100 
2.247300 
2.251400 
2.255600 
2.257100 
2.258800 
2.266100 
2.267300 
2.268200 
2.270000 
2.270700 
2.270900 
2.271400 
2.273600 
2.278300 
2.279400 
2.280100 
2.282900 
2.283600 
2.286500 
2.287400 
2.291300 
2.300300 
2.304100 
2.304500 
2.306100 
2.307600 
2.310800 
2.311300 
2.311600 
2.313800 
2.313800 
2.319100 
2.321000 
2.323000 
2.324900 
2.325700 
2.326400 
2.327600 
2.331400 
2.334100 
2.335000 
2.335300 
2.338600 
2.339900 
2.341800 
2.341800 
2.343100 
2.343300 
2.344400 
2.346200 
2.348100 
2.349000 
2.349400 
2.349900 
2.351000 
2.352100 
2.353000 
2.357600 
2.358600 
2.359600 
2.362900 
2.364700 
2.367900 
2.371500 
2.374800 
2.380100 
2.380100 
2.383400 
2.386600 
2.388400 
2.389000 
2.394800 
2.395800 
2.399500 
2.401200 
2.402600 
2.403700 
2.403800 
2.405800 
2.406300 
2.408900 
2.416100 
2.418900 
2.423000 
2.423300 
2.423800 
2.424700 
2.425400 
2.435100 
2.435500 
2.436700 
2.438600 
2.441700 
2.441800 
2.443900 
2.447800 
2.450400 
2.451000 
2.451200 
2.456500 
2.457700 
2.459300 
2.459300 
2.461700 
2.461800 
2.463800 
2.464700 
2.466200 
2.467300 
2.468900 
2.469000 
2.471100 
2.472900 
2.474400 
2.475700 
2.478800 
2.478900 
2.479800 
2.480600 
2.481100 
2.488800 
2.489000 
2.489700 
2.490100 
2.499100 
2.502400 
2.502500 
2.503800 
2.505100 
2.505400 
2.507100 
2.507900 
2.510200 
2.510400 
2.510400 
2.511400 
2.513500 
2.514700 
2.517300 
2.517500 
2.518600 
2.519000 
2.519000 
2.519500 
2.520000 
2.528100 
2.532900 
2.533900 
2.541000 
2.541300 
2.541900 
2.542000 
2.542200 
2.547900 
2.551500 
2.554700 
2.556900 
2.560600 
2.569700 
2.571500 
2.572300 
2.572300 
2.577400 
2.577700 
2.578000 
2.581100 
2.581600 
2.581800 
2.583500 
2.584200 
2.585400 
2.586300 
2.590200 
2.590600 
2.591800 
2.593200 
2.597900 
2.600500 
2.605500 
2.611300 
2.612200 
2.614100 
2.614600 
2.619200 
2.619800 
2.624400 
2.627400 
2.627700 
2.628000 
2.628200 
2.628700 
2.628900 
2.629300 
2.631800 
2.632000 
2.637200 
2.640900 
2.645800 
2.646900 
2.650300 
2.651100 
2.651200 
2.658400 
2.661900 
2.665200 
2.667600 
2.668400 
2.671600 
2.671700 
2.672400 
2.674200 
2.674200 
2.674400 
2.677000 
2.677500 
2.679000 
2.680300 
2.681800 
2.684600 
2.686900 
2.688400 
2.688600 
2.690100 
2.693600 
2.695300 
2.698900 
2.699400 
2.699400 
2.702500 
2.704100 
2.704100 
2.709100 
2.710700 
2.711600 
2.713000 
2.713900 
2.714900 
2.715200 
2.716100 
2.716400 
2.717600 
2.718200 
2.718200 
2.719800 
2.720900 
2.723700 
2.724400 
2.724700 
2.725500 
2.727900 
2.733400 
2.738200 
2.742300 
2.742600 
2.742900 
2.743200 
2.743600 
2.746200 
2.750600 
2.752200 
2.752300 
2.753900 
2.754700 
2.758700 
2.762000 
2.762400 
2.763200 
2.763300 
2.765100 
2.765300 
2.765300 
2.768400 
2.769400 
2.769700 
2.770900 
2.771300 
2.772800 
2.779400 
2.779400 
2.781200 
2.782100 
2.784000 
2.787200 
2.791000 
2.794300 
2.794700 
2.801300 
2.801400 
2.803200 
2.805600 
2.806800 
2.811400 
2.816900 
2.818100 
2.818200 
2.818400 
2.821800 
2.823100 
2.823900 
2.827700 
2.828300 
2.829900 
2.831600 
2.833400 
2.834000 
2.837000 
2.838800 
2.839100 
2.840700 
2.844100 
2.844900 
2.845800 
2.848300 
2.849800 
2.850900 
2.856200 
2.856200 
2.857400 
2.859000 
2.863100 
2.863700 
2.874300 
2.875700 
2.876000 
2.880500 
2.881700 
2.882400 
2.883800 
2.884400 
2.887400 
2.888700 
2.889500 
2.890200 
2.898300 
2.901400 
2.902700 
2.902700 
2.904400 
2.904600 
2.908300 
2.909900 
2.914300 
2.916100 
2.919100 
2.922800 
2.923300 
2.926300 
2.928200 
2.934900 
2.935700 
2.945200 
2.945700 
2.947500 
2.948500 
2.948600 
2.959200 
2.961000 
2.963900 
2.964100 
2.970800 
2.971600 
2.972000 
2.972000 
2.980800 
2.981200 
2.982000 
2.982300 
2.982400 
2.986500 
2.988100 
2.989200 
2.992200 
2.994600 
2.996500 
2.996600 
2.998500 
