73 
58 
77 
61 
68 
32 
47 
15 
28 
93 
80 
81 
57 
16 
86 
101 
83 
92 
85 
71 
14 
4 
100 
90 
54 
35 
55 
91 
99 
67 
21 
51 
10 
101 
86 
62 
22 
36 
38 
37 
45 
80 
52 
39 
32 
75 
0 
7 
90 
58 
31 
87 
99 
85 
50 
56 
100 
89 
33 
94 
42 
84 
5 
65 
24 
48 
91 
79 
81 
25 
55 
27 
95 
46 
28 
8 
23 
16 
59 
39 
22 
44 
83 
1 
6 
54 
75 
32 
11 
48 
29 
94 
12 
63 
10 
58 
92 
82 
19 
95 
64 
0 
36 
25 
99 
87 
34 
65 
71 
76 
67 
91 
7 
62 
70 
51 
14 
75 
10 
86 
68 
2 
1 
89 
96 
48 
53 
29 
8 
32 
17 
26 
34 
39 
23 
98 
18 
95 
92 
100 
21 
61 
30 
87 
84 
24 
85 
3 
63 
40 
10 
94 
97 
33 
64 
99 
54 
66 
70 
47 
7 
49 
67 
62 
68 
11 
69 
2 
20 
28 
50 
71 
88 
6 
78 
89 
75 
84 
76 
82 
18 
29 
38 
96 
86 
85 
23 
80 
70 
64 
54 
58 
19 
34 
1 
53 
37 
32 
55 
63 
12 
48 
24 
61 
50 
99 
25 
79 
100 
91 
10 
29 
94 
22 
92 
81 
95 
67 
97 
20 
16 
53 
65 
72 
8 
89 
31 
71 
83 
1 
56 
84 
101 
61 
86 
70 
63 
32 
39 
40 
62 
38 
68 
24 
30 
73 
46 
64 
75 
71 
94 
96 
51 
23 
7 
8 
50 
53 
95 
28 
83 
99 
67 
72 
74 
93 
48 
86 
16 
39 
32 
65 
12 
37 
10 
19 
89 
11 
50 
87 
71 
68 
90 
23 
54 
24 
59 
3 
6 
96 
25 
53 
1 
99 
100 
80 
8 
21 
69 
27 
61 
56 
10 
91 
101 
16 
33 
32 
92 
7 
24 
51 
38 
71 
75 
94 
39 
89 
53 
26 
58 
37 
48 
18 
90 
55 
23 
21 
4 
12 
66 
36 
68 
1 
86 
29 
95 
8 
96 
54 
62 
34 
100 
37 
61 
52 
42 
72 
67 
91 
53 
92 
39 
64 
69 
63 
16 
24 
75 
0 
82 
86 
84 
94 
7 
48 
79 
47 
20 
100 
54 
12 
50 
81 
31 
89 
51 
101 
32 
29 
62 
70 
3 
68 
96 
19 
82 
71 
63 
34 
52 
75 
72 
85 
5 
65 
33 
21 
92 
100 
8 
10 
90 
39 
86 
7 
48 
95 
24 
58 
53 
101 
91 
6 
99 
96 
3 
2 
68 
80 
62 
55 
88 
87 
57 
50 
79 
73 
22 
75 
36 
64 
8 
72 
78 
29 
94 
35 
1 
7 
23 
5 
84 
58 
91 
54 
53 
56 
89 
65 
39 
18 
83 
51 
32 
6 
92 
16 
62 
86 
96 
100 
99 
71 
101 
81 
93 
47 
40 
14 
95 
87 
10 
55 
51 
37 
19 
80 
85 
29 
63 
34 
91 
61 
49 
83 
89 
2 
58 
48 
7 
64 
36 
17 
46 
87 
86 
88 
59 
23 
100 
96 
75 
92 
68 
11 
71 
72 
56 
101 
10 
39 
80 
79 
2 
55 
64 
32 
50 
95 
75 
40 
62 
63 
34 
22 
38 
29 
25 
7 
59 
1 
84 
53 
78 
64 
55 
101 
48 
93 
54 
96 
70 
56 
95 
58 
36 
16 
94 
75 
4 
5 
87 
3 
62 
85 
18 
12 
100 
15 
14 
81 
0 
92 
59 
67 
73 
35 
1 
24 
78 
23 
75 
61 
86 
21 
48 
71 
89 
7 
64 
50 
87 
82 
43 
3 
84 
68 
10 
33 
53 
2 
56 
85 
69 
27 
93 
101 
55 
79 
75 
34 
16 
7 
19 
58 
81 
100 
18 
72 
86 
83 
24 
56 
64 
31 
29 
32 
25 
5 
47 
71 
54 
45 
96 
50 
4 
85 
62 
97 
23 
79 
21 
73 
90 
89 
27 
30 
72 
10 
39 
3 
91 
68 
95 
100 
33 
6 
53 
58 
34 
7 
78 
87 
83 
19 
90 
99 
12 
46 
1 
56 
62 
50 
20 
39 
48 
32 
88 
24 
91 
51 
8 
97 
10 
84 
0 
89 
37 
59 
67 
87 
95 
96 
86 
73 
25 
49 
55 
71 
90 
80 
19 
18 
24 
27 
61 
16 
101 
47 
4 
99 
84 
58 
68 
59 
50 
33 
53 
100 
72 
25 
39 
36 
5 
91 
54 
12 
4 
7 
94 
3 
95 
40 
64 
90 
50 
70 
14 
63 
27 
32 
69 
24 
61 
75 
55 
53 
11 
10 
1 
101 
16 
8 
6 
95 
80 
86 
33 
46 
22 
85 
71 
13 
91 
31 
37 
87 
58 
51 
48 
92 
4 
68 
79 
84 
2 
95 
18 
74 
76 
21 
39 
65 
12 
94 
28 
88 
82 
3 
29 
89 
54 
63 
62 
86 
24 
91 
67 
73 
93 
2 
95 
34 
64 
53 
80 
101 
25 
61 
85 
32 
75 
44 
70 
10 
8 
59 
18 
79 
56 
71 
48 
65 
96 
90 
54 
1 
28 
3 
94 
58 
16 
89 
100 
51 
4 
48 
55 
64 
71 
30 
23 
12 
84 
7 
69 
75 
85 
24 
20 
99 
62 
25 
94 
88 
93 
21 
3 
83 
95 
47 
71 
70 
53 
92 
10 
91 
34 
85 
59 
29 
101 
80 
97 
23 
39 
1 
64 
19 
16 
66 
51 
37 
11 
63 
7 
69 
94 
38 
27 
70 
100 
58 
95 
72 
25 
89 
61 
36 
3 
68 
62 
10 
18 
5 
42 
92 
46 
91 
54 
1 
84 
53 
7 
6 
24 
48 
88 
58 
39 
51 
101 
80 
61 
86 
99 
65 
95 
75 
100 
37 
64 
40 
11 
10 
19 
16 
55 
59 
96 
27 
84 
47 
63 
2 
3 
18 
8 
31 
89 
38 
71 
87 
75 
93 
99 
67 
101 
64 
56 
70 
62 
79 
16 
53 
65 
80 
97 
66 
89 
46 
100 
54 
34 
86 
59 
58 
10 
88 
84 
25 
95 
55 
24 
85 
5 
68 
67 
81 
83 
1 
11 
7 
19 
101 
49 
78 
96 
18 
33 
42 
80 
61 
75 
89 
91 
29 
12 
38 
55 
86 
16 
26 
53 
24 
92 
64 
48 
84 
3 
90 
20 
10 
22 
7 
85 
25 
71 
68 
32 
95 
40 
99 
62 
4 
56 
78 
81 
58 
23 
75 
98 
29 
54 
85 
73 
87 
2 
49 
71 
95 
61 
64 
86 
39 
62 
91 
10 
97 
32 
101 
54 
58 
75 
37 
42 
89 
40 
80 
19 
20 
79 
41 
78 
55 
84 
1 
24 
47 
14 
3 
16 
96 
56 
53 
23 
5 
95 
85 
62 
90 
86 
22 
101 
37 
50 
67 
75 
8 
64 
99 
25 
68 
30 
7 
19 
12 
82 
55 
94 
16 
63 
61 
49 
48 
33 
89 
10 
24 
81 
23 
18 
56 
51 
71 
86 
45 
70 
19 
83 
32 
90 
92 
28 
99 
100 
54 
87 
73 
39 
5 
3 
22 
62 
10 
85 
7 
61 
64 
49 
1 
23 
15 
11 
40 
21 
95 
71 
48 
5 
34 
99 
72 
55 
94 
70 
63 
24 
50 
36 
89 
31 
92 
39 
88 
37 
32 
61 
29 
80 
58 
20 
27 
8 
86 
49 
93 
0 
47 
64 
23 
68 
75 
94 
25 
1 
96 
65 
32 
62 
84 
87 
5 
16 
95 
56 
19 
58 
89 
61 
37 
55 
39 
91 
100 
90 
63 
72 
83 
42 
69 
64 
94 
80 
24 
43 
99 
62 
52 
38 
84 
49 
1 
53 
36 
101 
78 
86 
48 
96 
82 
34 
19 
75 
70 
7 
12 
83 
55 
68 
2 
26 
10 
99 
47 
71 
53 
61 
89 
38 
59 
36 
51 
23 
39 
8 
22 
75 
64 
5 
80 
31 
56 
7 
68 
95 
69 
88 
3 
62 
54 
34 
48 
90 
25 
18 
1 
91 
96 
10 
101 
12 
40 
6 
53 
67 
94 
19 
16 
84 
93 
23 
96 
83 
89 
56 
100 
72 
7 
24 
22 
68 
82 
92 
54 
99 
11 
39 
73 
65 
31 
64 
61 
8 
58 
75 
80 
10 
6 
71 
14 
96 
16 
95 
18 
4 
29 
88 
48 
36 
24 
19 
62 
101 
65 
86 
5 
38 
89 
1 
49 
32 
0 
84 
50 
34 
82 
54 
39 
42 
7 
70 
40 
11 
23 
68 
53 
100 
90 
92 
80 
58 
45 
87 
10 
12 
3 
0 
67 
48 
21 
86 
91 
68 
1 
37 
78 
56 
61 
97 
29 
24 
93 
70 
63 
101 
96 
71 
19 
87 
25 
18 
7 
15 
20 
51 
53 
95 
47 
88 
49 
55 
54 
64 
38 
85 
39 
62 
90 
75 
3 
16 
1 
97 
5 
34 
2 
100 
12 
11 
83 
74 
87 
84 
96 
7 
20 
27 
23 
0 
22 
50 
28 
32 
92 
94 
48 
72 
29 
53 
80 
63 
85 
24 
40 
47 
99 
62 
23 
6 
87 
64 
70 
37 
89 
100 
20 
83 
50 
56 
39 
34 
5 
7 
38 
63 
101 
11 
73 
24 
85 
71 
86 
75 
12 
80 
22 
93 
91 
16 
90 
7 
70 
59 
36 
58 
78 
55 
79 
23 
83 
21 
92 
62 
72 
3 
69 
54 
94 
65 
67 
63 
15 
23 
2 
48 
19 
88 
34 
1 
46 
87 
25 
10 
93 
79 
89 
50 
4 
32 
76 
101 
71 
37 
7 
80 
96 
38 
91 
72 
5 
36 
39 
100 
26 
54 
81 
33 
52 
48 
42 
29 
3 
83 
28 
34 
89 
31 
64 
6 
58 
10 
5 
39 
79 
7 
20 
86 
101 
40 
12 
51 
22 
63 
23 
65 
32 
96 
71 
50 
95 
88 
38 
53 
89 
3 
8 
84 
14 
29 
36 
80 
75 
16 
49 
27 
24 
100 
7 
2 
63 
28 
92 
99 
37 
11 
87 
95 
68 
55 
88 
94 
15 
83 
82 
86 
48 
39 
62 
20 
29 
36 
73 
4 
51 
34 
38 
93 
12 
59 
92 
3 
50 
84 
24 
65 
32 
54 
98 
10 
90 
95 
64 
89 
75 
101 
23 
87 
88 
91 
85 
96 
47 
100 
12 
2 
40 
11 
54 
58 
56 
51 
93 
7 
50 
8 
39 
37 
24 
72 
63 
20 
71 
10 
79 
16 
48 
65 
59 
1 
34 
80 
12 
33 
32 
42 
84 
61 
87 
47 
100 
31 
51 
38 
18 
101 
53 
56 
39 
71 
95 
86 
46 
79 
64 
49 
11 
75 
63 
72 
94 
65 
88 
2 
89 
29 
68 
91 
10 
50 
95 
82 
96 
19 
5 
67 
39 
12 
79 
61 
4 
101 
7 
70 
83 
59 
53 
25 
3 
86 
18 
92 
94 
62 
93 
48 
20 
65 
49 
47 
55 
6 
43 
54 
46 
85 
38 
63 
100 
40 
39 
64 
27 
56 
72 
8 
94 
69 
97 
80 
53 
88 
66 
36 
50 
90 
25 
87 
71 
0 
16 
96 
28 
7 
34 
29 
37 
1 
10 
101 
63 
33 
75 
62 
40 
91 
86 
12 
67 
94 
52 
92 
46 
31 
83 
53 
18 
2 
68 
24 
49 
99 
51 
61 
64 
63 
97 
25 
4 
58 
22 
47 
70 
65 
1 
14 
89 
