0.021000 
0.021400 
0.022600 
0.022700 
0.023600 
0.024700 
0.025300 
0.025900 
0.026600 
0.027400 
0.027400 
0.027600 
0.027800 
0.027900 
0.028300 
0.028500 
0.030200 
0.030400 
0.030800 
0.030800 
0.031100 
0.031600 
0.031600 
0.031900 
0.032100 
0.032300 
0.032700 
0.032800 
0.032900 
0.034000 
0.034200 
0.034800 
0.034800 
0.035500 
0.035500 
0.035600 
0.035700 
0.036100 
0.036400 
0.036500 
0.036900 
0.037200 
0.038100 
0.038200 
0.038300 
0.039100 
0.039100 
0.039200 
0.039200 
0.039800 
0.040400 
0.040800 
0.041200 
0.041600 
0.041800 
0.041800 
0.042400 
0.042700 
0.042900 
0.043500 
0.044000 
0.044300 
0.044500 
0.044500 
0.044600 
0.044700 
0.045200 
0.045300 
0.045400 
0.045400 
0.045500 
0.045800 
0.046900 
0.047700 
0.047700 
0.048000 
0.048300 
0.049200 
0.049300 
0.052500 
0.053900 
0.054100 
0.054100 
0.054200 
0.054700 
0.055000 
0.055000 
0.055300 
0.055500 
0.056200 
0.056300 
0.056400 
0.057100 
0.057900 
0.057900 
0.058200 
0.059000 
0.059600 
0.059700 
0.059800 
0.059900 
0.060000 
0.060800 
0.061200 
0.062000 
0.063200 
0.063500 
0.063700 
0.063800 
0.063900 
0.064100 
0.064500 
0.064600 
0.064800 
0.064800 
0.065400 
0.065500 
0.065700 
0.066100 
0.066100 
0.067000 
0.069200 
0.070300 
0.071600 
0.072100 
0.072300 
0.072400 
0.072700 
0.073000 
0.074400 
0.075000 
0.076000 
0.076400 
0.076700 
0.076800 
0.077300 
0.077600 
0.078600 
0.079400 
0.079400 
0.079800 
0.079800 
0.080300 
0.080600 
0.081500 
0.081700 
0.082000 
0.082600 
0.082800 
0.082900 
0.083200 
0.083300 
0.084900 
0.085200 
0.087700 
0.088200 
0.089400 
0.089400 
0.089500 
0.090400 
0.090900 
0.091400 
0.093000 
0.093700 
0.094000 
0.095100 
0.095200 
0.095500 
0.095500 
0.096300 
0.096300 
0.096700 
0.096800 
0.097000 
0.097800 
0.098000 
0.098200 
0.098800 
0.099100 
0.099600 
0.099900 
0.100200 
0.101600 
0.101700 
0.102100 
0.102100 
0.103100 
0.103300 
0.103300 
0.104900 
0.105300 
0.106100 
0.106400 
0.106400 
0.107000 
0.107500 
0.107600 
0.108400 
0.108500 
0.108700 
0.108900 
0.109000 
0.109100 
0.109300 
0.111100 
0.112200 
0.113400 
0.113800 
0.115000 
0.115100 
0.115300 
0.115400 
0.115800 
0.116100 
0.116300 
0.116700 
0.116700 
0.118300 
0.118700 
0.118900 
0.118900 
0.119000 
0.120200 
0.120200 
0.120700 
0.121400 
0.122600 
0.122700 
0.123000 
0.123700 
0.123800 
0.123800 
0.123900 
0.123900 
0.124200 
0.124500 
0.124700 
0.124800 
0.125000 
0.125400 
0.126500 
0.127400 
0.127600 
0.127700 
0.128000 
0.128300 
0.128800 
0.129600 
0.129800 
0.130100 
0.130900 
0.130900 
0.132100 
0.132200 
0.132900 
0.133000 
0.133400 
0.134700 
0.135100 
0.135100 
0.135600 
0.136000 
0.136100 
0.137100 
0.137200 
0.137700 
0.137800 
0.137900 
0.138000 
0.138400 
0.138700 
0.139100 
0.141100 
0.141400 
0.141700 
0.142000 
0.142100 
0.142600 
0.143500 
0.143800 
0.144100 
0.145600 
0.146100 
0.146200 
0.146200 
0.146900 
0.147300 
0.147400 
0.148200 
0.148200 
0.148600 
0.149300 
0.150100 
0.151100 
0.151200 
0.151400 
0.151400 
0.151500 
0.153400 
0.153400 
0.154000 
0.154000 
0.154200 
0.154300 
0.154700 
0.155400 
0.155500 
0.156300 
0.156400 
0.157100 
0.157300 
0.158100 
0.159100 
0.160100 
0.160100 
0.160500 
0.160600 
0.162100 
0.162200 
0.162800 
0.162800 
0.163700 
0.163700 
0.163900 
0.166800 
0.168300 
0.168400 
0.169000 
0.170000 
0.170000 
0.170900 
0.171000 
0.171000 
0.171500 
0.171800 
0.172300 
0.172500 
0.172600 
0.173800 
0.173800 
0.174000 
0.174200 
0.174200 
0.174500 
0.174600 
0.174900 
0.175100 
0.175200 
0.175400 
0.176000 
0.176200 
0.176300 
0.176600 
0.176700 
0.177000 
0.177400 
0.177600 
0.178000 
0.178700 
0.178900 
0.179000 
0.179100 
0.179100 
0.179400 
0.180500 
0.180600 
0.181200 
0.182500 
0.182600 
0.184600 
0.185200 
0.185200 
0.186100 
0.186400 
0.187200 
0.187400 
0.187500 
0.188300 
0.188800 
0.188900 
0.191100 
0.191300 
0.191400 
0.191400 
0.191600 
0.192600 
0.193400 
0.193600 
0.194600 
0.196400 
0.196800 
0.196900 
0.197200 
0.198100 
0.199600 
0.200700 
0.200800 
0.201300 
0.201900 
0.202700 
0.202800 
0.203200 
0.203300 
0.205600 
0.205800 
0.205900 
0.205900 
0.206100 
0.206400 
0.206800 
0.207700 
0.207800 
0.207900 
0.208300 
0.209900 
0.210700 
0.210800 
0.211200 
0.211700 
0.211900 
0.212400 
0.212800 
0.213400 
0.214000 
0.214100 
0.214100 
0.214800 
0.215200 
0.215300 
0.215900 
0.216700 
0.217000 
0.218000 
0.218700 
0.219300 
0.219300 
0.219700 
0.220300 
0.221800 
0.222600 
0.222600 
0.223300 
0.224100 
0.227400 
0.227500 
0.228400 
0.228400 
0.229700 
0.229700 
0.230000 
0.230100 
0.230900 
0.232100 
0.232400 
0.232900 
0.233100 
0.233100 
0.233500 
0.234000 
0.234200 
0.234700 
0.235300 
0.235600 
0.236800 
0.238500 
0.238900 
0.239100 
0.239800 
0.239800 
0.240100 
0.240500 
0.240900 
0.241900 
0.242700 
0.243600 
0.244200 
0.244400 
0.245100 
0.245900 
0.246500 
0.246500 
0.246700 
0.247000 
0.247700 
0.248500 
0.249100 
0.250000 
0.250900 
0.251400 
0.253000 
0.253000 
0.253100 
0.255300 
0.255700 
0.256400 
0.257800 
0.258900 
0.259000 
0.260000 
0.260300 
0.261000 
0.261200 
0.262100 
0.262400 
0.262700 
0.263000 
0.263100 
0.264600 
0.264800 
0.265600 
0.265700 
0.266200 
0.266800 
0.266900 
0.267000 
0.267500 
0.272300 
0.273300 
0.273300 
0.274100 
0.274400 
0.274400 
0.275500 
0.276200 
0.277700 
0.278300 
0.279700 
0.280600 
0.281100 
0.281900 
0.281900 
0.282400 
0.283300 
0.284700 
0.284700 
0.285100 
0.285200 
0.285500 
0.285700 
0.286000 
0.286100 
0.286100 
0.286200 
0.286800 
0.286900 
0.287100 
0.287500 
0.288400 
0.288400 
0.288500 
0.289500 
0.289700 
0.290000 
0.290500 
0.290800 
0.291100 
0.291300 
0.292700 
0.293100 
0.293700 
0.293800 
0.294600 
0.296300 
0.296700 
0.296900 
0.297800 
0.297800 
0.300000 
0.300200 
0.300900 
0.301300 
0.301300 
0.302800 
0.303400 
0.303800 
0.305600 
0.306300 
0.306500 
0.307600 
0.307900 
0.308500 
0.308900 
0.309300 
0.309300 
0.309300 
0.309800 
0.309800 
0.309900 
0.311300 
0.311900 
0.312000 
0.313100 
0.313300 
0.314200 
0.314300 
0.315300 
0.315500 
0.315500 
0.315700 
0.315900 
0.316100 
0.316400 
0.316500 
0.316600 
0.317000 
0.318300 
0.318500 
0.318600 
0.318700 
0.319000 
0.319100 
0.319200 
0.319400 
0.319500 
0.319600 
0.319800 
0.320200 
0.321000 
0.321100 
0.321600 
0.321600 
0.322500 
0.323000 
0.323200 
0.323400 
0.323600 
0.323600 
0.323800 
0.324200 
0.324200 
0.324500 
0.324600 
0.326700 
0.327300 
0.327700 
0.327700 
0.328500 
0.328600 
0.328900 
0.328900 
0.329000 
0.329100 
0.329100 
0.329300 
0.329600 
0.329600 
0.330500 
0.330600 
0.330600 
0.331500 
0.331700 
0.331800 
0.331800 
0.331900 
0.332100 
0.332300 
0.332700 
0.332800 
0.334000 
0.334300 
0.334700 
0.335100 
0.335500 
0.337600 
0.337900 
0.338300 
0.338600 
0.339600 
0.339800 
0.341400 
0.342300 
0.342500 
0.342800 
0.343800 
0.344800 
0.345000 
0.345700 
0.345800 
0.346300 
0.346800 
0.347000 
0.347200 
0.347500 
0.348000 
0.348600 
0.348800 
0.349000 
0.349400 
0.349700 
0.350200 
0.350600 
0.350600 
0.351200 
0.351300 
0.351700 
0.351900 
0.352100 
0.352500 
0.352500 
0.352800 
0.352900 
0.353500 
0.354100 
0.355800 
0.356300 
0.356300 
0.356500 
0.357300 
0.358700 
0.359200 
0.359500 
0.360300 
0.360900 
0.361400 
0.362000 
0.362000 
0.362400 
0.362500 
0.363000 
0.363000 
0.363500 
0.363700 
0.364000 
0.364100 
0.364700 
0.364700 
0.365000 
0.365400 
0.365900 
0.366200 
0.366600 
0.366800 
0.367600 
0.368600 
0.370500 
0.371200 
0.371600 
0.372100 
0.372600 
0.373800 
0.374900 
0.375400 
0.375500 
0.376200 
0.376700 
0.376800 
0.377000 
0.377600 
0.379000 
0.379900 
0.379900 
0.380300 
0.380300 
0.380400 
0.380900 
0.381100 
0.382100 
0.382200 
0.382400 
0.382700 
0.383500 
0.383700 
0.384300 
0.384500 
0.384800 
0.385000 
0.385400 
0.385500 
0.385500 
0.385600 
0.385800 
0.386000 
0.386300 
0.386300 
0.386700 
0.386700 
0.386900 
0.387500 
0.387600 
0.387700 
0.388100 
0.388600 
0.390600 
0.391000 
0.391500 
0.392900 
0.394100 
0.394200 
0.394500 
0.394800 
0.395200 
0.395400 
0.395700 
0.397300 
0.397500 
0.397600 
0.398200 
0.398700 
0.399100 
0.399600 
0.400000 
0.400000 
0.400400 
0.400600 
0.401400 
0.402000 
0.402000 
0.402700 
0.402900 
0.403000 
0.403200 
0.404100 
0.404800 
0.405000 
0.405000 
0.405500 
0.406300 
0.406400 
0.406800 
0.406900 
0.407000 
0.407600 
0.407700 
0.408100 
0.408200 
0.408300 
0.408300 
0.408500 
0.408800 
0.408900 
0.409100 
0.410400 
0.411100 
0.411100 
0.411600 
0.411700 
0.412100 
0.412200 
0.413600 
0.413600 
0.414100 
0.415100 
0.415200 
0.416700 
0.418600 
0.418800 
0.419000 
0.419000 
0.419200 
0.420600 
0.421500 
0.421600 
0.421800 
0.421800 
0.421900 
0.422300 
0.422500 
0.423200 
0.424200 
0.425100 
0.425300 
0.425700 
0.426700 
0.426800 
0.427600 
0.427900 
0.428000 
0.428200 
0.428200 
0.428500 
0.430600 
0.431700 
0.432900 
0.433000 
0.434100 
0.435200 
0.436000 
0.436400 
0.436600 
0.437100 
0.437100 
0.437400 
0.437600 
0.438600 
0.438600 
0.438800 
0.439800 
0.441500 
0.442200 
0.442300 
0.444600 
0.445100 
0.446300 
0.446700 
0.447000 
0.447700 
0.447900 
0.448500 
0.448500 
0.449100 
0.449200 
0.449500 
0.450200 
0.450700 
0.451500 
0.452700 
0.452800 
0.453100 
0.453300 
0.453400 
0.453500 
0.454000 
0.455000 
0.457200 
0.458100 
0.458400 
0.458800 
0.460300 
0.460500 
0.461100 
0.461700 
0.461900 
0.462300 
0.463000 
0.463300 
0.464000 
0.464200 
0.464700 
0.465700 
0.465800 
0.465900 
0.466000 
0.466300 
0.466300 
0.467200 
0.467400 
0.467900 
0.468100 
0.468100 
0.468200 
0.468300 
0.468700 
0.469200 
0.469200 
0.469600 
0.470400 
0.470500 
0.470600 
0.473200 
0.473300 
0.473600 
0.474100 
0.474500 
0.475200 
0.475300 
0.475300 
0.477000 
0.477100 
0.477300 
0.479500 
0.479500 
0.479600 
0.479800 
0.480800 
0.480800 
0.482400 
0.483300 
0.483300 
0.483800 
0.484100 
0.486600 
0.487200 
0.487300 
0.487400 
0.487400 
0.487500 
0.490100 
0.490800 
0.490900 
0.491100 
0.493400 
0.493500 
0.493700 
0.493800 
0.493900 
0.494700 
0.495700 
0.496300 
0.496800 
0.497400 
0.497900 
0.498500 
0.499800 
0.500000 
0.500100 
0.501400 
0.501600 
0.501800 
0.502300 
0.503600 
0.504500 
0.505100 
0.505200 
0.505400 
0.505800 
0.506200 
0.506400 
0.507100 
0.507600 
0.509600 
0.509700 
0.510300 
0.510600 
0.511500 
0.511500 
0.511700 
0.512100 
0.514000 
0.514300 
0.514400 
0.514500 
0.515300 
0.515900 
0.516000 
0.516700 
0.516700 
0.516700 
0.517000 
0.517100 
0.517600 
0.517800 
0.518100 
0.518100 
0.518400 
0.518600 
0.519000 
0.519200 
0.519700 
0.519900 
0.520100 
0.521700 
0.521700 
0.522300 
0.522800 
0.523900 
0.524300 
0.524400 
0.525500 
0.525800 
0.526600 
0.526800 
0.527000 
0.527300 
0.527800 
0.528000 
0.529300 
0.531600 
0.531800 
0.532000 
0.533000 
0.533100 
0.533400 
0.533600 
0.533800 
0.534900 
0.535000 
0.535800 
0.535800 
0.536600 
0.537000 
0.537100 
0.537500 
0.538200 
0.538900 
0.539500 
0.539600 
0.539700 
0.540000 
0.540300 
0.541600 
0.541600 
0.542300 
0.542900 
0.544500 
0.545200 
0.545300 
0.545900 
0.546100 
0.546100 
0.546300 
0.548000 
0.548500 
0.549400 
0.549600 
0.549600 
0.549700 
0.549800 
0.550600 
0.551800 
0.551900 
0.552500 
0.553100 
0.553300 
0.553500 
0.553900 
0.554500 
0.556600 
0.557400 
0.557800 
0.558000 
0.558200 
0.558200 
0.558900 
0.558900 
0.559500 
0.560000 
0.560600 
0.561600 
0.561800 
0.562100 
0.562200 
0.562600 
0.564100 
0.565500 
0.565600 
0.566800 
0.567300 
0.568100 
0.568800 
0.569000 
0.569200 
0.569900 
0.570500 
0.570600 
0.570900 
0.571100 
0.571800 
0.571900 
0.572600 
0.573200 
0.573300 
0.574300 
0.574400 
0.574500 
0.575200 
0.575300 
0.575900 
0.576400 
0.577400 
0.577500 
0.578100 
0.578800 
0.579600 
0.580200 
0.580400 
0.580800 
0.581500 
0.581800 
0.582200 
0.582400 
0.583800 
0.584000 
0.584200 
0.584200 
0.584500 
0.584600 
0.584700 
0.584700 
0.584900 
0.585200 
0.586200 
0.586300 
0.586400 
0.587700 
0.587800 
0.588600 
0.589000 
0.589700 
0.589900 
0.591700 
0.591800 
0.593300 
0.594500 
0.595500 
0.596200 
0.596400 
0.597700 
0.597800 
0.598300 
0.598400 
0.598500 
0.598600 
0.599200 
0.601100 
0.602000 
0.602200 
0.602600 
0.602600 
0.602600 
0.602900 
0.605300 
0.605400 
0.606100 
0.607300 
0.609300 
0.609800 
0.610400 
0.610500 
0.610700 
0.610800 
0.611000 
0.611700 
0.612500 
0.612700 
0.613200 
0.613300 
0.613400 
0.613900 
0.614600 
0.615000 
0.615300 
0.615700 
0.615800 
0.616700 
0.617100 
0.619200 
0.619500 
0.619600 
0.620100 
0.621900 
0.623300 
0.623500 
0.624400 
0.624500 
0.625500 
0.626600 
0.627300 
0.627300 
0.627800 
0.628500 
0.628500 
0.629200 
0.629400 
0.629400 
0.629600 
0.630400 
0.631200 
0.631400 
0.631500 
0.631600 
0.631800 
0.632100 
0.633300 
0.633500 
0.633600 
0.633700 
0.634000 
0.634200 
0.634500 
0.635100 
0.635200 
0.635300 
0.635500 
0.636000 
0.636900 
0.637100 
0.637100 
0.637300 
0.638700 
0.638800 
0.638900 
0.638900 
0.641400 
0.641400 
0.641500 
0.641700 
0.642100 
0.642400 
0.643400 
0.643900 
0.645500 
0.646400 
0.647000 
0.647500 
0.649400 
0.649500 
0.650200 
0.650300 
0.650400 
0.650600 
0.650700 
0.650700 
0.650800 
0.650900 
0.651200 
0.651800 
0.652900 
0.653000 
0.653400 
0.653800 
0.654100 
0.654100 
0.654400 
0.654600 
0.655400 
0.655400 
0.655800 
0.656200 
0.657000 
0.657300 
0.657500 
0.658600 
0.659100 
0.659300 
0.659700 
0.659900 
0.659900 
0.661600 
0.662300 
0.664300 
0.664300 
0.664800 
0.665700 
0.665800 
0.667500 
0.667600 
0.668400 
0.668900 
0.669000 
0.669200 
0.669700 
0.670100 
0.670200 
0.670800 
0.671200 
0.671200 
0.671500 
0.672600 
0.673000 
0.675400 
0.675500 
0.676000 
0.676600 
0.676800 
0.677000 
0.677100 
0.677900 
0.678400 
0.679400 
0.680600 
0.680700 
0.680800 
0.681200 
0.681300 
0.681300 
0.682000 
0.682300 
0.683000 
0.683500 
0.683700 
0.684000 
0.684100 
0.684300 
0.685300 
0.685500 
0.685900 
0.685900 
0.687300 
0.687300 
0.687400 
0.688100 
0.688500 
0.689200 
0.689300 
0.689400 
0.689500 
0.689800 
0.690100 
0.690300 
0.691400 
0.691600 
0.691900 
0.692300 
0.692900 
0.693500 
0.693900 
0.694900 
0.695200 
0.695500 
0.696000 
0.696800 
0.696900 
0.697500 
0.697700 
0.697700 
0.697900 
0.698300 
0.698400 
0.698600 
0.699300 
0.699600 
0.700000 
0.700800 
0.700900 
0.701100 
0.701500 
0.701900 
0.702000 
0.702300 
0.703700 
0.704200 
0.704400 
0.704600 
0.706200 
0.707400 
0.707500 
0.707800 
0.708100 
0.708500 
0.709100 
0.710200 
0.710700 
0.710900 
0.711900 
0.712600 
0.713400 
0.716100 
0.716200 
0.716200 
0.716300 
0.716300 
0.717300 
0.717600 
0.717900 
0.718200 
0.718300 
0.718400 
0.718900 
0.719300 
0.720500 
0.721000 
0.721500 
0.721500 
0.721600 
0.721600 
0.721800 
0.722400 
0.722800 
0.723200 
0.723500 
0.724400 
0.724600 
0.726000 
0.726700 
0.726700 
0.728200 
0.729000 
0.729400 
0.729600 
0.730300 
0.732800 
0.734500 
0.734500 
0.734800 
0.737200 
0.737300 
0.737700 
0.738000 
0.740500 
0.740900 
0.740900 
0.740900 
0.741000 
0.741100 
0.741100 
0.742000 
0.742300 
0.742500 
0.742800 
0.743900 
0.744800 
0.744800 
0.745000 
0.745700 
0.745800 
0.745900 
0.747100 
0.747200 
0.747500 
0.748500 
0.748600 
0.749000 
0.749300 
0.749400 
0.750300 
0.752000 
0.752300 
0.752400 
0.753200 
0.753600 
0.753800 
0.754000 
0.754700 
0.755000 
0.755000 
0.755600 
0.756000 
0.756000 
0.756300 
0.756400 
0.756500 
0.756600 
0.757600 
0.758300 
0.758800 
0.759500 
0.760200 
0.760200 
0.760600 
0.762500 
0.762700 
0.763100 
0.763200 
0.763400 
0.765700 
0.765900 
0.766600 
0.767400 
0.767900 
0.769700 
0.769800 
0.770600 
0.770700 
0.771000 
0.773300 
0.773500 
0.773600 
0.774500 
0.774600 
0.775000 
0.775100 
0.775200 
0.775200 
0.775400 
0.775700 
0.775800 
0.775800 
0.778000 
0.780900 
0.781600 
0.782200 
0.783100 
0.783300 
0.783400 
0.784200 
0.786100 
0.786800 
0.787100 
0.787300 
0.787300 
0.788200 
0.788400 
0.788700 
0.789500 
0.789800 
0.790100 
0.792400 
0.793100 
0.793300 
0.793800 
0.794100 
0.794800 
0.794900 
0.795100 
0.796300 
0.797300 
0.797800 
0.797900 
0.798200 
0.798300 
0.798500 
0.798900 
0.799000 
0.799500 
0.801200 
0.801200 
0.801500 
0.801600 
0.802500 
0.802600 
0.802900 
0.802900 
0.803200 
0.803300 
0.804200 
0.804900 
0.805100 
0.805900 
0.805900 
0.806600 
0.807100 
0.807500 
0.807700 
0.809800 
0.810000 
0.810300 
0.810300 
0.810900 
0.811000 
0.811200 
0.811600 
0.811800 
0.811900 
0.812500 
0.812500 
0.813000 
0.813300 
0.813700 
0.814100 
0.814600 
0.815400 
0.815500 
0.815500 
0.815500 
0.815600 
0.815700 
0.816000 
0.816200 
0.816300 
0.816300 
0.816700 
0.816900 
0.817300 
0.817300 
0.817600 
0.817700 
0.818500 
0.818600 
0.818700 
0.819500 
0.819700 
0.819800 
0.820600 
0.821900 
0.822600 
0.822800 
0.823000 
0.823100 
0.823600 
0.823600 
0.824200 
0.824300 
0.824700 
0.824900 
0.825100 
0.825700 
0.826600 
0.826900 
0.827000 
0.827300 
0.827500 
0.827500 
0.827800 
0.828100 
0.828200 
0.828800 
0.829300 
0.830000 
0.830800 
0.831500 
0.831700 
0.832100 
0.832200 
0.832300 
0.832800 
0.832900 
0.834000 
0.834100 
0.834100 
0.834700 
0.836000 
0.836100 
0.836900 
0.837300 
0.837400 
0.838300 
0.838300 
0.838700 
0.839200 
0.839500 
0.839600 
0.839900 
0.840300 
0.840600 
0.841100 
0.841300 
0.841500 
0.841500 
0.841800 
0.841900 
0.842600 
0.842700 
0.842700 
0.842700 
0.843800 
0.843900 
0.844200 
0.844500 
0.845500 
0.845600 
0.846400 
0.847300 
0.848300 
0.848900 
0.848900 
0.849100 
0.850000 
0.850500 
0.851300 
0.852700 
0.852900 
0.853300 
0.854100 
0.854100 
0.854200 
0.854500 
0.855100 
0.856500 
0.857400 
0.858300 
0.859000 
0.859200 
0.859400 
0.859900 
0.860100 
0.860600 
0.861100 
0.861300 
0.861800 
0.862200 
0.862300 
0.862900 
0.863400 
0.863500 
0.864100 
0.864900 
0.865500 
0.865700 
0.865800 
0.866100 
0.867100 
0.867100 
0.867400 
0.867700 
0.870300 
0.871100 
0.871300 
0.871300 
0.871400 
0.871800 
0.872500 
0.872600 
0.873600 
0.874000 
0.874500 
0.875100 
0.875300 
0.876000 
0.877300 
0.877700 
0.878000 
0.878300 
0.878300 
0.878500 
0.879000 
0.879400 
0.880800 
0.880800 
0.881000 
0.881200 
0.881300 
0.882300 
0.882600 
0.882800 
0.882900 
0.883000 
0.883200 
0.883800 
0.884000 
0.885600 
0.886200 
0.886500 
0.886500 
0.887400 
0.887400 
0.888200 
0.889200 
0.890800 
0.890900 
0.891800 
0.891900 
0.893200 
0.893300 
0.893900 
0.894000 
0.894900 
0.895200 
0.895800 
0.896200 
0.896500 
0.898100 
0.898200 
0.898900 
0.899500 
0.899600 
0.899800 
0.899900 
0.900500 
0.900500 
0.901000 
0.901300 
0.901300 
0.901700 
0.901700 
0.901800 
0.902000 
0.902100 
0.902700 
0.903000 
0.903100 
0.903100 
0.903300 
0.905500 
0.905800 
0.906600 
0.906700 
0.908000 
0.908700 
0.908800 
0.910500 
0.911400 
0.911500 
0.911800 
0.912200 
0.912500 
0.912600 
0.912800 
0.913100 
0.913600 
0.913600 
0.915100 
0.916400 
0.918000 
0.918100 
0.918500 
0.918800 
0.919900 
0.920200 
0.921100 
0.921300 
0.921700 
0.922400 
0.922500 
0.922900 
0.924400 
0.924400 
0.924500 
0.925300 
0.926100 
0.927300 
0.927700 
0.927800 
0.928100 
0.928300 
0.928400 
0.928700 
0.929400 
0.930100 
0.930500 
0.932700 
0.933300 
0.933300 
0.933900 
0.934500 
0.934800 
0.935000 
0.935200 
0.935600 
0.935900 
0.936200 
0.936200 
0.936600 
0.936900 
0.937200 
0.937300 
0.938000 
0.938300 
0.938600 
0.938900 
0.939300 
0.940200 
0.940200 
0.941000 
0.941000 
0.941200 
0.941800 
0.941900 
0.942000 
0.942100 
0.942200 
0.942400 
0.942600 
0.943200 
0.943600 
0.944600 
0.945100 
0.945500 
0.946000 
0.946900 
0.947100 
0.948100 
0.948200 
0.948300 
0.949200 
0.950100 
0.952000 
0.952100 
0.953200 
0.953900 
0.954000 
0.955200 
0.956000 
0.956400 
0.956900 
0.957100 
0.957100 
0.958100 
0.959100 
0.959300 
0.959300 
0.960100 
0.960200 
0.960500 
0.961200 
0.961400 
0.961700 
0.961800 
0.962100 
0.962500 
0.963200 
0.964100 
0.965500 
0.966100 
0.966600 
0.967300 
0.968000 
0.968300 
0.969500 
0.969900 
0.970600 
0.970700 
0.971200 
0.972300 
0.972400 
0.972800 
0.973500 
0.975600 
0.976000 
0.976200 
0.977400 
0.977600 
0.977800 
0.978600 
0.978600 
0.978900 
0.979800 
0.980600 
0.980700 
0.981900 
0.982100 
0.982900 
0.983000 
0.983400 
0.983400 
0.983400 
0.983500 
0.984700 
0.985200 
0.985600 
0.985600 
0.985900 
0.986000 
0.987000 
0.987200 
0.987400 
0.987900 
0.988000 
0.988200 
0.988800 
0.988900 
0.989700 
0.990100 
0.990300 
0.990400 
0.990600 
0.990900 
0.992700 
0.993600 
0.993800 
0.993800 
0.994500 
0.995200 
0.995500 
0.995500 
0.995800 
0.996100 
0.996200 
0.996500 
0.997000 
0.997100 
0.997600 
0.998100 
0.998100 
0.998300 
0.998500 
0.998500 
0.998700 
0.999000 
0.999600 
0.999700 
1.000200 
1.000300 
1.000500 
1.000700 
1.000700 
1.001200 
1.001600 
1.001600 
1.002100 
1.002100 
1.002500 
1.002700 
1.003000 
1.003600 
1.003600 
1.004600 
1.005100 
1.005200 
1.005500 
1.007500 
1.007600 
1.008200 
1.008200 
1.008600 
1.008800 
1.009000 
1.009800 
1.010300 
1.010800 
1.010800 
1.010900 
1.011200 
1.011400 
1.013000 
1.013000 
1.013200 
1.014000 
1.017100 
1.017400 
1.022000 
1.022000 
1.022500 
1.023000 
1.023000 
1.023200 
1.025300 
1.025700 
1.026100 
1.026100 
1.026800 
1.027000 
1.027000 
1.027700 
1.028800 
1.028900 
1.029000 
1.029200 
1.029400 
1.030200 
1.030500 
1.030500 
1.031100 
1.031100 
1.031800 
1.032100 
1.032200 
1.032700 
1.032800 
1.033000 
1.033300 
1.033400 
1.034400 
1.034400 
1.034500 
1.034900 
1.035200 
1.035200 
1.035700 
1.036500 
1.037100 
1.038000 
1.038700 
1.039100 
1.039100 
1.039600 
1.040400 
1.040500 
1.042000 
1.042500 
1.042800 
1.042900 
1.045000 
1.046500 
1.046600 
1.046700 
1.046900 
1.047400 
1.047500 
1.048000 
1.048200 
1.049100 
1.049100 
1.049100 
1.049400 
1.049600 
1.050600 
1.051100 
1.051100 
1.051100 
1.051700 
1.052900 
1.053600 
1.053700 
1.053900 
1.054000 
1.054300 
1.054800 
1.055100 
1.055500 
1.056200 
1.056300 
1.056300 
1.056700 
1.056900 
1.058400 
1.058400 
1.059300 
1.060100 
1.060200 
1.060500 
1.061300 
1.062700 
1.064000 
1.064300 
1.065100 
1.065200 
1.066200 
1.067400 
1.067600 
1.068200 
1.069200 
1.069500 
1.069800 
1.069900 
1.070400 
1.070900 
1.071200 
1.073000 
1.073300 
1.073500 
1.074600 
1.074900 
1.075300 
1.075400 
1.076100 
1.077900 
1.079600 
1.080600 
1.080600 
1.081900 
1.082300 
1.082600 
1.082600 
1.082900 
1.085200 
1.085300 
1.085400 
1.085700 
1.085900 
1.086000 
1.086000 
1.086500 
1.087000 
1.087200 
1.087200 
1.087200 
1.087300 
1.087400 
1.087700 
1.087700 
1.089100 
1.089200 
1.089700 
1.089700 
1.089800 
1.091200 
1.092900 
1.093000 
1.093300 
1.094000 
1.094700 
1.094700 
1.095100 
1.095300 
1.095400 
1.095600 
1.097700 
1.098200 
1.098600 
1.100700 
1.101000 
1.101900 
1.102400 
1.102600 
1.104000 
1.105100 
1.105100 
1.106100 
1.106500 
1.107100 
1.107200 
1.107500 
1.107700 
1.108800 
1.109000 
1.109100 
1.109300 
1.109500 
1.109600 
1.110500 
1.110600 
1.111300 
1.111900 
1.112400 
1.113500 
1.114100 
1.114900 
1.115700 
1.117200 
1.118300 
1.118700 
1.119500 
1.119700 
1.120500 
1.121000 
1.121100 
1.121900 
1.122500 
1.122600 
1.122700 
1.123100 
1.123100 
1.123200 
1.123600 
1.123700 
1.124000 
1.124000 
1.124000 
1.124700 
1.124800 
1.125100 
1.125100 
1.125400 
1.126200 
1.126300 
1.126400 
1.126400 
1.126700 
1.127100 
1.128100 
1.128200 
1.130800 
1.130900 
1.131100 
1.131400 
1.132200 
1.134400 
1.137000 
1.137300 
1.137600 
1.138800 
1.140200 
1.141300 
1.142100 
1.142500 
1.143100 
1.143400 
1.143500 
1.143600 
1.144100 
1.144300 
1.145000 
1.145700 
1.146500 
1.146600 
1.147800 
1.147900 
1.148100 
1.148500 
1.149400 
1.149800 
1.150400 
1.150900 
1.151100 
1.151400 
1.151700 
1.152000 
1.152200 
1.153000 
1.153500 
1.154200 
1.154300 
1.154500 
1.155500 
1.156700 
1.157100 
1.158100 
1.158100 
1.158500 
1.158600 
1.159200 
1.159500 
1.159900 
1.160500 
1.162400 
1.163800 
1.163900 
1.164300 
1.164300 
1.164700 
1.165600 
1.165800 
1.167200 
1.167300 
1.168500 
1.168900 
1.169500 
1.169700 
1.170300 
1.170700 
1.170900 
1.171600 
1.171700 
1.172000 
1.172300 
1.172400 
1.172400 
1.172600 
1.172800 
1.173800 
1.173900 
1.173900 
1.174200 
1.175400 
1.175500 
1.175600 
1.176000 
1.176100 
1.177000 
1.177800 
1.177900 
1.179200 
1.179500 
1.180000 
1.180500 
1.180900 
1.181500 
1.184100 
1.185200 
1.185600 
1.185600 
1.186100 
1.188500 
1.189500 
1.189600 
1.189800 
1.191200 
1.191200 
1.191200 
1.191400 
1.192000 
1.192300 
1.192400 
1.193100 
1.195400 
1.195500 
1.195600 
1.195600 
1.195700 
1.195900 
1.196300 
1.196500 
1.196700 
1.198500 
1.198600 
1.199200 
1.199500 
1.199900 
1.201100 
1.201200 
1.201600 
1.201700 
1.201900 
1.202800 
1.202800 
1.202900 
1.203100 
1.204100 
1.204200 
1.204400 
1.204400 
1.204400 
1.204600 
1.205300 
1.205700 
1.206100 
1.206200 
1.206900 
1.206900 
1.206900 
1.208200 
1.208200 
1.208600 
1.208800 
1.208900 
1.209100 
1.209700 
1.210100 
1.210200 
1.210600 
1.211400 
1.212400 
1.212900 
1.213100 
1.214700 
1.216500 
1.216600 
1.216900 
1.217100 
1.217700 
1.217800 
1.217800 
1.218000 
1.218100 
1.218300 
1.218300 
1.218700 
1.219200 
1.219400 
1.219400 
1.219500 
1.220200 
1.220200 
1.220400 
1.220600 
1.220700 
1.221000 
1.221200 
1.221200 
1.221900 
1.223200 
1.223700 
1.223800 
1.224000 
1.225200 
1.225600 
1.225900 
1.225900 
1.226100 
1.226200 
1.226900 
1.227500 
1.229900 
1.230300 
1.230800 
1.231200 
1.231200 
1.231500 
1.234300 
1.235000 
1.235300 
1.236500 
1.237300 
1.238300 
1.238900 
1.239200 
1.239900 
1.240200 
1.240400 
1.241500 
1.242100 
1.242400 
1.242500 
1.244400 
1.244400 
1.244900 
1.246100 
1.247200 
1.247900 
1.250000 
1.250100 
1.251000 
1.251200 
1.251700 
1.252200 
1.252300 
1.253000 
1.253200 
1.253300 
1.253500 
1.253800 
1.254500 
1.255300 
1.255600 
1.255700 
1.256300 
1.256300 
1.257100 
1.257300 
1.257600 
1.257600 
1.258000 
1.258400 
1.258800 
1.258800 
1.259400 
1.259500 
1.259600 
1.260400 
1.260500 
1.260800 
1.261100 
1.262000 
1.262400 
1.263800 
1.264600 
1.264600 
1.264700 
1.265200 
1.265700 
1.265900 
1.267300 
1.268600 
1.268600 
1.268600 
1.269000 
1.269000 
1.269300 
1.269600 
1.269900 
1.270200 
1.270700 
1.273400 
1.273900 
1.274000 
1.274600 
1.274700 
1.276000 
1.276100 
1.277100 
1.277200 
1.277500 
1.278000 
1.278300 
1.279700 
1.279900 
1.279900 
1.282700 
1.283000 
1.284700 
1.285100 
1.285400 
1.285800 
1.285800 
1.286800 
1.286800 
1.286900 
1.287700 
1.289100 
1.289300 
1.290200 
1.292000 
1.293600 
1.293700 
1.293700 
1.293800 
1.293900 
1.294100 
1.294400 
1.294800 
1.295200 
1.295300 
1.295300 
1.295600 
1.296100 
1.296200 
1.296700 
1.296800 
1.297100 
1.297100 
1.297500 
1.297600 
1.297600 
1.299800 
1.299900 
1.300000 
1.300500 
1.300900 
1.302800 
1.303200 
1.303300 
1.303400 
1.303800 
1.304200 
1.305000 
1.305100 
1.305900 
1.306100 
1.306300 
1.306800 
1.306900 
1.307500 
1.307800 
1.308200 
1.308400 
1.308600 
1.309000 
1.309100 
1.310600 
1.310900 
1.311600 
1.311700 
1.312300 
1.312400 
1.314500 
1.314600 
1.314600 
1.315500 
1.315700 
1.316400 
1.316700 
1.317000 
1.318900 
1.319000 
1.320100 
1.320200 
1.321900 
1.322300 
1.322700 
1.323600 
1.325900 
1.326300 
1.326400 
1.326500 
1.326700 
1.327600 
1.327700 
1.327900 
1.328500 
1.329700 
1.329800 
1.330100 
1.330700 
1.330800 
1.332100 
1.333200 
1.333500 
1.334800 
1.335300 
1.335800 
1.336300 
1.336400 
1.336500 
1.337400 
1.337500 
1.337800 
1.338400 
1.340900 
1.342300 
1.342300 
1.342500 
1.342800 
1.343100 
1.343200 
1.343800 
1.344300 
1.344400 
1.344400 
1.344600 
1.345200 
1.345300 
1.346200 
1.347000 
1.348100 
1.348400 
1.348600 
1.348900 
1.349100 
1.349600 
1.350100 
1.351000 
1.351600 
1.351800 
1.351900 
1.352800 
1.354500 
1.354500 
1.354700 
1.355300 
1.355300 
1.355700 
1.355900 
1.356600 
1.357700 
1.357800 
1.357800 
1.358700 
1.359300 
1.359500 
1.359700 
1.362100 
1.362500 
1.362600 
1.364200 
1.364700 
1.364700 
1.365100 
1.366200 
1.366600 
1.367000 
1.367000 
1.367400 
1.367600 
1.368600 
1.368600 
1.368900 
1.369000 
1.369000 
1.369000 
1.369200 
1.369300 
1.370600 
1.370800 
1.371200 
1.372000 
1.372200 
1.372600 
1.373200 
1.373600 
1.373700 
1.374500 
1.375600 
1.375800 
1.376400 
1.376700 
1.377500 
1.378500 
1.378600 
1.378800 
1.379300 
1.380800 
1.380900 
1.381200 
1.382400 
1.382500 
1.382800 
1.382800 
1.382900 
1.383400 
1.383500 
1.383800 
1.383900 
1.384400 
1.385200 
1.385200 
1.385400 
1.385800 
1.386300 
1.387100 
1.387600 
1.388400 
1.389100 
1.389100 
1.389100 
1.389200 
1.389800 
1.390000 
1.390800 
1.390800 
1.391700 
1.392100 
1.392300 
1.392400 
1.392500 
1.392800 
1.393000 
1.393600 
1.393800 
1.394200 
1.394300 
1.395000 
1.395000 
1.397200 
1.397500 
1.397800 
1.398000 
1.398300 
1.398700 
1.398800 
1.398900 
1.399400 
1.399700 
1.400200 
1.400300 
1.400500 
1.401200 
1.401400 
1.401500 
1.401600 
1.401900 
1.402100 
1.402200 
1.402800 
1.402900 
1.403300 
1.403800 
1.404200 
1.404200 
1.404400 
1.404500 
1.404600 
1.405700 
1.407100 
1.407600 
1.407800 
1.407900 
1.408500 
1.408900 
1.409000 
1.409400 
1.409400 
1.409500 
1.410400 
1.410900 
1.411500 
1.411600 
1.411800 
1.412300 
1.413300 
1.414800 
1.415300 
1.415400 
1.416600 
1.416800 
1.417000 
1.417100 
1.417500 
1.417600 
1.417800 
1.417800 
1.418400 
1.418700 
1.419000 
1.419100 
1.419100 
1.419400 
1.419600 
1.421200 
1.421500 
1.421700 
1.422400 
1.423200 
1.423400 
1.423500 
1.423600 
1.423900 
1.424200 
1.424500 
1.424700 
1.426000 
1.426200 
1.426400 
1.426900 
1.427800 
1.428500 
1.429200 
1.430000 
1.430700 
1.431000 
1.431900 
1.432000 
1.432200 
1.432300 
1.432700 
1.433400 
1.434300 
1.434900 
1.435200 
1.435700 
1.435700 
1.435800 
1.436700 
1.436900 
1.437400 
1.438000 
1.438100 
1.439200 
1.439500 
1.439600 
1.440000 
1.440700 
1.440700 
1.441500 
1.442000 
1.442800 
1.443300 
1.444100 
1.444700 
1.445400 
1.446000 
1.446100 
1.446800 
1.446900 
1.447000 
1.447200 
1.447300 
1.447800 
1.447900 
1.448200 
1.449300 
1.451900 
1.452300 
1.452300 
1.453600 
1.453900 
1.454200 
1.454500 
1.454500 
1.454500 
1.456600 
1.459100 
1.459300 
1.459700 
1.460700 
1.461300 
1.461800 
1.462300 
1.465100 
1.465600 
1.465700 
1.466100 
1.466200 
1.468600 
1.469400 
1.470600 
1.470900 
1.471200 
1.471700 
1.471900 
1.472100 
1.472300 
1.473100 
1.473100 
1.473200 
1.474100 
1.474500 
1.474600 
1.476200 
1.476400 
1.476600 
1.477100 
1.477400 
1.477800 
1.478300 
1.478400 
1.479000 
1.479100 
1.479500 
1.480300 
1.480800 
1.480900 
1.481500 
1.481700 
1.482000 
1.482400 
1.482600 
1.483100 
1.483300 
1.483300 
1.483800 
1.484300 
1.484700 
1.484800 
1.485000 
1.485000 
1.485200 
1.485200 
1.485400 
1.485800 
1.486700 
1.486900 
1.486900 
1.487800 
1.488400 
1.488600 
1.488600 
1.488700 
1.489700 
1.490600 
1.490600 
1.490700 
1.491500 
1.494000 
1.495100 
1.495600 
1.496200 
1.496600 
1.497400 
1.498400 
1.498900 
1.499300 
1.499400 
1.499500 
1.499700 
1.499900 
1.500200 
1.500600 
1.500900 
1.502600 
1.503800 
1.504200 
1.504900 
1.505000 
1.505600 
1.506900 
1.507500 
1.508700 
1.509100 
1.509500 
1.509600 
1.509700 
1.509800 
1.510100 
1.510200 
1.510400 
1.510800 
1.511400 
1.511900 
1.512200 
1.512800 
1.513400 
1.514000 
1.514400 
1.515600 
1.517400 
1.518100 
1.518300 
1.518400 
1.519000 
1.520100 
1.520500 
1.521000 
1.522100 
1.522700 
1.522700 
1.523000 
1.524300 
1.524400 
1.524500 
1.524700 
1.524800 
1.525800 
1.526100 
1.526300 
1.527000 
1.527700 
1.527900 
1.528300 
1.530300 
1.530300 
1.530400 
1.531600 
1.532900 
1.533600 
1.533900 
1.534700 
1.535100 
1.535600 
1.535700 
1.535900 
1.536500 
1.536800 
1.536900 
1.537000 
1.537400 
1.537800 
1.539900 
1.541000 
1.541200 
1.541300 
1.541400 
1.541600 
1.542900 
1.543000 
1.543100 
1.543500 
1.543600 
1.543700 
1.544400 
1.545900 
1.546200 
1.546500 
1.546800 
1.547500 
1.547600 
1.548000 
1.548100 
1.549000 
1.549300 
1.549400 
1.550800 
1.550800 
1.550900 
1.551000 
1.551300 
1.551500 
1.552100 
1.553700 
1.554600 
1.555400 
1.555600 
1.556700 
1.557200 
1.557700 
1.557800 
1.557800 
1.558200 
1.559000 
1.560600 
1.560700 
1.560900 
1.563400 
1.564500 
1.564900 
1.565000 
1.565300 
1.565300 
1.565500 
1.565700 
1.565900 
1.565900 
1.566200 
1.566500 
1.567200 
1.567700 
1.568300 
1.569400 
1.569500 
1.570500 
1.570600 
1.570800 
1.571100 
1.571200 
1.571900 
1.573900 
1.574100 
1.574800 
1.575200 
1.575300 
1.576400 
1.576700 
1.577900 
1.578800 
1.579400 
1.579600 
1.579900 
1.580000 
1.580600 
1.581000 
1.582000 
1.582100 
1.583800 
1.584400 
1.584500 
1.584700 
1.585300 
1.585400 
1.588200 
1.588600 
1.589900 
1.589900 
1.589900 
1.589900 
1.591600 
1.591900 
1.593100 
1.593700 
1.594000 
1.594500 
1.596800 
1.597100 
1.597300 
1.597400 
1.597400 
1.598600 
1.598900 
1.599800 
1.600100 
1.600600 
1.600800 
1.601300 
1.601300 
1.601500 
1.601500 
1.604200 
1.604900 
1.605500 
1.606100 
1.606100 
1.606700 
1.608400 
1.608800 
1.609900 
1.611200 
1.611300 
1.611400 
1.611700 
1.612500 
1.612600 
1.612600 
1.613400 
1.613800 
1.614000 
1.614200 
1.614700 
1.614800 
1.614900 
1.615700 
1.618300 
1.618600 
1.618600 
1.619000 
1.619800 
1.620000 
1.620500 
1.620800 
1.621800 
1.622100 
1.622500 
1.623900 
1.624800 
1.626400 
1.626600 
1.627000 
1.627400 
1.627800 
1.627800 
1.628200 
1.629300 
1.629800 
1.630300 
1.630500 
1.631100 
1.631200 
1.631200 
1.632000 
1.632200 
1.632500 
1.632600 
1.633500 
1.633600 
1.634000 
1.634100 
1.634700 
1.634700 
1.635600 
1.636000 
1.636100 
1.636100 
1.636300 
1.636500 
1.637600 
1.637800 
1.638000 
1.638300 
1.638600 
1.638700 
1.640100 
1.640400 
1.640700 
1.641500 
1.642000 
1.642200 
1.642700 
1.643300 
1.643400 
1.643500 
1.643700 
1.643900 
1.644200 
1.645100 
1.645200 
1.646300 
1.647200 
1.648000 
1.651400 
1.651900 
1.652100 
1.652100 
1.653300 
1.653600 
1.653900 
1.654000 
1.655400 
1.655800 
1.656000 
1.657100 
1.657200 
1.657600 
1.657900 
1.658400 
1.658400 
1.658500 
1.658900 
1.659200 
1.660500 
1.660800 
1.661100 
1.661300 
1.663000 
1.663000 
1.664800 
1.665200 
1.665600 
1.666500 
1.666500 
1.666900 
1.667200 
1.667800 
1.667800 
1.668700 
1.669300 
1.670300 
1.672200 
1.672300 
1.672600 
1.674400 
1.675200 
1.675200 
1.675300 
1.675600 
1.676900 
1.677600 
1.679100 
1.679200 
1.680600 
1.681400 
1.681700 
1.681800 
1.681900 
1.682000 
1.682700 
1.683000 
1.683300 
1.684300 
1.685700 
1.685700 
1.687200 
1.688300 
1.688600 
1.688700 
1.689900 
1.690200 
1.690600 
1.691600 
1.692000 
1.692700 
1.693100 
1.694000 
1.694400 
1.695000 
1.695400 
1.695700 
1.696000 
1.696000 
1.696400 
1.696700 
1.696900 
1.697000 
1.697200 
1.697600 
1.698400 
1.698400 
1.698800 
1.699500 
1.699900 
1.700300 
1.700300 
1.700400 
1.700700 
1.701500 
1.702800 
1.703100 
1.703200 
1.703200 
1.704100 
1.704200 
1.704500 
1.704800 
1.705600 
1.705700 
1.705800 
1.706600 
1.707100 
1.708300 
1.709100 
1.709400 
1.709800 
1.709900 
1.711600 
1.712300 
1.712300 
1.713100 
1.714000 
1.714300 
1.714800 
1.715500 
1.716300 
1.716700 
1.717100 
1.717500 
1.718300 
1.719500 
1.720600 
1.720700 
1.720800 
1.722400 
1.722700 
1.722900 
1.723500 
1.723500 
1.724000 
1.724800 
1.724900 
1.725300 
1.727300 
1.728700 
1.728800 
1.729400 
1.730800 
1.731500 
1.732800 
1.733600 
1.733700 
1.733900 
1.733900 
1.734600 
1.734900 
1.735600 
1.735700 
1.736000 
1.736100 
1.736200 
1.736400 
1.737300 
1.737400 
1.738300 
1.738300 
1.738500 
1.739000 
1.739800 
1.739900 
1.740200 
1.741200 
1.742200 
1.742500 
1.743100 
1.743500 
1.743600 
1.743700 
1.744200 
1.744600 
1.744800 
1.744900 
1.745300 
1.746200 
1.746900 
1.747500 
1.748500 
1.748700 
1.749000 
1.750200 
1.750800 
1.751000 
1.751000 
1.751200 
1.752500 
1.752600 
1.753200 
1.753800 
1.754200 
1.754900 
1.755300 
1.755500 
1.755600 
1.755700 
1.756000 
1.756600 
1.758700 
1.758800 
1.758900 
1.759600 
1.759800 
1.760000 
1.760000 
1.760300 
1.761400 
1.762200 
1.762800 
1.763000 
1.764300 
1.766200 
1.767200 
1.767700 
1.767800 
1.767800 
1.768000 
1.768200 
1.768600 
1.769800 
1.770100 
1.770500 
1.770500 
1.770800 
1.772300 
1.774600 
1.774800 
1.775300 
1.775400 
1.778400 
1.778500 
1.778700 
1.779200 
1.779400 
1.779800 
1.780000 
1.780300 
1.780800 
1.782400 
1.782500 
1.782600 
1.782900 
1.784000 
1.784800 
1.786000 
1.786500 
1.787000 
1.787600 
1.787800 
1.787900 
1.788100 
1.789400 
1.789500 
1.789900 
1.790000 
1.790000 
1.790200 
1.790600 
1.791000 
1.791700 
1.792200 
1.792300 
1.792600 
1.792800 
1.793000 
1.793100 
1.793200 
1.793500 
1.793600 
1.794200 
1.795100 
1.795800 
1.797300 
1.798000 
1.798000 
1.799200 
1.799600 
1.800600 
1.801700 
1.801900 
1.803500 
1.804100 
1.804300 
1.805600 
1.805700 
1.807600 
1.807800 
1.808900 
1.808900 
1.809100 
1.809500 
1.810800 
1.811400 
1.811600 
1.811700 
1.811900 
1.812200 
1.812900 
1.813100 
1.813900 
1.815100 
1.815800 
1.815800 
1.815800 
1.816400 
1.816500 
1.816800 
1.816800 
1.817200 
1.817900 
1.818200 
1.818600 
1.819100 
1.819600 
1.819700 
1.819900 
1.820300 
1.820900 
1.821000 
1.821500 
1.822100 
1.822400 
1.822600 
1.823100 
1.823200 
1.825400 
1.825600 
1.825800 
1.826700 
1.827300 
1.827400 
1.827900 
1.829500 
1.831300 
1.831500 
1.832000 
1.832000 
1.833300 
1.833500 
1.833700 
1.833700 
1.833900 
1.834300 
1.836200 
1.836600 
1.836700 
1.836900 
1.837200 
1.837600 
1.838200 
1.838200 
1.838700 
1.838900 
1.839600 
1.840100 
1.840900 
1.841000 
1.841400 
1.842900 
1.843400 
1.844000 
1.844300 
1.846000 
1.846300 
1.846300 
1.846400 
1.846600 
1.846700 
1.846800 
1.846800 
1.847200 
1.848600 
1.849400 
1.849500 
1.849700 
1.850600 
1.850700 
1.851200 
1.851200 
1.851300 
1.851300 
1.851600 
1.852600 
1.855000 
1.855700 
1.856300 
1.856400 
1.856500 
1.857700 
1.858200 
1.858500 
1.858500 
1.858700 
1.859400 
1.859500 
1.860100 
1.860500 
1.861200 
1.862000 
1.862100 
1.862600 
1.863300 
1.863400 
1.864300 
1.865000 
1.865400 
1.866800 
1.867700 
1.868100 
1.868700 
1.869400 
1.869500 
1.869500 
1.869700 
1.869800 
1.870300 
1.870400 
1.871100 
1.871200 
1.872700 
1.872800 
1.873000 
1.873500 
1.873600 
1.873600 
1.876300 
1.876500 
1.878200 
1.878200 
1.878900 
1.880700 
1.881100 
1.881400 
1.881600 
1.881700 
1.881800 
1.882800 
1.883100 
1.883400 
1.883800 
1.884000 
1.884200 
1.884300 
1.884700 
1.884700 
1.885300 
1.885500 
1.886300 
1.887100 
1.887100 
1.888300 
1.888500 
1.889800 
1.890000 
1.890100 
1.891300 
1.891700 
1.892400 
1.892800 
1.892900 
1.893600 
1.895300 
1.895400 
1.895500 
1.896200 
1.900300 
1.900300 
1.900600 
1.900600 
1.901900 
1.902000 
1.903300 
1.903300 
1.904000 
1.904400 
1.904800 
1.905200 
1.905500 
1.905600 
1.906200 
1.906500 
1.906700 
1.907600 
1.908800 
1.910000 
1.910400 
1.910700 
1.910800 
1.911100 
1.911800 
1.911900 
1.912000 
1.912200 
1.912500 
1.913100 
1.913700 
1.914000 
1.914200 
1.914600 
1.914800 
1.914900 
1.915100 
1.915600 
1.915600 
1.916100 
1.916100 
1.916400 
1.916900 
1.917500 
1.918200 
1.918300 
1.918700 
1.918700 
1.918700 
1.919700 
1.919700 
1.920900 
1.921000 
1.921400 
1.921500 
1.922100 
1.923000 
1.923300 
1.923500 
1.924500 
1.924900 
1.925200 
1.926500 
1.926800 
1.927100 
1.927800 
1.928200 
1.928200 
1.928800 
1.928800 
1.929700 
1.930500 
1.930900 
1.931100 
1.931400 
1.931500 
1.931600 
1.931700 
1.932300 
1.932600 
1.932900 
1.933100 
1.933700 
1.934900 
1.935500 
1.936800 
1.938300 
1.938400 
1.939300 
1.939700 
1.940600 
1.941300 
1.942900 
1.943100 
1.944100 
1.945100 
1.945300 
1.946000 
1.946400 
1.946800 
1.947000 
1.947400 
1.948500 
1.949600 
1.949800 
1.949900 
1.950200 
1.950400 
1.951500 
1.951700 
1.953000 
1.953500 
1.953600 
1.954700 
1.954900 
1.955900 
1.956300 
1.957100 
1.958400 
1.960300 
1.960300 
1.960400 
1.960600 
1.960600 
1.961300 
1.963900 
1.964200 
1.964200 
1.964300 
1.964700 
1.964900 
1.965200 
1.965500 
1.965600 
1.965600 
1.966400 
1.966500 
1.967500 
1.968100 
1.968600 
1.968800 
1.969400 
1.969400 
1.970500 
1.970600 
1.971100 
1.971500 
1.971800 
1.972200 
1.972500 
1.973100 
1.974400 
1.975100 
1.975900 
1.976000 
1.976200 
1.977500 
1.978000 
1.978700 
1.979200 
1.979700 
1.980600 
1.981300 
1.982100 
1.983800 
1.984400 
1.985200 
1.985500 
1.985600 
1.985600 
1.985900 
1.986900 
1.987000 
1.987400 
1.987500 
1.987600 
1.988100 
1.989000 
1.989600 
1.990700 
1.991500 
1.992300 
1.992600 
1.993400 
1.993800 
1.993900 
1.994000 
1.994000 
1.994200 
1.994400 
1.994800 
1.995700 
1.995800 
1.999300 
2.001000 
2.001800 
2.001900 
2.002700 
2.004000 
2.005000 
2.005200 
2.006100 
2.007100 
2.007500 
2.007900 
2.008300 
2.008800 
2.009300 
2.009400 
2.009500 
2.009600 
2.009900 
2.010600 
2.010800 
2.011400 
2.011800 
2.012200 
2.012700 
2.013100 
2.013700 
2.014400 
2.014800 
2.014800 
2.015100 
2.016100 
2.016300 
2.017100 
2.018700 
2.018900 
2.018900 
2.019500 
2.019900 
2.020200 
2.021700 
2.022100 
2.024800 
2.025900 
2.026000 
2.026700 
2.026800 
2.027000 
2.027800 
2.029100 
2.029600 
2.029700 
2.029800 
2.029900 
2.030600 
2.030900 
2.032000 
2.033900 
2.035300 
2.035800 
2.036100 
2.036200 
2.036600 
2.036600 
2.036800 
2.037100 
2.037400 
2.037500 
2.037600 
2.038200 
2.038400 
2.038700 
2.039700 
2.039800 
2.041100 
2.041400 
2.042200 
2.042700 
2.045200 
2.046200 
2.046600 
2.047600 
2.047700 
2.048600 
2.049400 
2.050500 
2.050900 
2.051300 
2.051900 
2.052800 
2.053200 
2.053400 
2.053600 
2.053900 
2.054200 
2.054600 
2.054900 
2.054900 
2.055100 
2.056800 
2.057600 
2.058400 
2.058500 
2.059500 
2.059600 
2.060000 
2.060100 
2.060300 
2.060800 
2.061400 
2.061700 
2.062100 
2.062200 
2.062300 
2.062400 
2.062400 
2.062500 
2.062500 
2.063200 
2.063300 
2.063500 
2.063700 
2.064400 
2.064800 
2.064800 
2.064900 
2.065500 
2.065600 
2.065600 
2.066500 
2.066500 
2.066900 
2.067000 
2.067600 
2.067700 
2.068300 
2.069400 
2.069800 
2.071100 
2.071500 
2.072400 
2.073800 
2.074800 
2.075000 
2.075200 
2.075900 
2.077300 
2.078900 
2.079700 
2.080200 
2.080300 
2.080600 
2.081600 
2.082500 
2.083900 
2.084500 
2.085200 
2.086100 
2.087100 
2.087100 
2.088100 
2.088300 
2.088800 
2.088900 
2.089000 
2.090400 
2.090400 
2.090700 
2.091300 
2.092600 
2.094100 
2.094900 
2.095300 
2.095700 
2.095800 
2.096300 
2.097700 
2.098000 
2.098200 
2.098200 
2.098900 
2.099300 
2.099600 
2.101200 
2.102400 
2.102800 
2.103000 
2.103800 
2.104000 
2.104400 
2.104400 
2.104400 
2.104700 
2.104700 
2.104900 
2.105000 
2.105200 
2.105400 
2.105500 
2.105600 
2.105900 
2.106000 
2.106300 
2.107600 
2.108800 
2.109000 
2.110000 
2.110100 
2.110200 
2.110400 
2.110600 
2.110700 
2.111000 
2.111300 
2.112800 
2.113100 
2.113300 
2.114000 
2.115100 
2.115200 
2.115200 
2.115200 
2.116800 
2.117000 
2.117800 
2.118000 
2.118100 
2.118400 
2.118800 
2.119200 
2.119400 
2.119500 
2.119900 
2.120500 
2.120900 
2.121200 
2.122100 
2.123700 
2.124000 
2.124400 
2.124700 
2.124900 
2.125000 
2.126200 
2.128600 
2.129000 
2.130300 
2.130300 
2.130400 
2.131100 
2.132500 
2.132700 
2.133100 
2.133900 
2.135400 
2.136300 
2.136300 
2.136600 
2.137500 
2.137700 
2.138000 
2.138200 
2.138500 
2.138800 
2.139700 
2.139700 
2.139900 
2.140100 
2.140300 
2.140300 
2.140500 
2.140700 
2.140800 
2.141200 
2.141600 
2.142000 
2.142000 
2.142500 
2.142500 
2.142500 
2.142800 
2.143000 
2.143000 
2.143400 
2.144200 
2.144900 
2.145400 
2.145500 
2.148300 
2.148400 
2.149100 
2.149300 
2.149600 
2.150100 
2.150700 
2.151200 
2.151700 
2.152800 
2.153300 
2.154000 
2.155200 
2.155900 
2.155900 
2.156200 
2.156600 
2.157400 
2.158500 
2.159800 
2.160600 
2.162000 
2.162000 
2.162700 
2.162900 
2.163300 
2.163700 
2.163900 
2.164400 
2.164500 
2.165200 
2.166700 
2.166700 
2.167000 
2.167900 
2.168100 
2.168600 
2.169400 
2.169800 
2.169900 
2.170900 
2.171200 
2.172100 
2.172700 
2.173000 
2.173200 
2.173400 
2.173700 
2.174000 
2.174600 
2.175000 
2.175400 
2.175900 
2.176000 
2.178300 
2.180300 
2.180500 
2.181600 
2.181900 
2.182400 
2.182500 
2.182900 
2.183200 
2.183200 
2.183700 
2.184300 
2.185200 
2.185500 
2.186000 
2.186500 
2.188600 
2.189000 
2.189600 
2.190300 
2.190300 
2.190400 
2.190600 
2.190900 
2.190900 
2.191300 
2.191300 
2.191400 
2.192200 
2.192200 
2.193300 
2.193400 
2.193500 
2.193800 
2.194000 
2.194600 
2.194700 
2.195500 
2.195700 
2.196400 
2.197300 
2.197500 
2.198400 
2.198500 
2.198900 
2.199700 
2.199900 
2.200900 
2.200900 
2.201800 
2.203100 
2.203400 
2.204600 
2.205800 
2.206400 
2.206400 
2.206900 
2.207900 
2.208100 
2.208600 
2.208900 
2.210500 
2.210600 
2.210800 
2.210900 
2.211600 
2.212300 
2.212500 
2.213100 
2.215400 
2.215800 
2.216100 
2.216800 
2.217200 
2.217200 
2.217800 
2.220300 
2.220500 
2.221900 
2.222100 
2.222500 
2.222600 
2.223200 
2.223900 
2.226300 
2.226400 
2.226900 
2.227400 
2.227400 
2.228100 
2.228100 
2.230100 
2.230400 
2.230400 
2.230800 
2.231400 
2.231500 
2.232500 
2.233700 
2.234500 
2.234600 
2.234800 
2.234900 
2.235200 
2.235300 
2.235800 
2.236000 
2.236200 
2.237000 
2.237300 
2.238100 
2.238800 
2.239000 
2.240000 
2.240300 
2.241400 
2.241600 
2.242000 
2.242200 
2.242300 
2.242700 
2.242900 
2.243200 
2.244000 
2.244300 
2.244900 
2.245000 
2.245200 
2.247000 
2.247300 
2.247500 
2.247600 
2.248400 
2.248600 
2.249300 
2.249400 
2.250300 
2.252000 
2.252300 
2.252600 
2.252700 
2.252800 
2.253000 
2.253200 
2.253700 
2.255100 
2.255300 
2.255400 
2.255500 
2.256300 
2.256900 
2.257600 
2.257900 
2.258000 
2.258900 
2.259000 
2.259700 
2.260000 
2.260300 
2.260500 
2.260800 
2.261700 
2.261800 
2.262600 
2.262900 
2.263000 
2.265300 
2.265600 
2.265900 
2.266700 
2.267700 
2.268400 
2.269800 
2.270300 
2.271300 
2.271400 
2.271900 
2.272700 
2.273000 
2.273200 
2.273700 
2.274000 
2.274100 
2.274200 
2.274700 
2.275500 
2.276000 
2.276200 
2.276200 
2.276500 
2.276500 
2.277100 
2.277300 
2.277400 
2.277600 
2.277600 
2.278000 
2.278100 
2.278400 
2.278500 
2.278600 
2.279300 
2.279400 
2.279500 
2.279600 
2.279900 
2.280200 
2.281200 
2.281900 
2.282700 
2.283000 
2.283200 
2.283200 
2.283700 
2.284700 
2.284700 
2.284700 
2.284800 
2.285100 
2.286500 
2.286800 
2.287200 
2.288300 
2.289100 
2.289200 
2.290300 
2.290500 
2.291200 
2.292000 
2.292000 
2.293300 
2.294600 
2.295300 
2.295400 
2.295400 
2.296000 
2.296200 
2.297200 
2.298200 
2.301000 
2.301100 
2.301600 
2.301600 
2.302600 
2.303000 
2.304500 
2.304700 
2.305100 
2.305200 
2.305300 
2.305400 
2.306200 
2.308100 
2.310500 
2.310900 
2.310900 
2.311200 
2.311500 
2.311800 
2.313300 
2.313600 
2.313600 
2.313700 
2.314500 
2.314500 
2.314700 
2.314700 
2.315200 
2.315700 
2.315800 
2.316500 
2.317300 
2.317400 
2.317500 
2.317900 
2.318100 
2.318400 
2.320300 
2.321300 
2.321800 
2.323700 
2.323800 
2.324000 
2.325100 
2.325800 
2.325900 
2.326800 
2.326900 
2.327700 
2.328200 
2.328300 
2.328400 
2.328800 
2.329300 
2.329700 
2.329700 
2.330300 
2.330300 
2.330400 
2.330800 
2.330900 
2.331100 
2.331700 
2.333800 
2.334000 
2.334300 
2.334300 
2.334800 
2.336000 
2.336200 
2.338000 
2.338300 
2.338300 
2.338700 
2.339800 
2.340200 
2.340300 
2.340800 
2.341000 
2.341500 
2.341600 
2.341600 
2.341700 
2.341900 
2.342000 
2.342700 
2.344700 
2.344900 
2.345000 
2.345100 
2.345200 
2.345300 
2.345300 
2.345400 
2.346000 
2.346300 
2.346300 
2.347600 
2.347600 
2.347600 
2.347800 
2.348400 
2.348500 
2.348600 
2.348700 
2.349000 
2.349100 
2.349300 
2.350000 
2.351300 
2.351500 
2.351800 
2.352400 
2.353200 
2.353200 
2.353300 
2.354700 
2.354700 
2.356600 
2.356900 
2.357100 
2.357100 
2.357600 
2.360500 
2.360700 
2.361400 
2.361600 
2.361700 
2.362000 
2.362200 
2.362700 
2.363500 
2.363800 
2.364900 
2.364900 
2.365700 
2.366400 
2.366600 
2.366700 
2.368100 
2.368300 
2.368600 
2.369100 
2.369200 
2.369600 
2.371300 
2.372000 
2.372200 
2.372300 
2.372700 
2.373900 
2.374500 
2.375100 
2.375100 
2.375600 
2.376700 
2.377500 
2.379500 
2.381800 
2.382000 
2.382200 
2.382800 
2.383300 
2.386700 
2.387500 
2.387600 
2.387700 
2.387700 
2.387900 
2.387900 
2.388100 
2.388700 
2.389400 
2.390400 
2.390500 
2.390900 
2.391900 
2.393800 
2.393900 
2.394600 
2.395400 
2.395500 
2.396800 
2.396800 
2.397600 
2.397600 
2.398800 
2.399000 
2.399400 
2.400500 
2.401300 
2.401900 
2.402000 
2.402800 
2.402800 
2.403900 
2.404200 
2.404700 
2.404700 
2.405500 
2.406200 
2.408100 
2.409500 
2.409600 
2.410700 
2.410900 
2.412300 
2.414200 
2.414400 
2.414700 
2.415200 
2.415700 
2.415900 
2.416000 
2.416300 
2.416400 
2.416700 
2.416900 
2.417000 
2.417400 
2.417600 
2.418400 
2.418700 
2.420200 
2.421100 
2.422100 
2.422300 
2.422300 
2.422300 
2.424400 
2.424500 
2.424800 
2.424800 
2.424900 
2.425100 
2.425200 
2.426800 
2.426800 
2.428500 
2.429100 
2.429700 
2.430200 
2.430500 
2.433300 
2.433800 
2.434800 
2.435900 
2.436400 
2.436700 
2.437000 
2.437100 
2.437700 
2.438100 
2.438500 
2.438600 
2.438600 
2.439000 
2.440000 
2.441600 
2.441800 
2.442200 
2.442200 
2.442900 
2.443200 
2.443300 
2.443900 
2.444600 
2.445500 
2.445500 
2.445800 
2.446200 
2.446800 
2.446800 
2.447000 
2.447200 
2.447300 
2.448500 
2.448800 
2.448800 
2.449500 
2.451100 
2.451300 
2.451900 
2.452000 
2.452500 
2.453000 
2.453700 
2.454500 
2.455200 
2.455300 
2.456700 
2.457400 
2.458000 
2.459100 
2.459400 
2.460400 
2.460700 
2.460900 
2.461800 
2.462400 
2.462700 
2.462800 
2.463500 
2.463700 
2.463700 
2.464100 
2.464500 
2.464500 
2.464700 
2.465000 
2.466000 
2.466100 
2.467000 
2.467200 
2.467400 
2.467400 
2.467500 
2.467800 
2.468100 
2.468900 
2.469100 
2.469300 
2.469400 
2.470100 
2.470300 
2.470300 
2.471100 
2.471300 
2.471500 
2.471600 
2.472000 
2.472100 
2.472100 
2.472600 
2.472900 
2.473400 
2.473800 
2.473900 
2.474100 
2.476500 
2.476900 
2.477500 
2.478100 
2.478800 
2.478800 
2.479400 
2.479900 
2.480100 
2.480600 
2.481700 
2.482500 
2.483000 
2.483500 
2.484200 
2.485200 
2.485600 
2.485700 
2.486700 
2.487900 
2.488100 
2.488100 
2.488300 
2.488800 
2.488900 
2.489300 
2.489700 
2.490100 
2.490300 
2.490900 
2.491200 
2.491600 
2.492300 
2.492400 
2.493200 
2.493400 
2.493600 
2.494500 
2.494600 
2.494800 
2.494800 
2.495600 
2.495700 
2.496000 
2.496400 
2.497900 
2.498600 
2.499600 
2.499700 
2.500400 
2.500500 
2.500600 
2.501500 
2.501600 
2.502400 
2.502400 
2.503400 
2.503600 
2.503600 
2.504100 
2.505400 
2.505900 
2.506200 
2.506600 
2.507200 
2.508000 
2.508100 
2.508200 
2.508500 
2.509700 
2.510500 
2.511200 
2.511500 
2.511800 
2.512100 
2.512400 
2.513000 
2.513000 
2.513600 
2.514500 
2.515100 
2.515300 
2.516700 
2.516800 
2.516900 
2.517600 
2.517700 
2.517900 
2.520800 
2.521400 
2.522500 
2.523400 
2.523500 
2.523800 
2.524000 
2.524400 
2.525000 
2.525400 
2.525600 
2.525600 
2.526500 
2.526900 
2.526900 
2.527100 
2.527600 
2.528600 
2.528700 
2.529300 
2.529300 
2.529700 
2.529800 
2.530700 
2.530800 
2.531300 
2.531800 
2.532000 
2.532100 
2.533100 
2.533200 
2.533700 
2.534000 
2.534200 
2.534700 
2.534700 
2.535200 
2.536200 
2.536900 
2.537300 
2.537400 
2.538100 
2.538100 
2.538200 
2.538300 
2.540300 
2.540700 
2.540900 
2.541700 
2.542000 
2.543400 
2.543800 
2.545800 
2.545900 
2.545900 
2.546100 
2.546200 
2.546400 
2.546600 
2.547300 
2.547300 
2.547700 
2.548700 
2.548900 
2.548900 
2.549100 
2.549300 
2.549600 
2.549700 
2.549800 
2.551500 
2.551600 
2.552200 
2.552500 
2.552800 
2.552900 
2.553400 
2.553400 
2.553400 
2.553800 
2.554700 
2.555300 
2.555400 
2.556000 
2.556500 
2.556700 
2.557800 
2.558600 
2.558800 
2.558800 
2.558900 
2.558900 
2.559500 
2.560400 
2.560700 
2.560800 
2.560900 
2.561600 
2.562900 
2.563800 
2.563900 
2.564400 
2.564400 
2.565000 
2.565300 
2.566300 
2.566900 
2.567000 
2.567400 
2.567800 
2.568500 
2.568800 
2.568900 
2.569200 
2.569400 
2.569500 
2.570300 
2.570500 
2.570500 
2.570600 
2.571500 
2.571800 
2.572500 
2.572500 
2.572800 
2.573100 
2.574000 
2.574100 
2.574400 
2.575500 
2.575900 
2.576400 
2.576700 
2.576700 
2.576800 
2.577100 
2.578000 
2.578000 
2.578300 
2.578900 
2.579100 
2.579100 
2.579500 
2.579700 
2.579700 
2.579900 
2.581600 
2.582700 
2.583100 
2.584300 
2.584900 
2.585000 
2.585100 
2.585500 
2.585500 
2.587000 
2.587800 
2.588700 
2.588700 
2.590800 
2.592300 
2.592700 
2.594000 
2.594400 
2.594400 
2.594600 
2.594700 
2.595000 
2.595200 
2.595900 
2.596800 
2.597400 
2.597400 
2.597700 
2.597800 
2.598000 
2.599000 
2.599400 
2.599900 
2.600000 
2.600500 
2.601000 
2.601500 
2.602800 
2.604400 
2.604400 
2.604600 
2.604700 
2.605000 
2.606600 
2.607100 
2.608500 
2.608900 
2.609100 
2.609400 
2.609900 
2.611400 
2.612100 
2.612300 
2.612300 
2.613500 
2.614700 
2.615100 
2.615300 
2.616800 
2.616900 
2.617500 
2.617700 
2.620600 
2.620700 
2.621100 
2.623100 
2.623500 
2.623600 
2.624000 
2.625100 
2.625200 
2.625300 
2.626400 
2.626500 
2.626500 
2.627300 
2.627700 
2.627800 
2.628800 
2.628900 
2.629500 
2.631100 
2.631100 
2.631100 
2.632100 
2.632200 
2.632400 
2.632400 
2.632700 
2.633000 
2.633000 
2.633700 
2.634100 
2.634400 
2.634700 
2.634900 
2.635000 
2.635200 
2.636500 
2.636800 
2.637200 
2.637400 
2.637900 
2.638100 
2.638700 
2.638900 
2.639200 
2.640800 
2.641400 
2.641800 
2.642200 
2.643500 
2.643600 
2.643900 
2.644200 
2.644200 
2.644700 
2.645000 
2.648100 
2.649100 
2.649100 
2.650300 
2.650700 
2.650900 
2.651000 
2.651000 
2.651700 
2.651900 
2.652800 
2.654100 
2.654200 
2.654800 
2.655100 
2.655500 
2.655900 
2.656100 
2.656100 
2.656300 
2.657700 
2.658300 
2.658800 
2.659400 
2.659400 
2.660000 
2.662500 
2.662800 
2.663200 
2.663600 
2.663900 
2.665100 
2.665200 
2.665800 
2.666000 
2.666200 
2.666500 
2.666700 
2.666900 
2.667000 
2.669000 
2.670700 
2.670800 
2.671300 
2.671300 
2.672800 
2.673500 
2.673800 
2.673900 
2.673900 
2.675300 
2.675500 
2.676200 
2.676400 
2.676400 
2.677100 
2.678000 
2.679700 
2.679800 
2.680500 
2.680500 
2.681500 
2.682300 
2.682700 
2.682900 
2.683400 
2.683500 
2.683800 
2.685200 
2.686500 
2.687100 
2.687100 
2.687200 
2.687900 
2.688700 
2.688800 
2.689000 
2.689500 
2.689600 
2.689600 
2.690300 
2.691300 
2.691300 
2.692800 
2.693000 
2.693400 
2.693500 
2.693700 
2.694100 
2.694400 
2.694400 
2.695100 
2.695500 
2.696600 
2.697500 
2.697600 
2.699300 
2.699700 
2.700500 
2.702900 
2.705600 
2.706100 
2.706900 
2.706900 
2.707700 
2.708400 
2.708600 
2.709700 
2.709800 
2.710100 
2.710700 
2.710800 
2.710900 
2.711100 
2.712900 
2.713700 
2.713800 
2.713800 
2.713900 
2.714100 
2.714300 
2.714900 
2.715200 
2.717000 
2.717700 
2.718400 
2.718400 
2.718600 
2.718800 
2.719100 
2.719200 
2.719500 
2.721000 
2.721600 
2.721700 
2.722200 
2.722700 
2.723800 
2.724600 
2.725700 
2.725700 
2.726400 
2.727600 
2.727700 
2.728500 
2.729000 
2.729200 
2.730000 
2.730900 
2.731100 
2.731500 
2.731600 
2.732500 
2.734700 
2.735300 
2.735400 
2.736000 
2.736500 
2.738000 
2.738000 
2.738600 
2.738900 
2.740000 
2.740700 
2.741100 
2.741300 
2.741500 
2.741800 
2.742200 
2.742700 
2.742800 
2.742900 
2.743100 
2.743700 
2.743900 
2.744300 
2.744600 
2.745400 
2.746700 
2.746900 
2.747500 
2.747900 
2.748700 
2.748900 
2.749100 
2.749300 
2.750300 
2.750700 
2.750700 
2.750900 
2.751600 
2.752200 
2.752200 
2.752500 
2.752600 
2.753000 
2.753100 
2.753800 
2.754600 
2.755200 
2.755500 
2.757500 
2.759000 
2.759600 
2.759700 
2.759800 
2.760400 
2.760400 
2.762100 
2.762400 
2.762500 
2.762600 
2.763100 
2.763100 
2.763200 
2.763400 
2.763700 
2.763800 
2.764700 
2.765000 
2.765100 
2.765600 
2.766100 
2.766200 
2.766900 
2.767200 
2.767400 
2.769900 
2.769900 
2.770300 
2.770500 
2.771200 
2.771200 
2.771400 
2.771700 
2.772200 
2.772300 
2.774800 
2.779300 
2.779700 
2.779900 
2.780900 
2.781000 
2.781200 
2.781400 
2.782000 
2.782100 
2.783400 
2.783900 
2.784300 
2.784900 
2.785700 
2.785900 
2.786400 
2.786500 
2.786800 
2.786800 
2.787100 
2.787800 
2.788300 
2.788400 
2.788400 
2.789400 
2.789500 
2.790200 
2.790700 
2.790900 
2.791400 
2.792100 
2.792300 
2.792700 
2.792900 
2.794300 
2.794600 
2.795100 
2.795400 
2.798300 
2.800400 
2.801400 
2.802300 
2.802500 
2.803000 
2.803100 
2.803400 
2.803700 
2.804900 
2.806200 
2.806400 
2.806400 
2.806700 
2.806700 
2.807400 
2.807400 
2.807500 
2.807600 
2.807600 
2.808300 
2.808900 
2.809000 
2.809200 
2.809500 
2.809600 
2.809900 
2.811100 
2.811300 
2.811700 
2.811700 
2.812200 
2.812800 
2.812900 
2.812900 
2.813200 
2.813500 
2.816000 
2.816500 
2.816500 
2.817300 
2.819000 
2.820200 
2.820300 
2.820400 
2.820700 
2.821600 
2.821800 
2.822200 
2.822400 
2.822900 
2.823700 
2.824000 
2.824500 
2.824700 
2.824700 
2.824700 
2.824900 
2.825500 
2.825800 
2.826500 
2.828200 
2.829800 
2.830000 
2.830200 
2.830900 
2.833100 
2.833300 
2.833900 
2.833900 
2.834200 
2.834300 
2.834300 
2.834500 
2.834700 
2.835200 
2.835200 
2.835500 
2.835500 
2.835700 
2.835900 
2.836000 
2.836300 
2.836700 
2.836700 
2.836800 
2.837700 
2.838700 
2.839100 
2.839300 
2.839400 
2.839900 
2.841100 
2.843900 
2.844000 
2.844400 
2.845700 
2.845900 
2.846100 
2.846200 
2.846900 
2.847100 
2.847300 
2.847300 
2.847700 
2.848100 
2.848300 
2.849700 
2.850100 
2.851100 
2.851300 
2.851400 
2.851700 
2.852700 
2.853200 
2.853200 
2.853900 
2.853900 
2.853900 
2.854300 
2.854800 
2.855000 
2.855100 
2.855200 
2.855300 
2.855500 
2.856500 
2.858100 
2.859300 
2.860000 
2.860200 
2.860400 
2.860900 
2.860900 
2.860900 
2.861400 
2.862200 
2.862900 
2.863000 
2.863500 
2.863600 
2.865300 
2.866400 
2.866900 
2.867200 
2.867500 
2.867700 
2.867900 
2.870100 
2.870800 
2.872800 
2.872800 
2.872900 
2.873400 
2.873800 
2.873800 
2.874200 
2.874900 
2.875200 
2.875500 
2.875700 
2.876300 
2.876400 
2.876600 
2.878000 
2.878200 
2.879200 
2.879200 
2.879400 
2.879600 
2.880100 
2.880300 
2.880500 
2.880500 
2.881300 
2.881500 
2.881900 
2.882000 
2.882800 
2.883000 
2.883200 
2.884300 
2.884300 
2.884900 
2.885200 
2.885400 
2.886400 
2.886500 
2.886800 
2.886800 
2.886800 
2.886800 
2.887200 
2.888000 
2.888500 
2.888800 
2.888900 
2.889400 
2.889800 
2.889900 
2.891100 
2.891200 
2.891300 
2.891600 
2.891800 
2.892500 
2.892500 
2.892900 
2.893200 
2.893300 
2.893800 
2.894200 
2.894700 
2.895700 
2.895900 
2.895900 
2.896000 
2.897200 
2.897400 
2.897500 
2.898700 
2.898800 
2.899200 
2.899500 
2.900600 
2.900700 
2.901000 
2.901000 
2.901400 
2.901500 
2.902300 
2.902900 
2.903400 
2.903600 
2.903700 
2.904300 
2.904600 
2.904600 
2.905300 
2.905500 
2.907000 
2.907200 
2.907400 
2.908000 
2.909400 
2.909600 
2.910500 
2.912800 
2.913600 
2.914500 
2.915100 
2.915200 
2.915600 
2.916800 
2.918100 
2.918900 
2.920500 
2.920700 
2.920800 
2.922300 
2.924400 
2.924400 
2.924900 
2.925600 
2.927200 
2.927300 
2.927500 
2.928800 
2.929400 
2.929700 
2.929800 
2.929800 
2.929900 
2.929900 
2.930500 
2.931400 
2.932900 
2.933000 
2.933500 
2.934000 
2.934200 
2.935300 
2.935700 
2.935800 
2.935900 
2.936400 
2.936600 
2.936900 
2.937300 
2.937500 
2.939700 
2.939900 
2.939900 
2.940300 
2.941300 
2.942100 
2.942100 
2.942800 
2.942800 
2.943200 
2.943200 
2.943300 
2.944300 
2.944400 
2.944400 
2.944600 
2.944800 
2.945700 
2.945800 
2.946000 
2.948100 
2.948300 
2.948500 
2.950300 
2.950500 
2.950600 
2.950700 
2.952400 
2.953300 
2.953600 
2.954000 
2.954100 
2.954500 
2.954500 
2.954500 
2.954700 
2.955000 
2.955300 
2.955700 
2.956300 
2.956800 
2.957000 
2.957100 
2.957300 
2.957400 
2.957500 
2.957800 
2.958100 
2.958200 
2.959200 
2.959200 
2.959700 
2.961400 
2.961700 
2.962400 
2.963000 
2.963600 
2.963900 
2.963900 
2.964100 
2.965300 
2.965700 
2.966200 
2.966800 
2.966900 
2.967100 
2.967500 
2.967700 
2.968500 
2.968600 
2.968600 
2.968600 
2.968700 
2.968800 
2.969000 
2.969100 
2.969300 
2.969900 
2.970300 
2.971700 
2.971700 
2.972600 
2.972600 
2.972600 
2.973000 
2.974000 
2.975200 
2.975500 
2.979000 
2.979300 
2.979400 
2.980300 
2.980600 
2.982200 
2.982500 
2.983000 
2.983000 
2.983200 
2.984700 
2.985200 
2.987200 
2.987900 
2.988700 
2.988800 
2.988800 
2.989700 
2.990200 
2.990200 
2.990500 
2.990800 
2.991500 
2.991800 
2.992000 
2.992400 
2.992900 
2.994200 
2.995200 
2.995300 
2.996100 
2.997700 
2.997900 
2.998700 
2.999000 
2.999700 
