0.024800 
0.024900 
0.025500 
0.025700 
0.026500 
0.027900 
0.029500 
0.029900 
0.031300 
0.031400 
0.031400 
0.031600 
0.032300 
0.032300 
0.032600 
0.032900 
0.033200 
0.034100 
0.034700 
0.035700 
0.037500 
0.038700 
0.039500 
0.042500 
0.042700 
0.043700 
0.043800 
0.043800 
0.046000 
0.047400 
0.048500 
0.050100 
0.051200 
0.051200 
0.052200 
0.053000 
0.053200 
0.053500 
0.053600 
0.055200 
0.055300 
0.055800 
0.056600 
0.056800 
0.057400 
0.057400 
0.060000 
0.060200 
0.062700 
0.064100 
0.065200 
0.065400 
0.065600 
0.068200 
0.069500 
0.069700 
0.071700 
0.071800 
0.071900 
0.072100 
0.073200 
0.074000 
0.076500 
0.076900 
0.078300 
0.078800 
0.080600 
0.081000 
0.081100 
0.081800 
0.082200 
0.083000 
0.085100 
0.085100 
0.085700 
0.086300 
0.086300 
0.086900 
0.087300 
0.089200 
0.089300 
0.090200 
0.093100 
0.094100 
0.095200 
0.097900 
0.098800 
0.098900 
0.100500 
0.101300 
0.101500 
0.101800 
0.102000 
0.102700 
0.103400 
0.104700 
0.105600 
0.107100 
0.110000 
0.110300 
0.111300 
0.112600 
0.115600 
0.115800 
0.117000 
0.117700 
0.117800 
0.118800 
0.119200 
0.119700 
0.120000 
0.121100 
0.121100 
0.121800 
0.124600 
0.124800 
0.125700 
0.126200 
0.126400 
0.126800 
0.127400 
0.128300 
0.128400 
0.128700 
0.129200 
0.130000 
0.130500 
0.130600 
0.131200 
0.131500 
0.134100 
0.134400 
0.136300 
0.136500 
0.137000 
0.137200 
0.137300 
0.137500 
0.139300 
0.139400 
0.140700 
0.140800 
0.142500 
0.142800 
0.143700 
0.143900 
0.146300 
0.146600 
0.147400 
0.148000 
0.148900 
0.150700 
0.151700 
0.151800 
0.153000 
0.154800 
0.156100 
0.156700 
0.157600 
0.158600 
0.159000 
0.160000 
0.160100 
0.160200 
0.160400 
0.162700 
0.166000 
0.166500 
0.166600 
0.167100 
0.168200 
0.168700 
0.170100 
0.170400 
0.172400 
0.172500 
0.173500 
0.174000 
0.174000 
0.176200 
0.177000 
0.177900 
0.178900 
0.180500 
0.180600 
0.180900 
0.181500 
0.182000 
0.183400 
0.183500 
0.183500 
0.184300 
0.184700 
0.185900 
0.186200 
0.186400 
0.190900 
0.191500 
0.191700 
0.191800 
0.191900 
0.192100 
0.192200 
0.196200 
0.196200 
0.196600 
0.196900 
0.196900 
0.197200 
0.197800 
0.198300 
0.198900 
0.200300 
0.201100 
0.205200 
0.205200 
0.206100 
0.206800 
0.208500 
0.209100 
0.209200 
0.209300 
0.209600 
0.209600 
0.212400 
0.214000 
0.214400 
0.215900 
0.216400 
0.216500 
0.217000 
0.217500 
0.218600 
0.219100 
0.219100 
0.219800 
0.220600 
0.220800 
0.220800 
0.221500 
0.222200 
0.223300 
0.225400 
0.226400 
0.226400 
0.227600 
0.227900 
0.228100 
0.230700 
0.231100 
0.231500 
0.233100 
0.233100 
0.234200 
0.234600 
0.235800 
0.237400 
0.238200 
0.239000 
0.240700 
0.242200 
0.242600 
0.243700 
0.248100 
0.249700 
0.250400 
0.250900 
0.251800 
0.251900 
0.252700 
0.253000 
0.254300 
0.254900 
0.257000 
0.258900 
0.259700 
0.259700 
0.259700 
0.260900 
0.262900 
0.263200 
0.263300 
0.263400 
0.263700 
0.265400 
0.265500 
0.265900 
0.269100 
0.269700 
0.269800 
0.270600 
0.271800 
0.272800 
0.273800 
0.274200 
0.274300 
0.275400 
0.275700 
0.276100 
0.277000 
0.277400 
0.279800 
0.280200 
0.282200 
0.282600 
0.283600 
0.283600 
0.283700 
0.284600 
0.284900 
0.285400 
0.287600 
0.289200 
0.290100 
0.290100 
0.291100 
0.291200 
0.292600 
0.295100 
0.296100 
0.297600 
0.299400 
0.300100 
0.300200 
0.300800 
0.301400 
0.301900 
0.303200 
0.303400 
0.303600 
0.303900 
0.306200 
0.308600 
0.309300 
0.309800 
0.310500 
0.310700 
0.312300 
0.312700 
0.313000 
0.314000 
0.314100 
0.315500 
0.316500 
0.318000 
0.318800 
0.321400 
0.321600 
0.321700 
0.321900 
0.321900 
0.322400 
0.322400 
0.323400 
0.323400 
0.324000 
0.324200 
0.325700 
0.326000 
0.326100 
0.328300 
0.330700 
0.332000 
0.332300 
0.333100 
0.333900 
0.335000 
0.335000 
0.337000 
0.337100 
0.337100 
0.338100 
0.338200 
0.338700 
0.339300 
0.339300 
0.339600 
0.340200 
0.341000 
0.341100 
0.343400 
0.343600 
0.347400 
0.350400 
0.350600 
0.352300 
0.352900 
0.354200 
0.354900 
0.354900 
0.355000 
0.355900 
0.356600 
0.357000 
0.358700 
0.359100 
0.361900 
0.362500 
0.362500 
0.363500 
0.364300 
0.366400 
0.366400 
0.368900 
0.369800 
0.370300 
0.370400 
0.370400 
0.370600 
0.371700 
0.371700 
0.373800 
0.374300 
0.374500 
0.375400 
0.378300 
0.380800 
0.382300 
0.383400 
0.383800 
0.384200 
0.384600 
0.384700 
0.385900 
0.386100 
0.386300 
0.387800 
0.390700 
0.392200 
0.392400 
0.392400 
0.392400 
0.392900 
0.393200 
0.395600 
0.396600 
0.398200 
0.398800 
0.399900 
0.400300 
0.400600 
0.401000 
0.401800 
0.402000 
0.404700 
0.404900 
0.405800 
0.405900 
0.407800 
0.409500 
0.409500 
0.410200 
0.410800 
0.410800 
0.413100 
0.413800 
0.414600 
0.414700 
0.415600 
0.416000 
0.416700 
0.418000 
0.418900 
0.419000 
0.419200 
0.419900 
0.421400 
0.421800 
0.424100 
0.424500 
0.425500 
0.429800 
0.430000 
0.430300 
0.432100 
0.432300 
0.433100 
0.433600 
0.434300 
0.435000 
0.435400 
0.436400 
0.438000 
0.439100 
0.439200 
0.440500 
0.441800 
0.441800 
0.441800 
0.443800 
0.444200 
0.445100 
0.445500 
0.446000 
0.449300 
0.450800 
0.450900 
0.452200 
0.452300 
0.452500 
0.452900 
0.454500 
0.454700 
0.455300 
0.458200 
0.458500 
0.458500 
0.458700 
0.459100 
0.459200 
0.463300 
0.463500 
0.464000 
0.465700 
0.465800 
0.465900 
0.466700 
0.468000 
0.468200 
0.468300 
0.468500 
0.469800 
0.470200 
0.471000 
0.473200 
0.473600 
0.475000 
0.475900 
0.476900 
0.477100 
0.477300 
0.479700 
0.480100 
0.480700 
0.480800 
0.482100 
0.482300 
0.482800 
0.484300 
0.484400 
0.485100 
0.485500 
0.486300 
0.486800 
0.486800 
0.490900 
0.491000 
0.492300 
0.492400 
0.495100 
0.495700 
0.496800 
0.498800 
0.499300 
0.501000 
0.501300 
0.501400 
0.503200 
0.503600 
0.505900 
0.506100 
0.506100 
0.506400 
0.506500 
0.506800 
0.508600 
0.509200 
0.511500 
0.511800 
0.511800 
0.512700 
0.512800 
0.513500 
0.515300 
0.516000 
0.517600 
0.517900 
0.518300 
0.519500 
0.519900 
0.520300 
0.521700 
0.522100 
0.523700 
0.524400 
0.525400 
0.525600 
0.527500 
0.527800 
0.529100 
0.529400 
0.529400 
0.530300 
0.531000 
0.532500 
0.535100 
0.535400 
0.535500 
0.537100 
0.537300 
0.537700 
0.538500 
0.539500 
0.541000 
0.541100 
0.541600 
0.542400 
0.543100 
0.544400 
0.544800 
0.544800 
0.545600 
0.545800 
0.546900 
0.547100 
0.548700 
0.550700 
0.551200 
0.553500 
0.554400 
0.554600 
0.555700 
0.557200 
0.558000 
0.558100 
0.558200 
0.560200 
0.560500 
0.561900 
0.562300 
0.565200 
0.566500 
0.566700 
0.567000 
0.567300 
0.567900 
0.569300 
0.571300 
0.573000 
0.574500 
0.574500 
0.575400 
0.577800 
0.578000 
0.578700 
0.579900 
0.580000 
0.581100 
0.581200 
0.581200 
0.582100 
0.582500 
0.582900 
0.583200 
0.585100 
0.585200 
0.586000 
0.586200 
0.589000 
0.589400 
0.590300 
0.590500 
0.590700 
0.591200 
0.591800 
0.592900 
0.593000 
0.593800 
0.595400 
0.595600 
0.598300 
0.598400 
0.598500 
0.599200 
0.601000 
0.601500 
0.603400 
0.603900 
0.604700 
0.605600 
0.607000 
0.607500 
0.608100 
0.608600 
0.609000 
0.610100 
0.610600 
0.611100 
0.615200 
0.615200 
0.615600 
0.615800 
0.616000 
0.616900 
0.617300 
0.617800 
0.619000 
0.619400 
0.620000 
0.620600 
0.621100 
0.623100 
0.623300 
0.624900 
0.626600 
0.627300 
0.627500 
0.628900 
0.629800 
0.630100 
0.631900 
0.632600 
0.632600 
0.633300 
0.633700 
0.634100 
0.634500 
0.636100 
0.637500 
0.638000 
0.639600 
0.642800 
0.644800 
0.645000 
0.645600 
0.645800 
0.646100 
0.646200 
0.648600 
0.648800 
0.650200 
0.650500 
0.651100 
0.651700 
0.652600 
0.653700 
0.653800 
0.653800 
0.654000 
0.654300 
0.654500 
0.660000 
0.660500 
0.660600 
0.662200 
0.662300 
0.662400 
0.662400 
0.666500 
0.666600 
0.666600 
0.667100 
0.667700 
0.669800 
0.670000 
0.670900 
0.672000 
0.673800 
0.675000 
0.676100 
0.676100 
0.676100 
0.676200 
0.676300 
0.679100 
0.679100 
0.679600 
0.681100 
0.681400 
0.681800 
0.682000 
0.682400 
0.683100 
0.683600 
0.683800 
0.684200 
0.687700 
0.687900 
0.688700 
0.689400 
0.691200 
0.691800 
0.692300 
0.692700 
0.692900 
0.693200 
0.693900 
0.696000 
0.697000 
0.697000 
0.697100 
0.697200 
0.698400 
0.702900 
0.703900 
0.704500 
0.705300 
0.707100 
0.707500 
0.707800 
0.709600 
0.709700 
0.710300 
0.711000 
0.711200 
0.712500 
0.713400 
0.713500 
0.713700 
0.715700 
0.717400 
0.720000 
0.720500 
0.720800 
0.721600 
0.722200 
0.723500 
0.723700 
0.723700 
0.724800 
0.727400 
0.727800 
0.727900 
0.730500 
0.730600 
0.730900 
0.731800 
0.732900 
0.735100 
0.736900 
0.738800 
0.739500 
0.739800 
0.739800 
0.741800 
0.742100 
0.744700 
0.745400 
0.746200 
0.746500 
0.747600 
0.747700 
0.747800 
0.747900 
0.748000 
0.749000 
0.749700 
0.750300 
0.752500 
0.754100 
0.754500 
0.755100 
0.755300 
0.756200 
0.756700 
0.756700 
0.756900 
0.757000 
0.758100 
0.758700 
0.762100 
0.762300 
0.762500 
0.762900 
0.763000 
0.764500 
0.764900 
0.765200 
0.766600 
0.767900 
0.768500 
0.770300 
0.770800 
0.772800 
0.773800 
0.774100 
0.776200 
0.776700 
0.778300 
0.778500 
0.779200 
0.779900 
0.781300 
0.782800 
0.783800 
0.786700 
0.786900 
0.788300 
0.788600 
0.789300 
0.791200 
0.791700 
0.792800 
0.792900 
0.793100 
0.794200 
0.795300 
0.795300 
0.797200 
0.797400 
0.798000 
0.799500 
0.800000 
0.800000 
0.800600 
0.801500 
0.801600 
0.802400 
0.803200 
0.803800 
0.803900 
0.804500 
0.805700 
0.806000 
0.806100 
0.806100 
0.806500 
0.807000 
0.807900 
0.808200 
0.808600 
0.809300 
0.811900 
0.814400 
0.815800 
0.819700 
0.822500 
0.823900 
0.825300 
0.825900 
0.827500 
0.827600 
0.828000 
0.829800 
0.830100 
0.830300 
0.830300 
0.831700 
0.832000 
0.832600 
0.832700 
0.833400 
0.834200 
0.834500 
0.834500 
0.836200 
0.836300 
0.837300 
0.837400 
0.838000 
0.838200 
0.838500 
0.839300 
0.839700 
0.839900 
0.840300 
0.844500 
0.844600 
0.845300 
0.846800 
0.847800 
0.851000 
0.852500 
0.854100 
0.854400 
0.856000 
0.857300 
0.858200 
0.859400 
0.859500 
0.859600 
0.859900 
0.860100 
0.860500 
0.861400 
0.861700 
0.861800 
0.862800 
0.863200 
0.863500 
0.863900 
0.865700 
0.866000 
0.866400 
0.869500 
0.869600 
0.870100 
0.871500 
0.872000 
0.872200 
0.873100 
0.873400 
0.873700 
0.874800 
0.875400 
0.877100 
0.878800 
0.879200 
0.882800 
0.883800 
0.884000 
0.886900 
0.887700 
0.888300 
0.889000 
0.889600 
0.890800 
0.890800 
0.891500 
0.892000 
0.892100 
0.892200 
0.892500 
0.894300 
0.895000 
0.896100 
0.896900 
0.897200 
0.898400 
0.898500 
0.899100 
0.899700 
0.902000 
0.904100 
0.904300 
0.905400 
0.907300 
0.907500 
0.907500 
0.908700 
0.909600 
0.909700 
0.910300 
0.910600 
0.912800 
0.913500 
0.913600 
0.914200 
0.914900 
0.915100 
0.915300 
0.915400 
0.916900 
0.917700 
0.918200 
0.918700 
0.919000 
0.921400 
0.923300 
0.925200 
0.926800 
0.929300 
0.929500 
0.930100 
0.930900 
0.931300 
0.932200 
0.932600 
0.934400 
0.935500 
0.935500 
0.935600 
0.936000 
0.937200 
0.938000 
0.938600 
0.938700 
0.939900 
0.941200 
0.941500 
0.942500 
0.943400 
0.943500 
0.943800 
0.944400 
0.944800 
0.945000 
0.945200 
0.946000 
0.946500 
0.947600 
0.950000 
0.953200 
0.953400 
0.954400 
0.954700 
0.954800 
0.956300 
0.958000 
0.959500 
0.960300 
0.961300 
0.962000 
0.963600 
0.964700 
0.964700 
0.967500 
0.969100 
0.969300 
0.969700 
0.969800 
0.970000 
0.970200 
0.971000 
0.971300 
0.973500 
0.974300 
0.975500 
0.975900 
0.978000 
0.978100 
0.978600 
0.979000 
0.979000 
0.979400 
0.979400 
0.979600 
0.979800 
0.980600 
0.981000 
0.982600 
0.982900 
0.984300 
0.984500 
0.986900 
0.988300 
0.989600 
0.989700 
0.990700 
0.992400 
0.992400 
0.993200 
0.994800 
0.995200 
0.995300 
0.995500 
0.996200 
0.996400 
0.998200 
0.998700 
0.998700 
0.998800 
0.999900 
1.000100 
1.001500 
1.001600 
1.001900 
1.002400 
1.003100 
1.003800 
1.004700 
1.005900 
1.005900 
1.007700 
1.007700 
1.011300 
1.011800 
1.012600 
1.015000 
1.017100 
1.018100 
1.018600 
1.018900 
1.019700 
1.019700 
1.020500 
1.021500 
1.022400 
1.023800 
1.023900 
1.026000 
1.026300 
1.026400 
1.026500 
1.028200 
1.029000 
1.029000 
1.031500 
1.032600 
1.032900 
1.033500 
1.033600 
1.033700 
1.035400 
1.036300 
1.037600 
1.037900 
1.038500 
1.041500 
1.042500 
1.042900 
1.045600 
1.046500 
1.046600 
1.046600 
1.046700 
1.046800 
1.047800 
1.048000 
1.048700 
1.049400 
1.050200 
1.051300 
1.052600 
1.053200 
1.054600 
1.057800 
1.058600 
1.059200 
1.060900 
1.062800 
1.063300 
1.064200 
1.064200 
1.064300 
1.064600 
1.065100 
1.066100 
1.066800 
1.066800 
1.066900 
1.067300 
1.069000 
1.069500 
1.070600 
1.071000 
1.071000 
1.071500 
1.073700 
1.074000 
1.076500 
1.077100 
1.078300 
1.078500 
1.080700 
1.080700 
1.081000 
1.081300 
1.081600 
1.082300 
1.084100 
1.087500 
1.088100 
1.088300 
1.090900 
1.092200 
1.092400 
1.093800 
1.093800 
1.094300 
1.094500 
1.095900 
1.097100 
1.097900 
1.098400 
1.099100 
1.099700 
1.101200 
1.101700 
1.103700 
1.105100 
1.105600 
1.105600 
1.107700 
1.109000 
1.109400 
1.109600 
1.110100 
1.110300 
1.110500 
1.112500 
1.112700 
1.113000 
1.115700 
1.116700 
1.116800 
1.117800 
1.118400 
1.118400 
1.118600 
1.118700 
1.119800 
1.121400 
1.122300 
1.122800 
1.122900 
1.123600 
1.123600 
1.124100 
1.124900 
1.125500 
1.126000 
1.126800 
1.128600 
1.129200 
1.133600 
1.134600 
1.135900 
1.139000 
1.140900 
1.141900 
1.142200 
1.142300 
1.142500 
1.142600 
1.142600 
1.142600 
1.142900 
1.146200 
1.146300 
1.147100 
1.147200 
1.147400 
1.148000 
1.153100 
1.153100 
1.153900 
1.154300 
1.154600 
1.154800 
1.155400 
1.155700 
1.157300 
1.157700 
1.158200 
1.159400 
1.159600 
1.160600 
1.161800 
1.164900 
1.165600 
1.166800 
1.168100 
1.168600 
1.169600 
1.169700 
1.169900 
1.169900 
1.170800 
1.172800 
1.175900 
1.176200 
1.176400 
1.178400 
1.178600 
1.179400 
1.181400 
1.182600 
1.183700 
1.184000 
1.185400 
1.186300 
1.186400 
1.187100 
1.188000 
1.188700 
1.189400 
1.190100 
1.192200 
1.194200 
1.194300 
1.195300 
1.195700 
1.195800 
1.196200 
1.196600 
1.197500 
1.197600 
1.197700 
1.198000 
1.198000 
1.198300 
1.198600 
1.198700 
1.199100 
1.201400 
1.202000 
1.202000 
1.202500 
1.204400 
1.204600 
1.205200 
1.208100 
1.210000 
1.210200 
1.213300 
1.214800 
1.214900 
1.215300 
1.217600 
1.218700 
1.218700 
1.221200 
1.221700 
1.222000 
1.222100 
1.222200 
1.223400 
1.223500 
1.223800 
1.224500 
1.225500 
1.227000 
1.227300 
1.227900 
1.229300 
1.229300 
1.230500 
1.231500 
1.231900 
1.233100 
1.233200 
1.235900 
1.237100 
1.238200 
1.238800 
1.240600 
1.243600 
1.245100 
1.245700 
1.245700 
1.246400 
1.247000 
1.247300 
1.247500 
1.247500 
1.249000 
1.251400 
1.251900 
1.252000 
1.252900 
1.253100 
1.253900 
1.254100 
1.254400 
1.256100 
1.256200 
1.257500 
1.257500 
1.258000 
1.258200 
1.260200 
1.260600 
1.261900 
1.262100 
1.263600 
1.263800 
1.265800 
1.267300 
1.267700 
1.269300 
1.271200 
1.273100 
1.274000 
1.274800 
1.275500 
1.276000 
1.276000 
1.276600 
1.276700 
1.279900 
1.280900 
1.280900 
1.281100 
1.281300 
1.281700 
1.281800 
1.281900 
1.282600 
1.285100 
1.285600 
1.286300 
1.287300 
1.287900 
1.288200 
1.289300 
1.290300 
1.291400 
1.292900 
1.293500 
1.293700 
1.294700 
1.295900 
1.296300 
1.297400 
1.298800 
1.300000 
1.300300 
1.300800 
1.302000 
1.303800 
1.304500 
1.305700 
1.305700 
1.306300 
1.306500 
1.306600 
1.307000 
1.308700 
1.309300 
1.309300 
1.310900 
1.312000 
1.312800 
1.312900 
1.313500 
1.315500 
1.316700 
1.316800 
1.317000 
1.318000 
1.318800 
1.318900 
1.319100 
1.320400 
1.321300 
1.322800 
1.323700 
1.323800 
1.324100 
1.326400 
1.326500 
1.326800 
1.329100 
1.330300 
1.331700 
1.332200 
1.332200 
1.333100 
1.333600 
1.334200 
1.337100 
1.338800 
1.339300 
1.340500 
1.343200 
1.343600 
1.343900 
1.343900 
1.344000 
1.344700 
1.344700 
1.345500 
1.345900 
1.346300 
1.347600 
1.350100 
1.354600 
1.355900 
1.356900 
1.356900 
1.357000 
1.357400 
1.357500 
1.357500 
1.357500 
1.357600 
1.357900 
1.358100 
1.358300 
1.360300 
1.361400 
1.363500 
1.366100 
1.369300 
1.371100 
1.371600 
1.373000 
1.373100 
1.373100 
1.374800 
1.375900 
1.376400 
1.376700 
1.378300 
1.380700 
1.380900 
1.381400 
1.381500 
1.381600 
1.382200 
1.382200 
1.382400 
1.384100 
1.385400 
1.385400 
1.386500 
1.386600 
1.387100 
1.387800 
1.388000 
1.388500 
1.389200 
1.389600 
1.390300 
1.390400 
1.391000 
1.392700 
1.392900 
1.393200 
1.396600 
1.397600 
1.397900 
1.400300 
1.400800 
1.403300 
1.403400 
1.405900 
1.406100 
1.407200 
1.407300 
1.408300 
1.408500 
1.409400 
1.410700 
1.411200 
1.412800 
1.413900 
1.414000 
1.414300 
1.416300 
1.416500 
1.417800 
1.418300 
1.418900 
1.420400 
1.421300 
1.421500 
1.421500 
1.422100 
1.422500 
1.423100 
1.423200 
1.423800 
1.424800 
1.424900 
1.428500 
1.429200 
1.430900 
1.431400 
1.434700 
1.435900 
1.435900 
1.436000 
1.436600 
1.437100 
1.437800 
1.437900 
1.438300 
1.440400 
1.441400 
1.445600 
1.445700 
1.447000 
1.447700 
1.448400 
1.449900 
1.450600 
1.451200 
1.452100 
1.452300 
1.453600 
1.453600 
1.454200 
1.454600 
1.454600 
1.455100 
1.455400 
1.455600 
1.458400 
1.458400 
1.458400 
1.459700 
1.460000 
1.460700 
1.462100 
1.463100 
1.464700 
1.467100 
1.467700 
1.467700 
1.469300 
1.469800 
1.471100 
1.471100 
1.476300 
1.476600 
1.476700 
1.476900 
1.477200 
1.478000 
1.478700 
1.479400 
1.479600 
1.481400 
1.482100 
1.485400 
1.485500 
1.485700 
1.486800 
1.488300 
1.488600 
1.489200 
1.489400 
1.489700 
1.490500 
1.491500 
1.492800 
1.494100 
1.494700 
1.494800 
1.495800 
1.496100 
1.496700 
1.497700 
1.497700 
1.500100 
1.500100 
1.500300 
1.500700 
1.500800 
1.502500 
1.503100 
1.503700 
1.504300 
1.504300 
1.507100 
1.508200 
1.508500 
1.509700 
1.511200 
1.511500 
1.511500 
1.511800 
1.513400 
1.513800 
1.514700 
1.515100 
1.515200 
1.516500 
1.516800 
1.518100 
1.522700 
1.524100 
1.524500 
1.525000 
1.527100 
1.527500 
1.528400 
1.528500 
1.529300 
1.530100 
1.530700 
1.530700 
1.532100 
1.533000 
1.533600 
1.534000 
1.534500 
1.537000 
1.538500 
1.538600 
1.540400 
1.540800 
1.541200 
1.543100 
1.543500 
1.543800 
1.545000 
1.545000 
1.546000 
1.546900 
1.547500 
1.547700 
1.549500 
1.550300 
1.550300 
1.550400 
1.551600 
1.553500 
1.554100 
1.555400 
1.556300 
1.557600 
1.558100 
1.559000 
1.559600 
1.561800 
1.562600 
1.564200 
1.564700 
1.564800 
1.564900 
1.565300 
1.566000 
1.566500 
1.567000 
1.567700 
1.568500 
1.568700 
1.572300 
1.573000 
1.573700 
1.574300 
1.574900 
1.575300 
1.576000 
1.576200 
1.576600 
1.576700 
1.578400 
1.579200 
1.579600 
1.580200 
1.581600 
1.582200 
1.583000 
1.585200 
1.585300 
1.586300 
1.586900 
1.587200 
1.587500 
1.587800 
1.592000 
1.593800 
1.594100 
1.594300 
1.594300 
1.594300 
1.594500 
1.595300 
1.595700 
1.595700 
1.595800 
1.596400 
1.597700 
1.597700 
1.600300 
1.600500 
1.601100 
1.601800 
1.605900 
1.606700 
1.607700 
1.608300 
1.608900 
1.609400 
1.610900 
1.611900 
1.616000 
1.616200 
1.616400 
1.616700 
1.617900 
1.618100 
1.619200 
1.620100 
1.620100 
1.620800 
1.621000 
1.621400 
1.622500 
1.622800 
1.623100 
1.626000 
1.626200 
1.626300 
1.626600 
1.627100 
1.628700 
1.629000 
1.629300 
1.631000 
1.631400 
1.631500 
1.632400 
1.632700 
1.638300 
1.638600 
1.639500 
1.639800 
1.641900 
1.642100 
1.642600 
1.642600 
1.642700 
1.645700 
1.647200 
1.647900 
1.649800 
1.650100 
1.650900 
1.651000 
1.651700 
1.651800 
1.655100 
1.655500 
1.655800 
1.656400 
1.657600 
1.658400 
1.659100 
1.660300 
1.660600 
1.662200 
1.663500 
1.664500 
1.665500 
1.665700 
1.665900 
1.666300 
1.668100 
1.668600 
1.669800 
1.670500 
1.671400 
1.672500 
1.674600 
1.675500 
1.678400 
1.678500 
1.678900 
1.679500 
1.679600 
1.679700 
1.680500 
1.680600 
1.681100 
1.682100 
1.682500 
1.682600 
1.683300 
1.685600 
1.685900 
1.686200 
1.686200 
1.686400 
1.688600 
1.688900 
1.689400 
1.689800 
1.692900 
1.694700 
1.695100 
1.695200 
1.695500 
1.696000 
1.699700 
1.700500 
1.701400 
1.702000 
1.702800 
1.703700 
1.704200 
1.704800 
1.705200 
1.706000 
1.706100 
1.706500 
1.707300 
1.707800 
1.708400 
1.708500 
1.708700 
1.709500 
1.711000 
1.711700 
1.712500 
1.713200 
1.714000 
1.715200 
1.715700 
1.718000 
1.718100 
1.718900 
1.720000 
1.723000 
1.723800 
1.724600 
1.726200 
1.727000 
1.727500 
1.732000 
1.733000 
1.733300 
1.734300 
1.736300 
1.736500 
1.738000 
1.739100 
1.739500 
1.739800 
1.740400 
1.740600 
1.741200 
1.742400 
1.743100 
1.743200 
1.744500 
1.745000 
1.745600 
1.745700 
1.746500 
1.747600 
1.747900 
1.748300 
1.750000 
1.750700 
1.750800 
1.751600 
1.752100 
1.752600 
1.752900 
1.755500 
1.755900 
1.756300 
1.756300 
1.757100 
1.757100 
1.757300 
1.759300 
1.760800 
1.761100 
1.761800 
1.762200 
1.767600 
1.768700 
1.769400 
1.770900 
1.771100 
1.772800 
1.773200 
1.774000 
1.776100 
1.776900 
1.777700 
1.777700 
1.779100 
1.780100 
1.780200 
1.780600 
1.781400 
1.782500 
1.782800 
1.783200 
1.783500 
1.783800 
1.784100 
1.785500 
1.786400 
1.787900 
1.788300 
1.788900 
1.790600 
1.790600 
1.792800 
1.795100 
1.795400 
1.795700 
1.796900 
1.797200 
1.797700 
1.799000 
1.799200 
1.801600 
1.803400 
1.804100 
1.804200 
1.805200 
1.805300 
1.806000 
1.806500 
1.807200 
1.809000 
1.809200 
1.809700 
1.811100 
1.812600 
1.812700 
1.813700 
1.816200 
1.816700 
1.818900 
1.819200 
1.820400 
1.821000 
1.821100 
1.821400 
1.821900 
1.822100 
1.823200 
1.824600 
1.825000 
1.826200 
1.826300 
1.826300 
1.826900 
1.827100 
1.829500 
1.831300 
1.832100 
1.832100 
1.835200 
1.835900 
1.836400 
1.836600 
1.836900 
1.837300 
1.837800 
1.839300 
1.841600 
1.842600 
1.842900 
1.845900 
1.846300 
1.846300 
1.846700 
1.847200 
1.847500 
1.850100 
1.850200 
1.850500 
1.851200 
1.852500 
1.853700 
1.853700 
1.854100 
1.855300 
1.855700 
1.856000 
1.856800 
1.857800 
1.858000 
1.858800 
1.859400 
1.859800 
1.859900 
1.860700 
1.861300 
1.861800 
1.862900 
1.864700 
1.866600 
1.867700 
1.868000 
1.868400 
1.869000 
1.869500 
1.870300 
1.870800 
1.871000 
1.875600 
1.876700 
1.876900 
1.877700 
1.879100 
1.879700 
1.880700 
1.881400 
1.881400 
1.882400 
1.883500 
1.884500 
1.885400 
1.885500 
1.886800 
1.887500 
1.887800 
1.888500 
1.889300 
1.890500 
1.891300 
1.892200 
1.894400 
1.896800 
1.897000 
1.897700 
1.899000 
1.899200 
1.900200 
1.900300 
1.900900 
1.901200 
1.901900 
1.902100 
1.903500 
1.903900 
1.905900 
1.906300 
1.906400 
1.906400 
1.907000 
1.907900 
1.908400 
1.909400 
1.910300 
1.911600 
1.911600 
1.912100 
1.914100 
1.915700 
1.917600 
1.918400 
1.918700 
1.919500 
1.919600 
1.920500 
1.920900 
1.922500 
1.923700 
1.924600 
1.925000 
1.925800 
1.926000 
1.926500 
1.926900 
1.929600 
1.930400 
1.930400 
1.932300 
1.933400 
1.933400 
1.933800 
1.934500 
1.934600 
1.935400 
1.936000 
1.936900 
1.940000 
1.940800 
1.941100 
1.941900 
1.942000 
1.942600 
1.942800 
1.943800 
1.944600 
1.945900 
1.946000 
1.946600 
1.948700 
1.949500 
1.951600 
1.952900 
1.953100 
1.955200 
1.955200 
1.957900 
1.958200 
1.958800 
1.959800 
1.959800 
1.960100 
1.960200 
1.962900 
1.962900 
1.964900 
1.965400 
1.966400 
1.967400 
1.968000 
1.969200 
1.970800 
1.970900 
1.971000 
1.971000 
1.973200 
1.973300 
1.973600 
1.973800 
1.975000 
1.975400 
1.976100 
1.977100 
1.978200 
1.978800 
1.979800 
1.980100 
1.981700 
1.982800 
1.984200 
1.984500 
1.984800 
1.985700 
1.987100 
1.987400 
1.988100 
1.988600 
1.991500 
1.991500 
1.994000 
1.994700 
1.995300 
1.996000 
1.996900 
1.997900 
2.000400 
2.002200 
2.002800 
2.003400 
2.003400 
2.004300 
2.005200 
2.006500 
2.006800 
2.008400 
2.008500 
2.009800 
2.010100 
2.011000 
2.012700 
2.012900 
2.013600 
2.014000 
2.014500 
2.014800 
2.015100 
2.015700 
2.016100 
2.016300 
2.017800 
2.021100 
2.021600 
2.021700 
2.023200 
2.023400 
2.023900 
2.024700 
2.024700 
2.027200 
2.028500 
2.030600 
2.031100 
2.031200 
2.031400 
2.031400 
2.032900 
2.033700 
2.034100 
2.034900 
2.036200 
2.036900 
2.038700 
2.041200 
2.041400 
2.041700 
2.043100 
2.044000 
2.044400 
2.044800 
2.044800 
2.044900 
2.045000 
2.045100 
2.048100 
2.049600 
2.051100 
2.051500 
2.051600 
2.052000 
2.055000 
2.055100 
2.056600 
2.057100 
2.057200 
2.058800 
2.058900 
2.059100 
2.063000 
2.063100 
2.064300 
2.065300 
2.067700 
2.068000 
2.068900 
2.069700 
2.069800 
2.069900 
2.070600 
2.071900 
2.072300 
2.072400 
2.072400 
2.072600 
2.073700 
2.077000 
2.078300 
2.078400 
2.079200 
2.079900 
2.080300 
2.081400 
2.082300 
2.082500 
2.083900 
2.084600 
2.084600 
2.085100 
2.086200 
2.087300 
2.087300 
2.088800 
2.089000 
2.089300 
2.089800 
2.090100 
2.090900 
2.095100 
2.095300 
2.096500 
2.099300 
2.100900 
2.102500 
2.102700 
2.103300 
2.103400 
2.103500 
2.103700 
2.103700 
2.104900 
2.105100 
2.105500 
2.105800 
2.107100 
2.107200 
2.107300 
2.107500 
2.108600 
2.108800 
2.108800 
2.109200 
2.112400 
2.112900 
2.113000 
2.113400 
2.114900 
2.115300 
2.115800 
2.116200 
2.116600 
2.118900 
2.119500 
2.119600 
2.119700 
2.120400 
2.120700 
2.122200 
2.124000 
2.124100 
2.124400 
2.125500 
2.129400 
2.130800 
2.131100 
2.131600 
2.133300 
2.133600 
2.134000 
2.134700 
2.135400 
2.136600 
2.137000 
2.137200 
2.137700 
2.140400 
2.141000 
2.141200 
2.144500 
2.144800 
2.145200 
2.145900 
2.147200 
2.147200 
2.148500 
2.148700 
2.152300 
2.152500 
2.152900 
2.154200 
2.154900 
2.155600 
2.157500 
2.157600 
2.158100 
2.158200 
2.158300 
2.158300 
2.158800 
2.158800 
2.158900 
2.160000 
2.160300 
2.162300 
2.163000 
2.164800 
2.165300 
2.166400 
2.169100 
2.169300 
2.169600 
2.170000 
2.171800 
2.172200 
2.173200 
2.173300 
2.173300 
2.174300 
2.175600 
2.176400 
2.176600 
2.177000 
2.177300 
2.179000 
2.179700 
2.179700 
2.179900 
2.182500 
2.184300 
2.184800 
2.186300 
2.186600 
2.187100 
2.187300 
2.187500 
2.187800 
2.188400 
2.189000 
2.190100 
2.190600 
2.190800 
2.191900 
2.192700 
2.193900 
2.194500 
2.194500 
2.194500 
2.194600 
2.196500 
2.198300 
2.200000 
2.200400 
2.201100 
2.203200 
2.203500 
2.203700 
2.204900 
2.205400 
2.207600 
2.208200 
2.209700 
2.211300 
2.211500 
2.212200 
2.212200 
2.212400 
2.212500 
2.213900 
2.215800 
2.216100 
2.216700 
2.217000 
2.218700 
2.219500 
2.221400 
2.222700 
2.223400 
2.224400 
2.225000 
2.226700 
2.227600 
2.230000 
2.230500 
2.231100 
2.232600 
2.233000 
2.233300 
2.233300 
2.234500 
2.235700 
2.236200 
2.237100 
2.237400 
2.237400 
2.238000 
2.239000 
2.239800 
2.241400 
2.242200 
2.242200 
2.243000 
2.245400 
2.246000 
2.246100 
2.246300 
2.246600 
2.247300 
2.250800 
2.250800 
2.251300 
2.251300 
2.251400 
2.253400 
2.253500 
2.253600 
2.253900 
2.255300 
2.258200 
2.259400 
2.261000 
2.261100 
2.262600 
2.264500 
2.264700 
2.265200 
2.265200 
2.265600 
2.265700 
2.265800 
2.266400 
2.266700 
2.268100 
2.269500 
2.269700 
2.270200 
2.272100 
2.272700 
2.273600 
2.274400 
2.274600 
2.274700 
2.275300 
2.276400 
2.276400 
2.276500 
2.276900 
2.277100 
2.277600 
2.278000 
2.279500 
2.279600 
2.280700 
2.281100 
2.281300 
2.282300 
2.282800 
2.285300 
2.286600 
2.287200 
2.290200 
2.291300 
2.291600 
2.292100 
2.292100 
2.293300 
2.293500 
2.294100 
2.295000 
2.296800 
2.298600 
2.300900 
2.301100 
2.303400 
2.304300 
2.304500 
2.304900 
2.305500 
2.305600 
2.306500 
2.307100 
2.307700 
2.308300 
2.308500 
2.309300 
2.310500 
2.311700 
2.311700 
2.313600 
2.314500 
2.315300 
2.315700 
2.316500 
2.317200 
2.317800 
2.319100 
2.320500 
2.321000 
2.322700 
2.322800 
2.324000 
2.324800 
2.328200 
2.329300 
2.329400 
2.329500 
2.330700 
2.331000 
2.332300 
2.333500 
2.333700 
2.334300 
2.334900 
2.335300 
2.335700 
2.337000 
2.337900 
2.339100 
2.340300 
2.340400 
2.340400 
2.340400 
2.342200 
2.343100 
2.343200 
2.344100 
2.345000 
2.346100 
2.346300 
2.346400 
2.349700 
2.350600 
2.351400 
2.353100 
2.353600 
2.354100 
2.354600 
2.355500 
2.355700 
2.355800 
2.356000 
2.356700 
2.358600 
2.358700 
2.362100 
2.362900 
2.363300 
2.365100 
2.365100 
2.365300 
2.365500 
2.366800 
2.367200 
2.367600 
2.368500 
2.368900 
2.370800 
2.371500 
2.371700 
2.372200 
2.373500 
2.376000 
2.376400 
2.378400 
2.379800 
2.380000 
2.380500 
2.380900 
2.381000 
2.382000 
2.382200 
2.382200 
2.382300 
2.383900 
2.384400 
2.385100 
2.386200 
2.386500 
2.386700 
2.386800 
2.389800 
2.390000 
2.391600 
2.391700 
2.392000 
2.392600 
2.392800 
2.393000 
2.393100 
2.394900 
2.396300 
2.396600 
2.397600 
2.397700 
2.399200 
2.399700 
2.401000 
2.402700 
2.403600 
2.403700 
2.404700 
2.405500 
2.405800 
2.407100 
2.407800 
2.408500 
2.409000 
2.409600 
2.410000 
2.412400 
2.412600 
2.412900 
2.413100 
2.413400 
2.413500 
2.413700 
2.415200 
2.415500 
2.416500 
2.417900 
2.419400 
2.420700 
2.421800 
2.421900 
2.422100 
2.422200 
2.423700 
2.424900 
2.427500 
2.431300 
2.432200 
2.433000 
2.434400 
2.434500 
2.435100 
2.436000 
2.436000 
2.436800 
2.437600 
2.439600 
2.440300 
2.440400 
2.441300 
2.441700 
2.441800 
2.442000 
2.442600 
2.444600 
2.444600 
2.446000 
2.446800 
2.447200 
2.449100 
2.449200 
2.449900 
2.450500 
2.451300 
2.451400 
2.451800 
2.452400 
2.452800 
2.454200 
2.454900 
2.455200 
2.455700 
2.457300 
2.459200 
2.460600 
2.460700 
2.460800 
2.462200 
2.462800 
2.463100 
2.464700 
2.464900 
2.466800 
2.467200 
2.468300 
2.471000 
2.471100 
2.472900 
2.473400 
2.473600 
2.477200 
2.477600 
2.478000 
2.480300 
2.480500 
2.481800 
2.482100 
2.482300 
2.483800 
2.484100 
2.484900 
2.486000 
2.487900 
2.489700 
2.490000 
2.490100 
2.490300 
2.491400 
2.491700 
2.492000 
2.493500 
2.493700 
2.494000 
2.495500 
2.496500 
2.496700 
2.496700 
2.497400 
2.498100 
2.498500 
2.499100 
2.499400 
2.500300 
2.500500 
2.502000 
2.502700 
2.506000 
2.507300 
2.508500 
2.508800 
2.509200 
2.509700 
2.509700 
2.509800 
2.510200 
2.511600 
2.514200 
2.516100 
2.517400 
2.517700 
2.517700 
2.518800 
2.520500 
2.520500 
2.521400 
2.523300 
2.523900 
2.524100 
2.524100 
2.524400 
2.525700 
2.526700 
2.527300 
2.527600 
2.529100 
2.530600 
2.531800 
2.532800 
2.534200 
2.535000 
2.535100 
2.535100 
2.535500 
2.535800 
2.536400 
2.536600 
2.537000 
2.537400 
2.538900 
2.539900 
2.541500 
2.545100 
2.545300 
2.546300 
2.546700 
2.547900 
2.548300 
2.550000 
2.551300 
2.551700 
2.555900 
2.556500 
2.557700 
2.559200 
2.560500 
2.562600 
2.562900 
2.562900 
2.563700 
2.564700 
2.565900 
2.567600 
2.569300 
2.570600 
2.570600 
2.571400 
2.572800 
2.573600 
2.573600 
2.574800 
2.576000 
2.577100 
2.577400 
2.579200 
2.579600 
2.580500 
2.580600 
2.580700 
2.583300 
2.583800 
2.584800 
2.584900 
2.585100 
2.585300 
2.585400 
2.585800 
2.586100 
2.587700 
2.587800 
2.589200 
2.591100 
2.591700 
2.591900 
2.592300 
2.592900 
2.593300 
2.595300 
2.595800 
2.596600 
2.596700 
2.597000 
2.599200 
2.600400 
2.600700 
2.601900 
2.602300 
2.602900 
2.603200 
2.603600 
2.605200 
2.606600 
2.607000 
2.607800 
2.608300 
2.609300 
2.609700 
2.610900 
2.611400 
2.611600 
2.612500 
2.613000 
2.617100 
2.619800 
2.620000 
2.621500 
2.622700 
2.624800 
2.625600 
2.626200 
2.626500 
2.626500 
2.626600 
2.627800 
2.628000 
2.628300 
2.628500 
2.628700 
2.629800 
2.630200 
2.631700 
2.632400 
2.633600 
2.633900 
2.634200 
2.635200 
2.635400 
2.635500 
2.635700 
2.635700 
2.637200 
2.639300 
2.639900 
2.640800 
2.641900 
2.642600 
2.643300 
2.645000 
2.645000 
2.645200 
2.647100 
2.647200 
2.647300 
2.649200 
2.649300 
2.650500 
2.650600 
2.652200 
2.652500 
2.653400 
2.654100 
2.655300 
2.659000 
2.659800 
2.661500 
2.662100 
2.662100 
2.662100 
2.662400 
2.663000 
2.663800 
2.665200 
2.665300 
2.667800 
2.668300 
2.668900 
2.670200 
2.670700 
2.670700 
2.671100 
2.671600 
2.672100 
2.672800 
2.673200 
2.673800 
2.674500 
2.675100 
2.676100 
2.676700 
2.680100 
2.680400 
2.680700 
2.681400 
2.682700 
2.685000 
2.685300 
2.685700 
2.686100 
2.686300 
2.686400 
2.686700 
2.687800 
2.689800 
2.689900 
2.690800 
2.694200 
2.695500 
2.696800 
2.697000 
2.697200 
2.698500 
2.698600 
2.698700 
2.698700 
2.699900 
2.700100 
2.700200 
2.700200 
2.700400 
2.701100 
2.702000 
2.702400 
2.702600 
2.703100 
2.703900 
2.704000 
2.706800 
2.706900 
2.707700 
2.708900 
2.711300 
2.712000 
2.712300 
2.713700 
2.714300 
2.714300 
2.715500 
2.718300 
2.719300 
2.719700 
2.720000 
2.720600 
2.723700 
2.724900 
2.726600 
2.728100 
2.728100 
2.729100 
2.729700 
2.730500 
2.730600 
2.731600 
2.732100 
2.732400 
2.732500 
2.732600 
2.733100 
2.734300 
2.736500 
2.736700 
2.739100 
2.739300 
2.739800 
2.741000 
2.742600 
2.742700 
2.743200 
2.745900 
2.746200 
2.746300 
2.746500 
2.747100 
2.747700 
2.749300 
2.750400 
2.750600 
2.750600 
2.751500 
2.751600 
2.752400 
2.752800 
2.753700 
2.754200 
2.754700 
2.756100 
2.758400 
2.758800 
2.759100 
2.759700 
2.760700 
2.764600 
2.767000 
2.767400 
2.768500 
2.769500 
2.770000 
2.771000 
2.771300 
2.772500 
2.772800 
2.773100 
2.773900 
2.774600 
2.774800 
2.774800 
2.775000 
2.775900 
2.776000 
2.777200 
2.778400 
2.778600 
2.778800 
2.779500 
2.780300 
2.780900 
2.781800 
2.782600 
2.783400 
2.784000 
2.784500 
2.785000 
2.785200 
2.785400 
2.786900 
2.789500 
2.789800 
2.789900 
2.791300 
2.791400 
2.792900 
2.796000 
2.797000 
2.797600 
2.799300 
2.800100 
2.802500 
2.802900 
2.803200 
2.803300 
2.804200 
2.804300 
2.804500 
2.805600 
2.807300 
2.808400 
2.808500 
2.809100 
2.809300 
2.809300 
2.809800 
2.811700 
2.811700 
2.812000 
2.814100 
2.814700 
2.815500 
2.815600 
2.815800 
2.815900 
2.817600 
2.819000 
2.820600 
2.821600 
2.823400 
2.823600 
2.824100 
2.824400 
2.825200 
2.825500 
2.825600 
2.827300 
2.827600 
2.828100 
2.828200 
2.828300 
2.829000 
2.829400 
2.829900 
2.830700 
2.833500 
2.833700 
2.834800 
2.835700 
2.836200 
2.837600 
2.837900 
2.838100 
2.838800 
2.839600 
2.839900 
2.840700 
2.841500 
2.841800 
2.843500 
2.844300 
2.845400 
2.847300 
2.848200 
2.848700 
2.849200 
2.850800 
2.852400 
2.853100 
2.854700 
2.854900 
2.855200 
2.856200 
2.856500 
2.858400 
2.860000 
2.861400 
2.862300 
2.862300 
2.862700 
2.862700 
2.862800 
2.863100 
2.864500 
2.865700 
2.866600 
2.868000 
2.868200 
2.868700 
2.870400 
2.872400 
2.872900 
2.874100 
2.874300 
2.874700 
2.878300 
2.879800 
2.880400 
2.881200 
2.881600 
2.881800 
2.882200 
2.884400 
2.885600 
2.885800 
2.886000 
2.887500 
2.888100 
2.888200 
2.888800 
2.888900 
2.889400 
2.889700 
2.889900 
2.890900 
2.892500 
2.892600 
2.893700 
2.894000 
2.894000 
2.895000 
2.895000 
2.895300 
2.895500 
2.897900 
2.899600 
2.899600 
2.901300 
2.901800 
2.904200 
2.904500 
2.905600 
2.905600 
2.906100 
2.908000 
2.908600 
2.909000 
2.909100 
2.910300 
2.911300 
2.911600 
2.911600 
2.912700 
2.915300 
2.915600 
2.917000 
2.919100 
2.920400 
2.922100 
2.922800 
2.924800 
2.925200 
2.927100 
2.927300 
2.927400 
2.928800 
2.928800 
2.928900 
2.929200 
2.929400 
2.930100 
2.930600 
2.930600 
2.933700 
2.934200 
2.934500 
2.934700 
2.935400 
2.935800 
2.936000 
2.936500 
2.940600 
2.941400 
2.943300 
2.943700 
2.944600 
2.944600 
2.944700 
2.944800 
2.945100 
2.946800 
2.946900 
2.947800 
2.948000 
2.948500 
2.948700 
2.952800 
2.954000 
2.954100 
2.955600 
2.956500 
2.956900 
2.957000 
2.958500 
2.959100 
2.959900 
2.960200 
2.960600 
2.961400 
2.962100 
2.962800 
2.963500 
2.963800 
2.965600 
2.965900 
2.966100 
2.968400 
2.968900 
2.971500 
2.971700 
2.972200 
2.973900 
2.974300 
2.974300 
2.975000 
2.975300 
2.975500 
2.977200 
2.978100 
2.978300 
2.979000 
2.979000 
2.980800 
2.982300 
2.984900 
2.985500 
2.986100 
2.986400 
2.988800 
2.989700 
2.989800 
2.990700 
2.992500 
2.992800 
2.993200 
2.993300 
2.993800 
2.994300 
2.994900 
2.997000 
2.997600 
2.998900 
2.998900 
