37 
3 
21 
39 
41 
24 
16 
42 
19 
14 
39 
26 
23 
4 
44 
0 
33 
41 
21 
3 
18 
42 
16 
4 
8 
23 
17 
38 
32 
37 
24 
44 
40 
41 
42 
35 
39 
24 
18 
28 
38 
44 
32 
21 
40 
46 
12 
16 
45 
7 
25 
41 
31 
23 
33 
18 
44 
36 
29 
42 
26 
31 
32 
21 
44 
28 
19 
2 
33 
12 
23 
0 
8 
42 
18 
10 
31 
14 
35 
7 
29 
21 
0 
19 
16 
8 
42 
26 
24 
41 
39 
25 
37 
42 
0 
7 
24 
18 
23 
44 
35 
32 
12 
39 
0 
41 
26 
10 
44 
14 
42 
16 
19 
31 
21 
42 
3 
37 
41 
35 
28 
0 
24 
18 
16 
25 
21 
41 
7 
33 
26 
9 
23 
3 
41 
24 
42 
16 
10 
40 
26 
32 
28 
25 
2 
18 
30 
16 
21 
37 
2 
19 
3 
42 
0 
30 
7 
12 
41 
29 
32 
8 
44 
10 
24 
46 
26 
4 
0 
18 
25 
41 
37 
33 
21 
8 
29 
14 
42 
12 
35 
40 
24 
7 
23 
18 
45 
31 
26 
44 
33 
42 
41 
28 
37 
16 
17 
30 
39 
0 
10 
23 
9 
35 
24 
38 
41 
27 
20 
42 
2 
14 
19 
31 
25 
3 
40 
29 
39 
41 
23 
44 
18 
42 
21 
16 
24 
7 
35 
36 
19 
40 
28 
32 
30 
24 
44 
41 
42 
16 
0 
29 
23 
25 
31 
7 
42 
24 
18 
33 
14 
27 
41 
40 
28 
26 
19 
39 
2 
17 
16 
24 
38 
31 
42 
3 
21 
18 
28 
41 
0 
16 
39 
33 
29 
24 
14 
41 
42 
31 
2 
44 
16 
8 
40 
42 
18 
34 
21 
23 
0 
32 
7 
24 
16 
44 
31 
22 
26 
33 
14 
0 
42 
18 
19 
7 
41 
4 
28 
2 
10 
16 
35 
37 
21 
40 
25 
42 
24 
41 
26 
23 
44 
3 
39 
0 
16 
28 
42 
33 
41 
25 
20 
26 
21 
32 
24 
19 
14 
30 
23 
8 
29 
16 
33 
3 
45 
41 
19 
18 
2 
28 
40 
42 
20 
4 
37 
0 
14 
44 
21 
42 
24 
1 
19 
16 
33 
41 
0 
39 
12 
23 
28 
18 
19 
15 
44 
40 
2 
41 
32 
29 
30 
34 
42 
0 
18 
11 
44 
28 
25 
12 
42 
2 
16 
33 
32 
41 
35 
24 
19 
31 
40 
18 
46 
12 
42 
16 
21 
1 
31 
3 
2 
28 
42 
7 
39 
10 
18 
16 
14 
23 
26 
24 
1 
22 
42 
25 
0 
33 
41 
39 
18 
24 
16 
32 
44 
40 
26 
35 
3 
0 
41 
23 
33 
19 
27 
16 
20 
29 
15 
44 
11 
0 
18 
21 
16 
12 
24 
33 
26 
35 
8 
31 
37 
2 
41 
42 
7 
0 
29 
44 
19 
33 
16 
35 
25 
38 
23 
42 
18 
21 
16 
3 
44 
41 
12 
0 
2 
8 
4 
23 
32 
22 
28 
42 
41 
7 
24 
25 
38 
0 
2 
16 
33 
3 
26 
23 
37 
39 
6 
8 
41 
4 
35 
24 
42 
33 
26 
0 
44 
18 
41 
45 
21 
1 
16 
15 
32 
38 
46 
25 
24 
14 
23 
45 
32 
21 
18 
42 
41 
0 
16 
40 
24 
19 
3 
41 
44 
29 
21 
12 
24 
2 
0 
17 
18 
32 
25 
26 
35 
31 
21 
14 
16 
42 
44 
27 
4 
8 
41 
18 
7 
28 
10 
0 
35 
29 
25 
32 
33 
19 
45 
41 
2 
8 
4 
42 
13 
17 
19 
18 
40 
16 
32 
41 
24 
29 
10 
25 
33 
0 
31 
32 
17 
35 
42 
29 
23 
16 
6 
7 
42 
3 
41 
0 
39 
28 
45 
24 
44 
42 
31 
41 
33 
40 
21 
30 
18 
32 
24 
0 
3 
16 
39 
37 
14 
12 
10 
38 
42 
33 
41 
26 
46 
34 
19 
29 
8 
0 
1 
24 
18 
42 
31 
23 
41 
2 
40 
32 
35 
38 
39 
33 
44 
25 
18 
32 
43 
0 
21 
10 
41 
42 
14 
19 
24 
18 
23 
8 
39 
29 
45 
28 
41 
37 
12 
4 
44 
31 
24 
40 
13 
35 
14 
18 
19 
42 
24 
23 
26 
41 
33 
44 
7 
13 
16 
0 
19 
42 
25 
18 
39 
16 
41 
21 
24 
29 
3 
41 
28 
37 
25 
6 
31 
23 
19 
13 
15 
16 
26 
18 
0 
29 
21 
39 
38 
41 
35 
24 
44 
37 
16 
33 
25 
19 
42 
12 
29 
41 
2 
14 
10 
17 
13 
32 
16 
8 
18 
0 
44 
31 
40 
42 
41 
6 
24 
37 
25 
7 
32 
16 
26 
0 
44 
42 
39 
41 
24 
18 
1 
27 
39 
0 
38 
41 
42 
37 
21 
2 
4 
32 
16 
40 
33 
28 
45 
25 
44 
30 
24 
41 
8 
29 
31 
0 
42 
46 
21 
14 
39 
41 
3 
44 
24 
33 
36 
29 
16 
23 
37 
40 
25 
18 
35 
44 
42 
46 
0 
2 
41 
33 
16 
4 
31 
30 
28 
24 
18 
26 
40 
42 
23 
10 
2 
