0.078000 
0.083100 
0.093000 
0.096500 
0.101400 
0.103600 
0.106900 
0.111200 
0.114200 
0.120000 
0.121200 
0.123900 
0.125700 
0.130400 
0.131700 
0.132500 
0.133800 
0.134300 
0.136300 
0.136900 
0.138700 
0.138900 
0.139600 
0.139700 
0.140300 
0.144400 
0.144500 
0.145900 
0.146400 
0.151600 
0.155000 
0.166500 
0.166900 
0.166900 
0.170000 
0.170000 
0.171300 
0.172300 
0.172700 
0.174600 
0.175800 
0.179100 
0.179400 
0.180200 
0.181200 
0.183500 
0.184000 
0.187400 
0.187800 
0.189300 
0.191100 
0.194500 
0.194800 
0.195900 
0.197400 
0.197500 
0.201100 
0.201300 
0.201500 
0.201700 
0.203500 
0.210900 
0.213600 
0.215600 
0.216800 
0.217000 
0.217800 
0.218200 
0.220700 
0.223400 
0.224900 
0.226700 
0.227900 
0.229100 
0.229800 
0.230500 
0.232600 
0.238400 
0.240500 
0.241600 
0.241900 
0.243400 
0.247200 
0.250200 
0.255400 
0.255600 
0.259700 
0.260100 
0.260400 
0.261500 
0.261700 
0.261800 
0.262100 
0.262600 
0.263500 
0.264900 
0.268700 
0.268800 
0.272700 
0.275700 
0.276000 
0.276400 
0.284100 
0.285400 
0.285900 
0.287700 
0.288500 
0.291500 
0.292900 
0.295000 
0.295200 
0.297100 
0.299900 
0.302000 
0.305200 
0.305700 
0.311700 
0.313000 
0.315500 
0.317400 
0.318200 
0.319100 
0.319900 
0.320600 
0.323300 
0.324100 
0.325700 
0.326100 
0.326600 
0.330100 
0.334700 
0.334700 
0.335200 
0.336700 
0.337500 
0.338100 
0.340100 
0.341900 
0.342300 
0.342500 
0.344300 
0.345300 
0.345500 
0.345500 
0.345600 
0.347500 
0.347500 
0.348500 
0.353500 
0.355900 
0.359700 
0.360000 
0.360700 
0.363800 
0.371400 
0.371800 
0.372600 
0.373000 
0.374600 
0.375700 
0.375700 
0.376700 
0.379000 
0.381100 
0.381700 
0.382200 
0.385400 
0.387700 
0.390200 
0.391200 
0.392700 
0.393100 
0.397600 
0.399700 
0.400200 
0.401200 
0.402100 
0.410400 
0.412100 
0.412500 
0.412600 
0.413800 
0.415100 
0.418900 
0.419300 
0.421800 
0.424800 
0.425900 
0.430200 
0.433500 
0.437500 
0.439300 
0.447200 
0.458000 
0.459600 
0.462200 
0.463200 
0.463700 
0.465600 
0.467200 
0.469500 
0.469500 
0.471300 
0.474000 
0.474400 
0.474400 
0.478400 
0.478800 
0.479700 
0.480700 
0.482800 
0.482900 
0.483200 
0.486300 
0.487900 
0.488000 
0.488900 
0.489700 
0.489700 
0.491100 
0.495100 
0.495400 
0.500200 
0.500400 
0.500400 
0.507400 
0.507800 
0.512300 
0.512600 
0.518300 
0.519300 
0.523600 
0.525800 
0.534800 
0.536100 
0.540000 
0.540100 
0.543000 
0.543400 
0.547800 
0.548200 
0.552300 
0.552400 
0.552600 
0.552700 
0.555200 
0.556900 
0.557500 
0.559700 
0.560400 
0.563200 
0.564700 
0.565700 
0.566700 
0.566800 
0.567100 
0.568700 
0.570700 
0.574100 
0.575200 
0.578500 
0.580300 
0.582600 
0.584400 
0.585300 
0.585600 
0.588500 
0.590600 
0.590800 
0.591700 
0.597300 
0.598500 
0.598700 
0.600800 
0.601800 
0.604200 
0.604500 
0.608700 
0.610300 
0.611300 
0.612000 
0.612700 
0.612800 
0.613200 
0.613200 
0.615100 
0.615100 
0.620300 
0.620700 
0.621400 
0.626800 
0.631000 
0.631700 
0.633200 
0.636500 
0.637000 
0.637300 
0.637900 
0.640900 
0.643200 
0.643500 
0.648500 
0.651700 
0.652900 
0.653700 
0.654500 
0.654800 
0.661000 
0.662500 
0.676500 
0.682500 
0.687800 
0.687800 
0.689100 
0.691400 
0.696100 
0.697100 
0.700800 
0.701300 
0.703900 
0.709900 
0.710200 
0.712000 
0.712100 
0.713900 
0.715900 
0.717100 
0.721800 
0.721800 
0.722400 
0.724800 
0.726000 
0.726200 
0.733700 
0.734000 
0.735700 
0.741000 
0.741300 
0.741400 
0.743700 
0.750700 
0.751300 
0.754900 
0.759800 
0.761600 
0.761600 
0.762000 
0.763700 
0.764500 
0.765500 
0.766900 
0.768100 
0.770400 
0.771500 
0.772500 
0.772700 
0.777900 
0.778200 
0.785700 
0.792700 
0.793800 
0.801300 
0.804100 
0.806300 
0.807500 
0.809600 
0.818100 
0.822100 
0.824200 
0.826000 
0.826800 
0.827900 
0.840800 
0.841100 
0.845900 
0.846500 
0.846800 
0.847000 
0.850500 
0.852200 
0.853400 
0.863200 
0.866200 
0.873000 
0.880900 
0.885800 
0.885900 
0.886000 
0.887800 
0.889800 
0.890300 
0.891600 
0.893400 
0.896000 
0.896800 
0.898300 
0.900000 
0.906900 
0.907200 
0.908500 
0.911000 
0.912300 
0.914000 
0.914000 
0.914300 
0.914500 
0.918300 
0.919700 
0.919900 
0.925100 
0.925300 
0.929200 
0.931800 
0.932600 
0.933900 
0.935300 
0.939800 
0.941100 
0.941600 
0.946200 
0.946300 
0.946600 
0.947300 
0.949200 
0.949900 
0.950600 
0.951300 
0.956400 
0.956400 
0.956600 
0.958700 
0.958800 
0.959400 
0.959400 
0.961500 
0.961800 
0.964900 
0.965000 
0.968100 
0.968100 
0.974600 
0.976600 
0.977700 
0.978000 
0.978800 
0.980500 
0.980900 
0.981700 
0.983200 
0.996200 
0.998700 
1.004500 
1.010600 
1.013600 
1.023200 
1.024700 
1.027100 
1.033000 
1.037400 
1.040500 
1.042700 
1.048500 
1.050900 
1.051000 
1.053200 
1.056000 
1.057300 
1.058800 
1.061700 
1.062500 
1.063100 
1.063400 
1.064000 
1.064500 
1.064600 
1.064800 
1.066300 
1.066400 
1.066400 
1.067400 
1.068200 
1.069200 
1.073500 
1.074500 
1.077900 
1.078200 
1.080100 
1.080100 
1.087600 
1.088800 
1.091400 
1.096600 
1.097900 
1.099100 
1.101500 
1.101800 
1.102600 
1.104600 
1.104900 
1.106000 
1.106900 
1.108600 
1.110300 
1.111300 
1.113200 
1.114500 
1.115600 
1.115600 
1.117000 
1.117300 
1.119800 
1.119800 
1.121300 
1.121600 
1.122500 
1.123000 
1.125000 
1.125400 
1.125700 
1.127300 
1.127500 
1.129800 
1.132100 
1.133200 
1.135300 
1.135500 
1.136000 
1.136000 
1.140600 
1.144500 
1.145200 
1.145300 
1.145400 
1.146000 
1.158200 
1.158400 
1.165600 
1.166100 
1.166200 
1.168100 
1.169500 
1.170800 
1.173200 
1.173400 
1.175900 
1.175900 
1.176200 
1.181900 
1.181900 
1.183300 
1.183500 
1.185000 
1.193300 
1.194600 
1.196000 
1.197600 
1.200200 
1.200300 
1.202200 
1.205900 
1.209100 
1.210100 
1.216500 
1.216600 
1.217500 
1.217600 
1.220700 
1.225200 
1.226200 
1.230300 
1.231800 
1.240500 
1.240600 
1.246000 
1.250300 
1.250800 
1.258100 
1.258600 
1.264100 
1.264600 
1.264800 
1.265100 
1.269600 
1.275000 
1.275400 
1.277800 
1.279300 
1.279900 
1.285500 
1.286500 
1.293600 
1.294300 
1.294600 
1.297000 
1.299200 
1.302500 
1.306800 
1.307700 
1.307700 
1.313800 
1.315400 
1.317200 
1.318100 
1.320000 
1.320500 
1.321200 
1.321700 
1.322700 
1.322900 
1.325700 
1.326000 
1.327200 
1.329200 
1.329900 
1.330200 
1.330400 
1.332200 
1.334200 
1.334200 
1.334500 
1.334600 
1.338200 
1.339600 
1.341700 
1.344300 
1.346400 
1.347000 
1.348000 
1.348400 
1.348700 
1.349300 
1.350700 
1.350700 
1.353400 
1.357000 
1.358200 
1.360300 
1.361200 
1.362700 
1.363400 
1.364300 
1.366800 
1.368700 
1.369000 
1.372600 
1.381000 
1.381100 
1.381200 
1.382200 
1.382700 
1.385200 
1.387100 
1.388400 
1.390300 
1.391100 
1.391600 
1.392400 
1.396000 
1.398600 
1.404400 
1.410700 
1.412000 
1.415900 
1.421100 
1.421900 
1.423700 
1.423900 
1.425100 
1.425300 
1.426400 
1.429400 
1.430300 
1.431900 
1.432700 
1.433500 
1.434400 
1.434900 
1.435200 
1.436200 
1.438200 
1.438200 
1.439700 
1.440100 
1.441300 
1.441500 
1.443500 
1.444100 
1.444800 
1.445700 
1.446700 
1.447700 
1.447900 
1.448000 
1.448100 
1.448200 
1.448900 
1.449000 
1.449000 
1.449100 
1.449600 
1.450200 
1.451800 
1.451900 
1.453100 
1.455000 
1.455200 
1.455900 
1.456600 
1.459800 
1.461600 
1.462200 
1.462200 
1.462500 
1.463200 
1.465900 
1.466800 
1.467000 
1.469300 
1.470600 
1.471100 
1.473200 
1.475800 
1.483800 
1.486300 
1.487600 
1.488100 
1.491000 
1.494300 
1.494700 
1.495900 
1.497400 
1.498400 
1.500700 
1.502200 
1.502500 
1.505500 
1.505900 
1.507200 
1.508000 
1.508600 
1.509700 
1.509900 
1.509900 
1.511200 
1.511700 
1.513100 
1.513800 
1.514700 
1.514900 
1.515500 
1.517600 
1.519200 
1.519900 
1.524000 
1.526000 
1.526500 
1.529400 
1.531600 
1.532200 
1.534600 
1.537600 
1.540000 
1.541000 
1.542700 
1.543300 
1.547000 
1.548300 
1.550000 
1.550900 
1.551000 
1.553900 
1.554000 
1.557200 
1.557500 
1.557700 
1.559400 
1.560000 
1.560900 
1.562500 
1.566300 
1.568700 
1.569700 
1.572800 
1.573200 
1.573600 
1.574400 
1.575800 
1.579500 
1.579700 
1.579800 
1.581700 
1.582100 
1.587400 
1.588000 
1.589100 
1.589400 
1.589900 
1.594600 
1.594800 
1.595900 
1.597000 
1.599600 
1.610100 
1.610700 
1.617200 
1.618800 
1.621300 
1.621700 
1.625800 
1.628300 
1.630100 
1.631100 
1.641400 
1.648800 
1.649800 
1.652700 
1.658200 
1.658600 
1.668600 
1.670100 
1.675000 
1.675100 
1.676000 
1.676200 
1.678400 
1.679200 
1.679500 
1.681900 
1.686500 
1.693400 
1.693900 
1.702800 
1.704200 
1.704300 
1.712800 
1.713000 
1.714400 
1.714800 
1.716000 
1.716400 
1.716600 
1.719900 
1.721700 
1.725200 
1.729700 
1.730500 
1.730800 
1.731500 
1.732000 
1.733800 
1.735300 
1.737700 
1.741000 
1.746400 
1.747200 
1.747200 
1.747500 
1.750700 
1.753600 
1.756900 
1.760600 
1.772600 
1.772600 
1.777100 
1.781100 
1.781100 
1.781700 
1.792900 
1.793300 
1.804800 
1.805400 
1.805400 
1.813600 
1.815800 
1.816500 
1.821700 
1.822600 
1.827200 
1.827700 
1.829300 
1.831300 
1.832000 
1.832500 
1.832800 
1.834100 
1.834200 
1.835000 
1.835400 
1.837100 
1.844200 
1.844500 
1.847900 
1.850400 
1.852700 
1.853200 
1.856000 
1.857100 
1.862800 
1.866400 
1.870600 
1.871400 
1.879100 
1.885100 
1.885700 
1.890800 
1.890800 
1.891000 
1.893200 
1.895700 
1.897900 
1.898000 
1.898800 
1.898900 
1.906400 
1.909400 
1.909600 
1.913100 
1.913700 
1.914300 
1.914500 
1.915300 
1.915600 
1.916000 
1.917700 
1.918900 
1.925500 
1.927200 
1.929100 
1.929200 
1.930300 
1.930600 
1.932000 
1.935000 
1.935700 
1.935800 
1.936300 
1.937400 
1.937500 
1.938600 
1.940800 
1.945300 
1.946400 
1.946700 
1.947500 
1.947600 
1.949200 
1.949400 
1.952800 
1.955200 
1.956800 
1.957300 
1.958500 
1.959600 
1.962800 
1.964000 
1.964300 
1.965600 
1.965900 
1.966100 
1.966400 
1.967800 
1.974700 
1.975400 
1.975500 
1.979000 
1.980100 
1.984000 
1.989200 
1.992300 
1.994100 
1.995000 
1.995200 
1.997300 
1.998100 
1.998300 
1.999100 
1.999800 
2.001000 
2.001300 
2.002100 
2.003600 
2.003600 
2.003700 
2.005700 
2.007000 
2.010700 
2.011200 
2.013000 
2.015900 
2.021100 
2.022000 
2.022500 
2.025500 
2.026800 
2.032400 
2.033600 
2.043700 
2.044100 
2.053200 
2.056300 
2.060700 
2.061000 
2.061600 
2.063600 
2.064700 
2.068700 
2.070800 
2.071300 
2.072300 
2.075600 
2.077600 
2.077700 
2.078300 
2.079500 
2.082900 
2.085800 
2.086300 
2.088000 
2.091900 
2.097100 
2.097700 
2.099500 
2.100000 
2.104000 
2.112200 
2.113200 
2.114300 
2.115200 
2.115300 
2.116000 
2.120200 
2.120700 
2.121200 
2.124100 
2.124500 
2.124900 
2.125400 
2.126400 
2.128500 
2.129600 
2.136600 
2.138200 
2.139800 
2.140600 
2.142400 
2.143200 
2.144600 
2.149400 
2.150200 
2.151700 
2.154300 
2.155400 
2.155700 
2.158100 
2.163500 
2.167400 
2.168100 
2.173900 
2.175400 
2.181200 
2.181300 
2.181700 
2.182000 
2.182600 
2.183900 
2.184100 
2.192600 
2.193300 
2.197200 
2.197600 
2.197600 
2.200000 
2.203300 
2.203600 
2.204900 
2.206800 
2.207600 
2.209500 
2.209600 
2.210700 
2.211100 
2.211400 
2.212500 
2.215100 
2.216400 
2.217700 
2.218200 
2.224300 
2.224800 
2.226400 
2.229200 
2.233300 
2.234000 
2.236000 
2.239100 
2.239300 
2.244000 
2.244500 
2.247000 
2.252200 
2.253000 
2.254000 
2.254300 
2.254900 
2.273600 
2.278900 
2.283600 
2.285200 
2.287500 
2.289800 
2.295500 
2.295600 
2.296200 
2.297100 
2.298300 
2.301600 
2.302600 
2.303500 
2.306500 
2.307900 
2.310000 
2.310900 
2.318500 
2.318600 
2.319200 
2.321700 
2.323000 
2.324000 
2.324800 
2.325200 
2.326600 
2.326700 
2.327600 
2.332100 
2.333800 
2.336600 
2.341400 
2.342600 
2.344000 
2.344300 
2.347800 
2.349400 
2.350000 
2.352200 
2.352400 
2.357300 
2.359500 
2.359600 
2.360800 
2.361000 
2.361800 
2.367200 
2.369800 
2.370700 
2.371100 
2.373500 
2.374000 
2.375700 
2.383800 
2.384100 
2.384600 
2.386200 
2.392500 
2.393200 
2.398400 
2.399600 
2.399700 
2.402900 
2.404900 
2.408400 
2.409700 
2.410900 
2.413700 
2.414800 
2.418600 
2.419800 
2.419800 
2.420900 
2.421700 
2.421700 
2.422400 
2.423500 
2.425600 
2.427100 
2.427400 
2.427700 
2.428600 
2.433700 
2.436600 
2.436800 
2.437400 
2.437900 
2.442600 
2.449700 
2.451000 
2.453200 
2.453300 
2.455200 
2.455900 
2.459000 
2.459400 
2.464200 
2.465300 
2.469000 
2.474600 
2.476700 
2.485600 
2.486600 
2.487300 
2.489500 
2.491500 
2.492900 
2.493900 
2.494200 
2.496100 
2.497300 
2.498000 
2.502700 
2.503000 
2.503700 
2.508400 
2.510000 
2.510500 
2.517500 
2.517500 
2.520600 
2.521800 
2.523800 
2.524200 
2.530800 
2.532600 
2.534800 
2.536300 
2.536900 
2.536900 
2.539900 
2.541100 
2.542300 
2.543800 
2.545400 
2.545500 
2.547500 
2.550100 
2.550500 
2.550600 
2.552300 
2.554800 
2.555700 
2.559800 
2.561300 
2.561500 
2.564300 
2.566600 
2.566600 
2.568500 
2.575400 
2.576200 
2.576300 
2.577200 
2.579700 
2.580100 
2.580300 
2.583400 
2.586800 
2.588700 
2.591100 
2.593200 
2.593300 
2.596100 
2.596700 
2.599700 
2.600900 
2.601000 
2.602100 
2.602600 
2.606300 
2.607700 
2.609600 
2.613300 
2.614000 
2.615400 
2.618700 
2.619400 
2.625400 
2.626300 
2.627200 
2.627900 
2.629600 
2.630300 
2.631500 
2.631700 
2.632900 
2.633600 
2.634500 
2.636700 
2.636800 
2.643800 
2.643900 
2.644200 
2.646800 
2.647600 
2.648400 
2.649100 
2.651700 
2.652300 
2.654800 
2.659300 
2.661400 
2.661900 
2.664100 
2.665200 
2.667100 
2.668700 
2.668900 
2.669400 
2.672900 
2.674100 
2.674100 
2.678900 
2.679700 
2.679700 
2.680100 
2.683800 
2.684300 
2.685900 
2.686500 
2.688400 
2.689000 
2.690900 
2.692200 
2.694100 
2.694200 
2.694400 
2.695500 
2.696800 
2.700000 
2.701400 
2.702900 
2.713900 
2.715100 
2.715500 
2.716600 
2.718900 
2.722400 
2.723300 
2.723900 
2.726500 
2.736300 
2.737600 
2.741000 
2.742800 
2.744100 
2.747800 
2.748300 
2.749600 
2.751700 
2.753100 
2.753500 
2.755300 
2.758900 
2.759900 
2.760200 
2.760600 
2.761000 
2.761800 
2.761800 
2.762700 
2.764200 
2.764900 
2.765100 
2.765600 
2.766100 
2.768500 
2.768800 
2.772300 
2.779200 
2.779700 
2.780100 
2.780400 
2.781900 
2.783200 
2.785200 
2.785200 
2.785300 
2.791500 
2.791700 
2.793300 
2.794300 
2.795500 
2.796500 
2.797800 
2.798100 
2.798800 
2.800000 
2.800200 
2.801800 
2.801800 
2.811300 
2.811800 
2.813300 
2.818400 
2.818600 
2.823700 
2.829600 
2.833900 
2.834700 
2.837000 
2.837500 
2.839900 
2.842000 
2.842800 
2.846000 
2.847000 
2.849800 
2.852900 
2.856300 
2.858700 
2.859700 
2.861900 
2.864200 
2.865800 
2.871400 
2.874000 
2.875900 
2.876400 
2.876600 
2.877300 
2.878600 
2.878600 
2.882500 
2.885100 
2.885700 
2.886600 
2.891400 
2.893000 
2.895600 
2.895900 
2.906300 
2.907200 
2.907400 
2.908800 
2.913700 
2.914600 
2.916800 
2.918800 
2.919800 
2.920000 
2.920000 
2.920400 
2.920400 
2.920600 
2.922400 
2.923200 
2.928400 
2.929100 
2.930400 
2.930600 
2.931500 
2.933000 
2.934300 
2.935800 
2.936600 
2.937100 
2.937700 
2.937900 
2.938100 
2.938500 
2.942200 
2.942900 
2.943800 
2.943900 
2.946000 
2.946200 
2.946900 
2.951500 
2.952500 
2.953100 
2.953600 
2.954200 
2.954700 
2.955600 
2.956800 
2.958000 
2.961300 
2.963700 
2.964100 
2.965400 
2.967700 
2.972900 
2.973600 
2.975200 
2.976100 
2.976500 
2.976900 
2.977300 
2.978700 
2.979400 
2.985600 
2.986300 
2.987700 
2.988900 
2.990100 
2.991200 
2.994200 
2.994500 
2.994700 
2.996800 
