18 
7 
11 
3 
9 
8 
10 
1 
11 
1 
17 
12 
17 
1 
4 
11 
16 
12 
1 
11 
15 
15 
4 
14 
7 
1 
6 
18 
15 
3 
11 
9 
7 
0 
11 
1 
15 
9 
17 
7 
17 
1 
11 
3 
9 
17 
7 
15 
16 
11 
7 
4 
17 
7 
15 
9 
6 
11 
12 
7 
14 
3 
17 
15 
1 
17 
18 
11 
3 
15 
9 
8 
7 
14 
11 
7 
18 
3 
8 
7 
9 
11 
14 
17 
10 
15 
12 
7 
11 
2 
8 
9 
7 
14 
9 
17 
15 
7 
1 
12 
9 
11 
9 
6 
2 
17 
9 
3 
7 
6 
16 
7 
3 
15 
9 
7 
13 
8 
12 
3 
7 
11 
12 
15 
7 
1 
4 
12 
9 
7 
15 
1 
17 
14 
9 
12 
11 
8 
17 
16 
15 
9 
3 
15 
10 
4 
15 
1 
3 
6 
7 
9 
15 
14 
5 
14 
11 
1 
10 
14 
11 
11 
17 
7 
4 
7 
17 
9 
11 
11 
14 
14 
1 
3 
15 
10 
17 
6 
5 
11 
1 
3 
10 
10 
11 
4 
6 
7 
9 
15 
7 
1 
4 
1 
17 
15 
3 
7 
17 
14 
8 
0 
7 
13 
11 
7 
15 
17 
14 
1 
15 
9 
11 
9 
10 
7 
15 
10 
1 
17 
1 
7 
15 
16 
14 
7 
8 
12 
3 
17 
14 
7 
3 
17 
7 
14 
17 
3 
1 
17 
8 
7 
16 
15 
1 
9 
7 
18 
3 
4 
10 
3 
18 
4 
7 
12 
16 
15 
9 
14 
17 
15 
1 
17 
18 
14 
7 
15 
12 
3 
1 
17 
15 
7 
5 
7 
17 
16 
1 
3 
15 
