9 
78 
89 
7 
30 
5 
12 
90 
46 
0 
49 
79 
16 
15 
54 
56 
85 
78 
41 
30 
0 
7 
73 
82 
81 
54 
46 
22 
77 
12 
75 
9 
7 
5 
66 
46 
92 
75 
8 
11 
45 
41 
0 
78 
34 
5 
50 
7 
47 
90 
12 
45 
8 
1 
14 
46 
0 
89 
77 
75 
78 
2 
47 
11 
5 
63 
8 
42 
9 
77 
74 
64 
78 
14 
0 
50 
73 
2 
75 
49 
19 
22 
89 
45 
9 
78 
82 
1 
26 
0 
75 
41 
14 
49 
77 
46 
73 
79 
12 
78 
45 
0 
64 
34 
1 
62 
68 
86 
0 
4 
49 
85 
75 
46 
45 
14 
40 
9 
81 
18 
0 
24 
90 
63 
75 
66 
78 
47 
7 
63 
40 
11 
12 
59 
0 
32 
46 
3 
47 
15 
50 
78 
77 
55 
31 
74 
9 
45 
12 
46 
64 
0 
75 
41 
89 
35 
15 
78 
11 
46 
16 
19 
0 
12 
75 
78 
64 
11 
40 
46 
61 
7 
47 
0 
58 
14 
75 
11 
12 
30 
66 
6 
0 
11 
90 
7 
1 
78 
89 
64 
73 
46 
12 
0 
11 
8 
14 
40 
16 
30 
75 
44 
45 
94 
46 
12 
0 
87 
7 
55 
39 
69 
8 
14 
16 
78 
46 
11 
0 
52 
75 
66 
64 
18 
14 
40 
90 
46 
0 
1 
7 
49 
17 
16 
75 
14 
37 
30 
12 
46 
79 
40 
66 
7 
89 
0 
73 
33 
11 
5 
1 
17 
75 
12 
16 
47 
25 
14 
64 
54 
80 
11 
15 
0 
47 
89 
40 
7 
66 
32 
78 
75 
46 
80 
5 
12 
1 
47 
77 
0 
65 
11 
16 
46 
24 
75 
10 
12 
32 
85 
37 
55 
11 
0 
9 
7 
14 
78 
8 
47 
73 
52 
64 
30 
11 
78 
89 
0 
75 
51 
8 
1 
54 
66 
89 
11 
14 
0 
73 
46 
75 
12 
6 
10 
22 
11 
89 
41 
0 
14 
83 
60 
9 
75 
89 
95 
12 
0 
55 
63 
74 
7 
14 
11 
54 
75 
46 
45 
11 
74 
13 
12 
18 
0 
20 
78 
54 
65 
9 
45 
14 
68 
75 
11 
64 
0 
46 
12 
5 
7 
53 
54 
9 
64 
75 
11 
55 
45 
46 
90 
73 
18 
78 
0 
7 
75 
65 
11 
23 
74 
12 
45 
58 
30 
0 
75 
54 
90 
11 
18 
64 
52 
75 
8 
66 
9 
54 
78 
6 
47 
0 
1 
5 
46 
7 
31 
11 
45 
75 
15 
57 
66 
9 
12 
0 
90 
58 
78 
14 
12 
64 
11 
82 
75 
0 
7 
78 
13 
46 
45 
81 
0 
1 
11 
75 
89 
54 
12 
16 
19 
90 
40 
63 
14 
30 
68 
0 
78 
18 
66 
64 
5 
12 
7 
82 
78 
0 
45 
58 
8 
11 
5 
75 
6 
90 
86 
9 
46 
70 
75 
10 
88 
59 
33 
45 
0 
14 
18 
12 
75 
5 
24 
87 
78 
14 
64 
6 
25 
46 
54 
89 
0 
12 
11 
1 
73 
7 
41 
24 
46 
78 
14 
77 
0 
1 
30 
45 
63 
53 
12 
90 
85 
68 
58 
14 
54 
73 
89 
18 
37 
12 
0 
88 
65 
11 
75 
9 
46 
58 
55 
78 
19 
1 
66 
11 
89 
16 
94 
17 
46 
78 
1 
45 
64 
75 
9 
93 
30 
73 
50 
14 
78 
11 
62 
48 
0 
8 
89 
7 
75 
90 
40 
66 
0 
47 
16 
85 
73 
78 
46 
64 
63 
45 
14 
11 
7 
30 
0 
66 
75 
73 
9 
11 
90 
37 
40 
52 
45 
78 
12 
7 
64 
11 
46 
54 
73 
58 
16 
0 
56 
11 
66 
45 
64 
50 
6 
75 
90 
47 
11 
48 
12 
7 
69 
23 
64 
90 
11 
68 
0 
47 
89 
41 
35 
30 
14 
25 
16 
8 
10 
74 
11 
17 
41 
37 
2 
66 
11 
0 
8 
60 
75 
47 
59 
78 
5 
12 
54 
11 
40 
0 
45 
51 
66 
16 
75 
21 
17 
46 
9 
47 
78 
7 
0 
54 
11 
14 
63 
90 
89 
16 
87 
0 
75 
22 
46 
14 
11 
18 
10 
26 
78 
55 
46 
58 
66 
95 
90 
0 
73 
75 
47 
77 
45 
89 
78 
12 
90 
81 
11 
19 
71 
13 
0 
75 
64 
15 
54 
7 
8 
81 
19 
75 
16 
0 
9 
78 
5 
46 
64 
90 
45 
47 
54 
16 
66 
61 
11 
0 
78 
81 
46 
73 
9 
82 
64 
7 
0 
52 
12 
11 
9 
86 
41 
73 
75 
58 
22 
79 
1 
11 
73 
37 
58 
54 
55 
78 
46 
63 
69 
75 
50 
31 
40 
22 
9 
14 
0 
2 
89 
5 
7 
11 
1 
14 
75 
8 
0 
66 
29 
89 
55 
6 
82 
11 
46 
33 
75 
42 
47 
49 
9 
12 
85 
11 
1 
75 
90 
89 
11 
64 
77 
55 
73 
48 
75 
0 
30 
83 
14 
78 
66 
23 
45 
7 
11 
12 
1 
89 
82 
75 
15 
11 
0 
90 
89 
85 
46 
22 
73 
78 
1 
7 
90 
75 
71 
0 
14 
56 
11 
89 
16 
66 
90 
58 
95 
0 
8 
9 
7 
11 
30 
0 
55 
50 
77 
89 
54 
81 
78 
95 
93 
11 
40 
84 
75 
0 
16 
46 
7 
47 
30 
55 
78 
90 
0 
5 
75 
82 
66 
12 
46 
11 
9 
8 
0 
54 
49 
12 
64 
14 
73 
30 
13 
89 
78 
90 
53 
11 
82 
24 
46 
75 
63 
0 
11 
39 
71 
77 
28 
31 
8 
64 
46 
0 
75 
78 
11 
12 
41 
0 
64 
82 
28 
7 
75 
78 
80 
19 
46 
89 
45 
88 
0 
11 
90 
78 
9 
47 
46 
75 
64 
0 
37 
82 
41 
24 
37 
46 
59 
89 
75 
7 
0 
11 
12 
78 
16 
75 
89 
0 
64 
15 
83 
11 
73 
6 
31 
90 
18 
12 
14 
64 
11 
3 
81 
89 
0 
63 
46 
75 
76 
48 
16 
9 
65 
1 
7 
28 
95 
66 
11 
0 
9 
23 
42 
12 
46 
7 
2 
92 
0 
90 
11 
54 
0 
55 
11 
36 
75 
5 
60 
50 
90 
16 
12 
10 
89 
7 
11 
6 
40 
0 
73 
46 
90 
77 
78 
11 
65 
52 
3 
90 
60 
22 
75 
46 
1 
0 
11 
45 
89 
10 
78 
30 
83 
58 
46 
75 
54 
14 
12 
90 
89 
11 
0 
65 
75 
7 
1 
54 
0 
11 
86 
5 
89 
75 
34 
16 
90 
11 
7 
0 
45 
64 
8 
72 
75 
87 
11 
46 
7 
77 
73 
65 
2 
11 
90 
89 
74 
45 
40 
75 
53 
85 
0 
73 
78 
22 
75 
44 
11 
12 
46 
89 
54 
55 
16 
79 
66 
0 
75 
73 
18 
46 
58 
66 
7 
11 
0 
89 
78 
45 
75 
1 
59 
12 
64 
77 
87 
30 
66 
90 
42 
0 
7 
15 
11 
58 
40 
89 
37 
54 
14 
12 
46 
66 
5 
34 
93 
45 
11 
90 
75 
9 
0 
22 
63 
11 
77 
9 
75 
85 
68 
81 
35 
15 
0 
1 
11 
52 
8 
37 
54 
46 
40 
56 
73 
89 
63 
47 
11 
0 
77 
12 
14 
75 
64 
90 
8 
88 
85 
54 
12 
73 
75 
8 
37 
0 
11 
78 
80 
24 
66 
12 
5 
0 
55 
46 
77 
33 
66 
45 
90 
8 
40 
15 
5 
30 
31 
46 
52 
89 
17 
7 
9 
78 
75 
34 
5 
46 
95 
12 
9 
59 
21 
77 
16 
0 
50 
78 
8 
40 
18 
75 
90 
89 
66 
11 
47 
78 
1 
58 
0 
55 
30 
46 
90 
32 
75 
78 
93 
64 
45 
47 
78 
50 
16 
11 
49 
66 
0 
89 
19 
75 
83 
12 
14 
78 
30 
1 
54 
85 
24 
46 
0 
14 
17 
11 
40 
81 
78 
46 
87 
12 
0 
42 
4 
11 
46 
9 
78 
68 
14 
89 
11 
78 
24 
75 
55 
4 
77 
46 
7 
1 
78 
68 
9 
75 
87 
22 
0 
23 
34 
54 
64 
11 
89 
75 
37 
54 
14 
85 
90 
0 
40 
79 
51 
11 
73 
8 
14 
12 
78 
0 
88 
72 
25 
13 
64 
54 
11 
90 
75 
9 
7 
5 
73 
52 
55 
46 
16 
12 
37 
30 
64 
11 
15 
0 
75 
54 
50 
2 
11 
12 
41 
14 
47 
0 
73 
11 
49 
78 
9 
64 
34 
1 
41 
45 
11 
7 
0 
54 
46 
90 
3 
14 
73 
79 
78 
75 
46 
11 
7 
12 
0 
85 
89 
48 
75 
77 
16 
11 
0 
14 
41 
33 
45 
75 
82 
64 
30 
40 
52 
46 
32 
0 
87 
12 
54 
56 
11 
53 
78 
37 
46 
73 
47 
0 
7 
89 
6 
75 
8 
85 
49 
33 
11 
37 
5 
74 
0 
18 
55 
15 
16 
7 
87 
23 
46 
73 
12 
14 
16 
32 
78 
11 
5 
0 
90 
77 
7 
55 
1 
14 
30 
12 
64 
75 
66 
9 
0 
78 
8 
14 
90 
89 
66 
16 
12 
41 
46 
75 
54 
13 
22 
0 
39 
40 
2 
9 
77 
58 
66 
92 
0 
11 
78 
21 
55 
46 
16 
54 
7 
31 
35 
1 
75 
14 
78 
11 
37 
54 
5 
55 
58 
7 
53 
0 
46 
37 
9 
66 
6 
81 
85 
78 
8 
14 
22 
75 
31 
90 
64 
40 
46 
0 
24 
47 
17 
11 
59 
90 
47 
50 
24 
1 
16 
78 
90 
32 
52 
71 
75 
2 
46 
58 
0 
11 
53 
78 
64 
78 
89 
12 
14 
11 
46 
66 
7 
63 
73 
64 
0 
1 
62 
78 
11 
89 
75 
80 
14 
78 
73 
32 
12 
54 
22 
81 
75 
16 
41 
76 
31 
14 
11 
46 
78 
37 
45 
9 
75 
90 
16 
75 
0 
40 
89 
81 
11 
78 
58 
1 
40 
89 
0 
37 
75 
11 
19 
90 
1 
7 
65 
16 
54 
47 
0 
33 
41 
12 
11 
16 
75 
22 
66 
14 
11 
64 
39 
40 
25 
8 
7 
1 
55 
11 
45 
5 
52 
78 
30 
74 
0 
87 
90 
11 
6 
12 
75 
31 
52 
45 
1 
11 
73 
0 
47 
89 
18 
12 
9 
87 
59 
41 
90 
5 
0 
46 
66 
75 
16 
73 
79 
11 
12 
