39 
16 
45 
10 
38 
9 
6 
37 
29 
12 
15 
46 
35 
0 
17 
19 
4 
24 
10 
14 
42 
6 
46 
31 
45 
7 
29 
40 
6 
0 
30 
13 
16 
23 
12 
27 
15 
24 
35 
6 
22 
5 
12 
24 
42 
15 
19 
14 
38 
9 
45 
39 
35 
3 
44 
19 
41 
24 
40 
0 
13 
4 
2 
18 
36 
27 
19 
29 
11 
15 
9 
6 
19 
34 
14 
24 
12 
35 
43 
10 
42 
39 
12 
24 
13 
16 
27 
32 
11 
0 
25 
19 
6 
14 
12 
18 
7 
13 
30 
44 
35 
45 
27 
46 
24 
29 
3 
2 
19 
34 
9 
12 
32 
27 
16 
14 
34 
2 
11 
12 
37 
24 
35 
30 
42 
0 
6 
41 
19 
8 
17 
12 
45 
7 
3 
2 
24 
33 
30 
11 
42 
46 
44 
24 
31 
17 
22 
12 
0 
29 
24 
6 
4 
42 
30 
14 
13 
21 
39 
45 
11 
28 
20 
7 
35 
0 
17 
16 
34 
12 
24 
6 
9 
0 
45 
44 
13 
30 
7 
18 
8 
15 
35 
17 
5 
0 
2 
39 
6 
12 
24 
13 
33 
41 
42 
16 
25 
38 
6 
10 
7 
43 
19 
45 
24 
2 
15 
10 
44 
14 
5 
0 
29 
13 
36 
16 
10 
2 
34 
45 
28 
30 
16 
0 
14 
12 
3 
2 
45 
34 
18 
25 
13 
46 
41 
11 
38 
42 
16 
24 
37 
9 
7 
30 
18 
0 
3 
15 
26 
45 
38 
5 
16 
24 
12 
30 
10 
34 
45 
2 
6 
32 
35 
13 
28 
1 
19 
45 
24 
12 
7 
38 
4 
11 
30 
16 
44 
25 
0 
27 
9 
14 
28 
6 
10 
45 
24 
15 
14 
20 
23 
34 
13 
41 
35 
12 
38 
43 
39 
24 
2 
4 
35 
46 
11 
19 
40 
42 
1 
10 
46 
6 
2 
39 
7 
44 
11 
45 
19 
14 
5 
38 
6 
9 
45 
27 
28 
23 
41 
8 
4 
39 
19 
24 
10 
14 
37 
13 
7 
30 
6 
12 
41 
44 
5 
38 
10 
33 
29 
31 
30 
35 
9 
45 
16 
10 
32 
19 
6 
45 
0 
42 
9 
16 
2 
3 
14 
33 
5 
45 
22 
5 
20 
30 
7 
39 
38 
4 
24 
21 
13 
30 
15 
2 
19 
18 
10 
14 
35 
23 
29 
6 
7 
28 
24 
0 
26 
1 
16 
45 
7 
13 
38 
35 
30 
42 
29 
5 
19 
24 
17 
11 
46 
16 
6 
13 
24 
44 
21 
34 
3 
1 
16 
10 
12 
17 
35 
36 
41 
42 
9 
45 
19 
30 
18 
1 
11 
0 
31 
14 
24 
18 
12 
39 
15 
37 
30 
2 
18 
24 
7 
42 
40 
41 
26 
30 
0 
9 
16 
6 
17 
46 
10 
35 
7 
34 
19 
28 
2 
24 
27 
39 
0 
34 
41 
2 
7 
17 
19 
3 
42 
12 
24 
7 
6 
10 
0 
42 
19 
16 
14 
29 
41 
35 
27 
23 
30 
12 
2 
44 
46 
28 
24 
7 
10 
0 
40 
14 
4 
3 
38 
19 
9 
24 
45 
9 
0 
37 
11 
23 
44 
33 
41 
2 
16 
28 
45 
27 
29 
36 
24 
13 
17 
6 
9 
44 
45 
18 
0 
2 
14 
42 
16 
5 
1 
11 
7 
8 
41 
46 
39 
38 
3 
4 
18 
19 
14 
9 
45 
24 
10 
42 
27 
34 
12 
14 
38 
45 
3 
0 
30 
16 
2 
24 
7 
37 
4 
13 
25 
11 
2 
26 
12 
42 
46 
16 
17 
15 
45 
24 
19 
6 
0 
18 
46 
28 
27 
10 
24 
33 
34 
2 
45 
43 
40 
46 
12 
14 
36 
37 
13 
30 
29 
38 
5 
24 
12 
39 
44 
7 
11 
8 
10 
45 
1 
3 
31 
6 
32 
42 
23 
5 
46 
44 
13 
36 
37 
15 
19 
12 
0 
31 
16 
24 
7 
17 
44 
30 
10 
31 
38 
21 
19 
12 
5 
45 
2 
6 
3 
24 
20 
5 
29 
23 
14 
28 
30 
34 
9 
44 
38 
10 
45 
7 
0 
1 
16 
40 
24 
13 
39 
5 
11 
19 
18 
2 
29 
28 
12 
31 
33 
7 
27 
30 
35 
0 
19 
