13 
17 
5 
10 
1 
6 
16 
17 
19 
25 
16 
20 
10 
10 
0 
12 
25 
2 
7 
24 
20 
12 
2 
25 
0 
25 
15 
17 
3 
11 
14 
26 
13 
22 
4 
5 
25 
20 
9 
3 
14 
2 
3 
5 
3 
19 
20 
8 
25 
19 
10 
13 
2 
19 
10 
3 
10 
5 
3 
25 
21 
26 
16 
10 
8 
5 
12 
6 
9 
16 
12 
25 
0 
16 
16 
2 
12 
26 
25 
13 
20 
3 
19 
25 
3 
10 
17 
2 
25 
20 
8 
18 
25 
13 
25 
7 
10 
16 
25 
7 
6 
7 
6 
20 
2 
12 
19 
4 
14 
18 
20 
13 
0 
23 
17 
3 
25 
2 
17 
13 
20 
13 
22 
13 
9 
25 
22 
6 
13 
2 
6 
10 
25 
2 
25 
0 
17 
