89 
59 
72 
84 
14 
2 
6 
81 
33 
11 
86 
52 
26 
31 
98 
66 
40 
49 
88 
53 
92 
35 
74 
51 
71 
44 
77 
67 
96 
91 
89 
10 
38 
45 
87 
50 
27 
101 
79 
85 
1 
95 
28 
18 
47 
8 
21 
13 
31 
97 
99 
14 
75 
34 
48 
80 
70 
71 
40 
0 
35 
2 
4 
45 
86 
36 
49 
15 
81 
89 
73 
7 
84 
42 
92 
100 
96 
64 
31 
22 
53 
20 
27 
59 
40 
16 
8 
38 
11 
77 
93 
90 
58 
63 
10 
67 
2 
21 
44 
72 
47 
45 
29 
85 
96 
13 
75 
50 
101 
84 
66 
74 
31 
4 
83 
49 
35 
71 
73 
20 
81 
5 
53 
14 
36 
28 
34 
52 
95 
79 
2 
51 
10 
8 
89 
44 
70 
64 
59 
92 
15 
37 
16 
40 
18 
49 
13 
45 
42 
10 
83 
39 
31 
81 
9 
100 
95 
35 
20 
71 
22 
38 
94 
60 
14 
74 
92 
54 
40 
35 
1 
76 
17 
8 
81 
61 
16 
2 
72 
56 
90 
59 
36 
45 
58 
89 
31 
85 
84 
96 
97 
14 
38 
37 
33 
75 
10 
18 
79 
20 
77 
99 
46 
29 
35 
81 
40 
98 
41 
15 
6 
95 
13 
24 
49 
34 
8 
16 
71 
64 
70 
47 
81 
92 
67 
56 
101 
42 
27 
33 
74 
2 
66 
89 
76 
100 
4 
51 
45 
21 
31 
0 
36 
35 
5 
44 
59 
78 
72 
17 
49 
63 
57 
75 
6 
88 
20 
83 
65 
58 
40 
94 
71 
16 
9 
84 
15 
93 
47 
79 
14 
81 
89 
66 
35 
4 
39 
46 
37 
10 
98 
42 
92 
8 
49 
13 
22 
64 
2 
57 
38 
12 
61 
75 
59 
31 
33 
51 
36 
35 
1 
82 
11 
96 
74 
66 
81 
3 
58 
89 
18 
86 
53 
45 
94 
2 
30 
10 
72 
93 
92 
47 
41 
20 
17 
97 
16 
40 
29 
84 
13 
14 
6 
60 
66 
4 
34 
39 
24 
35 
49 
67 
18 
71 
1 
15 
54 
31 
36 
42 
38 
95 
64 
81 
10 
8 
29 
75 
45 
77 
2 
16 
56 
3 
98 
13 
85 
33 
40 
41 
17 
51 
59 
65 
34 
57 
66 
63 
44 
55 
6 
84 
37 
78 
49 
45 
88 
46 
11 
42 
53 
86 
93 
80 
2 
92 
15 
74 
35 
13 
4 
10 
95 
89 
16 
38 
64 
81 
29 
50 
65 
32 
31 
20 
14 
100 
96 
1 
85 
0 
36 
43 
34 
5 
17 
77 
56 
45 
40 
59 
15 
72 
11 
35 
44 
2 
6 
66 
81 
8 
71 
42 
18 
80 
10 
82 
36 
38 
13 
56 
16 
7 
19 
3 
92 
40 
31 
27 
1 
79 
101 
35 
49 
2 
4 
34 
52 
45 
59 
95 
44 
24 
29 
71 
41 
98 
89 
81 
100 
31 
94 
6 
20 
15 
72 
35 
64 
4 
8 
34 
42 
73 
63 
18 
84 
99 
45 
14 
67 
77 
46 
33 
79 
59 
10 
90 
27 
58 
17 
74 
66 
13 
26 
29 
81 
71 
20 
44 
50 
6 
2 
36 
1 
47 
35 
38 
85 
51 
48 
34 
40 
15 
16 
84 
64 
93 
3 
94 
21 
73 
42 
37 
45 
96 
92 
56 
99 
72 
59 
49 
71 
8 
36 
17 
89 
13 
31 
0 
10 
33 
67 
29 
35 
12 
7 
90 
16 
27 
5 
63 
95 
38 
98 
3 
6 
14 
71 
59 
18 
51 
66 
44 
84 
52 
47 
13 
79 
30 
65 
91 
77 
81 
19 
74 
20 
75 
31 
40 
46 
78 
37 
27 
34 
28 
7 
42 
15 
95 
8 
64 
35 
1 
70 
45 
22 
18 
33 
10 
5 
92 
80 
17 
13 
98 
81 
90 
52 
67 
57 
71 
36 
83 
29 
100 
31 
79 
59 
11 
2 
91 
97 
44 
93 
35 
51 
66 
75 
8 
86 
21 
34 
15 
46 
95 
9 
36 
45 
38 
74 
20 
49 
1 
30 
50 
67 
77 
89 
99 
81 
64 
2 
26 
65 
84 
48 
71 
70 
29 
75 
51 
59 
9 
4 
14 
49 
58 
18 
45 
16 
37 
5 
95 
89 
38 
21 
35 
31 
34 
27 
44 
17 
77 
57 
15 
88 
59 
74 
10 
33 
19 
9 
64 
84 
98 
93 
94 
48 
13 
45 
65 
31 
40 
83 
66 
95 
49 
18 
8 
2 
75 
87 
5 
67 
4 
73 
85 
71 
47 
24 
11 
41 
52 
36 
16 
42 
38 
50 
99 
86 
28 
14 
21 
20 
60 
92 
66 
80 
39 
89 
37 
96 
15 
40 
98 
70 
45 
2 
79 
90 
55 
35 
64 
81 
69 
100 
31 
49 
43 
13 
59 
6 
16 
51 
30 
20 
33 
34 
77 
71 
4 
78 
9 
32 
17 
5 
3 
10 
27 
14 
84 
8 
45 
75 
21 
73 
63 
97 
53 
12 
47 
25 
2 
35 
67 
93 
40 
72 
74 
38 
92 
15 
44 
59 
96 
51 
71 
49 
94 
78 
50 
21 
95 
89 
16 
90 
56 
8 
7 
97 
34 
64 
80 
13 
77 
99 
31 
45 
58 
2 
18 
6 
42 
4 
81 
47 
5 
66 
59 
28 
83 
36 
88 
71 
75 
46 
100 
32 
10 
84 
8 
48 
49 
41 
35 
81 
47 
34 
18 
21 
33 
29 
73 
44 
13 
92 
56 
27 
14 
95 
26 
31 
90 
0 
40 
96 
100 
38 
52 
2 
36 
15 
71 
11 
66 
64 
45 
78 
97 
99 
67 
59 
22 
49 
30 
8 
91 
20 
5 
21 
35 
74 
29 
81 
14 
16 
32 
58 
72 
34 
28 
79 
96 
13 
75 
38 
15 
44 
80 
71 
52 
77 
31 
4 
66 
5 
40 
100 
27 
65 
45 
70 
2 
57 
89 
98 
67 
35 
84 
101 
51 
49 
1 
92 
42 
7 
12 
29 
88 
21 
18 
10 
38 
72 
14 
87 
78 
13 
76 
75 
66 
59 
81 
94 
16 
48 
95 
2 
34 
84 
24 
71 
44 
80 
33 
49 
35 
40 
47 
4 
101 
27 
30 
67 
54 
5 
89 
92 
13 
6 
31 
81 
58 
29 
48 
20 
100 
45 
42 
88 
8 
66 
7 
84 
51 
9 
98 
15 
35 
38 
86 
75 
52 
26 
39 
22 
18 
10 
14 
36 
78 
79 
4 
89 
63 
33 
40 
47 
97 
34 
99 
74 
8 
48 
5 
2 
3 
71 
36 
96 
59 
20 
12 
31 
84 
49 
66 
15 
72 
35 
58 
95 
64 
89 
86 
37 
34 
16 
83 
67 
36 
44 
92 
28 
14 
81 
71 
87 
2 
45 
61 
8 
38 
24 
70 
56 
6 
5 
59 
99 
93 
66 
10 
29 
51 
47 
95 
53 
22 
44 
77 
31 
54 
34 
18 
17 
38 
45 
42 
98 
40 
90 
88 
95 
4 
75 
89 
13 
2 
14 
31 
36 
33 
64 
48 
5 
21 
81 
0 
15 
84 
49 
59 
78 
92 
35 
11 
71 
67 
8 
10 
12 
34 
36 
73 
82 
79 
46 
28 
2 
66 
96 
24 
45 
1 
81 
42 
52 
64 
38 
31 
39 
35 
85 
16 
40 
21 
47 
20 
97 
36 
70 
89 
12 
72 
59 
10 
5 
41 
17 
95 
29 
83 
80 
11 
92 
48 
71 
15 
33 
52 
34 
2 
79 
58 
18 
8 
62 
77 
87 
30 
35 
101 
86 
49 
88 
81 
38 
31 
59 
4 
5 
20 
45 
89 
94 
82 
65 
71 
72 
50 
14 
66 
2 
24 
44 
83 
75 
51 
34 
76 
84 
13 
16 
35 
47 
96 
97 
67 
42 
29 
49 
6 
93 
36 
33 
45 
4 
71 
89 
81 
0 
31 
40 
46 
86 
56 
12 
27 
63 
64 
77 
44 
10 
20 
42 
66 
88 
74 
78 
13 
85 
45 
16 
8 
7 
79 
96 
35 
62 
81 
38 
56 
2 
76 
59 
72 
89 
9 
73 
84 
95 
40 
36 
27 
13 
42 
33 
82 
37 
77 
26 
48 
20 
98 
75 
31 
35 
81 
49 
99 
64 
17 
66 
45 
71 
47 
29 
8 
15 
38 
51 
50 
41 
10 
30 
40 
78 
11 
4 
42 
95 
82 
77 
89 
57 
33 
85 
56 
1 
66 
100 
35 
14 
2 
48 
92 
20 
53 
71 
36 
39 
8 
34 
28 
32 
93 
15 
83 
99 
4 
16 
84 
12 
72 
10 
98 
81 
27 
35 
45 
0 
31 
21 
11 
40 
70 
92 
42 
59 
52 
37 
80 
14 
2 
71 
36 
44 
9 
50 
49 
73 
34 
78 
15 
95 
35 
66 
94 
47 
64 
67 
93 
38 
21 
45 
20 
0 
5 
10 
83 
13 
99 
27 
48 
71 
30 
18 
89 
101 
87 
14 
86 
4 
22 
34 
51 
68 
49 
75 
29 
39 
44 
92 
67 
38 
45 
77 
1 
31 
72 
35 
71 
64 
42 
59 
40 
16 
20 
81 
100 
13 
8 
53 
6 
96 
15 
34 
66 
11 
33 
45 
99 
93 
36 
98 
84 
88 
73 
26 
79 
10 
47 
40 
89 
35 
49 
3 
30 
13 
4 
37 
32 
46 
56 
48 
83 
64 
78 
65 
100 
66 
44 
71 
20 
15 
38 
8 
31 
77 
2 
59 
80 
42 
35 
92 
95 
3 
49 
21 
14 
28 
34 
10 
75 
84 
36 
38 
1 
52 
12 
16 
6 
31 
44 
13 
96 
35 
29 
86 
2 
89 
94 
18 
99 
45 
85 
64 
79 
93 
7 
72 
49 
81 
4 
65 
21 
100 
33 
40 
5 
59 
37 
27 
63 
31 
73 
66 
77 
25 
92 
83 
38 
15 
46 
95 
30 
34 
3 
13 
71 
2 
10 
14 
35 
8 
64 
6 
58 
43 
88 
81 
96 
36 
76 
44 
45 
49 
60 
17 
85 
28 
16 
99 
4 
84 
83 
47 
38 
51 
67 
20 
89 
41 
18 
40 
70 
11 
31 
37 
74 
73 
46 
86 
14 
72 
2 
59 
82 
50 
81 
29 
63 
95 
71 
45 
8 
10 
21 
13 
78 
39 
64 
94 
7 
44 
49 
75 
51 
27 
28 
79 
35 
38 
54 
20 
42 
31 
4 
98 
87 
15 
24 
80 
101 
14 
67 
89 
100 
99 
66 
48 
3 
18 
65 
45 
2 
36 
32 
37 
10 
33 
60 
81 
1 
53 
35 
93 
28 
46 
38 
89 
74 
52 
13 
40 
42 
34 
20 
31 
44 
15 
96 
8 
27 
4 
12 
71 
78 
64 
73 
99 
66 
63 
50 
6 
101 
59 
41 
36 
67 
95 
72 
10 
3 
75 
97 
16 
57 
37 
92 
1 
7 
88 
13 
84 
11 
45 
49 
34 
77 
94 
80 
5 
15 
31 
65 
14 
2 
8 
71 
36 
35 
93 
10 
29 
97 
52 
38 
44 
78 
81 
51 
72 
13 
6 
59 
89 
20 
1 
31 
87 
49 
86 
21 
92 
80 
64 
98 
34 
73 
2 
71 
35 
77 
40 
100 
99 
26 
7 
24 
67 
45 
95 
36 
96 
48 
4 
93 
8 
66 
20 
22 
31 
50 
81 
11 
13 
33 
5 
10 
35 
92 
34 
52 
40 
2 
77 
42 
72 
89 
58 
64 
27 
74 
73 
63 
48 
39 
76 
97 
59 
80 
49 
20 
99 
83 
71 
86 
93 
78 
67 
66 
4 
13 
38 
29 
15 
18 
6 
35 
36 
56 
2 
3 
26 
44 
96 
40 
81 
47 
75 
30 
0 
8 
45 
41 
10 
34 
20 
70 
59 
87 
48 
86 
17 
66 
77 
67 
85 
55 
13 
38 
31 
52 
35 
64 
46 
14 
71 
92 
36 
22 
16 
42 
89 
8 
83 
72 
84 
88 
3 
5 
51 
63 
15 
20 
45 
90 
44 
2 
100 
40 
70 
74 
85 
87 
96 
41 
49 
29 
31 
10 
80 
4 
35 
48 
37 
32 
81 
34 
27 
66 
98 
21 
56 
71 
76 
0 
67 
75 
1 
82 
5 
8 
15 
18 
2 
10 
31 
7 
34 
83 
99 
49 
16 
38 
45 
89 
92 
96 
40 
14 
95 
42 
70 
36 
51 
0 
56 
84 
29 
88 
32 
72 
35 
97 
48 
17 
13 
59 
6 
71 
20 
1 
2 
4 
40 
75 
100 
5 
58 
34 
91 
42 
96 
11 
14 
66 
98 
10 
89 
31 
15 
45 
33 
13 
101 
52 
16 
44 
92 
20 
47 
35 
59 
40 
8 
36 
2 
99 
5 
83 
96 
50 
79 
76 
48 
87 
57 
49 
81 
45 
74 
41 
85 
66 
93 
4 
10 
3 
98 
34 
71 
15 
13 
38 
63 
64 
58 
35 
59 
33 
80 
40 
14 
100 
5 
36 
48 
92 
2 
81 
17 
89 
31 
86 
49 
6 
32 
45 
47 
56 
77 
28 
29 
65 
11 
37 
99 
40 
35 
44 
83 
66 
67 
33 
48 
71 
85 
16 
8 
21 
15 
84 
87 
4 
58 
31 
36 
10 
34 
93 
18 
81 
24 
98 
68 
40 
64 
29 
20 
91 
2 
5 
53 
63 
59 
33 
35 
16 
74 
79 
7 
95 
47 
67 
71 
21 
45 
8 
17 
81 
44 
26 
38 
18 
37 
52 
12 
86 
9 
96 
66 
77 
75 
48 
3 
85 
89 
5 
32 
92 
59 
83 
35 
99 
31 
42 
100 
14 
88 
95 
67 
27 
21 
81 
13 
44 
58 
22 
84 
36 
1 
94 
20 
15 
45 
10 
49 
40 
56 
2 
31 
34 
37 
71 
48 
73 
29 
77 
63 
97 
86 
35 
64 
7 
78 
68 
38 
31 
59 
42 
45 
13 
10 
81 
51 
26 
1 
4 
33 
92 
28 
74 
20 
35 
88 
47 
8 
36 
67 
38 
34 
16 
45 
49 
95 
17 
56 
14 
31 
3 
64 
52 
100 
78 
79 
81 
13 
55 
6 
89 
15 
71 
12 
44 
1 
84 
10 
96 
22 
21 
85 
35 
92 
77 
90 
63 
20 
42 
59 
82 
66 
86 
83 
93 
47 
31 
48 
27 
7 
51 
98 
89 
13 
81 
100 
11 
40 
71 
85 
80 
79 
34 
45 
28 
75 
95 
2 
37 
43 
49 
35 
65 
