12 
2 
14 
16 
11 
12 
5 
17 
15 
9 
6 
12 
14 
6 
16 
14 
6 
2 
14 
15 
10 
14 
12 
16 
6 
15 
2 
14 
8 
10 
15 
6 
16 
12 
8 
18 
10 
2 
17 
15 
12 
2 
6 
18 
12 
10 
14 
13 
9 
12 
16 
14 
6 
16 
8 
10 
13 
0 
2 
7 
14 
12 
10 
6 
7 
8 
2 
8 
14 
12 
6 
7 
16 
15 
11 
14 
3 
8 
18 
6 
14 
3 
16 
2 
15 
12 
9 
4 
10 
16 
14 
12 
3 
10 
16 
2 
8 
12 
6 
1 
7 
14 
12 
11 
6 
10 
16 
14 
12 
2 
0 
15 
8 
11 
12 
14 
12 
16 
6 
10 
7 
14 
17 
4 
15 
0 
16 
6 
14 
12 
14 
0 
15 
12 
8 
14 
10 
6 
2 
12 
18 
16 
3 
15 
8 
12 
14 
7 
12 
2 
14 
3 
16 
15 
12 
10 
17 
2 
14 
12 
8 
3 
12 
7 
16 
4 
14 
2 
7 
12 
17 
7 
16 
0 
14 
18 
2 
12 
4 
13 
15 
6 
14 
16 
8 
2 
9 
9 
6 
14 
12 
14 
6 
12 
13 
7 
16 
14 
8 
12 
6 
10 
2 
8 
9 
12 
16 
7 
6 
11 
2 
9 
12 
14 
4 
16 
8 
9 
14 
13 
7 
12 
18 
16 
6 
14 
15 
12 
2 
8 
7 
12 
6 
14 
2 
10 
13 
18 
16 
4 
14 
10 
15 
16 
2 
12 
14 
2 
9 
6 
12 
14 
18 
12 
14 
6 
9 
12 
18 
13 
14 
6 
2 
0 
14 
12 
15 
10 
6 
14 
12 
7 
8 
2 
10 
15 
3 
12 
14 
8 
16 
0 
2 
6 
12 
4 
15 
14 
14 
6 
4 
8 
16 
6 
10 
14 
13 
12 
17 
15 
14 
16 
0 
6 
12 
9 
8 
3 
2 
14 
4 
15 
11 
0 
6 
17 
10 
16 
14 
12 
14 
8 
6 
10 
9 
5 
12 
16 
18 
14 
12 
2 
4 
6 
8 
9 
12 
14 
2 
12 
16 
7 
8 
4 
14 
6 
9 
12 
4 
2 
16 
0 
14 
12 
11 
2 
8 
4 
5 
12 
10 
14 
8 
6 
16 
11 
7 
16 
13 
12 
14 
15 
2 
10 
0 
12 
7 
12 
17 
6 
2 
16 
0 
8 
14 
4 
18 
2 
14 
6 
12 
9 
12 
14 
6 
2 
8 
16 
12 
10 
17 
14 
2 
16 
14 
7 
15 
12 
2 
6 
8 
14 
12 
16 
14 
3 
9 
3 
12 
10 
18 
8 
14 
12 
9 
14 
12 
10 
12 
7 
16 
9 
15 
3 
18 
11 
14 
16 
2 
12 
6 
15 
8 
14 
2 
6 
12 
15 
8 
14 
12 
6 
10 
14 
12 
8 
12 
9 
10 
6 
13 
16 
0 
12 
18 
2 
12 
15 
3 
9 
14 
6 
12 
13 
16 
14 
12 
10 
15 
3 
9 
16 
8 
14 
2 
7 
11 
12 
7 
14 
2 
10 
13 
12 
6 
7 
15 
16 
5 
14 
12 
10 
4 
16 
2 
9 
14 
3 
12 
8 
7 
12 
10 
6 
7 
14 
2 
12 
9 
14 
10 
7 
3 
8 
15 
14 
12 
13 
9 
16 
6 
17 
10 
12 
8 
14 
12 
8 
14 
3 
4 
15 
18 
10 
2 
14 
8 
12 
17 
2 
1 
6 
3 
16 
12 
5 
10 
2 
9 
14 
8 
12 
6 
17 
15 
7 
16 
14 
13 
12 
2 
5 
14 
12 
4 
9 
15 
16 
12 
14 
7 
10 
8 
12 
14 
3 
6 
8 
12 
17 
3 
11 
12 
15 
6 
16 
8 
14 
12 
7 
2 
14 
5 
6 
16 
12 
14 
2 
9 
0 
7 
6 
12 
2 
14 
4 
18 
16 
8 
10 
14 
12 
2 
3 
6 
15 
2 
8 
17 
7 
12 
15 
3 
14 
10 
16 
12 
13 
6 
15 
2 
8 
12 
14 
