59 
32 
11 
58 
23 
7 
46 
82 
52 
65 
74 
36 
83 
15 
61 
70 
88 
39 
47 
18 
20 
90 
85 
56 
45 
91 
45 
1 
54 
12 
70 
90 
40 
95 
85 
84 
20 
77 
26 
87 
48 
22 
14 
47 
42 
92 
62 
33 
94 
11 
56 
90 
61 
80 
43 
57 
20 
53 
27 
26 
36 
22 
81 
59 
51 
77 
63 
76 
53 
61 
19 
54 
2 
70 
68 
61 
45 
41 
84 
15 
36 
13 
81 
24 
44 
11 
94 
24 
91 
12 
95 
3 
2 
86 
93 
61 
2 
29 
68 
50 
59 
36 
58 
27 
28 
53 
40 
0 
51 
28 
72 
9 
68 
49 
18 
64 
4 
42 
12 
19 
95 
36 
68 
83 
29 
20 
3 
28 
89 
47 
64 
50 
92 
51 
89 
23 
68 
58 
86 
57 
94 
16 
44 
74 
31 
61 
24 
16 
15 
56 
30 
54 
15 
67 
18 
57 
3 
83 
36 
12 
66 
62 
25 
80 
15 
87 
2 
64 
7 
41 
14 
51 
3 
54 
27 
87 
78 
80 
40 
75 
14 
33 
13 
14 
64 
80 
11 
86 
1 
6 
16 
89 
50 
48 
24 
47 
87 
8 
