0.020500 
0.024800 
0.030900 
0.042300 
0.044500 
0.044700 
0.046200 
0.046700 
0.055300 
0.058800 
0.061100 
0.067700 
0.069500 
0.070500 
0.070600 
0.074500 
0.077000 
0.079900 
0.085400 
0.087000 
0.089600 
0.094600 
0.097300 
0.098600 
0.100700 
0.102000 
0.105800 
0.110500 
0.110900 
0.111100 
0.111700 
0.114600 
0.115000 
0.115500 
0.122300 
0.123100 
0.126100 
0.126400 
0.129100 
0.136200 
0.138500 
0.138800 
0.140600 
0.140800 
0.142600 
0.146400 
0.147300 
0.149900 
0.150500 
0.157700 
0.161800 
0.164400 
0.165000 
0.172600 
0.172700 
0.177000 
0.177300 
0.184100 
0.189800 
0.192400 
0.192500 
0.193000 
0.200200 
0.202100 
0.202900 
0.203800 
0.206300 
0.207900 
0.209600 
0.214600 
0.214700 
0.217100 
0.219900 
0.223000 
0.227100 
0.232100 
0.234100 
0.237400 
0.241400 
0.243400 
0.246000 
0.253200 
0.255300 
0.256700 
0.258500 
0.258700 
0.260000 
0.261800 
0.263000 
0.267200 
0.269300 
0.273800 
0.279100 
0.280600 
0.284300 
0.286400 
0.290600 
0.301500 
0.301900 
0.302800 
0.304600 
0.308000 
0.308700 
0.316500 
0.318700 
0.320300 
0.324200 
0.325500 
0.335400 
0.338100 
0.338500 
0.343000 
0.348700 
0.352700 
0.353700 
0.362200 
0.363000 
0.363200 
0.364000 
0.364600 
0.369600 
0.374400 
0.376500 
0.378700 
0.382000 
0.383500 
0.384800 
0.386200 
0.389400 
0.395800 
0.396100 
0.399200 
0.403500 
0.406200 
0.407200 
0.410000 
0.410100 
0.410400 
0.420500 
0.431900 
0.432100 
0.432200 
0.433100 
0.433600 
0.441800 
0.443400 
0.444200 
0.449500 
0.449800 
0.450000 
0.451000 
0.453400 
0.462000 
0.464500 
0.466700 
0.467200 
0.471800 
0.472700 
0.473000 
0.473300 
0.474000 
0.474400 
0.483300 
0.490400 
0.490800 
0.491200 
0.495200 
0.504900 
0.505000 
0.506300 
0.506400 
0.508300 
0.509900 
0.510900 
0.520300 
0.520800 
0.523900 
0.524600 
0.525300 
0.525800 
0.526900 
0.531100 
0.534900 
0.539400 
0.540000 
0.543200 
0.545400 
0.549400 
0.555500 
0.556300 
0.558400 
0.558400 
0.564400 
0.572200 
0.573000 
0.578000 
0.583300 
0.584500 
0.586500 
0.586700 
0.594700 
0.598100 
0.601300 
0.601700 
0.602300 
0.603800 
0.603900 
0.605600 
0.607900 
0.618200 
0.622800 
0.627900 
0.628100 
0.628600 
0.629600 
0.630100 
0.636000 
0.644300 
0.645500 
0.645900 
0.646500 
0.646900 
0.647000 
0.647100 
0.651900 
0.659500 
0.660000 
0.668200 
0.670300 
0.670500 
0.671900 
0.672200 
0.673100 
0.675100 
0.678400 
0.684500 
0.688100 
0.692500 
0.694600 
0.694600 
0.699200 
0.701600 
0.704700 
0.705000 
0.705500 
0.706500 
0.708600 
0.709500 
0.715600 
0.718200 
0.722500 
0.723000 
0.724200 
0.725700 
0.731600 
0.734300 
0.734500 
0.738000 
0.740100 
0.740500 
0.746000 
0.750400 
0.757800 
0.757800 
0.758700 
0.760900 
0.761600 
0.761900 
0.766600 
0.767500 
0.767700 
0.768600 
0.770700 
0.771600 
0.779800 
0.780300 
0.781300 
0.788200 
0.790900 
0.793200 
0.799600 
0.801400 
0.802100 
0.808400 
0.813200 
0.813700 
0.814700 
0.821700 
0.823200 
0.825600 
0.825700 
0.831800 
0.837700 
0.839200 
0.843400 
0.843700 
0.845200 
0.851700 
0.852300 
0.857900 
0.860900 
0.861200 
0.862200 
0.862900 
0.864500 
0.864800 
0.864800 
0.865700 
0.877300 
0.878000 
0.880300 
0.883400 
0.888500 
0.889700 
0.890800 
0.892100 
0.892500 
0.899200 
0.900900 
0.910400 
0.912100 
0.912100 
0.913400 
0.914200 
0.918400 
0.918900 
0.919600 
0.920500 
0.924900 
0.928100 
0.932400 
0.934100 
0.937200 
0.947000 
0.947500 
0.948800 
0.953700 
0.954300 
0.963300 
0.966100 
0.966400 
0.967100 
0.968900 
0.971800 
0.976700 
0.982800 
0.984600 
0.988300 
0.989100 
0.996400 
0.998500 
1.000600 
1.002200 
1.003300 
1.003700 
1.009700 
1.010800 
1.011600 
1.016500 
1.025000 
1.026900 
1.031000 
1.033700 
1.035700 
1.037900 
1.042300 
1.047500 
1.047600 
1.047700 
1.056300 
1.056800 
1.057600 
1.060600 
1.063100 
1.064400 
1.066100 
1.069000 
1.071800 
1.072300 
1.073500 
1.077500 
1.081500 
1.082300 
1.091400 
1.092700 
1.094400 
1.094700 
1.095600 
1.098600 
1.099800 
1.101300 
1.101400 
1.103400 
1.113800 
1.116500 
1.121100 
1.122100 
1.125100 
1.127500 
1.129400 
1.133700 
1.137100 
1.138800 
1.139100 
1.141300 
1.145100 
1.148200 
1.149500 
1.152900 
1.154300 
1.158200 
1.159800 
1.163000 
1.163400 
1.169800 
1.170000 
1.170300 
1.174300 
1.177100 
1.186500 
1.187500 
1.194100 
1.194900 
1.195600 
1.197000 
1.198500 
1.200900 
1.201300 
1.201500 
1.207500 
1.207900 
1.208100 
1.212800 
1.215200 
1.218300 
1.218400 
1.219800 
1.222700 
1.229800 
1.235300 
1.236300 
1.237800 
1.238100 
1.238900 
1.248800 
1.250700 
1.251000 
1.261300 
1.261500 
1.264600 
1.269700 
1.276100 
1.278400 
1.281200 
1.285700 
1.287000 
1.287700 
1.288800 
1.290000 
1.291900 
1.305200 
1.306600 
1.306900 
1.307700 
1.308000 
1.309300 
1.309900 
1.310900 
1.311300 
1.314300 
1.316700 
1.317900 
1.324100 
1.324400 
1.325300 
1.328500 
1.328700 
1.336700 
1.337100 
1.343800 
1.356100 
1.358400 
1.361800 
1.364200 
1.367500 
1.368100 
1.372700 
1.378100 
1.379100 
1.379100 
1.385100 
1.389200 
1.394200 
1.397900 
1.400100 
1.400600 
1.400700 
1.402100 
1.402800 
1.407800 
1.408700 
1.412800 
1.417500 
1.418600 
1.425700 
1.426000 
1.427200 
1.427900 
1.437200 
1.438800 
1.439700 
1.439900 
1.440300 
1.444000 
1.446900 
1.450100 
1.451000 
1.458400 
1.461600 
1.464200 
1.466500 
1.466800 
1.467800 
1.468700 
1.471500 
1.473100 
1.477100 
1.480700 
1.481000 
1.490900 
1.492600 
1.496400 
1.500400 
1.509300 
1.513400 
1.513700 
1.515000 
1.516400 
1.521200 
1.523600 
1.528400 
1.537200 
1.539300 
1.539400 
1.546200 
1.549500 
1.555200 
1.557800 
1.559700 
1.565800 
1.568600 
1.572700 
1.572900 
1.574400 
1.578000 
1.581900 
1.590300 
1.596300 
1.601200 
1.603700 
1.607400 
1.607500 
1.607900 
1.612900 
1.615300 
1.617000 
1.623900 
1.629900 
1.632800 
1.633000 
1.634400 
1.635400 
1.636100 
1.637100 
1.643900 
1.644000 
1.646900 
1.660900 
1.661100 
1.661300 
1.670700 
1.673500 
1.675700 
1.678700 
1.679500 
1.686900 
1.689200 
1.690100 
1.696000 
1.696000 
1.697000 
1.698300 
1.702100 
1.702700 
1.703600 
1.713100 
1.713400 
1.714500 
1.715800 
1.717000 
1.718800 
1.719000 
1.730600 
1.734400 
1.735700 
1.736800 
1.741000 
1.742800 
1.745300 
1.749100 
1.749900 
1.753300 
1.756900 
1.764200 
1.764800 
1.765600 
1.772100 
1.774100 
1.779400 
1.780600 
1.780900 
1.781400 
1.781700 
1.789600 
1.791600 
1.796400 
1.802600 
1.803300 
1.805300 
1.808100 
1.811400 
1.813600 
1.814900 
1.815300 
1.816600 
1.817900 
1.823500 
1.836200 
1.839500 
1.844500 
1.845200 
1.853900 
1.854600 
1.857600 
1.862400 
1.868400 
1.868400 
1.870000 
1.873100 
1.877900 
1.879500 
1.879700 
1.880000 
1.881200 
1.889700 
1.891900 
1.892700 
1.893700 
1.895100 
1.895800 
1.896400 
1.897400 
1.899500 
1.911600 
1.914100 
1.918900 
1.921100 
1.928600 
1.929300 
1.934800 
1.935200 
1.937800 
1.938300 
1.943000 
1.945200 
1.945800 
1.949600 
1.950300 
1.953000 
1.963300 
1.966300 
1.973500 
1.976000 
1.976800 
1.980500 
1.982600 
1.994000 
2.000100 
2.000700 
2.001100 
2.002700 
2.003700 
2.009700 
2.009900 
2.010300 
2.010500 
2.010500 
2.014900 
2.020500 
2.023300 
2.026700 
2.032100 
2.038300 
2.038300 
2.038500 
2.043200 
2.043400 
2.054100 
2.054600 
2.057000 
2.062400 
2.063200 
2.063900 
2.064900 
2.065400 
2.065900 
2.070400 
2.070700 
2.074900 
2.078900 
2.081000 
2.084100 
2.086500 
2.088700 
2.097000 
2.098000 
2.100900 
2.102100 
2.102300 
2.105300 
2.118000 
2.119700 
2.124100 
2.126800 
2.127100 
2.133000 
2.135600 
2.136000 
2.137000 
2.138400 
2.141800 
2.142300 
2.146400 
2.149000 
2.149300 
2.157400 
2.166000 
2.166800 
2.170000 
2.172300 
2.174200 
2.174300 
2.175300 
2.176700 
2.177400 
2.183400 
2.183800 
2.186600 
2.191100 
2.191200 
2.194800 
2.197200 
2.201900 
2.203000 
2.204100 
2.204400 
2.209100 
2.217900 
2.219100 
2.219100 
2.220600 
2.221200 
2.223700 
2.229200 
2.233500 
2.236400 
2.238200 
2.240600 
2.241000 
2.243700 
2.244800 
2.245300 
2.258500 
2.259500 
2.262700 
2.264400 
2.264400 
2.268600 
2.268700 
2.276700 
2.276700 
2.279500 
2.280100 
2.285600 
2.285600 
2.289600 
2.291600 
2.292800 
2.297000 
2.299400 
2.301100 
2.304400 
2.307700 
2.313900 
2.319500 
2.321500 
2.321500 
2.322100 
2.323600 
2.331800 
2.338000 
2.345000 
2.349100 
2.351700 
2.351900 
2.352000 
2.353300 
2.353400 
2.369600 
2.370000 
2.371200 
2.373700 
2.374200 
2.378700 
2.379500 
2.380600 
2.381100 
2.387300 
2.392600 
2.395500 
2.396100 
2.398200 
2.401200 
2.409100 
2.413600 
2.414000 
2.416200 
2.416200 
2.419600 
2.422600 
2.427600 
2.432200 
2.434000 
2.434400 
2.434500 
2.437700 
2.438600 
2.445100 
2.445400 
2.453300 
2.454700 
2.455000 
2.458700 
2.462100 
2.464900 
2.471600 
2.473500 
2.478200 
2.479200 
2.479700 
2.482100 
2.483000 
2.487100 
2.488900 
2.495500 
2.498400 
2.499000 
2.502500 
2.507900 
2.508400 
2.508900 
2.510400 
2.511900 
2.518300 
2.519200 
2.519500 
2.526900 
2.531400 
2.531600 
2.532100 
2.536700 
2.536800 
2.539400 
2.544300 
2.544700 
2.548500 
2.550500 
2.551900 
2.554500 
2.554900 
2.567900 
2.571300 
2.573800 
2.574300 
2.575600 
2.577400 
2.584400 
2.585100 
2.586500 
2.588300 
2.589400 
2.590100 
2.592300 
2.592900 
2.593700 
2.595700 
2.600500 
2.601100 
2.604700 
2.607400 
2.608900 
2.609600 
2.617600 
2.617900 
2.624200 
2.625600 
2.634600 
2.642200 
2.642400 
2.645100 
2.646900 
2.649300 
2.649300 
2.652500 
2.656400 
2.659900 
2.661300 
2.669200 
2.669900 
2.672300 
2.672300 
2.676900 
2.687300 
2.688100 
2.689600 
2.691600 
2.692000 
2.698300 
2.699600 
2.700200 
2.706200 
2.710600 
2.710800 
2.713900 
2.716200 
2.717100 
2.719200 
2.721100 
2.725000 
2.725800 
2.730200 
2.738600 
2.745800 
2.750300 
2.755200 
2.756600 
2.764800 
2.768600 
2.770700 
2.777000 
2.778900 
2.782600 
2.788100 
2.788300 
2.789600 
2.791600 
2.793000 
2.794600 
2.796100 
2.803800 
2.809200 
2.812500 
2.816500 
2.817600 
2.818900 
2.819500 
2.822500 
2.825100 
2.832100 
2.832900 
2.833200 
2.839900 
2.840300 
2.842500 
2.847600 
2.848300 
2.849500 
2.850100 
2.856900 
2.857400 
2.857500 
2.863300 
2.865900 
2.866300 
2.870200 
2.872900 
2.874400 
2.878000 
2.880600 
2.882000 
2.882800 
2.890000 
2.890600 
2.893500 
2.894700 
2.897500 
2.899000 
2.903300 
2.907500 
2.908700 
2.909700 
2.914500 
2.915600 
2.920600 
2.922600 
2.924700 
2.926200 
2.931200 
2.932500 
2.932600 
2.935400 
2.937400 
2.943500 
2.951600 
2.953200 
2.953500 
2.956600 
2.963600 
2.963900 
2.964400 
2.968900 
2.972600 
2.974200 
2.977600 
2.978700 
2.982900 
2.985100 
2.985400 
2.985700 
2.988400 
2.991000 
2.997000 
2.999500 
