89 
59 
84 
14 
2 
6 
63 
81 
11 
33 
31 
98 
51 
66 
52 
40 
49 
26 
92 
35 
53 
71 
44 
67 
77 
1 
89 
38 
45 
10 
87 
50 
91 
64 
101 
85 
79 
24 
95 
27 
18 
86 
8 
99 
21 
88 
97 
31 
13 
14 
34 
80 
70 
40 
0 
45 
2 
36 
6 
1 
49 
15 
81 
35 
84 
96 
92 
42 
100 
73 
48 
22 
31 
20 
87 
27 
59 
71 
40 
16 
8 
11 
58 
77 
64 
38 
90 
10 
67 
44 
47 
45 
21 
89 
2 
96 
85 
29 
101 
72 
13 
19 
26 
66 
84 
4 
49 
31 
28 
88 
35 
20 
5 
81 
33 
83 
74 
52 
34 
79 
95 
51 
70 
8 
10 
44 
92 
64 
59 
15 
101 
63 
77 
18 
2 
16 
49 
71 
45 
40 
9 
81 
5 
100 
37 
10 
95 
13 
35 
14 
42 
22 
20 
39 
94 
92 
36 
31 
71 
83 
19 
35 
40 
17 
8 
81 
61 
16 
38 
56 
72 
58 
1 
45 
85 
84 
33 
96 
14 
82 
97 
2 
79 
37 
77 
20 
46 
99 
92 
18 
81 
59 
40 
29 
35 
10 
15 
41 
101 
31 
98 
95 
49 
19 
6 
8 
89 
68 
47 
64 
16 
81 
71 
91 
56 
67 
27 
34 
33 
13 
74 
42 
76 
100 
21 
2 
51 
45 
101 
36 
72 
5 
59 
78 
17 
63 
49 
18 
4 
35 
88 
83 
31 
58 
84 
40 
66 
16 
15 
93 
79 
47 
71 
81 
14 
39 
46 
35 
12 
37 
92 
10 
98 
42 
8 
6 
49 
44 
45 
13 
11 
22 
56 
89 
64 
91 
2 
57 
38 
59 
30 
51 
33 
4 
58 
36 
66 
31 
1 
82 
96 
81 
77 
48 
94 
72 
84 
93 
2 
20 
92 
67 
97 
10 
40 
16 
17 
26 
14 
66 
35 
6 
29 
89 
34 
12 
5 
24 
18 
88 
47 
70 
13 
45 
30 
54 
1 
15 
71 
56 
31 
36 
38 
10 
8 
49 
29 
64 
84 
75 
81 
3 
2 
19 
98 
16 
95 
85 
45 
41 
40 
51 
35 
57 
44 
66 
63 
13 
4 
55 
42 
78 
11 
86 
93 
6 
74 
80 
92 
32 
15 
0 
60 
34 
77 
10 
2 
44 
38 
36 
26 
35 
64 
29 
95 
45 
31 
49 
4 
50 
81 
100 
1 
85 
84 
96 
89 
68 
17 
5 
56 
14 
32 
40 
83 
72 
13 
20 
66 
2 
101 
6 
35 
8 
71 
81 
45 
82 
18 
36 
80 
15 
42 
76 
38 
56 
19 
59 
7 
3 
31 
92 
40 
27 
70 
79 
49 
34 
13 
52 
44 
95 
39 
98 
81 
100 
71 
35 
31 
94 
29 
45 
6 
74 
72 
4 
59 
64 
8 
63 
2 
42 
34 
18 
84 
99 
67 
77 
89 
17 
33 
79 
10 
14 
95 
91 
27 
58 
35 
20 
56 
21 
66 
13 
11 
59 
101 
81 
6 
71 
1 
15 
44 
93 
36 
68 
47 
38 
85 
51 
48 
29 
90 
40 
16 
84 
94 
3 
73 
45 
75 
74 
96 
72 
99 
34 
37 
35 
56 
63 
49 
18 
71 
36 
59 
8 
17 
13 
31 
92 
0 
10 
67 
12 
7 
33 
27 
6 
16 
5 
38 
30 
90 
98 
21 
89 
84 
44 
66 
79 
95 
13 
64 
71 
14 
3 
91 
81 
77 
52 
20 
31 
40 
78 
65 
27 
58 
15 
26 
8 
32 
35 
34 
42 
51 
18 
7 
70 
1 
22 
45 
80 
10 
33 
92 
64 
98 
81 
5 
95 
36 
67 
83 
17 
29 
63 
31 
59 
79 
100 
57 
11 
2 
35 
0 
56 
44 
66 
84 
71 
93 
91 
8 
74 
15 
34 
46 
9 
21 
36 
53 
38 
49 
45 
30 
50 
67 
2 
99 
26 
20 
76 
35 
28 
64 
86 
48 
70 
81 
51 
71 
59 
6 
89 
49 
75 
58 
31 
18 
14 
84 
95 
38 
69 
21 
4 
5 
37 
45 
27 
77 
44 
48 
17 
57 
15 
2 
19 
26 
59 
9 
10 
33 
16 
101 
100 
34 
31 
64 
49 
98 
94 
13 
65 
83 
40 
95 
66 
18 
8 
67 
5 
93 
85 
73 
35 
75 
47 
11 
41 
71 
4 
36 
26 
52 
42 
45 
50 
38 
99 
24 
14 
60 
84 
21 
20 
92 
28 
80 
39 
2 
96 
15 
37 
70 
40 
87 
79 
55 
86 
31 
49 
35 
16 
69 
13 
59 
81 
6 
51 
33 
45 
77 
78 
34 
3 
5 
17 
10 
2 
68 
71 
27 
14 
4 
64 
19 
31 
0 
21 
73 
47 
63 
12 
84 
40 
35 
67 
92 
38 
93 
44 
15 
100 
59 
16 
8 
50 
96 
51 
49 
94 
10 
21 
95 
2 
80 
56 
45 
7 
34 
58 
99 
26 
78 
18 
31 
47 
4 
66 
64 
81 
28 
59 
83 
8 
33 
36 
71 
75 
2 
32 
88 
13 
84 
48 
49 
68 
35 
47 
81 
100 
18 
21 
29 
44 
73 
52 
56 
17 
27 
34 
92 
90 
42 
26 
96 
36 
0 
31 
38 
71 
40 
99 
45 
15 
64 
2 
59 
67 
49 
8 
22 
91 
5 
21 
3 
20 
30 
74 
78 
14 
35 
29 
66 
80 
13 
16 
72 
48 
28 
79 
100 
47 
96 
75 
44 
38 
52 
71 
5 
4 
77 
40 
70 
31 
45 
63 
27 
98 
67 
92 
57 
101 
2 
35 
84 
51 
49 
81 
7 
12 
24 
88 
21 
29 
18 
10 
13 
66 
14 
38 
72 
76 
59 
94 
16 
75 
1 
34 
95 
50 
48 
84 
71 
2 
91 
68 
44 
80 
78 
33 
49 
81 
40 
101 
35 
4 
27 
30 
67 
54 
89 
13 
92 
5 
6 
31 
56 
100 
42 
48 
45 
66 
8 
84 
88 
47 
7 
51 
68 
20 
35 
15 
52 
75 
22 
10 
18 
36 
14 
79 
33 
84 
34 
40 
99 
73 
81 
26 
59 
29 
96 
48 
38 
74 
2 
47 
71 
3 
36 
8 
5 
21 
66 
89 
31 
49 
87 
58 
35 
86 
34 
16 
83 
64 
67 
95 
36 
44 
92 
28 
33 
14 
55 
71 
45 
2 
20 
61 
84 
8 
81 
59 
70 
5 
6 
56 
66 
87 
10 
51 
47 
53 
38 
44 
22 
31 
19 
95 
29 
43 
101 
17 
34 
90 
45 
98 
18 
40 
88 
4 
48 
13 
2 
14 
36 
5 
31 
33 
64 
59 
21 
81 
49 
15 
78 
35 
84 
8 
10 
71 
93 
82 
36 
79 
28 
72 
46 
34 
75 
92 
2 
66 
38 
96 
24 
64 
73 
11 
1 
45 
52 
42 
81 
5 
16 
12 
89 
40 
21 
35 
36 
31 
50 
70 
85 
20 
47 
59 
10 
17 
97 
29 
80 
48 
39 
71 
52 
76 
2 
79 
34 
18 
38 
8 
58 
33 
87 
5 
77 
101 
86 
49 
12 
88 
81 
89 
59 
26 
45 
92 
82 
94 
71 
4 
72 
24 
95 
50 
66 
2 
91 
38 
83 
0 
35 
31 
51 
75 
34 
84 
47 
96 
42 
67 
49 
29 
6 
36 
45 
14 
33 
16 
13 
44 
89 
81 
4 
93 
46 
40 
56 
86 
71 
12 
27 
77 
64 
80 
63 
20 
88 
66 
78 
34 
10 
45 
31 
7 
35 
8 
42 
79 
62 
51 
81 
56 
0 
76 
38 
2 
73 
59 
13 
91 
84 
5 
9 
37 
40 
36 
27 
33 
72 
82 
26 
98 
35 
49 
11 
85 
81 
64 
31 
45 
71 
47 
16 
66 
12 
8 
15 
38 
54 
77 
29 
50 
42 
10 
95 
30 
78 
40 
20 
4 
82 
33 
57 
100 
56 
35 
99 
85 
92 
2 
48 
28 
71 
36 
8 
32 
39 
15 
93 
83 
4 
84 
16 
11 
19 
72 
10 
98 
81 
70 
45 
21 
0 
26 
14 
87 
12 
52 
42 
34 
80 
59 
40 
27 
37 
35 
71 
36 
44 
92 
48 
68 
50 
9 
49 
95 
47 
67 
15 
66 
64 
78 
94 
38 
45 
20 
93 
0 
2 
5 
10 
13 
83 
21 
30 
71 
14 
48 
101 
87 
86 
4 
34 
31 
35 
51 
49 
68 
29 
75 
39 
44 
52 
67 
6 
38 
45 
1 
77 
91 
18 
71 
59 
16 
20 
40 
92 
64 
100 
81 
13 
53 
73 
8 
96 
34 
11 
33 
45 
80 
15 
35 
99 
36 
70 
88 
84 
26 
42 
10 
79 
47 
13 
40 
49 
3 
37 
4 
17 
66 
56 
46 
35 
78 
64 
31 
48 
100 
44 
38 
20 
15 
77 
2 
65 
95 
80 
71 
0 
13 
21 
19 
14 
34 
28 
52 
10 
31 
36 
49 
35 
38 
84 
12 
96 
6 
44 
8 
29 
69 
2 
94 
18 
45 
86 
85 
43 
64 
79 
93 
11 
7 
80 
89 
31 
59 
81 
100 
21 
5 
33 
37 
40 
27 
13 
35 
66 
92 
83 
16 
38 
15 
46 
95 
30 
34 
3 
2 
68 
10 
14 
59 
71 
56 
73 
77 
11 
58 
90 
88 
19 
49 
81 
76 
96 
8 
45 
85 
4 
28 
99 
60 
84 
83 
92 
17 
38 
51 
67 
20 
41 
40 
70 
31 
74 
18 
46 
72 
14 
73 
52 
2 
11 
80 
50 
29 
63 
47 
81 
45 
71 
59 
10 
21 
13 
64 
78 
66 
44 
49 
36 
94 
95 
6 
51 
79 
27 
28 
38 
35 
20 
7 
4 
42 
87 
98 
101 
15 
31 
24 
67 
89 
100 
99 
14 
26 
75 
3 
48 
45 
18 
2 
10 
33 
37 
16 
60 
53 
1 
36 
81 
35 
28 
38 
93 
13 
52 
69 
34 
74 
20 
42 
8 
15 
96 
68 
12 
27 
65 
19 
46 
71 
78 
64 
4 
66 
101 
80 
40 
63 
6 
99 
59 
41 
67 
95 
10 
3 
16 
26 
92 
7 
1 
72 
88 
84 
13 
31 
68 
45 
5 
94 
49 
19 
34 
15 
36 
21 
91 
14 
47 
2 
8 
33 
71 
44 
93 
10 
35 
79 
29 
97 
52 
38 
51 
80 
13 
6 
31 
59 
20 
1 
81 
98 
87 
92 
64 
26 
49 
36 
77 
71 
2 
100 
99 
40 
7 
24 
35 
95 
45 
67 
66 
96 
4 
93 
20 
34 
22 
31 
69 
48 
8 
13 
10 
11 
92 
81 
35 
52 
40 
77 
33 
72 
58 
98 
64 
27 
39 
80 
74 
97 
76 
73 
63 
59 
20 
2 
66 
86 
50 
83 
71 
93 
49 
78 
89 
67 
99 
42 
13 
38 
6 
18 
29 
36 
15 
30 
56 
3 
37 
92 
26 
34 
40 
81 
47 
0 
45 
41 
10 
8 
75 
70 
4 
59 
48 
86 
66 
44 
68 
35 
67 
13 
38 
52 
64 
46 
22 
36 
16 
92 
14 
83 
6 
20 
71 
85 
31 
3 
73 
84 
88 
72 
5 
51 
8 
63 
87 
79 
89 
45 
101 
2 
100 
15 
70 
21 
74 
40 
66 
29 
10 
80 
35 
59 
48 
96 
34 
81 
27 
98 
49 
56 
31 
55 
67 
0 
71 
75 
1 
82 
5 
18 
8 
2 
38 
15 
34 
7 
63 
45 
64 
83 
31 
10 
40 
70 
51 
14 
84 
72 
29 
32 
88 
17 
42 
35 
89 
13 
95 
96 
59 
71 
48 
1 
2 
75 
4 
100 
5 
58 
40 
34 
11 
6 
66 
49 
31 
96 
68 
13 
15 
10 
33 
14 
45 
16 
44 
20 
92 
47 
5 
59 
35 
40 
36 
2 
8 
99 
83 
79 
76 
101 
96 
48 
81 
57 
87 
98 
74 
85 
21 
93 
66 
34 
49 
10 
4 
13 
38 
71 
80 
58 
50 
64 
32 
59 
5 
35 
55 
45 
40 
33 
36 
92 
2 
17 
81 
48 
3 
56 
47 
77 
15 
28 
29 
83 
11 
99 
31 
35 
76 
44 
66 
67 
16 
85 
71 
8 
21 
84 
40 
33 
87 
58 
37 
10 
36 
34 
56 
93 
83 
81 
49 
98 
57 
68 
32 
20 
29 
64 
31 
91 
19 
2 
5 
59 
63 
35 
7 
79 
47 
95 
18 
67 
71 
21 
45 
66 
24 
81 
44 
74 
38 
26 
16 
52 
86 
12 
37 
9 
101 
96 
48 
77 
3 
10 
5 
20 
59 
92 
87 
56 
35 
83 
31 
99 
100 
14 
21 
63 
80 
27 
13 
58 
81 
95 
22 
88 
42 
53 
36 
1 
44 
45 
15 
94 
40 
2 
84 
31 
73 
71 
38 
29 
34 
83 
77 
101 
7 
64 
97 
35 
68 
56 
10 
67 
59 
45 
21 
13 
51 
26 
33 
4 
92 
81 
28 
38 
20 
74 
47 
88 
91 
35 
36 
8 
19 
31 
16 
34 
64 
49 
45 
95 
75 
14 
100 
56 
78 
79 
52 
13 
55 
6 
12 
10 
1 
84 
96 
71 
85 
21 
83 
92 
77 
15 
35 
86 
48 
66 
82 
3 
93 
42 
43 
89 
40 
47 
59 
31 
44 
27 
7 
55 
100 
51 
13 
81 
11 
80 
79 
28 
73 
45 
95 
2 
48 
85 
71 
37 
34 
49 
64 
35 
83 
