0.021700 
0.025500 
0.029300 
0.029800 
0.030300 
0.031100 
0.033800 
0.034800 
0.036000 
0.037900 
0.038100 
0.038700 
0.039500 
0.040800 
0.041200 
0.041800 
0.043400 
0.043400 
0.044900 
0.045300 
0.050600 
0.050700 
0.051700 
0.052800 
0.052900 
0.054300 
0.054800 
0.054900 
0.055500 
0.058200 
0.058700 
0.058800 
0.058800 
0.061800 
0.062100 
0.062500 
0.065200 
0.065800 
0.067600 
0.068100 
0.071200 
0.074100 
0.074600 
0.074600 
0.077600 
0.078300 
0.080100 
0.080900 
0.081400 
0.081500 
0.082400 
0.082700 
0.083300 
0.083800 
0.086100 
0.086500 
0.087500 
0.089100 
0.089400 
0.091800 
0.093500 
0.093700 
0.093800 
0.094400 
0.096600 
0.097200 
0.097400 
0.098300 
0.098700 
0.099100 
0.099400 
0.100900 
0.102800 
0.103000 
0.106300 
0.107100 
0.108900 
0.110800 
0.110800 
0.111300 
0.111900 
0.114500 
0.114700 
0.116300 
0.119500 
0.120300 
0.122200 
0.123800 
0.125600 
0.128100 
0.129100 
0.129400 
0.129800 
0.132700 
0.134700 
0.135300 
0.136800 
0.138700 
0.138800 
0.139500 
0.140800 
0.143900 
0.145800 
0.146300 
0.147200 
0.147900 
0.149200 
0.150100 
0.151000 
0.151000 
0.151800 
0.151900 
0.152900 
0.154100 
0.156700 
0.156900 
0.157000 
0.157300 
0.159000 
0.162000 
0.163100 
0.164000 
0.164700 
0.165500 
0.166000 
0.166800 
0.167400 
0.167900 
0.168300 
0.170100 
0.170800 
0.171900 
0.172700 
0.174700 
0.176300 
0.181000 
0.181600 
0.183200 
0.184400 
0.184500 
0.186100 
0.190700 
0.191600 
0.191700 
0.192000 
0.192400 
0.192500 
0.194200 
0.197200 
0.198100 
0.198700 
0.201200 
0.201600 
0.201800 
0.201800 
0.202300 
0.202900 
0.204800 
0.205400 
0.209000 
0.209700 
0.209700 
0.210700 
0.212300 
0.213700 
0.214000 
0.214300 
0.214700 
0.216700 
0.217100 
0.217600 
0.219700 
0.221500 
0.221500 
0.221900 
0.222300 
0.222300 
0.223400 
0.230000 
0.231000 
0.231900 
0.232500 
0.234700 
0.234800 
0.238300 
0.239600 
0.239700 
0.239700 
0.243100 
0.243900 
0.244000 
0.244800 
0.245100 
0.247000 
0.248300 
0.250500 
0.251400 
0.251900 
0.252600 
0.252900 
0.253900 
0.254900 
0.255900 
0.257500 
0.260600 
0.262100 
0.263600 
0.263800 
0.265000 
0.266100 
0.267200 
0.267200 
0.268100 
0.270000 
0.270100 
0.274200 
0.275200 
0.276400 
0.278200 
0.278200 
0.278800 
0.279200 
0.281200 
0.285300 
0.286200 
0.287300 
0.287300 
0.287400 
0.288300 
0.289100 
0.290500 
0.290900 
0.291500 
0.292400 
0.292900 
0.294100 
0.297300 
0.297800 
0.297900 
0.300500 
0.301700 
0.301900 
0.303100 
0.303400 
0.304400 
0.305200 
0.308500 
0.309500 
0.311500 
0.312800 
0.315000 
0.316100 
0.317800 
0.320000 
0.320700 
0.321000 
0.321100 
0.322500 
0.323500 
0.324500 
0.326300 
0.326700 
0.328200 
0.331500 
0.334100 
0.335000 
0.336900 
0.341100 
0.342300 
0.343100 
0.343500 
0.343700 
0.344100 
0.344400 
0.345700 
0.345800 
0.346100 
0.346400 
0.347100 
0.347200 
0.347500 
0.348200 
0.348600 
0.349200 
0.349900 
0.350000 
0.350900 
0.353300 
0.354200 
0.355800 
0.355800 
0.358600 
0.358900 
0.361900 
0.363400 
0.363700 
0.366300 
0.366400 
0.366700 
0.367500 
0.368400 
0.374900 
0.378700 
0.379400 
0.382100 
0.383000 
0.384500 
0.384700 
0.387100 
0.387200 
0.387800 
0.388700 
0.390200 
0.390700 
0.390800 
0.393000 
0.393500 
0.394100 
0.395200 
0.395300 
0.395500 
0.396100 
0.399100 
0.399700 
0.400100 
0.400400 
0.400600 
0.401700 
0.402100 
0.402700 
0.402900 
0.404100 
0.404300 
0.405400 
0.407800 
0.408200 
0.409000 
0.414300 
0.414500 
0.417000 
0.417400 
0.419900 
0.421400 
0.421800 
0.423900 
0.425100 
0.428000 
0.428000 
0.429300 
0.429600 
0.429700 
0.430100 
0.430300 
0.430500 
0.431400 
0.431700 
0.432800 
0.433900 
0.434000 
0.438200 
0.439300 
0.439800 
0.441800 
0.443400 
0.445300 
0.446300 
0.446300 
0.448800 
0.452100 
0.452200 
0.452500 
0.452500 
0.453300 
0.453400 
0.454900 
0.455500 
0.457000 
0.458400 
0.459400 
0.459900 
0.460100 
0.460900 
0.462200 
0.464600 
0.465600 
0.465800 
0.466100 
0.466500 
0.467000 
0.468300 
0.468400 
0.470700 
0.470800 
0.471000 
0.471700 
0.473000 
0.473400 
0.473400 
0.474200 
0.474800 
0.475000 
0.475200 
0.475700 
0.476400 
0.477700 
0.478200 
0.480200 
0.481800 
0.483400 
0.485900 
0.486100 
0.487000 
0.489000 
0.489100 
0.490200 
0.491000 
0.491100 
0.492700 
0.493600 
0.496100 
0.496300 
0.497700 
0.498700 
0.499100 
0.500400 
0.502900 
0.503400 
0.503700 
0.503900 
0.504600 
0.507800 
0.508800 
0.509400 
0.509800 
0.510900 
0.511700 
0.512900 
0.514700 
0.515200 
0.515700 
0.517000 
0.517200 
0.517800 
0.520600 
0.522400 
0.522800 
0.525200 
0.527800 
0.530400 
0.530500 
0.531700 
0.532700 
0.537700 
0.539200 
0.539500 
0.540400 
0.543900 
0.544100 
0.545100 
0.549600 
0.549800 
0.549900 
0.554900 
0.557800 
0.560000 
0.560300 
0.560900 
0.561300 
0.561600 
0.562500 
0.564100 
0.566200 
0.566500 
0.567900 
0.569100 
0.569300 
0.569300 
0.569400 
0.573100 
0.573400 
0.574600 
0.575700 
0.576800 
0.577900 
0.580600 
0.580800 
0.581100 
0.581300 
0.582300 
0.583200 
0.583700 
0.583900 
0.584800 
0.585100 
0.585500 
0.588300 
0.589200 
0.589400 
0.589400 
0.590000 
0.593300 
0.594400 
0.595100 
0.595600 
0.599900 
0.603200 
0.603300 
0.606800 
0.607100 
0.608700 
0.609800 
0.609900 
0.610100 
0.610600 
0.611300 
0.613400 
0.614200 
0.615600 
0.619800 
0.622000 
0.623200 
0.623900 
0.625400 
0.626300 
0.627300 
0.629200 
0.629700 
0.631300 
0.631300 
0.636300 
0.636300 
0.636500 
0.637900 
0.638100 
0.640100 
0.640100 
0.643200 
0.643500 
0.644000 
0.644300 
0.644800 
0.646000 
0.649300 
0.649600 
0.650200 
0.650500 
0.650800 
0.651000 
0.651900 
0.655500 
0.656300 
0.656800 
0.658300 
0.659400 
0.661200 
0.661300 
0.661400 
0.662900 
0.663500 
0.663600 
0.664000 
0.664900 
0.665500 
0.666900 
0.667400 
0.667500 
0.668600 
0.668700 
0.669800 
0.669900 
0.670400 
0.670800 
0.671600 
0.673000 
0.674000 
0.676800 
0.677600 
0.678600 
0.678700 
0.680400 
0.681000 
0.681400 
0.681600 
0.683300 
0.683600 
0.684900 
0.685700 
0.686000 
0.688000 
0.691200 
0.691600 
0.691800 
0.694600 
0.695100 
0.698900 
0.699600 
0.700400 
0.701100 
0.701900 
0.702200 
0.704400 
0.705300 
0.707200 
0.707700 
0.708400 
0.710100 
0.710800 
0.713000 
0.716700 
0.717500 
0.720500 
0.723000 
0.723600 
0.724900 
0.725000 
0.725400 
0.727700 
0.729600 
0.730000 
0.733200 
0.734700 
0.734800 
0.736200 
0.739500 
0.740800 
0.742600 
0.742600 
0.744100 
0.744200 
0.745400 
0.748200 
0.748200 
0.749300 
0.750400 
0.750700 
0.751800 
0.752200 
0.752400 
0.753400 
0.753800 
0.754000 
0.754200 
0.754300 
0.757000 
0.758900 
0.762500 
0.763600 
0.764800 
0.765400 
0.766800 
0.767700 
0.767900 
0.768100 
0.768200 
0.769300 
0.769300 
0.769700 
0.771300 
0.772100 
0.772100 
0.772500 
0.773200 
0.774300 
0.774400 
0.774600 
0.776000 
0.776200 
0.776500 
0.777400 
0.778500 
0.784700 
0.785500 
0.786500 
0.788200 
0.788500 
0.790000 
0.790200 
0.790900 
0.791100 
0.794700 
0.797100 
0.797400 
0.798000 
0.799500 
0.801300 
0.801300 
0.801800 
0.801900 
0.802200 
0.802700 
0.803300 
0.803500 
0.804600 
0.806300 
0.809500 
0.813200 
0.814800 
0.815600 
0.819800 
0.819800 
0.824400 
0.825900 
0.828600 
0.829400 
0.829600 
0.833400 
0.834200 
0.834600 
0.835100 
0.836000 
0.836800 
0.837700 
0.837900 
0.838100 
0.838600 
0.838900 
0.839200 
0.839700 
0.839900 
0.840200 
0.840500 
0.840600 
0.841100 
0.843600 
0.845400 
0.848100 
0.848600 
0.848700 
0.849000 
0.850400 
0.850500 
0.850800 
0.852000 
0.854900 
0.855600 
0.856100 
0.856700 
0.857700 
0.857900 
0.858200 
0.863900 
0.868500 
0.869800 
0.870700 
0.870900 
0.872500 
0.872800 
0.875400 
0.876300 
0.878900 
0.879200 
0.879700 
0.881600 
0.881700 
0.881800 
0.882600 
0.883600 
0.883600 
0.883800 
0.886500 
0.886900 
0.887600 
0.888800 
0.888900 
0.888900 
0.889100 
0.889200 
0.890100 
0.890700 
0.892700 
0.893000 
0.893700 
0.894400 
0.894400 
0.894900 
0.895500 
0.898200 
0.898500 
0.899400 
0.900700 
0.902500 
0.903200 
0.903600 
0.904100 
0.906700 
0.907500 
0.909400 
0.911100 
0.911200 
0.912200 
0.914900 
0.915100 
0.917100 
0.917400 
0.917700 
0.917700 
0.919400 
0.920700 
0.921900 
0.922000 
0.923100 
0.923200 
0.924300 
0.925000 
0.926000 
0.926100 
0.927500 
0.927800 
0.927900 
0.928500 
0.928800 
0.930100 
0.932200 
0.933100 
0.933400 
0.938600 
0.940000 
0.940400 
0.942600 
0.942800 
0.943000 
0.943000 
0.943700 
0.947100 
0.947300 
0.948200 
0.948500 
0.949200 
0.949400 
0.951500 
0.953100 
0.953500 
0.954400 
0.957600 
0.958400 
0.958400 
0.958600 
0.959000 
0.960300 
0.961600 
0.962900 
0.963200 
0.965300 
0.967700 
0.968700 
0.969600 
0.970500 
0.971800 
0.973500 
0.973600 
0.974500 
0.977900 
0.978200 
0.979400 
0.980600 
0.981300 
0.981500 
0.982700 
0.982900 
0.984100 
0.985000 
0.986900 
0.987600 
0.987600 
0.988300 
0.988300 
0.993200 
0.994400 
0.995700 
0.996000 
0.997200 
0.997300 
0.998100 
0.999000 
0.999300 
1.000500 
1.001400 
1.003400 
1.004300 
1.006900 
1.007200 
1.008700 
1.009100 
1.009500 
1.009800 
1.011200 
1.011900 
1.012300 
1.012800 
1.013700 
1.017500 
1.018800 
1.021500 
1.022500 
1.022600 
1.022800 
1.023500 
1.024600 
1.029100 
1.029100 
1.029500 
1.033900 
1.035600 
1.035700 
1.036100 
1.036500 
1.037000 
1.037500 
1.038300 
1.039400 
1.040300 
1.040300 
1.042400 
1.046300 
1.047000 
1.047800 
1.048100 
1.048500 
1.049300 
1.049600 
1.051800 
1.055000 
1.055000 
1.055600 
1.056300 
1.056400 
1.057700 
1.058900 
1.059200 
1.059500 
1.059700 
1.061100 
1.065500 
1.067100 
1.069300 
1.069800 
1.069900 
1.070400 
1.070600 
1.076000 
1.079200 
1.080100 
1.081700 
1.082700 
1.083200 
1.083200 
1.084000 
1.084900 
1.091700 
1.094700 
1.094900 
1.095000 
1.096100 
1.097000 
1.097200 
1.097500 
1.097800 
1.099100 
1.099700 
1.100600 
1.101100 
1.101400 
1.106100 
1.106600 
1.107200 
1.107900 
1.109700 
1.109800 
1.110200 
1.110800 
1.111200 
1.112700 
1.115100 
1.115400 
1.118700 
1.119800 
1.119900 
1.120500 
1.121500 
1.123700 
1.124100 
1.124300 
1.124700 
1.127100 
1.127200 
1.127400 
1.127500 
1.128500 
1.129400 
1.130800 
1.131100 
1.133200 
1.134400 
1.135300 
1.135400 
1.136100 
1.136300 
1.137100 
1.137500 
1.138700 
1.139600 
1.140000 
1.140600 
1.142800 
1.143200 
1.143700 
1.144000 
1.145700 
1.147500 
1.148700 
1.149000 
1.150300 
1.150600 
1.150700 
1.151300 
1.151700 
1.151900 
1.154800 
1.155300 
1.157600 
1.160500 
1.161100 
1.162500 
1.163200 
1.164200 
1.164200 
1.165000 
1.165100 
1.169600 
1.171100 
1.173600 
1.174400 
1.174900 
1.175400 
1.175700 
1.179300 
1.179500 
1.180400 
1.180800 
1.182200 
1.182900 
1.183100 
1.185300 
1.187500 
1.187700 
1.187800 
1.188300 
1.189500 
1.189800 
1.191100 
1.191800 
1.192100 
1.192300 
1.192700 
1.196800 
1.197400 
1.199400 
1.199700 
1.199800 
1.200200 
1.201300 
1.202900 
1.203100 
1.204600 
1.205600 
1.206400 
1.207700 
1.208000 
1.210000 
1.211500 
1.214300 
1.214300 
1.215800 
1.216500 
1.218200 
1.219800 
1.220100 
1.221000 
1.222800 
1.222800 
1.223100 
1.223100 
1.225000 
1.225200 
1.225500 
1.225900 
1.226900 
1.227000 
1.227200 
1.232100 
1.233000 
1.233300 
1.233500 
1.238200 
1.238700 
1.239000 
1.240700 
1.242100 
1.243200 
1.243500 
1.243500 
1.243700 
1.246100 
1.246700 
1.247500 
1.248000 
1.248100 
1.248500 
1.248700 
1.250400 
1.252700 
1.253900 
1.254000 
1.259900 
1.261800 
1.263200 
1.263500 
1.264400 
1.264400 
1.264600 
1.265500 
1.266200 
1.267700 
1.269900 
1.270500 
1.271400 
1.273200 
1.273700 
1.274400 
1.276200 
1.277800 
1.278700 
1.279700 
1.279800 
1.279900 
1.280300 
1.281000 
1.281200 
1.281200 
1.281400 
1.282500 
1.282900 
1.283500 
1.283600 
1.284900 
1.285100 
1.285600 
1.287300 
1.287600 
1.288200 
1.288300 
1.290300 
1.291700 
1.292800 
1.294400 
1.295400 
1.298100 
1.300200 
1.300500 
1.301100 
1.302100 
1.302400 
1.303900 
1.304300 
1.306200 
1.306400 
1.306600 
1.307000 
1.308800 
1.310100 
1.310600 
1.310900 
1.311200 
1.311800 
1.311900 
1.315300 
1.315700 
1.317900 
1.318100 
1.319000 
1.320700 
1.321400 
1.322000 
1.324000 
1.325500 
1.326000 
1.328500 
1.329500 
1.330400 
1.331300 
1.334900 
1.336400 
1.338600 
1.341000 
1.344000 
1.344300 
1.344900 
1.345200 
1.347000 
1.347100 
1.347800 
1.348700 
1.349900 
1.350900 
1.351500 
1.351700 
1.352500 
1.353600 
1.353600 
1.353900 
1.353900 
1.358500 
1.359900 
1.361000 
1.361400 
1.362500 
1.363700 
1.365100 
1.366500 
1.367200 
1.368300 
1.369200 
1.369600 
1.372200 
1.373000 
1.373100 
1.374400 
1.375700 
1.376300 
1.376600 
1.378800 
1.379000 
1.379200 
1.379800 
1.380100 
1.381200 
1.382800 
1.382900 
1.387100 
1.388000 
1.389400 
1.390400 
1.391300 
1.391900 
1.393300 
1.393900 
1.393900 
1.395200 
1.398300 
1.401600 
1.401800 
1.402400 
1.404100 
1.404700 
1.405500 
1.405600 
1.405700 
1.406500 
1.406900 
1.406900 
1.407000 
1.413700 
1.414000 
1.415200 
1.417100 
1.420200 
1.421500 
1.422100 
1.423900 
1.424000 
1.427100 
1.427400 
1.430700 
1.432000 
1.433500 
1.435100 
1.435700 
1.436500 
1.439900 
1.440500 
1.441300 
1.441500 
1.441800 
1.442600 
1.443300 
1.443400 
1.444500 
1.445000 
1.445500 
1.445800 
1.446700 
1.447000 
1.449400 
1.450000 
1.450800 
1.450800 
1.452400 
1.453300 
1.459000 
1.460500 
1.461600 
1.462500 
1.463400 
1.466000 
1.466100 
1.469000 
1.469100 
1.470000 
1.471200 
1.472100 
1.472200 
1.473100 
1.473400 
1.473500 
1.474400 
1.475900 
1.477400 
1.477400 
1.479100 
1.480800 
1.482000 
1.482500 
1.486300 
1.487300 
1.488800 
1.490400 
1.490400 
1.491300 
1.493300 
1.493300 
1.493300 
1.494400 
1.495500 
1.495600 
1.495900 
1.496000 
1.496000 
1.496000 
1.496400 
1.496400 
1.498700 
1.498900 
1.499800 
1.502300 
1.503300 
1.503800 
1.504200 
1.505900 
1.506500 
1.506500 
1.506600 
1.507100 
1.507500 
1.508200 
1.509500 
1.512400 
1.515300 
1.515400 
1.515800 
1.516800 
1.518000 
1.518800 
1.519900 
1.521900 
1.522200 
1.522200 
1.522700 
1.523600 
1.524900 
1.525400 
1.526500 
1.529400 
1.531100 
1.532800 
1.533300 
1.533300 
1.534300 
1.536800 
1.537800 
1.538200 
1.538500 
1.539200 
1.541100 
1.542000 
1.542100 
1.543200 
1.544400 
1.545500 
1.546400 
1.547300 
1.547600 
1.549700 
1.550000 
1.550100 
1.551200 
1.551700 
1.553100 
1.553500 
1.553600 
1.555600 
1.556000 
1.558400 
1.562000 
1.564300 
1.564400 
1.564900 
1.566300 
1.568000 
1.572000 
1.572100 
1.573000 
1.574100 
1.574500 
1.574900 
1.577700 
1.578600 
1.579900 
1.581500 
1.582000 
1.582000 
1.583400 
1.584800 
1.585900 
1.587300 
1.587300 
1.588800 
1.588800 
1.589100 
1.589100 
1.589200 
1.592500 
1.593600 
1.594200 
1.594400 
1.595100 
1.595500 
1.596700 
1.597000 
1.597800 
1.602000 
1.602100 
1.602900 
1.603700 
1.603900 
1.605100 
1.605800 
1.606900 
1.608500 
1.608800 
1.609100 
1.609300 
1.611900 
1.615000 
1.618100 
1.618900 
1.619600 
1.621600 
1.622000 
1.623400 
1.624100 
1.627100 
1.628300 
1.629400 
1.632400 
1.634200 
1.636500 
1.637800 
1.638900 
1.639200 
1.639600 
1.639800 
1.640400 
1.641900 
1.642200 
1.645600 
1.646300 
1.646500 
1.647200 
1.647200 
1.647900 
1.648200 
1.650900 
1.651500 
1.652200 
1.652600 
1.654900 
1.655500 
1.656700 
1.659200 
1.659600 
1.662000 
1.662700 
1.663500 
1.664800 
1.665600 
1.665600 
1.665700 
1.666500 
1.666900 
1.667200 
1.668400 
1.670200 
1.670600 
1.675600 
1.676200 
1.679100 
1.679700 
1.679800 
1.679800 
1.680300 
1.680700 
1.680900 
1.682000 
1.683300 
1.689400 
1.692500 
1.692700 
1.693000 
1.695100 
1.695600 
1.697200 
1.697500 
1.698300 
1.700300 
1.702700 
1.703300 
1.711300 
1.711500 
1.711700 
1.714900 
1.715600 
1.717100 
1.719800 
1.720700 
1.727200 
1.729200 
1.731300 
1.731400 
1.736400 
1.737700 
1.738300 
1.738700 
1.741000 
1.741800 
1.742900 
1.743800 
1.744100 
1.746400 
1.746600 
1.747600 
1.747900 
1.747900 
1.749700 
1.750200 
1.752800 
1.754300 
1.754400 
1.756600 
1.757000 
1.757300 
1.758200 
1.759000 
1.762100 
1.763300 
1.765400 
1.766700 
1.766900 
1.768300 
1.771600 
1.772300 
1.772500 
1.773800 
1.774400 
1.775000 
1.775200 
1.775400 
1.775700 
1.777100 
1.778000 
1.780000 
1.781700 
1.782900 
1.784200 
1.785200 
1.785600 
1.785700 
1.787600 
1.788600 
1.790300 
1.792400 
1.792800 
1.793600 
1.793800 
1.794100 
1.795600 
1.796200 
1.797800 
1.799500 
1.801700 
1.801700 
1.802800 
1.802800 
1.802900 
1.805700 
1.806300 
1.807200 
1.807600 
1.807600 
1.807700 
1.808000 
1.808700 
1.811600 
1.812200 
1.813100 
1.815900 
1.816000 
1.819400 
1.819700 
1.821600 
1.824900 
1.825700 
1.826400 
1.826700 
1.827600 
1.828600 
1.829300 
1.832500 
1.833900 
1.837000 
1.837400 
1.838000 
1.838100 
1.838700 
1.838800 
1.840400 
1.840700 
1.842100 
1.842900 
1.843700 
1.844500 
1.844800 
1.845100 
1.846800 
1.847500 
1.849200 
1.849700 
1.850400 
1.851000 
1.851600 
1.852100 
1.855200 
1.855200 
1.857700 
1.858400 
1.858900 
1.859700 
1.860000 
1.860500 
1.861200 
1.861500 
1.865000 
1.866600 
1.867700 
1.867900 
1.870100 
1.870500 
1.871400 
1.872600 
1.873300 
1.873400 
1.874200 
1.875600 
1.875900 
1.876200 
1.877000 
1.879100 
1.880000 
1.880600 
1.881000 
1.882200 
1.882400 
1.883200 
1.885400 
1.888100 
1.888100 
1.889500 
1.889700 
1.891100 
1.891300 
1.891600 
1.893200 
1.894500 
1.895000 
1.896500 
1.896900 
1.897400 
1.898400 
1.898900 
1.901600 
1.902900 
1.904700 
1.905100 
1.905200 
1.905500 
1.908500 
1.909600 
1.915900 
1.916100 
1.917400 
1.920000 
1.920300 
1.920300 
1.921100 
1.921300 
1.924300 
1.925800 
1.925900 
1.927200 
1.927200 
1.927700 
1.928200 
1.928300 
1.931800 
1.932800 
1.933000 
1.933400 
1.935200 
1.935200 
1.935600 
1.935800 
1.937600 
1.938300 
1.940400 
1.940900 
1.942900 
1.944300 
1.945200 
1.946000 
1.946300 
1.947500 
1.951200 
1.951800 
1.951800 
1.953200 
1.954900 
1.955700 
1.959500 
1.959700 
1.960100 
1.961700 
1.962000 
1.964100 
1.964400 
1.965400 
1.965900 
1.966300 
1.967200 
1.969200 
1.971200 
1.971600 
1.973100 
1.973800 
1.974300 
1.975000 
1.975800 
1.977000 
1.978200 
1.978600 
1.980500 
1.980900 
1.981900 
1.982500 
1.983000 
1.985700 
1.987100 
1.989900 
1.990900 
1.991200 
1.993500 
1.994000 
1.994600 
1.996300 
1.996300 
1.996800 
1.997600 
1.997900 
1.999300 
2.004100 
2.004600 
2.007100 
2.008100 
2.008100 
2.008200 
2.010300 
2.010800 
2.011000 
2.011200 
2.012900 
2.013700 
2.015200 
2.015900 
2.016500 
2.017700 
2.017900 
2.017900 
2.023900 
2.024400 
2.026500 
2.026800 
2.027200 
2.027400 
2.027600 
2.028100 
2.028300 
2.029200 
2.030500 
2.030700 
2.030700 
2.031500 
2.031600 
2.033000 
2.033300 
2.033300 
2.033800 
2.034600 
2.036200 
2.038200 
2.039000 
2.040800 
2.041200 
2.041400 
2.042900 
2.043000 
2.044000 
2.045400 
2.046300 
2.047900 
2.048800 
2.049400 
2.049600 
2.051600 
2.052600 
2.054700 
2.058000 
2.058100 
2.058700 
2.059200 
2.059700 
2.061100 
2.061900 
2.062100 
2.062800 
2.067300 
2.067500 
2.069900 
2.072700 
2.073800 
2.073900 
2.075200 
2.075300 
2.075400 
2.076800 
2.077600 
2.078300 
2.079400 
2.079800 
2.079900 
2.080000 
2.081300 
2.082800 
2.088200 
2.088200 
2.089100 
2.089400 
2.090500 
2.090500 
2.090700 
2.091800 
2.095600 
2.095700 
2.096100 
2.096100 
2.096300 
2.098500 
2.099800 
2.101400 
2.102200 
2.103100 
2.103400 
2.104600 
2.105800 
2.107400 
2.107600 
2.110400 
2.111200 
2.112800 
2.113000 
2.114100 
2.117600 
2.120600 
2.120800 
2.121000 
2.121500 
2.121900 
2.122200 
2.122500 
2.124200 
2.124300 
2.124600 
2.126900 
2.127100 
2.127400 
2.130500 
2.131100 
2.131300 
2.133500 
2.134200 
2.138500 
2.139200 
2.139600 
2.141500 
2.141700 
2.142200 
2.142800 
2.143500 
2.144300 
2.145500 
2.146500 
2.146600 
2.146700 
2.147100 
2.147400 
2.147700 
2.148200 
2.148600 
2.149700 
2.149900 
2.151000 
2.152300 
2.152400 
2.152400 
2.153500 
2.157300 
2.159100 
2.159300 
2.160000 
2.161000 
2.161200 
2.162600 
2.163400 
2.163500 
2.164800 
2.166000 
2.166900 
2.167800 
2.170100 
2.173900 
2.175400 
2.180600 
2.182700 
2.183700 
2.183900 
2.184600 
2.185600 
2.185900 
2.187600 
2.188400 
2.194200 
2.194900 
2.195100 
2.195500 
2.197200 
2.199800 
2.201700 
2.202600 
2.203100 
2.205200 
2.206100 
2.206500 
2.206800 
2.208300 
2.208900 
2.209600 
2.210300 
2.210400 
2.213300 
2.213500 
2.214400 
2.214900 
2.215700 
2.216700 
2.217000 
2.217500 
2.217700 
2.219200 
2.222400 
2.223100 
2.223200 
2.225100 
2.226400 
2.227600 
2.229100 
2.229700 
2.232100 
2.232300 
2.235400 
2.235800 
2.236100 
2.236100 
2.239100 
2.239700 
2.241800 
2.242700 
2.242900 
2.244700 
2.244700 
2.252200 
2.252900 
2.254500 
2.257300 
2.260700 
2.261200 
2.262200 
2.262300 
2.263100 
2.263800 
2.264500 
2.264500 
2.264700 
2.265400 
2.265900 
2.266800 
2.267100 
2.267400 
2.268000 
2.268800 
2.268900 
2.272300 
2.274000 
2.274600 
2.276100 
2.276300 
2.276700 
2.276800 
2.278300 
2.278400 
2.278400 
2.280700 
2.281000 
2.282600 
2.283500 
2.285600 
2.285700 
2.286300 
2.287700 
2.291500 
2.291600 
2.292400 
2.292600 
2.292600 
2.293400 
2.294500 
2.295000 
2.295100 
2.296300 
2.296800 
2.298100 
2.298600 
2.300200 
2.301200 
2.301700 
2.302100 
2.304300 
2.307000 
2.307300 
2.308100 
2.308200 
2.311000 
2.311400 
2.311500 
2.312400 
2.312600 
2.313100 
2.313400 
2.315300 
2.315600 
2.315800 
2.316300 
2.317000 
2.317100 
2.319600 
2.321600 
2.322400 
2.324700 
2.325200 
2.325300 
2.326700 
2.329300 
2.329700 
2.331400 
2.332000 
2.333300 
2.335800 
2.338700 
2.341100 
2.341300 
2.341500 
2.342100 
2.343900 
2.344500 
2.346200 
2.349100 
2.349700 
2.351000 
2.352200 
2.352400 
2.352400 
2.352700 
2.354400 
2.358400 
2.361200 
2.362300 
2.363900 
2.365500 
2.366000 
2.366700 
2.368700 
2.369000 
2.369400 
2.369700 
2.371100 
2.371800 
2.372100 
2.372400 
2.373100 
2.373300 
2.373700 
2.375800 
2.377300 
2.379500 
2.379800 
2.380400 
2.380800 
2.381400 
2.383600 
2.385100 
2.385600 
2.387200 
2.388800 
2.389200 
2.390800 
2.392900 
2.395500 
2.395700 
2.397700 
2.400500 
2.401200 
2.401700 
2.401800 
2.402600 
2.403900 
2.404400 
2.406600 
2.406900 
2.410300 
2.410400 
2.411500 
2.413400 
2.414600 
2.416500 
2.416700 
2.416700 
2.417200 
2.417600 
2.418700 
2.419600 
2.420400 
2.421600 
2.423200 
2.424100 
2.424700 
2.425200 
2.425700 
2.426800 
2.427000 
2.427500 
2.427600 
2.428200 
2.429600 
2.429700 
2.429700 
2.430100 
2.431300 
2.431700 
2.432300 
2.434800 
2.434900 
2.438200 
2.438900 
2.441000 
2.441200 
2.442000 
2.442500 
2.442700 
2.443400 
2.443600 
2.443800 
2.444800 
2.445100 
2.445500 
2.445600 
2.448400 
2.448700 
2.449200 
2.450200 
2.450500 
2.452300 
2.452900 
2.453200 
2.453800 
2.454200 
2.454800 
2.455500 
2.455500 
2.455600 
2.455700 
2.455700 
2.456200 
2.456900 
2.457800 
2.460000 
2.460200 
2.461800 
2.462300 
2.463700 
2.465400 
2.465700 
2.465700 
2.467100 
2.467100 
2.468200 
2.469300 
2.469800 
2.470000 
2.470000 
2.470100 
2.471200 
2.474300 
2.474300 
2.478400 
2.479600 
2.481000 
2.481400 
2.483400 
2.483500 
2.485500 
2.486400 
2.487700 
2.490500 
2.491100 
2.492500 
2.493100 
2.493600 
2.494200 
2.494700 
2.494800 
2.495000 
2.495200 
2.495400 
2.498500 
2.501900 
2.502600 
2.503800 
2.504100 
2.504200 
2.505100 
2.505200 
2.507000 
2.507200 
2.507600 
2.508900 
2.510900 
2.511100 
2.512100 
2.512300 
2.513200 
2.514100 
2.515700 
2.517600 
2.517800 
2.520700 
2.521500 
2.521600 
2.522800 
2.523400 
2.523700 
2.526000 
2.526100 
2.528000 
2.530200 
2.531300 
2.532300 
2.535400 
2.537600 
2.538000 
2.542400 
2.542600 
2.542700 
2.545000 
2.546200 
2.549000 
2.549500 
2.549700 
2.551000 
2.551700 
2.556100 
2.556400 
2.559100 
2.559300 
2.559300 
2.559900 
2.561800 
2.562400 
2.563600 
2.565200 
2.567100 
2.569600 
2.570500 
2.570500 
2.570800 
2.570900 
2.572100 
2.573400 
2.573800 
2.573900 
2.574500 
2.575300 
2.575500 
2.575600 
2.577000 
2.577100 
2.578600 
2.579700 
2.581600 
2.581600 
2.585500 
2.586800 
2.588000 
2.588100 
2.588800 
2.588900 
2.590000 
2.590500 
2.591100 
2.592000 
2.592400 
2.593800 
2.594900 
2.595500 
2.596900 
2.600400 
2.603400 
2.607600 
2.607800 
2.607900 
2.608300 
2.608700 
2.609600 
2.610600 
2.611200 
2.611800 
2.612100 
2.615800 
2.619100 
2.619100 
2.619300 
2.620300 
2.620700 
2.621200 
2.621500 
2.621600 
2.622200 
2.622500 
2.623200 
2.623600 
2.623900 
2.624100 
2.626100 
2.626700 
2.627100 
2.627600 
2.628100 
2.628200 
2.628800 
2.629200 
2.633000 
2.636900 
2.637600 
2.640300 
2.641900 
2.642200 
2.642300 
2.642400 
2.643400 
2.643500 
2.644700 
2.646100 
2.647900 
2.649500 
2.649900 
2.651100 
2.652700 
2.655700 
2.657300 
2.657800 
2.660000 
2.660300 
2.660500 
2.661600 
2.661800 
2.662900 
2.663100 
2.664200 
2.664800 
2.664900 
2.666200 
2.667700 
2.668300 
2.668400 
2.668600 
2.669100 
2.670800 
2.672000 
2.673100 
2.675000 
2.675600 
2.677000 
2.678500 
2.679200 
2.679200 
2.679500 
2.681000 
2.681400 
2.682200 
2.684200 
2.685500 
2.686100 
2.689900 
2.690300 
2.691300 
2.693900 
2.705600 
2.705800 
2.708600 
2.709300 
2.711100 
2.711300 
2.711400 
2.714600 
2.715600 
2.715600 
2.716600 
2.717600 
2.718300 
2.719400 
2.720700 
2.723100 
2.724500 
2.725400 
2.727600 
2.730100 
2.730700 
2.732900 
2.733800 
2.733900 
2.734900 
2.737600 
2.740000 
2.741500 
2.741800 
2.741900 
2.744800 
2.745300 
2.751200 
2.751300 
2.754100 
2.754400 
2.757500 
2.762200 
2.763100 
2.764400 
2.765300 
2.766500 
2.766700 
2.766900 
2.768500 
2.769100 
2.769400 
2.769500 
2.770500 
2.773700 
2.774700 
2.775400 
2.780100 
2.780600 
2.781500 
2.781600 
2.784200 
2.784200 
2.785000 
2.785600 
2.788800 
2.790900 
2.791500 
2.791500 
2.792700 
2.793100 
2.794800 
2.795200 
2.798000 
2.798800 
2.798900 
2.798900 
2.799600 
2.799700 
2.800000 
2.801600 
2.802800 
2.803700 
2.804100 
2.806000 
2.806200 
2.806400 
2.809200 
2.810700 
2.810700 
2.812400 
2.814700 
2.815600 
2.816500 
2.816900 
2.817700 
2.818700 
2.819300 
2.819300 
2.820400 
2.820600 
2.822000 
2.822100 
2.822200 
2.822900 
2.823400 
2.824700 
2.828800 
2.829700 
2.830600 
2.830700 
2.831100 
2.831300 
2.832000 
2.832100 
2.833600 
2.834600 
2.835300 
2.835500 
2.840100 
2.841100 
2.843300 
2.843500 
2.843600 
2.844500 
2.845800 
2.846900 
2.847000 
2.848200 
2.848600 
2.849600 
2.850000 
2.850300 
2.851200 
2.851200 
2.851400 
2.851800 
2.851800 
2.852200 
2.856000 
2.858200 
2.862400 
2.862500 
2.862800 
2.867800 
2.868700 
2.869000 
2.872100 
2.872300 
2.873000 
2.875000 
2.876500 
2.877400 
2.878700 
2.879800 
2.881200 
2.881600 
2.883300 
2.887100 
2.890000 
2.893800 
2.894000 
2.894300 
2.895200 
2.896300 
2.896600 
2.896800 
2.897400 
2.899300 
2.900000 
2.900300 
2.901000 
2.901300 
2.901300 
2.904900 
2.905500 
2.906300 
2.909100 
2.909600 
2.910800 
2.911500 
2.913700 
2.913700 
2.915500 
2.916000 
2.918000 
2.920600 
2.921400 
2.923700 
2.924200 
2.924300 
2.927800 
2.928100 
2.929000 
2.929000 
2.929600 
2.933400 
2.933800 
2.934200 
2.934800 
2.935400 
2.936300 
2.936500 
2.937400 
2.938900 
2.940000 
2.943900 
2.946300 
2.946800 
2.948300 
2.948300 
2.948400 
2.949400 
2.950700 
2.951000 
2.951500 
2.953800 
2.954400 
2.957600 
2.958600 
2.960700 
2.961500 
2.962300 
2.963400 
2.964600 
2.964800 
2.967700 
2.969800 
2.970000 
2.970300 
2.971300 
2.972700 
2.973500 
2.973600 
2.973900 
2.975800 
2.976700 
2.976800 
2.978600 
2.978600 
2.979600 
2.979900 
2.980200 
2.980500 
2.980700 
2.981700 
2.982900 
2.983400 
2.983600 
2.985300 
2.985600 
2.987000 
2.989600 
2.990700 
2.991100 
2.991700 
2.992900 
2.993700 
2.995400 
2.997900 
2.998700 
2.999000 
2.999900 
