0.036200 
0.040100 
0.041900 
0.042200 
0.046500 
0.051700 
0.052900 
0.053200 
0.054100 
0.061000 
0.072800 
0.078500 
0.080000 
0.080600 
0.081700 
0.085300 
0.088600 
0.089400 
0.090200 
0.092700 
0.093700 
0.095900 
0.097200 
0.099700 
0.101800 
0.103100 
0.104000 
0.109600 
0.111400 
0.117100 
0.119500 
0.119800 
0.124500 
0.126900 
0.127200 
0.133500 
0.134800 
0.135400 
0.135500 
0.136600 
0.137400 
0.141200 
0.141700 
0.142700 
0.144500 
0.145200 
0.148600 
0.155400 
0.159300 
0.160200 
0.162900 
0.163300 
0.164400 
0.166900 
0.167400 
0.170600 
0.173600 
0.174500 
0.175000 
0.176000 
0.180700 
0.181500 
0.183500 
0.186000 
0.187100 
0.189800 
0.193500 
0.194900 
0.196000 
0.196100 
0.197500 
0.200700 
0.201400 
0.201900 
0.206300 
0.208400 
0.212800 
0.212900 
0.213100 
0.214200 
0.219000 
0.222800 
0.223600 
0.226200 
0.229000 
0.229400 
0.229500 
0.230400 
0.231600 
0.232100 
0.232700 
0.235400 
0.236100 
0.240700 
0.245900 
0.248600 
0.254100 
0.259200 
0.262000 
0.266400 
0.266500 
0.268100 
0.272200 
0.273300 
0.276000 
0.280900 
0.281100 
0.283400 
0.284800 
0.285000 
0.285600 
0.287300 
0.292400 
0.301300 
0.301500 
0.302200 
0.302300 
0.303600 
0.304000 
0.306900 
0.308600 
0.309300 
0.309700 
0.313600 
0.314500 
0.314900 
0.315900 
0.320300 
0.320700 
0.324800 
0.326300 
0.331200 
0.332500 
0.333500 
0.334700 
0.337800 
0.339200 
0.341300 
0.342400 
0.344000 
0.351500 
0.352200 
0.353800 
0.356300 
0.359400 
0.360100 
0.361700 
0.362300 
0.362700 
0.364100 
0.371400 
0.371700 
0.373800 
0.375400 
0.379000 
0.379500 
0.380000 
0.380600 
0.381200 
0.386400 
0.387500 
0.389500 
0.398100 
0.399400 
0.400300 
0.401900 
0.406100 
0.407900 
0.411100 
0.412300 
0.412600 
0.414500 
0.419800 
0.420900 
0.421200 
0.422000 
0.422500 
0.423600 
0.424700 
0.426700 
0.429100 
0.436000 
0.439400 
0.442900 
0.451600 
0.451600 
0.453600 
0.455300 
0.459400 
0.460200 
0.462800 
0.467600 
0.469400 
0.470100 
0.473700 
0.476200 
0.478000 
0.480300 
0.481700 
0.483200 
0.485600 
0.485800 
0.491200 
0.491900 
0.494300 
0.494600 
0.495500 
0.499900 
0.501200 
0.502000 
0.502300 
0.503500 
0.505300 
0.517500 
0.521000 
0.523500 
0.532700 
0.532800 
0.533300 
0.533400 
0.534200 
0.534600 
0.536600 
0.536900 
0.539500 
0.542700 
0.545700 
0.553100 
0.559800 
0.560300 
0.560400 
0.561000 
0.564800 
0.567300 
0.567700 
0.569200 
0.570100 
0.571800 
0.584600 
0.586200 
0.587900 
0.588800 
0.589100 
0.591600 
0.591600 
0.595700 
0.596300 
0.597800 
0.600900 
0.603300 
0.603600 
0.603900 
0.608800 
0.610300 
0.610900 
0.612200 
0.613500 
0.615900 
0.616800 
0.617800 
0.620700 
0.620800 
0.625000 
0.626900 
0.629100 
0.629600 
0.633200 
0.634600 
0.637300 
0.645300 
0.645500 
0.650600 
0.653100 
0.655600 
0.655900 
0.663200 
0.667500 
0.668600 
0.670300 
0.670600 
0.670600 
0.672100 
0.674100 
0.674100 
0.674100 
0.676300 
0.677800 
0.679100 
0.679800 
0.679900 
0.691000 
0.692800 
0.695500 
0.698100 
0.698500 
0.700500 
0.702500 
0.703300 
0.707500 
0.708400 
0.711200 
0.717200 
0.717600 
0.726400 
0.726900 
0.732300 
0.733600 
0.735100 
0.735900 
0.739900 
0.740200 
0.742300 
0.747700 
0.748500 
0.750800 
0.751900 
0.752300 
0.752800 
0.753300 
0.756100 
0.757900 
0.763000 
0.765300 
0.765400 
0.766100 
0.767800 
0.768700 
0.770900 
0.772900 
0.775000 
0.780800 
0.781600 
0.783200 
0.789100 
0.792500 
0.794000 
0.794100 
0.797800 
0.798700 
0.799200 
0.800700 
0.808100 
0.814300 
0.814900 
0.816400 
0.819400 
0.823000 
0.823300 
0.825800 
0.826100 
0.826100 
0.827300 
0.829200 
0.832100 
0.833700 
0.834800 
0.837300 
0.839400 
0.843100 
0.844100 
0.848500 
0.849600 
0.850300 
0.853800 
0.853900 
0.857100 
0.857800 
0.858000 
0.860800 
0.861100 
0.863100 
0.863300 
0.863500 
0.864600 
0.867600 
0.868500 
0.874800 
0.877200 
0.888300 
0.890500 
0.890900 
0.892500 
0.893300 
0.894300 
0.897900 
0.905700 
0.905700 
0.906200 
0.908300 
0.912500 
0.913900 
0.915600 
0.915800 
0.917700 
0.917900 
0.917900 
0.918700 
0.921000 
0.922500 
0.928000 
0.928400 
0.932500 
0.934800 
0.936000 
0.936600 
0.936900 
0.937400 
0.941500 
0.941700 
0.947800 
0.950300 
0.953700 
0.954300 
0.957600 
0.957800 
0.959600 
0.964200 
0.964500 
0.969200 
0.973700 
0.974800 
0.975800 
0.977600 
0.979200 
0.981500 
0.981700 
0.982200 
0.982200 
0.985700 
0.992500 
0.992600 
0.994500 
0.994900 
0.995000 
0.995600 
0.995700 
0.996900 
0.998600 
1.000200 
1.000800 
1.001800 
1.002600 
1.003900 
1.005500 
1.006300 
1.011400 
1.012100 
1.013600 
1.015400 
1.020400 
1.020400 
1.020500 
1.022800 
1.031600 
1.035600 
1.036800 
1.039400 
1.046100 
1.047600 
1.050800 
1.051200 
1.051800 
1.056100 
1.056800 
1.057000 
1.057500 
1.057800 
1.059500 
1.062300 
1.064200 
1.064400 
1.065900 
1.066900 
1.067200 
1.073800 
1.075900 
1.082700 
1.085900 
1.087600 
1.088000 
1.091500 
1.092500 
1.093200 
1.095200 
1.095800 
1.098600 
1.100700 
1.101900 
1.101900 
1.106800 
1.110100 
1.110400 
1.112700 
1.114800 
1.116800 
1.119000 
1.121100 
1.121500 
1.123000 
1.126700 
1.130100 
1.143500 
1.143600 
1.143800 
1.144200 
1.148100 
1.148500 
1.148700 
1.148900 
1.149600 
1.153300 
1.155200 
1.156100 
1.159200 
1.159900 
1.161100 
1.163700 
1.165900 
1.168600 
1.174000 
1.176100 
1.180100 
1.183400 
1.187100 
1.187300 
1.189100 
1.192300 
1.194800 
1.195300 
1.198900 
1.200400 
1.202100 
1.203200 
1.203400 
1.203900 
1.204000 
1.205300 
1.205500 
1.207900 
1.216100 
1.217800 
1.219400 
1.219700 
1.221700 
1.222900 
1.224400 
1.227900 
1.228200 
1.235700 
1.237500 
1.238800 
1.239000 
1.239600 
1.244100 
1.244800 
1.247500 
1.249600 
1.252400 
1.258700 
1.259100 
1.260800 
1.265100 
1.266100 
1.266200 
1.266600 
1.266700 
1.267100 
1.269800 
1.271700 
1.274800 
1.281400 
1.281800 
1.283300 
1.284100 
1.284400 
1.287900 
1.290200 
1.291300 
1.293200 
1.295000 
1.298700 
1.299100 
1.300900 
1.303300 
1.307100 
1.312900 
1.313600 
1.315900 
1.316800 
1.317700 
1.318900 
1.319300 
1.319900 
1.321100 
1.322300 
1.323200 
1.323600 
1.323800 
1.324300 
1.326700 
1.326800 
1.327200 
1.329300 
1.329300 
1.330200 
1.332800 
1.335400 
1.341500 
1.342100 
1.342500 
1.348400 
1.353100 
1.355300 
1.355500 
1.356700 
1.357600 
1.360900 
1.362900 
1.368800 
1.373800 
1.378100 
1.378500 
1.379800 
1.380000 
1.382700 
1.383000 
1.385700 
1.386900 
1.387400 
1.388900 
1.389800 
1.393900 
1.398300 
1.399900 
1.400000 
1.404100 
1.406600 
1.411100 
1.414100 
1.415100 
1.416500 
1.418400 
1.419500 
1.420300 
1.420700 
1.422800 
1.428200 
1.433600 
1.434900 
1.435000 
1.436100 
1.436200 
1.439300 
1.448700 
1.451500 
1.451700 
1.452100 
1.452800 
1.453400 
1.453700 
1.454000 
1.455400 
1.456200 
1.461300 
1.466700 
1.471300 
1.472600 
1.473100 
1.475200 
1.476000 
1.479700 
1.482400 
1.485200 
1.485300 
1.488000 
1.488000 
1.490300 
1.491600 
1.491700 
1.493600 
1.493800 
1.494200 
1.497000 
1.500500 
1.501600 
1.502000 
1.505800 
1.505800 
1.511000 
1.511100 
1.511400 
1.511400 
1.512900 
1.517600 
1.518700 
1.520100 
1.525700 
1.526400 
1.527100 
1.528500 
1.530500 
1.531800 
1.532700 
1.534400 
1.537200 
1.537400 
1.541200 
1.542200 
1.543500 
1.546200 
1.548100 
1.548800 
1.550600 
1.553200 
1.554200 
1.562300 
1.562600 
1.566100 
1.566200 
1.567300 
1.569900 
1.573500 
1.576100 
1.579100 
1.579500 
1.579800 
1.580200 
1.580800 
1.581100 
1.581800 
1.582100 
1.584700 
1.585700 
1.586800 
1.586900 
1.588300 
1.589300 
1.590700 
1.591700 
1.596600 
1.600300 
1.604100 
1.607500 
1.609700 
1.611600 
1.612200 
1.614300 
1.617900 
1.620600 
1.621900 
1.624800 
1.625700 
1.626200 
1.626800 
1.629100 
1.629200 
1.636500 
1.642900 
1.643600 
1.645300 
1.646400 
1.648900 
1.653500 
1.653800 
1.655100 
1.658900 
1.665100 
1.666100 
1.669600 
1.670800 
1.672100 
1.676700 
1.679100 
1.679200 
1.680700 
1.681400 
1.683500 
1.684800 
1.685100 
1.687300 
1.689000 
1.690700 
1.691300 
1.692600 
1.694700 
1.703700 
1.704200 
1.705600 
1.706800 
1.707300 
1.708800 
1.709000 
1.709600 
1.711300 
1.712100 
1.712900 
1.713600 
1.716500 
1.717000 
1.722600 
1.725400 
1.726800 
1.728200 
1.730600 
1.731000 
1.732100 
1.734100 
1.736500 
1.736800 
1.739700 
1.746700 
1.747100 
1.748100 
1.750900 
1.750900 
1.751500 
1.752600 
1.757500 
1.758400 
1.759800 
1.761500 
1.762000 
1.765900 
1.767200 
1.769600 
1.771000 
1.771500 
1.771600 
1.774400 
1.777700 
1.782600 
1.784800 
1.785000 
1.787000 
1.788000 
1.788800 
1.789900 
1.790600 
1.791400 
1.798200 
1.803900 
1.807400 
1.811900 
1.812700 
1.812800 
1.814700 
1.815400 
1.819400 
1.823100 
1.825600 
1.826000 
1.826900 
1.828100 
1.828300 
1.829500 
1.840800 
1.843700 
1.845100 
1.846100 
1.847100 
1.847700 
1.851000 
1.853700 
1.854100 
1.857600 
1.859500 
1.860600 
1.860700 
1.861600 
1.862800 
1.863200 
1.864000 
1.866100 
1.870100 
1.870500 
1.878300 
1.888100 
1.888300 
1.889000 
1.889400 
1.894900 
1.899600 
1.907700 
1.908300 
1.908700 
1.910600 
1.912000 
1.912300 
1.913800 
1.914100 
1.918500 
1.921900 
1.922600 
1.928000 
1.929500 
1.929600 
1.930700 
1.932200 
1.932800 
1.934300 
1.939000 
1.939600 
1.942800 
1.943300 
1.947200 
1.948100 
1.955900 
1.957100 
1.959200 
1.961500 
1.962100 
1.962900 
1.968200 
1.970800 
1.974500 
1.975800 
1.977000 
1.977400 
1.977900 
1.979500 
1.981300 
1.983700 
1.984200 
1.985800 
1.986700 
1.989800 
1.991900 
1.992400 
1.994500 
1.994700 
2.000000 
2.001900 
2.006500 
2.007300 
2.009400 
2.009600 
2.017200 
2.019900 
2.023400 
2.025000 
2.026900 
2.028300 
2.029000 
2.031800 
2.036000 
2.040900 
2.042600 
2.046200 
2.046500 
2.047000 
2.047400 
2.047800 
2.048000 
2.048800 
2.049100 
2.051500 
2.052200 
2.055400 
2.057000 
2.058100 
2.058900 
2.058900 
2.060500 
2.060900 
2.062400 
2.071200 
2.075100 
2.075500 
2.076200 
2.077400 
2.083200 
2.083900 
2.084700 
2.084800 
2.088900 
2.091600 
2.091900 
2.093300 
2.094200 
2.099300 
2.101200 
2.107900 
2.109800 
2.111300 
2.112500 
2.115900 
2.117600 
2.118900 
2.119700 
2.120700 
2.122800 
2.128200 
2.128500 
2.128700 
2.129600 
2.130200 
2.130800 
2.137500 
2.146800 
2.147100 
2.147600 
2.151600 
2.151900 
2.152300 
2.153900 
2.157300 
2.157700 
2.157700 
2.158300 
2.158300 
2.158400 
2.159700 
2.160500 
2.163300 
2.167500 
2.173400 
2.173800 
2.177000 
2.177200 
2.178400 
2.178800 
2.183500 
2.186600 
2.187100 
2.188000 
2.190200 
2.192300 
2.193700 
2.194100 
2.194700 
2.195300 
2.204000 
2.209700 
2.212600 
2.213900 
2.214100 
2.215900 
2.216000 
2.219000 
2.223600 
2.224700 
2.225800 
2.226900 
2.228000 
2.229000 
2.230900 
2.231300 
2.235700 
2.236900 
2.237400 
2.237400 
2.239700 
2.240500 
2.250800 
2.252300 
2.255300 
2.256900 
2.257300 
2.264400 
2.268100 
2.268300 
2.269800 
2.270900 
2.270900 
2.272500 
2.274900 
2.275600 
2.276300 
2.276300 
2.279100 
2.279400 
2.280400 
2.283100 
2.283200 
2.285800 
2.287200 
2.287400 
2.295900 
2.297700 
2.299100 
2.305700 
2.306500 
2.306600 
2.307500 
2.307800 
2.309300 
2.311500 
2.314100 
2.314500 
2.318600 
2.320300 
2.321900 
2.322100 
2.326900 
2.332000 
2.337600 
2.338500 
2.339100 
2.340900 
2.341500 
2.343000 
2.346300 
2.349000 
2.349700 
2.350000 
2.353000 
2.353500 
2.354000 
2.355200 
2.356200 
2.357500 
2.357700 
2.358200 
2.358700 
2.358700 
2.360000 
2.362400 
2.363900 
2.364200 
2.368900 
2.373400 
2.378400 
2.378500 
2.380800 
2.382800 
2.383100 
2.384100 
2.386400 
2.386700 
2.388500 
2.392700 
2.393300 
2.395400 
2.396200 
2.398000 
2.399600 
2.402500 
2.403700 
2.403900 
2.404700 
2.407800 
2.408200 
2.411200 
2.412200 
2.418000 
2.420600 
2.421700 
2.422100 
2.422700 
2.432400 
2.435700 
2.435900 
2.437500 
2.440400 
2.442200 
2.443700 
2.446000 
2.450600 
2.456200 
2.458700 
2.461700 
2.462700 
2.464600 
2.464900 
2.469500 
2.470500 
2.472100 
2.474200 
2.474700 
2.477700 
2.481100 
2.484900 
2.489200 
2.490500 
2.497800 
2.497900 
2.499200 
2.500500 
2.500800 
2.501600 
2.504500 
2.505100 
2.507300 
2.508200 
2.508800 
2.509200 
2.509800 
2.510100 
2.513300 
2.515900 
2.519300 
2.519500 
2.520900 
2.523000 
2.523700 
2.528600 
2.537400 
2.541700 
2.542700 
2.543100 
2.546000 
2.547100 
2.547200 
2.548000 
2.554000 
2.560700 
2.561200 
2.561600 
2.572600 
2.574500 
2.575400 
2.575900 
2.578000 
2.578800 
2.580400 
2.580500 
2.580600 
2.581600 
2.587300 
2.593500 
2.593700 
2.595500 
2.595700 
2.597200 
2.598100 
2.598800 
2.600100 
2.600800 
2.601900 
2.604300 
2.604900 
2.605300 
2.609500 
2.610500 
2.611800 
2.618000 
2.618100 
2.619200 
2.620800 
2.623700 
2.624300 
2.627200 
2.627500 
2.629400 
2.638600 
2.639900 
2.640700 
2.641200 
2.641300 
2.643000 
2.644400 
2.646500 
2.650400 
2.653600 
2.654600 
2.656200 
2.661100 
2.661100 
2.663100 
2.664600 
2.666700 
2.667100 
2.669400 
2.674100 
2.675900 
2.680700 
2.681100 
2.682300 
2.684400 
2.694200 
2.695900 
2.696300 
2.696300 
2.697500 
2.699600 
2.699900 
2.700200 
2.700200 
2.700200 
2.704400 
2.706200 
2.706300 
2.707300 
2.709100 
2.709500 
2.710600 
2.712000 
2.712100 
2.715900 
2.720200 
2.722000 
2.722500 
2.722600 
2.726100 
2.726200 
2.727600 
2.728500 
2.728900 
2.735200 
2.737000 
2.744900 
2.750900 
2.753100 
2.753300 
2.754900 
2.756500 
2.758600 
2.760800 
2.763500 
2.765700 
2.768900 
2.769100 
2.769700 
2.769800 
2.770800 
2.772900 
2.773400 
2.775100 
2.775200 
2.776100 
2.777900 
2.778500 
2.781000 
2.781300 
2.782800 
2.783500 
2.784800 
2.786900 
2.789100 
2.792900 
2.797600 
2.797900 
2.801700 
2.801800 
2.803100 
2.805100 
2.807300 
2.808900 
2.809200 
2.809600 
2.811900 
2.812000 
2.812700 
2.813900 
2.815000 
2.816100 
2.818500 
2.818800 
2.820200 
2.820700 
2.822900 
2.824700 
2.828900 
2.830800 
2.831400 
2.831600 
2.832700 
2.834000 
2.835900 
2.837100 
2.839300 
2.840500 
2.842700 
2.844200 
2.845300 
2.850800 
2.856200 
2.857900 
2.858300 
2.863800 
2.864200 
2.864800 
2.866400 
2.870100 
2.871300 
2.871600 
2.873600 
2.874500 
2.875300 
2.879700 
2.881600 
2.881900 
2.886400 
2.890100 
2.892100 
2.893300 
2.896600 
2.897500 
2.900500 
2.901000 
2.906100 
2.908300 
2.909800 
2.915800 
2.917400 
2.918200 
2.918400 
2.918800 
2.919900 
2.926200 
2.928300 
2.930600 
2.932000 
2.933400 
2.933400 
2.934600 
2.941900 
2.946900 
2.947600 
2.949300 
2.949600 
2.951600 
2.954900 
2.955300 
2.956400 
2.957600 
2.958300 
2.960500 
2.963200 
2.963800 
2.965300 
2.965300 
2.966400 
2.970200 
2.970700 
2.971700 
2.973300 
2.976300 
2.977900 
2.977900 
2.983500 
2.984200 
2.989600 
2.991900 
2.993300 
2.996500 
2.998200 
2.998900 
2.999200 
