0.030400 
0.039600 
0.040800 
0.045000 
0.045700 
0.047300 
0.048000 
0.049700 
0.053800 
0.053800 
0.054000 
0.054000 
0.054600 
0.055600 
0.056200 
0.056500 
0.057400 
0.057400 
0.057600 
0.058900 
0.059300 
0.060700 
0.060700 
0.061100 
0.064700 
0.065300 
0.067700 
0.072000 
0.073300 
0.073700 
0.074300 
0.076100 
0.076600 
0.077500 
0.082100 
0.082500 
0.087000 
0.090000 
0.092400 
0.093600 
0.093600 
0.096900 
0.099800 
0.100200 
0.100200 
0.100300 
0.100400 
0.103200 
0.103200 
0.103300 
0.104800 
0.106200 
0.107600 
0.107700 
0.110400 
0.112200 
0.113100 
0.114000 
0.114300 
0.119400 
0.123100 
0.124000 
0.126200 
0.128600 
0.128600 
0.130300 
0.131400 
0.132400 
0.134500 
0.134500 
0.135100 
0.135100 
0.135700 
0.136000 
0.137200 
0.138600 
0.139500 
0.141300 
0.141800 
0.143500 
0.143600 
0.145000 
0.145000 
0.145200 
0.145600 
0.146800 
0.148400 
0.148600 
0.149200 
0.152400 
0.155000 
0.155600 
0.157200 
0.157300 
0.158200 
0.158600 
0.163400 
0.163400 
0.163700 
0.164900 
0.167500 
0.167900 
0.169200 
0.171600 
0.175800 
0.175900 
0.177500 
0.179100 
0.180800 
0.182600 
0.184000 
0.184500 
0.185800 
0.186800 
0.187400 
0.194800 
0.196600 
0.197100 
0.202000 
0.202300 
0.202400 
0.203400 
0.206800 
0.207000 
0.207300 
0.207600 
0.207900 
0.212100 
0.215300 
0.216500 
0.217600 
0.218300 
0.221600 
0.223800 
0.225300 
0.225500 
0.226400 
0.228000 
0.229000 
0.229900 
0.233200 
0.233700 
0.235300 
0.236500 
0.237300 
0.237700 
0.237900 
0.238200 
0.239000 
0.239400 
0.241000 
0.247200 
0.248500 
0.249700 
0.253100 
0.259100 
0.259500 
0.260000 
0.260300 
0.261900 
0.263300 
0.264000 
0.265500 
0.265600 
0.266400 
0.268200 
0.268300 
0.275200 
0.275500 
0.275600 
0.275700 
0.276800 
0.281600 
0.282400 
0.284100 
0.286500 
0.287000 
0.288300 
0.291400 
0.295300 
0.295400 
0.295500 
0.297400 
0.297800 
0.298500 
0.302200 
0.306100 
0.306200 
0.308000 
0.308200 
0.310000 
0.311100 
0.311100 
0.311400 
0.311500 
0.312700 
0.315500 
0.317800 
0.319800 
0.321200 
0.322500 
0.324700 
0.325000 
0.325200 
0.325400 
0.326400 
0.327600 
0.327900 
0.331800 
0.335300 
0.336000 
0.337300 
0.337900 
0.339900 
0.340200 
0.340300 
0.340300 
0.340600 
0.340600 
0.340900 
0.342400 
0.343200 
0.343400 
0.344500 
0.348400 
0.348900 
0.350600 
0.353800 
0.354700 
0.356900 
0.357600 
0.359600 
0.366000 
0.368600 
0.372200 
0.373900 
0.375900 
0.376300 
0.377200 
0.377700 
0.378500 
0.378900 
0.380900 
0.381600 
0.381700 
0.382000 
0.382300 
0.383200 
0.386500 
0.390400 
0.395600 
0.396000 
0.398200 
0.402600 
0.405500 
0.405700 
0.405900 
0.408500 
0.409700 
0.410100 
0.414600 
0.414900 
0.416100 
0.416700 
0.416800 
0.417600 
0.418100 
0.419300 
0.420500 
0.420700 
0.420900 
0.422100 
0.423200 
0.426400 
0.427100 
0.428900 
0.430500 
0.431300 
0.431800 
0.432400 
0.433000 
0.433200 
0.437300 
0.438100 
0.440100 
0.441100 
0.443900 
0.445900 
0.446000 
0.450200 
0.450700 
0.451600 
0.452200 
0.452800 
0.453600 
0.454200 
0.454300 
0.455500 
0.456300 
0.459400 
0.462300 
0.463200 
0.467500 
0.467900 
0.468000 
0.468900 
0.472600 
0.473300 
0.474100 
0.478200 
0.478400 
0.480600 
0.480900 
0.482400 
0.486100 
0.488100 
0.488900 
0.489800 
0.490200 
0.490800 
0.492800 
0.493600 
0.493600 
0.495700 
0.496200 
0.496400 
0.496500 
0.497900 
0.498900 
0.499400 
0.499600 
0.506200 
0.509000 
0.509800 
0.513300 
0.514600 
0.518000 
0.520500 
0.520600 
0.523700 
0.523800 
0.524600 
0.529800 
0.530700 
0.530900 
0.532700 
0.535300 
0.537100 
0.537300 
0.542100 
0.542700 
0.542900 
0.543600 
0.543800 
0.544200 
0.544400 
0.545800 
0.547500 
0.548800 
0.548800 
0.549200 
0.550200 
0.553600 
0.555200 
0.555300 
0.556500 
0.556600 
0.556900 
0.557100 
0.558600 
0.559700 
0.560400 
0.562300 
0.563600 
0.564700 
0.566900 
0.567000 
0.567600 
0.567700 
0.570000 
0.572500 
0.573300 
0.574300 
0.575000 
0.575400 
0.578400 
0.585400 
0.585700 
0.585900 
0.589100 
0.589800 
0.594100 
0.598700 
0.599000 
0.600200 
0.601200 
0.603600 
0.604000 
0.604800 
0.609800 
0.610100 
0.611900 
0.612000 
0.615300 
0.618800 
0.618900 
0.620300 
0.621100 
0.621200 
0.621300 
0.622900 
0.624400 
0.628400 
0.629400 
0.630600 
0.633700 
0.634400 
0.638200 
0.639000 
0.639100 
0.641000 
0.644300 
0.649000 
0.649400 
0.649800 
0.650900 
0.655000 
0.655900 
0.658400 
0.658500 
0.658600 
0.661100 
0.661300 
0.663400 
0.663700 
0.666500 
0.667000 
0.669000 
0.670200 
0.670400 
0.671000 
0.674100 
0.675600 
0.676500 
0.679500 
0.680400 
0.681200 
0.684000 
0.684200 
0.686100 
0.687300 
0.688400 
0.696000 
0.697300 
0.698900 
0.700500 
0.700500 
0.702000 
0.702500 
0.705100 
0.705300 
0.707200 
0.710700 
0.712600 
0.713800 
0.714100 
0.718100 
0.718300 
0.719700 
0.720600 
0.720700 
0.721400 
0.725400 
0.726300 
0.728100 
0.730300 
0.732700 
0.733300 
0.733600 
0.733700 
0.734300 
0.735700 
0.736800 
0.737500 
0.737700 
0.738900 
0.742200 
0.742900 
0.745400 
0.746000 
0.746600 
0.747100 
0.747700 
0.749800 
0.750600 
0.753200 
0.753700 
0.756400 
0.757500 
0.757800 
0.758400 
0.758600 
0.758900 
0.760100 
0.760700 
0.762500 
0.765100 
0.765400 
0.767700 
0.768500 
0.768700 
0.769800 
0.773000 
0.773100 
0.774500 
0.777700 
0.780300 
0.783600 
0.783900 
0.784000 
0.785400 
0.790300 
0.790400 
0.791400 
0.792000 
0.792100 
0.796400 
0.798700 
0.799600 
0.800300 
0.802500 
0.803200 
0.804200 
0.805200 
0.808700 
0.809200 
0.809600 
0.813100 
0.815900 
0.816100 
0.816200 
0.816400 
0.816900 
0.818500 
0.820100 
0.820200 
0.821100 
0.821400 
0.821500 
0.821800 
0.822200 
0.824500 
0.830700 
0.831600 
0.833000 
0.833200 
0.833200 
0.833700 
0.833700 
0.836800 
0.837300 
0.838800 
0.839100 
0.839500 
0.839500 
0.839800 
0.840900 
0.841600 
0.846200 
0.846900 
0.847700 
0.851300 
0.851400 
0.852400 
0.855500 
0.855900 
0.857300 
0.859600 
0.860800 
0.861400 
0.862800 
0.866100 
0.868600 
0.871100 
0.877300 
0.877800 
0.878200 
0.879800 
0.881400 
0.881900 
0.882400 
0.882400 
0.883100 
0.883900 
0.886700 
0.891400 
0.892800 
0.895000 
0.896300 
0.898700 
0.899200 
0.899400 
0.902400 
0.902900 
0.903500 
0.903800 
0.906600 
0.907000 
0.909000 
0.914400 
0.914900 
0.915300 
0.918200 
0.922800 
0.923500 
0.923700 
0.925700 
0.927100 
0.927300 
0.929200 
0.932300 
0.933000 
0.933000 
0.935100 
0.938400 
0.938600 
0.939000 
0.941700 
0.942400 
0.942800 
0.944200 
0.946700 
0.947600 
0.952900 
0.955000 
0.955200 
0.957100 
0.958000 
0.962500 
0.963000 
0.964400 
0.965800 
0.967100 
0.969800 
0.971200 
0.971600 
0.971700 
0.972500 
0.972600 
0.972900 
0.973900 
0.976100 
0.976200 
0.976800 
0.980100 
0.982100 
0.982400 
0.983200 
0.983700 
0.984000 
0.986500 
0.988200 
0.991700 
0.993100 
0.994600 
0.997600 
0.997800 
0.999200 
1.000600 
1.001900 
1.002000 
1.004900 
1.008000 
1.008200 
1.010200 
1.011500 
1.011900 
1.014100 
1.014200 
1.015700 
1.016100 
1.016300 
1.019700 
1.024200 
1.025400 
1.027100 
1.027800 
1.028400 
1.029400 
1.032200 
1.035900 
1.037300 
1.039800 
1.040700 
1.040700 
1.041600 
1.042000 
1.042200 
1.042400 
1.044700 
1.045200 
1.047100 
1.047200 
1.049700 
1.050000 
1.050400 
1.054000 
1.054600 
1.055000 
1.056100 
1.056700 
1.057400 
1.059600 
1.062600 
1.063800 
1.065700 
1.066400 
1.066500 
1.066800 
1.067800 
1.068000 
1.068300 
1.068500 
1.072100 
1.072300 
1.074100 
1.074300 
1.074900 
1.077500 
1.077600 
1.078400 
1.083500 
1.088300 
1.088900 
1.090700 
1.092000 
1.095100 
1.095600 
1.098300 
1.098900 
1.099600 
1.100100 
1.100500 
1.101600 
1.102900 
1.102900 
1.104300 
1.105000 
1.105000 
1.107400 
1.108200 
1.108800 
1.109700 
1.110200 
1.115500 
1.115600 
1.115900 
1.117200 
1.117900 
1.118900 
1.120000 
1.122900 
1.126600 
1.130400 
1.130600 
1.130900 
1.131200 
1.131800 
1.136200 
1.137000 
1.138000 
1.138100 
1.139100 
1.140400 
1.142800 
1.146500 
1.149800 
1.152000 
1.155600 
1.155700 
1.157100 
1.158000 
1.159000 
1.159300 
1.162700 
1.163100 
1.163800 
1.164500 
1.164600 
1.165900 
1.167800 
1.170600 
1.171000 
1.172200 
1.181900 
1.182100 
1.182700 
1.184500 
1.185000 
1.186500 
1.186600 
1.187600 
1.189200 
1.190000 
1.191500 
1.191700 
1.192800 
1.193100 
1.194500 
1.194800 
1.200900 
1.202200 
1.203400 
1.204100 
1.204800 
1.205800 
1.207200 
1.208600 
1.209200 
1.210600 
1.211200 
1.211800 
1.213800 
1.214600 
1.216000 
1.216400 
1.219100 
1.219900 
1.220900 
1.223500 
1.225600 
1.226800 
1.229300 
1.229700 
1.230200 
1.230400 
1.231300 
1.231900 
1.234200 
1.236200 
1.243600 
1.244500 
1.245500 
1.245700 
1.250400 
1.250600 
1.250800 
1.252100 
1.253600 
1.253600 
1.255600 
1.255700 
1.256200 
1.256300 
1.261300 
1.261600 
1.261800 
1.262600 
1.264800 
1.265400 
1.266600 
1.271200 
1.271400 
1.274500 
1.277000 
1.277200 
1.282700 
1.285800 
1.286300 
1.289400 
1.289700 
1.289800 
1.290200 
1.290200 
1.292400 
1.292500 
1.294800 
1.296300 
1.301000 
1.305300 
1.308300 
1.309800 
1.312900 
1.315300 
1.318800 
1.319000 
1.319400 
1.321200 
1.323100 
1.323700 
1.325400 
1.325500 
1.326900 
1.327800 
1.331900 
1.332900 
1.333400 
1.337500 
1.339100 
1.343900 
1.345000 
1.346000 
1.347400 
1.348200 
1.351500 
1.352600 
1.352800 
1.358600 
1.360400 
1.364200 
1.365300 
1.368400 
1.370000 
1.370900 
1.371000 
1.371500 
1.371600 
1.372600 
1.373300 
1.374900 
1.377800 
1.378100 
1.380200 
1.380600 
1.384900 
1.385000 
1.386700 
1.387900 
1.390100 
1.390400 
1.390700 
1.394900 
1.396000 
1.396900 
1.398200 
1.402100 
1.403100 
1.403900 
1.403900 
1.404500 
1.405700 
1.408600 
1.412800 
1.414700 
1.414900 
1.416500 
1.417200 
1.418000 
1.419800 
1.421400 
1.423500 
1.424300 
1.425700 
1.426000 
1.428600 
1.430100 
1.430200 
1.434700 
1.438300 
1.440300 
1.442500 
1.444700 
1.445300 
1.446100 
1.447100 
1.448700 
1.451000 
1.452900 
1.454900 
1.455300 
1.455500 
1.456400 
1.457000 
1.457500 
1.464800 
1.468300 
1.470600 
1.470700 
1.472400 
1.473000 
1.474100 
1.474300 
1.476600 
1.477100 
1.477900 
1.478100 
1.478600 
1.478900 
1.479300 
1.483500 
1.483500 
1.483700 
1.486700 
1.488100 
1.489900 
1.491600 
1.499600 
1.500800 
1.503700 
1.504000 
1.506000 
1.510500 
1.511000 
1.511200 
1.511700 
1.511800 
1.512300 
1.513200 
1.514300 
1.516200 
1.517100 
1.517800 
1.518000 
1.518100 
1.518300 
1.518800 
1.521400 
1.521500 
1.521800 
1.523200 
1.524700 
1.525500 
1.529300 
1.531200 
1.532400 
1.532600 
1.533600 
1.533700 
1.534100 
1.537500 
1.538500 
1.541100 
1.541100 
1.543200 
1.548000 
1.549600 
1.550600 
1.553600 
1.554200 
1.556700 
1.558200 
1.558300 
1.562900 
1.564500 
1.565700 
1.566900 
1.566900 
1.568500 
1.568800 
1.569900 
1.571300 
1.571800 
1.572400 
1.572900 
1.574500 
1.575900 
1.576000 
1.576200 
1.579300 
1.581300 
1.581400 
1.582000 
1.583100 
1.583300 
1.584200 
1.584900 
1.587200 
1.587400 
1.588300 
1.591400 
1.593200 
1.594800 
1.597800 
1.598000 
1.598300 
1.601600 
1.601800 
1.602100 
1.602400 
1.604500 
1.606900 
1.610800 
1.611400 
1.612300 
1.614600 
1.617700 
1.622400 
1.623300 
1.623600 
1.625300 
1.629400 
1.630700 
1.633900 
1.634000 
1.635300 
1.636400 
1.637400 
1.637800 
1.637900 
1.638700 
1.639500 
1.639900 
1.640800 
1.642800 
1.647100 
1.648200 
1.649500 
1.650200 
1.653400 
1.656100 
1.658000 
1.658300 
1.663800 
1.664300 
1.664800 
1.665900 
1.666200 
1.667300 
1.667500 
1.668500 
1.672600 
1.673300 
1.675900 
1.677500 
1.680200 
1.680500 
1.681000 
1.681200 
1.682000 
1.684600 
1.686600 
1.687600 
1.691000 
1.691300 
1.693200 
1.693500 
1.694200 
1.694200 
1.696200 
1.696800 
1.699100 
1.700800 
1.702500 
1.702800 
1.704200 
1.704300 
1.708500 
1.708600 
1.708600 
1.709700 
1.709900 
1.712200 
1.712500 
1.712500 
1.713400 
1.715600 
1.717700 
1.721900 
1.723000 
1.723400 
1.724600 
1.724900 
1.726700 
1.727200 
1.729100 
1.732400 
1.733200 
1.733500 
1.735300 
1.735500 
1.737500 
1.737800 
1.739200 
1.741700 
1.749900 
1.750200 
1.750300 
1.752100 
1.755700 
1.757900 
1.758100 
1.758700 
1.758700 
1.764400 
1.764900 
1.767000 
1.769200 
1.769500 
1.770000 
1.771100 
1.771300 
1.771900 
1.773300 
1.773400 
1.775400 
1.779300 
1.780200 
1.782000 
1.783400 
1.783500 
1.785300 
1.785800 
1.786000 
1.786900 
1.786900 
1.787700 
1.788200 
1.788400 
1.791200 
1.793100 
1.801400 
1.801500 
1.802400 
1.805000 
1.805500 
1.805800 
1.806600 
1.811200 
1.813100 
1.817100 
1.817500 
1.820000 
1.820200 
1.823000 
1.823300 
1.823900 
1.824100 
1.828300 
1.828500 
1.829900 
1.831600 
1.832800 
1.833000 
1.833300 
1.834500 
1.834500 
1.837000 
1.839100 
1.840200 
1.840800 
1.843300 
1.844800 
1.847600 
1.847900 
1.848400 
1.850800 
1.850900 
1.851100 
1.853900 
1.854800 
1.854900 
1.858400 
1.860900 
1.864500 
1.868100 
1.868500 
1.870400 
1.871600 
1.872000 
1.872900 
1.876000 
1.877200 
1.881700 
1.885200 
1.887100 
1.888300 
1.888800 
1.888800 
1.888900 
1.889000 
1.889600 
1.889800 
1.890400 
1.892300 
1.893300 
1.893500 
1.894600 
1.897900 
1.900400 
1.901800 
1.902600 
1.902800 
1.903500 
1.905900 
1.906700 
1.907300 
1.908600 
1.917200 
1.917900 
1.918800 
1.920200 
1.921000 
1.921600 
1.922200 
1.922400 
1.927400 
1.929300 
1.929600 
1.930200 
1.930500 
1.931000 
1.931200 
1.931500 
1.932100 
1.933800 
1.935000 
1.936300 
1.937600 
1.939900 
1.941900 
1.942800 
1.945200 
1.945700 
1.950700 
1.953300 
1.953800 
1.954700 
1.956800 
1.958300 
1.959000 
1.960400 
1.962000 
1.964200 
1.968000 
1.969200 
1.970600 
1.975000 
1.975900 
1.979200 
1.982900 
1.984200 
1.986300 
1.987100 
1.987600 
1.988700 
1.992200 
1.995500 
1.996500 
1.998000 
1.998300 
1.998300 
1.998800 
1.998800 
1.999400 
1.999800 
2.003000 
2.005100 
2.006800 
2.008500 
2.008900 
2.009700 
2.009900 
2.011100 
2.012000 
2.016300 
2.016800 
2.017100 
2.017900 
2.018900 
2.021000 
2.022500 
2.023500 
2.028300 
2.030400 
2.031100 
2.031500 
2.031500 
2.032400 
2.034300 
2.034500 
2.038200 
2.042000 
2.045100 
2.046200 
2.046300 
2.047000 
2.048900 
2.050800 
2.051900 
2.053300 
2.054200 
2.054300 
2.054400 
2.055500 
2.055600 
2.056800 
2.057800 
2.058500 
2.058900 
2.059800 
2.061600 
2.063500 
2.065300 
2.065800 
2.067500 
2.068000 
2.068400 
2.069000 
2.069200 
2.070000 
2.070900 
2.072400 
2.077200 
2.080600 
2.080600 
2.080600 
2.081000 
2.081300 
2.083400 
2.085300 
2.086000 
2.086100 
2.086100 
2.089900 
2.090500 
2.092700 
2.094900 
2.097400 
2.098500 
2.101100 
2.102800 
2.105100 
2.106000 
2.106800 
2.107400 
2.109100 
2.110900 
2.115000 
2.115300 
2.116200 
2.116600 
2.117700 
2.119900 
2.120200 
2.120700 
2.123200 
2.125200 
2.125400 
2.126000 
2.126300 
2.128100 
2.128200 
2.129800 
2.130200 
2.132700 
2.133000 
2.135600 
2.136600 
2.139200 
2.139300 
2.139500 
2.140500 
2.142200 
2.143200 
2.143400 
2.145600 
2.145800 
2.146100 
2.146600 
2.147000 
2.150500 
2.152000 
2.152300 
2.160500 
2.160900 
2.161200 
2.163700 
2.163800 
2.166100 
2.166200 
2.166700 
2.168800 
2.169400 
2.170200 
2.171200 
2.171200 
2.173500 
2.174400 
2.174800 
2.175000 
2.175600 
2.176700 
2.179600 
2.180800 
2.182400 
2.186400 
2.189600 
2.190900 
2.191100 
2.192000 
2.192900 
2.195800 
2.201300 
2.201400 
2.202200 
2.203000 
2.203200 
2.203800 
2.206100 
2.206500 
2.209800 
2.210700 
2.211900 
2.212300 
2.214400 
2.215400 
2.215800 
2.218000 
2.218700 
2.218800 
2.220600 
2.220800 
2.222500 
2.222500 
2.222700 
2.224300 
2.228500 
2.230800 
2.231100 
2.232700 
2.233100 
2.234100 
2.235500 
2.238000 
2.239900 
2.242600 
2.243600 
2.244200 
2.244400 
2.245600 
2.246500 
2.247600 
2.248900 
2.250200 
2.253300 
2.253400 
2.253500 
2.254200 
2.255800 
2.257400 
2.257700 
2.257700 
2.260500 
2.264700 
2.265600 
2.268400 
2.269600 
2.271300 
2.271700 
2.272100 
2.273000 
2.276300 
2.278700 
2.281600 
2.281600 
2.282200 
2.285100 
2.286600 
2.291200 
2.295700 
2.297700 
2.298200 
2.301500 
2.302400 
2.305600 
2.306700 
2.306700 
2.307700 
2.308400 
2.309000 
2.309200 
2.309500 
2.310500 
2.311500 
2.315700 
2.316400 
2.317500 
2.317900 
2.318200 
2.319100 
2.319800 
2.320700 
2.321900 
2.322900 
2.324600 
2.326100 
2.328500 
2.331400 
2.337400 
2.338100 
2.338200 
2.339600 
2.342000 
2.343800 
2.345700 
2.347100 
2.349500 
2.352000 
2.353900 
2.357600 
2.357700 
2.359000 
2.360600 
2.365200 
2.368100 
2.368200 
2.369500 
2.369600 
2.370900 
2.371800 
2.371800 
2.372500 
2.373200 
2.373400 
2.373700 
2.373800 
2.374300 
2.378300 
2.381700 
2.384100 
2.384200 
2.385700 
2.385900 
2.388300 
2.390700 
2.391300 
2.391700 
2.392300 
2.394700 
2.395100 
2.395600 
2.396200 
2.396500 
2.398300 
2.401400 
2.402700 
2.402900 
2.406300 
2.410500 
2.410800 
2.411100 
2.414100 
2.414500 
2.416200 
2.416400 
2.417800 
2.420100 
2.422000 
2.424600 
2.424800 
2.428000 
2.428000 
2.428300 
2.429200 
2.430300 
2.430400 
2.436000 
2.438800 
2.441600 
2.443400 
2.446500 
2.446800 
2.448200 
2.450400 
2.451600 
2.452200 
2.452200 
2.452300 
2.452700 
2.453100 
2.454000 
2.455300 
2.456700 
2.457200 
2.457500 
2.457700 
2.458300 
2.461000 
2.462300 
2.462800 
2.463200 
2.463300 
2.466000 
2.467900 
2.468200 
2.468700 
2.468800 
2.469100 
2.470400 
2.474600 
2.475400 
2.477200 
2.477300 
2.479100 
2.481600 
2.484700 
2.485900 
2.486600 
2.489300 
2.490800 
2.490800 
2.491600 
2.493100 
2.494700 
2.495100 
2.496600 
2.498000 
2.498700 
2.499800 
2.500600 
2.505800 
2.516100 
2.516500 
2.516500 
2.517100 
2.518700 
2.518900 
2.519800 
2.521800 
2.522000 
2.524000 
2.524800 
2.526800 
2.528000 
2.530100 
2.530500 
2.532000 
2.535100 
2.535900 
2.536400 
2.540700 
2.541900 
2.545300 
2.546400 
2.547400 
2.547500 
2.548600 
2.549700 
2.550000 
2.554300 
2.556100 
2.557700 
2.558200 
2.562800 
2.563200 
2.566400 
2.571100 
2.571100 
2.572000 
2.573400 
2.574200 
2.574700 
2.578700 
2.583900 
2.584900 
2.586500 
2.588400 
2.594600 
2.596300 
2.596400 
2.597100 
2.600600 
2.600900 
2.601200 
2.602400 
2.605000 
2.605200 
2.607500 
2.615500 
2.615600 
2.617100 
2.618900 
2.619600 
2.622400 
2.624000 
2.625100 
2.625500 
2.629100 
2.631900 
2.636400 
2.637000 
2.638500 
2.638800 
2.640500 
2.642800 
2.645300 
2.648600 
2.649000 
2.651600 
2.653400 
2.653400 
2.654800 
2.656900 
2.659100 
2.662400 
2.663300 
2.663600 
2.663800 
2.663900 
2.664500 
2.665200 
2.666000 
2.669200 
2.670700 
2.671700 
2.674100 
2.675900 
2.678800 
2.680200 
2.680300 
2.682000 
2.683500 
2.685400 
2.685600 
2.685600 
2.689000 
2.691400 
2.692600 
2.693200 
2.694800 
2.696100 
2.697100 
2.699500 
2.701000 
2.701600 
2.702200 
2.703600 
2.703800 
2.705800 
2.708500 
2.709300 
2.713700 
2.714900 
2.716100 
2.716800 
2.717900 
2.718500 
2.723000 
2.723500 
2.725400 
2.729100 
2.729400 
2.733100 
2.733500 
2.735000 
2.739700 
2.740100 
2.740300 
2.741200 
2.741600 
2.743300 
2.744100 
2.745400 
2.747200 
2.750700 
2.751400 
2.752500 
2.753800 
2.755700 
2.758700 
2.761100 
2.763100 
2.764100 
2.764600 
2.766200 
2.767600 
2.768200 
2.768800 
2.769200 
2.769500 
2.775300 
2.775400 
2.778100 
2.781300 
2.781600 
2.788000 
2.788700 
2.791600 
2.793700 
2.794000 
2.794200 
2.794800 
2.794800 
2.795600 
2.796500 
2.799400 
2.800200 
2.800300 
2.800500 
2.800700 
2.801200 
2.801200 
2.801800 
2.802000 
2.803500 
2.807000 
2.807900 
2.809000 
2.810800 
2.813000 
2.813900 
2.816800 
2.818400 
2.820300 
2.820700 
2.826600 
2.828000 
2.830600 
2.834200 
2.834400 
2.834600 
2.836600 
2.837000 
2.838200 
2.840500 
2.840600 
2.841100 
2.841700 
2.843700 
2.844100 
2.845100 
2.845300 
2.851200 
2.852700 
2.852800 
2.856800 
2.857000 
2.857500 
2.858600 
2.859200 
2.859700 
2.859700 
2.860300 
2.861000 
2.864800 
2.868300 
2.870100 
2.870200 
2.871800 
2.874600 
2.874700 
2.876100 
2.876100 
2.876200 
2.879400 
2.880400 
2.894700 
2.896400 
2.897000 
2.898400 
2.900300 
2.902300 
2.902400 
2.902500 
2.903900 
2.905300 
2.910500 
2.910700 
2.911600 
2.911600 
2.912200 
2.914800 
2.915300 
2.916200 
2.916400 
2.916700 
2.917600 
2.919500 
2.920500 
2.922200 
2.923900 
2.926900 
2.928000 
2.928200 
2.929800 
2.930200 
2.930400 
2.931400 
2.934100 
2.935000 
2.936500 
2.938000 
2.938300 
2.938800 
2.941900 
2.945000 
2.945300 
2.946400 
2.947100 
2.949200 
2.950700 
2.950700 
2.952800 
2.953400 
2.953700 
2.954100 
2.954300 
2.957300 
2.959600 
2.967900 
2.968200 
2.969800 
2.971100 
2.977900 
2.980400 
2.981100 
2.981800 
2.982000 
2.983600 
2.988200 
2.991300 
2.991300 
2.992000 
2.992600 
2.996400 
2.997000 
2.997100 
2.997800 
