800 
1226 
290 
835 
1244 
942 
795 
410 
303 
1091 
1108 
869 
235 
1116 
496 
525 
573 
1111 
146 
644 
698 
472 
851 
332 
556 
970 
384 
1144 
175 
1114 
1206 
741 
533 
340 
213 
992 
1047 
289 
862 
904 
511 
932 
572 
412 
1229 
670 
782 
1087 
459 
431 
987 
1038 
451 
902 
438 
583 
797 
131 
823 
1240 
960 
562 
1080 
1099 
935 
140 
1106 
22 
373 
1225 
1124 
527 
896 
147 
1037 
278 
510 
95 
88 
512 
1228 
276 
687 
655 
1159 
609 
532 
526 
323 
537 
1033 
912 
913 
405 
229 
699 
129 
394 
244 
447 
429 
1019 
200 
753 
1111 
1186 
759 
776 
1193 
325 
1135 
580 
192 
87 
404 
152 
1055 
977 
1059 
362 
322 
59 
599 
32 
528 
675 
966 
714 
1227 
253 
684 
1025 
281 
198 
1081 
517 
324 
794 
353 
967 
1261 
105 
1183 
98 
201 
532 
390 
954 
551 
840 
567 
251 
839 
45 
568 
1038 
248 
775 
65 
1014 
484 
1233 
194 
505 
380 
196 
83 
1216 
1253 
750 
1044 
89 
680 
803 
70 
1045 
190 
214 
447 
917 
354 
1000 
164 
1148 
654 
947 
835 
578 
719 
758 
228 
789 
817 
576 
1080 
268 
339 
1035 
402 
186 
1082 
948 
439 
727 
642 
823 
691 
795 
330 
1258 
373 
415 
136 
1217 
923 
695 
905 
322 
871 
366 
920 
317 
466 
670 
524 
583 
779 
310 
33 
588 
1094 
544 
1146 
1040 
902 
1162 
309 
34 
307 
1048 
478 
1033 
603 
1135 
1081 
766 
293 
440 
879 
671 
1175 
1228 
797 
1169 
1229 
1144 
1170 
912 
1172 
380 
1109 
435 
88 
647 
965 
862 
416 
176 
649 
185 
792 
251 
1143 
259 
920 
1178 
322 
679 
884 
196 
1016 
690 
1124 
516 
593 
172 
578 
999 
415 
785 
145 
107 
895 
896 
1179 
461 
303 
323 
1184 
490 
509 
1233 
91 
720 
799 
281 
1032 
778 
837 
1135 
148 
1068 
814 
25 
407 
209 
456 
480 
341 
473 
304 
522 
705 
695 
665 
439 
1119 
585 
564 
1255 
436 
191 
404 
1229 
73 
932 
195 
402 
53 
555 
758 
783 
843 
687 
47 
652 
823 
263 
518 
654 
646 
463 
384 
1145 
1033 
279 
373 
679 
1258 
83 
943 
186 
800 
696 
739 
768 
795 
1202 
183 
1207 
1043 
1146 
1149 
917 
464 
912 
998 
1227 
366 
565 
789 
714 
201 
412 
1222 
214 
363 
410 
670 
69 
1128 
752 
1035 
613 
101 
888 
310 
188 
134 
184 
229 
921 
552 
896 
578 
617 
85 
191 
803 
710 
992 
642 
436 
339 
607 
684 
84 
797 
527 
131 
402 
960 
593 
138 
120 
58 
96 
1158 
1247 
603 
244 
156 
1060 
1139 
843 
209 
1048 
1229 
1159 
25 
652 
932 
972 
501 
512 
399 
779 
434 
68 
741 
241 
778 
88 
759 
522 
994 
179 
953 
91 
783 
1082 
609 
1255 
423 
510 
362 
228 
278 
1162 
935 
403 
1188 
1249 
1250 
1118 
134 
389 
1261 
112 
76 
42 
323 
310 
1019 
956 
686 
13 
331 
902 
1091 
839 
1228 
1003 
254 
1024 
402 
1134 
136 
54 
229 
947 
1013 
823 
394 
912 
573 
985 
80 
426 
778 
1193 
98 
917 
1185 
1124 
679 
1216 
570 
1179 
562 
1067 
646 
639 
794 
789 
318 
670 
1017 
510 
2 
332 
727 
938 
990 
148 
1229 
333 
948 
731 
260 
829 
1048 
174 
954 
139 
1119 
323 
327 
256 
403 
800 
700 
758 
791 
925 
447 
410 
89 
259 
1247 
964 
1049 
653 
940 
842 
1073 
872 
449 
844 
797 
141 
372 
1222 
885 
609 
905 
101 
619 
652 
482 
947 
1144 
823 
48 
1043 
854 
961 
1056 
1032 
1167 
439 
88 
1033 
287 
785 
1127 
1055 
687 
1213 
1208 
1003 
628 
942 
291 
666 
384 
1242 
928 
310 
813 
34 
25 
351 
91 
673 
73 
966 
390 
531 
1124 
341 
87 
142 
198 
917 
33 
665 
408 
447 
621 
480 
1059 
412 
415 
920 
646 
814 
1251 
827 
647 
224 
851 
1259 
593 
298 
558 
729 
373 
562 
176 
797 
581 
428 
1216 
524 
760 
583 
789 
1139 
1258 
180 
1185 
402 
984 
850 
322 
518 
1240 
389 
185 
618 
758 
1228 
1237 
381 
905 
685 
826 
753 
1225 
45 
942 
79 
374 
687 
730 
1043 
139 
1246 
1204 
394 
395 
896 
759 
1189 
1235 
64 
637 
938 
695 
948 
1048 
624 
833 
1124 
380 
917 
1145 
893 
145 
665 
1111 
670 
209 
814 
908 
76 
207 
512 
630 
741 
583 
928 
49 
816 
453 
59 
639 
1201 
830 
35 
902 
1170 
806 
424 
841 
843 
15 
935 
1000 
1233 
1093 
250 
1059 
327 
33 
487 
1178 
514 
562 
923 
1162 
48 
964 
1255 
718 
1123 
759 
402 
278 
253 
408 
56 
970 
823 
353 
1048 
289 
897 
1139 
714 
1148 
522 
1186 
1222 
397 
1029 
229 
322 
185 
840 
324 
580 
921 
1099 
880 
778 
316 
1009 
200 
675 
184 
1228 
373 
525 
1216 
1193 
41 
461 
367 
268 
611 
76 
731 
753 
466 
940 
87 
1144 
660 
1229 
884 
302 
23 
568 
1067 
1180 
911 
599 
125 
510 
956 
4 
309 
558 
1258 
1246 
665 
927 
1183 
996 
224 
278 
328 
107 
743 
1065 
1022 
964 
480 
616 
1090 
528 
966 
1048 
1106 
688 
329 
550 
618 
1073 
868 
642 
1172 
208 
797 
600 
660 
890 
53 
584 
583 
985 
823 
621 
556 
702 
402 
820 
323 
1201 
500 
789 
753 
695 
395 
340 
456 
243 
609 
278 
979 
857 
132 
620 
384 
1043 
758 
961 
886 
492 
555 
986 
138 
293 
453 
679 
497 
1061 
532 
908 
1082 
225 
119 
1064 
487 
670 
1139 
45 
654 
389 
694 
1124 
595 
583 
639 
927 
912 
147 
236 
449 
932 
401 
526 
834 
428 
235 
214 
1225 
196 
343 
673 
836 
930 
23 
159 
1143 
1167 
353 
1048 
1009 
1088 
705 
1148 
1228 
49 
318 
455 
1091 
399 
194 
592 
894 
1258 
402 
833 
564 
347 
544 
408 
384 
700 
827 
1102 
107 
279 
1259 
1172 
851 
961 
1111 
1050 
142 
342 
477 
102 
739 
180 
308 
956 
164 
880 
48 
912 
1012 
1174 
747 
6 
652 
804 
416 
340 
1084 
243 
514 
920 
294 
1092 
1179 
117 
467 
479 
330 
1018 
242 
134 
785 
1201 
1216 
122 
670 
135 
631 
730 
412 
576 
1170 
665 
15 
339 
552 
969 
935 
637 
696 
147 
1022 
639 
367 
1187 
463 
136 
1096 
924 
337 
540 
322 
22 
522 
642 
446 
1009 
50 
404 
1048 
726 
411 
438 
558 
424 
902 
1003 
1130 
607 
1114 
999 
453 
402 
595 
778 
1121 
741 
795 
1000 
121 
1217 
843 
659 
1247 
912 
679 
562 
964 
709 
180 
1024 
799 
1102 
739 
515 
415 
842 
410 
1136 
938 
828 
604 
690 
583 
1091 
289 
956 
1143 
1197 
1170 
517 
713 
1108 
1144 
432 
1179 
25 
303 
60 
1228 
464 
488 
759 
1100 
1088 
851 
665 
362 
937 
96 
384 
609 
823 
54 
1008 
261 
136 
567 
1055 
985 
431 
241 
309 
522 
405 
1003 
1123 
259 
291 
98 
402 
424 
1167 
1038 
312 
85 
510 
920 
1131 
223 
515 
616 
373 
1225 
1 
1229 
214 
416 
1058 
38 
789 
837 
236 
758 
1179 
130 
473 
323 
757 
880 
341 
599 
287 
738 
1139 
187 
833 
578 
363 
25 
251 
8 
840 
1215 
922 
281 
297 
585 
917 
1019 
927 
216 
1216 
278 
320 
679 
1207 
1249 
245 
512 
174 
938 
486 
1232 
463 
1162 
798 
1229 
739 
120 
371 
1242 
797 
1198 
785 
1060 
842 
520 
948 
641 
200 
136 
231 
337 
131 
686 
552 
593 
476 
209 
1208 
1226 
1120 
579 
92 
661 
708 
532 
595 
351 
373 
312 
1048 
138 
328 
35 
847 
583 
966 
1122 
1044 
91 
404 
839 
78 
43 
1259 
285 
969 
1130 
654 
1201 
639 
642 
1102 
935 
207 
510 
856 
447 
1134 
906 
515 
87 
933 
1144 
607 
366 
1022 
45 
1260 
323 
1156 
489 
694 
892 
408 
673 
899 
1024 
722 
731 
380 
750 
412 
652 
559 
550 
178 
112 
1191 
528 
648 
456 
748 
1179 
24 
789 
891 
1049 
1099 
278 
488 
303 
1045 
310 
573 
902 
88 
85 
339 
849 
562 
522 
206 
425 
1249 
257 
923 
255 
49 
589 
1164 
531 
402 
253 
1020 
1087 
1216 
1225 
834 
42 
1233 
677 
1122 
1048 
788 
15 
179 
1081 
785 
670 
260 
1076 
1174 
525 
117 
1063 
291 
1090 
251 
1183 
653 
1144 
618 
207 
485 
877 
843 
371 
656 
18 
1009 
1124 
234 
771 
419 
1222 
231 
1228 
289 
24 
351 
1111 
88 
510 
373 
1116 
389 
567 
511 
902 
416 
1044 
974 
1227 
1055 
1179 
905 
1084 
603 
659 
1229 
1132 
672 
801 
229 
310 
569 
813 
341 
1247 
233 
1120 
652 
168 
671 
28 
176 
1022 
163 
401 
380 
140 
322 
125 
833 
609 
483 
654 
332 
789 
353 
739 
276 
639 
894 
536 
1178 
695 
423 
500 
896 
1170 
241 
1130 
436 
35 
402 
1000 
266 
532 
432 
1187 
260 
1003 
112 
892 
668 
583 
646 
1106 
1222 
624 
1060 
1135 
87 
1043 
522 
642 
103 
324 
115 
938 
795 
1179 
1189 
310 
1162 
263 
278 
18 
151 
877 
674 
948 
163 
482 
399 
373 
224 
207 
921 
404 
161 
378 
273 
514 
681 
255 
192 
86 
1171 
381 
323 
146 
295 
863 
665 
531 
567 
671 
1170 
654 
917 
1048 
411 
1024 
434 
1010 
985 
369 
1157 
1244 
783 
947 
340 
1247 
1227 
137 
1097 
366 
1143 
603 
1187 
487 
13 
902 
120 
177 
739 
76 
585 
105 
14 
528 
823 
310 
1009 
525 
159 
1121 
1255 
1172 
29 
1080 
518 
789 
522 
1051 
312 
647 
746 
1206 
32 
731 
916 
989 
1091 
268 
670 
209 
423 
802 
439 
497 
276 
87 
758 
948 
1008 
1124 
1044 
621 
1099 
415 
656 
1242 
538 
1068 
285 
88 
706 
289 
862 
380 
733 
610 
426 
1037 
479 
710 
366 
195 
1200 
595 
972 
639 
1144 
510 
1003 
1146 
273 
1169 
232 
48 
618 
766 
998 
163 
235 
1143 
288 
164 
1225 
935 
823 
1165 
912 
578 
739 
185 
25 
647 
718 
142 
927 
1222 
256 
131 
1045 
76 
543 
1112 
835 
757 
856 
556 
1018 
371 
473 
817 
695 
102 
117 
34 
488 
799 
244 
519 
328 
1102 
1060 
1090 
399 
402 
568 
1016 
323 
832 
45 
913 
1120 
756 
567 
353 
196 
229 
467 
324 
1178 
671 
512 
738 
884 
511 
934 
593 
905 
35 
1033 
523 
797 
1185 
759 
961 
778 
60 
1136 
225 
554 
287 
878 
1249 
990 
397 
646 
500 
948 
424 
1037 
278 
407 
688 
1206 
791 
1035 
1124 
702 
871 
795 
619 
1049 
1201 
201 
73 
660 
35 
76 
136 
251 
366 
401 
323 
1108 
595 
1145 
182 
242 
965 
714 
839 
1203 
583 
310 
1226 
229 
656 
209 
938 
1128 
402 
772 
263 
65 
1144 
354 
654 
1059 
841 
642 
89 
64 
699 
992 
647 
192 
331 
1162 
164 
568 
60 
668 
603 
1234 
510 
904 
751 
852 
169 
353 
373 
24 
54 
600 
789 
355 
412 
1044 
599 
1007 
516 
115 
98 
259 
147 
487 
384 
88 
1228 
480 
248 
1049 
512 
1143 
145 
140 
1123 
1124 
121 
1139 
670 
1197 
1111 
1009 
804 
207 
1137 
186 
1225 
243 
263 
41 
505 
1102 
106 
197 
578 
686 
843 
209 
740 
461 
1082 
428 
767 
838 
1161 
964 
1247 
146 
196 
590 
5 
262 
823 
803 
800 
1229 
463 
303 
1045 
514 
695 
489 
870 
297 
797 
556 
1258 
148 
291 
842 
668 
923 
1024 
791 
802 
15 
549 
652 
677 
862 
42 
323 
1185 
1228 
670 
778 
638 
982 
1143 
34 
1048 
903 
1133 
208 
987 
827 
856 
412 
318 
586 
414 
795 
329 
298 
1044 
447 
59 
1115 
398 
1240 
307 
1090 
366 
224 
259 
805 
935 
151 
705 
1061 
1076 
139 
932 
639 
299 
183 
616 
938 
654 
1151 
96 
681 
1155 
130 
578 
87 
1145 
944 
991 
1134 
284 
207 
642 
930 
672 
583 
384 
936 
14 
76 
1032 
1247 
380 
348 
33 
614 
709 
32 
346 
842 
917 
1258 
457 
753 
758 
665 
245 
254 
921 
656 
1226 
297 
825 
251 
15 
322 
518 
176 
868 
194 
670 
947 
502 
209 
146 
1124 
214 
778 
415 
568 
1200 
278 
1231 
402 
1047 
262 
686 
464 
741 
446 
200 
1048 
912 
1135 
349 
789 
1056 
373 
1067 
1075 
927 
1111 
148 
341 
59 
241 
833 
438 
804 
937 
776 
184 
29 
690 
48 
405 
490 
212 
459 
1139 
428 
1186 
494 
1061 
204 
1144 
1044 
725 
790 
1065 
235 
935 
229 
63 
752 
1183 
562 
329 
512 
668 
758 
1003 
1148 
797 
287 
1055 
1258 
588 
351 
1078 
813 
719 
321 
480 
397 
195 
795 
282 
284 
380 
585 
322 
522 
556 
509 
498 
1157 
1197 
4 
32 
1035 
366 
503 
46 
1180 
488 
961 
955 
567 
91 
781 
639 
456 
905 
1020 
1222 
1084 
845 
1048 
948 
908 
1210 
496 
1021 
1106 
583 
136 
254 
176 
823 
223 
151 
191 
776 
1228 
528 
789 
453 
1169 
410 
501 
87 
652 
842 
1233 
1170 
199 
805 
670 
132 
317 
408 
34 
806 
944 
284 
763 
947 
291 
1059 
177 
913 
619 
164 
310 
646 
508 
621 
278 
145 
131 
739 
1024 
327 
428 
1091 
714 
429 
98 
1134 
1048 
1075 
242 
816 
281 
1189 
823 
902 
1229 
196 
403 
680 
695 
1225 
1161 
964 
966 
532 
243 
301 
323 
511 
1070 
991 
525 
912 
113 
76 
452 
821 
478 
59 
1022 
518 
935 
1228 
93 
1121 
346 
373 
88 
880 
849 
376 
1077 
568 
833 
402 
1182 
758 
856 
42 
217 
1217 
45 
522 
209 
791 
802 
332 
842 
584 
814 
1221 
519 
1050 
342 
1044 
902 
783 
254 
838 
904 
566 
789 
795 
310 
731 
1197 
75 
583 
89 
840 
40 
278 
532 
1215 
139 
435 
268 
1202 
932 
1108 
1055 
670 
487 
1068 
233 
373 
668 
1070 
677 
870 
253 
940 
1167 
728 
702 
647 
640 
189 
476 
1171 
802 
515 
705 
15 
264 
775 
843 
804 
351 
397 
823 
1022 
583 
616 
1048 
339 
47 
684 
923 
588 
739 
1130 
260 
738 
673 
642 
937 
490 
729 
369 
695 
1090 
690 
1219 
688 
48 
746 
597 
455 
35 
512 
348 
758 
440 
576 
322 
380 
1162 
985 
777 
789 
1 
514 
340 
1246 
917 
426 
880 
1065 
750 
1185 
1183 
992 
373 
1197 
1156 
621 
140 
567 
500 
209 
167 
428 
236 
902 
1100 
251 
1080 
1063 
1153 
1055 
1215 
18 
54 
918 
833 
925 
207 
1243 
1229 
46 
955 
1171 
670 
654 
1048 
823 
456 
312 
307 
677 
229 
380 
86 
314 
775 
159 
340 
238 
885 
753 
578 
537 
522 
1201 
278 
665 
1044 
412 
178 
912 
552 
1112 
505 
488 
1020 
647 
1255 
1034 
384 
934 
1228 
295 
1115 
851 
842 
1189 
686 
1170 
88 
394 
1082 
92 
1179 
78 
538 
1048 
735 
896 
447 
1216 
366 
373 
510 
529 
935 
939 
940 
638 
101 
1222 
932 
33 
800 
709 
928 
772 
776 
1010 
139 
147 
1041 
985 
402 
1102 
438 
1061 
646 
105 
145 
823 
1227 
63 
1200 
936 
813 
1233 
937 
1124 
652 
904 
795 
681 
718 
971 
731 
964 
356 
353 
24 
248 
1065 
567 
132 
528 
933 
29 
584 
431 
1078 
1161 
373 
753 
310 
463 
395 
384 
654 
60 
639 
1255 
35 
670 
323 
1185 
106 
367 
461 
369 
168 
668 
289 
522 
1261 
1253 
979 
1130 
1060 
278 
646 
1216 
1095 
914 
1029 
998 
435 
1112 
1127 
789 
1069 
37 
1179 
912 
823 
702 
404 
399 
758 
611 
1169 
13 
672 
42 
1170 
852 
735 
618 
935 
937 
781 
1091 
177 
1178 
656 
1208 
902 
528 
1225 
892 
415 
1019 
745 
694 
91 
1106 
363 
190 
625 
593 
120 
414 
615 
1174 
603 
480 
562 
82 
927 
394 
257 
851 
628 
563 
885 
731 
323 
948 
332 
476 
63 
78 
1022 
821 
22 
840 
384 
35 
289 
410 
616 
1073 
152 
161 
1130 
550 
797 
1144 
583 
522 
517 
297 
138 
638 
1172 
101 
871 
13 
428 
578 
1043 
763 
1114 
416 
1033 
134 
849 
1167 
33 
88 
884 
686 
254 
551 
402 
619 
642 
1139 
322 
537 
1146 
480 
696 
309 
679 
35 
1171 
735 
1048 
465 
235 
836 
798 
599 
208 
1090 
645 
738 
196 
143 
1216 
317 
229 
670 
822 
649 
760 
327 
1123 
1124 
209 
112 
279 
223 
332 
278 
823 
783 
794 
800 
1130 
568 
654 
912 
184 
647 
410 
1008 
1247 
384 
341 
1081 
407 
129 
324 
840 
979 
668 
95 
291 
739 
399 
191 
135 
795 
684 
856 
48 
356 
1118 
121 
476 
1225 
1102 
491 
328 
898 
1044 
89 
674 
827 
1120 
81 
879 
52 
76 
35 
1242 
339 
714 
151 
690 
192 
384 
906 
823 
143 
806 
842 
1179 
1162 
176 
836 
316 
244 
860 
323 
556 
1201 
902 
528 
834 
743 
22 
15 
987 
856 
1235 
795 
927 
1033 
537 
117 
132 
675 
940 
1126 
42 
567 
1070 
1174 
256 
1247 
908 
652 
318 
659 
327 
639 
98 
87 
88 
912 
1009 
366 
738 
758 
902 
928 
653 
598 
328 
151 
877 
731 
480 
1259 
81 
904 
673 
679 
656 
1048 
397 
246 
1121 
938 
209 
483 
257 
225 
615 
1109 
404 
196 
823 
373 
310 
814 
1139 
654 
797 
735 
603 
1035 
718 
146 
529 
297 
709 
1258 
668 
832 
639 
588 
671 
1248 
677 
508 
348 
1222 
456 
1045 
789 
1143 
1008 
1157 
1201 
1077 
95 
851 
384 
1056 
4 
1145 
1029 
681 
1090 
1132 
932 
695 
522 
125 
583 
945 
87 
937 
1233 
1047 
567 
1162 
652 
23 
1158 
1144 
670 
935 
531 
201 
1198 
617 
303 
912 
1171 
1146 
800 
981 
763 
464 
13 
686 
309 
938 
135 
186 
737 
1124 
351 
436 
575 
304 
1187 
192 
74 
542 
585 
902 
289 
927 
725 
957 
578 
250 
964 
759 
771 
758 
1049 
616 
196 
1137 
937 
330 
604 
183 
522 
1247 
731 
966 
644 
785 
1229 
276 
123 
1061 
1249 
783 
523 
643 
906 
1032 
932 
642 
145 
81 
694 
668 
789 
102 
1193 
928 
1136 
956 
1261 
1044 
106 
525 
851 
141 
583 
986 
855 
48 
890 
47 
439 
323 
1242 
112 
564 
130 
625 
823 
965 
352 
263 
686 
878 
254 
1055 
834 
275 
331 
943 
59 
208 
293 
594 
562 
440 
1008 
671 
524 
231 
138 
1091 
1048 
1043 
1092 
1240 
538 
339 
731 
714 
18 
209 
1143 
768 
948 
618 
98 
1009 
1144 
739 
1170 
795 
745 
1029 
938 
927 
402 
286 
1239 
1016 
1225 
366 
1124 
750 
304 
431 
1167 
1082 
617 
886 
480 
503 
628 
400 
802 
1076 
567 
329 
915 
268 
791 
415 
1103 
527 
839 
1183 
869 
1179 
884 
259 
15 
936 
1075 
1247 
1172 
665 
588 
1235 
206 
422 
322 
374 
1056 
687 
1090 
1048 
639 
759 
367 
578 
1228 
522 
1036 
1122 
1070 
88 
845 
207 
309 
599 
373 
83 
235 
1053 
628 
532 
1009 
1222 
1170 
174 
1201 
201 
1130 
925 
739 
937 
1215 
797 
1169 
98 
142 
992 
745 
91 
380 
372 
1242 
668 
489 
487 
684 
816 
415 
1044 
379 
519 
525 
28 
347 
1179 
1199 
278 
814 
310 
283 
43 
323 
567 
670 
473 
510 
332 
654 
76 
131 
25 
63 
785 
467 
528 
985 
198 
209 
578 
642 
928 
906 
402 
353 
954 
123 
194 
92 
281 
297 
337 
394 
800 
423 
479 
342 
1172 
164 
496 
1025 
802 
47 
671 
373 
1087 
223 
823 
833 
681 
537 
1217 
415 
488 
178 
532 
1016 
737 
937 
259 
797 
991 
1000 
1084 
1069 
512 
278 
731 
502 
1124 
146 
813 
684 
842 
1123 
256 
638 
791 
1249 
254 
967 
523 
399 
56 
1048 
931 
1170 
208 
1228 
1139 
525 
1226 
551 
464 
1062 
984 
840 
1132 
176 
785 
520 
529 
88 
1044 
902 
935 
1037 
910 
248 
76 
1136 
696 
1234 
48 
1130 
522 
646 
207 
1032 
528 
134 
54 
404 
654 
937 
1144 
593 
934 
877 
394 
330 
366 
567 
803 
323 
814 
985 
105 
851 
151 
899 
744 
402 
1242 
1090 
78 
403 
687 
823 
912 
198 
795 
580 
83 
515 
229 
81 
373 
183 
639 
714 
131 
339 
439 
1185 
1135 
778 
642 
533 
569 
200 
414 
598 
118 
835 
384 
562 
15 
1044 
361 
1010 
223 
32 
208 
1123 
262 
948 
1187 
310 
775 
1022 
147 
332 
297 
410 
685 
845 
385 
1039 
668 
248 
91 
1043 
877 
1154 
904 
145 
1183 
401 
278 
595 
550 
42 
163 
75 
1216 
1074 
1124 
1170 
246 
709 
1048 
1165 
985 
366 
1139 
552 
1103 
842 
515 
789 
677 
727 
616 
673 
88 
129 
1047 
912 
45 
33 
928 
70 
658 
763 
931 
615 
624 
927 
823 
522 
1090 
73 
703 
1130 
524 
132 
424 
917 
373 
23 
747 
362 
260 
1258 
672 
932 
593 
1000 
384 
656 
849 
394 
528 
585 
326 
813 
1229 
201 
1180 
1033 
1043 
902 
1233 
936 
310 
438 
639 
701 
268 
1259 
1244 
536 
1091 
1157 
1066 
803 
177 
88 
566 
935 
827 
209 
655 
123 
964 
91 
525 
663 
487 
1189 
323 
68 
966 
766 
421 
466 
1216 
712 
196 
745 
543 
797 
675 
704 
8 
78 
399 
928 
1255 
776 
234 
101 
753 
1130 
296 
146 
653 
1247 
138 
297 
642 
1024 
1261 
522 
729 
1228 
412 
511 
514 
1084 
912 
671 
1171 
532 
384 
430 
616 
686 
470 
823 
310 
323 
87 
1185 
660 
1000 
578 
269 
1022 
639 
731 
145 
1225 
795 
489 
413 
752 
76 
550 
652 
935 
568 
279 
200 
985 
1073 
1170 
1056 
308 
567 
443 
452 
510 
843 
1247 
163 
825 
1076 
533 
1187 
1090 
823 
365 
273 
516 
904 
332 
609 
402 
642 
476 
585 
914 
932 
35 
1228 
892 
968 
23 
619 
1183 
525 
924 
376 
442 
1158 
936 
1144 
844 
1233 
687 
500 
972 
781 
791 
1174 
1091 
455 
532 
1191 
69 
667 
1122 
621 
982 
654 
485 
184 
340 
832 
361 
49 
34 
981 
522 
527 
278 
1179 
426 
880 
849 
564 
15 
987 
1044 
483 
4 
1197 
155 
1048 
225 
151 
789 
609 
567 
402 
373 
412 
702 
1232 
937 
380 
595 
354 
856 
1169 
675 
35 
511 
439 
912 
578 
1058 
1258 
695 
934 
642 
731 
299 
348 
83 
823 
1229 
1073 
1082 
289 
384 
77 
1228 
938 
1186 
845 
1185 
309 
1081 
235 
619 
1193 
254 
183 
670 
327 
1033 
347 
395 
800 
840 
515 
798 
531 
999 
1045 
917 
410 
832 
1032 
1130 
639 
113 
1143 
621 
268 
209 
424 
885 
694 
163 
557 
76 
1023 
1048 
366 
1114 
112 
789 
42 
909 
519 
102 
684 
982 
146 
932 
992 
1090 
616 
397 
556 
522 
447 
294 
958 
373 
1258 
774 
910 
439 
241 
654 
429 
14 
757 
370 
1132 
73 
687 
70 
60 
91 
752 
862 
1158 
380 
1175 
363 
1257 
323 
525 
580 
528 
414 
221 
776 
229 
961 
795 
986 
1130 
368 
738 
235 
1171 
872 
645 
130 
1201 
332 
892 
1050 
665 
840 
157 
1041 
353 
746 
324 
832 
1172 
142 
480 
123 
209 
337 
329 
991 
1167 
273 
1222 
145 
1185 
214 
912 
1120 
119 
82 
147 
6 
1112 
488 
956 
502 
583 
1104 
1202 
642 
52 
1032 
612 
667 
484 
602 
934 
50 
464 
786 
1036 
789 
310 
323 
517 
567 
1056 
65 
927 
823 
708 
798 
1183 
588 
1139 
1123 
639 
948 
628 
259 
537 
1021 
570 
1255 
1055 
687 
428 
648 
516 
695 
828 
920 
309 
714 
696 
1190 
603 
1066 
224 
278 
208 
576 
410 
1099 
1017 
1000 
201 
813 
670 
88 
1155 
567 
841 
48 
578 
654 
522 
345 
308 
449 
159 
1229 
609 
597 
747 
1009 
834 
39 
1196 
1198 
289 
802 
1134 
753 
376 
1247 
562 
840 
1090 
464 
431 
1124 
373 
1 
1145 
931 
1074 
402 
823 
551 
154 
516 
877 
61 
337 
254 
1060 
731 
459 
643 
948 
99 
281 
1136 
1233 
1139 
52 
465 
686 
143 
1189 
839 
1193 
42 
552 
749 
118 
488 
568 
278 
1084 
810 
564 
102 
937 
662 
171 
986 
896 
659 
789 
151 
138 
617 
124 
410 
974 
616 
1184 
489 
327 
394 
856 
373 
917 
642 
445 
416 
691 
959 
48 
1119 
256 
1222 
785 
609 
187 
323 
402 
1135 
806 
473 
1124 
20 
145 
758 
578 
684 
927 
224 
895 
298 
310 
294 
855 
1056 
739 
745 
668 
817 
570 
381 
598 
820 
580 
88 
686 
896 
429 
1229 
324 
366 
221 
464 
482 
604 
945 
1150 
353 
282 
512 
912 
608 
191 
1258 
498 
823 
1174 
340 
789 
247 
276 
1073 
1096 
59 
1081 
438 
76 
436 
323 
1068 
1228 
656 
539 
330 
1159 
208 
278 
131 
397 
5 
1170 
699 
720 
776 
974 
714 
1060 
1208 
73 
588 
1189 
1167 
840 
1102 
434 
1222 
151 
1180 
135 
414 
35 
617 
284 
372 
1115 
242 
917 
410 
1000 
137 
83 
705 
838 
324 
603 
1143 
1255 
924 
163 
639 
566 
1179 
1249 
309 
91 
567 
688 
621 
816 
525 
308 
668 
948 
285 
1226 
514 
695 
117 
299 
843 
898 
159 
683 
1090 
487 
960 
1139 
527 
405 
332 
690 
961 
402 
774 
1171 
107 
879 
932 
1261 
510 
1144 
60 
278 
532 
934 
814 
207 
80 
215 
269 
665 
456 
1086 
654 
1150 
88 
821 
42 
842 
985 
718 
373 
1187 
1102 
674 
798 
136 
183 
1258 
209 
371 
578 
789 
908 
523 
483 
912 
1169 
795 
1061 
1148 
542 
1045 
131 
618 
1178 
322 
229 
671 
167 
999 
839 
474 
380 
1194 
243 
811 
879 
522 
536 
78 
1091 
615 
220 
931 
585 
927 
562 
412 
121 
937 
310 
797 
446 
1009 
902 
583 
646 
278 
1034 
1193 
1229 
1184 
227 
851 
781 
263 
694 
223 
466 
679 
603 
485 
139 
401 
938 
309 
823 
1048 
1081 
61 
1056 
552 
578 
1169 
60 
842 
35 
256 
15 
713 
428 
512 
912 
1130 
982 
794 
488 
595 
1118 
683 
730 
964 
1040 
489 
142 
287 
317 
515 
68 
356 
159 
32 
384 
528 
1032 
551 
323 
421 
1158 
745 
902 
1259 
940 
574 
286 
281 
913 
823 
138 
1016 
466 
42 
45 
1247 
297 
739 
1174 
783 
92 
910 
509 
415 
856 
613 
1248 
1043 
879 
103 
789 
580 
736 
847 
511 
705 
50 
1020 
923 
367 
1237 
141 
1250 
1070 
482 
1009 
1213 
501 
1081 
76 
985 
88 
205 
843 
340 
380 
991 
453 
1044 
755 
87 
130 
464 
275 
483 
272 
112 
1014 
912 
928 
241 
670 
823 
159 
1144 
1228 
35 
855 
956 
982 
955 
1123 
1189 
268 
1000 
593 
47 
54 
1051 
1227 
695 
578 
459 
264 
876 
934 
209 
1024 
298 
151 
1047 
332 
1010 
752 
1146 
140 
948 
512 
373 
462 
254 
1122 
562 
892 
827 
202 
256 
1089 
1124 
1233 
509 
710 
78 
1174 
148 
401 
618 
229 
1120 
289 
902 
853 
789 
655 
439 
778 
668 
558 
172 
243 
1048 
1075 
402 
1258 
642 
1179 
29 
132 
1037 
758 
551 
91 
476 
1121 
1130 
159 
366 
603 
927 
1115 
1084 
609 
310 
810 
912 
35 
88 
283 
722 
226 
108 
790 
1094 
1247 
1032 
849 
207 
1046 
583 
605 
536 
308 
501 
1081 
1106 
1158 
121 
201 
1022 
566 
251 
961 
639 
578 
302 
1210 
189 
1258 
410 
917 
1193 
373 
147 
935 
800 
936 
1144 
312 
103 
999 
24 
629 
1037 
802 
440 
964 
1040 
60 
752 
1213 
838 
473 
665 
1179 
15 
48 
256 
229 
477 
718 
923 
938 
379 
1134 
857 
725 
823 
1170 
42 
672 
1249 
1059 
656 
583 
789 
913 
992 
209 
281 
909 
289 
1090 
208 
986 
480 
1162 
196 
380 
567 
1012 
410 
908 
528 
381 
1033 
735 
470 
1091 
904 
562 
330 
1183 
834 
928 
341 
466 
1073 
54 
76 
277 
554 
690 
256 
131 
1232 
373 
1048 
287 
35 
1229 
323 
185 
937 
503 
935 
647 
163 
593 
332 
966 
753 
699 
310 
797 
1258 
500 
902 
851 
616 
880 
206 
224 
476 
752 
452 
577 
924 
1242 
629 
489 
426 
945 
1206 
1067 
1017 
646 
433 
1261 
1235 
827 
91 
654 
309 
954 
161 
515 
1070 
264 
284 
191 
298 
208 
917 
528 
341 
802 
823 
552 
512 
652 
135 
656 
1044 
384 
719 
1107 
4 
1157 
1102 
789 
593 
790 
1003 
966 
487 
1225 
15 
49 
1144 
228 
194 
1048 
156 
1172 
1063 
1130 
937 
1179 
748 
890 
376 
794 
480 
209 
168 
912 
690 
1043 
310 
32 
318 
76 
562 
522 
670 
13 
805 
303 
339 
42 
942 
424 
639 
753 
380 
902 
29 
935 
177 
795 
88 
465 
598 
1180 
1249 
1090 
926 
923 
323 
482 
1149 
151 
1156 
1050 
584 
538 
366 
583 
39 
1229 
498 
1044 
47 
617 
599 
778 
1242 
843 
679 
340 
1187 
660 
1170 
840 
1018 
578 
461 
1139 
797 
857 
954 
695 
244 
1258 
838 
556 
1233 
373 
60 
431 
654 
668 
1117 
714 
272 
971 
191 
673 
753 
193 
1144 
329 
529 
1120 
827 
528 
804 
137 
452 
974 
433 
741 
134 
785 
958 
415 
801 
1068 
928 
1003 
835 
436 
136 
648 
1203 
927 
320 
435 
281 
130 
439 
841 
157 
738 
1048 
466 
9 
412 
15 
813 
59 
616 
567 
287 
197 
795 
1056 
397 
512 
739 
231 
255 
1247 
663 
164 
394 
364 
1035 
330 
665 
21 
578 
190 
1233 
161 
636 
797 
936 
408 
1092 
1106 
658 
752 
403 
583 
209 
537 
679 
339 
331 
1193 
340 
613 
1189 
497 
1179 
38 
833 
955 
527 
76 
935 
609 
449 
501 
1119 
519 
565 
1185 
53 
1045 
1084 
1172 
525 
1049 
1247 
1065 
672 
468 
783 
1124 
451 
157 
670 
897 
163 
1217 
309 
39 
852 
373 
320 
1070 
254 
291 
463 
568 
1132 
937 
522 
851 
1174 
138 
834 
21 
1175 
303 
758 
654 
244 
593 
538 
562 
1228 
353 
1225 
1032 
1213 
1233 
1214 
1119 
1040 
795 
34 
15 
489 
228 
1171 
985 
524 
1048 
350 
48 
310 
329 
628 
1102 
1231 
823 
113 
170 
719 
902 
616 
192 
1139 
1258 
895 
1138 
588 
1255 
88 
938 
789 
268 
839 
1016 
1001 
1061 
264 
759 
1031 
870 
1201 
567 
679 
537 
797 
578 
1020 
541 
671 
323 
83 
1091 
991 
209 
384 
739 
158 
1247 
554 
303 
415 
184 
525 
1161 
1193 
1003 
570 
758 
373 
259 
652 
432 
937 
716 
1050 
330 
1157 
640 
60 
438 
1179 
1225 
1186 
647 
372 
747 
307 
1206 
1084 
683 
965 
461 
483 
1259 
1106 
14 
321 
948 
278 
844 
50 
608 
1142 
153 
838 
580 
1214 
351 
981 
947 
130 
139 
671 
1061 
524 
434 
199 
507 
206 
318 
431 
985 
103 
76 
840 
785 
1124 
92 
791 
228 
414 
1144 
354 
789 
808 
702 
1093 
1215 
369 
18 
1114 
303 
654 
1239 
451 
1090 
1108 
1102 
146 
847 
606 
402 
1229 
567 
839 
560 
1135 
879 
510 
1198 
937 
54 
565 
301 
1170 
324 
1151 
877 
1222 
522 
703 
1104 
608 
1139 
482 
1113 
1032 
342 
528 
1234 
583 
467 
445 
1155 
192 
532 
1129 
714 
312 
1033 
1171 
964 
200 
145 
1076 
1146 
1044 
1091 
1084 
514 
1137 
1233 
88 
480 
1258 
788 
1176 
130 
820 
77 
413 
373 
851 
1172 
1016 
928 
739 
1048 
785 
656 
652 
263 
157 
384 
1174 
912 
202 
1000 
578 
397 
943 
83 
214 
207 
254 
1228 
1108 
424 
112 
868 
1111 
147 
506 
120 
175 
191 
845 
932 
615 
738 
522 
612 
209 
278 
444 
57 
797 
18 
299 
1082 
502 
281 
426 
1222 
139 
619 
823 
1206 
731 
285 
384 
310 
1183 
618 
516 
1178 
483 
282 
1187 
567 
380 
1032 
472 
35 
896 
638 
65 
268 
138 
1124 
578 
1143 
597 
665 
834 
670 
341 
531 
1134 
927 
107 
789 
611 
382 
1120 
537 
654 
991 
185 
668 
1136 
73 
1073 
938 
351 
564 
1108 
935 
146 
532 
1003 
375 
1044 
164 
402 
832 
813 
54 
512 
442 
631 
446 
91 
758 
1090 
1177 
785 
254 
272 
677 
811 
956 
398 
1130 
408 
928 
511 
708 
1144 
88 
191 
3 
71 
957 
578 
841 
18 
1091 
679 
180 
839 
585 
902 
671 
373 
522 
1124 
569 
583 
177 
1081 
394 
912 
1258 
534 
323 
404 
200 
241 
528 
654 
1111 
1170 
1088 
47 
1036 
619 
1033 
176 
1201 
702 
442 
873 
823 
1120 
1234 
375 
81 
207 
856 
60 
411 
935 
92 
1222 
917 
593 
1139 
652 
656 
896 
775 
145 
722 
88 
446 
1203 
538 
781 
101 
281 
683 
1008 
408 
233 
1048 
795 
380 
1247 
278 
196 
223 
562 
797 
1158 
1059 
789 
32 
577 
123 
880 
264 
843 
133 
480 
394 
665 
537 
70 
1228 
1248 
823 
29 
1117 
1144 
670 
105 
1258 
310 
1096 
487 
53 
1259 
131 
1249 
464 
119 
928 
59 
309 
567 
1102 
648 
209 
628 
1073 
760 
640 
176 
912 
552 
186 
568 
412 
838 
136 
1136 
1139 
1187 
466 
384 
919 
616 
1224 
813 
743 
814 
129 
373 
607 
25 
483 
805 
148 
1032 
961 
287 
576 
842 
42 
836 
316 
1171 
795 
1081 
60 
323 
1106 
913 
1091 
902 
147 
527 
695 
297 
1253 
1179 
226 
604 
610 
1062 
654 
1077 
1233 
86 
578 
835 
923 
758 
1178 
291 
526 
339 
714 
47 
501 
565 
522 
248 
1037 
895 
405 
1143 
373 
1114 
944 
159 
276 
1089 
105 
438 
50 
332 
789 
537 
883 
1074 
1144 
823 
1172 
1194 
35 
452 
445 
138 
930 
999 
402 
243 
631 
1158 
1247 
731 
1229 
515 
705 
567 
639 
996 
1225 
164 
353 
654 
943 
942 
190 
885 
861 
927 
87 
1106 
671 
355 
92 
583 
527 
593 
221 
314 
675 
778 
263 
841 
682 
899 
70 
704 
48 
522 
208 
609 
745 
785 
1123 
511 
1043 
952 
642 
882 
1039 
1087 
363 
1048 
1161 
821 
117 
339 
991 
528 
797 
816 
13 
912 
646 
517 
447 
1126 
714 
1189 
200 
318 
466 
262 
878 
532 
35 
78 
999 
451 
588 
663 
1000 
961 
628 
129 
1 
278 
320 
477 
348 
1058 
410 
792 
1007 
241 
1109 
309 
389 
617 
465 
1081 
720 
789 
670 
260 
480 
642 
568 
1170 
310 
960 
561 
201 
1048 
695 
956 
797 
1179 
34 
832 
1053 
580 
1225 
87 
936 
507 
140 
777 
1146 
1009 
1258 
619 
1124 
986 
981 
533 
585 
117 
1167 
373 
650 
736 
1173 
330 
464 
1083 
1209 
147 
410 
105 
15 
958 
176 
785 
1228 
142 
1 
1240 
637 
1183 
920 
286 
1207 
88 
400 
29 
421 
683 
229 
1193 
671 
537 
132 
588 
948 
1135 
896 
826 
616 
932 
652 
382 
1099 
840 
128 
1048 
363 
714 
753 
69 
670 
656 
303 
583 
834 
380 
318 
793 
1161 
1075 
789 
1061 
168 
1144 
239 
1160 
329 
814 
890 
402 
803 
1258 
618 
1108 
57 
487 
1179 
1065 
880 
1247 
952 
1169 
35 
179 
1000 
611 
567 
373 
88 
476 
354 
812 
599 
229 
704 
378 
1046 
679 
159 
690 
54 
788 
1151 
1157 
403 
752 
273 
551 
172 
1146 
423 
131 
564 
820 
463 
919 
673 
802 
473 
902 
1182 
138 
1011 
758 
744 
1009 
42 
833 
1135 
785 
899 
1106 
412 
554 
578 
480 
609 
635 
1107 
1216 
233 
514 
595 
323 
14 
685 
1111 
588 
255 
1255 
438 
384 
567 
399 
440 
341 
426 
522 
527 
291 
927 
639 
856 
795 
649 
748 
670 
435 
273 
470 
310 
125 
534 
645 
59 
102 
436 
668 
696 
354 
415 
289 
686 
1058 
353 
1130 
347 
339 
229 
1032 
75 
642 
13 
1186 
695 
246 
141 
735 
886 
129 
960 
322 
1153 
1036 
1044 
402 
404 
766 
1048 
373 
653 
133 
221 
110 
48 
510 
1022 
1107 
425 
43 
604 
568 
1216 
285 
453 
797 
621 
1070 
1242 
236 
948 
131 
477 
394 
823 
1088 
1224 
725 
46 
262 
182 
805 
935 
412 
1000 
1237 
690 
159 
310 
405 
1222 
562 
665 
563 
1124 
214 
108 
616 
1168 
339 
1172 
580 
209 
668 
464 
403 
1174 
1235 
139 
1167 
256 
681 
843 
1044 
107 
673 
1144 
185 
328 
600 
533 
789 
428 
1037 
1189 
9 
121 
687 
259 
593 
884 
791 
868 
853 
35 
1203 
695 
13 
940 
795 
196 
88 
130 
1021 
568 
70 
522 
1126 
87 
50 
618 
654 
299 
131 
145 
401 
278 
1093 
190 
823 
120 
1172 
340 
531 
603 
1255 
1053 
886 
404 
1048 
163 
488 
1225 
642 
181 
714 
532 
94 
1000 
895 
913 
917 
1187 
912 
1075 
803 
564 
48 
348 
1073 
645 
928 
799 
380 
1047 
783 
69 
1130 
665 
877 
129 
585 
1024 
1114 
309 
954 
209 
902 
1194 
731 
278 
718 
1032 
318 
880 
215 
268 
297 
835 
60 
1018 
696 
64 
924 
404 
797 
528 
324 
285 
593 
1044 
1063 
498 
35 
932 
208 
985 
1216 
1162 
133 
371 
397 
525 
