0.040900 
0.041100 
0.044400 
0.045300 
0.045600 
0.046700 
0.048300 
0.050600 
0.052000 
0.053000 
0.053400 
0.053700 
0.053800 
0.053900 
0.054000 
0.054800 
0.055700 
0.056600 
0.057100 
0.057700 
0.057700 
0.058300 
0.060300 
0.060400 
0.061600 
0.064400 
0.064800 
0.065100 
0.065500 
0.068500 
0.068700 
0.072800 
0.073000 
0.073500 
0.075800 
0.082300 
0.084400 
0.084600 
0.084800 
0.085100 
0.085300 
0.088800 
0.091600 
0.091700 
0.093700 
0.094000 
0.094200 
0.094300 
0.095200 
0.096500 
0.096500 
0.098200 
0.099000 
0.100000 
0.100200 
0.100600 
0.101900 
0.102700 
0.106200 
0.107800 
0.108900 
0.112200 
0.113800 
0.113900 
0.114100 
0.118700 
0.118800 
0.123300 
0.125500 
0.126900 
0.127000 
0.128200 
0.128400 
0.129200 
0.130300 
0.132800 
0.134400 
0.134900 
0.135000 
0.135100 
0.136200 
0.138700 
0.140500 
0.141900 
0.142400 
0.143200 
0.143800 
0.145100 
0.145200 
0.145300 
0.145400 
0.147500 
0.151600 
0.153100 
0.153600 
0.155900 
0.157900 
0.158100 
0.159500 
0.160000 
0.161400 
0.161500 
0.161800 
0.161800 
0.162000 
0.162000 
0.162000 
0.162900 
0.163900 
0.166500 
0.167100 
0.167500 
0.167500 
0.168700 
0.175600 
0.176100 
0.176900 
0.179000 
0.180800 
0.183100 
0.183800 
0.185400 
0.185900 
0.186400 
0.188200 
0.189000 
0.189200 
0.191100 
0.191300 
0.191600 
0.193700 
0.194300 
0.195900 
0.196700 
0.196800 
0.202400 
0.202500 
0.202700 
0.203200 
0.206800 
0.207300 
0.208400 
0.210800 
0.210900 
0.212900 
0.213700 
0.213800 
0.214800 
0.214800 
0.218300 
0.220000 
0.224100 
0.224200 
0.229000 
0.230100 
0.233000 
0.233300 
0.235200 
0.235300 
0.235400 
0.235700 
0.235800 
0.235900 
0.236000 
0.236400 
0.237000 
0.237700 
0.238400 
0.238500 
0.238700 
0.240100 
0.240900 
0.244000 
0.246200 
0.248200 
0.254200 
0.254300 
0.256900 
0.257700 
0.259700 
0.260800 
0.261400 
0.261900 
0.263400 
0.264600 
0.264800 
0.265700 
0.270700 
0.271500 
0.272000 
0.274300 
0.274900 
0.275300 
0.277900 
0.278300 
0.279700 
0.281600 
0.283700 
0.286800 
0.287500 
0.287600 
0.287800 
0.287900 
0.291900 
0.293000 
0.293500 
0.294000 
0.296900 
0.297200 
0.297600 
0.298600 
0.304200 
0.306200 
0.307400 
0.310500 
0.311100 
0.311900 
0.312500 
0.315400 
0.315500 
0.317400 
0.318600 
0.319500 
0.321500 
0.321900 
0.322600 
0.322600 
0.323200 
0.324300 
0.324600 
0.325300 
0.325500 
0.325700 
0.326100 
0.326900 
0.329700 
0.330900 
0.332100 
0.335100 
0.335100 
0.335300 
0.335500 
0.336500 
0.336600 
0.336900 
0.339400 
0.340600 
0.341100 
0.342500 
0.344400 
0.344500 
0.344900 
0.346600 
0.348100 
0.348700 
0.348900 
0.349700 
0.352900 
0.353300 
0.355400 
0.356100 
0.360100 
0.360600 
0.365600 
0.369800 
0.372900 
0.373100 
0.374100 
0.374800 
0.375500 
0.376800 
0.376900 
0.377400 
0.378100 
0.378300 
0.378600 
0.379200 
0.379400 
0.381400 
0.381400 
0.381900 
0.381900 
0.382600 
0.383500 
0.385400 
0.388600 
0.390000 
0.394000 
0.395100 
0.396700 
0.398200 
0.399600 
0.401200 
0.403200 
0.404400 
0.404400 
0.407000 
0.407200 
0.407300 
0.409500 
0.410300 
0.411200 
0.413200 
0.413900 
0.414600 
0.414600 
0.415600 
0.416300 
0.416700 
0.418700 
0.420400 
0.420500 
0.422000 
0.422000 
0.422700 
0.423700 
0.424300 
0.425500 
0.425600 
0.427000 
0.427700 
0.428600 
0.431800 
0.432500 
0.433200 
0.437100 
0.437100 
0.441300 
0.442400 
0.442500 
0.443100 
0.443200 
0.443300 
0.445700 
0.445800 
0.448300 
0.448300 
0.450500 
0.450600 
0.451200 
0.451300 
0.456200 
0.456400 
0.456800 
0.458000 
0.458100 
0.461300 
0.462000 
0.463300 
0.463800 
0.467600 
0.468200 
0.469600 
0.470900 
0.472600 
0.472700 
0.473600 
0.476300 
0.477400 
0.477900 
0.478500 
0.478500 
0.479800 
0.481800 
0.482500 
0.485800 
0.486100 
0.486200 
0.488900 
0.492600 
0.493100 
0.495000 
0.495400 
0.496200 
0.497000 
0.497100 
0.497700 
0.498600 
0.498700 
0.503000 
0.504600 
0.505100 
0.505800 
0.506100 
0.506500 
0.507500 
0.509200 
0.511200 
0.512000 
0.512800 
0.514000 
0.515000 
0.519200 
0.519600 
0.522100 
0.524600 
0.525100 
0.528800 
0.529100 
0.529800 
0.531100 
0.531600 
0.531800 
0.534900 
0.534900 
0.538900 
0.539000 
0.542700 
0.543900 
0.543900 
0.544200 
0.544700 
0.546200 
0.546800 
0.547000 
0.547800 
0.550700 
0.554600 
0.554900 
0.556100 
0.556400 
0.556500 
0.556800 
0.557200 
0.558400 
0.561000 
0.562500 
0.563500 
0.563900 
0.565300 
0.565500 
0.565600 
0.566000 
0.566500 
0.568500 
0.572300 
0.574200 
0.574800 
0.575300 
0.578300 
0.578600 
0.578900 
0.581300 
0.584700 
0.585300 
0.586200 
0.587400 
0.589000 
0.589700 
0.590400 
0.593200 
0.598000 
0.598200 
0.598500 
0.598800 
0.600700 
0.600700 
0.600800 
0.601200 
0.605500 
0.609100 
0.609600 
0.610400 
0.610500 
0.611900 
0.618200 
0.618400 
0.618600 
0.619100 
0.620200 
0.620500 
0.620700 
0.621200 
0.623900 
0.624800 
0.625600 
0.626200 
0.627200 
0.627500 
0.632200 
0.634000 
0.635700 
0.635900 
0.636800 
0.637400 
0.637800 
0.638400 
0.639300 
0.639700 
0.640100 
0.642300 
0.644400 
0.644800 
0.645000 
0.648500 
0.648800 
0.650100 
0.650100 
0.650300 
0.653100 
0.654400 
0.655100 
0.661000 
0.661000 
0.663300 
0.666400 
0.666700 
0.670100 
0.670700 
0.671800 
0.673200 
0.674100 
0.676100 
0.676500 
0.678100 
0.679200 
0.679200 
0.679900 
0.681700 
0.686800 
0.687300 
0.687800 
0.690400 
0.695800 
0.696500 
0.697100 
0.697300 
0.697500 
0.697700 
0.698100 
0.699200 
0.699200 
0.699500 
0.700100 
0.701500 
0.702700 
0.704700 
0.707300 
0.707400 
0.707800 
0.709100 
0.711000 
0.711100 
0.712100 
0.712300 
0.713900 
0.714900 
0.716700 
0.717400 
0.719300 
0.719900 
0.720100 
0.722800 
0.724500 
0.725100 
0.726600 
0.727900 
0.728200 
0.729600 
0.730800 
0.732100 
0.733000 
0.734500 
0.735700 
0.736000 
0.738300 
0.740200 
0.740300 
0.742000 
0.742800 
0.743000 
0.743400 
0.743700 
0.744600 
0.747600 
0.748600 
0.748700 
0.749100 
0.750200 
0.751400 
0.751600 
0.751900 
0.753400 
0.756500 
0.757200 
0.757500 
0.757700 
0.757800 
0.758800 
0.760700 
0.762200 
0.763300 
0.763900 
0.765100 
0.765100 
0.766400 
0.769100 
0.769300 
0.769900 
0.770300 
0.774600 
0.775600 
0.776500 
0.776900 
0.778100 
0.781700 
0.783900 
0.784300 
0.784600 
0.784900 
0.788500 
0.789600 
0.790300 
0.790900 
0.793200 
0.793600 
0.793800 
0.799900 
0.801300 
0.804300 
0.804600 
0.805400 
0.808100 
0.808900 
0.809800 
0.811600 
0.812200 
0.812400 
0.813900 
0.814700 
0.815100 
0.817200 
0.818300 
0.820100 
0.820100 
0.820400 
0.820400 
0.820500 
0.821800 
0.823700 
0.825100 
0.826800 
0.830300 
0.830500 
0.831700 
0.832200 
0.832500 
0.833100 
0.834100 
0.835400 
0.835700 
0.837400 
0.837800 
0.838500 
0.839200 
0.839500 
0.841300 
0.841600 
0.844400 
0.850700 
0.851300 
0.851400 
0.851700 
0.852500 
0.856400 
0.857100 
0.858900 
0.861000 
0.864200 
0.865100 
0.865200 
0.865400 
0.866000 
0.867200 
0.868800 
0.870200 
0.870400 
0.870700 
0.871400 
0.876400 
0.876600 
0.876900 
0.877500 
0.877800 
0.880400 
0.881600 
0.882800 
0.883200 
0.887100 
0.888800 
0.890900 
0.891300 
0.897000 
0.897000 
0.898800 
0.899500 
0.902800 
0.903800 
0.904600 
0.906000 
0.906800 
0.907500 
0.909400 
0.909800 
0.912400 
0.912700 
0.914500 
0.914700 
0.914800 
0.915000 
0.916300 
0.916900 
0.921400 
0.921600 
0.923500 
0.923600 
0.927100 
0.927600 
0.927600 
0.929000 
0.931200 
0.932000 
0.933200 
0.933300 
0.934300 
0.936200 
0.936600 
0.938800 
0.940100 
0.940200 
0.944000 
0.945000 
0.947800 
0.948100 
0.950400 
0.953000 
0.953800 
0.954600 
0.956300 
0.956700 
0.957900 
0.961300 
0.962500 
0.962700 
0.964800 
0.966600 
0.969300 
0.969400 
0.970500 
0.970600 
0.971700 
0.972000 
0.973200 
0.973400 
0.973400 
0.973800 
0.974600 
0.975100 
0.975600 
0.975600 
0.976900 
0.978000 
0.978700 
0.979200 
0.979300 
0.980000 
0.981600 
0.982100 
0.984600 
0.986200 
0.987200 
0.988800 
0.990200 
0.990800 
0.991100 
0.994000 
0.994900 
0.997000 
0.998000 
0.999800 
1.002200 
1.003200 
1.004700 
1.005000 
1.005400 
1.009400 
1.010000 
1.010800 
1.012300 
1.012500 
1.013800 
1.015200 
1.016000 
1.017100 
1.018500 
1.020600 
1.021500 
1.023900 
1.024100 
1.024300 
1.027100 
1.028700 
1.029200 
1.029600 
1.030000 
1.035300 
1.036500 
1.036800 
1.039700 
1.039700 
1.039900 
1.040200 
1.040300 
1.041000 
1.041400 
1.045300 
1.047900 
1.049200 
1.049400 
1.049600 
1.051100 
1.051200 
1.051600 
1.053800 
1.053800 
1.056600 
1.056900 
1.062800 
1.064600 
1.065000 
1.066600 
1.066700 
1.067500 
1.067800 
1.069300 
1.070900 
1.072400 
1.072500 
1.072600 
1.073600 
1.075100 
1.078100 
1.080400 
1.082900 
1.083700 
1.085400 
1.087300 
1.090900 
1.091300 
1.092100 
1.092800 
1.094800 
1.095700 
1.096100 
1.096700 
1.097400 
1.098700 
1.099300 
1.099600 
1.100100 
1.101000 
1.101100 
1.101800 
1.102100 
1.102800 
1.103600 
1.104000 
1.104600 
1.105800 
1.107100 
1.107600 
1.109600 
1.110200 
1.113900 
1.115800 
1.116100 
1.116800 
1.118300 
1.118300 
1.121600 
1.121700 
1.122500 
1.123000 
1.125600 
1.126200 
1.126500 
1.129700 
1.136200 
1.136500 
1.136700 
1.136800 
1.137000 
1.141000 
1.141500 
1.146300 
1.147400 
1.148400 
1.149600 
1.152300 
1.153500 
1.154200 
1.154300 
1.154700 
1.154800 
1.156300 
1.156700 
1.158600 
1.163200 
1.163300 
1.163400 
1.164100 
1.165400 
1.166800 
1.167400 
1.168000 
1.171200 
1.174800 
1.175600 
1.182100 
1.182200 
1.183400 
1.184000 
1.184200 
1.185200 
1.185800 
1.186700 
1.187300 
1.187900 
1.188100 
1.188200 
1.188300 
1.188800 
1.189100 
1.189900 
1.191200 
1.192500 
1.192600 
1.194400 
1.194500 
1.195100 
1.195800 
1.197100 
1.199800 
1.200100 
1.201300 
1.203100 
1.203200 
1.203500 
1.204100 
1.208400 
1.209900 
1.211100 
1.211400 
1.212400 
1.215900 
1.216000 
1.216200 
1.217800 
1.218100 
1.220100 
1.220600 
1.220700 
1.221400 
1.223200 
1.223200 
1.226500 
1.226900 
1.228500 
1.229000 
1.229800 
1.229900 
1.230500 
1.233300 
1.233800 
1.238700 
1.241000 
1.244200 
1.244800 
1.249600 
1.249700 
1.250400 
1.251400 
1.251800 
1.252700 
1.252800 
1.253300 
1.253800 
1.254600 
1.255300 
1.255700 
1.256400 
1.256800 
1.258300 
1.258900 
1.263100 
1.263400 
1.263900 
1.264300 
1.265800 
1.268600 
1.270700 
1.272400 
1.273900 
1.275900 
1.278500 
1.281600 
1.284500 
1.289500 
1.289600 
1.290300 
1.290700 
1.290900 
1.291400 
1.291800 
1.293100 
1.294300 
1.296400 
1.299400 
1.304800 
1.305000 
1.308500 
1.309000 
1.310600 
1.313300 
1.314200 
1.315600 
1.317500 
1.317800 
1.318600 
1.318900 
1.323100 
1.323800 
1.325200 
1.325500 
1.325600 
1.325800 
1.326600 
1.329400 
1.330700 
1.332900 
1.337600 
1.337800 
1.338000 
1.338600 
1.343600 
1.344800 
1.346500 
1.347000 
1.348400 
1.348600 
1.351600 
1.353600 
1.355600 
1.355700 
1.355900 
1.357900 
1.363100 
1.363300 
1.363800 
1.365100 
1.367500 
1.369100 
1.369600 
1.371200 
1.372300 
1.373700 
1.374200 
1.374700 
1.375100 
1.377800 
1.380600 
1.383600 
1.385300 
1.386600 
1.387800 
1.389800 
1.390300 
1.391700 
1.394100 
1.395800 
1.398800 
1.398800 
1.399500 
1.402000 
1.402200 
1.402300 
1.402600 
1.403100 
1.405000 
1.405000 
1.408300 
1.408600 
1.409100 
1.410500 
1.413100 
1.416900 
1.417600 
1.419500 
1.420300 
1.420900 
1.421200 
1.422300 
1.422700 
1.424600 
1.425300 
1.425900 
1.426300 
1.426600 
1.428400 
1.428800 
1.431200 
1.436800 
1.438600 
1.439500 
1.440000 
1.440300 
1.442900 
1.443000 
1.443800 
1.444200 
1.444500 
1.445100 
1.445500 
1.450900 
1.451200 
1.453700 
1.455400 
1.456000 
1.456700 
1.457300 
1.462700 
1.467200 
1.469300 
1.470400 
1.471800 
1.473500 
1.474500 
1.474900 
1.476500 
1.477000 
1.477100 
1.477400 
1.478300 
1.478500 
1.478700 
1.479500 
1.481100 
1.482700 
1.482700 
1.484500 
1.485500 
1.486300 
1.487800 
1.488800 
1.490200 
1.491100 
1.491100 
1.492100 
1.499700 
1.500300 
1.503200 
1.503500 
1.506400 
1.506600 
1.509000 
1.510200 
1.510400 
1.510600 
1.511100 
1.512600 
1.514200 
1.515300 
1.516200 
1.516300 
1.516700 
1.518300 
1.520800 
1.520900 
1.521100 
1.521500 
1.523400 
1.525400 
1.529500 
1.532100 
1.533100 
1.533100 
1.533700 
1.534400 
1.538500 
1.540100 
1.540900 
1.541100 
1.541600 
1.547500 
1.547800 
1.548900 
1.548900 
1.550100 
1.550300 
1.553500 
1.553800 
1.554200 
1.555800 
1.557700 
1.558700 
1.563700 
1.563800 
1.565100 
1.565100 
1.565700 
1.565900 
1.567000 
1.568500 
1.569400 
1.569600 
1.572400 
1.573000 
1.573400 
1.574900 
1.576500 
1.577600 
1.578900 
1.579500 
1.580300 
1.580400 
1.582200 
1.585300 
1.585700 
1.588900 
1.589700 
1.590100 
1.590800 
1.590900 
1.592000 
1.592500 
1.593000 
1.594000 
1.596800 
1.596900 
1.599300 
1.600600 
1.600800 
1.601100 
1.604100 
1.607100 
1.608400 
1.610900 
1.610900 
1.611500 
1.611700 
1.614400 
1.615900 
1.619800 
1.619900 
1.621400 
1.621800 
1.623700 
1.624200 
1.624400 
1.624700 
1.624800 
1.628300 
1.630300 
1.630700 
1.631900 
1.632700 
1.634400 
1.635700 
1.636000 
1.637800 
1.638000 
1.638400 
1.639400 
1.639500 
1.639600 
1.642100 
1.649000 
1.649600 
1.653400 
1.653700 
1.655300 
1.657000 
1.657600 
1.659100 
1.660600 
1.662200 
1.663600 
1.664500 
1.666500 
1.666600 
1.668400 
1.668900 
1.670700 
1.675300 
1.676600 
1.677300 
1.677600 
1.678700 
1.679100 
1.684300 
1.685300 
1.686300 
1.686900 
1.692600 
1.693700 
1.695100 
1.695300 
1.695300 
1.695400 
1.696600 
1.698100 
1.699800 
1.701300 
1.701400 
1.704100 
1.705100 
1.705500 
1.707100 
1.707800 
1.707800 
1.707900 
1.708600 
1.709900 
1.710800 
1.712400 
1.713700 
1.714300 
1.716400 
1.717300 
1.717700 
1.721600 
1.721900 
1.722300 
1.722700 
1.723100 
1.726000 
1.726200 
1.726700 
1.728000 
1.728500 
1.730200 
1.732800 
1.733500 
1.734600 
1.735500 
1.737800 
1.739300 
1.747000 
1.748000 
1.748000 
1.748200 
1.750500 
1.750600 
1.752600 
1.754500 
1.755200 
1.755700 
1.759500 
1.759900 
1.763600 
1.763900 
1.764000 
1.765500 
1.767400 
1.768100 
1.768800 
1.769000 
1.769200 
1.770000 
1.770100 
1.771300 
1.772300 
1.772900 
1.773300 
1.775100 
1.781700 
1.783200 
1.783500 
1.784600 
1.784700 
1.785000 
1.786400 
1.786600 
1.786800 
1.786900 
1.788100 
1.790700 
1.791100 
1.791300 
1.793800 
1.797600 
1.798600 
1.800300 
1.800400 
1.801600 
1.801800 
1.807300 
1.807400 
1.808400 
1.809500 
1.810200 
1.811300 
1.812700 
1.815800 
1.816500 
1.817900 
1.821300 
1.822500 
1.822600 
1.822600 
1.825000 
1.825400 
1.825500 
1.825600 
1.828400 
1.830100 
1.830700 
1.832100 
1.832500 
1.832600 
1.833900 
1.834800 
1.835400 
1.838100 
1.840900 
1.842400 
1.843200 
1.843500 
1.845800 
1.846500 
1.846800 
1.847100 
1.851100 
1.851700 
1.852100 
1.852100 
1.853400 
1.854100 
1.854500 
1.860000 
1.860500 
1.863000 
1.864300 
1.867100 
1.868500 
1.868700 
1.868800 
1.869300 
1.870400 
1.871600 
1.872800 
1.874500 
1.879200 
1.884900 
1.885800 
1.887600 
1.887900 
1.888900 
1.890200 
1.891100 
1.895400 
1.897400 
1.897800 
1.899800 
1.902100 
1.902400 
1.902700 
1.903200 
1.903300 
1.904200 
1.905000 
1.906500 
1.908600 
1.909600 
1.911200 
1.911700 
1.914300 
1.914300 
1.915100 
1.916500 
1.917100 
1.920600 
1.920600 
1.920900 
1.921500 
1.922100 
1.927000 
1.927100 
1.929700 
1.931200 
1.931600 
1.932500 
1.932700 
1.934300 
1.934900 
1.936300 
1.936700 
1.939000 
1.940700 
1.940900 
1.941400 
1.943500 
1.945900 
1.946400 
1.947300 
1.950400 
1.951100 
1.952000 
1.953100 
1.954100 
1.954700 
1.954800 
1.958000 
1.958800 
1.959200 
1.959700 
1.962000 
1.967400 
1.968400 
1.968900 
1.974100 
1.974200 
1.975700 
1.978700 
1.982600 
1.982800 
1.986300 
1.986800 
1.987100 
1.987200 
1.991700 
1.994200 
1.995600 
1.996400 
1.996900 
1.998700 
1.999300 
1.999800 
2.000300 
2.000700 
2.005200 
2.006000 
2.008000 
2.008800 
2.009100 
2.009600 
2.010200 
2.010700 
2.012600 
2.016400 
2.017300 
2.017800 
2.021600 
2.022300 
2.023300 
2.027000 
2.029500 
2.030200 
2.030300 
2.031800 
2.032000 
2.033300 
2.033700 
2.037300 
2.037700 
2.040400 
2.042600 
2.043400 
2.044100 
2.045100 
2.046500 
2.049000 
2.051400 
2.052300 
2.052900 
2.053300 
2.055000 
2.055300 
2.056100 
2.057500 
2.058400 
2.059200 
2.061900 
2.062700 
2.064300 
2.064400 
2.064900 
2.067800 
2.068100 
2.070200 
2.070500 
2.071400 
2.071700 
2.073700 
2.074300 
2.077600 
2.079200 
2.079600 
2.080500 
2.080900 
2.082100 
2.084100 
2.084200 
2.085500 
2.085700 
2.086000 
2.089000 
2.092800 
2.095000 
2.095000 
2.097400 
2.097500 
2.098300 
2.099000 
2.100700 
2.101700 
2.102700 
2.103000 
2.105200 
2.108000 
2.109100 
2.110300 
2.111300 
2.112500 
2.112700 
2.114100 
2.115800 
2.116100 
2.116500 
2.117500 
2.117800 
2.118400 
2.119300 
2.119900 
2.119900 
2.121000 
2.121500 
2.122100 
2.123000 
2.123200 
2.127300 
2.128400 
2.128700 
2.130600 
2.132600 
2.132900 
2.135400 
2.138200 
2.138700 
2.138900 
2.139800 
2.140500 
2.141500 
2.142600 
2.142700 
2.142700 
2.143000 
2.143400 
2.144100 
2.145700 
2.147000 
2.149500 
2.151100 
2.152100 
2.152400 
2.154400 
2.154400 
2.154600 
2.160100 
2.160800 
2.161900 
2.164200 
2.164600 
2.165400 
2.165800 
2.166300 
2.166400 
2.167200 
2.167500 
2.168100 
2.169000 
2.170700 
2.173000 
2.173600 
2.175400 
2.176400 
2.180500 
2.181500 
2.187500 
2.188600 
2.189100 
2.189900 
2.191200 
2.191300 
2.191300 
2.191600 
2.194900 
2.196500 
2.201500 
2.201700 
2.201700 
2.201800 
2.202700 
2.205900 
2.206100 
2.206600 
2.210500 
2.211800 
2.212200 
2.212400 
2.212900 
2.213500 
2.214600 
2.215900 
2.218000 
2.218400 
2.219900 
2.222200 
2.222500 
2.222600 
2.223000 
2.223600 
2.223800 
2.229200 
2.231300 
2.232200 
2.233200 
2.233500 
2.235200 
2.236000 
2.236600 
2.236700 
2.237200 
2.237700 
2.238100 
2.238800 
2.240300 
2.242100 
2.242700 
2.243300 
2.244200 
2.244200 
2.245400 
2.245600 
2.246200 
2.247600 
2.248800 
2.251000 
2.251800 
2.252700 
2.256300 
2.256800 
2.258600 
2.259100 
2.259100 
2.259500 
2.265200 
2.265300 
2.269100 
2.269800 
2.270800 
2.271100 
2.271700 
2.274100 
2.275800 
2.279100 
2.279400 
2.281500 
2.283800 
2.284000 
2.284100 
2.285600 
2.286200 
2.286800 
2.287000 
2.287300 
2.290700 
2.291500 
2.293600 
2.295900 
2.296000 
2.298000 
2.300400 
2.301500 
2.302500 
2.304700 
2.307400 
2.308300 
2.308400 
2.308600 
2.310500 
2.310700 
2.311900 
2.312800 
2.315400 
2.315900 
2.317100 
2.318200 
2.318400 
2.319900 
2.320800 
2.321800 
2.327900 
2.328000 
2.329400 
2.330500 
2.330700 
2.331000 
2.331400 
2.333300 
2.335600 
2.338000 
2.338300 
2.339000 
2.339500 
2.340900 
2.344700 
2.348200 
2.349200 
2.349400 
2.353900 
2.354600 
2.357000 
2.359400 
2.359500 
2.361200 
2.361200 
2.363900 
2.364400 
2.369900 
2.370800 
2.371800 
2.373200 
2.373400 
2.374000 
2.374200 
2.375300 
2.376400 
2.377800 
2.378100 
2.378700 
2.379500 
2.383600 
2.383700 
2.384200 
2.385100 
2.385900 
2.388000 
2.388400 
2.389800 
2.390500 
2.390600 
2.390800 
2.391700 
2.393500 
2.394300 
2.395200 
2.395700 
2.395800 
2.397200 
2.398900 
2.399400 
2.401600 
2.403000 
2.403500 
2.405100 
2.407200 
2.408000 
2.409800 
2.414000 
2.414800 
2.414900 
2.418900 
2.421600 
2.422900 
2.425300 
2.428500 
2.429700 
2.431200 
2.432500 
2.435100 
2.437500 
2.439100 
2.439700 
2.442700 
2.445400 
2.446800 
2.448200 
2.448700 
2.450100 
2.450700 
2.451500 
2.451600 
2.452300 
2.452500 
2.452600 
2.453400 
2.454300 
2.454700 
2.455900 
2.456900 
2.458800 
2.459300 
2.459900 
2.461000 
2.462700 
2.462800 
2.463500 
2.463800 
2.463900 
2.464200 
2.468000 
2.468700 
2.470400 
2.470600 
2.474200 
2.474200 
2.474400 
2.474600 
2.481500 
2.484000 
2.485200 
2.488500 
2.488500 
2.488900 
2.489100 
2.489500 
2.489900 
2.490100 
2.490900 
2.491200 
2.491700 
2.493200 
2.493500 
2.496900 
2.497100 
2.498300 
2.500700 
2.501000 
2.506600 
2.506900 
2.507600 
2.511000 
2.513500 
2.514900 
2.516100 
2.517800 
2.519400 
2.519600 
2.519700 
2.521300 
2.521900 
2.522400 
2.524100 
2.524300 
2.526900 
2.527700 
2.528400 
2.530700 
2.533900 
2.534900 
2.536700 
2.537400 
2.541400 
2.542200 
2.545000 
2.545400 
2.546600 
2.547100 
2.547100 
2.547400 
2.548700 
2.549700 
2.554600 
2.555800 
2.556500 
2.556700 
2.559400 
2.559600 
2.560600 
2.560800 
2.566600 
2.567900 
2.570100 
2.570700 
2.571300 
2.572500 
2.573500 
2.577700 
2.577800 
2.581500 
2.584200 
2.589200 
2.590600 
2.590900 
2.593800 
2.593800 
2.595100 
2.595900 
2.596100 
2.596500 
2.599000 
2.599600 
2.602400 
2.602800 
2.605200 
2.607600 
2.612100 
2.614100 
2.615500 
2.617000 
2.617600 
2.618900 
2.618900 
2.623100 
2.624800 
2.626700 
2.627100 
2.628100 
2.630000 
2.631200 
2.631400 
2.635700 
2.636200 
2.636300 
2.636800 
2.637600 
2.639100 
2.639300 
2.640300 
2.641000 
2.642900 
2.644000 
2.645900 
2.647400 
2.648300 
2.650600 
2.650600 
2.652700 
2.654200 
2.657600 
2.658600 
2.658700 
2.661200 
2.662600 
2.662700 
2.662900 
2.664700 
2.665100 
2.668100 
2.668700 
2.670000 
2.671200 
2.671500 
2.671500 
2.672300 
2.672700 
2.678600 
2.679500 
2.680200 
2.684500 
2.684700 
2.685400 
2.685600 
2.690000 
2.692200 
2.692700 
2.693500 
2.694200 
2.694400 
2.695600 
2.696900 
2.698300 
2.698400 
2.700400 
2.700700 
2.701700 
2.701800 
2.704000 
2.712500 
2.714700 
2.715300 
2.715600 
2.715700 
2.716200 
2.718300 
2.718600 
2.718600 
2.721300 
2.722800 
2.725100 
2.728800 
2.728900 
2.729100 
2.734500 
2.735400 
2.735900 
2.736700 
2.736900 
2.738800 
2.739400 
2.739500 
2.740400 
2.740700 
2.741100 
2.741200 
2.741800 
2.743200 
2.746400 
2.747100 
2.748700 
2.752400 
2.753200 
2.754700 
2.754800 
2.756500 
2.759900 
2.761800 
2.762300 
2.762400 
2.762400 
2.763600 
2.766800 
2.767700 
2.768200 
2.769000 
2.770300 
2.770900 
2.772500 
2.774900 
2.775700 
2.776000 
2.778800 
2.778900 
2.779500 
2.781400 
2.781600 
2.781700 
2.781900 
2.784700 
2.785300 
2.787400 
2.790000 
2.791200 
2.791400 
2.793500 
2.794200 
2.795200 
2.795600 
2.795800 
2.795900 
2.798200 
2.799400 
2.800100 
2.800700 
2.800800 
2.801200 
2.801600 
2.802000 
2.802000 
2.804000 
2.805800 
2.810100 
2.811300 
2.811700 
2.813300 
2.816500 
2.818600 
2.819500 
2.819800 
2.820700 
2.826200 
2.829700 
2.830300 
2.833000 
2.833600 
2.835700 
2.835700 
2.839800 
2.843100 
2.844000 
2.844300 
2.844800 
2.845100 
2.847000 
2.847700 
2.851700 
2.852300 
2.852700 
2.855800 
2.856100 
2.856500 
2.856800 
2.857500 
2.857600 
2.858100 
2.858200 
2.859200 
2.860900 
2.864500 
2.864600 
2.868000 
2.869700 
2.870800 
2.872200 
2.875100 
2.875800 
2.877900 
2.878500 
2.880600 
2.880600 
2.882700 
2.885300 
2.885700 
2.887300 
2.894200 
2.895700 
2.897200 
2.897800 
2.900100 
2.900200 
2.900200 
2.902800 
2.905000 
2.906200 
2.906600 
2.908700 
2.909400 
2.909700 
2.909700 
2.910000 
2.911900 
2.914400 
2.915400 
2.915500 
2.916000 
2.916100 
2.916200 
2.916400 
2.919300 
2.921300 
2.921900 
2.923600 
2.924500 
2.925100 
2.925300 
2.925900 
2.927600 
2.930800 
2.931100 
2.933000 
2.933600 
2.934300 
2.934800 
2.936500 
2.937700 
2.938500 
2.938900 
2.940800 
2.941400 
2.942900 
2.943700 
2.945100 
2.946700 
2.947100 
2.949300 
2.949600 
2.951200 
2.953200 
2.953500 
2.954400 
2.955800 
2.958900 
2.961500 
2.961700 
2.966600 
2.967800 
2.970400 
2.972700 
2.973200 
2.973500 
2.976800 
2.977300 
2.977600 
2.979300 
2.979400 
2.980900 
2.981800 
2.984400 
2.988800 
2.989600 
2.989700 
2.989700 
2.990000 
2.993900 
2.994500 
2.995900 
2.996800 
2.997000 
