0.023400 
0.023800 
0.025400 
0.025600 
0.025600 
0.026800 
0.026900 
0.027100 
0.027200 
0.027700 
0.028100 
0.028300 
0.031300 
0.032600 
0.034700 
0.036300 
0.038200 
0.040200 
0.045200 
0.045900 
0.046400 
0.046500 
0.046800 
0.047100 
0.048100 
0.048500 
0.051000 
0.051400 
0.052500 
0.054500 
0.054900 
0.055900 
0.056500 
0.057600 
0.058900 
0.059100 
0.060700 
0.065000 
0.072600 
0.074000 
0.074800 
0.074900 
0.075700 
0.075800 
0.080000 
0.080300 
0.082400 
0.082700 
0.082800 
0.083300 
0.087000 
0.087100 
0.092300 
0.092400 
0.093000 
0.093800 
0.095800 
0.096000 
0.096300 
0.096300 
0.099400 
0.099900 
0.100900 
0.102800 
0.103300 
0.107000 
0.107700 
0.108300 
0.108400 
0.108800 
0.109300 
0.109500 
0.109900 
0.110100 
0.110200 
0.111200 
0.111700 
0.113100 
0.113800 
0.114400 
0.115800 
0.116400 
0.120400 
0.121800 
0.123500 
0.123900 
0.125200 
0.125500 
0.126600 
0.129300 
0.130300 
0.130800 
0.135100 
0.135300 
0.136200 
0.136700 
0.139900 
0.141300 
0.147400 
0.148000 
0.149500 
0.149700 
0.150000 
0.150600 
0.152900 
0.154500 
0.155000 
0.155600 
0.156000 
0.156900 
0.157200 
0.158000 
0.158600 
0.159300 
0.159600 
0.161300 
0.163900 
0.164700 
0.164900 
0.166900 
0.167100 
0.167200 
0.167600 
0.168000 
0.168800 
0.169200 
0.171200 
0.171700 
0.174100 
0.174100 
0.174200 
0.176100 
0.176100 
0.176200 
0.176600 
0.177900 
0.181300 
0.185300 
0.186600 
0.187200 
0.187800 
0.188100 
0.188700 
0.189000 
0.190400 
0.191000 
0.191900 
0.192700 
0.192700 
0.193400 
0.194400 
0.194600 
0.196800 
0.197000 
0.199600 
0.201800 
0.204700 
0.208000 
0.208600 
0.208800 
0.209500 
0.209500 
0.211200 
0.211500 
0.211900 
0.213500 
0.214900 
0.215200 
0.215900 
0.216500 
0.216600 
0.218800 
0.219300 
0.221900 
0.227800 
0.228200 
0.228600 
0.228600 
0.228700 
0.228800 
0.229700 
0.230100 
0.231200 
0.231600 
0.231800 
0.235200 
0.235700 
0.236700 
0.240700 
0.243700 
0.244700 
0.248200 
0.248700 
0.249700 
0.250000 
0.252400 
0.254400 
0.254600 
0.255500 
0.257100 
0.258200 
0.259300 
0.260400 
0.261000 
0.263900 
0.264900 
0.265400 
0.266900 
0.268400 
0.270100 
0.270100 
0.270200 
0.270800 
0.271400 
0.271900 
0.275200 
0.276200 
0.278000 
0.278200 
0.280600 
0.281200 
0.281900 
0.282300 
0.282400 
0.282600 
0.284400 
0.285700 
0.285900 
0.287800 
0.289100 
0.290600 
0.292300 
0.294600 
0.297400 
0.297800 
0.298600 
0.302900 
0.303400 
0.304200 
0.305900 
0.306100 
0.307500 
0.308100 
0.308400 
0.309200 
0.312000 
0.313100 
0.313900 
0.314500 
0.315200 
0.317300 
0.322500 
0.322700 
0.325600 
0.326900 
0.327800 
0.329000 
0.329900 
0.329900 
0.330100 
0.330100 
0.331400 
0.332300 
0.333100 
0.335000 
0.335700 
0.335900 
0.335900 
0.336500 
0.337600 
0.338800 
0.339300 
0.340300 
0.340400 
0.340900 
0.341700 
0.343100 
0.343100 
0.349400 
0.353100 
0.353700 
0.354100 
0.354200 
0.354300 
0.354900 
0.355500 
0.355500 
0.355700 
0.357100 
0.357900 
0.358600 
0.358700 
0.359300 
0.361300 
0.365600 
0.367500 
0.368200 
0.371100 
0.372000 
0.372100 
0.375200 
0.375800 
0.376000 
0.376100 
0.378400 
0.380300 
0.380500 
0.380900 
0.381300 
0.384600 
0.384700 
0.385500 
0.385900 
0.391100 
0.391600 
0.391600 
0.391800 
0.392300 
0.393200 
0.395600 
0.396900 
0.397800 
0.397900 
0.399400 
0.400400 
0.400500 
0.400600 
0.404100 
0.404500 
0.404700 
0.406700 
0.409800 
0.409800 
0.409900 
0.413600 
0.414000 
0.414100 
0.415800 
0.418300 
0.419500 
0.421300 
0.422100 
0.423700 
0.424700 
0.426700 
0.428700 
0.428800 
0.429500 
0.429700 
0.430200 
0.430200 
0.431200 
0.433000 
0.433500 
0.433500 
0.434000 
0.434700 
0.436000 
0.436300 
0.438200 
0.438900 
0.439300 
0.439500 
0.441800 
0.442000 
0.444500 
0.444800 
0.445300 
0.446000 
0.446100 
0.446600 
0.451000 
0.452300 
0.452600 
0.453100 
0.453300 
0.453900 
0.458800 
0.460100 
0.460900 
0.462900 
0.464600 
0.465000 
0.466400 
0.468500 
0.470700 
0.471100 
0.473100 
0.473300 
0.474400 
0.475200 
0.476900 
0.478900 
0.479000 
0.480100 
0.483600 
0.484400 
0.484400 
0.485200 
0.488200 
0.489100 
0.489100 
0.493400 
0.493400 
0.494100 
0.494900 
0.495700 
0.498300 
0.498900 
0.498900 
0.503100 
0.503600 
0.504300 
0.505400 
0.507400 
0.508000 
0.508100 
0.508200 
0.508800 
0.509500 
0.510600 
0.513800 
0.514700 
0.517100 
0.517100 
0.518500 
0.519900 
0.520200 
0.520200 
0.521500 
0.522000 
0.524200 
0.525900 
0.526500 
0.527000 
0.529900 
0.530000 
0.530400 
0.531100 
0.533100 
0.534600 
0.534600 
0.535000 
0.535800 
0.536100 
0.537300 
0.539700 
0.539900 
0.540900 
0.542600 
0.543000 
0.543100 
0.543500 
0.544400 
0.545400 
0.546200 
0.549000 
0.556700 
0.556800 
0.556800 
0.557500 
0.559000 
0.559000 
0.559800 
0.563200 
0.563900 
0.564100 
0.564400 
0.564900 
0.565000 
0.565200 
0.565200 
0.565300 
0.565600 
0.566100 
0.568000 
0.569200 
0.570700 
0.572100 
0.573400 
0.573700 
0.574100 
0.576100 
0.577500 
0.579000 
0.581800 
0.583300 
0.583500 
0.583900 
0.584200 
0.585300 
0.587200 
0.588600 
0.588900 
0.590400 
0.590600 
0.591500 
0.592000 
0.592600 
0.592700 
0.592900 
0.595900 
0.598700 
0.599900 
0.600100 
0.602300 
0.602700 
0.603400 
0.604600 
0.605100 
0.605100 
0.605400 
0.605800 
0.609000 
0.610000 
0.611700 
0.612700 
0.613600 
0.613700 
0.613900 
0.617100 
0.618100 
0.619200 
0.619700 
0.620200 
0.621300 
0.621500 
0.621700 
0.621800 
0.622300 
0.625400 
0.626000 
0.627500 
0.627600 
0.628600 
0.629100 
0.630200 
0.630600 
0.631300 
0.631500 
0.631500 
0.632200 
0.633400 
0.633400 
0.635400 
0.636600 
0.637100 
0.637200 
0.638300 
0.638700 
0.639100 
0.639200 
0.644000 
0.644800 
0.644900 
0.646200 
0.646900 
0.647500 
0.647700 
0.647800 
0.650900 
0.654000 
0.654300 
0.654900 
0.655200 
0.655700 
0.655900 
0.656600 
0.658800 
0.659100 
0.659200 
0.659500 
0.663500 
0.666500 
0.671600 
0.671900 
0.672300 
0.672900 
0.673700 
0.673700 
0.674100 
0.674200 
0.674600 
0.675300 
0.677100 
0.679900 
0.680700 
0.681000 
0.681300 
0.685100 
0.685700 
0.690400 
0.692500 
0.692800 
0.693800 
0.694900 
0.697100 
0.697100 
0.697700 
0.698200 
0.700100 
0.700200 
0.703900 
0.704600 
0.705400 
0.706600 
0.708600 
0.710100 
0.710600 
0.711000 
0.711200 
0.711400 
0.711600 
0.711800 
0.711900 
0.712800 
0.713500 
0.715500 
0.718300 
0.720400 
0.723400 
0.723400 
0.724500 
0.726600 
0.727500 
0.729700 
0.730100 
0.731500 
0.732400 
0.732800 
0.733300 
0.733500 
0.733600 
0.734500 
0.738000 
0.738300 
0.739200 
0.739500 
0.740000 
0.741100 
0.741500 
0.743500 
0.744400 
0.744600 
0.746500 
0.747900 
0.748800 
0.748800 
0.749000 
0.749800 
0.751800 
0.756600 
0.757500 
0.758100 
0.758100 
0.758300 
0.758900 
0.759300 
0.760100 
0.761000 
0.761200 
0.762900 
0.763400 
0.766600 
0.767700 
0.768600 
0.768600 
0.768900 
0.771100 
0.771700 
0.772500 
0.773000 
0.774300 
0.775400 
0.776700 
0.777300 
0.778800 
0.779200 
0.779400 
0.780000 
0.780300 
0.781500 
0.786400 
0.787400 
0.790800 
0.791000 
0.791900 
0.793300 
0.796800 
0.797200 
0.797200 
0.798800 
0.799200 
0.801400 
0.802300 
0.802400 
0.804400 
0.805400 
0.805500 
0.807100 
0.807700 
0.812500 
0.816400 
0.817000 
0.817600 
0.817600 
0.819700 
0.820900 
0.820900 
0.821500 
0.821700 
0.821700 
0.823100 
0.823400 
0.824700 
0.825000 
0.827600 
0.827900 
0.828300 
0.828800 
0.829400 
0.829600 
0.829900 
0.831300 
0.831500 
0.832800 
0.834800 
0.836300 
0.837500 
0.839000 
0.839800 
0.840000 
0.841900 
0.843000 
0.843300 
0.844100 
0.844400 
0.844400 
0.844800 
0.845400 
0.846300 
0.848900 
0.849200 
0.850300 
0.850300 
0.852300 
0.853900 
0.854000 
0.854400 
0.854800 
0.856700 
0.859200 
0.859800 
0.860100 
0.861600 
0.862200 
0.863500 
0.864900 
0.866500 
0.870400 
0.870700 
0.874000 
0.874900 
0.875300 
0.875800 
0.876000 
0.878400 
0.879000 
0.879400 
0.881700 
0.882000 
0.884600 
0.885400 
0.887900 
0.888600 
0.889800 
0.891400 
0.891400 
0.892900 
0.893000 
0.895900 
0.897200 
0.898000 
0.898900 
0.900500 
0.902200 
0.902900 
0.907200 
0.907400 
0.908200 
0.908600 
0.912100 
0.914000 
0.914000 
0.914200 
0.916600 
0.919400 
0.920600 
0.920600 
0.922900 
0.923000 
0.923000 
0.923700 
0.924400 
0.927100 
0.931300 
0.931900 
0.932300 
0.933300 
0.935000 
0.935500 
0.936000 
0.936600 
0.936800 
0.936900 
0.937900 
0.938500 
0.941500 
0.942200 
0.943400 
0.948700 
0.949300 
0.949500 
0.950500 
0.950600 
0.951300 
0.955300 
0.956200 
0.956900 
0.957000 
0.957300 
0.958900 
0.959400 
0.965000 
0.965100 
0.966100 
0.966800 
0.966900 
0.967400 
0.967700 
0.969300 
0.969300 
0.972300 
0.972600 
0.973700 
0.974500 
0.980100 
0.980700 
0.982700 
0.990200 
0.995400 
0.995700 
0.996400 
0.997400 
0.997800 
1.000900 
1.001100 
1.003700 
1.004000 
1.008400 
1.009300 
1.009400 
1.010900 
1.011900 
1.013600 
1.014500 
1.014700 
1.015800 
1.016300 
1.016300 
1.016500 
1.017800 
1.019000 
1.019300 
1.020700 
1.021100 
1.022400 
1.023500 
1.023500 
1.024100 
1.024400 
1.026200 
1.027500 
1.030000 
1.032300 
1.032700 
1.034600 
1.035700 
1.036400 
1.037700 
1.039600 
1.041400 
1.044100 
1.044700 
1.045600 
1.046600 
1.047200 
1.048000 
1.048800 
1.050300 
1.053000 
1.053700 
1.055100 
1.055700 
1.056800 
1.058600 
1.060000 
1.060000 
1.061100 
1.063100 
1.063900 
1.066200 
1.066800 
1.067400 
1.067800 
1.068900 
1.072200 
1.073000 
1.074100 
1.075700 
1.075800 
1.077100 
1.078600 
1.079400 
1.080200 
1.080800 
1.081300 
1.081900 
1.082100 
1.082300 
1.082400 
1.083500 
1.083900 
1.084400 
1.086400 
1.087000 
1.087100 
1.095300 
1.097900 
1.098700 
1.099500 
1.100100 
1.102900 
1.105200 
1.107000 
1.107900 
1.110300 
1.112600 
1.112800 
1.114300 
1.115500 
1.116700 
1.116900 
1.117900 
1.119300 
1.120600 
1.121500 
1.121900 
1.122900 
1.123900 
1.124000 
1.124100 
1.124700 
1.126400 
1.127000 
1.127700 
1.127900 
1.129700 
1.131100 
1.131900 
1.132200 
1.132200 
1.133000 
1.135200 
1.135500 
1.136600 
1.136900 
1.136900 
1.138500 
1.138800 
1.140300 
1.142400 
1.142600 
1.143100 
1.143200 
1.144500 
1.144500 
1.145400 
1.146300 
1.146500 
1.147800 
1.148200 
1.149600 
1.150700 
1.151200 
1.152800 
1.153600 
1.156100 
1.157800 
1.159000 
1.159100 
1.159500 
1.161400 
1.161400 
1.161500 
1.161800 
1.162200 
1.163700 
1.166000 
1.168300 
1.169000 
1.169300 
1.171500 
1.172800 
1.173400 
1.173400 
1.173700 
1.174300 
1.174400 
1.176000 
1.176300 
1.178300 
1.182900 
1.184700 
1.185200 
1.185700 
1.189000 
1.190200 
1.190300 
1.190700 
1.191400 
1.191600 
1.191900 
1.193300 
1.194200 
1.195900 
1.196400 
1.196400 
1.197800 
1.198900 
1.203900 
1.205500 
1.206000 
1.207100 
1.207200 
1.208800 
1.209300 
1.209300 
1.210300 
1.211700 
1.215000 
1.216400 
1.217700 
1.218000 
1.219100 
1.220200 
1.220400 
1.220600 
1.222400 
1.226800 
1.228500 
1.229600 
1.230100 
1.230400 
1.230400 
1.230900 
1.233400 
1.234200 
1.236200 
1.237300 
1.237800 
1.239900 
1.241100 
1.242100 
1.242600 
1.242800 
1.242900 
1.244900 
1.245100 
1.245100 
1.250100 
1.251000 
1.251300 
1.251700 
1.251900 
1.252100 
1.254100 
1.256200 
1.256500 
1.256700 
1.258700 
1.259100 
1.259100 
1.260000 
1.262500 
1.267300 
1.268700 
1.271800 
1.271900 
1.273300 
1.273400 
1.273800 
1.274500 
1.274700 
1.275100 
1.275200 
1.276200 
1.276500 
1.276700 
1.276700 
1.277800 
1.278700 
1.279600 
1.280700 
1.282200 
1.282400 
1.282900 
1.283800 
1.283900 
1.284300 
1.287000 
1.289400 
1.290800 
1.290900 
1.291000 
1.293000 
1.293300 
1.293700 
1.294300 
1.295600 
1.295600 
1.296000 
1.298400 
1.299200 
1.300500 
1.301900 
1.303100 
1.303800 
1.304400 
1.305900 
1.307600 
1.309500 
1.309800 
1.310200 
1.312200 
1.312200 
1.312500 
1.313800 
1.314500 
1.315200 
1.316300 
1.317500 
1.317900 
1.318000 
1.320900 
1.321200 
1.322400 
1.323400 
1.323700 
1.323900 
1.324000 
1.328000 
1.328000 
1.329800 
1.331200 
1.333300 
1.333900 
1.333900 
1.334500 
1.334600 
1.335400 
1.336700 
1.336900 
1.337200 
1.338000 
1.342500 
1.343100 
1.343100 
1.343200 
1.344400 
1.345600 
1.346600 
1.348600 
1.348600 
1.348700 
1.351200 
1.351400 
1.353000 
1.353700 
1.353900 
1.354200 
1.354300 
1.355100 
1.355200 
1.355200 
1.356200 
1.357700 
1.358900 
1.360400 
1.361300 
1.363800 
1.365300 
1.365800 
1.366900 
1.367300 
1.367500 
1.368800 
1.371500 
1.372900 
1.373300 
1.374400 
1.374800 
1.375600 
1.375600 
1.377500 
1.381500 
1.382800 
1.384000 
1.385400 
1.385600 
1.388300 
1.390100 
1.391900 
1.392600 
1.392600 
1.393600 
1.394300 
1.394900 
1.397600 
1.397600 
1.398200 
1.401300 
1.401900 
1.402200 
1.403400 
1.405500 
1.406000 
1.406500 
1.406800 
1.407300 
1.408200 
1.413300 
1.413600 
1.414800 
1.415000 
1.415800 
1.417300 
1.418400 
1.418500 
1.418800 
1.422400 
1.423200 
1.423700 
1.424300 
1.427000 
1.427600 
1.428000 
1.428700 
1.430800 
1.434800 
1.435100 
1.435200 
1.435600 
1.435900 
1.436100 
1.436200 
1.436500 
1.437000 
1.438100 
1.439000 
1.439500 
1.441000 
1.445700 
1.447800 
1.450200 
1.450300 
1.451000 
1.451700 
1.453500 
1.457300 
1.457600 
1.458200 
1.459500 
1.459800 
1.462700 
1.464400 
1.464700 
1.465100 
1.467200 
1.467700 
1.470100 
1.471300 
1.471800 
1.472700 
1.473700 
1.474200 
1.474400 
1.474800 
1.477300 
1.477800 
1.478000 
1.479700 
1.480200 
1.481400 
1.482900 
1.485400 
1.485700 
1.488600 
1.490300 
1.492200 
1.492400 
1.492500 
1.493100 
1.493900 
1.494200 
1.495700 
1.497200 
1.497700 
1.499100 
1.500200 
1.501000 
1.501200 
1.502500 
1.505200 
1.505900 
1.506000 
1.508100 
1.509000 
1.510100 
1.510200 
1.510900 
1.512100 
1.513300 
1.513900 
1.514500 
1.517300 
1.518100 
1.519100 
1.524100 
1.525300 
1.525600 
1.526800 
1.526800 
1.527000 
1.527000 
1.527800 
1.528600 
1.530600 
1.532800 
1.534400 
1.535000 
1.535400 
1.535500 
1.536100 
1.537200 
1.537800 
1.538700 
1.539000 
1.542200 
1.543100 
1.545000 
1.545600 
1.548300 
1.549400 
1.550400 
1.552900 
1.554300 
1.555000 
1.555300 
1.555400 
1.556100 
1.556300 
1.556700 
1.557600 
1.560300 
1.561100 
1.562800 
1.564700 
1.564800 
1.565100 
1.566800 
1.569200 
1.569500 
1.570800 
1.570900 
1.571100 
1.571700 
1.574500 
1.575300 
1.578000 
1.578200 
1.579500 
1.579600 
1.581600 
1.581800 
1.581900 
1.582400 
1.582700 
1.586900 
1.587100 
1.587400 
1.591300 
1.591600 
1.593000 
1.593000 
1.594000 
1.594100 
1.596000 
1.596600 
1.596800 
1.598600 
1.599300 
1.600100 
1.601800 
1.601900 
1.603100 
1.603600 
1.605500 
1.605500 
1.606400 
1.609400 
1.609400 
1.613200 
1.613400 
1.614400 
1.615400 
1.616200 
1.617400 
1.619600 
1.622300 
1.622400 
1.622800 
1.622900 
1.623300 
1.623600 
1.623700 
1.624400 
1.627000 
1.630000 
1.630500 
1.631500 
1.633500 
1.634500 
1.634500 
1.636600 
1.636700 
1.637100 
1.639100 
1.640200 
1.640700 
1.641500 
1.641500 
1.642300 
1.642900 
1.643400 
1.644200 
1.645200 
1.645500 
1.650100 
1.650700 
1.651100 
1.652100 
1.652800 
1.653200 
1.655200 
1.656000 
1.658300 
1.659600 
1.662500 
1.664400 
1.664900 
1.665900 
1.668100 
1.670300 
1.671500 
1.673800 
1.673800 
1.675500 
1.675600 
1.676000 
1.676500 
1.676800 
1.680300 
1.680500 
1.681000 
1.681500 
1.681600 
1.682600 
1.682700 
1.683000 
1.685800 
1.688100 
1.688200 
1.689700 
1.690200 
1.690300 
1.690700 
1.691000 
1.693600 
1.697400 
1.698000 
1.699500 
1.704000 
1.705500 
1.707000 
1.708100 
1.710500 
1.711100 
1.712800 
1.712800 
1.714500 
1.714800 
1.714900 
1.715100 
1.715800 
1.716100 
1.716700 
1.717000 
1.717600 
1.719300 
1.720300 
1.720500 
1.720800 
1.725500 
1.727300 
1.727900 
1.728100 
1.728500 
1.730900 
1.733400 
1.734900 
1.735300 
1.735500 
1.735800 
1.736600 
1.738500 
1.738500 
1.741200 
1.743200 
1.744300 
1.745900 
1.746300 
1.746500 
1.747200 
1.747900 
1.748800 
1.749500 
1.751200 
1.751500 
1.753100 
1.753500 
1.753900 
1.755300 
1.757200 
1.758100 
1.759000 
1.759300 
1.764200 
1.765000 
1.767500 
1.768200 
1.768300 
1.770900 
1.771200 
1.771500 
1.771900 
1.771900 
1.772200 
1.772900 
1.773200 
1.773300 
1.774500 
1.776300 
1.778500 
1.778800 
1.779000 
1.783600 
1.784300 
1.785500 
1.785800 
1.786200 
1.788500 
1.788600 
1.789600 
1.790200 
1.790400 
1.791000 
1.791000 
1.791300 
1.792300 
1.792400 
1.792400 
1.793900 
1.794000 
1.794500 
1.795900 
1.797800 
1.798900 
1.799000 
1.800100 
1.800200 
1.802100 
1.802800 
1.804300 
1.805800 
1.806700 
1.808400 
1.810800 
1.813200 
1.814700 
1.817600 
1.817600 
1.818800 
1.819700 
1.821900 
1.823300 
1.823600 
1.823900 
1.824900 
1.827000 
1.829200 
1.829400 
1.830100 
1.832300 
1.833600 
1.834300 
1.834600 
1.834700 
1.837000 
1.837500 
1.838000 
1.838300 
1.839300 
1.840300 
1.840300 
1.840600 
1.841300 
1.841600 
1.841800 
1.842000 
1.842600 
1.843400 
1.843400 
1.844100 
1.844300 
1.844400 
1.845000 
1.846900 
1.847800 
1.849300 
1.850400 
1.850600 
1.851300 
1.852900 
1.852900 
1.853700 
1.862500 
1.863000 
1.863200 
1.866400 
1.868700 
1.869900 
1.870000 
1.870300 
1.872800 
1.873300 
1.875300 
1.875500 
1.875900 
1.876700 
1.879400 
1.879500 
1.879900 
1.882200 
1.883500 
1.883900 
1.884000 
1.886200 
1.886500 
1.887300 
1.887400 
1.888000 
1.888100 
1.888400 
1.888900 
1.891100 
1.894200 
1.897800 
1.899900 
1.901100 
1.902400 
1.902400 
1.903000 
1.903400 
1.905400 
1.905500 
1.906000 
1.906900 
1.912300 
1.914100 
1.914700 
1.920300 
1.920400 
1.922300 
1.924900 
1.928200 
1.929500 
1.930800 
1.930800 
1.931600 
1.932900 
1.934300 
1.935900 
1.938900 
1.939700 
1.939800 
1.942300 
1.943300 
1.946400 
1.948100 
1.948800 
1.950200 
1.952200 
1.952500 
1.953100 
1.953500 
1.953700 
1.953800 
1.954600 
1.954700 
1.955300 
1.957300 
1.960600 
1.962500 
1.965400 
1.965600 
1.966300 
1.967000 
1.968400 
1.970000 
1.973500 
1.974800 
1.976700 
1.978000 
1.978100 
1.978200 
1.978900 
1.979100 
1.980000 
1.982900 
1.984100 
1.986100 
1.988100 
1.988200 
1.989400 
1.989700 
1.990600 
1.992500 
1.993400 
1.994700 
1.996000 
1.996300 
1.997100 
1.997100 
1.997900 
1.999200 
2.001700 
2.002500 
2.003900 
2.005000 
2.005300 
2.005600 
2.008300 
2.008600 
2.010600 
2.012900 
2.014400 
2.015200 
2.015600 
2.015700 
2.018000 
2.020100 
2.020800 
2.022700 
2.023000 
2.023000 
2.026700 
2.028200 
2.029100 
2.029200 
2.029800 
2.030300 
2.030500 
2.032900 
2.033700 
2.034800 
2.034900 
2.036100 
2.036700 
2.037300 
2.038500 
2.040700 
2.042100 
2.042500 
2.046000 
2.046600 
2.047600 
2.047800 
2.048600 
2.048800 
2.050100 
2.050200 
2.050200 
2.055300 
2.055700 
2.056300 
2.056800 
2.058800 
2.060400 
2.061100 
2.062800 
2.064400 
2.065800 
2.071200 
2.073600 
2.073800 
2.076800 
2.077600 
2.077600 
2.078000 
2.078900 
2.079800 
2.080800 
2.081700 
2.084000 
2.085000 
2.086500 
2.088200 
2.088900 
2.089800 
2.090600 
2.091600 
2.094900 
2.097200 
2.098300 
2.099400 
2.100600 
2.100700 
2.103100 
2.104400 
2.106600 
2.107200 
2.108000 
2.108400 
2.109000 
2.109100 
2.111000 
2.111100 
2.113300 
2.114000 
2.114500 
2.116100 
2.116400 
2.116500 
2.116600 
2.117000 
2.118000 
2.119500 
2.120500 
2.122700 
2.123500 
2.125600 
2.126400 
2.129400 
2.130300 
2.131100 
2.131400 
2.132500 
2.133000 
2.134300 
2.135900 
2.136000 
2.136600 
2.137000 
2.137300 
2.139200 
2.139400 
2.141500 
2.141900 
2.142000 
2.143800 
2.143900 
2.146500 
2.148400 
2.149400 
2.152900 
2.153400 
2.153500 
2.154100 
2.154400 
2.154600 
2.155400 
2.155500 
2.155700 
2.156700 
2.157100 
2.159700 
2.160800 
2.161400 
2.161700 
2.164900 
2.168200 
2.169400 
2.170500 
2.173300 
2.174300 
2.174700 
2.175100 
2.175200 
2.176300 
2.176600 
2.177300 
2.178400 
2.181100 
2.181100 
2.184000 
2.184300 
2.185400 
2.185500 
2.185600 
2.186200 
2.188500 
2.188500 
2.189400 
2.190400 
2.190500 
2.191600 
2.192100 
2.193600 
2.196600 
2.197200 
2.197700 
2.199800 
2.200700 
2.204400 
2.206200 
2.206800 
2.209800 
2.209800 
2.210100 
2.211400 
2.211500 
2.211800 
2.211800 
2.212100 
2.212500 
2.212900 
2.213800 
2.215100 
2.217500 
2.219300 
2.220500 
2.221700 
2.222200 
2.224700 
2.225000 
2.225700 
2.226900 
2.229300 
2.230500 
2.230700 
2.231400 
2.234500 
2.234800 
2.235500 
2.236300 
2.236400 
2.237900 
2.238700 
2.239700 
2.239700 
2.240200 
2.242800 
2.243600 
2.244300 
2.245000 
2.246000 
2.249900 
2.250900 
2.250900 
2.251600 
2.254400 
2.258100 
2.258800 
2.259100 
2.260900 
2.260900 
2.263200 
2.265800 
2.267600 
2.268200 
2.268900 
2.269400 
2.269700 
2.271400 
2.273500 
2.273700 
2.275800 
2.277100 
2.277400 
2.277500 
2.278300 
2.279900 
2.282900 
2.283700 
2.284200 
2.287300 
2.288500 
2.288700 
2.290700 
2.290700 
2.292300 
2.292500 
2.292700 
2.293200 
2.298100 
2.298500 
2.299800 
2.300400 
2.300900 
2.301200 
2.302400 
2.303000 
2.305100 
2.307000 
2.308200 
2.308600 
2.310300 
2.312100 
2.313800 
2.314800 
2.315600 
2.316100 
2.316400 
2.317100 
2.318000 
2.318100 
2.319500 
2.319500 
2.323100 
2.324100 
2.325200 
2.325900 
2.328400 
2.330100 
2.333300 
2.334400 
2.336000 
2.336400 
2.336600 
2.336800 
2.337100 
2.338300 
2.339700 
2.341400 
2.341400 
2.342000 
2.345000 
2.345200 
2.345700 
2.346000 
2.347700 
2.349400 
2.349600 
2.350900 
2.351000 
2.351200 
2.354400 
2.354600 
2.357800 
2.361500 
2.365800 
2.368100 
2.368400 
2.368700 
2.370300 
2.372300 
2.373200 
2.374400 
2.375400 
2.375400 
2.376200 
2.377000 
2.377400 
2.377900 
2.378800 
2.379400 
2.380700 
2.381800 
2.382400 
2.382900 
2.383300 
2.383700 
2.384900 
2.384900 
2.389700 
2.389700 
2.390300 
2.390500 
2.390900 
2.391100 
2.391600 
2.392500 
2.395800 
2.396600 
2.397500 
2.397700 
2.398500 
2.399300 
2.400000 
2.400100 
2.400400 
2.403400 
2.405600 
2.406900 
2.407200 
2.407900 
2.408000 
2.408400 
2.410500 
2.411000 
2.414000 
2.415400 
2.416200 
2.416800 
2.418100 
2.418400 
2.419100 
2.419200 
2.421600 
2.421800 
2.422200 
2.424100 
2.426500 
2.427500 
2.430700 
2.431000 
2.431500 
2.431700 
2.432000 
2.434700 
2.434700 
2.435900 
2.439100 
2.440000 
2.440000 
2.440100 
2.440200 
2.440500 
2.444100 
2.444700 
2.445300 
2.446200 
2.447300 
2.447500 
2.448700 
2.448800 
2.449900 
2.450600 
2.451200 
2.454000 
2.454400 
2.454800 
2.455500 
2.457700 
2.458300 
2.458600 
2.458700 
2.460300 
2.460500 
2.463200 
2.463600 
2.464600 
2.465400 
2.465600 
2.466100 
2.468900 
2.470600 
2.470700 
2.472200 
2.473400 
2.475300 
2.478300 
2.479400 
2.480000 
2.480500 
2.481900 
2.482300 
2.483000 
2.485300 
2.485900 
2.486300 
2.487500 
2.488700 
2.489200 
2.490400 
2.490600 
2.493200 
2.493400 
2.493700 
2.495000 
2.496600 
2.497700 
2.498500 
2.500400 
2.501400 
2.501600 
2.501800 
2.506700 
2.508300 
2.510200 
2.510400 
2.510700 
2.510900 
2.512700 
2.514400 
2.517800 
2.518400 
2.518400 
2.521800 
2.521900 
2.522700 
2.523400 
2.525000 
2.525100 
2.525200 
2.526300 
2.526300 
2.526400 
2.528200 
2.528300 
2.528800 
2.529400 
2.531600 
2.531900 
2.532600 
2.533200 
2.535500 
2.537000 
2.537600 
2.537900 
2.538300 
2.538400 
2.539200 
2.539300 
2.541000 
2.543800 
2.544200 
2.544600 
2.545800 
2.547800 
2.548600 
2.548700 
2.548800 
2.552900 
2.554400 
2.555300 
2.555900 
2.558700 
2.560400 
2.562700 
2.564100 
2.564500 
2.564500 
2.565800 
2.566100 
2.566400 
2.567500 
2.567600 
2.567800 
2.572900 
2.572900 
2.574900 
2.576400 
2.579700 
2.579900 
2.580400 
2.582600 
2.583200 
2.585700 
2.585800 
2.585800 
2.587900 
2.589400 
2.589700 
2.590300 
2.593000 
2.593200 
2.594000 
2.597500 
2.599200 
2.599600 
2.599700 
2.600100 
2.600500 
2.600800 
2.601800 
2.603700 
2.604100 
2.604900 
2.607100 
2.607700 
2.608800 
2.609000 
2.609700 
2.610700 
2.611100 
2.611200 
2.613000 
2.614500 
2.620500 
2.621200 
2.623700 
2.624100 
2.624200 
2.624700 
2.624700 
2.625300 
2.625700 
2.626400 
2.626500 
2.626900 
2.628400 
2.632500 
2.632600 
2.632800 
2.634000 
2.634000 
2.634100 
2.640100 
2.640100 
2.640800 
2.642400 
2.642600 
2.644800 
2.644800 
2.646800 
2.647700 
2.648200 
2.650000 
2.650000 
2.651100 
2.651200 
2.652800 
2.653800 
2.655800 
2.656400 
2.657300 
2.657500 
2.659500 
2.659700 
2.660100 
2.660700 
2.660800 
2.661400 
2.661500 
2.664000 
2.665600 
2.668300 
2.668900 
2.669100 
2.669500 
2.669800 
2.670900 
2.671000 
2.671100 
2.671200 
2.673300 
2.676400 
2.677600 
2.678200 
2.679200 
2.680300 
2.680600 
2.681200 
2.682500 
2.684900 
2.685700 
2.686000 
2.688600 
2.689100 
2.689300 
2.690900 
2.691100 
2.692100 
2.693900 
2.695200 
2.698200 
2.698500 
2.699600 
2.700100 
2.701200 
2.701400 
2.701800 
2.702500 
2.705300 
2.705900 
2.709300 
2.709900 
2.712400 
2.713600 
2.713800 
2.713800 
2.714200 
2.715700 
2.715800 
2.716100 
2.717500 
2.717800 
2.720000 
2.720400 
2.721400 
2.722100 
2.722900 
2.724100 
2.724500 
2.725100 
2.725400 
2.725600 
2.725900 
2.726100 
2.726700 
2.727800 
2.728200 
2.728900 
2.730500 
2.730800 
2.731000 
2.731200 
2.734000 
2.735000 
2.735300 
2.736300 
2.737600 
2.742500 
2.746300 
2.750100 
2.751300 
2.751400 
2.752300 
2.752600 
2.754000 
2.755200 
2.755300 
2.758100 
2.758700 
2.760000 
2.760000 
2.760000 
2.760200 
2.761600 
2.762300 
2.763000 
2.764700 
2.764800 
2.765200 
2.766600 
2.768300 
2.769500 
2.769700 
2.770200 
2.771400 
2.774400 
2.774500 
2.778700 
2.781200 
2.781300 
2.781400 
2.782500 
2.782500 
2.784000 
2.784300 
2.784400 
2.786900 
2.789300 
2.789600 
2.790400 
2.797700 
2.797900 
2.799500 
2.799700 
2.800300 
2.801200 
2.802200 
2.804400 
2.805100 
2.809300 
2.811700 
2.811800 
2.812000 
2.813800 
2.814100 
2.815300 
2.815900 
2.816000 
2.816800 
2.817900 
2.819000 
2.821300 
2.823400 
2.824600 
2.825600 
2.826000 
2.831200 
2.834200 
2.834400 
2.835400 
2.836200 
2.837100 
2.837400 
2.839000 
2.842700 
2.844700 
2.846500 
2.849000 
2.849400 
2.849700 
2.850200 
2.850800 
2.853200 
2.854000 
2.855300 
2.855800 
2.858200 
2.858300 
2.859800 
2.861300 
2.861400 
2.863500 
2.863600 
2.864400 
2.864900 
2.865100 
2.865800 
2.866500 
2.869500 
2.871700 
2.872100 
2.872500 
2.874700 
2.875300 
2.876700 
2.880100 
2.884300 
2.885000 
2.885700 
2.887900 
2.891700 
2.894900 
2.896500 
2.896600 
2.897800 
2.898000 
2.899900 
2.901800 
2.902300 
2.903300 
2.903500 
2.907700 
2.909100 
2.909400 
2.909500 
2.910000 
2.914300 
2.914500 
2.917900 
2.917900 
2.918500 
2.919400 
2.922000 
2.923900 
2.924300 
2.924500 
2.924700 
2.925000 
2.927500 
2.927900 
2.928400 
2.928600 
2.929500 
2.929500 
2.929800 
2.934000 
2.934900 
2.936400 
2.938000 
2.938000 
2.940100 
2.940200 
2.940700 
2.940900 
2.941700 
2.945200 
2.948100 
2.951000 
2.951800 
2.952400 
2.952400 
2.953600 
2.958500 
2.959100 
2.960400 
2.961400 
2.961800 
2.962000 
2.962100 
2.962600 
2.962600 
2.964800 
2.969100 
2.969700 
2.970300 
2.970800 
2.971400 
2.972300 
2.972500 
2.973900 
2.974100 
2.974200 
2.974800 
2.977100 
2.981000 
2.983600 
2.984500 
2.985400 
2.986000 
2.986200 
2.986500 
2.990500 
2.990800 
2.991400 
2.992600 
2.993800 
2.995700 
2.995900 
2.998300 
2.999000 
