0.024800 
0.026500 
0.027300 
0.029700 
0.034000 
0.034900 
0.037200 
0.037800 
0.040600 
0.041200 
0.042700 
0.043300 
0.046000 
0.047000 
0.047400 
0.047600 
0.047900 
0.048000 
0.048800 
0.048800 
0.048900 
0.049500 
0.049600 
0.051600 
0.051700 
0.051700 
0.051800 
0.051900 
0.052200 
0.053100 
0.053200 
0.053400 
0.053500 
0.054300 
0.054300 
0.055000 
0.055600 
0.055600 
0.057000 
0.057400 
0.058200 
0.058500 
0.059700 
0.062900 
0.063300 
0.063400 
0.063800 
0.063900 
0.064000 
0.064500 
0.066500 
0.068500 
0.068800 
0.069300 
0.070100 
0.070500 
0.071400 
0.071400 
0.072400 
0.072600 
0.073400 
0.073700 
0.074200 
0.074200 
0.074300 
0.076500 
0.076600 
0.076700 
0.077600 
0.078300 
0.079000 
0.080000 
0.081200 
0.081400 
0.081600 
0.082700 
0.085500 
0.086200 
0.088000 
0.088000 
0.088300 
0.088800 
0.089100 
0.089300 
0.090000 
0.090800 
0.092100 
0.092500 
0.092700 
0.095600 
0.095900 
0.096000 
0.096100 
0.096200 
0.097000 
0.097400 
0.097700 
0.100400 
0.101000 
0.102700 
0.102900 
0.103200 
0.104000 
0.106300 
0.110500 
0.112100 
0.112500 
0.113900 
0.115000 
0.116600 
0.117800 
0.118300 
0.118700 
0.119300 
0.119900 
0.119900 
0.121400 
0.121500 
0.121800 
0.122000 
0.122100 
0.122400 
0.123600 
0.125200 
0.129300 
0.129500 
0.130200 
0.130300 
0.130400 
0.130700 
0.130700 
0.131600 
0.134300 
0.134500 
0.136300 
0.136500 
0.136700 
0.138500 
0.142700 
0.143500 
0.145000 
0.145300 
0.146100 
0.147200 
0.147400 
0.148800 
0.150000 
0.151100 
0.152200 
0.153300 
0.153600 
0.154600 
0.154900 
0.154900 
0.155600 
0.158200 
0.158400 
0.159800 
0.159900 
0.161100 
0.161700 
0.163000 
0.163200 
0.164100 
0.164200 
0.164800 
0.165200 
0.165900 
0.167300 
0.168300 
0.168300 
0.168600 
0.171900 
0.173100 
0.173700 
0.173900 
0.174100 
0.174200 
0.174700 
0.175100 
0.176700 
0.177000 
0.177100 
0.177500 
0.177600 
0.179500 
0.182500 
0.183200 
0.186900 
0.188200 
0.190700 
0.191800 
0.192100 
0.193100 
0.193900 
0.194100 
0.194400 
0.194700 
0.194800 
0.195800 
0.196800 
0.197700 
0.198400 
0.200500 
0.201300 
0.202800 
0.203400 
0.204000 
0.204100 
0.204200 
0.204800 
0.205600 
0.207900 
0.208300 
0.208300 
0.209200 
0.210600 
0.210700 
0.212000 
0.212400 
0.212600 
0.213500 
0.214800 
0.215700 
0.216100 
0.216200 
0.216500 
0.217000 
0.217800 
0.218200 
0.219300 
0.220800 
0.220800 
0.220900 
0.221400 
0.221600 
0.221800 
0.222100 
0.223000 
0.223300 
0.223800 
0.224900 
0.226100 
0.226500 
0.227000 
0.227300 
0.227500 
0.227800 
0.230400 
0.230500 
0.231300 
0.232800 
0.233100 
0.233300 
0.233600 
0.235900 
0.236600 
0.239000 
0.242100 
0.244000 
0.245000 
0.248600 
0.249100 
0.249700 
0.250100 
0.250500 
0.252800 
0.253000 
0.257100 
0.259100 
0.259200 
0.259800 
0.260000 
0.260100 
0.260200 
0.260400 
0.260600 
0.262000 
0.262200 
0.262700 
0.262900 
0.264300 
0.264400 
0.264600 
0.264900 
0.264900 
0.265400 
0.265700 
0.266000 
0.268100 
0.268200 
0.268300 
0.268500 
0.269000 
0.270300 
0.270400 
0.272400 
0.273700 
0.275000 
0.275900 
0.276900 
0.277100 
0.277100 
0.278000 
0.278700 
0.279400 
0.279500 
0.279800 
0.280300 
0.281800 
0.282100 
0.283500 
0.283700 
0.284100 
0.284200 
0.284600 
0.285400 
0.288400 
0.288700 
0.290500 
0.291000 
0.291200 
0.291200 
0.293400 
0.296100 
0.298700 
0.299100 
0.299300 
0.299800 
0.300100 
0.300200 
0.301100 
0.301800 
0.303000 
0.303200 
0.303300 
0.304600 
0.304900 
0.304900 
0.305800 
0.307200 
0.307300 
0.307700 
0.308100 
0.309200 
0.311200 
0.311300 
0.312100 
0.313500 
0.313800 
0.316000 
0.317400 
0.318400 
0.319900 
0.320700 
0.324100 
0.324200 
0.324600 
0.325700 
0.326300 
0.328800 
0.329500 
0.330800 
0.331400 
0.332000 
0.332200 
0.333000 
0.333300 
0.334800 
0.335400 
0.337200 
0.338400 
0.338500 
0.339100 
0.339400 
0.339800 
0.340900 
0.342400 
0.342400 
0.343300 
0.343500 
0.343500 
0.345200 
0.346400 
0.347100 
0.347200 
0.349100 
0.350900 
0.351700 
0.352100 
0.353100 
0.353300 
0.353500 
0.355000 
0.357400 
0.358500 
0.358900 
0.360500 
0.361100 
0.361800 
0.364000 
0.364200 
0.366800 
0.367800 
0.369000 
0.369300 
0.369500 
0.370000 
0.370400 
0.371100 
0.374300 
0.375800 
0.375900 
0.377800 
0.378800 
0.379100 
0.379700 
0.380700 
0.381300 
0.385200 
0.387800 
0.388100 
0.388200 
0.389600 
0.391300 
0.392300 
0.392400 
0.392700 
0.393100 
0.393100 
0.394500 
0.394600 
0.396800 
0.397400 
0.398500 
0.399000 
0.399600 
0.399700 
0.400300 
0.402100 
0.402700 
0.403000 
0.403500 
0.404400 
0.405900 
0.406100 
0.409100 
0.410800 
0.411000 
0.414500 
0.416100 
0.416400 
0.416800 
0.417700 
0.417700 
0.418000 
0.418000 
0.419200 
0.420400 
0.421600 
0.421700 
0.423600 
0.423900 
0.424200 
0.424200 
0.425500 
0.426500 
0.427200 
0.427900 
0.428000 
0.428800 
0.430000 
0.430000 
0.432300 
0.433000 
0.435300 
0.440500 
0.442600 
0.443600 
0.444000 
0.444200 
0.444300 
0.444800 
0.445100 
0.445300 
0.446300 
0.446800 
0.449000 
0.449300 
0.449600 
0.450400 
0.450400 
0.451300 
0.452000 
0.452400 
0.452700 
0.453600 
0.454100 
0.455300 
0.455800 
0.456400 
0.458900 
0.460800 
0.461000 
0.461300 
0.461600 
0.462200 
0.462300 
0.462400 
0.463600 
0.464200 
0.465300 
0.465900 
0.466300 
0.466500 
0.467300 
0.467500 
0.467800 
0.469000 
0.469800 
0.470000 
0.471300 
0.471800 
0.474100 
0.475200 
0.475400 
0.476100 
0.476500 
0.478300 
0.478500 
0.478600 
0.479100 
0.479200 
0.479900 
0.481500 
0.481700 
0.482000 
0.482100 
0.482700 
0.483200 
0.484600 
0.487800 
0.488200 
0.489100 
0.489200 
0.489500 
0.489500 
0.490700 
0.491100 
0.492200 
0.493200 
0.495800 
0.497000 
0.497600 
0.498200 
0.499400 
0.500000 
0.504500 
0.504600 
0.506200 
0.506200 
0.506400 
0.507200 
0.508400 
0.508800 
0.510100 
0.510900 
0.511400 
0.512000 
0.512600 
0.512700 
0.513400 
0.513700 
0.513700 
0.515000 
0.515200 
0.515500 
0.515700 
0.516600 
0.517800 
0.517800 
0.518800 
0.519300 
0.520000 
0.520300 
0.520400 
0.521200 
0.521800 
0.521800 
0.522200 
0.523300 
0.524000 
0.525200 
0.525600 
0.526000 
0.528800 
0.530500 
0.530800 
0.532200 
0.534300 
0.535300 
0.536900 
0.537300 
0.537500 
0.538000 
0.538700 
0.539700 
0.539800 
0.540000 
0.540200 
0.540400 
0.541100 
0.541100 
0.541200 
0.541200 
0.542100 
0.542200 
0.542300 
0.542500 
0.543500 
0.544000 
0.544600 
0.546500 
0.546700 
0.547400 
0.548200 
0.548400 
0.552500 
0.553000 
0.553200 
0.554400 
0.554800 
0.555700 
0.557000 
0.558100 
0.558100 
0.558600 
0.558900 
0.559200 
0.560100 
0.560300 
0.561300 
0.561500 
0.562400 
0.562600 
0.563700 
0.564100 
0.564300 
0.564900 
0.565100 
0.565500 
0.565600 
0.566800 
0.570000 
0.570300 
0.571400 
0.571600 
0.572700 
0.573900 
0.574000 
0.574000 
0.574300 
0.577500 
0.577500 
0.578200 
0.578300 
0.578500 
0.578700 
0.579900 
0.580000 
0.581200 
0.581300 
0.581700 
0.582800 
0.582800 
0.583400 
0.584200 
0.584400 
0.585500 
0.586800 
0.587000 
0.587400 
0.587500 
0.588700 
0.588800 
0.589000 
0.589200 
0.589300 
0.590100 
0.590400 
0.590800 
0.590800 
0.591400 
0.593400 
0.593600 
0.593800 
0.593800 
0.594300 
0.595300 
0.595400 
0.596600 
0.596800 
0.597000 
0.597500 
0.598300 
0.600300 
0.602100 
0.602800 
0.603000 
0.607100 
0.608000 
0.608100 
0.608500 
0.609600 
0.610600 
0.610700 
0.610800 
0.611200 
0.612500 
0.614300 
0.614600 
0.615000 
0.616900 
0.617700 
0.617900 
0.618200 
0.618600 
0.621100 
0.622000 
0.623800 
0.624200 
0.624400 
0.624800 
0.625100 
0.625200 
0.627800 
0.627800 
0.628100 
0.628500 
0.630400 
0.631100 
0.632200 
0.632200 
0.633900 
0.634200 
0.637500 
0.639700 
0.639700 
0.639900 
0.641200 
0.642000 
0.642200 
0.643500 
0.644400 
0.645600 
0.645700 
0.645800 
0.646100 
0.647500 
0.648200 
0.649200 
0.650000 
0.652000 
0.652500 
0.653700 
0.654200 
0.654500 
0.655100 
0.655300 
0.655400 
0.656300 
0.656400 
0.657000 
0.657700 
0.657700 
0.659100 
0.659100 
0.659100 
0.662000 
0.665300 
0.666000 
0.666200 
0.667700 
0.667800 
0.669400 
0.669700 
0.671600 
0.671700 
0.672400 
0.674900 
0.677600 
0.677800 
0.678400 
0.679300 
0.680400 
0.680600 
0.680600 
0.681700 
0.683500 
0.684400 
0.685200 
0.685500 
0.686400 
0.687000 
0.688800 
0.690600 
0.691200 
0.691700 
0.692100 
0.693000 
0.693600 
0.693800 
0.694200 
0.694400 
0.696500 
0.696700 
0.697400 
0.697400 
0.698400 
0.700000 
0.701200 
0.703100 
0.704500 
0.704600 
0.705800 
0.705900 
0.706400 
0.707600 
0.708300 
0.710000 
0.710800 
0.711600 
0.712600 
0.712800 
0.714000 
0.715300 
0.716000 
0.717500 
0.718400 
0.718800 
0.719300 
0.720400 
0.721500 
0.722300 
0.722700 
0.722800 
0.723800 
0.725300 
0.726500 
0.726900 
0.727700 
0.728100 
0.730500 
0.731000 
0.731800 
0.731900 
0.732100 
0.732400 
0.733300 
0.734000 
0.734700 
0.735200 
0.735500 
0.737700 
0.738000 
0.738800 
0.740400 
0.740800 
0.741500 
0.742000 
0.743000 
0.743200 
0.743300 
0.743500 
0.744200 
0.744500 
0.744500 
0.744600 
0.745200 
0.746400 
0.747300 
0.749500 
0.751200 
0.751600 
0.752900 
0.753100 
0.753200 
0.754800 
0.758100 
0.758200 
0.759600 
0.760300 
0.762100 
0.763200 
0.763500 
0.764300 
0.764500 
0.764600 
0.764900 
0.765500 
0.765600 
0.766700 
0.766700 
0.767500 
0.767600 
0.768700 
0.768800 
0.769500 
0.769700 
0.769800 
0.770600 
0.770800 
0.771400 
0.771500 
0.773000 
0.775300 
0.775800 
0.778400 
0.779900 
0.782700 
0.784200 
0.784400 
0.786000 
0.787000 
0.787100 
0.787500 
0.788800 
0.789800 
0.792900 
0.797300 
0.799400 
0.800000 
0.800300 
0.801200 
0.802800 
0.803300 
0.806600 
0.808500 
0.809000 
0.809600 
0.809900 
0.811300 
0.811500 
0.814200 
0.815000 
0.815000 
0.815200 
0.815500 
0.816500 
0.817500 
0.819900 
0.821300 
0.821900 
0.822000 
0.823700 
0.825800 
0.825900 
0.827200 
0.827500 
0.831300 
0.833200 
0.833900 
0.836000 
0.836000 
0.838600 
0.839300 
0.839900 
0.840100 
0.840800 
0.841700 
0.842100 
0.842400 
0.842800 
0.846400 
0.848000 
0.848200 
0.848400 
0.850100 
0.850600 
0.851600 
0.851700 
0.852600 
0.852600 
0.852700 
0.853300 
0.853600 
0.854500 
0.856100 
0.856200 
0.856500 
0.856800 
0.857800 
0.858300 
0.861800 
0.861900 
0.863700 
0.864000 
0.866700 
0.867700 
0.869300 
0.869500 
0.871200 
0.872000 
0.873100 
0.873700 
0.875100 
0.875400 
0.875400 
0.875500 
0.877200 
0.878200 
0.878500 
0.881500 
0.881700 
0.883100 
0.886800 
0.887200 
0.887200 
0.887500 
0.887800 
0.887800 
0.889500 
0.890000 
0.890500 
0.892600 
0.892900 
0.893700 
0.894000 
0.896600 
0.897600 
0.898800 
0.899400 
0.899500 
0.899600 
0.900300 
0.901300 
0.901700 
0.902200 
0.903300 
0.904000 
0.904800 
0.906000 
0.907400 
0.908800 
0.908900 
0.909400 
0.910200 
0.910900 
0.914700 
0.915100 
0.915400 
0.918500 
0.919700 
0.920000 
0.920900 
0.923100 
0.925900 
0.927300 
0.927800 
0.928000 
0.928400 
0.928400 
0.930900 
0.930900 
0.932600 
0.932800 
0.933400 
0.933800 
0.934400 
0.934700 
0.935200 
0.935400 
0.936200 
0.936300 
0.938000 
0.938300 
0.938500 
0.938900 
0.939900 
0.940300 
0.943400 
0.943500 
0.945800 
0.946300 
0.947500 
0.947800 
0.948500 
0.949100 
0.950000 
0.950600 
0.952900 
0.955400 
0.955500 
0.956500 
0.957200 
0.959700 
0.960300 
0.961100 
0.961100 
0.962300 
0.963100 
0.964300 
0.965500 
0.966900 
0.969500 
0.970900 
0.971200 
0.973200 
0.973500 
0.974600 
0.978600 
0.979700 
0.980100 
0.980800 
0.982400 
0.982900 
0.983800 
0.984200 
0.984300 
0.987000 
0.987800 
0.988100 
0.988900 
0.988900 
0.989100 
0.989100 
0.989800 
0.989900 
0.990600 
0.990800 
0.992000 
0.992300 
0.992600 
0.994100 
0.995200 
0.995800 
0.996100 
0.996300 
0.996500 
0.996900 
0.997000 
0.997300 
0.997600 
0.997600 
0.997900 
0.999300 
0.999800 
1.000100 
1.000800 
1.002700 
1.003400 
1.003600 
1.004000 
1.004100 
1.004500 
1.006800 
1.007900 
1.008000 
1.009800 
1.010400 
1.012000 
1.013400 
1.014000 
1.015200 
1.019900 
1.020400 
1.020500 
1.020700 
1.020800 
1.022900 
1.023300 
1.023800 
1.024200 
1.024500 
1.024900 
1.025900 
1.026200 
1.027100 
1.028600 
1.029100 
1.029500 
1.030900 
1.031000 
1.032100 
1.032800 
1.034800 
1.034800 
1.036200 
1.037800 
1.038200 
1.038400 
1.038500 
1.040500 
1.041600 
1.041600 
1.043100 
1.043200 
1.043500 
1.045500 
1.048200 
1.048900 
1.050600 
1.051500 
1.051900 
1.052000 
1.052400 
1.053300 
1.053900 
1.054300 
1.054300 
1.057200 
1.058200 
1.058700 
1.058800 
1.059400 
1.059600 
1.059700 
1.059700 
1.060000 
1.060900 
1.061100 
1.065400 
1.067500 
1.067600 
1.068500 
1.068600 
1.070300 
1.070500 
1.071600 
1.076000 
1.076100 
1.076400 
1.076900 
1.078600 
1.083300 
1.083500 
1.084600 
1.085200 
1.085600 
1.086300 
1.088200 
1.088800 
1.091000 
1.091200 
1.092200 
1.092400 
1.092400 
1.094700 
1.095600 
1.095800 
1.096700 
1.098400 
1.098600 
1.099800 
1.099900 
1.099900 
1.101500 
1.103200 
1.104000 
1.104100 
1.105100 
1.105200 
1.106400 
1.106600 
1.107800 
1.109500 
1.111500 
1.111600 
1.112300 
1.112500 
1.113300 
1.113700 
1.113800 
1.114100 
1.115700 
1.116400 
1.116700 
1.116900 
1.117000 
1.118500 
1.119100 
1.120200 
1.120900 
1.121700 
1.123000 
1.125700 
1.126200 
1.126300 
1.127000 
1.128100 
1.128800 
1.129500 
1.129800 
1.130900 
1.131100 
1.131300 
1.131800 
1.131900 
1.132000 
1.132100 
1.132200 
1.133200 
1.133500 
1.133600 
1.135500 
1.136000 
1.137800 
1.138300 
1.139800 
1.141500 
1.141500 
1.141900 
1.142200 
1.142400 
1.144000 
1.145000 
1.145900 
1.146000 
1.149100 
1.149500 
1.149500 
1.149700 
1.150200 
1.151100 
1.152000 
1.152400 
1.152400 
1.153900 
1.155300 
1.156900 
1.158000 
1.158600 
1.159000 
1.159200 
1.159400 
1.160500 
1.161200 
1.162500 
1.163600 
1.163800 
1.164300 
1.165200 
1.166000 
1.167200 
1.167600 
1.168200 
1.172700 
1.172700 
1.173000 
1.173600 
1.174100 
1.174500 
1.177100 
1.178000 
1.178300 
1.179100 
1.179800 
1.180200 
1.180200 
1.181000 
1.182200 
1.182400 
1.183100 
1.183400 
1.183400 
1.183900 
1.184700 
1.186400 
1.186400 
1.188200 
1.188500 
1.189700 
1.189800 
1.190500 
1.191000 
1.191100 
1.191800 
1.193400 
1.193400 
1.193600 
1.193800 
1.194600 
1.195300 
1.196300 
1.196800 
1.197200 
1.200000 
1.201100 
1.201400 
1.204800 
1.206500 
1.206600 
1.207000 
1.208100 
1.209700 
1.210000 
1.211800 
1.212800 
1.213800 
1.214400 
1.215100 
1.216400 
1.216600 
1.216800 
1.217800 
1.219800 
1.220000 
1.220900 
1.222400 
1.223700 
1.224100 
1.226200 
1.226500 
1.228300 
1.228800 
1.230600 
1.231100 
1.231300 
1.231400 
1.231500 
1.232500 
1.233800 
1.233900 
1.235400 
1.235600 
1.236700 
1.238300 
1.239000 
1.239300 
1.239300 
1.239900 
1.241400 
1.242800 
1.243300 
1.243900 
1.245000 
1.245000 
1.246200 
1.246900 
1.246900 
1.247900 
1.248300 
1.249000 
1.249100 
1.250300 
1.250700 
1.251600 
1.251800 
1.251900 
1.252300 
1.252500 
1.254100 
1.254300 
1.254600 
1.254700 
1.259700 
1.263400 
1.264600 
1.264700 
1.264900 
1.266500 
1.266800 
1.267000 
1.267300 
1.267500 
1.267900 
1.268300 
1.268400 
1.269600 
1.270500 
1.270700 
1.271600 
1.272700 
1.274900 
1.277800 
1.280000 
1.280700 
1.281200 
1.281300 
1.281400 
1.282000 
1.282300 
1.282400 
1.283800 
1.283900 
1.283900 
1.284200 
1.285100 
1.288800 
1.292100 
1.293200 
1.295100 
1.295800 
1.296100 
1.296200 
1.300200 
1.300900 
1.306600 
1.307100 
1.307100 
1.308300 
1.309000 
1.310000 
1.311000 
1.314000 
1.314300 
1.315300 
1.315400 
1.315600 
1.315700 
1.316200 
1.316400 
1.319600 
1.322300 
1.322500 
1.322700 
1.323300 
1.323400 
1.323700 
1.323900 
1.324000 
1.325600 
1.327600 
1.328000 
1.330000 
1.330000 
1.330700 
1.331100 
1.334200 
1.334400 
1.335000 
1.335100 
1.335200 
1.335800 
1.335900 
1.336600 
1.337000 
1.338800 
1.339700 
1.340600 
1.341600 
1.341800 
1.341800 
1.341800 
1.341900 
1.342100 
1.342500 
1.342700 
1.344200 
1.344500 
1.345600 
1.345600 
1.345700 
1.346200 
1.346400 
1.346600 
1.348400 
1.350000 
1.353100 
1.353100 
1.353400 
1.354000 
1.354100 
1.356100 
1.356600 
1.357000 
1.357900 
1.358300 
1.361400 
1.362600 
1.365600 
1.366800 
1.367300 
1.370800 
1.372200 
1.373900 
1.374400 
1.374600 
1.376100 
1.376400 
1.376700 
1.376800 
1.377000 
1.379800 
1.380000 
1.380300 
1.380300 
1.380600 
1.382700 
1.382800 
1.382900 
1.384800 
1.385000 
1.385000 
1.385200 
1.385500 
1.386200 
1.386600 
1.386800 
1.390700 
1.391400 
1.391600 
1.392700 
1.393200 
1.393700 
1.395200 
1.396300 
1.396700 
1.398100 
1.398700 
1.399000 
1.401000 
1.402400 
1.403300 
1.403400 
1.404600 
1.405000 
1.405500 
1.406600 
1.407500 
1.407600 
1.408800 
1.409200 
1.410900 
1.411800 
1.412100 
1.412200 
1.412700 
1.413500 
1.414000 
1.414900 
1.415500 
1.416100 
1.416300 
1.416300 
1.417000 
1.417800 
1.418100 
1.419100 
1.419600 
1.419700 
1.420500 
1.421200 
1.422000 
1.422200 
1.423200 
1.424700 
1.426500 
1.426800 
1.427400 
1.427800 
1.428000 
1.428500 
1.430800 
1.431100 
1.431300 
1.431300 
1.432800 
1.434000 
1.434600 
1.434900 
1.434900 
1.435500 
1.436400 
1.437300 
1.437800 
1.439300 
1.441000 
1.442400 
1.443800 
1.446100 
1.447000 
1.448000 
1.449200 
1.449600 
1.450200 
1.450300 
1.451900 
1.454300 
1.454300 
1.455800 
1.456100 
1.456500 
1.456600 
1.457300 
1.459100 
1.459400 
1.460300 
1.460400 
1.461200 
1.461600 
1.462000 
1.465900 
1.467200 
1.467200 
1.467700 
1.469000 
1.469100 
1.469100 
1.469200 
1.471300 
1.471800 
1.472500 
1.472800 
1.473000 
1.473700 
1.474200 
1.474500 
1.475800 
1.476100 
1.477100 
1.477900 
1.478400 
1.479500 
1.480300 
1.480400 
1.480800 
1.482500 
1.483700 
1.484000 
1.485800 
1.486800 
1.487000 
1.488700 
1.490300 
1.491000 
1.491300 
1.491700 
1.492100 
1.497100 
1.497200 
1.497200 
1.497600 
1.497600 
1.497800 
1.498100 
1.498200 
1.498300 
1.498400 
1.499600 
1.499700 
1.501300 
1.501700 
1.502000 
1.504000 
1.504500 
1.505200 
1.505600 
1.507400 
1.507800 
1.508200 
1.508300 
1.508600 
1.510400 
1.511500 
1.512100 
1.512200 
1.512400 
1.513000 
1.514600 
1.514700 
1.514700 
1.514800 
1.515400 
1.515500 
1.516100 
1.516300 
1.516300 
1.517000 
1.517700 
1.518700 
1.519000 
1.519700 
1.520400 
1.522400 
1.523600 
1.524000 
1.525100 
1.525600 
1.525700 
1.525700 
1.526700 
1.527000 
1.527300 
1.527400 
1.527600 
1.527800 
1.528400 
1.529000 
1.529400 
1.530500 
1.531600 
1.532500 
1.532500 
1.532800 
1.533300 
1.534200 
1.534300 
1.534600 
1.534900 
1.535400 
1.538300 
1.538700 
1.540500 
1.541300 
1.542600 
1.543300 
1.543800 
1.543800 
1.544500 
1.544600 
1.544800 
1.544800 
1.545300 
1.545600 
1.546000 
1.547000 
1.548100 
1.548700 
1.551000 
1.551500 
1.551800 
1.551800 
1.552200 
1.553700 
1.554000 
1.554600 
1.555000 
1.556200 
1.558200 
1.560100 
1.560900 
1.561500 
1.563000 
1.563900 
1.564500 
1.565300 
1.565500 
1.565500 
1.566500 
1.566700 
1.567800 
1.567900 
1.568600 
1.570400 
1.572400 
1.574900 
1.575100 
1.576500 
1.576900 
1.577300 
1.578400 
1.579800 
1.579800 
1.580500 
1.580500 
1.582200 
1.583400 
1.584600 
1.585200 
1.585300 
1.585600 
1.586300 
1.586500 
1.589100 
1.591200 
1.591800 
1.594800 
1.601500 
1.602200 
1.603000 
1.603900 
1.604600 
1.605600 
1.609000 
1.609800 
1.610300 
1.610700 
1.611600 
1.611700 
1.612200 
1.613300 
1.614900 
1.615700 
1.615800 
1.617100 
1.619400 
1.619600 
1.621200 
1.623600 
1.625800 
1.626400 
1.631000 
1.634400 
1.635300 
1.636200 
1.638000 
1.639000 
1.639100 
1.642200 
1.644600 
1.645000 
1.645000 
1.645900 
1.646500 
1.647900 
1.648800 
1.649200 
1.649400 
1.652300 
1.652400 
1.653200 
1.653400 
1.653500 
1.654000 
1.654000 
1.654400 
1.655500 
1.656500 
1.658400 
1.658900 
1.662200 
1.662700 
1.662800 
1.663200 
1.663400 
1.666500 
1.666900 
1.667200 
1.668200 
1.668500 
1.669800 
1.670400 
1.670400 
1.671400 
1.676500 
1.677200 
1.677900 
1.678800 
1.678900 
1.679300 
1.681500 
1.682100 
1.682300 
1.682500 
1.683200 
1.683300 
1.684300 
1.684600 
1.685000 
1.685200 
1.686500 
1.687200 
1.687600 
1.687800 
1.688400 
1.689300 
1.689900 
1.690000 
1.691100 
1.691400 
1.691500 
1.695700 
1.695700 
1.696000 
1.698900 
1.699200 
1.699400 
1.700100 
1.701000 
1.702100 
1.704100 
1.704200 
1.705300 
1.705700 
1.706200 
1.706400 
1.706900 
1.707100 
1.707800 
1.708300 
1.708800 
1.712000 
1.712200 
1.713200 
1.714500 
1.714500 
1.715400 
1.715500 
1.716000 
1.716200 
1.716900 
1.717200 
1.718200 
1.719000 
1.719100 
1.719400 
1.725100 
1.725800 
1.726000 
1.726300 
1.728100 
1.729100 
1.729300 
1.729800 
1.730100 
1.730800 
1.732900 
1.734000 
1.734400 
1.735300 
1.736200 
1.736300 
1.737100 
1.737600 
1.740900 
1.743300 
1.745100 
1.746000 
1.746100 
1.746900 
1.747900 
1.749000 
1.749600 
1.749800 
1.749800 
1.751400 
1.751500 
1.751800 
1.752500 
1.752500 
1.752900 
1.753400 
1.754200 
1.756600 
1.756900 
1.756900 
1.757500 
1.757700 
1.759200 
1.759700 
1.761400 
1.761800 
1.764500 
1.764600 
1.764900 
1.765400 
1.767000 
1.769600 
1.769700 
1.770000 
1.770200 
1.770200 
1.772900 
1.773100 
1.773300 
1.773800 
1.774700 
1.776400 
1.777700 
1.778100 
1.779700 
1.780000 
1.781400 
1.781700 
1.782100 
1.782400 
1.782600 
1.782900 
1.783200 
1.784000 
1.784100 
1.784800 
1.785000 
1.785100 
1.785200 
1.785700 
1.786200 
1.786700 
1.786700 
1.786900 
1.787600 
1.789200 
1.789800 
1.789900 
1.790600 
1.791300 
1.791400 
1.792600 
1.793200 
1.794900 
1.795100 
1.795500 
1.797100 
1.797800 
1.797900 
1.798400 
1.798400 
1.799700 
1.800200 
1.801000 
1.802000 
1.802900 
1.802900 
1.806500 
1.807500 
1.808300 
1.808400 
1.809100 
1.809200 
1.809300 
1.810100 
1.810400 
1.811500 
1.812600 
1.813400 
1.813800 
1.814300 
1.814600 
1.815600 
1.816600 
1.817000 
1.817300 
1.817600 
1.817800 
1.817800 
1.818300 
1.820400 
1.820500 
1.821900 
1.822300 
1.823800 
1.824500 
1.825300 
1.826700 
1.826800 
1.826900 
1.827500 
1.828000 
1.829400 
1.829900 
1.831400 
1.832300 
1.834200 
1.835200 
1.837000 
1.837200 
1.839600 
1.841700 
1.841900 
1.842100 
1.842500 
1.842900 
1.844700 
1.845400 
1.845500 
1.846200 
1.847100 
1.847900 
1.848100 
1.849200 
1.849900 
1.852700 
1.853600 
1.853900 
1.854200 
1.855000 
1.855500 
1.857000 
1.858000 
1.859200 
1.859500 
1.860300 
1.861600 
1.862000 
1.863600 
1.864500 
1.865400 
1.866500 
1.868300 
1.869100 
1.869400 
1.869900 
1.870400 
1.870400 
1.871400 
1.871700 
1.872000 
1.872100 
1.872200 
1.873200 
1.873200 
1.873400 
1.874400 
1.875400 
1.876900 
1.877500 
1.877900 
1.877900 
1.878600 
1.883100 
1.885700 
1.886800 
1.887300 
1.887600 
1.888400 
1.889300 
1.889800 
1.891000 
1.892200 
1.897900 
1.898000 
1.898500 
1.898700 
1.899500 
1.900000 
1.900400 
1.902600 
1.903200 
1.903700 
1.903900 
1.905800 
1.905900 
1.908400 
1.910100 
1.911100 
1.911200 
1.911700 
1.912300 
1.912700 
1.913800 
1.914500 
1.915800 
1.916300 
1.916400 
1.916800 
1.918100 
1.918700 
1.919000 
1.920600 
1.920800 
1.925100 
1.927300 
1.927400 
1.927500 
1.929000 
1.929700 
1.931900 
1.932600 
1.932900 
1.933300 
1.934800 
1.937900 
1.937900 
1.939800 
1.941000 
1.942200 
1.942600 
1.945200 
1.946600 
1.946800 
1.946800 
1.947000 
1.948300 
1.948500 
1.949400 
1.950000 
1.951700 
1.951800 
1.952100 
1.953800 
1.954000 
1.955100 
1.956000 
1.956000 
1.956200 
1.956200 
1.958700 
1.959100 
1.959900 
1.961200 
1.962300 
1.962400 
1.962800 
1.965900 
1.966200 
1.966300 
1.966500 
1.968800 
1.969500 
1.969600 
1.971000 
1.971300 
1.971400 
1.972900 
1.973600 
1.973700 
1.974200 
1.974500 
1.974800 
1.974800 
1.975400 
1.976400 
1.976600 
1.977400 
1.977600 
1.979200 
1.981100 
1.981400 
1.982000 
1.983100 
1.983400 
1.984900 
1.985700 
1.985700 
1.986100 
1.987100 
1.987100 
1.987400 
1.987700 
1.988400 
1.988800 
1.988900 
1.989100 
1.990300 
1.991100 
1.991800 
1.992100 
1.992100 
1.992200 
1.992400 
1.992400 
1.992700 
1.992900 
1.993900 
1.995100 
1.995800 
1.996500 
1.996500 
1.997400 
1.998500 
1.999300 
2.001900 
2.003300 
2.003500 
2.004000 
2.004000 
2.005800 
2.008000 
2.010100 
2.010500 
2.011600 
2.012400 
2.012500 
2.014400 
2.016000 
2.016500 
2.016700 
2.017200 
2.018200 
2.019000 
2.020300 
2.020400 
2.020700 
2.021400 
2.023600 
2.024600 
2.027000 
2.027200 
2.030100 
2.030200 
2.030900 
2.031100 
2.031100 
2.031800 
2.032800 
2.032900 
2.034100 
2.035300 
2.036000 
2.036200 
2.037300 
2.039000 
2.041800 
2.042100 
2.044000 
2.044300 
2.045800 
2.050600 
2.051200 
2.051900 
2.052300 
2.053200 
2.053500 
2.055700 
2.056300 
2.056500 
2.056700 
2.056900 
2.056900 
2.059500 
2.059700 
2.060500 
2.060500 
2.063500 
2.064500 
2.065800 
2.067200 
2.067200 
2.067500 
2.068300 
2.068500 
2.068800 
2.072700 
2.072800 
2.074000 
2.074500 
2.074600 
2.075700 
2.076500 
2.077000 
2.077600 
2.077800 
2.077800 
2.079700 
2.080200 
2.080500 
2.081800 
2.081900 
2.082100 
2.082200 
2.082500 
2.083400 
2.083400 
2.083900 
2.085900 
2.086200 
2.086200 
2.087000 
2.087400 
2.087700 
2.088000 
2.090600 
2.090700 
2.091500 
2.092600 
2.093500 
2.094100 
2.094400 
2.095000 
2.096500 
2.100400 
2.103500 
2.104100 
2.106700 
2.109400 
2.110100 
2.110200 
2.110900 
2.111300 
2.112600 
2.112700 
2.118700 
2.119000 
2.119800 
2.120700 
2.121100 
2.124400 
2.124600 
2.124800 
2.125000 
2.125700 
2.127900 
2.128300 
2.128400 
2.131200 
2.132100 
2.133400 
2.134600 
2.134600 
2.135200 
2.135500 
2.135500 
2.136400 
2.137300 
2.137300 
2.137500 
2.140200 
2.140800 
2.143100 
2.144000 
2.144900 
2.145100 
2.146700 
2.148200 
2.148600 
2.149200 
2.150000 
2.150600 
2.151300 
2.151600 
2.152800 
2.153000 
2.153600 
2.155500 
2.156100 
2.156400 
2.156600 
2.157500 
2.158600 
2.159300 
2.159800 
2.160200 
2.161300 
2.161400 
2.161600 
2.162400 
2.162500 
2.162600 
2.163200 
2.164800 
2.165000 
2.168000 
2.168200 
2.168500 
2.170000 
2.170800 
2.171100 
2.171500 
2.173200 
2.173600 
2.173700 
2.174200 
2.175600 
2.175700 
2.175700 
2.176800 
2.176900 
2.177400 
2.177500 
2.177700 
2.178800 
2.178900 
2.179100 
2.179600 
2.179800 
2.180900 
2.181100 
2.182700 
2.183100 
2.183300 
2.184200 
2.184300 
2.184400 
2.184500 
2.184700 
2.184700 
2.185700 
2.185900 
2.186100 
2.188800 
2.189000 
2.190200 
2.193600 
2.195100 
2.195500 
2.195800 
2.196100 
2.197500 
2.198400 
2.199100 
2.201800 
2.202100 
2.205300 
2.205400 
2.206100 
2.209500 
2.209700 
2.209700 
2.210600 
2.210700 
2.211100 
2.212600 
2.213100 
2.213200 
2.213300 
2.213400 
2.214000 
2.214500 
2.217400 
2.217500 
2.218600 
2.218600 
2.218600 
2.219200 
2.219300 
2.219700 
2.222800 
2.222800 
2.222800 
2.222900 
2.223800 
2.224100 
2.225900 
2.226100 
2.226400 
2.228200 
2.230200 
2.230700 
2.231000 
2.231100 
2.231400 
2.232800 
2.233000 
2.233100 
2.233100 
2.234600 
2.236200 
2.236300 
2.236900 
2.237000 
2.238500 
2.240100 
2.240300 
2.241600 
2.242400 
2.243600 
2.243700 
2.244400 
2.245000 
2.245100 
2.245800 
2.247300 
2.249100 
2.250900 
2.251600 
2.252100 
2.252800 
2.253100 
2.254900 
2.257200 
2.257300 
2.257500 
2.258100 
2.259300 
2.259400 
2.260900 
2.262400 
2.266900 
2.268200 
2.268300 
2.269200 
2.269900 
2.270200 
2.270300 
2.270600 
2.270800 
2.272400 
2.272600 
2.272900 
2.273200 
2.273900 
2.275400 
2.275900 
2.277500 
2.277700 
2.278000 
2.278400 
2.278500 
2.278900 
2.278900 
2.279500 
2.280300 
2.281100 
2.281200 
2.281400 
2.281600 
2.281900 
2.282400 
2.284300 
2.284400 
2.284500 
2.284900 
2.286900 
2.287500 
2.289400 
2.290900 
2.291100 
2.291500 
2.293200 
2.294300 
2.294800 
2.295200 
2.295400 
2.295600 
2.298100 
2.299500 
2.300400 
2.301500 
2.302200 
2.302300 
2.303100 
2.303400 
2.304300 
2.304600 
2.304700 
2.305300 
2.305700 
2.306800 
2.307400 
2.307600 
2.309600 
2.310200 
2.310500 
2.311200 
2.311300 
2.312600 
2.313100 
2.315400 
2.318200 
2.318500 
2.319100 
2.320200 
2.320900 
2.321100 
2.321800 
2.322700 
2.326000 
2.328100 
2.329400 
2.329400 
2.330300 
2.331200 
2.331800 
2.334100 
2.335700 
2.337100 
2.339000 
2.339200 
2.341500 
2.342100 
2.342700 
2.342800 
2.346100 
2.346500 
2.346900 
2.347100 
2.347100 
2.347200 
2.347500 
2.348500 
2.351200 
2.351500 
2.351700 
2.351900 
2.352300 
2.352600 
2.353400 
2.353500 
2.355100 
2.355300 
2.355400 
2.355900 
2.356400 
2.356600 
2.356900 
2.357900 
2.358400 
2.359000 
2.359200 
2.360700 
2.360800 
2.362200 
2.362700 
2.362800 
2.363300 
2.364800 
2.365600 
2.365900 
2.366200 
2.368000 
2.368800 
2.369300 
2.369300 
2.369400 
2.369700 
2.372200 
2.372600 
2.372900 
2.374000 
2.374100 
2.376200 
2.376900 
2.377000 
2.378300 
2.378900 
2.379100 
2.381200 
2.385500 
2.386000 
2.386800 
2.388000 
2.388700 
2.390400 
2.392000 
2.392500 
2.392900 
2.393500 
2.393700 
2.394500 
2.395100 
2.395800 
2.396700 
2.396800 
2.398800 
2.400000 
2.400900 
2.402200 
2.403000 
2.404000 
2.404600 
2.405800 
2.406000 
2.406300 
2.406600 
2.406700 
2.407000 
2.408300 
2.409700 
2.409900 
2.411700 
2.412800 
2.413200 
2.414100 
2.414400 
2.414400 
2.416100 
2.417000 
2.419500 
2.420200 
2.423300 
2.423500 
2.423600 
2.423700 
2.424600 
2.425100 
2.425900 
2.426100 
2.426700 
2.427600 
2.428700 
2.428800 
2.428800 
2.428900 
2.429700 
2.430000 
2.431000 
2.431700 
2.432000 
2.432700 
2.433300 
2.434300 
2.435300 
2.435700 
2.437400 
2.438800 
2.439400 
2.439600 
2.439700 
2.440200 
2.441300 
2.441600 
2.441700 
2.442100 
2.443600 
2.443700 
2.443800 
2.443900 
2.444300 
2.444500 
2.444800 
2.445300 
2.445600 
2.447400 
2.448600 
2.449800 
2.451000 
2.452100 
2.453300 
2.453700 
2.454700 
2.454900 
2.455100 
2.456900 
2.459000 
2.460900 
2.462700 
2.463500 
2.464100 
2.465500 
2.465800 
2.466700 
2.467000 
2.468000 
2.468600 
2.470500 
2.470900 
2.471700 
2.472500 
2.473100 
2.474100 
2.474900 
2.476100 
2.479100 
2.480100 
2.480300 
2.481500 
2.481700 
2.483100 
2.483400 
2.484900 
2.486500 
2.486500 
2.488700 
2.489200 
2.489300 
2.491800 
2.492000 
2.492100 
2.492500 
2.497200 
2.498100 
2.498300 
2.498500 
2.498800 
2.499000 
2.499500 
2.499900 
2.500100 
2.500300 
2.500500 
2.502500 
2.505200 
2.506100 
2.508400 
2.508600 
2.508900 
2.509800 
2.511000 
2.511700 
2.511800 
2.511800 
2.512600 
2.514700 
2.516900 
2.517800 
2.519800 
2.520900 
2.521000 
2.522300 
2.522400 
2.522700 
2.522900 
2.522900 
2.524400 
2.524900 
2.526300 
2.527100 
2.529000 
2.529600 
2.530100 
2.531700 
2.532200 
2.533300 
2.534700 
2.535400 
2.536400 
2.537200 
2.538300 
2.539300 
2.539500 
2.542700 
2.543400 
2.543900 
2.544200 
2.546600 
2.548200 
2.551700 
2.551700 
2.553400 
2.554200 
2.554400 
2.555300 
2.556300 
2.558200 
2.558400 
2.558900 
2.559700 
2.560200 
2.560500 
2.560600 
2.562500 
2.564100 
2.565600 
2.566000 
2.566700 
2.567000 
2.567500 
2.568400 
2.568500 
2.569800 
2.570300 
2.570900 
2.571300 
2.572300 
2.572400 
2.573000 
2.573800 
2.574300 
2.574600 
2.575900 
2.576400 
2.576800 
2.577500 
2.578400 
2.578700 
2.579300 
2.580700 
2.581200 
2.581800 
2.582300 
2.582700 
2.583000 
2.583500 
2.584900 
2.586100 
2.586800 
2.586900 
2.588800 
2.589900 
2.590200 
2.590600 
2.591400 
2.591500 
2.591500 
2.592100 
2.592200 
2.592900 
2.593700 
2.593900 
2.593900 
2.595700 
2.595800 
2.596400 
2.600600 
2.601000 
2.601800 
2.602600 
2.602700 
2.602800 
2.607200 
2.608600 
2.609500 
2.611000 
2.611400 
2.612100 
2.613400 
2.613800 
2.613800 
2.614200 
2.614700 
2.614800 
2.614800 
2.615000 
2.615400 
2.615800 
2.616900 
2.617700 
2.619000 
2.619100 
2.620600 
2.620900 
2.622200 
2.622300 
2.622700 
2.623300 
2.625100 
2.625300 
2.626500 
2.626900 
2.627100 
2.627100 
2.629600 
2.632400 
2.633000 
2.634300 
2.635800 
2.637100 
2.640700 
2.644600 
2.645900 
2.645900 
2.646200 
2.646300 
2.646300 
2.646700 
2.648300 
2.648300 
2.649300 
2.649700 
2.651900 
2.652600 
2.652900 
2.654100 
2.655300 
2.655600 
2.655700 
2.659400 
2.659900 
2.660100 
2.660200 
2.660400 
2.660700 
2.660800 
2.661300 
2.663100 
2.663400 
2.664000 
2.664500 
2.665000 
2.665000 
2.668000 
2.668400 
2.669700 
2.669700 
2.670600 
2.672000 
2.672000 
2.672700 
2.673200 
2.673200 
2.674000 
2.674300 
2.674700 
2.674900 
2.675900 
2.676700 
2.677500 
2.677800 
2.678800 
2.678900 
2.679200 
2.682000 
2.682400 
2.682900 
2.683100 
2.684600 
2.684700 
2.687000 
2.689500 
2.689900 
2.690000 
2.690100 
2.690500 
2.690600 
2.691000 
2.691100 
2.691300 
2.691500 
2.691500 
2.691600 
2.692100 
2.692400 
2.692900 
2.693600 
2.695600 
2.695800 
2.695800 
2.696300 
2.697000 
2.697400 
2.697800 
2.699000 
2.700000 
2.700900 
2.701400 
2.701400 
2.703100 
2.703300 
2.703800 
2.703900 
2.705600 
2.707500 
2.707900 
2.708500 
2.708600 
2.708800 
2.708900 
2.709700 
2.711400 
2.712100 
2.713000 
2.713600 
2.714100 
2.715000 
2.715400 
2.715500 
2.716200 
2.717000 
2.717900 
2.718000 
2.718100 
2.718600 
2.719500 
2.719500 
2.720700 
2.720800 
2.721200 
2.721400 
2.722000 
2.722300 
2.722300 
2.722700 
2.723400 
2.723800 
2.724100 
2.724200 
2.724300 
2.724900 
2.725300 
2.726100 
2.726200 
2.728600 
2.729400 
2.731900 
2.734900 
2.735000 
2.735800 
2.736400 
2.736800 
2.737000 
2.737500 
2.738700 
2.739200 
2.739500 
2.739800 
2.739800 
2.740500 
2.740600 
2.741300 
2.742000 
2.742300 
2.742600 
2.742600 
2.742700 
2.745300 
2.745700 
2.746200 
2.746800 
2.748600 
2.748600 
2.748800 
2.749100 
2.749600 
2.750000 
2.752000 
2.754000 
2.755200 
2.756900 
2.758500 
2.759200 
2.760000 
2.760400 
2.760500 
2.761800 
2.761900 
2.762100 
2.763500 
2.764100 
2.766100 
2.767600 
2.772600 
2.772600 
2.773500 
2.773600 
2.774000 
2.774500 
2.777100 
2.778300 
2.778700 
2.778900 
2.779700 
2.780300 
2.781400 
2.782100 
2.782600 
2.783000 
2.783200 
2.786300 
2.787600 
2.789200 
2.789500 
2.791300 
2.791300 
2.791400 
2.792900 
2.794100 
2.794300 
2.794800 
2.794800 
2.795900 
2.796400 
2.798100 
2.798400 
2.798500 
2.799900 
2.800200 
2.800700 
2.802800 
2.807200 
2.807900 
2.809300 
2.809300 
2.815300 
2.815500 
2.815700 
2.816000 
2.816600 
2.816700 
2.817900 
2.818000 
2.818000 
2.819500 
2.819600 
2.820400 
2.822000 
2.827200 
2.827700 
2.827700 
2.831600 
2.832100 
2.834300 
2.834500 
2.836000 
2.836900 
2.837600 
2.838100 
2.839300 
2.841100 
2.843700 
2.845100 
2.846200 
2.847000 
2.847300 
2.847600 
2.848900 
2.849100 
2.849400 
2.852800 
2.853400 
2.853700 
2.853800 
2.854300 
2.855100 
2.855100 
2.855400 
2.855600 
2.857100 
2.859100 
2.859200 
2.859500 
2.860300 
2.862600 
2.863300 
2.863900 
2.865100 
2.865300 
2.865500 
2.866500 
2.867100 
2.867400 
2.869700 
2.870000 
2.870200 
2.870200 
2.871100 
2.871800 
2.873900 
2.874200 
2.874300 
2.875400 
2.875400 
2.875900 
2.876100 
2.876200 
2.876500 
2.876700 
2.877200 
2.877600 
2.878600 
2.878700 
2.879600 
2.881600 
2.881700 
2.881700 
2.882000 
2.883400 
2.883800 
2.884500 
2.886500 
2.886600 
2.887200 
2.887500 
2.888000 
2.888100 
2.888200 
2.888900 
2.889200 
2.892800 
2.892800 
2.893100 
2.893500 
2.894700 
2.895400 
2.896000 
2.896000 
2.898100 
2.900900 
2.902300 
2.902300 
2.906900 
2.907800 
2.908100 
2.908200 
2.908800 
2.910400 
2.911100 
2.912100 
2.912700 
2.913700 
2.913700 
2.914400 
2.914900 
2.915400 
2.915600 
2.916500 
2.916800 
2.918400 
2.918600 
2.920100 
2.920500 
2.920500 
2.921000 
2.922500 
2.923600 
2.924300 
2.924300 
2.926600 
2.927200 
2.927600 
2.928800 
2.929300 
2.930600 
2.932300 
2.933800 
2.934700 
2.935700 
2.936300 
2.936400 
2.939400 
2.940000 
2.942300 
2.943300 
2.943600 
2.943800 
2.944400 
2.945300 
2.946200 
2.947000 
2.947700 
2.948100 
2.948300 
2.949900 
2.950100 
2.952900 
2.954300 
2.955400 
2.956000 
2.957400 
2.958300 
2.959200 
2.959800 
2.960500 
2.961600 
2.961900 
2.962500 
2.963300 
2.963800 
2.963900 
2.964000 
2.964400 
2.964600 
2.964800 
2.965300 
2.966100 
2.966100 
2.966200 
2.966500 
2.967300 
2.968500 
2.968800 
2.969300 
2.969500 
2.970300 
2.972200 
2.972700 
2.974900 
2.975300 
2.975900 
2.980700 
2.980800 
2.984200 
2.984800 
2.985200 
2.985400 
2.985500 
2.985600 
2.985800 
2.986200 
2.988100 
2.989100 
2.989500 
2.990700 
2.991800 
2.992400 
2.992400 
2.993000 
2.993900 
2.994500 
2.995100 
2.996800 
2.997500 
2.998100 
2.998200 
2.999200 
