0.016800 
0.021900 
0.022900 
0.026000 
0.029700 
0.035300 
0.036700 
0.039700 
0.042600 
0.048600 
0.053400 
0.055500 
0.058400 
0.058600 
0.064700 
0.065500 
0.066100 
0.066800 
0.069900 
0.072300 
0.073900 
0.075700 
0.077500 
0.078700 
0.080800 
0.081200 
0.082500 
0.084600 
0.086400 
0.086500 
0.087000 
0.095100 
0.095500 
0.095800 
0.095900 
0.096600 
0.096700 
0.096900 
0.097300 
0.100600 
0.103400 
0.103500 
0.115900 
0.118100 
0.122600 
0.123100 
0.123400 
0.125200 
0.129700 
0.131600 
0.132000 
0.132800 
0.132800 
0.135300 
0.135900 
0.140300 
0.140600 
0.140900 
0.143000 
0.143100 
0.144400 
0.145800 
0.147000 
0.147400 
0.149200 
0.150200 
0.153400 
0.155900 
0.156300 
0.158900 
0.160300 
0.162000 
0.162200 
0.162500 
0.165500 
0.169200 
0.169300 
0.170200 
0.170800 
0.174100 
0.176000 
0.176100 
0.179700 
0.180300 
0.182100 
0.182200 
0.186700 
0.189100 
0.190000 
0.190100 
0.191500 
0.192300 
0.202400 
0.202700 
0.203000 
0.204300 
0.206700 
0.207500 
0.209000 
0.210800 
0.214500 
0.214600 
0.220100 
0.222400 
0.223600 
0.225500 
0.227300 
0.228000 
0.230900 
0.234300 
0.235700 
0.235800 
0.237800 
0.238700 
0.239800 
0.241800 
0.243000 
0.244000 
0.244100 
0.248700 
0.252700 
0.258200 
0.258500 
0.259000 
0.260000 
0.261400 
0.262800 
0.262800 
0.262900 
0.264100 
0.266000 
0.268200 
0.268400 
0.268500 
0.270100 
0.271500 
0.273100 
0.274600 
0.276100 
0.285000 
0.285000 
0.292100 
0.293800 
0.296000 
0.296800 
0.298200 
0.298800 
0.299200 
0.300200 
0.301600 
0.302500 
0.303800 
0.304400 
0.305600 
0.305800 
0.307900 
0.309200 
0.311700 
0.312100 
0.312500 
0.312600 
0.312600 
0.312600 
0.315400 
0.316400 
0.320900 
0.320900 
0.325800 
0.328100 
0.328900 
0.331500 
0.333200 
0.333200 
0.337700 
0.338400 
0.341100 
0.342700 
0.343100 
0.343900 
0.345900 
0.351900 
0.353200 
0.353200 
0.356400 
0.356700 
0.357000 
0.358000 
0.358000 
0.360900 
0.362600 
0.362700 
0.363900 
0.364900 
0.366000 
0.366700 
0.367500 
0.368000 
0.371300 
0.375400 
0.378800 
0.378900 
0.380000 
0.380800 
0.381300 
0.381400 
0.382700 
0.383100 
0.383400 
0.383600 
0.384700 
0.386800 
0.389700 
0.391100 
0.393200 
0.395100 
0.395700 
0.397600 
0.401200 
0.402800 
0.403300 
0.403400 
0.403500 
0.404600 
0.404900 
0.409600 
0.411800 
0.412600 
0.413400 
0.417700 
0.418400 
0.419500 
0.420200 
0.422500 
0.424700 
0.427800 
0.429000 
0.429200 
0.430900 
0.431900 
0.436900 
0.437200 
0.437800 
0.438500 
0.440300 
0.441700 
0.445600 
0.446700 
0.448400 
0.448600 
0.450200 
0.451600 
0.452200 
0.456300 
0.457700 
0.457800 
0.457900 
0.459600 
0.459900 
0.462900 
0.464800 
0.465400 
0.465500 
0.465700 
0.467300 
0.474500 
0.476500 
0.476900 
0.478100 
0.478700 
0.479700 
0.479800 
0.487600 
0.489600 
0.490200 
0.490400 
0.493300 
0.493500 
0.494200 
0.494900 
0.496400 
0.497200 
0.498200 
0.505000 
0.510400 
0.511300 
0.511900 
0.512200 
0.512600 
0.512800 
0.512900 
0.513500 
0.516800 
0.517200 
0.518800 
0.520300 
0.522900 
0.523700 
0.524400 
0.526900 
0.529000 
0.530300 
0.531100 
0.534700 
0.539400 
0.541200 
0.542400 
0.542500 
0.542700 
0.548200 
0.548300 
0.549200 
0.550900 
0.551500 
0.551600 
0.551600 
0.552100 
0.554200 
0.557000 
0.557100 
0.558200 
0.560000 
0.560200 
0.563900 
0.564400 
0.567200 
0.567600 
0.568300 
0.569000 
0.569200 
0.570300 
0.574400 
0.577500 
0.578300 
0.581500 
0.582700 
0.587000 
0.592300 
0.596200 
0.597500 
0.601900 
0.605100 
0.605100 
0.605700 
0.606100 
0.606500 
0.606600 
0.608100 
0.609900 
0.611200 
0.614500 
0.615700 
0.615900 
0.624000 
0.627600 
0.628000 
0.629000 
0.630400 
0.631700 
0.632900 
0.638900 
0.639100 
0.642300 
0.642600 
0.646000 
0.647200 
0.647900 
0.649000 
0.650000 
0.650100 
0.650400 
0.652300 
0.652900 
0.659100 
0.659100 
0.659200 
0.661100 
0.661400 
0.662800 
0.662800 
0.663300 
0.664600 
0.666100 
0.669200 
0.670600 
0.672300 
0.673000 
0.673400 
0.674200 
0.674800 
0.676100 
0.676400 
0.677100 
0.679300 
0.680200 
0.681500 
0.682600 
0.684200 
0.687300 
0.688800 
0.689700 
0.692900 
0.693100 
0.695800 
0.695800 
0.696000 
0.697000 
0.697900 
0.699300 
0.701200 
0.703200 
0.706000 
0.709200 
0.710600 
0.711500 
0.714600 
0.714700 
0.719100 
0.721800 
0.724100 
0.724500 
0.729000 
0.729800 
0.730500 
0.731900 
0.732100 
0.735300 
0.735900 
0.738000 
0.739600 
0.743200 
0.744200 
0.748300 
0.750800 
0.751600 
0.753400 
0.754100 
0.754900 
0.755000 
0.756400 
0.756900 
0.760400 
0.762900 
0.765000 
0.768900 
0.770300 
0.771000 
0.771300 
0.772300 
0.772300 
0.775200 
0.775900 
0.777900 
0.780400 
0.784400 
0.787000 
0.788600 
0.790200 
0.792300 
0.792600 
0.793100 
0.794900 
0.802000 
0.804600 
0.805200 
0.806700 
0.809800 
0.810900 
0.811300 
0.812700 
0.813600 
0.814200 
0.815700 
0.816200 
0.817800 
0.818000 
0.819200 
0.820100 
0.820600 
0.821500 
0.825200 
0.828100 
0.830000 
0.830500 
0.832900 
0.833400 
0.835900 
0.838000 
0.838300 
0.838300 
0.838900 
0.839400 
0.841300 
0.842000 
0.846100 
0.849300 
0.849500 
0.850600 
0.851700 
0.851800 
0.853700 
0.854000 
0.859400 
0.862300 
0.865100 
0.867700 
0.870500 
0.873300 
0.873800 
0.874100 
0.877000 
0.877000 
0.877000 
0.879900 
0.881500 
0.886000 
0.886600 
0.888400 
0.888400 
0.889100 
0.889300 
0.892000 
0.894800 
0.895000 
0.895000 
0.895400 
0.895600 
0.897600 
0.898500 
0.898500 
0.902300 
0.902900 
0.903400 
0.904300 
0.907900 
0.909700 
0.910300 
0.910900 
0.912100 
0.916900 
0.917100 
0.917600 
0.917800 
0.920600 
0.921400 
0.921400 
0.922100 
0.923000 
0.924200 
0.925000 
0.926000 
0.926100 
0.928200 
0.931400 
0.932800 
0.934300 
0.937900 
0.939000 
0.940400 
0.943000 
0.948500 
0.948800 
0.949900 
0.953500 
0.955000 
0.956400 
0.958900 
0.960100 
0.960300 
0.961100 
0.962500 
0.962600 
0.962800 
0.965400 
0.967700 
0.968600 
0.970900 
0.971500 
0.976800 
0.978600 
0.980000 
0.984800 
0.986000 
0.992100 
0.994500 
0.997500 
0.998600 
0.998600 
1.000700 
1.001600 
1.003700 
1.004800 
1.006100 
1.006400 
1.007300 
1.007400 
1.010500 
1.010900 
1.011900 
1.012600 
1.016200 
1.018400 
1.018500 
1.019500 
1.021100 
1.027400 
1.030300 
1.033000 
1.036400 
1.037100 
1.037800 
1.038400 
1.039100 
1.042200 
1.043100 
1.043700 
1.045200 
1.046400 
1.047000 
1.047600 
1.051300 
1.051400 
1.051900 
1.052700 
1.053200 
1.053300 
1.054200 
1.054400 
1.056400 
1.056800 
1.058300 
1.058900 
1.062000 
1.063200 
1.064000 
1.067400 
1.067700 
1.068900 
1.072000 
1.075700 
1.075900 
1.076900 
1.079400 
1.082200 
1.083900 
1.084800 
1.086100 
1.086300 
1.089300 
1.091700 
1.092300 
1.095200 
1.096100 
1.096600 
1.097500 
1.100200 
1.104200 
1.105300 
1.105400 
1.107800 
1.109200 
1.111000 
1.113300 
1.113800 
1.114800 
1.115000 
1.116600 
1.119900 
1.121500 
1.121700 
1.122200 
1.125200 
1.128000 
1.128600 
1.132000 
1.134200 
1.135300 
1.139500 
1.140400 
1.140900 
1.141600 
1.142100 
1.142200 
1.143000 
1.148200 
1.151400 
1.152700 
1.156600 
1.156900 
1.158800 
1.159100 
1.160600 
1.166000 
1.170400 
1.173900 
1.176500 
1.179900 
1.182800 
1.189700 
1.190700 
1.192000 
1.194100 
1.196600 
1.198100 
1.198700 
1.201000 
1.208500 
1.209200 
1.210500 
1.211800 
1.212400 
1.214600 
1.216500 
1.217200 
1.218200 
1.218900 
1.219300 
1.219400 
1.219900 
1.221300 
1.229700 
1.230500 
1.233500 
1.235700 
1.237700 
1.243500 
1.243600 
1.244800 
1.244900 
1.247500 
1.247700 
1.247800 
1.252900 
1.255200 
1.255600 
1.256000 
1.257100 
1.259700 
1.260700 
1.262600 
1.265300 
1.266400 
1.268500 
1.269600 
1.269600 
1.272600 
1.276100 
1.276300 
1.278600 
1.282600 
1.285800 
1.288600 
1.290300 
1.292900 
1.295500 
1.296300 
1.297000 
1.300400 
1.305000 
1.307000 
1.313200 
1.317700 
1.319200 
1.320300 
1.320900 
1.323100 
1.326100 
1.326800 
1.328300 
1.328300 
1.332600 
1.334400 
1.335100 
1.335300 
1.335400 
1.337900 
1.342100 
1.342400 
1.342500 
1.345300 
1.345800 
1.349800 
1.351800 
1.352700 
1.353000 
1.353300 
1.355100 
1.356600 
1.357100 
1.358400 
1.360300 
1.361000 
1.361200 
1.367400 
1.367900 
1.371500 
1.371700 
1.372300 
1.374700 
1.375000 
1.375600 
1.375700 
1.376400 
1.377000 
1.378300 
1.378600 
1.381400 
1.381400 
1.382400 
1.383600 
1.383700 
1.392700 
1.392700 
1.395000 
1.397100 
1.398000 
1.398300 
1.399700 
1.402500 
1.407100 
1.408200 
1.410500 
1.410500 
1.412300 
1.415800 
1.419600 
1.421300 
1.421700 
1.421900 
1.425500 
1.426200 
1.428000 
1.430500 
1.439400 
1.439400 
1.440300 
1.441700 
1.444100 
1.445400 
1.446700 
1.447400 
1.449600 
1.454900 
1.455500 
1.457200 
1.457400 
1.459600 
1.461400 
1.461400 
1.464600 
1.466000 
1.466700 
1.467000 
1.467400 
1.467600 
1.469600 
1.472400 
1.473500 
1.473600 
1.476000 
1.479500 
1.482200 
1.488900 
1.489800 
1.490100 
1.492200 
1.495800 
1.498300 
1.499300 
1.499800 
1.499900 
1.502400 
1.504400 
1.506000 
1.509400 
1.510000 
1.510400 
1.511200 
1.511500 
1.512300 
1.513400 
1.514400 
1.515000 
1.519300 
1.520000 
1.521200 
1.523700 
1.532200 
1.532700 
1.537300 
1.539300 
1.539600 
1.540100 
1.542700 
1.543000 
1.544500 
1.546400 
1.551000 
1.551200 
1.552100 
1.553200 
1.558200 
1.560400 
1.562400 
1.570800 
1.571000 
1.576800 
1.580500 
1.581200 
1.583200 
1.584900 
1.591800 
1.593600 
1.594600 
1.596800 
1.598500 
1.599100 
1.599900 
1.601600 
1.603300 
1.606800 
1.607900 
1.609100 
1.609700 
1.610200 
1.611100 
1.611500 
1.612500 
1.613300 
1.613300 
1.613500 
1.622000 
1.622300 
1.625600 
1.628900 
1.629100 
1.633300 
1.635900 
1.637900 
1.639900 
1.640900 
1.641300 
1.641700 
1.645900 
1.647400 
1.648500 
1.651000 
1.651300 
1.654100 
1.657100 
1.657300 
1.657400 
1.658900 
1.659200 
1.660300 
1.660600 
1.661900 
1.663000 
1.663300 
1.664800 
1.665400 
1.666200 
1.667200 
1.668300 
1.668700 
1.669900 
1.673800 
1.678900 
1.679900 
1.680700 
1.683200 
1.683700 
1.683900 
1.684700 
1.685900 
1.687700 
1.687900 
1.688300 
1.688700 
1.690700 
1.694200 
1.697900 
1.700600 
1.706800 
1.708200 
1.713200 
1.714700 
1.716800 
1.717100 
1.720100 
1.720600 
1.720800 
1.725600 
1.726200 
1.727000 
1.727100 
1.727300 
1.730900 
1.732200 
1.733300 
1.735000 
1.736500 
1.738500 
1.738900 
1.741900 
1.742500 
1.744200 
1.744400 
1.747800 
1.748400 
1.751600 
1.752500 
1.753100 
1.754000 
1.757600 
1.762200 
1.769600 
1.772300 
1.772500 
1.772700 
1.775200 
1.775500 
1.776600 
1.777800 
1.778300 
1.780500 
1.783200 
1.783800 
1.784600 
1.786900 
1.789500 
1.791500 
1.792100 
1.794400 
1.795200 
1.800400 
1.801500 
1.802000 
1.805100 
1.806800 
1.808700 
1.809300 
1.818600 
1.819000 
1.819200 
1.820300 
1.821700 
1.822000 
1.822100 
1.826900 
1.829900 
1.830300 
1.832100 
1.832600 
1.832800 
1.834000 
1.835000 
1.836500 
1.838200 
1.841200 
1.842200 
1.846200 
1.846600 
1.848800 
1.850200 
1.850400 
1.852200 
1.855300 
1.856800 
1.857500 
1.858900 
1.859400 
1.861400 
1.861700 
1.863800 
1.865000 
1.866000 
1.867900 
1.868200 
1.870800 
1.871200 
1.879100 
1.880300 
1.880500 
1.880900 
1.885900 
1.889500 
1.891400 
1.892600 
1.893300 
1.894000 
1.894700 
1.894900 
1.896400 
1.898000 
1.898700 
1.899200 
1.902400 
1.903500 
1.907600 
1.907800 
1.909200 
1.911000 
1.911400 
1.913200 
1.913400 
1.914100 
1.914400 
1.915600 
1.916400 
1.917100 
1.918900 
1.919100 
1.919200 
1.919900 
1.920300 
1.920600 
1.928100 
1.928100 
1.928200 
1.928600 
1.928900 
1.929700 
1.929700 
1.932000 
1.933200 
1.935000 
1.935000 
1.939000 
1.939900 
1.941400 
1.941700 
1.942000 
1.942500 
1.946800 
1.950300 
1.950400 
1.955600 
1.956100 
1.956300 
1.958800 
1.960200 
1.962300 
1.963200 
1.964500 
1.965000 
1.967200 
1.968200 
1.971200 
1.973200 
1.974700 
1.974900 
1.975200 
1.975500 
1.978700 
1.981100 
1.982100 
1.983000 
1.983100 
1.986300 
1.986400 
1.994600 
1.998000 
2.001500 
2.001600 
2.003200 
2.004000 
2.005300 
2.005400 
2.006100 
2.010200 
2.010600 
2.011800 
2.011800 
2.013300 
2.013700 
2.015100 
2.015800 
2.018000 
2.018100 
2.018300 
2.018600 
2.018900 
2.019500 
2.019500 
2.019800 
2.020900 
2.023500 
2.023600 
2.024400 
2.025500 
2.026900 
2.028500 
2.029000 
2.029700 
2.030300 
2.032600 
2.032700 
2.033300 
2.033700 
2.035200 
2.035200 
2.036000 
2.036600 
2.038400 
2.038800 
2.042500 
2.045200 
2.048200 
2.050100 
2.050800 
2.051200 
2.053400 
2.055400 
2.057300 
2.057500 
2.058500 
2.059900 
2.060400 
2.062400 
2.063800 
2.071600 
2.072600 
2.074400 
2.083700 
2.084900 
2.086900 
2.093700 
2.095900 
2.096900 
2.097200 
2.098500 
2.100400 
2.100900 
2.101100 
2.101100 
2.101300 
2.102000 
2.102700 
2.103300 
2.106700 
2.107600 
2.109700 
2.112600 
2.113000 
2.116800 
2.119900 
2.120100 
2.121600 
2.123900 
2.124100 
2.126100 
2.126400 
2.126800 
2.127200 
2.130000 
2.130700 
2.130800 
2.132800 
2.133900 
2.134000 
2.137000 
2.138400 
2.140300 
2.146700 
2.147900 
2.148000 
2.148500 
2.150100 
2.150300 
2.152900 
2.154200 
2.158900 
2.159700 
2.160000 
2.160200 
2.161000 
2.162600 
2.163100 
2.164400 
2.166900 
2.167500 
2.168200 
2.169700 
2.174700 
2.177900 
2.180400 
2.181600 
2.185200 
2.185400 
2.188700 
2.189700 
2.191400 
2.193200 
2.193600 
2.193700 
2.195300 
2.200000 
2.200500 
2.200800 
2.202300 
2.203900 
2.203900 
2.205900 
2.207500 
2.208300 
2.211800 
2.214600 
2.215000 
2.215900 
2.222100 
2.222900 
2.223000 
2.224200 
2.224400 
2.225400 
2.226000 
2.226800 
2.227600 
2.228100 
2.232100 
2.233500 
2.236000 
2.236800 
2.239400 
2.239700 
2.239700 
2.243200 
2.245300 
2.246100 
2.250000 
2.252600 
2.253800 
2.254000 
2.254700 
2.254800 
2.255300 
2.255600 
2.256600 
2.256900 
2.258400 
2.259700 
2.259900 
2.260000 
2.264400 
2.265500 
2.266500 
2.267500 
2.270100 
2.271000 
2.273400 
2.275200 
2.277200 
2.279800 
2.283300 
2.285900 
2.287100 
2.287900 
2.290600 
2.294700 
2.296300 
2.296700 
2.300600 
2.301300 
2.302800 
2.303400 
2.304700 
2.307700 
2.309400 
2.310600 
2.312400 
2.313300 
2.315600 
2.316000 
2.317800 
2.319400 
2.320100 
2.320300 
2.320400 
2.323000 
2.324100 
2.324700 
2.326200 
2.326500 
2.328000 
2.328500 
2.331800 
2.335200 
2.336500 
2.337100 
2.337300 
2.338300 
2.340000 
2.344500 
2.345000 
2.347400 
2.348300 
2.348600 
2.352000 
2.352300 
2.354700 
2.355700 
2.355800 
2.357400 
2.358400 
2.358700 
2.361100 
2.362300 
2.362500 
2.363400 
2.367600 
2.368900 
2.370100 
2.371300 
2.374200 
2.374300 
2.375000 
2.375400 
2.378300 
2.380100 
2.381700 
2.381800 
2.384500 
2.385600 
2.388700 
2.390300 
2.390400 
2.390400 
2.391100 
2.392600 
2.399500 
2.399800 
2.400800 
2.400900 
2.401100 
2.405600 
2.407900 
2.411200 
2.411400 
2.413200 
2.414500 
2.417500 
2.418000 
2.419000 
2.421700 
2.423400 
2.424400 
2.424500 
2.427900 
2.428100 
2.429900 
2.429900 
2.431900 
2.433000 
2.433400 
2.433900 
2.434300 
2.434400 
2.437000 
2.438100 
2.438600 
2.443000 
2.443100 
2.443300 
2.445200 
2.445400 
2.446200 
2.447900 
2.448700 
2.451600 
2.454500 
2.457700 
2.458700 
2.460700 
2.461100 
2.462600 
2.464400 
2.466000 
2.466100 
2.467100 
2.467800 
2.469200 
2.469300 
2.471200 
2.473400 
2.474000 
2.474800 
2.478000 
2.478800 
2.486400 
2.486800 
2.487400 
2.488700 
2.489700 
2.491100 
2.491400 
2.493500 
2.494900 
2.495700 
2.496400 
2.497800 
2.504300 
2.505600 
2.505700 
2.506700 
2.507400 
2.509900 
2.509900 
2.514200 
2.515700 
2.518500 
2.521700 
2.523300 
2.525100 
2.527600 
2.527700 
2.527800 
2.528300 
2.528500 
2.531200 
2.532600 
2.535000 
2.536400 
2.538400 
2.540300 
2.540700 
2.544100 
2.544600 
2.548900 
2.550100 
2.551100 
2.552300 
2.553800 
2.554600 
2.559000 
2.560100 
2.560100 
2.561500 
2.562100 
2.562800 
2.564100 
2.565500 
2.569900 
2.571300 
2.577600 
2.577700 
2.578400 
2.579100 
2.580700 
2.580700 
2.583100 
2.583300 
2.583400 
2.585300 
2.592100 
2.595700 
2.598000 
2.600700 
2.603500 
2.603900 
2.603900 
2.604700 
2.613400 
2.614500 
2.614600 
2.614600 
2.616200 
2.616500 
2.617900 
2.618700 
2.619900 
2.621400 
2.622000 
2.622100 
2.625000 
2.626000 
2.626100 
2.627700 
2.627800 
2.629700 
2.630100 
2.630100 
2.630400 
2.635800 
2.635900 
2.636600 
2.637300 
2.638600 
2.639400 
2.641900 
2.644100 
2.646400 
2.648600 
2.649800 
2.651000 
2.651800 
2.653400 
2.654200 
2.655600 
2.655800 
2.661200 
2.661700 
2.664500 
2.665000 
2.667900 
2.669200 
2.674100 
2.674300 
2.675600 
2.675700 
2.675800 
2.677900 
2.680300 
2.683700 
2.686500 
2.689200 
2.692700 
2.695600 
2.696900 
2.697900 
2.698900 
2.701200 
2.701900 
2.702300 
2.703300 
2.703500 
2.704600 
2.704700 
2.705500 
2.707600 
2.709700 
2.710300 
2.716600 
2.717000 
2.718100 
2.723000 
2.724000 
2.724900 
2.726600 
2.727900 
2.728000 
2.730300 
2.731100 
2.731900 
2.732200 
2.733400 
2.735800 
2.738200 
2.739200 
2.740000 
2.740400 
2.741200 
2.744300 
2.755100 
2.758000 
2.758500 
2.760200 
2.760600 
2.761900 
2.764900 
2.765900 
2.766900 
2.767600 
2.768000 
2.769200 
2.770400 
2.770400 
2.772700 
2.773900 
2.774300 
2.777400 
2.782000 
2.783800 
2.784500 
2.785000 
2.785300 
2.786900 
2.788000 
2.792800 
2.793800 
2.794500 
2.797200 
2.798900 
2.799100 
2.799700 
2.800000 
2.801200 
2.803200 
2.805900 
2.809600 
2.813100 
2.814100 
2.815700 
2.817800 
2.822100 
2.824900 
2.829400 
2.830400 
2.830500 
2.831400 
2.832500 
2.837300 
2.837400 
2.837800 
2.838000 
2.838200 
2.844600 
2.851100 
2.852600 
2.852900 
2.853600 
2.858500 
2.858900 
2.859100 
2.859600 
2.859800 
2.863700 
2.864800 
2.865700 
2.870000 
2.877200 
2.877800 
2.878800 
2.878800 
2.881200 
2.881300 
2.881300 
2.881600 
2.886400 
2.886500 
2.886500 
2.887000 
2.888900 
2.892100 
2.893500 
2.896300 
2.896700 
2.896900 
2.899400 
2.900800 
2.904100 
2.907400 
2.908200 
2.912100 
2.913000 
2.917900 
2.920000 
2.921600 
2.921900 
2.922300 
2.923100 
2.923200 
2.924800 
2.929600 
2.931100 
2.932300 
2.932500 
2.936000 
2.938000 
2.938900 
2.939200 
2.941000 
2.941600 
2.942100 
2.942300 
2.944300 
2.948700 
2.949300 
2.951100 
2.952400 
2.952800 
2.953700 
2.953800 
2.959200 
2.959900 
2.960400 
2.960400 
2.961900 
2.962800 
2.963800 
2.968000 
2.968800 
2.969800 
2.971600 
2.972300 
2.974800 
2.977100 
2.978600 
2.979700 
2.980600 
2.987500 
2.988200 
2.989300 
2.994800 
2.995700 
2.995800 
2.996100 
