28 
12 
32 
2 
51 
23 
21 
17 
3 
24 
49 
0 
39 
1 
51 
19 
10 
29 
29 
37 
41 
40 
21 
44 
24 
12 
10 
35 
37 
33 
2 
17 
21 
32 
12 
29 
10 
17 
2 
1 
11 
30 
29 
37 
2 
9 
10 
41 
23 
29 
14 
44 
1 
4 
21 
12 
10 
47 
8 
3 
32 
25 
43 
4 
32 
40 
52 
21 
29 
27 
30 
35 
17 
41 
44 
24 
6 
3 
35 
7 
25 
10 
23 
16 
26 
19 
15 
2 
20 
1 
30 
10 
23 
4 
12 
24 
41 
11 
4 
39 
20 
12 
28 
37 
29 
1 
19 
4 
10 
46 
11 
30 
49 
2 
23 
29 
39 
6 
8 
29 
1 
33 
37 
44 
24 
39 
23 
29 
4 
49 
39 
36 
30 
40 
23 
4 
32 
2 
24 
19 
30 
34 
4 
1 
40 
29 
32 
24 
27 
2 
20 
15 
29 
4 
21 
33 
51 
1 
41 
11 
43 
22 
34 
12 
51 
38 
36 
29 
1 
4 
33 
32 
37 
4 
20 
33 
11 
38 
2 
1 
46 
44 
29 
26 
36 
35 
33 
23 
44 
2 
32 
24 
43 
33 
37 
3 
29 
15 
26 
41 
32 
2 
36 
8 
29 
3 
44 
33 
17 
1 
29 
23 
21 
8 
28 
48 
37 
33 
13 
47 
11 
40 
7 
3 
6 
32 
2 
15 
39 
51 
49 
43 
32 
19 
28 
2 
36 
21 
27 
23 
32 
40 
37 
29 
4 
22 
8 
29 
49 
32 
17 
3 
29 
37 
2 
36 
4 
22 
34 
13 
35 
44 
28 
2 
15 
43 
31 
35 
49 
12 
33 
20 
10 
41 
1 
23 
17 
39 
29 
48 
21 
41 
44 
1 
4 
24 
32 
1 
29 
7 
47 
25 
28 
29 
30 
24 
10 
21 
39 
36 
30 
43 
29 
40 
31 
12 
8 
52 
40 
44 
29 
34 
1 
3 
31 
40 
3 
44 
30 
24 
12 
19 
7 
51 
37 
41 
32 
30 
2 
14 
27 
11 
8 
46 
30 
10 
32 
52 
23 
49 
50 
2 
26 
19 
2 
4 
40 
46 
8 
20 
16 
11 
33 
23 
26 
41 
29 
2 
40 
43 
29 
21 
41 
23 
12 
18 
37 
40 
22 
2 
30 
