0
8
3
5
7
2
3
0
4
3
3
0
1
10
8
20
2
3
9
3
2
1
9
10
9
22
2
1
7
12
3
0
20
13
11
24
5
1
4
7
7
1
18
10
2
16
5
13
12
7
20
3
4
8
12
5
3
4
12
10
22
6
1
8
7
5
2
3
7
5
8
8
1
12
3
8
39
3
22
3
3
13
7
10
9
6
13
27
38
5
9
18
17
2
5
11
10
1
11
3
1
5
8
6
2
7
5
7
6
4
6
3
10
8
1
3
5
10
4
6
12
7
3
9
8
11
1
0
8
10
14
22
4
6
16
10
18
9
16
11
12
8
10
12
1
21
14
25
14
1
3
15
2
1
5
4
8
5
2
14
1
13
0
16
22
3
1
1
9
2
2
6
8
0
10
2
22
11
7
5
6
2
6
12
13
16
13
11
2
10
9
19
10
2
14
7
13
4
7
3
19
21
2
2
7
5
9
18
24
33
2
2
2
3
12
5
2
1
0
0
4
13
0
9
8
7
7
7
10
21
6
8
10
8
4
13
8
1
1
2
2
18
5
16
9
14
9
2
10
0
2
12
1
12
21
7
10
6
3
23
13
2
17
20
12
2
7
0
21
8
0
0
8
7
2
6
8
3
34
8
4
14
3
8
11
8
9
9
2
14
5
15
1
8
6
3
1
20
7
10
0
5
6
32
10
1
7
9
20
28
33
0
7
4
2
0
9
10
13
0
5
5
18
40
16
3
4
19
10
10
9
1
17
5
1
0
2
12
1
19
25
13
7
4
4
4
4
11
6
0
4
14
10
18
11
8
8
0
0
1
0
14
11
9
5
2
17
5
4
11
3
13
9
53
6
12
6
5
10
6
27
15
2
4
23
6
1
2
0
13
5
1
6
2
18
6
5
15
3
14
9
12
44
14
16
10
1
6
15
1
28
11
25
4
14
19
8
0
0
2
3
14
3
9
11
6
16
2
15
4
4
7
7
5
9
12
8
2
19
21
13
0
13
3
3
8
3
19
3
4
6
6
10
8
4
8
10
1
7
11
4
17
4
18
14
7
13
10
1
1
7
3
6
11
2
1
13
10
8
6
26
2
10
11
13
5
1
13
18
9
12
3
3
0
3
0
9
3
7
7
6
12
10
11
1
6
1
6
3
4
27
13
17
5
13
20
14
10
15
25
5
4
41
11
10
25
8
13
20
7
2
12
23
12
8
5
10
19
14
3
4
3
7
3
2
0
1
1
2
1
14
12
12
2
8
3
9
9
6
4
2
1
31
8
10
6
9
33
14
9
9
1
2
7
4
3
13
6
34
9
16
7
0
30
6
12
3
3
26
4
4
2
1
19
0
14
3
4
11
8
12
6
3
17
8
8
2
13
10
24
5
10
8
4
5
14
21
8
18
13
2
15
6
0
5
3
4
2
12
2
1
7
1
2
0
1
9
4
11
25
7
3
30
5
2
7
14
22
6
3
6
1
18
11
29
5
20
0
5
8
7
3
9
4
0
25
4
3
19
7
43
18
9
11
6
12
2
13
4
26
10
14
10
18
21
8
19
16
9
1
20
10
1
0
8
23
7
3
2
6
10
2
15
7
9
9
3
3
5
8
4
2
3
13
17
3
1
1
6
8
8
2
4
0
3
11
10
10
0
6
8
22
5
2
0
7
6
7
18
19
3
7
1
6
2
16
5
16
10
8
11
2
12
16
3
6
1
9
35
17
4
1
1
7
1
2
9
4
1
0
0
4
4
5
4
8
12
12
15
6
3
9
3
13
0
20
0
3
8
51
5
23
6
3
8
25
0
25
12
7
14
4
12
11
5
14
8
2
2
3
4
10
2
14
15
3
10
9
1
4
10
8
3
45
1
3
6
15
4
4
1
2
14
13
20
20
4
2
13
21
26
15
19
15
8
8
3
9
0
14
1
20
13
8
5
5
19
10
0
0
4
14
12
1
5
4
1
6
9
5
4
5
1
4
1
3
6
8
9
9
13
0
1
2
11
4
7
0
8
1
13
3
8
4
4
11
22
11
2
5
0
3
49
2
7
8
8
4
14
7
5
4
30
9
3
3
5
20
6
5
11
13
4
15
10
8
4
29
17
1
5
9
21
11
15
39
16
22
17
7
16
0
14
7
5
7
2
13
28
11
0
2
4
2
13
7
13
3
6
3
8
28
5
0
19
8
15
8
1
2
6
3
4
2
6
0
0
6
2
10
3
7
11
0
11
12
11
8
2
4
4
23
8
3
3
7
5
1
8
12
17
1
1
16
4
3
0
2
16
12
9
6
6
6
14
5
11
5
6
8
7
6
15
1
12
4
0
4
2
6
1
4
17
16
12
8
11
18
10
3
5
4
0
16
23
21
8
11
46
9
18
3
1
6
0
15
13
2
9
13
13
18
3
7
4
15
7
6
13
5
13
1
2
16
4
9
12
7
6
0
8
16
7
2
15
0
3
11
8
11
20
22
6
4
9
2
8
4
7
15
13
2
18
6
5
4
20
11
15
7
2
11
8
2
16
3
13
9
5
10
8
11
10
13
31
1
5
6
6
3
18
3
11
7
11
14
6
6
3
22
5
2
6
26
27
11
11
6
10
4
5
5
1
11
9
7
4
8
13
9
3
4
16
0
6
8
1
15
1
11
21
16
20
2
20
7
6
2
11
36
14
2
2
10
5
15
8
21
2
19
2
7
2
17
8
2
1
7
8
3
7
17
4
8
4
3
16
4
8
4
9
0
1
3
10
7
18
8
0
3
0
6
23
4
8
28
9
10
34
25
0
6
7
21
7
19
0
3
3
3
10
3
13
2
5
5
9
32
8
15
9
11
4
7
9
17
4
6
37
18
2
14
1
