9.914439308187578126e-01
1.015436312022294674e+00
8.463291325815973654e-01
8.233367097895840647e-01
8.988700231194877155e-01
7.409373745209313356e-01
8.603248330518008524e-01
1.133513039872529715e+00
8.961157908523960103e-01
8.678958776535067310e-01
1.079442182211148182e+00
8.929747420693439075e-01
9.701817972493802511e-01
9.504091214983411140e-01
9.908428649855371972e-01
7.859792200687341079e-01
9.557452684926305286e-01
8.119797267604179636e-01
8.674826016706342902e-01
7.683687054850885101e-01
8.155622287305160922e-01
8.344110056189913971e-01
8.542172584852399941e-01
8.709951435470383307e-01
8.177220414873009879e-01
1.071260217350975319e+00
8.089299947473862495e-01
8.757591915589594267e-01
8.570342184738026781e-01
9.302518142008426860e-01
8.942419163244753610e-01
9.425282260049901994e-01
9.808690621770532747e-01
9.061961587968201393e-01
1.096551145270727279e+00
9.079877655426108474e-01
8.146796037106758259e-01
8.836575521450761306e-01
7.825207365611003274e-01
8.396198596507261636e-01
7.938242885716292330e-01
9.109976784795460469e-01
9.718826933040308758e-01
8.598897893466027620e-01
8.126441747213819511e-01
1.065259830653665363e+00
1.006958338491511284e+00
7.959298555072443770e-01
1.145543428079127457e+00
9.080466840195483558e-01
8.631734081493743771e-01
9.139118811562828570e-01
9.367617495292296370e-01
1.012353091348349832e+00
9.367343712999590677e-01
9.592003304520231310e-01
7.513531115299264540e-01
8.310422514293493990e-01
1.037074629771088885e+00
9.695690904830104317e-01
7.634025188802294748e-01
9.528059853616801522e-01
8.800077103120597100e-01
