49 
28 
51 
20 
10 
50 
42 
48 
55 
32 
37 
33 
19 
45 
21 
15 
6 
1 
35 
48 
22 
28 
47 
60 
39 
59 
14 
17 
54 
27 
21 
46 
4 
30 
26 
62 
15 
32 
56 
33 
22 
12 
2 
57 
14 
34 
8 
15 
31 
58 
60 
42 
26 
5 
10 
21 
44 
7 
4 
35 
48 
27 
34 
13 
41 
22 
42 
33 
54 
6 
26 
49 
2 
21 
61 
27 
58 
23 
16 
56 
19 
62 
8 
57 
30 
34 
22 
12 
46 
3 
44 
5 
27 
21 
31 
26 
6 
25 
35 
55 
10 
46 
61 
27 
58 
37 
33 
18 
15 
40 
60 
5 
2 
12 
47 
30 
10 
35 
18 
20 
13 
34 
16 
55 
23 
3 
1 
53 
29 
33 
46 
38 
26 
59 
54 
15 
27 
25 
32 
48 
22 
40 
21 
49 
7 
16 
37 
53 
44 
6 
23 
17 
33 
46 
51 
26 
59 
61 
50 
23 
20 
4 
38 
57 
12 
22 
48 
16 
34 
5 
49 
33 
55 
10 
46 
35 
1 
53 
51 
20 
3 
23 
47 
59 
44 
22 
33 
50 
37 
14 
60 
61 
16 
19 
30 
13 
41 
2 
22 
15 
4 
1 
35 
34 
20 
12 
8 
57 
26 
16 
23 
60 
30 
17 
54 
48 
55 
42 
20 
59 
41 
10 
21 
40 
61 
54 
6 
30 
23 
5 
35 
49 
55 
19 
58 
14 
24 
37 
31 
22 
21 
60 
35 
26 
12 
42 
44 
54 
34 
11 
23 
20 
46 
45 
21 
61 
25 
10 
48 
39 
36 
17 
15 
54 
53 
44 
13 
18 
5 
28 
61 
60 
4 
27 
34 
37 
46 
21 
1 
33 
23 
25 
19 
49 
55 
54 
30 
48 
44 
35 
40 
12 
61 
5 
53 
20 
18 
22 
37 
31 
14 
19 
54 
21 
4 
23 
1 
30 
25 
12 
8 
15 
22 
47 
20 
41 
48 
21 
55 
60 
26 
59 
9 
54 
19 
5 
56 
28 
60 
16 
11 
18 
35 
25 
49 
48 
61 
8 
29 
20 
34 
54 
12 
22 
9 
6 
23 
50 
21 
30 
26 
19 
32 
17 
43 
51 
44 
60 
10 
15 
47 
24 
33 
46 
16 
40 
3 
7 
35 
34 
2 
42 
20 
48 
41 
44 
9 
54 
15 
21 
35 
50 
10 
60 
5 
34 
28 
45 
61 
24 
51 
43 
7 
23 
54 
16 
38 
57 
35 
15 
13 
49 
41 
61 
42 
19 
23 
22 
56 
21 
44 
48 
11 
33 
26 
54 
0 
59 
24 
51 
26 
18 
20 
46 
10 
43 
11 
27 
41 
35 
37 
19 
22 
21 
12 
61 
33 
58 
47 
42 
55 
40 
18 
48 
51 
44 
3 
49 
23 
35 
11 
5 
46 
59 
20 
40 
17 
15 
54 
16 
33 
42 
37 
10 
22 
52 
44 
40 
61 
21 
51 
15 
46 
55 
39 
4 
19 
57 
1 
23 
54 
50 
35 
22 
48 
38 
53 
42 
25 
27 
60 
49 
12 
34 
59 
43 
44 
21 
22 
33 
48 
46 
30 
13 
51 
45 
25 
18 
35 
11 
46 
9 
23 
54 
21 
2 
47 
22 
50 
13 
15 
21 
30 
23 
10 
20 
17 
54 
0 
18 
19 
1 
35 
61 
34 
55 
29 
59 
33 
5 
21 
24 
23 
57 
49 
48 
54 
53 
3 
31 
35 
41 
32 
37 
39 
15 
19 
22 
8 
21 
55 
25 
57 
5 
44 
26 
14 
49 
18 
31 
40 
52 
33 
21 
47 
29 
6 
24 
15 
3 
50 
46 
22 
20 
11 
8 
53 
10 
61 
23 
51 
34 
27 
44 
33 
26 
54 
2 
47 
42 
43 
19 
21 
53 
10 
56 
35 
16 
60 
1 
17 
54 
24 
33 
6 
44 
22 
23 
15 
42 
18 
47 
51 
38 
34 
44 
21 
16 
55 
54 
59 
23 
17 
33 
35 
22 
46 
53 
21 
40 
42 
20 
34 
10 
14 
44 
50 
18 
59 
6 
11 
46 
17 
19 
26 
38 
21 
32 
41 
40 
23 
22 
34 
46 
54 
6 
15 
5 
11 
16 
25 
62 
44 
46 
42 
33 
41 
50 
6 
23 
22 
21 
0 
46 
47 
42 
22 
60 
0 
48 
11 
61 
3 
19 
44 
32 
5 
39 
15 
37 
6 
18 
49 
46 
21 
43 
41 
10 
48 
59 
0 
6 
33 
51 
2 
62 
47 
55 
24 
21 
18 
54 
50 
52 
53 
32 
61 
48 
30 
4 
55 
37 
18 
34 
23 
47 
41 
2 
21 
35 
26 
22 
20 
61 
25 
38 
33 
15 
54 
24 
48 
17 
0 
28 
21 
59 
43 
30 
5 
12 
16 
19 
22 
44 
8 
33 
29 
60 
7 
61 
21 
35 
30 
26 
50 
42 
34 
28 
23 
16 
49 
41 
46 
31 
33 
12 
48 
37 
30 
35 
22 
26 
55 
15 
24 
22 
17 
7 
25 
52 
35 
54 
44 
40 
42 
46 
60 
33 
23 
12 
61 
23 
15 
57 
49 
22 
21 
59 
60 
16 
46 
32 
55 
35 
47 
33 
51 
42 
10 
37 
61 
28 
11 
14 
21 
41 
23 
46 
6 
60 
55 
54 
42 
25 
3 
24 
2 
43 
44 
53 
48 
21 
30 
39 
34 
16 
57 
33 
10 
13 
50 
47 
5 
23 
14 
15 
52 
17 
22 
46 
16 
3 
2 
6 
55 
53 
33 
26 
60 
21 
44 
61 
54 
22 
49 
10 
59 
27 
20 
50 
18 
42 
62 
8 
1 
35 
9 
2 
40 
37 
23 
25 
3 
33 
46 
54 
44 
55 
22 
52 
60 
48 
53 
21 
59 
38 
31 
1 
18 
16 
28 
30 
27 
55 
4 
21 
24 
54 
0 
58 
43 
10 
51 
15 
44 
6 
29 
61 
33 
19 
23 
16 
60 
40 
46 
51 
25 
2 
10 
17 
54 
1 
59 
7 
21 
41 
47 
20 
0 
37 
35 
22 
18 
24 
6 
34 
23 
5 
39 
42 
11 
14 
44 
35 
59 
25 
57 
54 
41 
2 
46 
18 
19 
30 
32 
12 
48 
3 
0 
10 
40 
60 
54 
37 
33 
35 
14 
26 
24 
57 
41 
43 
27 
18 
55 
11 
6 
16 
46 
23 
48 
40 
14 
49 
33 
8 
61 
39 
42 
44 
54 
16 
9 
43 
57 
20 
33 
59 
1 
58 
23 
26 
25 
48 
14 
46 
54 
9 
2 
37 
25 
17 
44 
15 
53 
42 
49 
11 
56 
33 
23 
38 
16 
30 
60 
31 
14 
59 
48 
6 
15 
3 
24 
42 
61 
33 
44 
54 
23 
37 
24 
22 
41 
46 
39 
53 
34 
20 
43 
49 
30 
51 
22 
57 
18 
60 
21 
46 
61 
24 
59 
54 
3 
28 
33 
20 
10 
42 
50 
25 
1 
52 
22 
41 
32 
21 
23 
25 
7 
55 
1 
44 
19 
22 
61 
10 
54 
34 
20 
59 
2 
43 
37 
53 
60 
17 
25 
5 
42 
22 
46 
27 
16 
57 
33 
45 
7 
15 
62 
32 
23 
40 
41 
10 
21 
11 
54 
51 
47 
2 
33 
61 
57 
60 
29 
55 
53 
6 
22 
44 
24 
15 
14 
26 
23 
59 
21 
46 
17 
32 
25 
5 
56 
33 
3 
22 
48 
61 
57 
11 
51 
53 
50 
30 
1 
55 
26 
60 
8 
21 
25 
49 
54 
17 
32 
46 
41 
59 
5 
18 
3 
38 
23 
42 
21 
1 
6 
46 
16 
30 
10 
43 
37 
28 
52 
56 
41 
5 
29 
18 
49 
20 
57 
27 
46 
53 
51 
22 
21 
54 
8 
42 
25 
57 
48 
58 
6 
38 
35 
52 
22 
20 
39 
23 
3 
62 
61 
10 
15 
51 
37 
6 
46 
5 
57 
21 
29 
12 
48 
39 
49 
24 
30 
22 
18 
54 
44 
55 
61 
14 
21 
33 
57 
2 
35 
41 
3 
12 
46 
47 
10 
1 
20 
45 
42 
54 
57 
33 
18 
22 
44 
21 
41 
52 
23 
61 
11 
47 
49 
27 
48 
16 
40 
43 
12 
55 
33 
13 
26 
42 
18 
44 
51 
30 
35 
5 
21 
34 
17 
22 
61 
37 
23 
8 
10 
39 
50 
19 
15 
60 
6 
34 
61 
27 
21 
48 
44 
41 
57 
54 
13 
35 
19 
59 
22 
24 
9 
47 
46 
6 
23 
10 
1 
0 
12 
51 
55 
21 
13 
24 
50 
22 
54 
27 
40 
41 
16 
31 
17 
33 
18 
55 
5 
48 
60 
54 
28 
49 
47 
59 
35 
25 
21 
34 
15 
53 
58 
19 
8 
30 
27 
57 
14 
42 
54 
18 
48 
21 
5 
6 
15 
35 
51 
55 
14 
25 
37 
1 
2 
22 
16 
48 
9 
47 
30 
3 
26 
59 
21 
33 
49 
54 
38 
19 
5 
61 
4 
57 
6 
23 
53 
24 
8 
27 
21 
59 
51 
49 
3 
2 
19 
10 
6 
33 
46 
40 
20 
61 
4 
23 
37 
51 
18 
57 
47 
1 
38 
54 
55 
35 
42 
14 
12 
26 
10 
30 
2 
46 
23 
27 
28 
14 
6 
61 
44 
1 
32 
34 
42 
21 
48 
16 
59 
60 
4 
40 
18 
22 
54 
23 
8 
57 
39 
19 
44 
51 
12 
37 
59 
53 
15 
21 
47 
54 
24 
56 
55 
14 
20 
48 
27 
17 
53 
30 
29 
15 
32 
50 
54 
39 
51 
47 
5 
61 
24 
33 
12 
19 
23 
22 
18 
37 
26 
54 
15 
2 
30 
55 
29 
20 
28 
34 
35 
10 
17 
5 
6 
40 
1 
4 
3 
27 
59 
21 
19 
56 
55 
61 
24 
49 
20 
54 
22 
53 
17 
34 
37 
21 
43 
47 
3 
44 
13 
57 
38 
60 
59 
23 
10 
52 
6 
42 
20 
12 
32 
48 
61 
56 
21 
42 
54 
10 
9 
29 
15 
22 
40 
55 
33 
27 
14 
7 
30 
38 
17 
44 
23 
37 
42 
6 
53 
16 
24 
1 
50 
46 
21 
8 
3 
23 
51 
18 
49 
6 
55 
10 
61 
53 
34 
33 
30 
29 
60 
22 
15 
19 
54 
48 
27 
37 
12 
1 
32 
13 
6 
27 
21 
55 
16 
41 
18 
61 
59 
53 
35 
40 
7 
5 
33 
2 
42 
23 
44 
38 
51 
6 
57 
56 
0 
12 
21 
41 
43 
53 
26 
23 
54 
27 
48 
52 
22 
10 
21 
8 
49 
15 
57 
30 
13 
19 
44 
55 
1 
39 
38 
3 
16 
20 
23 
54 
37 
60 
56 
61 
32 
46 
35 
42 
44 
19 
18 
21 
33 
23 
53 
10 
57 
22 
52 
17 
30 
25 
40 
15 
46 
59 
5 
21 
34 
54 
23 
61 
14 
33 
12 
1 
42 
30 
35 
48 
49 
51 
3 
37 
62 
46 
22 
7 
1 
41 
18 
6 
14 
54 
55 
49 
32 
51 
2 
23 
21 
57 
17 
22 
30 
40 
29 
4 
10 
6 
38 
39 
8 
20 
2 
31 
41 
23 
25 
18 
34 
60 
21 
16 
42 
46 
22 
5 
51 
33 
15 
58 
59 
17 
62 
21 
26 
19 
32 
41 
25 
22 
54 
59 
35 
47 
7 
61 
56 
55 
25 
5 
54 
62 
48 
16 
59 
37 
43 
53 
32 
21 
39 
41 
56 
50 
61 
55 
14 
49 
60 
6 
44 
37 
11 
54 
32 
33 
41 
59 
21 
23 
24 
22 
10 
30 
35 
57 
61 
48 
52 
8 
25 
34 
44 
28 
43 
27 
12 
5 
46 
49 
61 
33 
54 
59 
51 
23 
62 
35 
55 
22 
40 
41 
58 
30 
9 
6 
37 
48 
38 
56 
55 
26 
21 
23 
60 
33 
57 
5 
46 
6 
47 
24 
53 
8 
15 
14 
54 
48 
30 
2 
35 
56 
25 
1 
22 
17 
60 
21 
24 
29 
26 
61 
19 
39 
48 
30 
14 
51 
23 
53 
35 
50 
5 
1 
46 
21 
20 
15 
9 
40 
43 
38 
10 
42 
5 
2 
48 
32 
34 
44 
55 
6 
49 
62 
12 
59 
23 
58 
17 
27 
51 
38 
7 
8 
16 
21 
25 
46 
15 
61 
40 
33 
29 
12 
48 
2 
28 
14 
22 
34 
9 
62 
6 
56 
46 
23 
26 
17 
21 
33 
19 
20 
25 
30 
22 
54 
35 
5 
15 
6 
7 
13 
37 
43 
46 
48 
12 
29 
23 
60 
41 
31 
21 
54 
53 
30 
49 
42 
23 
40 
61 
25 
37 
54 
2 
3 
33 
51 
48 
22 
41 
21 
27 
38 
52 
46 
35 
1 
19 
15 
55 
10 
6 
42 
35 
20 
28 
11 
26 
13 
21 
22 
48 
2 
44 
34 
41 
47 
12 
60 
37 
61 
30 
25 
57 
8 
2 
59 
13 
35 
5 
10 
46 
22 
6 
38 
21 
0 
29 
14 
4 
34 
33 
30 
54 
55 
61 
1 
15 
2 
27 
42 
20 
22 
13 
19 
51 
21 
45 
25 
40 
6 
28 
52 
44 
22 
26 
45 
5 
57 
10 
3 
41 
24 
17 
46 
35 
23 
31 
15 
54 
20 
22 
21 
37 
58 
33 
55 
47 
60 
2 
13 
34 
19 
59 
26 
55 
18 
20 
29 
24 
10 
21 
48 
34 
42 
40 
33 
43 
37 
9 
27 
1 
55 
49 
10 
24 
59 
39 
17 
30 
41 
33 
16 
54 
6 
57 
50 
26 
47 
22 
20 
61 
19 
23 
53 
28 
60 
21 
54 
48 
51 
32 
50 
5 
59 
41 
61 
15 
55 
62 
22 
44 
21 
6 
52 
51 
30 
53 
60 
58 
54 
57 
21 
7 
26 
35 
20 
3 
49 
61 
46 
54 
22 
24 
11 
33 
51 
5 
59 
55 
6 
57 
40 
12 
32 
21 
27 
44 
34 
52 
24 
47 
28 
10 
11 
56 
61 
37 
16 
33 
53 
43 
57 
60 
30 
51 
20 
46 
59 
15 
22 
13 
54 
48 
39 
21 
32 
25 
12 
1 
27 
6 
50 
24 
14 
31 
11 
33 
51 
53 
8 
57 
22 
2 
61 
21 
17 
35 
34 
46 
59 
12 
25 
18 
43 
62 
4 
19 
60 
3 
27 
48 
30 
17 
42 
23 
58 
24 
10 
21 
44 
12 
54 
41 
33 
15 
49 
61 
35 
40 
16 
48 
21 
57 
61 
0 
23 
50 
44 
27 
19 
54 
59 
1 
33 
58 
8 
7 
61 
22 
4 
10 
37 
6 
25 
13 
41 
21 
59 
15 
48 
60 
55 
54 
23 
39 
22 
30 
26 
43 
42 
44 
61 
32 
52 
2 
4 
55 
53 
35 
10 
0 
25 
33 
44 
3 
47 
42 
14 
6 
41 
21 
20 
22 
19 
54 
59 
24 
30 
2 
48 
33 
23 
40 
15 
60 
37 
55 
57 
41 
50 
25 
52 
22 
24 
53 
21 
16 
61 
32 
28 
9 
48 
26 
42 
20 
17 
27 
15 
34 
54 
23 
56 
37 
55 
21 
2 
22 
60 
40 
44 
12 
61 
19 
30 
35 
21 
48 
5 
53 
24 
59 
32 
41 
50 
20 
2 
37 
4 
54 
22 
15 
23 
21 
10 
28 
14 
61 
59 
50 
47 
19 
51 
18 
22 
55 
16 
33 
21 
31 
38 
25 
49 
53 
29 
12 
3 
41 
23 
48 
55 
27 
10 
46 
24 
54 
39 
60 
44 
47 
35 
22 
21 
40 
61 
59 
26 
41 
44 
23 
34 
46 
32 
10 
57 
19 
22 
47 
27 
21 
15 
6 
