16 
39 
17 
12 
19 
9 
10 
45 
1 
38 
32 
28 
35 
37 
29 
27 
24 
12 
41 
19 
46 
17 
4 
16 
24 
14 
19 
29 
45 
31 
6 
7 
40 
1 
16 
27 
23 
12 
37 
24 
41 
19 
10 
22 
35 
6 
5 
24 
12 
17 
15 
19 
16 
14 
38 
9 
45 
24 
35 
3 
19 
41 
40 
2 
12 
27 
19 
3 
21 
29 
19 
17 
6 
24 
34 
14 
35 
12 
23 
1 
43 
10 
16 
12 
24 
13 
27 
14 
30 
38 
32 
16 
25 
26 
23 
19 
0 
12 
29 
6 
2 
18 
24 
28 
7 
35 
13 
27 
45 
44 
46 
1 
29 
2 
19 
24 
34 
12 
27 
32 
16 
9 
14 
2 
34 
12 
37 
24 
35 
30 
2 
41 
19 
17 
28 
12 
45 
3 
7 
33 
19 
24 
16 
17 
46 
31 
24 
1 
12 
22 
23 
24 
29 
30 
34 
6 
21 
14 
39 
24 
28 
45 
35 
16 
17 
23 
7 
12 
34 
6 
1 
24 
9 
0 
45 
13 
41 
7 
18 
35 
17 
5 
2 
12 
15 
10 
6 
16 
33 
41 
24 
38 
6 
7 
10 
2 
19 
24 
14 
10 
41 
16 
17 
29 
36 
2 
10 
34 
30 
16 
28 
24 
12 
37 
0 
45 
34 
2 
18 
3 
38 
13 
46 
41 
17 
1 
16 
24 
16 
37 
30 
41 
18 
2 
3 
26 
12 
45 
38 
5 
24 
30 
16 
17 
24 
10 
12 
2 
34 
35 
1 
45 
19 
30 
24 
38 
45 
16 
6 
28 
1 
39 
19 
27 
14 
12 
10 
22 
2 
24 
14 
23 
16 
41 
12 
38 
1 
39 
24 
2 
35 
19 
46 
41 
40 
33 
19 
1 
7 
10 
2 
6 
46 
45 
24 
14 
5 
38 
9 
45 
28 
27 
23 
17 
41 
2 
30 
8 
19 
39 
24 
10 
37 
12 
14 
34 
6 
41 
2 
33 
38 
10 
16 
17 
5 
26 
30 
29 
31 
35 
45 
9 
23 
10 
45 
6 
17 
29 
16 
24 
1 
35 
0 
9 
2 
3 
45 
14 
12 
33 
5 
27 
22 
30 
5 
20 
7 
39 
38 
24 
21 
30 
15 
19 
2 
13 
18 
10 
35 
14 
27 
23 
29 
24 
28 
39 
21 
26 
6 
12 
1 
16 
7 
38 
24 
30 
5 
29 
19 
42 
17 
22 
13 
16 
6 
24 
21 
16 
1 
34 
3 
10 
17 
2 
12 
35 
36 
1 
9 
18 
19 
41 
29 
46 
30 
0 
45 
24 
14 
22 
12 
18 
39 
30 
37 
15 
2 
18 
24 
7 
23 
39 
41 
26 
16 
30 
9 
17 
46 
10 
34 
19 
28 
35 
24 
2 
27 
39 
23 
1 
34 
40 
17 
41 
2 
7 
19 
16 
24 
12 
7 
6 
0 
10 
19 
42 
35 
16 
14 
29 
41 
27 
37 
23 
12 
2 
1 
44 
46 
24 
40 
10 
7 
17 
14 
3 
38 
19 
9 
24 
16 
41 
29 
45 
14 
9 
12 
37 
33 
23 
0 
2 
24 
41 
16 
27 
45 
17 
28 
19 
29 
36 
6 
9 
1 
18 
2 
14 
45 
0 
16 
24 
5 
17 
7 
23 
8 
41 
3 
38 
39 
37 
2 
34 
18 
19 
4 
14 
9 
16 
45 
24 
10 
27 
34 
12 
14 
38 
0 
45 
2 
16 
24 
37 
30 
2 
26 
12 
46 
25 
16 
17 
15 
24 
27 
45 
19 
18 
10 
6 
46 
24 
28 
33 
10 
2 
19 
34 
45 
29 
17 
46 
12 
14 
37 
18 
36 
24 
30 
38 
5 
12 
39 
44 
7 
37 
8 
16 
1 
45 
11 
31 
6 
32 
23 
5 
46 
37 
44 
24 
36 
12 
15 
19 
31 
16 
33 
34 
17 
7 
2 
41 
30 
16 
10 
31 
12 
38 
19 
21 
5 
45 
6 
3 
24 
12 
27 
29 
23 
2 
14 
39 
28 
30 
34 
9 
44 
1 
10 
45 
7 
16 
22 
24 
40 
1 
28 
39 
19 
5 
2 
29 
12 
28 
31 
35 
27 
7 
16 
30 
2 
19 
24 
