72 
37 
62 
71 
58 
1 
75 
95 
60 
13 
57 
8 
82 
28 
62 
20 
25 
10 
40 
3 
50 
66 
90 
42 
71 
2 
83 
24 
31 
54 
74 
56 
34 
33 
76 
64 
63 
1 
86 
79 
44 
15 
36 
80 
54 
6 
87 
45 
30 
40 
67 
69 
72 
50 
18 
31 
25 
14 
3 
0 
9 
84 
27 
5 
34 
75 
12 
48 
42 
45 
78 
82 
47 
44 
37 
22 
49 
73 
2 
10 
52 
60 
57 
69 
79 
91 
29 
51 
74 
26 
19 
87 
75 
61 
31 
54 
21 
95 
41 
71 
66 
25 
68 
56 
85 
5 
45 
34 
58 
42 
10 
20 
83 
51 
47 
67 
1 
24 
96 
81 
75 
0 
11 
69 
5 
40 
59 
45 
72 
87 
22 
16 
60 
83 
32 
90 
44 
54 
7 
35 
75 
10 
77 
51 
29 
69 
6 
68 
45 
49 
86 
15 
63 
56 
2 
1 
11 
62 
71 
41 
81 
50 
44 
83 
87 
17 
74 
95 
40 
80 
27 
26 
69 
0 
19 
39 
32 
22 
36 
94 
20 
54 
16 
1 
86 
93 
79 
14 
2 
47 
38 
37 
49 
23 
40 
52 
24 
60 
74 
67 
7 
19 
68 
8 
15 
10 
42 
22 
9 
0 
76 
81 
17 
29 
34 
78 
67 
3 
21 
47 
40 
65 
58 
43 
89 
82 
90 
59 
75 
74 
45 
7 
31 
29 
56 
1 
46 
3 
41 
95 
32 
39 
43 
73 
2 
35 
82 
92 
83 
16 
20 
47 
24 
8 
42 
44 
80 
40 
41 
11 
1 
87 
10 
60 
32 
27 
37 
25 
14 
95 
91 
4 
8 
74 
85 
2 
17 
24 
68 
59 
43 
82 
86 
3 
22 
29 
58 
7 
75 
73 
34 
50 
46 
44 
47 
39 
71 
12 
68 
31 
42 
69 
32 
20 
93 
89 
22 
29 
59 
25 
86 
40 
77 
82 
87 
17 
49 
78 
58 
10 
64 
90 
24 
54 
68 
71 
88 
14 
75 
94 
86 
9 
16 
29 
27 
69 
95 
45 
84 
28 
96 
21 
67 
81 
87 
33 
49 
74 
34 
3 
37 
66 
57 
93 
41 
1 
17 
29 
52 
61 
55 
6 
2 
71 
76 
88 
69 
85 
35 
10 
48 
31 
86 
94 
97 
95 
42 
84 
14 
53 
77 
45 
56 
47 
24 
25 
34 
2 
28 
68 
96 
75 
91 
58 
44 
43 
81 
86 
29 
19 
79 
74 
77 
3 
6 
11 
61 
12 
63 
1 
15 
47 
26 
2 
53 
93 
60 
43 
69 
89 
82 
44 
37 
90 
92 
96 
72 
27 
87 
50 
76 
24 
71 
18 
22 
29 
81 
60 
31 
80 
82 
33 
12 
93 
3 
37 
35 
85 
96 
16 
86 
20 
74 
11 
79 
32 
42 
72 
47 
36 
34 
7 
41 
6 
57 
46 
38 
5 
14 
59 
13 
94 
61 
16 
82 
73 
48 
40 
15 
63 
70 
44 
87 
54 
39 
31 
49 
23 
36 
69 
0 
8 
89 
1 
83 
2 
34 
95 
32 
46 
17 
55 
16 
75 
29 
10 
40 
91 
52 
24 
85 
63 
22 
77 
82 
25 
49 
84 
27 
39 
74 
68 
15 
67 
64 
69 
66 
34 
17 
53 
13 
58 
71 
5 
59 
0 
7 
32 
1 
79 
46 
6 
54 
47 
61 
9 
81 
17 
74 
25 
42 
60 
27 
63 
76 
69 
3 
24 
58 
37 
80 
40 
34 
94 
2 
64 
97 
55 
49 
30 
88 
7 
42 
18 
12 
95 
16 
50 
28 
1 
26 
86 
91 
75 
82 
45 
31 
93 
15 
83 
52 
74 
68 
22 
29 
63 
39 
37 
3 
5 
87 
84 
82 
58 
48 
44 
27 
86 
68 
78 
40 
95 
79 
94 
36 
85 
26 
9 
32 
12 
75 
93 
76 
77 
1 
7 
82 
10 
69 
57 
60 
4 
17 
68 
0 
2 
89 
78 
49 
51 
83 
18 
74 
19 
44 
56 
41 
22 
23 
15 
43 
38 
46 
81 
39 
1 
11 
87 
96 
64 
32 
9 
91 
93 
58 
12 
61 
88 
35 
78 
5 
8 
59 
53 
83 
68 
24 
56 
97 
31 
77 
37 
67 
6 
91 
22 
40 
45 
43 
85 
38 
49 
94 
60 
1 
64 
74 
32 
41 
29 
69 
14 
28 
68 
0 
19 
23 
55 
96 
10 
47 
43 
95 
24 
9 
38 
91 
16 
44 
92 
86 
97 
36 
1 
41 
93 
63 
8 
71 
87 
83 
20 
96 
40 
17 
42 
27 
1 
29 
65 
72 
6 
26 
46 
47 
38 
81 
93 
9 
39 
45 
2 
41 
11 
43 
64 
21 
3 
69 
18 
44 
25 
70 
56 
88 
81 
72 
58 
36 
60 
35 
86 
2 
74 
95 
43 
37 
79 
84 
65 
53 
85 
9 
71 
52 
90 
22 
16 
54 
91 
38 
44 
23 
50 
63 
45 
61 
46 
12 
41 
71 
21 
74 
42 
40 
83 
53 
5 
2 
30 
43 
94 
15 
95 
32 
36 
26 
24 
69 
51 
33 
49 
96 
13 
45 
14 
40 
73 
11 
44 
61 
57 
82 
1 
81 
24 
3 
19 
79 
64 
92 
83 
6 
25 
90 
27 
0 
37 
38 
31 
60 
56 
75 
15 
94 
48 
21 
43 
69 
51 
72 
5 
68 
53 
19 
74 
7 
16 
88 
40 
11 
66 
41 
58 
32 
77 
67 
27 
73 
23 
5 
10 
14 
95 
31 
42 
22 
86 
24 
37 
35 
91 
67 
69 
78 
25 
68 
56 
84 
38 
72 
59 
60 
2 
77 
3 
51 
15 
88 
17 
12 
57 
95 
22 
75 
82 
91 
55 
58 
54 
8 
16 
71 
5 
61 
87 
74 
0 
68 
34 
93 
83 
14 
50 
44 
45 
53 
3 
56 
86 
76 
92 
32 
64 
48 
30 
29 
95 
58 
19 
91 
22 
77 
94 
68 
93 
61 
5 
26 
50 
25 
34 
1 
66 
67 
10 
18 
58 
71 
74 
82 
41 
43 
24 
40 
80 
13 
94 
45 
72 
86 
22 
19 
46 
91 
90 
7 
5 
61 
60 
42 
73 
44 
77 
35 
88 
79 
41 
89 
16 
15 
63 
74 
82 
8 
2 
64 
65 
81 
56 
67 
87 
72 
68 
29 
13 
48 
0 
20 
47 
14 
94 
5 
66 
22 
75 
37 
59 
51 
96 
31 
74 
76 
1 
44 
90 
24 
86 
16 
32 
72 
27 
80 
49 
41 
89 
82 
17 
29 
87 
54 
8 
20 
69 
34 
61 
36 
86 
1 
71 
25 
15 
37 
6 
43 
70 
73 
78 
75 
26 
13 
16 
58 
40 
94 
69 
12 
54 
38 
24 
67 
60 
80 
70 
86 
50 
5 
87 
49 
75 
83 
47 
74 
32 
15 
22 
37 
31 
71 
97 
41 
82 
92 
90 
25 
1 
10 
68 
21 
74 
73 
11 
69 
79 
49 
44 
83 
58 
2 
32 
89 
81 
86 
14 
53 
34 
90 
77 
96 
25 
26 
84 
94 
9 
3 
74 
0 
91 
66 
67 
20 
82 
43 
7 
56 
41 
88 
54 
39 
12 
19 
71 
31 
24 
61 
45 
21 
69 
1 
34 
44 
87 
93 
55 
40 
80 
72 
88 
67 
74 
79 
77 
20 
53 
86 
91 
6 
11 
22 
68 
35 
37 
10 
19 
90 
39 
36 
51 
82 
7 
62 
54 
57 
87 
83 
29 
8 
94 
22 
92 
40 
79 
61 
75 
24 
2 
9 
69 
71 
68 
78 
50 
14 
55 
32 
12 
49 
63 
48 
42 
45 
11 
74 
25 
29 
88 
35 
19 
86 
77 
8 
5 
44 
22 
2 
40 
54 
31 
32 
20 
48 
34 
25 
80 
43 
82 
41 
11 
46 
29 
67 
76 
75 
87 
42 
83 
14 
2 
36 
30 
35 
0 
8 
3 
60 
50 
4 
70 
43 
15 
16 
93 
97 
73 
82 
10 
12 
76 
32 
40 
35 
62 
1 
2 
79 
14 
36 
69 
96 
18 
29 
92 
58 
74 
60 
41 
27 
94 
86 
65 
95 
81 
44 
53 
17 
63 
21 
48 
31 
14 
72 
91 
80 
93 
33 
79 
34 
54 
71 
61 
18 
2 
87 
73 
47 
38 
43 
3 
29 
83 
27 
77 
9 
94 
37 
68 
15 
24 
74 
34 
88 
14 
75 
35 
95 
7 
21 
11 
16 
30 
87 
1 
31 
49 
93 
65 
0 
54 
5 
55 
52 
36 
62 
74 
76 
22 
94 
42 
12 
43 
86 
24 
58 
17 
78 
26 
83 
90 
20 
11 
68 
74 
40 
35 
79 
87 
31 
54 
45 
3 
76 
55 
61 
69 
91 
47 
63 
95 
59 
60 
25 
34 
51 
2 
64 
78 
70 
49 
74 
10 
71 
18 
26 
53 
79 
17 
77 
15 
81 
12 
5 
50 
54 
39 
97 
58 
47 
93 
82 
43 
25 
41 
45 
72 
87 
79 
95 
6 
16 
3 
81 
24 
27 
68 
82 
21 
34 
86 
35 
69 
59 
38 
75 
15 
94 
74 
78 
7 
49 
66 
29 
67 
76 
52 
61 
87 
60 
80 
11 
34 
12 
32 
20 
57 
5 
88 
77 
35 
38 
0 
26 
14 
71 
97 
74 
94 
81 
24 
31 
53 
41 
60 
15 
54 
91 
34 
2 
44 
11 
82 
50 
68 
88 
84 
95 
83 
96 
87 
46 
37 
6 
81 
16 
74 
8 
51 
92 
88 
64 
21 
1 
24 
18 
44 
61 
31 
75 
29 
3 
93 
10 
79 
72 
15 
14 
69 
84 
87 
52 
18 
5 
0 
96 
81 
60 
41 
59 
53 
42 
97 
7 
63 
71 
31 
67 
21 
34 
80 
44 
36 
77 
75 
73 
14 
79 
37 
30 
22 
58 
86 
3 
32 
61 
43 
76 
68 
82 
51 
94 
60 
41 
16 
74 
50 
5 
91 
40 
1 
83 
71 
8 
72 
56 
75 
35 
63 
80 
25 
88 
44 
78 
59 
58 
19 
94 
64 
97 
5 
51 
15 
91 
83 
54 
17 
32 
40 
2 
29 
87 
96 
22 
44 
61 
82 
84 
36 
89 
34 
26 
4 
56 
0 
81 
24 
33 
1 
96 
35 
83 
68 
86 
16 
90 
69 
19 
50 
79 
66 
8 
29 
41 
42 
11 
45 
82 
76 
94 
27 
80 
39 
17 
64 
75 
25 
44 
15 
58 
93 
3 
14 
48 
56 
40 
61 
90 
67 
96 
95 
72 
6 
31 
21 
5 
75 
73 
81 
2 
20 
87 
17 
29 
16 
55 
27 
92 
34 
66 
22 
32 
60 
82 
97 
40 
35 
83 
11 
78 
38 
10 
71 
12 
68 
74 
95 
25 
44 
6 
21 
76 
81 
14 
18 
67 
47 
97 
86 
4 
19 
87 
74 
41 
84 
96 
27 
81 
55 
17 
31 
83 
60 
35 
45 
79 
30 
71 
6 
11 
73 
16 
24 
39 
94 
54 
14 
68 
3 
61 
44 
69 
46 
93 
75 
22 
87 
34 
0 
37 
47 
76 
41 
1 
66 
10 
88 
26 
35 
20 
30 
95 
64 
92 
91 
69 
2 
68 
45 
8 
90 
86 
58 
81 
40 
51 
14 
73 
67 
79 
19 
38 
94 
60 
34 
69 
85 
5 
22 
23 
30 
29 
71 
17 
45 
41 
82 
53 
81 
34 
75 
93 
76 
69 
27 
3 
91 
10 
25 
94 
40 
7 
2 
43 
44 
15 
21 
82 
14 
42 
72 
68 
9 
29 
5 
59 
87 
58 
71 
73 
79 
56 
85 
35 
17 
80 
43 
54 
82 
91 
16 
69 
49 
86 
10 
8 
95 
1 
20 
68 
34 
6 
84 
74 
96 
46 
32 
22 
31 
41 
97 
25 
27 
81 
87 
55 
85 
67 
11 
6 
14 
64 
3 
28 
63 
70 
72 
58 
39 
34 
29 
80 
42 
44 
33 
43 
5 
4 
32 
84 
68 
53 
15 
69 
16 
20 
81 
62 
66 
75 
61 
25 
27 
80 
43 
45 
48 
91 
16 
3 
35 
83 
37 
95 
51 
1 
94 
14 
71 
47 
63 
96 
87 
49 
78 
76 
68 
9 
65 
28 
18 
2 
64 
31 
32 
83 
10 
8 
72 
30 
23 
89 
69 
26 
82 
1 
67 
50 
92 
21 
12 
59 
36 
40 
9 
44 
25 
46 
91 
94 
39 
65 
71 
16 
21 
45 
87 
42 
49 
3 
74 
95 
34 
6 
17 
1 
61 
80 
41 
68 
60 
74 
69 
24 
73 
19 
58 
16 
62 
2 
35 
11 
81 
77 
55 
12 
15 
69 
56 
32 
90 
44 
66 
0 
82 
31 
86 
95 
14 
50 
6 
18 
53 
67 
8 
87 
22 
10 
70 
26 
51 
3 
1 
2 
19 
96 
32 
41 
80 
24 
49 
12 
35 
88 
94 
20 
34 
78 
57 
69 
45 
10 
91 
68 
76 
42 
23 
82 
75 
92 
37 
48 
43 
5 
15 
51 
14 
44 
94 
67 
19 
88 
1 
64 
11 
68 
74 
80 
52 
91 
34 
16 
41 
56 
84 
70 
47 
36 
24 
10 
58 
76 
81 
21 
8 
55 
45 
95 
69 
12 
14 
39 
5 
17 
3 
72 
25 
29 
11 
51 
73 
96 
53 
68 
16 
27 
56 
48 
1 
50 
36 
87 
82 
97 
15 
32 
76 
14 
19 
91 
78 
61 
59 
66 
63 
81 
24 
22 
53 
12 
54 
90 
21 
57 
58 
37 
88 
74 
9 
34 
68 
70 
16 
38 
47 
35 
69 
86 
23 
29 
1 
11 
5 
87 
94 
49 
2 
14 
3 
44 
50 
25 
81 
13 
34 
76 
54 
19 
69 
91 
70 
2 
56 
15 
86 
10 
43 
48 
22 
61 
92 
49 
1 
16 
67 
55 
82 
71 
80 
77 
69 
44 
76 
68 
64 
47 
90 
53 
75 
32 
87 
34 
59 
12 
23 
42 
91 
95 
92 
31 
83 
97 
39 
63 
37 
46 
25 
89 
41 
51 
16 
96 
78 
17 
27 
19 
66 
54 
58 
14 
61 
64 
24 
44 
12 
57 
79 
32 
50 
56 
95 
51 
35 
70 
29 
87 
43 
74 
73 
20 
68 
76 
49 
94 
52 
8 
31 
5 
75 
96 
50 
48 
24 
58 
10 
47 
11 
82 
87 
25 
69 
64 
46 
3 
81 
56 
39 
95 
6 
17 
19 
37 
32 
74 
71 
21 
29 
22 
89 
59 
0 
48 
43 
1 
46 
92 
57 
80 
44 
49 
27 
83 
31 
82 
55 
81 
3 
13 
75 
68 
87 
41 
69 
74 
8 
79 
34 
95 
12 
64 
36 
32 
30 
56 
10 
40 
92 
15 
17 
25 
31 
94 
3 
4 
21 
22 
91 
43 
78 
44 
96 
26 
56 
68 
81 
42 
48 
47 
50 
46 
61 
94 
55 
80 
3 
29 
14 
24 
73 
65 
31 
97 
16 
8 
58 
66 
78 
49 
83 
71 
76 
41 
92 
37 
27 
38 
70 
30 
86 
45 
58 
8 
81 
65 
96 
21 
59 
39 
34 
22 
82 
18 
0 
55 
11 
17 
87 
6 
16 
60 
31 
49 
15 
78 
1 
10 
75 
2 
19 
84 
40 
35 
20 
53 
29 
92 
81 
24 
91 
82 
41 
93 
83 
25 
7 
76 
11 
31 
87 
68 
71 
32 
74 
53 
47 
24 
43 
93 
28 
34 
3 
58 
61 
94 
37 
67 
54 
95 
86 
14 
82 
47 
2 
63 
49 
71 
7 
77 
75 
68 
96 
53 
87 
80 
65 
88 
90 
17 
64 
84 
10 
55 
60 
82 
91 
31 
48 
32 
83 
14 
61 
69 
12 
42 
19 
24 
11 
50 
15 
20 
51 
5 
94 
22 
58 
41 
47 
71 
84 
26 
67 
21 
16 
73 
31 
54 
27 
96 
45 
86 
59 
87 
63 
9 
68 
2 
95 
30 
11 
48 
71 
69 
3 
42 
88 
24 
94 
1 
74 
19 
46 
37 
58 
15 
44 
32 
77 
82 
90 
93 
69 
75 
66 
41 
62 
96 
18 
91 
49 
23 
7 
0 
64 
34 
54 
48 
50 
72 
27 
14 
2 
71 
47 
68 
97 
82 
90 
1 
15 
64 
10 
19 
25 
4 
18 
65 
42 
9 
44 
40 
59 
95 
34 
66 
20 
26 
82 
60 
76 
22 
86 
88 
10 
35 
16 
87 
55 
71 
15 
69 
81 
5 
43 
58 
91 
40 
29 
31 
68 
93 
21 
75 
46 
41 
83 
88 
14 
76 
82 
45 
25 
8 
47 
96 
87 
49 
29 
4 
68 
13 
30 
34 
37 
38 
17 
61 
83 
60 
31 
76 
3 
64 
93 
75 
2 
59 
0 
27 
54 
90 
40 
24 
26 
44 
88 
42 
56 
61 
20 
82 
10 
16 
58 
53 
95 
77 
5 
43 
25 
50 
1 
69 
81 
31 
74 
14 
67 
71 
68 
54 
2 
73 
90 
45 
1 
58 
18 
17 
3 
32 
83 
20 
95 
10 
93 
7 
61 
82 
44 
6 
65 
25 
15 
51 
12 
8 
96 
66 
36 
88 
43 
23 
24 
75 
86 
22 
39 
40 
87 
76 
35 
14 
49 
67 
73 
94 
59 
10 
47 
21 
29 
79 
89 
45 
12 
13 
34 
9 
41 
74 
25 
54 
61 
95 
24 
75 
3 
31 
22 
67 
69 
29 
23 
86 
8 
68 
72 
6 
66 
40 
2 
49 
82 
48 
75 
34 
18 
87 
46 
22 
11 
30 
84 
94 
47 
25 
24 
83 
45 
16 
67 
71 
19 
12 
27 
58 
28 
49 
43 
68 
1 
55 
73 
42 
69 
32 
57 
63 
44 
22 
34 
61 
6 
81 
85 
58 
78 
5 
94 
8 
40 
27 
23 
26 
28 
17 
14 
29 
86 
47 
12 
24 
77 
69 
97 
16 
87 
70 
71 
80 
34 
10 
91 
65 
2 
56 
29 
60 
8 
11 
86 
7 
5 
74 
82 
14 
41 
9 
47 
49 
54 
90 
44 
38 
21 
40 
75 
76 
35 
77 
83 
78 
3 
26 
69 
20 
97 
34 
80 
5 
61 
25 
66 
82 
41 
96 
1 
64 
65 
14 
47 
81 
49 
91 
44 
31 
79 
75 
48 
68 
90 
84 
85 
22 
94 
7 
96 
93 
20 
87 
76 
82 
42 
16 
47 
64 
56 
14 
81 
78 
53 
74 
24 
11 
2 
36 
8 
44 
27 
34 
12 
91 
40 
92 
43 
75 
48 
31 
60 
61 
4 
39 
3 
94 
16 
54 
24 
81 
29 
76 
44 
95 
80 
1 
7 
17 
67 
15 
48 
78 
5 
13 
64 
87 
24 
66 
8 
47 
63 
11 
37 
58 
19 
31 
92 
72 
22 
86 
39 
61 
3 
6 
69 
90 
0 
2 
42 
40 
17 
36 
44 
32 
15 
95 
94 
56 
77 
65 
78 
46 
49 
66 
86 
0 
24 
48 
97 
11 
27 
40 
79 
2 
68 
88 
70 
22 
55 
73 
60 
39 
34 
16 
33 
21 
63 
32 
42 
5 
44 
36 
57 
67 
31 
46 
71 
30 
76 
80 
65 
1 
51 
85 
7 
17 
86 
20 
3 
58 
59 
96 
53 
82 
38 
75 
39 
47 
37 
49 
8 
40 
66 
68 
14 
34 
55 
27 
56 
3 
90 
83 
26 
52 
81 
35 
54 
19 
11 
2 
4 
69 
16 
82 
94 
41 
84 
72 
76 
22 
86 
51 
66 
12 
36 
42 
77 
14 
26 
25 
85 
74 
67 
29 
9 
83 
68 
62 
61 
30 
35 
2 
63 
5 
17 
48 
44 
54 
71 
31 
6 
60 
53 
92 
88 
73 
39 
47 
76 
5 
82 
10 
78 
49 
29 
24 
95 
69 
83 
41 
32 
55 
0 
81 
93 
97 
64 
31 
54 
53 
35 
82 
6 
92 
49 
5 
40 
96 
8 
21 
86 
80 
14 
95 
91 
71 
16 
61 
48 
29 
37 
53 
76 
78 
72 
54 
69 
67 
51 
2 
43 
44 
63 
8 
55 
81 
31 
36 
82 
45 
47 
86 
83 
42 
60 
68 
74 
87 
25 
91 
40 
7 
3 
61 
78 
75 
80 
41 
47 
69 
73 
22 
18 
46 
84 
31 
79 
2 
38 
82 
76 
94 
81 
20 
29 
43 
16 
68 
71 
86 
53 
39 
90 
44 
14 
10 
35 
69 
91 
72 
95 
34 
3 
87 
33 
22 
53 
74 
32 
2 
5 
17 
78 
82 
92 
25 
30 
8 
1 
81 
51 
45 
46 
40 
75 
83 
69 
31 
94 
20 
95 
22 
80 
86 
34 
65 
58 
90 
35 
7 
25 
52 
54 
14 
49 
15 
30 
32 
95 
94 
19 
11 
91 
77 
61 
21 
31 
29 
65 
69 
75 
17 
47 
43 
44 
9 
15 
38 
90 
14 
78 
39 
64 
83 
76 
96 
3 
2 
55 
74 
20 
84 
40 
16 
49 
46 
31 
93 
34 
24 
0 
29 
57 
27 
51 
73 
25 
47 
56 
92 
19 
81 
72 
14 
59 
85 
21 
67 
44 
9 
22 
27 
95 
79 
1 
76 
31 
73 
75 
60 
15 
45 
29 
63 
39 
28 
90 
91 
77 
78 
20 
40 
53 
25 
23 
7 
12 
71 
82 
0 
67 
14 
32 
34 
26 
18 
57 
58 
72 
1 
84 
39 
73 
29 
24 
95 
56 
10 
94 
35 
15 
43 
31 
59 
27 
78 
97 
3 
34 
86 
64 
93 
42 
22 
88 
44 
53 
16 
74 
23 
77 
85 
52 
18 
48 
19 
65 
54 
5 
61 
68 
81 
24 
8 
26 
70 
66 
67 
16 
10 
12 
37 
49 
1 
92 
39 
36 
86 
35 
42 
58 
20 
44 
41 
34 
64 
75 
73 
45 
95 
94 
76 
8 
40 
92 
93 
5 
60 
74 
0 
3 
16 
19 
50 
2 
55 
79 
89 
27 
10 
76 
12 
41 
96 
67 
15 
44 
82 
29 
65 
53 
58 
69 
54 
71 
14 
63 
49 
86 
1 
30 
48 
56 
73 
74 
81 
2 
50 
87 
6 
31 
75 
34 
66 
8 
13 
63 
55 
80 
90 
83 
27 
18 
22 
14 
15 
70 
5 
40 
84 
91 
75 
76 
24 
96 
81 
12 
25 
72 
64 
69 
31 
95 
93 
37 
11 
41 
54 
65 
82 
49 
44 
74 
43 
68 
78 
16 
22 
14 
21 
26 
56 
84 
61 
34 
86 
40 
8 
79 
3 
72 
83 
57 
60 
9 
1 
43 
92 
46 
81 
87 
21 
11 
22 
37 
41 
56 
15 
76 
82 
83 
94 
7 
31 
78 
69 
8 
68 
14 
4 
77 
54 
42 
17 
75 
84 
53 
47 
58 
67 
50 
3 
88 
35 
39 
32 
81 
44 
71 
43 
60 
64 
82 
68 
95 
74 
7 
15 
77 
41 
34 
8 
42 
20 
63 
53 
60 
69 
47 
26 
9 
66 
84 
41 
25 
72 
11 
86 
17 
73 
35 
64 
68 
15 
96 
93 
76 
91 
31 
85 
67 
13 
29 
16 
82 
47 
80 
24 
49 
88 
74 
53 
94 
95 
84 
52 
33 
22 
8 
87 
62 
35 
36 
55 
68 
57 
64 
41 
25 
14 
31 
44 
50 
8 
49 
65 
15 
81 
34 
75 
90 
97 
54 
3 
29 
17 
22 
6 
45 
76 
26 
61 
82 
35 
93 
66 
67 
86 
65 
95 
3 
0 
14 
2 
53 
87 
81 
13 
11 
25 
96 
72 
82 
91 
7 
34 
12 
27 
51 
49 
31 
43 
22 
68 
58 
17 
54 
88 
36 
20 
29 
24 
3 
76 
74 
71 
44 
42 
69 
40 
0 
92 
66 
37 
26 
16 
95 
36 
9 
45 
67 
61 
42 
44 
83 
13 
90 
21 
7 
77 
86 
53 
1 
32 
31 
17 
69 
93 
5 
22 
41 
64 
58 
35 
3 
68 
29 
2 
30 
20 
60 
75 
70 
72 
84 
82 
90 
16 
24 
87 
17 
77 
63 
71 
25 
96 
73 
69 
67 
3 
6 
32 
91 
66 
13 
37 
97 
12 
17 
31 
56 
40 
24 
21 
86 
74 
65 
95 
79 
94 
61 
38 
85 
25 
66 
93 
3 
82 
81 
15 
26 
59 
37 
47 
16 
40 
76 
69 
91 
22 
75 
74 
42 
71 
8 
84 
64 
68 
88 
35 
5 
7 
56 
48 
63 
19 
73 
55 
9 
77 
24 
26 
31 
49 
94 
3 
17 
86 
46 
61 
14 
22 
29 
75 
76 
37 
44 
41 
92 
78 
81 
80 
60 
77 
74 
90 
91 
24 
20 
18 
31 
1 
7 
93 
68 
87 
66 
19 
94 
25 
75 
79 
48 
53 
96 
44 
69 
13 
14 
26 
32 
3 
50 
82 
24 
23 
18 
67 
87 
37 
26 
34 
54 
41 
39 
5 
44 
29 
84 
35 
25 
22 
2 
16 
53 
74 
19 
79 
6 
0 
42 
55 
20 
72 
82 
83 
7 
75 
94 
11 
12 
69 
49 
87 
26 
58 
80 
81 
37 
2 
3 
96 
10 
21 
50 
44 
40 
55 
32 
88 
30 
91 
33 
61 
67 
8 
19 
17 
83 
29 
84 
86 
82 
5 
64 
87 
71 
75 
94 
78 
81 
1 
72 
63 
80 
35 
45 
74 
66 
17 
79 
56 
42 
71 
93 
69 
58 
34 
3 
89 
92 
40 
22 
61 
27 
78 
75 
68 
44 
76 
81 
70 
14 
90 
16 
94 
49 
18 
91 
37 
64 
63 
96 
10 
24 
27 
95 
51 
31 
76 
2 
92 
72 
50 
5 
38 
34 
80 
86 
94 
74 
61 
15 
8 
7 
69 
1 
19 
29 
22 
82 
3 
55 
56 
44 
32 
31 
71 
81 
17 
16 
89 
50 
14 
78 
68 
0 
10 
84 
83 
36 
1 
53 
67 
48 
49 
24 
44 
92 
29 
61 
43 
58 
94 
50 
39 
21 
86 
69 
18 
75 
46 
87 
42 
13 
88 
37 
10 
71 
93 
15 
72 
31 
0 
11 
83 
16 
52 
21 
40 
17 
75 
25 
2 
22 
55 
67 
54 
79 
91 
20 
45 
68 
13 
76 
74 
1 
43 
61 
65 
84 
5 
34 
97 
15 
24 
26 
82 
39 
81 
93 
16 
73 
7 
49 
36 
53 
69 
56 
6 
41 
11 
30 
27 
68 
78 
58 
95 
49 
59 
54 
61 
3 
24 
87 
71 
14 
96 
66 
22 
56 
10 
77 
67 
8 
68 
18 
35 
80 
7 
51 
45 
19 
82 
40 
9 
44 
55 
37 
69 
60 
48 
47 
1 
34 
95 
91 
45 
38 
87 
68 
29 
24 
81 
17 
20 
14 
36 
78 
37 
74 
90 
60 
66 
95 
22 
88 
27 
96 
86 
46 
63 
58 
16 
59 
6 
50 
15 
25 
31 
1 
30 
47 
34 
61 
97 
41 
60 
46 
40 
78 
64 
44 
55 
26 
56 
5 
37 
61 
23 
93 
82 
73 
83 
69 
25 
86 
2 
46 
48 
68 
42 
71 
27 
40 
89 
87 
10 
79 
19 
14 
70 
60 
91 
56 
15 
81 
75 
33 
4 
29 
43 
20 
49 
93 
90 
16 
1 
11 
41 
6 
83 
96 
17 
25 
36 
34 
87 
71 
7 
40 
80 
35 
54 
1 
68 
95 
10 
44 
62 
16 
11 
82 
0 
50 
2 
6 
73 
88 
81 
27 
33 
75 
32 
51 
55 
87 
69 
54 
4 
58 
96 
9 
22 
85 
3 
42 
59 
94 
24 
48 
91 
17 
25 
60 
34 
21 
83 
78 
55 
31 
41 
44 
5 
82 
87 
47 
75 
29 
6 
50 
68 
79 
81 
97 
15 
60 
71 
26 
37 
5 
65 
2 
14 
28 
86 
53 
84 
70 
24 
61 
79 
47 
3 
34 
1 
36 
92 
8 
25 
82 
91 
97 
69 
37 
20 
93 
10 
17 
40 
68 
58 
59 
76 
80 
16 
96 
43 
27 
13 
55 
53 
12 
78 
50 
2 
82 
34 
7 
5 
74 
49 
62 
14 
16 
15 
55 
77 
66 
61 
68 
21 
40 
86 
53 
46 
56 
94 
64 
87 
47 
12 
43 
33 
69 
71 
84 
24 
59 
7 
88 
75 
85 
42 
27 
26 
83 
25 
81 
20 
12 
21 
96 
94 
48 
95 
24 
87 
61 
2 
44 
6 
22 
86 
41 
73 
89 
43 
37 
75 
49 
60 
51 
70 
88 
42 
85 
17 
95 
58 
83 
61 
82 
3 
45 
81 
14 
10 
7 
90 
44 
69 
33 
64 
93 
2 
9 
16 
96 
21 
50 
68 
