45 
57 
42 
54 
46 
1 
0 
19 
62 
14 
52 
44 
24 
25 
4 
32 
49 
17 
43 
64 
4 
41 
31 
22 
55 
45 
27 
54 
33 
1 
24 
49 
44 
11 
21 
50 
5 
3 
15 
48 
44 
53 
19 
64 
41 
52 
25 
40 
53 
57 
50 
15 
22 
40 
45 
64 
60 
17 
31 
25 
11 
33 
49 
43 
16 
56 
50 
13 
20 
41 
12 
4 
1 
30 
42 
27 
16 
39 
9 
25 
56 
50 
21 
6 
44 
58 
41 
40 
29 
33 
49 
31 
9 
41 
48 
46 
50 
19 
63 
45 
61 
12 
47 
41 
49 
14 
33 
48 
34 
43 
28 
20 
50 
38 
42 
6 
12 
61 
22 
4 
14 
45 
56 
34 
40 
44 
29 
48 
4 
25 
37 
8 
63 
38 
64 
41 
15 
1 
33 
17 
56 
54 
29 
26 
5 
60 
10 
30 
55 
20 
17 
26 
42 
0 
46 
53 
1 
3 
52 
36 
60 
19 
59 
45 
13 
2 
29 
58 
22 
35 
11 
27 
32 
51 
20 
64 
6 
48 
54 
30 
26 
49 
15 
44 
62 
6 
2 
53 
9 
18 
37 
35 
45 
3 
52 
47 
54 
22 
31 
50 
18 
30 
27 
26 
61 
1 
10 
51 
36 
59 
44 
29 
6 
64 
38 
41 
58 
17 
37 
21 
4 
18 
50 
47 
29 
8 
41 
14 
1 
58 
17 
34 
45 
32 
3 
51 
28 
43 
35 
2 
62 
61 
56 
31 
46 
50 
21 
41 
3 
27 
28 
46 
31 
48 
42 
17 
50 
20 
15 
29 
62 
56 
61 
13 
46 
24 
62 
56 
60 
14 
37 
18 
22 
33 
8 
49 
5 
2 
57 
51 
21 
50 
6 
13 
30 
39 
38 
26 
58 
4 
17 
47 
56 
2 
34 
25 
42 
22 
35 
36 
57 
56 
43 
2 
58 
22 
33 
9 
10 
60 
17 
2 
3 
46 
48 
6 
62 
14 
8 
55 
54 
1 
43 
12 
18 
29 
57 
6 
31 
24 
45 
7 
46 
62 
19 
50 
54 
35 
39 
1 
45 
2 
10 
48 
20 
61 
56 
39 
62 
40 
1 
51 
54 
59 
41 
32 
9 
49 
47 
64 
39 
61 
45 
5 
36 
44 
35 
28 
2 
55 
58 
29 
17 
20 
40 
38 
16 
57 
46 
15 
56 
11 
23 
47 
43 
36 
33 
50 
37 
8 
13 
21 
44 
34 
0 
61 
58 
41 
54 
62 
48 
55 
5 
44 
28 
31 
39 
46 
62 
4 
6 
3 
20 
25 
38 
64 
16 
33 
1 
63 
19 
43 
45 
62 
11 
7 
30 
49 
4 
31 
48 
36 
2 
27 
58 
33 
63 
15 
6 
62 
14 
35 
48 
2 
9 
37 
21 
1 
39 
38 
57 
8 
0 
18 
44 
24 
64 
54 
17 
20 
62 
55 
27 
3 
43 
38 
6 
51 
18 
47 
24 
38 
14 
28 
63 
49 
17 
21 
40 
25 
10 
62 
4 
56 
17 
3 
20 
52 
0 
21 
29 
19 
8 
48 
37 
46 
40 
64 
45 
4 
39 
38 
55 
24 
17 
28 
35 
14 
50 
30 
5 
29 
43 
41 
17 
20 
37 
2 
27 
64 
36 
10 
26 
9 
62 
1 
11 
56 
53 
43 
35 
64 
33 
5 
16 
10 
0 
15 
54 
60 
53 
50 
47 
8 
19 
18 
24 
17 
25 
38 
43 
9 
57 
4 
44 
54 
62 
15 
32 
4 
59 
26 
50 
52 
53 
64 
11 
1 
6 
41 
29 
26 
57 
32 
60 
2 
37 
55 
21 
30 
34 
42 
24 
50 
31 
64 
49 
60 
41 
13 
14 
21 
46 
43 
20 
50 
19 
17 
25 
62 
4 
6 
1 
56 
58 
59 
2 
47 
8 
6 
0 
12 
48 
53 
16 
40 
46 
4 
21 
20 
39 
36 
32 
54 
2 
25 
55 
1 
16 
19 
58 
62 
60 
24 
50 
44 
8 
53 
9 
50 
29 
12 
44 
15 
1 
47 
49 
3 
45 
43 
9 
29 
17 
44 
33 
26 
25 
42 
45 
15 
14 
64 
24 
48 
62 
34 
29 
1 
35 
39 
44 
46 
4 
0 
37 
60 
47 
33 
8 
48 
18 
10 
9 
30 
6 
49 
51 
13 
4 
40 
54 
15 
14 
22 
36 
9 
18 
62 
19 
8 
50 
64 
58 
30 
51 
33 
7 
6 
2 
50 
11 
31 
40 
64 
47 
30 
24 
4 
5 
26 
45 
53 
0 
27 
3 
39 
9 
4 
52 
7 
41 
22 
15 
35 
47 
64 
60 
61 
4 
2 
35 
29 
11 
58 
36 
62 
6 
8 
48 
11 
62 
47 
17 
41 
19 
54 
25 
3 
7 
53 
12 
51 
46 
56 
2 
9 
5 
52 
45 
34 
60 
47 
58 
6 
33 
18 
23 
52 
48 
4 
43 
62 
22 
6 
47 
52 
5 
15 
60 
51 
4 
38 
26 
55 
30 
45 
50 
48 
36 
11 
8 
51 
47 
4 
64 
43 
22 
54 
63 
44 
24 
13 
27 
38 
9 
37 
4 
44 
60 
39 
50 
17 
21 
30 
47 
14 
10 
63 
25 
56 
1 
26 
44 
4 
19 
3 
30 
46 
28 
40 
13 
31 
62 
47 
22 
11 
45 
41 
10 
20 
6 
21 
34 
8 
45 
53 
27 
50 
9 
29 
22 
28 
55 
50 
63 
15 
48 
6 
62 
29 
10 
8 
61 
26 
40 
50 
2 
55 
8 
42 
29 
64 
41 
0 
57 
18 
20 
3 
51 
7 
18 
55 
28 
25 
58 
2 
63 
39 
60 
17 
12 
26 
6 
5 
18 
52 
8 
35 
10 
12 
59 
45 
28 
41 
48 
54 
64 
19 
13 
30 
0 
26 
46 
5 
15 
48 
38 
3 
6 
31 
59 
18 
42 
7 
10 
50 
17 
0 
64 
36 
21 
54 
23 
57 
30 
6 
28 
52 
56 
61 
62 
27 
34 
44 
22 
50 
64 
32 
24 
18 
44 
45 
55 
43 
17 
23 
47 
1 
27 
42 
31 
39 
5 
19 
61 
41 
58 
63 
18 
21 
2 
45 
51 
64 
48 
33 
28 
30 
44 
49 
39 
59 
38 
6 
30 
54 
47 
44 
45 
55 
41 
50 
21 
1 
22 
30 
29 
28 
27 
4 
8 
42 
46 
50 
31 
3 
41 
56 
57 
0 
56 
25 
52 
53 
42 
5 
39 
50 
29 
31 
2 
52 
8 
28 
5 
33 
60 
36 
51 
8 
3 
2 
0 
29 
31 
62 
1 
20 
24 
61 
36 
18 
4 
41 
2 
39 
48 
54 
46 
30 
11 
50 
28 
21 
5 
64 
48 
54 
53 
41 
40 
45 
9 
4 
28 
17 
55 
37 
50 
18 
34 
43 
59 
38 
27 
23 
4 
12 
13 
20 
57 
44 
35 
62 
39 
49 
57 
17 
64 
55 
46 
20 
26 
39 
36 
33 
21 
30 
29 
64 
25 
43 
59 
57 
0 
42 
51 
61 
48 
31 
23 
14 
47 
55 
38 
56 
6 
3 
57 
62 
21 
50 
34 
61 
15 
48 
25 
30 
42 
60 
36 
8 
21 
52 
47 
62 
50 
20 
32 
54 
63 
16 
30 
29 
55 
64 
35 
50 
37 
13 
58 
49 
44 
60 
30 
26 
2 
52 
17 
54 
35 
5 
4 
38 
41 
47 
48 
6 
56 
37 
8 
2 
21 
49 
45 
14 
29 
9 
60 
33 
17 
41 
58 
53 
45 
6 
31 
27 
36 
22 
29 
43 
9 
41 
13 
8 
25 
44 
4 
33 
51 
41 
62 
55 
39 
6 
49 
27 
38 
15 
29 
16 
10 
14 
41 
39 
50 
33 
54 
4 
56 
18 
46 
1 
53 
20 
26 
58 
38 
5 
41 
2 
14 
56 
51 
64 
42 
7 
8 
27 
10 
29 
20 
35 
4 
27 
61 
57 
14 
52 
33 
6 
60 
58 
8 
9 
15 
18 
17 
35 
38 
6 
26 
54 
5 
32 
2 
59 
61 
49 
36 
33 
44 
48 
21 
52 
6 
18 
49 
64 
54 
52 
58 
0 
55 
62 
6 
9 
33 
18 
10 
21 
5 
30 
47 
44 
4 
8 
20 
27 
33 
29 
52 
56 
60 
49 
0 
25 
22 
45 
26 
34 
39 
58 
50 
10 
30 
2 
52 
28 
60 
14 
31 
64 
36 
41 
13 
62 
44 
40 
15 
50 
12 
64 
35 
49 
36 
2 
13 
10 
25 
33 
8 
61 
20 
14 
58 
40 
55 
60 
22 
3 
21 
5 
4 
40 
42 
8 
26 
15 
16 
35 
62 
64 
6 
41 
2 
12 
47 
44 
21 
50 
20 
31 
33 
4 
2 
0 
64 
6 
25 
35 
2 
64 
39 
63 
4 
17 
56 
55 
26 
44 
20 
8 
54 
27 
36 
47 
62 
10 
32 
23 
30 
25 
38 
19 
50 
54 
26 
64 
8 
4 
53 
63 
56 
58 
20 
21 
6 
56 
33 
32 
54 
11 
25 
27 
52 
34 
24 
29 
62 
45 
12 
64 
47 
46 
33 
43 
2 
23 
39 
31 
11 
54 
25 
24 
3 
62 
22 
19 
53 
64 
46 
5 
23 
36 
33 
43 
39 
30 
8 
55 
13 
40 
54 
4 
31 
51 
29 
52 
21 
50 
31 
39 
11 
30 
25 
27 
60 
53 
50 
0 
31 
11 
24 
56 
36 
22 
62 
54 
17 
43 
61 
46 
21 
50 
56 
40 
55 
53 
46 
50 
2 
29 
18 
9 
58 
44 
25 
10 
17 
61 
50 
53 
54 
27 
11 
60 
12 
62 
28 
36 
8 
64 
10 
37 
24 
18 
30 
54 
39 
8 
22 
46 
41 
49 
1 
25 
27 
48 
47 
3 
40 
60 
17 
59 
52 
46 
20 
44 
42 
47 
28 
8 
16 
38 
12 
6 
35 
49 
55 
42 
15 
4 
41 
50 
0 
38 
61 
19 
29 
55 
38 
8 
40 
23 
34 
39 
26 
45 
51 
63 
