9 
45 
99 
13 
69 
67 
31 
59 
28 
6 
14 
71 
21 
36 
52 
42 
23 
51 
0 
96 
105 
11 
63 
9 
102 
64 
92 
95 
50 
42 
78 
72 
58 
3 
81 
99 
98 
83 
19 
50 
49 
41 
28 
64 
24 
22 
56 
66 
17 
100 
54 
30 
27 
2 
71 
49 
62 
10 
64 
11 
81 
38 
104 
74 
106 
99 
97 
50 
0 
32 
3 
57 
41 
64 
6 
23 
73 
75 
100 
102 
84 
96 
90 
98 
43 
70 
19 
103 
105 
79 
46 
73 
1 
33 
91 
10 
59 
65 
51 
58 
101 
18 
13 
80 
0 
50 
86 
27 
19 
88 
75 
43 
10 
14 
64 
58 
20 
54 
85 
70 
33 
77 
93 
12 
67 
74 
83 
45 
102 
35 
8 
4 
25 
20 
99 
19 
27 
95 
57 
43 
92 
73 
52 
13 
49 
70 
48 
94 
98 
83 
100 
5 
53 
14 
15 
101 
40 
106 
68 
58 
21 
33 
50 
44 
43 
56 
73 
4 
0 
63 
17 
28 
102 
26 
47 
53 
36 
86 
101 
22 
105 
29 
14 
39 
82 
20 
81 
95 
103 
58 
72 
13 
45 
101 
2 
64 
38 
11 
76 
36 
88 
52 
65 
44 
63 
21 
30 
98 
61 
26 
84 
47 
20 
3 
62 
6 
29 
60 
59 
24 
41 
95 
87 
94 
22 
73 
20 
25 
64 
10 
40 
42 
28 
54 
0 
7 
83 
32 
6 
101 
14 
30 
81 
23 
65 
78 
3 
44 
20 
87 
64 
47 
105 
28 
73 
25 
104 
95 
88 
85 
90 
39 
79 
0 
50 
84 
6 
70 
22 
101 
62 
74 
21 
33 
2 
13 
14 
59 
45 
91 
36 
87 
98 
78 
90 
92 
94 
95 
28 
54 
44 
104 
39 
10 
15 
35 
0 
13 
2 
100 
93 
72 
7 
52 
21 
32 
50 
14 
10 
105 
41 
96 
36 
56 
78 
48 
29 
43 
49 
17 
40 
79 
62 
7 
0 
68 
75 
33 
53 
49 
56 
69 
54 
94 
4 
59 
103 
23 
50 
63 
80 
36 
71 
21 
29 
70 
38 
99 
68 
9 
30 
87 
22 
32 
39 
73 
17 
69 
4 
52 
37 
63 
7 
100 
79 
93 
53 
24 
10 
11 
99 
2 
98 
106 
41 
61 
85 
47 
82 
83 
56 
95 
42 
4 
79 
16 
54 
88 
66 
33 
19 
101 
2 
27 
24 
103 
29 
69 
33 
6 
7 
80 
49 
77 
34 
90 
70 
81 
31 
50 
15 
48 
101 
20 
66 
45 
72 
96 
39 
28 
104 
63 
78 
23 
51 
3 
14 
27 
53 
41 
54 
59 
0 
88 
6 
32 
57 
22 
62 
75 
74 
98 
91 
2 
99 
92 
48 
34 
1 
26 
61 
68 
53 
59 
4 
25 
87 
73 
42 
65 
5 
32 
84 
69 
66 
64 
89 
39 
38 
73 
77 
54 
12 
47 
68 
44 
94 
0 
98 
14 
41 
81 
32 
76 
85 
22 
19 
39 
74 
24 
72 
96 
37 
64 
23 
47 
53 
61 
45 
62 
101 
80 
33 
41 
49 
67 
78 
2 
94 
90 
105 
4 
93 
3 
55 
87 
88 
73 
0 
42 
28 
18 
80 
41 
12 
14 
15 
106 
86 
62 
24 
21 
58 
49 
74 
8 
20 
26 
87 
5 
17 
106 
101 
38 
1 
88 
32 
64 
35 
50 
85 
23 
72 
10 
86 
42 
83 
34 
74 
97 
40 
0 
33 
89 
39 
19 
64 
55 
60 
28 
78 
23 
94 
100 
45 
84 
50 
69 
1 
92 
99 
24 
36 
5 
67 
39 
80 
51 
8 
17 
102 
58 
21 
0 
2 
59 
14 
35 
43 
33 
23 
57 
47 
65 
64 
60 
56 
105 
106 
89 
17 
41 
73 
104 
27 
75 
102 
42 
70 
53 
32 
68 
95 
1 
4 
38 
69 
79 
33 
64 
62 
100 
12 
17 
85 
42 
96 
34 
0 
87 
76 
72 
31 
89 
15 
49 
92 
77 
36 
98 
94 
23 
52 
14 
106 
51 
21 
90 
73 
68 
7 
66 
62 
69 
8 
90 
26 
2 
15 
41 
31 
70 
53 
55 
80 
3 
34 
14 
63 
88 
106 
1 
89 
101 
12 
76 
75 
18 
19 
17 
105 
91 
33 
62 
73 
20 
0 
38 
4 
51 
9 
11 
39 
64 
44 
90 
86 
21 
99 
40 
7 
80 
102 
68 
41 
60 
43 
32 
37 
88 
95 
64 
57 
102 
76 
33 
15 
36 
27 
29 
46 
21 
14 
3 
0 
41 
73 
84 
56 
70 
102 
96 
60 
90 
83 
18 
23 
98 
100 
81 
4 
85 
25 
104 
94 
69 
76 
92 
74 
51 
29 
28 
55 
70 
102 
34 
0 
93 
95 
14 
101 
91 
21 
36 
52 
73 
15 
56 
79 
33 
34 
40 
88 
53 
28 
90 
77 
11 
13 
95 
55 
85 
2 
0 
51 
1 
81 
35 
49 
72 
39 
79 
82 
95 
28 
47 
96 
59 
102 
76 
20 
83 
101 
13 
46 
40 
26 
15 
98 
97 
27 
86 
81 
18 
51 
99 
45 
2 
48 
68 
66 
106 
58 
44 
64 
87 
7 
15 
19 
51 
99 
39 
80 
78 
63 
23 
60 
22 
77 
10 
35 
93 
21 
95 
58 
79 
72 
92 
47 
2 
32 
80 
52 
20 
85 
21 
99 
18 
73 
91 
9 
68 
84 
87 
56 
24 
39 
71 
101 
97 
0 
37 
55 
92 
4 
93 
89 
104 
81 
66 
90 
95 
5 
46 
60 
65 
40 
33 
80 
51 
22 
53 
11 
0 
47 
60 
78 
10 
42 
83 
101 
96 
92 
16 
54 
2 
103 
74 
99 
59 
14 
76 
90 
70 
106 
52 
21 
43 
32 
94 
11 
93 
60 
103 
72 
102 
17 
86 
63 
70 
7 
10 
104 
19 
92 
22 
23 
24 
27 
61 
77 
0 
16 
33 
60 
23 
75 
42 
46 
105 
90 
104 
94 
3 
28 
83 
62 
33 
63 
44 
106 
29 
0 
50 
22 
49 
48 
55 
64 
87 
43 
36 
82 
76 
54 
97 
38 
75 
24 
30 
49 
66 
73 
62 
41 
78 
33 
42 
9 
86 
87 
22 
39 
94 
58 
65 
67 
51 
88 
52 
13 
76 
83 
81 
28 
0 
42 
99 
54 
55 
39 
57 
75 
87 
18 
20 
14 
102 
27 
2 
9 
68 
71 
43 
46 
39 
104 
35 
91 
79 
42 
1 
103 
48 
70 
41 
29 
64 
23 
22 
18 
39 
66 
85 
67 
45 
94 
21 
28 
57 
9 
69 
64 
18 
70 
83 
6 
46 
103 
78 
44 
20 
39 
23 
1 
32 
94 
63 
10 
52 
102 
86 
69 
35 
21 
18 
97 
7 
4 
85 
72 
46 
16 
57 
2 
94 
63 
74 
77 
65 
103 
92 
93 
36 
70 
39 
84 
61 
57 
91 
18 
1 
53 
33 
81 
25 
68 
13 
79 
41 
74 
10 
21 
43 
88 
61 
95 
46 
49 
11 
87 
62 
84 
90 
3 
18 
86 
32 
52 
24 
33 
81 
6 
88 
105 
63 
74 
1 
89 
60 
90 
17 
13 
104 
58 
61 
47 
1 
35 
44 
10 
54 
62 
21 
2 
84 
92 
95 
15 
18 
5 
39 
42 
20 
98 
63 
78 
27 
38 
88 
90 
60 
55 
39 
93 
53 
50 
104 
57 
73 
68 
31 
41 
54 
33 
79 
9 
30 
98 
103 
43 
90 
8 
95 
76 
20 
74 
57 
32 
94 
49 
63 
38 
17 
52 
50 
1 
30 
75 
85 
45 
76 
93 
68 
28 
65 
77 
9 
79 
37 
40 
88 
60 
3 
69 
87 
4 
24 
81 
82 
47 
44 
0 
21 
33 
63 
68 
64 
55 
14 
7 
32 
46 
102 
43 
85 
38 
25 
18 
70 
3 
100 
99 
36 
13 
45 
90 
23 
48 
17 
67 
5 
7 
52 
103 
0 
91 
69 
54 
84 
100 
47 
35 
86 
11 
46 
81 
53 
32 
101 
56 
38 
92 
13 
52 
97 
2 
28 
1 
33 
79 
18 
105 
43 
91 
75 
21 
19 
57 
65 
76 
104 
45 
70 
55 
67 
6 
47 
100 
92 
4 
57 
41 
0 
53 
72 
36 
95 
20 
104 
52 
10 
79 
44 
60 
58 
26 
21 
102 
88 
54 
42 
106 
34 
85 
52 
70 
4 
19 
75 
0 
93 
7 
2 
5 
69 
64 
95 
63 
33 
104 
18 
62 
13 
76 
19 
39 
66 
44 
103 
81 
46 
78 
1 
87 
58 
42 
0 
99 
5 
23 
90 
31 
79 
95 
41 
28 
103 
16 
71 
70 
83 
47 
94 
44 
89 
24 
61 
13 
0 
75 
57 
101 
74 
93 
33 
40 
3 
78 
53 
90 
27 
72 
54 
103 
41 
99 
51 
68 
46 
18 
73 
57 
8 
31 
12 
65 
94 
38 
81 
33 
80 
62 
66 
28 
0 
74 
92 
103 
24 
20 
5 
32 
99 
70 
48 
47 
95 
38 
28 
65 
90 
30 
1 
7 
55 
63 
78 
40 
82 
104 
44 
61 
80 
51 
3 
16 
28 
49 
29 
41 
12 
57 
75 
105 
27 
54 
1 
37 
68 
17 
64 
79 
70 
7 
63 
47 
51 
86 
89 
15 
23 
55 
56 
85 
43 
101 
7 
30 
60 
34 
78 
103 
96 
40 
71 
13 
35 
64 
61 
20 
52 
54 
44 
102 
7 
29 
89 
49 
105 
65 
93 
46 
4 
45 
87 
55 
17 
78 
94 
43 
70 
85 
67 
64 
27 
13 
59 
62 
88 
79 
90 
25 
40 
18 
80 
45 
0 
73 
1 
55 
54 
36 
23 
104 
69 
92 
15 
102 
44 
74 
99 
35 
20 
5 
33 
17 
49 
32 
37 
84 
79 
76 
62 
55 
70 
68 
23 
8 
46 
95 
28 
66 
29 
34 
103 
14 
61 
72 
60 
64 
22 
40 
94 
104 
11 
85 
95 
31 
30 
27 
39 
78 
96 
38 
79 
33 
64 
87 
101 
105 
53 
93 
73 
54 
99 
10 
69 
36 
16 
60 
42 
8 
94 
37 
9 
104 
79 
68 
28 
26 
77 
91 
61 
33 
50 
22 
29 
11 
23 
94 
33 
12 
71 
48 
40 
44 
90 
99 
39 
68 
32 
84 
23 
56 
28 
61 
14 
6 
15 
106 
81 
64 
95 
21 
26 
25 
50 
30 
97 
102 
90 
58 
2 
18 
23 
28 
87 
104 
40 
76 
0 
14 
5 
84 
50 
74 
8 
78 
82 
63 
41 
9 
96 
54 
84 
79 
34 
28 
21 
53 
70 
40 
78 
101 
73 
32 
22 
89 
91 
82 
17 
43 
85 
0 
23 
35 
11 
84 
58 
50 
96 
79 
9 
14 
104 
76 
89 
54 
92 
49 
66 
105 
42 
72 
20 
67 
51 
28 
87 
15 
18 
82 
62 
95 
14 
5 
64 
101 
0 
35 
43 
12 
40 
78 
94 
97 
11 
89 
106 
35 
90 
81 
43 
36 
72 
39 
44 
71 
94 
69 
1 
57 
3 
74 
29 
39 
20 
55 
65 
34 
14 
4 
26 
75 
77 
62 
47 
104 
97 
83 
22 
21 
28 
10 
17 
84 
45 
9 
103 
46 
76 
92 
28 
78 
6 
0 
33 
61 
52 
40 
3 
77 
55 
80 
59 
84 
67 
26 
64 
75 
23 
15 
44 
11 
29 
81 
89 
77 
6 
0 
102 
60 
75 
103 
46 
100 
31 
84 
73 
94 
97 
44 
30 
98 
38 
36 
64 
55 
5 
51 
88 
62 
63 
73 
65 
48 
58 
53 
71 
82 
42 
10 
2 
85 
35 
68 
0 
5 
103 
98 
64 
99 
12 
58 
23 
22 
43 
63 
88 
96 
9 
32 
31 
84 
35 
3 
60 
53 
17 
43 
1 
104 
76 
50 
91 
40 
73 
66 
103 
34 
44 
42 
79 
62 
8 
100 
89 
70 
4 
22 
36 
17 
68 
92 
42 
90 
32 
69 
38 
64 
89 
86 
101 
23 
99 
105 
103 
28 
43 
4 
7 
98 
97 
32 
9 
82 
68 
20 
87 
0 
63 
57 
39 
53 
38 
78 
43 
46 
34 
5 
71 
3 
62 
1 
28 
33 
55 
95 
42 
39 
59 
87 
74 
104 
22 
13 
51 
73 
67 
89 
78 
79 
10 
12 
1 
14 
3 
105 
96 
70 
53 
2 
73 
100 
93 
25 
103 
40 
97 
20 
106 
54 
28 
104 
92 
95 
11 
67 
39 
55 
86 
44 
15 
99 
51 
75 
66 
40 
82 
104 
74 
97 
64 
5 
49 
105 
47 
34 
29 
93 
37 
46 
69 
67 
89 
78 
18 
65 
86 
88 
95 
70 
54 
38 
15 
30 
99 
94 
27 
53 
36 
23 
52 
106 
103 
79 
25 
55 
89 
85 
22 
51 
11 
30 
75 
17 
56 
57 
78 
29 
15 
31 
49 
34 
92 
36 
90 
69 
94 
8 
0 
20 
83 
19 
32 
104 
17 
59 
2 
28 
47 
48 
5 
88 
31 
0 
17 
106 
103 
35 
39 
90 
37 
83 
1 
14 
52 
25 
95 
56 
44 
64 
80 
48 
60 
13 
104 
30 
29 
50 
35 
81 
31 
41 
68 
51 
98 
23 
73 
12 
71 
38 
25 
102 
10 
39 
91 
83 
64 
43 
51 
27 
32 
13 
52 
4 
63 
101 
2 
45 
66 
79 
6 
92 
39 
29 
7 
72 
5 
21 
52 
68 
102 
43 
81 
63 
96 
83 
7 
80 
33 
45 
65 
20 
73 
87 
13 
63 
98 
27 
47 
85 
39 
66 
32 
83 
3 
58 
104 
89 
52 
68 
48 
56 
1 
64 
78 
70 
96 
41 
18 
19 
10 
33 
100 
37 
6 
105 
2 
23 
24 
84 
78 
34 
27 
98 
91 
38 
28 
70 
92 
7 
14 
74 
21 
59 
48 
54 
22 
40 
80 
3 
67 
19 
101 
60 
55 
35 
88 
33 
78 
61 
103 
34 
52 
16 
100 
9 
2 
11 
0 
62 
29 
32 
55 
10 
1 
95 
52 
35 
91 
33 
18 
47 
75 
86 
66 
74 
39 
83 
25 
23 
32 
42 
29 
34 
22 
85 
100 
46 
79 
87 
65 
64 
27 
33 
41 
40 
31 
78 
58 
76 
11 
22 
45 
21 
88 
105 
44 
24 
18 
66 
42 
7 
37 
32 
13 
71 
84 
63 
48 
96 
5 
17 
69 
77 
38 
83 
70 
57 
95 
94 
41 
93 
54 
68 
51 
87 
32 
0 
14 
21 
43 
96 
42 
79 
22 
89 
27 
52 
21 
74 
18 
5 
104 
28 
92 
33 
100 
54 
12 
55 
93 
37 
48 
2 
17 
8 
57 
27 
78 
44 
2 
33 
10 
63 
47 
42 
54 
7 
69 
17 
16 
86 
27 
31 
68 
33 
75 
38 
89 
18 
102 
103 
45 
73 
78 
90 
51 
23 
5 
40 
58 
94 
36 
65 
95 
9 
39 
35 
79 
37 
15 
55 
104 
82 
19 
75 
100 
98 
43 
93 
79 
74 
86 
23 
28 
102 
16 
49 
63 
8 
12 
44 
94 
40 
57 
48 
50 
104 
33 
10 
66 
78 
95 
18 
39 
42 
7 
38 
75 
63 
86 
20 
83 
21 
65 
35 
70 
23 
49 
64 
36 
78 
77 
95 
94 
34 
22 
89 
12 
103 
1 
13 
54 
48 
50 
84 
87 
88 
55 
44 
78 
97 
43 
64 
92 
61 
14 
84 
79 
53 
42 
78 
10 
35 
12 
21 
60 
5 
28 
97 
39 
43 
2 
105 
94 
86 
29 
74 
26 
80 
30 
11 
53 
41 
92 
23 
47 
34 
0 
24 
25 
13 
101 
76 
28 
81 
6 
104 
70 
48 
67 
60 
33 
65 
69 
86 
43 
44 
56 
23 
13 
68 
76 
106 
88 
25 
47 
6 
29 
3 
7 
78 
0 
66 
53 
90 
14 
80 
19 
63 
5 
89 
42 
13 
84 
71 
40 
82 
46 
93 
103 
95 
68 
14 
86 
41 
75 
105 
78 
31 
51 
82 
36 
77 
50 
12 
89 
55 
64 
104 
87 
38 
69 
21 
44 
47 
98 
10 
84 
70 
94 
31 
24 
45 
102 
85 
46 
37 
95 
24 
96 
81 
65 
74 
86 
79 
63 
88 
69 
1 
20 
6 
60 
83 
72 
78 
64 
5 
7 
46 
36 
77 
55 
10 
18 
79 
54 
32 
19 
20 
58 
76 
35 
27 
69 
52 
93 
9 
101 
70 
14 
48 
17 
5 
28 
86 
50 
33 
21 
10 
20 
23 
42 
55 
96 
83 
51 
105 
104 
39 
32 
2 
12 
36 
16 
87 
14 
47 
95 
18 
102 
63 
98 
69 
85 
70 
92 
78 
2 
6 
89 
35 
45 
44 
56 
81 
61 
40 
73 
23 
4 
38 
96 
33 
3 
32 
99 
21 
98 
85 
102 
65 
106 
55 
105 
24 
92 
51 
2 
46 
89 
58 
16 
29 
3 
1 
26 
80 
79 
69 
33 
88 
75 
20 
72 
31 
8 
64 
103 
32 
77 
13 
5 
82 
78 
28 
49 
6 
74 
44 
66 
3 
65 
96 
73 
93 
2 
38 
101 
16 
35 
79 
37 
71 
41 
106 
102 
80 
29 
76 
100 
4 
75 
47 
50 
39 
52 
87 
2 
56 
70 
69 
42 
103 
92 
26 
95 
41 
72 
1 
55 
88 
31 
71 
65 
10 
60 
79 
5 
76 
34 
43 
47 
62 
35 
104 
28 
38 
80 
86 
23 
44 
17 
97 
85 
82 
46 
25 
76 
106 
104 
63 
35 
9 
12 
102 
56 
28 
40 
31 
78 
53 
10 
14 
88 
87 
27 
21 
77 
92 
73 
11 
16 
91 
35 
49 
57 
22 
106 
105 
69 
104 
31 
27 
90 
89 
75 
52 
86 
36 
0 
39 
21 
71 
53 
13 
101 
48 
105 
97 
51 
88 
64 
7 
72 
12 
73 
104 
36 
55 
89 
67 
87 
93 
95 
30 
66 
78 
101 
103 
44 
33 
46 
42 
35 
87 
92 
64 
13 
36 
20 
0 
79 
89 
56 
88 
55 
72 
39 
1 
85 
63 
15 
66 
92 
94 
11 
28 
25 
26 
31 
13 
89 
85 
97 
10 
106 
41 
100 
6 
105 
93 
52 
27 
55 
71 
61 
70 
75 
80 
69 
78 
20 
1 
72 
12 
87 
46 
23 
43 
48 
74 
59 
84 
64 
42 
2 
51 
91 
28 
32 
39 
65 
36 
79 
100 
71 
48 
46 
27 
40 
78 
70 
83 
66 
33 
104 
26 
101 
56 
86 
50 
51 
44 
9 
39 
41 
99 
49 
69 
25 
29 
90 
2 
63 
38 
13 
36 
73 
84 
74 
0 
79 
35 
4 
100 
16 
1 
73 
83 
72 
86 
8 
102 
21 
90 
13 
70 
105 
68 
63 
93 
33 
37 
85 
89 
16 
18 
26 
35 
42 
98 
6 
95 
66 
62 
75 
84 
94 
1 
50 
5 
65 
29 
59 
7 
31 
23 
19 
94 
63 
103 
10 
79 
21 
36 
68 
98 
26 
83 
77 
96 
30 
78 
6 
58 
44 
20 
57 
45 
10 
40 
62 
31 
38 
41 
42 
90 
1 
7 
78 
32 
35 
98 
2 
66 
89 
18 
6 
73 
45 
11 
72 
21 
42 
25 
33 
64 
61 
88 
80 
36 
106 
57 
67 
32 
4 
44 
23 
87 
9 
2 
15 
45 
10 
68 
60 
75 
89 
78 
69 
47 
91 
72 
105 
99 
21 
29 
62 
82 
6 
102 
65 
61 
73 
103 
14 
32 
1 
58 
48 
96 
85 
28 
39 
30 
104 
62 
106 
8 
68 
59 
41 
90 
63 
48 
21 
51 
40 
43 
11 
104 
94 
3 
70 
79 
89 
73 
42 
78 
96 
23 
101 
16 
83 
67 
90 
63 
22 
46 
1 
27 
92 
47 
26 
59 
55 
62 
105 
21 
73 
52 
19 
85 
102 
33 
30 
23 
92 
94 
104 
81 
22 
75 
70 
90 
11 
68 
33 
64 
63 
62 
38 
20 
89 
91 
53 
7 
90 
26 
43 
54 
103 
70 
99 
105 
75 
11 
8 
95 
50 
82 
85 
15 
65 
52 
74 
88 
94 
43 
76 
89 
104 
83 
96 
33 
50 
91 
93 
60 
86 
89 
49 
34 
78 
95 
15 
73 
55 
36 
47 
8 
20 
87 
77 
7 
101 
100 
66 
1 
23 
14 
38 
43 
62 
21 
51 
81 
69 
56 
12 
5 
94 
102 
93 
89 
84 
7 
45 
53 
61 
78 
20 
35 
64 
99 
101 
32 
26 
9 
46 
18 
60 
103 
86 
22 
7 
71 
42 
36 
95 
97 
94 
32 
33 
34 
1 
68 
96 
28 
15 
63 
79 
105 
60 
40 
94 
25 
55 
21 
20 
68 
42 
25 
70 
57 
56 
15 
32 
83 
8 
69 
28 
5 
43 
9 
81 
38 
72 
105 
70 
95 
92 
39 
52 
51 
99 
21 
74 
2 
81 
3 
10 
45 
85 
73 
64 
106 
53 
71 
66 
95 
89 
5 
42 
63 
14 
38 
26 
20 
99 
77 
91 
1 
29 
43 
0 
104 
55 
80 
103 
100 
76 
21 
97 
71 
42 
85 
63 
102 
33 
78 
2 
40 
53 
39 
49 
7 
88 
77 
94 
101 
81 
8 
11 
28 
0 
68 
37 
36 
84 
18 
39 
59 
15 
92 
61 
43 
58 
93 
13 
88 
70 
5 
6 
80 
14 
18 
75 
56 
35 
72 
46 
54 
59 
43 
101 
25 
80 
68 
28 
33 
48 
73 
85 
63 
67 
15 
21 
77 
12 
104 
105 
10 
13 
27 
101 
35 
56 
25 
0 
28 
38 
100 
23 
20 
102 
78 
68 
43 
72 
26 
25 
31 
69 
66 
18 
44 
79 
76 
33 
96 
29 
60 
91 
22 
84 
52 
14 
6 
25 
49 
65 
70 
0 
94 
21 
73 
12 
58 
40 
69 
41 
43 
24 
88 
33 
68 
91 
34 
51 
4 
28 
0 
49 
39 
70 
62 
73 
74 
58 
54 
60 
42 
43 
71 
50 
63 
59 
89 
55 
84 
62 
85 
32 
82 
77 
104 
29 
8 
44 
14 
38 
33 
2 
7 
72 
58 
45 
70 
20 
83 
35 
69 
46 
63 
49 
9 
71 
75 
98 
43 
89 
92 
74 
32 
36 
10 
77 
61 
60 
4 
85 
101 
76 
0 
39 
27 
65 
85 
47 
8 
35 
83 
67 
64 
52 
66 
1 
79 
70 
40 
58 
104 
48 
92 
31 
39 
106 
9 
32 
46 
76 
21 
53 
35 
41 
102 
18 
29 
2 
42 
32 
13 
88 
7 
90 
48 
79 
65 
32 
74 
86 
52 
17 
53 
20 
26 
57 
93 
10 
33 
21 
28 
14 
31 
52 
58 
90 
94 
88 
9 
76 
50 
7 
69 
45 
92 
12 
101 
57 
13 
82 
35 
85 
42 
11 
25 
104 
29 
0 
73 
96 
50 
71 
68 
79 
83 
75 
100 
97 
63 
9 
55 
47 
12 
87 
61 
78 
21 
29 
99 
46 
81 
23 
64 
25 
91 
67 
40 
53 
22 
58 
15 
106 
86 
17 
61 
0 
84 
95 
32 
90 
59 
54 
51 
24 
14 
11 
2 
64 
102 
33 
39 
88 
45 
58 
37 
105 
41 
44 
35 
94 
47 
56 
99 
82 
11 
65 
24 
61 
19 
78 
28 
50 
7 
37 
0 
76 
94 
22 
81 
106 
39 
80 
70 
43 
57 
34 
60 
87 
5 
102 
65 
38 
104 
16 
93 
95 
50 
55 
45 
12 
18 
23 
79 
94 
8 
0 
36 
42 
68 
44 
84 
33 
78 
47 
63 
31 
53 
74 
103 
89 
4 
14 
73 
64 
0 
59 
85 
69 
55 
66 
19 
3 
50 
45 
34 
21 
10 
5 
32 
69 
44 
53 
73 
