37 
12 
44 
29 
19 
9 
61 
25 
54 
14 
64 
8 
4 
13 
19 
52 
7 
27 
63 
51 
47 
13 
50 
42 
1 
35 
2 
0 
24 
23 
61 
57 
31 
5 
55 
28 
14 
46 
13 
37 
0 
28 
40 
23 
16 
61 
23 
29 
57 
41 
21 
33 
43 
31 
22 
36 
62 
6 
55 
40 
48 
30 
32 
7 
61 
28 
54 
7 
5 
53 
6 
43 
42 
58 
55 
20 
61 
49 
38 
21 
44 
35 
9 
20 
51 
6 
30 
62 
42 
33 
1 
38 
9 
51 
50 
2 
16 
62 
33 
0 
24 
54 
19 
9 
17 
51 
20 
18 
45 
40 
7 
17 
38 
18 
29 
47 
5 
42 
7 
30 
11 
48 
32 
57 
2 
41 
7 
49 
16 
38 
53 
21 
53 
19 
24 
17 
35 
18 
44 
31 
54 
12 
11 
4 
7 
36 
22 
2 
57 
13 
49 
27 
34 
31 
45 
11 
62 
57 
52 
46 
37 
18 
17 
60 
55 
36 
0 
44 
57 
14 
32 
56 
11 
60 
34 
12 
2 
13 
59 
48 
26 
0 
57 
15 
28 
11 
47 
32 
58 
4 
59 
55 
7 
17 
27 
7 
55 
10 
22 
7 
21 
38 
25 
28 
48 
59 
8 
57 
31 
37 
61 
40 
45 
29 
43 
20 
61 
30 
47 
31 
43 
37 
16 
2 
28 
38 
61 
7 
17 
45 
62 
0 
51 
48 
15 
5 
56 
14 
11 
17 
6 
49 
64 
37 
17 
49 
64 
60 
17 
1 
4 
26 
40 
54 
21 
8 
39 
35 
3 
63 
36 
49 
64 
21 
61 
31 
45 
37 
11 
23 
14 
44 
51 
17 
10 
48 
18 
31 
8 
32 
60 
55 
35 
45 
14 
4 
34 
29 
2 
0 
22 
62 
40 
45 
23 
44 
38 
45 
30 
1 
47 
13 
36 
63 
19 
50 
26 
18 
58 
34 
37 
15 
41 
17 
11 
33 
56 
16 
51 
34 
60 
51 
15 
39 
29 
48 
12 
42 
18 
1 
40 
17 
48 
51 
56 
38 
55 
24 
42 
4 
52 
41 
24 
55 
11 
26 
59 
21 
45 
58 
18 
23 
43 
5 
8 
18 
39 
62 
40 
57 
21 
32 
39 
27 
18 
0 
54 
2 
39 
16 
55 
35 
15 
24 
60 
45 
4 
50 
6 
61 
11 
28 
37 
28 
61 
37 
33 
3 
60 
47 
59 
7 
15 
0 
63 
12 
20 
58 
27 
40 
26 
52 
51 
48 
46 
57 
12 
32 
61 
19 
44 
17 
41 
58 
6 
52 
51 
62 
31 
18 
62 
23 
18 
55 
9 
16 
51 
0 
5 
24 
13 
39 
23 
36 
22 
40 
38 
58 
25 
4 
30 
48 
41 
1 
8 
3 
55 
46 
1 
40 
25 
18 
37 
16 
12 
63 
27 
40 
1 
18 
29 
16 
48 
41 
58 
3 
9 
18 
53 
13 
60 
27 
13 
62 
30 
41 
10 
14 
49 
22 
53 
43 
9 
24 
38 
39 
11 
6 
55 
37 
53 
22 
36 
43 
56 
23 
35 
22 
16 
58 
42 
59 
12 
38 
5 
21 
0 
49 
37 
44 
64 
16 
58 
9 
59 
20 
8 
0 
8 
12 
63 
55 
47 
37 
56 
