0.016100 
0.028700 
0.033900 
0.047600 
0.048000 
0.059400 
0.063000 
0.068200 
0.073600 
0.080200 
0.088300 
0.091100 
0.106100 
0.111300 
0.113600 
0.115000 
0.122700 
0.123200 
0.126600 
0.126800 
0.141900 
0.141900 
0.142700 
0.152800 
0.154600 
0.158300 
0.161000 
0.172700 
0.180400 
0.188500 
0.196400 
0.211100 
0.235300 
0.240400 
0.240400 
0.249300 
0.260500 
0.267300 
0.267700 
0.274200 
0.281100 
0.283100 
0.299800 
0.301400 
0.302600 
0.316400 
0.316400 
0.319200 
0.321100 
0.322800 
0.325700 
0.335200 
0.340500 
0.341300 
0.347700 
0.356900 
0.368200 
0.370300 
0.374700 
0.380500 
0.382200 
0.382900 
0.383200 
0.384000 
0.389600 
0.391500 
0.394000 
0.396600 
0.399000 
0.414500 
0.416900 
0.434800 
0.442000 
0.459400 
0.464500 
0.468800 
0.473300 
0.475100 
0.476200 
0.482800 
0.483000 
0.484000 
0.497000 
0.507900 
0.520700 
0.525300 
0.526900 
0.540000 
0.543400 
0.544800 
0.545500 
0.546300 
0.563000 
0.567800 
0.571200 
0.579100 
0.587600 
0.588100 
0.588700 
0.590600 
0.591300 
0.595100 
0.612700 
0.624600 
0.626000 
0.633100 
0.638300 
0.643600 
0.646400 
0.649300 
0.658100 
0.659000 
0.659900 
0.668100 
0.676800 
0.689500 
0.695600 
0.698900 
0.701300 
0.705900 
0.707100 
0.708300 
0.710800 
0.729400 
0.740800 
0.741000 
0.742100 
0.742300 
0.745500 
0.761900 
0.767700 
0.767800 
0.770500 
0.771100 
0.776100 
0.783700 
0.791300 
0.794600 
0.809800 
0.813600 
0.816700 
0.819100 
0.822500 
0.834200 
0.839700 
0.844000 
0.844200 
0.850300 
0.852400 
0.856000 
0.860200 
0.867100 
0.873200 
0.875400 
0.877100 
0.882400 
0.887200 
0.901900 
0.902400 
0.903800 
0.904200 
0.911400 
0.916200 
0.919000 
0.922500 
0.924000 
0.930400 
0.932800 
0.937900 
0.948500 
0.951100 
0.967400 
0.978900 
0.987700 
0.990900 
0.992300 
0.999300 
1.001800 
1.004100 
1.024300 
1.026400 
1.026900 
1.029800 
1.029800 
1.033200 
1.039600 
1.042400 
1.049000 
1.059400 
1.062800 
1.074300 
1.074400 
1.076800 
1.080700 
1.081300 
1.081900 
1.087200 
1.100300 
1.103700 
1.112300 
1.115700 
1.120600 
1.123000 
1.129500 
1.134900 
1.137200 
1.138200 
1.139000 
1.149600 
1.154600 
1.155500 
1.166800 
1.177200 
1.180100 
1.182400 
1.190800 
1.191700 
1.194900 
1.206000 
1.209200 
1.220400 
1.221000 
1.226600 
1.235800 
1.238500 
1.248000 
1.254100 
1.254700 
1.258300 
1.269500 
1.274700 
1.275700 
1.276800 
1.281100 
1.283300 
1.292000 
1.297100 
1.305600 
1.305800 
1.324000 
1.338700 
1.340700 
1.344300 
1.361200 
1.362400 
1.363800 
1.367200 
1.369000 
1.378200 
1.380900 
1.382600 
1.396500 
1.400900 
1.403600 
1.408900 
1.409900 
1.417400 
1.417600 
1.417800 
1.423200 
1.424700 
1.430400 
1.440000 
1.440700 
1.441800 
1.446000 
1.452900 
1.464000 
1.468300 
1.480500 
1.480800 
1.482900 
1.487100 
1.487400 
1.491100 
1.499700 
1.512900 
1.515500 
1.526600 
1.528100 
1.539300 
1.541800 
1.550700 
1.555200 
1.555700 
1.562100 
1.563900 
1.570000 
1.575900 
1.577500 
1.579900 
1.580900 
1.586600 
1.604600 
1.607100 
1.608600 
1.611800 
1.617600 
1.626700 
1.633200 
1.635300 
1.639900 
1.640700 
1.650000 
1.658600 
1.669500 
1.671100 
1.678100 
1.679500 
1.687800 
1.697800 
1.700500 
1.705000 
1.713600 
1.719800 
1.720000 
1.724000 
1.726300 
1.729500 
1.748900 
1.749900 
1.751700 
1.755300 
1.761000 
1.761400 
1.767600 
1.773200 
1.778600 
1.779100 
1.789700 
1.791500 
1.796000 
1.796700 
1.798700 
1.814300 
1.819800 
1.821000 
1.833700 
1.833900 
1.834400 
1.843000 
1.851700 
1.862300 
1.864600 
1.865000 
1.867800 
1.868500 
1.874600 
1.876100 
1.881900 
1.890000 
1.892400 
1.897800 
1.902400 
1.905300 
1.914700 
1.917600 
1.919300 
1.937500 
1.944700 
1.963000 
1.963700 
1.967900 
1.968700 
1.986200 
1.990900 
1.992900 
1.993100 
1.994700 
1.997900 
2.008000 
2.015200 
2.020000 
2.035200 
2.037500 
2.038400 
2.039300 
2.041900 
2.045100 
2.057100 
2.058900 
2.059100 
2.072400 
2.079800 
2.091700 
2.094400 
2.095800 
2.095800 
2.100000 
2.104900 
2.112300 
2.118100 
2.120400 
2.122000 
2.135900 
2.136700 
2.145100 
2.149200 
2.158700 
2.161600 
2.175100 
2.178700 
2.182600 
2.189200 
2.189500 
2.190200 
2.196900 
2.197700 
2.215400 
2.226400 
2.228900 
2.230800 
2.230800 
2.240600 
2.249500 
2.249900 
2.256100 
2.264800 
2.274600 
2.276200 
2.278500 
2.282000 
2.291600 
2.294200 
2.301100 
2.308900 
2.312500 
2.316500 
2.323100 
2.335800 
2.342000 
2.343800 
2.344300 
2.359600 
2.360600 
2.363800 
2.366200 
2.366900 
2.367900 
2.368500 
2.379100 
2.381800 
2.382000 
2.384700 
2.386000 
2.390700 
2.398000 
2.399700 
2.403500 
2.405700 
2.412700 
2.420000 
2.427700 
2.427800 
2.432600 
2.437000 
2.442700 
2.453800 
2.454900 
2.459400 
2.461900 
2.464200 
2.473100 
2.476900 
2.489400 
2.503800 
2.509300 
2.515700 
2.523100 
2.524100 
2.524700 
2.525700 
2.527500 
2.528200 
2.542100 
2.552000 
2.560900 
2.562800 
2.580000 
2.582400 
2.584800 
2.584900 
2.590800 
2.598400 
2.601600 
2.603900 
2.607300 
2.616000 
2.623400 
2.625100 
2.635200 
2.648500 
2.653900 
2.655700 
2.671200 
2.674200 
2.692400 
2.692500 
2.699800 
2.701400 
2.712500 
2.717300 
2.727400 
2.734500 
2.740200 
2.747200 
2.750500 
2.758500 
2.758700 
2.763900 
2.778200 
2.779000 
2.780300 
2.781000 
2.782500 
2.784000 
2.784500 
2.789900 
2.803900 
2.807200 
2.807600 
2.816000 
2.820200 
2.821600 
2.841000 
2.842600 
2.843000 
2.843700 
2.858400 
2.875500 
2.875500 
2.875600 
2.884100 
2.886400 
2.896300 
2.897500 
2.899600 
2.913700 
2.919400 
2.932600 
2.940300 
2.944800 
2.968000 
2.968600 
2.976000 
2.985500 
2.988300 
2.990900 
2.992600 
2.997600 
