161
172
150
156
150
142
156
151
161
161
157
151
161
157
165
165
157
155
167
170
157
159
147
158
157
158
162
160
149
167
146
167
170
134
168
159
159
152
150
163
163
161
155
164
157
151
135
150
164
160
156
168
134
160
162
153
155
150
156
155
151
162
169
163
156
133
136
140
155
163
144
147
163
154
154
158
157
161
141
162
150
159
150
163
153
150
144
162
164
159
157
160
159
172
148
170
165
150
158
136
178
142
162
150
169
160
153
159
163
173
165
165
146
163
134
153
173
156
144
150
154
149
161
147
165
161
153
152
154
153
163
156
157
164
152
159
140
147
164
162
140
166
158
160
148
161
157
158
154
162
162
153
142
156
153
170
158
153
166
152
170
163
164
157
148
160
156
166
153
160
157
157
162
153
155
158
153
161
150
153
149
164
168
147
156
7
3
3
6
2
4
7
9
16
8
3
6
1
0
1
6
7
3
7
5
2
2
7
7
7
10
6
2
8
8
7
8
3
5
3
2
4
1
5
8
4
4
5
2
1
5
10
1
7
10
5
5
7
10
7
6
5
1
6
3
2
10
1
5
6
9
5
4
4
5
6
0
1
3
2
11
3
4
8
5
4
3
6
10
6
18
9
8
9
4
3
6
0
5
1
4
3
13
10
2
6
1
9
19
2
6
17
5
12
3
12
9
4
2
2
8
1
11
6
2
11
2
1
2
9
10
2
4
1
6
11
3
0
7
4
3
4
3
3
6
8
6
10
3
11
5
4
9
5
0
6
2
1
11
2
10
2
2
2
14
2
0
3
9
6
4
8
6
1
9
6
7
13
8
0
5
6
3
3
4
8
9
0
5
8
10
6
6
11
4
2
8
9
4
4
10
4
4
3
4
3
8
3
4
3
7
0
9
11
1
5
6
2
7
6
6
6
4
8
4
5
2
4
14
7
1
1
12
7
4
0
9
19
3
5
1
3
5
5
1
4
12
1
4
10
2
5
4
16
1
9
9
6
13
5
9
4
1
5
3
2
2
5
1
11
0
5
6
1
3
6
5
2
7
0
1
3
7
1
3
2
5
6
1
8
9
17
3
6
2
13
9
5
13
6
5
7
8
12
2
5
6
9
4
3
6
3
3
9
6
1
5
6
3
5
1
2
0
14
2
6
5
12
12
6
5
3
10
5
3
4
8
5
5
5
2
4
11
3
5
2
7
6
2
9
4
8
3
1
2
0
10
4
3
2
2
4
0
14
3
5
6
10
1
11
5
8
1
5
3
2
7
5
7
5
2
10
1
6
3
17
4
10
10
7
2
7
7
7
4
4
8
2
14
10
10
11
7
5
11
3
6
13
0
7
4
5
2
4
7
3
11
6
4
7
2
2
4
0
7
3
5
7
10
8
6
11
10
6
12
4
9
2
2
3
8
3
4
3
3
3
4
5
4
7
17
8
3
5
3
5
4
11
7
2
1
0
3
8
11
5
6
18
3
4
15
1
1
8
8
12
5
15
10
2
5
6
8
6
3
5
6
0
4
6
1
3
3
16
5
1
8
11
2
8
3
6
2
7
6
3
2
2
8
3
3
5
1
2
9
2
3
2
5
17
4
11
5
1
17
3
12
10
2
3
9
8
3
9
5
1
1
5
10
5
4
5
2
5
2
11
12
6
3
4
3
10
7
9
10
0
7
4
7
8
6
