0.010800 
0.011900 
0.011900 
0.023700 
0.025300 
0.026900 
0.034100 
0.036500 
0.038400 
0.039800 
0.042200 
0.042500 
0.043700 
0.044000 
0.044300 
0.047300 
0.050500 
0.052300 
0.052400 
0.057200 
0.058900 
0.060500 
0.060700 
0.064300 
0.067700 
0.067800 
0.068100 
0.069400 
0.070500 
0.075300 
0.077700 
0.080800 
0.081400 
0.086400 
0.087900 
0.088800 
0.089600 
0.090900 
0.095400 
0.096500 
0.098500 
0.102800 
0.107200 
0.107900 
0.110100 
0.110800 
0.113200 
0.114400 
0.116300 
0.116800 
0.117400 
0.117900 
0.126000 
0.126600 
0.128900 
0.129900 
0.130600 
0.130800 
0.131700 
0.141100 
0.142600 
0.142800 
0.143800 
0.144900 
0.145100 
0.148300 
0.149100 
0.151900 
0.153000 
0.153300 
0.153400 
0.153800 
0.159800 
0.162300 
0.162600 
0.162900 
0.163400 
0.164500 
0.166700 
0.166800 
0.167900 
0.173700 
0.174100 
0.174800 
0.176600 
0.177400 
0.178000 
0.186200 
0.187100 
0.187600 
0.187700 
0.190200 
0.190600 
0.191300 
0.196600 
0.198900 
0.203200 
0.203500 
0.204500 
0.204500 
0.205000 
0.205900 
0.205900 
0.207600 
0.208100 
0.216600 
0.217500 
0.219600 
0.220000 
0.223800 
0.228700 
0.229900 
0.231400 
0.231800 
0.232500 
0.232900 
0.234100 
0.234100 
0.234700 
0.237800 
0.244200 
0.244700 
0.244800 
0.246300 
0.248000 
0.250700 
0.252900 
0.253300 
0.255600 
0.256500 
0.256500 
0.257000 
0.258600 
0.259700 
0.268800 
0.270400 
0.270600 
0.271900 
0.272000 
0.272500 
0.272600 
0.282100 
0.284900 
0.285000 
0.285000 
0.288000 
0.291300 
0.292600 
0.293500 
0.294500 
0.296700 
0.298000 
0.303200 
0.305600 
0.305900 
0.307500 
0.311000 
0.311700 
0.312600 
0.316900 
0.317500 
0.320000 
0.324500 
0.325100 
0.328200 
0.330500 
0.330700 
0.331200 
0.336500 
0.340900 
0.341800 
0.345300 
0.346400 
0.351600 
0.351800 
0.352500 
0.355200 
0.358200 
0.362600 
0.363800 
0.364900 
0.367200 
0.367700 
0.374400 
0.376900 
0.377500 
0.379900 
0.380000 
0.380200 
0.382100 
0.385600 
0.387700 
0.389500 
0.391000 
0.391500 
0.392500 
0.392900 
0.395400 
0.397900 
0.400700 
0.401800 
0.402800 
0.406400 
0.407600 
0.408800 
0.410000 
0.411200 
0.412200 
0.417200 
0.417600 
0.420000 
0.420700 
0.423500 
0.430200 
0.431500 
0.433100 
0.435500 
0.439500 
0.441100 
0.442600 
0.444000 
0.446700 
0.447500 
0.447800 
0.449700 
0.454600 
0.459200 
0.467800 
0.468200 
0.468600 
0.468700 
0.470900 
0.474500 
0.474700 
0.476000 
0.478900 
0.479500 
0.479600 
0.480700 
0.483700 
0.487500 
0.488700 
0.492100 
0.492500 
0.492900 
0.493800 
0.494000 
0.501100 
0.507400 
0.507500 
0.508000 
0.515500 
0.517100 
0.518400 
0.522400 
0.522800 
0.524000 
0.524900 
0.528900 
0.529200 
0.531300 
0.531600 
0.534000 
0.540000 
0.542600 
0.542900 
0.544900 
0.549500 
0.550600 
0.550900 
0.553200 
0.555300 
0.557600 
0.558300 
0.560700 
0.561400 
0.561500 
0.562000 
0.565600 
0.567100 
0.567400 
0.575100 
0.578900 
0.578900 
0.581400 
0.581800 
0.584000 
0.584800 
0.586900 
0.588500 
0.594500 
0.596000 
0.597400 
0.600000 
0.600300 
0.600600 
0.605500 
0.606400 
0.606500 
0.606700 
0.606900 
0.609600 
0.615000 
0.617400 
0.619600 
0.620700 
0.621400 
0.621500 
0.621700 
0.622100 
0.623700 
0.627900 
0.628700 
0.631600 
0.634900 
0.637100 
0.640800 
0.641300 
0.642700 
0.644800 
0.647300 
0.649500 
0.650900 
0.651100 
0.656900 
0.657100 
0.657200 
0.657300 
0.658100 
0.668300 
0.669700 
0.671000 
0.673700 
0.674700 
0.676600 
0.677000 
0.680100 
0.680900 
0.681100 
0.687000 
0.688600 
0.688600 
0.694600 
0.694800 
0.696600 
0.697600 
0.697800 
0.699200 
0.699700 
0.699900 
0.703900 
0.706000 
0.707700 
0.708000 
0.709900 
0.711900 
0.718300 
0.718600 
0.720400 
0.721100 
0.721400 
0.721800 
0.722000 
0.724300 
0.725600 
0.725900 
0.729000 
0.733100 
0.733800 
0.734000 
0.736500 
0.738800 
0.745200 
0.747300 
0.747800 
0.749200 
0.750100 
0.751500 
0.753800 
0.756800 
0.758900 
0.760000 
0.760200 
0.764100 
0.764300 
0.767800 
0.768200 
0.768600 
0.769800 
0.770900 
0.773300 
0.775400 
0.776000 
0.780100 
0.783800 
0.789800 
0.791200 
0.792500 
0.797100 
0.797400 
0.799500 
0.803300 
0.803400 
0.804000 
0.805300 
0.810300 
0.810700 
0.811700 
0.814900 
0.815800 
0.819000 
0.822700 
0.824000 
0.826400 
0.827100 
0.830500 
0.831100 
0.834400 
0.834700 
0.842900 
0.843400 
0.844200 
0.845400 
0.845700 
0.847000 
0.848300 
0.849500 
0.851600 
0.852700 
0.854200 
0.854600 
0.854900 
0.860400 
0.867600 
0.868400 
0.869800 
0.870900 
0.872200 
0.873400 
0.874800 
0.875000 
0.877000 
0.881000 
0.881000 
0.884300 
0.884600 
0.886400 
0.888000 
0.891600 
0.894000 
0.894000 
0.894500 
0.902000 
0.903600 
0.906100 
0.907300 
0.907800 
0.908600 
0.914200 
0.915200 
0.915700 
0.917000 
0.919400 
0.921500 
0.922900 
0.925300 
0.925400 
0.926200 
0.926800 
0.927400 
0.928200 
0.931300 
0.934200 
0.937100 
0.937700 
0.937900 
0.940900 
0.941100 
0.941500 
0.942100 
0.942900 
0.943900 
0.948000 
0.952000 
0.952400 
0.953000 
0.954500 
0.954800 
0.955600 
0.957300 
0.959900 
0.961800 
0.965200 
0.967000 
0.970700 
0.971500 
0.971700 
0.972700 
0.974800 
0.979200 
0.981300 
0.982700 
0.984200 
0.986900 
0.988600 
0.991200 
0.993000 
0.993100 
0.993200 
0.994100 
0.998600 
0.999300 
1.002400 
1.004100 
1.005700 
1.008300 
1.012100 
1.012500 
1.013100 
1.014200 
1.016400 
1.017700 
1.022300 
1.022400 
1.023400 
1.026300 
1.026700 
1.027600 
1.030200 
1.036000 
1.039800 
1.039800 
1.039900 
1.045900 
1.046900 
1.051200 
1.052000 
1.052300 
1.053800 
1.056600 
1.057300 
1.059300 
1.065400 
1.066000 
1.066500 
1.069400 
1.071100 
1.071700 
1.072200 
1.073900 
1.074900 
1.076200 
1.080300 
1.080700 
1.084400 
1.087000 
1.088500 
1.088700 
1.090400 
1.091900 
1.094100 
1.096300 
1.097500 
1.098300 
1.101900 
1.102800 
1.102900 
1.104500 
1.104500 
1.107100 
1.115700 
1.117000 
1.117700 
1.121600 
1.123100 
1.123500 
1.126800 
1.128200 
1.129400 
1.133500 
1.134500 
1.140300 
1.141200 
1.143300 
1.145800 
1.147900 
1.149300 
1.150100 
1.150300 
1.156000 
1.157300 
1.160000 
1.164200 
1.164400 
1.165900 
1.166200 
1.166600 
1.176000 
1.176700 
1.176800 
1.183100 
1.183800 
1.186000 
1.188800 
1.189000 
1.189400 
1.189700 
1.190500 
1.197800 
1.198200 
1.202800 
1.203700 
1.205400 
1.205500 
1.211400 
1.211600 
1.212400 
1.216200 
1.217800 
1.217800 
1.222000 
1.225100 
1.226700 
1.230100 
1.236200 
1.236400 
1.240500 
1.242700 
1.243500 
1.244400 
1.246500 
1.246700 
1.249500 
1.251100 
1.255600 
1.257200 
1.258500 
1.259000 
1.259500 
1.259600 
1.260200 
1.263400 
1.269100 
1.269300 
1.273300 
1.273900 
1.274200 
1.275500 
1.275800 
1.275900 
1.279600 
1.282600 
1.284600 
1.284800 
1.285600 
1.285600 
1.286400 
1.287100 
1.287500 
1.293600 
1.295900 
1.295900 
1.296300 
1.297300 
1.298300 
1.306400 
1.306800 
1.307000 
1.307800 
1.307900 
1.309900 
1.311200 
1.312200 
1.318500 
1.322200 
1.323600 
1.323600 
1.324100 
1.324600 
1.325500 
1.328400 
1.331100 
1.332000 
1.332200 
1.335300 
1.335600 
1.340600 
1.342100 
1.342200 
1.344600 
1.345200 
1.348900 
1.350400 
1.352600 
1.355900 
1.356500 
1.357200 
1.360100 
1.362700 
1.367600 
1.372700 
1.372900 
1.373400 
1.374400 
1.376300 
1.379100 
1.379300 
1.380000 
1.382400 
1.383700 
1.388500 
1.389800 
1.390600 
1.392100 
1.395900 
1.401600 
1.403900 
1.404700 
1.406200 
1.407600 
1.412100 
1.417000 
1.418300 
1.419200 
1.421100 
1.421700 
1.425100 
1.425300 
1.427400 
1.428200 
1.431200 
1.434300 
1.435000 
1.437100 
1.439400 
1.440300 
1.444000 
1.444600 
1.444700 
1.449000 
1.451700 
1.454600 
1.458700 
1.462800 
1.464800 
1.465300 
1.467500 
1.468100 
1.468800 
1.472000 
1.475200 
1.475900 
1.479500 
1.479600 
1.480600 
1.481700 
1.482200 
1.487600 
1.489400 
1.491800 
1.494600 
1.494700 
1.495800 
1.496800 
1.498600 
1.499100 
1.500900 
1.506200 
1.506800 
1.515200 
1.517200 
1.517500 
1.517800 
1.521000 
1.523900 
1.528600 
1.529300 
1.531400 
1.533000 
1.534300 
1.536900 
1.537200 
1.539200 
1.539800 
1.542100 
1.548000 
1.549900 
1.551800 
1.554200 
1.555600 
1.559500 
1.560000 
1.560900 
1.565400 
1.566600 
1.571400 
1.571800 
1.575000 
1.575800 
1.576400 
1.576700 
1.578500 
1.579200 
1.579300 
1.579500 
1.579700 
1.583700 
1.584300 
1.588700 
1.591200 
1.592800 
1.593800 
1.594000 
1.594100 
1.596400 
1.597900 
1.601000 
1.603400 
1.603500 
1.603800 
1.604600 
1.609900 
1.613000 
1.614800 
1.616100 
1.616400 
1.617100 
1.618400 
1.620800 
1.625900 
1.627500 
1.632100 
1.633800 
1.634800 
1.635600 
1.637800 
1.639900 
1.640400 
1.641500 
1.645700 
1.646800 
1.647000 
1.649300 
1.651200 
1.653300 
1.656600 
1.656900 
1.657300 
1.662700 
1.664300 
1.664700 
1.665200 
1.668600 
1.669800 
1.675500 
1.676100 
1.676900 
1.678000 
1.680700 
1.683600 
1.684100 
1.685200 
1.687000 
1.690800 
1.697700 
1.698400 
1.699200 
1.700000 
1.700700 
1.700800 
1.701800 
1.702400 
1.709000 
1.711000 
1.711400 
1.713700 
1.714000 
1.715800 
1.716100 
1.716500 
1.722500 
1.723100 
1.725200 
1.729200 
1.731600 
1.734900 
1.738400 
1.740800 
1.741200 
1.741900 
1.742500 
1.744900 
1.748400 
1.751000 
1.752200 
1.753400 
1.756900 
1.758300 
1.758600 
1.760200 
1.762700 
1.763800 
1.764400 
1.768100 
1.769100 
1.769900 
1.773100 
1.775500 
1.777500 
1.778500 
1.779400 
1.779500 
1.781300 
1.782900 
1.783000 
1.786400 
1.788400 
1.791200 
1.792000 
1.792600 
1.794800 
1.798300 
1.799500 
1.799700 
1.801000 
1.804900 
1.805000 
1.806200 
1.809200 
1.811100 
1.814100 
1.817200 
1.817600 
1.817800 
1.818000 
1.821800 
1.821800 
1.824800 
1.825500 
1.832200 
1.832400 
1.832900 
1.833200 
1.835500 
1.836800 
1.837400 
1.837500 
1.838000 
1.845400 
1.846500 
1.849900 
1.850900 
1.852400 
1.855500 
1.855800 
1.858700 
1.860200 
1.863200 
1.863300 
1.864500 
1.867600 
1.868200 
1.874400 
1.875700 
1.877200 
1.878100 
1.880400 
1.882000 
1.882400 
1.887000 
1.888300 
1.889900 
1.892800 
1.893500 
1.894200 
1.896400 
1.898300 
1.900900 
1.901100 
1.901600 
1.902500 
1.906200 
1.908000 
1.908500 
1.910200 
1.911200 
1.912900 
1.918100 
1.919300 
1.920800 
1.923500 
1.927400 
1.928700 
1.933200 
1.935100 
1.937300 
1.940000 
1.942000 
1.942400 
1.945000 
1.947300 
1.949100 
1.949600 
1.949600 
1.950600 
1.952300 
1.954100 
1.955200 
1.956100 
1.959600 
1.962000 
1.963500 
1.963900 
1.964400 
1.965100 
1.965700 
1.966200 
1.974200 
1.975500 
1.975500 
1.977700 
1.977700 
1.978700 
1.986000 
1.986700 
1.987100 
1.990100 
1.995200 
1.997100 
1.997200 
1.997700 
1.998800 
1.999100 
2.002800 
2.004400 
2.006100 
2.008100 
2.011600 
2.013600 
2.022400 
2.022900 
2.024700 
2.025400 
2.032700 
2.034100 
2.034700 
2.037000 
2.037900 
2.041900 
2.043400 
2.043400 
2.044800 
2.044900 
2.046300 
2.046600 
2.049400 
2.050800 
2.053700 
2.053900 
2.056600 
2.059500 
2.061900 
2.067600 
2.068800 
2.069200 
2.070000 
2.071400 
2.076400 
2.079500 
2.080200 
2.081500 
2.086800 
2.088800 
2.089500 
2.090000 
2.093300 
2.096900 
2.099200 
2.100700 
2.103200 
2.103400 
2.107200 
2.110000 
2.115200 
2.116600 
2.118500 
2.118500 
2.119900 
2.120300 
2.120500 
2.123600 
2.125200 
2.127500 
2.128100 
2.130900 
2.137900 
2.139600 
2.140000 
2.140100 
2.141500 
2.145300 
2.145800 
2.147900 
2.148000 
2.148600 
2.151600 
2.159600 
2.161400 
2.162500 
2.163100 
2.163200 
2.169100 
2.174900 
2.175200 
2.175900 
2.176200 
2.176800 
2.177500 
2.179500 
2.181500 
2.184000 
2.185300 
2.188400 
2.190600 
2.191000 
2.191700 
2.193000 
2.199600 
2.200900 
2.201700 
2.208300 
2.210200 
2.211000 
2.213000 
2.213700 
2.216300 
2.223800 
2.224400 
2.224700 
2.225900 
2.228300 
2.231400 
2.233100 
2.233400 
2.237400 
2.238300 
2.248900 
2.249300 
2.251000 
2.253800 
2.254300 
2.255000 
2.258100 
2.258100 
2.260500 
2.261700 
2.263600 
2.267500 
2.268200 
2.270200 
2.272600 
2.273000 
2.273300 
2.275100 
2.276700 
2.277200 
2.279300 
2.280800 
2.286000 
2.287000 
2.288700 
2.294900 
2.296400 
2.297900 
2.298500 
2.301200 
2.302800 
2.302800 
2.303300 
2.304700 
2.308100 
2.309400 
2.310000 
2.311100 
2.312400 
2.312600 
2.315400 
2.317200 
2.317300 
2.320900 
2.321700 
2.322100 
2.325400 
2.325800 
2.327300 
2.328400 
2.329200 
2.332400 
2.336000 
2.336500 
2.337800 
2.341800 
2.343300 
2.344700 
2.348300 
2.349100 
2.351200 
2.353300 
2.355200 
2.358800 
2.358900 
2.359600 
2.364300 
2.365500 
2.365500 
2.365800 
2.368100 
2.372900 
2.374400 
2.374600 
2.376200 
2.377800 
2.379600 
2.380600 
2.382900 
2.384600 
2.385000 
2.385900 
2.386100 
2.388100 
2.391400 
2.393500 
2.398100 
2.398900 
2.399200 
2.400700 
2.401100 
2.404700 
2.405000 
2.407700 
2.409500 
2.409800 
2.411100 
2.411600 
2.411800 
2.419700 
2.421200 
2.421700 
2.421800 
2.422100 
2.422700 
2.424500 
2.426500 
2.427700 
2.427700 
2.430800 
2.432900 
2.433000 
2.433300 
2.438000 
2.441300 
2.442900 
2.445200 
2.445600 
2.446400 
2.447200 
2.447400 
2.454000 
2.455800 
2.455800 
2.458200 
2.462300 
2.463300 
2.464300 
2.465100 
2.467700 
2.468200 
2.471100 
2.471600 
2.472900 
2.473100 
2.474100 
2.476500 
2.480800 
2.481900 
2.484100 
2.487200 
2.488900 
2.489700 
2.490500 
2.493400 
2.493800 
2.494200 
2.494800 
2.498700 
2.499300 
2.501700 
2.501900 
2.502300 
2.503600 
2.509400 
2.512700 
2.514700 
2.520100 
2.521500 
2.521600 
2.529100 
2.532700 
2.532700 
2.533300 
2.533600 
2.535600 
2.538800 
2.540900 
2.541900 
2.542800 
2.543200 
2.545500 
2.547700 
2.547700 
2.548500 
2.548500 
2.548600 
2.550200 
2.552200 
2.552900 
2.553800 
2.556300 
2.558500 
2.560600 
2.563300 
2.564200 
2.564500 
2.567600 
2.568900 
2.568900 
2.577300 
2.579200 
2.583400 
2.583800 
2.583800 
2.585700 
2.589200 
2.589400 
2.590300 
2.590900 
2.591400 
2.591800 
2.599000 
2.601500 
2.602700 
2.605000 
2.605200 
2.605500 
2.605800 
2.607200 
2.613600 
2.614300 
2.614700 
2.616500 
2.616800 
2.617900 
2.619100 
2.623900 
2.626800 
2.627700 
2.630500 
2.632700 
2.637000 
2.637700 
2.638200 
2.638200 
2.639600 
2.644600 
2.645500 
2.648700 
2.651000 
2.651700 
2.652300 
2.652700 
2.663900 
2.664500 
2.664700 
2.667400 
2.670200 
2.671000 
2.673900 
2.674500 
2.674500 
2.677700 
2.679000 
2.680100 
2.681700 
2.684900 
2.687800 
2.689800 
2.690100 
2.694300 
2.697200 
2.700400 
2.701000 
2.701300 
2.702100 
2.702200 
2.702300 
2.702700 
2.703300 
2.708000 
2.712200 
2.712500 
2.712600 
2.714800 
2.716400 
2.724300 
2.726100 
2.728600 
2.730700 
2.731700 
2.732100 
2.734000 
2.738200 
2.741500 
2.742200 
2.742600 
2.742800 
2.743700 
2.746100 
2.747200 
2.747300 
2.748200 
2.748400 
2.749400 
2.750500 
2.753200 
2.755100 
2.757600 
2.759500 
2.760800 
2.763200 
2.763200 
2.763200 
2.769900 
2.770600 
2.770900 
2.771100 
2.771900 
2.772600 
2.777100 
2.779600 
2.782800 
2.786600 
2.787100 
2.791200 
2.792900 
2.795400 
2.796300 
2.797800 
2.799800 
2.803500 
2.804100 
2.805600 
2.806700 
2.807800 
2.808300 
2.809300 
2.809600 
2.812300 
2.813300 
2.814300 
2.815000 
2.815600 
2.817100 
2.819300 
2.821400 
2.823800 
2.823800 
2.825700 
2.828800 
2.835100 
2.839400 
2.839700 
2.841100 
2.843400 
2.843600 
2.845400 
2.849100 
2.852900 
2.854400 
2.854600 
2.854700 
2.855200 
2.858000 
2.861200 
2.861200 
2.863200 
2.865400 
2.867000 
2.873700 
2.877600 
2.878000 
2.880100 
2.880500 
2.880500 
2.881000 
2.886000 
2.889500 
2.891300 
2.894400 
2.896100 
2.899600 
2.900000 
2.902700 
2.904800 
2.904900 
2.905100 
2.907400 
2.907600 
2.910600 
2.912800 
2.915600 
2.917300 
2.918900 
2.919300 
2.919900 
2.927500 
2.929400 
2.930600 
2.930900 
2.931100 
2.933300 
2.933900 
2.936600 
2.939500 
2.940300 
2.944400 
2.945300 
2.949000 
2.949100 
2.949200 
2.950900 
2.954400 
2.955900 
2.960300 
2.960600 
2.960700 
2.966600 
2.968500 
2.971100 
2.973400 
2.973400 
2.974000 
2.975100 
2.976300 
2.978200 
2.979700 
2.980000 
2.982100 
2.984100 
2.985800 
2.988800 
2.991400 
2.994700 
2.997900 
2.998900 
