0.035200 
0.040200 
0.040700 
0.041800 
0.050400 
0.052700 
0.055800 
0.057900 
0.059900 
0.059900 
0.062700 
0.073500 
0.074600 
0.075300 
0.075800 
0.077900 
0.086100 
0.086700 
0.087400 
0.089300 
0.091200 
0.097700 
0.099500 
0.101800 
0.103100 
0.103100 
0.108300 
0.112000 
0.116200 
0.116600 
0.117300 
0.120000 
0.120200 
0.126300 
0.126400 
0.129300 
0.129800 
0.130600 
0.131000 
0.132800 
0.133000 
0.140000 
0.140500 
0.142500 
0.143000 
0.143500 
0.145300 
0.146100 
0.148800 
0.149400 
0.154100 
0.160400 
0.161100 
0.162300 
0.162600 
0.162700 
0.165200 
0.166800 
0.170500 
0.174100 
0.175300 
0.175600 
0.179900 
0.180700 
0.181000 
0.184100 
0.185400 
0.190400 
0.193800 
0.196000 
0.196100 
0.196400 
0.196500 
0.200700 
0.203300 
0.209700 
0.212800 
0.213100 
0.213700 
0.213800 
0.214400 
0.223200 
0.223700 
0.225700 
0.226400 
0.229500 
0.229600 
0.230500 
0.230700 
0.231400 
0.232500 
0.232500 
0.233800 
0.236600 
0.248700 
0.253100 
0.260100 
0.260100 
0.261600 
0.265300 
0.270400 
0.273000 
0.273100 
0.273300 
0.276200 
0.280400 
0.283800 
0.283900 
0.285800 
0.286600 
0.288200 
0.288900 
0.289000 
0.296400 
0.301100 
0.301400 
0.302100 
0.302700 
0.303000 
0.304700 
0.307800 
0.309900 
0.311400 
0.314300 
0.314900 
0.316200 
0.320300 
0.320900 
0.324000 
0.331600 
0.333600 
0.335000 
0.335500 
0.335700 
0.336400 
0.341900 
0.345100 
0.348600 
0.352200 
0.352200 
0.352700 
0.353100 
0.358400 
0.358800 
0.362900 
0.379000 
0.380200 
0.381300 
0.383000 
0.389700 
0.390000 
0.391500 
0.391600 
0.392000 
0.394100 
0.394500 
0.398300 
0.399400 
0.402600 
0.404600 
0.405800 
0.406600 
0.410400 
0.411600 
0.419500 
0.420000 
0.423800 
0.424100 
0.425400 
0.426500 
0.426900 
0.430400 
0.436600 
0.437400 
0.444100 
0.452000 
0.452600 
0.454600 
0.455300 
0.459100 
0.461400 
0.461600 
0.462600 
0.464700 
0.466100 
0.469300 
0.470000 
0.472800 
0.474200 
0.474700 
0.476300 
0.480500 
0.484700 
0.485400 
0.488200 
0.491400 
0.494500 
0.495100 
0.496400 
0.497000 
0.497100 
0.502200 
0.505500 
0.506300 
0.512100 
0.513900 
0.514100 
0.516800 
0.522200 
0.522500 
0.524700 
0.528100 
0.531800 
0.534600 
0.534700 
0.535000 
0.535900 
0.537600 
0.541000 
0.543600 
0.544800 
0.548800 
0.549500 
0.556200 
0.559700 
0.560100 
0.560700 
0.562300 
0.562500 
0.565000 
0.567100 
0.567500 
0.574800 
0.584100 
0.585000 
0.588500 
0.589400 
0.590100 
0.591800 
0.595500 
0.596600 
0.598900 
0.602400 
0.602400 
0.603000 
0.603600 
0.603800 
0.605400 
0.606100 
0.611400 
0.613400 
0.618300 
0.619100 
0.620000 
0.620300 
0.620800 
0.622200 
0.623400 
0.625100 
0.628400 
0.628500 
0.629200 
0.637400 
0.645800 
0.648400 
0.651600 
0.652700 
0.653000 
0.656000 
0.660200 
0.661500 
0.664300 
0.665700 
0.666400 
0.669400 
0.671000 
0.671100 
0.672400 
0.673100 
0.676300 
0.677700 
0.677900 
0.679700 
0.681900 
0.687400 
0.691300 
0.691700 
0.692000 
0.694900 
0.695500 
0.697300 
0.701300 
0.702000 
0.703800 
0.704100 
0.707300 
0.708400 
0.712800 
0.716500 
0.722100 
0.723400 
0.726700 
0.727400 
0.728500 
0.733000 
0.736800 
0.741900 
0.743500 
0.746800 
0.749100 
0.753000 
0.755200 
0.756500 
0.756600 
0.762500 
0.763700 
0.764500 
0.767400 
0.768400 
0.769600 
0.770400 
0.772900 
0.777100 
0.780400 
0.780400 
0.781400 
0.783900 
0.792300 
0.793400 
0.795900 
0.796500 
0.796700 
0.799600 
0.803600 
0.812800 
0.814500 
0.817700 
0.820400 
0.820500 
0.824200 
0.829400 
0.834000 
0.834700 
0.835100 
0.835500 
0.839500 
0.842700 
0.849200 
0.849300 
0.853300 
0.854500 
0.855600 
0.856700 
0.857600 
0.859000 
0.859400 
0.862500 
0.863400 
0.865000 
0.865900 
0.866200 
0.867000 
0.871800 
0.872400 
0.876500 
0.877200 
0.878100 
0.881500 
0.887500 
0.889200 
0.889600 
0.891000 
0.891200 
0.892700 
0.900600 
0.904100 
0.905200 
0.907400 
0.914800 
0.916400 
0.918100 
0.918200 
0.918600 
0.922000 
0.923200 
0.927100 
0.928100 
0.928800 
0.929000 
0.930100 
0.933100 
0.934900 
0.935500 
0.936400 
0.938800 
0.945500 
0.957400 
0.958100 
0.959400 
0.963300 
0.963400 
0.964800 
0.967100 
0.972000 
0.972500 
0.972800 
0.973500 
0.974000 
0.974100 
0.975300 
0.976400 
0.976700 
0.984200 
0.986800 
0.992000 
0.992300 
0.992400 
0.992400 
0.993600 
0.994100 
0.994500 
0.996200 
0.997200 
1.002000 
1.002800 
1.003000 
1.005900 
1.007000 
1.010400 
1.011800 
1.013200 
1.015600 
1.018300 
1.018300 
1.020400 
1.028600 
1.030600 
1.034100 
1.036500 
1.036600 
1.040300 
1.040400 
1.045100 
1.046900 
1.050000 
1.050600 
1.051700 
1.056100 
1.056400 
1.057000 
1.059300 
1.063900 
1.064300 
1.065300 
1.065400 
1.066000 
1.067600 
1.069200 
1.075300 
1.076300 
1.084000 
1.087900 
1.093800 
1.096300 
1.097600 
1.097800 
1.098200 
1.100700 
1.101400 
1.105200 
1.108100 
1.109600 
1.112200 
1.112300 
1.112600 
1.113600 
1.118700 
1.118800 
1.120900 
1.123100 
1.130900 
1.134500 
1.135400 
1.141100 
1.143600 
1.144600 
1.146500 
1.147500 
1.148200 
1.148300 
1.148600 
1.151300 
1.152600 
1.153100 
1.153200 
1.159900 
1.160100 
1.163100 
1.169000 
1.173500 
1.174300 
1.174700 
1.179100 
1.181600 
1.183700 
1.186800 
1.190700 
1.191900 
1.194600 
1.194900 
1.200200 
1.201500 
1.202800 
1.204800 
1.205500 
1.207600 
1.211300 
1.211900 
1.214400 
1.219100 
1.219700 
1.222400 
1.223000 
1.224000 
1.224200 
1.225400 
1.227900 
1.228700 
1.229900 
1.238300 
1.240900 
1.243200 
1.244200 
1.249900 
1.257100 
1.259000 
1.259800 
1.260500 
1.261900 
1.268500 
1.269400 
1.273200 
1.274000 
1.274500 
1.275700 
1.277500 
1.280400 
1.281400 
1.283300 
1.283700 
1.284000 
1.284100 
1.285600 
1.288700 
1.289500 
1.292900 
1.294200 
1.298600 
1.298800 
1.301400 
1.301400 
1.302400 
1.303300 
1.304600 
1.306200 
1.308600 
1.310600 
1.311300 
1.312500 
1.313600 
1.317300 
1.318200 
1.324500 
1.324900 
1.325800 
1.326800 
1.327200 
1.328000 
1.328300 
1.328900 
1.330300 
1.333300 
1.333700 
1.333800 
1.336900 
1.341900 
1.345700 
1.352200 
1.352300 
1.356800 
1.357100 
1.357900 
1.359900 
1.363500 
1.368400 
1.377300 
1.377700 
1.381000 
1.381900 
1.382600 
1.384800 
1.385100 
1.385200 
1.388500 
1.390000 
1.391000 
1.392500 
1.394700 
1.395100 
1.397200 
1.398000 
1.404800 
1.408900 
1.414700 
1.416000 
1.418000 
1.418200 
1.419600 
1.420800 
1.421100 
1.421600 
1.423100 
1.424700 
1.426900 
1.428000 
1.432600 
1.433000 
1.434000 
1.435600 
1.436000 
1.436400 
1.445400 
1.450100 
1.450100 
1.451900 
1.453000 
1.454000 
1.454200 
1.455100 
1.457100 
1.457700 
1.461700 
1.464400 
1.467400 
1.469200 
1.472600 
1.473800 
1.474500 
1.475400 
1.478800 
1.479000 
1.484800 
1.487800 
1.488500 
1.488900 
1.489600 
1.492400 
1.492900 
1.493600 
1.499000 
1.499200 
1.502300 
1.502500 
1.511800 
1.511900 
1.512900 
1.513000 
1.515400 
1.516900 
1.523300 
1.524500 
1.525500 
1.527800 
1.533400 
1.534500 
1.535900 
1.536000 
1.537200 
1.540700 
1.543200 
1.543500 
1.544000 
1.549600 
1.550300 
1.553400 
1.554000 
1.557500 
1.562900 
1.565000 
1.566000 
1.570500 
1.572100 
1.574100 
1.576900 
1.576900 
1.578400 
1.578500 
1.580400 
1.581700 
1.583600 
1.584000 
1.584400 
1.585300 
1.585500 
1.586100 
1.589100 
1.589400 
1.590200 
1.592200 
1.596400 
1.597400 
1.607600 
1.609200 
1.609900 
1.611600 
1.612000 
1.617700 
1.621400 
1.622100 
1.627100 
1.627200 
1.627200 
1.628200 
1.628400 
1.628900 
1.633500 
1.634400 
1.637900 
1.638900 
1.643500 
1.646100 
1.646400 
1.646800 
1.646900 
1.650500 
1.657300 
1.657400 
1.662100 
1.664800 
1.667300 
1.668100 
1.670800 
1.671900 
1.676900 
1.677600 
1.681500 
1.681700 
1.683900 
1.684000 
1.686900 
1.687000 
1.687100 
1.689400 
1.690000 
1.692000 
1.703100 
1.704800 
1.707200 
1.707800 
1.708800 
1.713300 
1.716400 
1.718600 
1.720000 
1.721200 
1.722900 
1.722900 
1.724100 
1.725700 
1.726700 
1.728300 
1.728400 
1.730400 
1.732100 
1.735100 
1.737000 
1.739500 
1.741400 
1.746500 
1.747700 
1.748300 
1.749600 
1.753600 
1.756200 
1.758000 
1.763600 
1.763700 
1.764700 
1.771500 
1.771600 
1.772300 
1.773400 
1.777300 
1.779200 
1.781600 
1.783200 
1.783400 
1.784200 
1.785700 
1.788900 
1.789100 
1.789500 
1.790900 
1.791500 
1.794300 
1.797700 
1.801500 
1.801700 
1.802700 
1.808300 
1.808700 
1.808800 
1.810100 
1.811400 
1.816100 
1.824800 
1.827100 
1.827900 
1.828300 
1.829700 
1.833300 
1.833800 
1.834100 
1.840400 
1.843000 
1.844000 
1.844000 
1.850200 
1.850700 
1.851200 
1.854000 
1.856400 
1.858400 
1.859400 
1.860800 
1.861400 
1.861400 
1.862300 
1.864600 
1.868700 
1.871200 
1.876600 
1.877700 
1.881700 
1.883800 
1.885100 
1.889500 
1.891200 
1.893700 
1.900000 
1.904600 
1.905700 
1.907600 
1.908100 
1.911100 
1.912000 
1.912400 
1.913000 
1.918200 
1.920300 
1.920600 
1.924800 
1.928200 
1.933500 
1.933700 
1.934700 
1.939600 
1.941400 
1.942200 
1.942500 
1.942600 
1.942900 
1.945600 
1.947300 
1.948200 
1.949100 
1.955200 
1.962300 
1.962300 
1.965900 
1.967700 
1.968000 
1.972100 
1.975000 
1.975100 
1.975400 
1.980400 
1.981200 
1.981500 
1.981700 
1.983000 
1.986100 
1.989400 
1.990500 
1.993900 
1.998800 
2.002900 
2.003000 
2.008800 
2.009300 
2.012300 
2.012800 
2.014100 
2.020800 
2.024500 
2.025100 
2.027000 
2.029400 
2.030100 
2.032900 
2.045900 
2.046700 
2.046800 
2.046900 
2.047000 
2.049800 
2.050200 
2.050400 
2.050600 
2.050600 
2.052200 
2.055100 
2.056100 
2.056500 
2.059500 
2.059600 
2.061600 
2.063100 
2.066800 
2.067500 
2.068100 
2.070500 
2.072500 
2.076600 
2.077500 
2.078800 
2.083600 
2.085600 
2.091200 
2.091300 
2.094600 
2.096200 
2.099100 
2.102000 
2.104100 
2.111600 
2.112200 
2.113100 
2.113700 
2.116700 
2.119100 
2.120100 
2.122300 
2.122700 
2.128700 
2.129000 
2.129500 
2.130100 
2.132200 
2.137100 
2.138400 
2.143600 
2.147300 
2.148400 
2.153700 
2.153700 
2.153900 
2.154400 
2.156800 
2.158000 
2.158000 
2.158400 
2.158700 
2.161300 
2.164900 
2.165900 
2.168600 
2.171300 
2.176700 
2.177600 
2.178300 
2.179300 
2.180400 
2.182600 
2.186300 
2.188400 
2.189900 
2.191700 
2.192900 
2.195300 
2.205000 
2.208300 
2.208800 
2.209000 
2.209700 
2.214500 
2.217600 
2.217800 
2.219300 
2.220200 
2.223900 
2.224100 
2.225100 
2.225600 
2.226900 
2.229300 
2.230700 
2.233300 
2.233700 
2.235600 
2.237300 
2.244200 
2.249300 
2.250700 
2.251800 
2.253900 
2.255200 
2.261300 
2.265300 
2.265800 
2.266300 
2.269500 
2.270200 
2.270400 
2.270700 
2.272500 
2.273200 
2.277500 
2.279600 
2.282200 
2.283700 
2.284900 
2.286900 
2.287300 
2.294700 
2.296000 
2.296600 
2.298000 
2.300700 
2.301000 
2.306200 
2.306700 
2.307300 
2.307500 
2.307900 
2.308800 
2.311900 
2.312100 
2.312400 
2.313800 
2.316400 
2.321400 
2.324500 
2.326000 
2.326900 
2.327800 
2.328200 
2.336800 
2.338100 
2.338800 
2.342000 
2.346800 
2.348300 
2.348300 
2.349500 
2.352700 
2.353300 
2.356300 
2.356800 
2.358700 
2.359700 
2.360000 
2.360000 
2.362500 
2.365000 
2.365400 
2.367700 
2.377600 
2.380800 
2.382300 
2.383100 
2.385400 
2.387200 
2.388500 
2.390400 
2.393200 
2.393400 
2.393600 
2.394400 
2.394500 
2.395000 
2.395900 
2.396700 
2.403400 
2.404700 
2.405900 
2.409100 
2.410400 
2.416900 
2.418100 
2.418500 
2.419200 
2.422200 
2.425200 
2.429500 
2.432000 
2.435500 
2.437200 
2.442100 
2.447000 
2.459600 
2.460500 
2.461000 
2.461300 
2.465100 
2.465300 
2.467400 
2.467900 
2.468400 
2.469900 
2.470400 
2.472200 
2.472600 
2.473400 
2.475800 
2.475900 
2.489700 
2.491400 
2.494100 
2.494800 
2.497000 
2.500600 
2.503300 
2.503600 
2.505300 
2.505600 
2.506300 
2.514000 
2.517100 
2.517700 
2.518500 
2.518800 
2.519700 
2.520000 
2.523000 
2.523200 
2.525200 
2.526200 
2.529800 
2.532100 
2.532300 
2.542600 
2.544200 
2.544800 
2.548200 
2.548200 
2.550400 
2.551500 
2.551900 
2.552000 
2.562000 
2.563000 
2.571700 
2.573000 
2.575500 
2.579700 
2.581200 
2.581300 
2.582000 
2.583700 
2.584100 
2.584700 
2.597700 
2.599100 
2.599200 
2.599700 
2.599900 
2.600300 
2.605900 
2.609500 
2.610700 
2.611900 
2.612400 
2.612700 
2.616400 
2.617500 
2.618000 
2.620000 
2.621500 
2.622900 
2.624000 
2.627500 
2.628100 
2.629000 
2.629200 
2.629700 
2.639300 
2.640600 
2.642600 
2.643300 
2.646100 
2.646500 
2.647100 
2.648100 
2.660000 
2.662200 
2.662400 
2.664000 
2.665100 
2.665200 
2.667500 
2.668600 
2.674500 
2.675400 
2.680300 
2.682900 
2.687000 
2.689000 
2.692600 
2.693900 
2.695500 
2.698200 
2.698200 
2.698700 
2.700300 
2.700700 
2.700900 
2.701000 
2.702700 
2.703900 
2.705700 
2.707200 
2.707400 
2.707800 
2.707900 
2.708600 
2.716100 
2.716200 
2.720500 
2.722700 
2.725900 
2.727000 
2.732000 
2.732500 
2.735600 
2.736800 
2.737000 
2.742100 
2.745400 
2.751500 
2.753700 
2.754800 
2.756100 
2.763300 
2.764500 
2.765400 
2.767700 
2.769200 
2.769500 
2.771000 
2.771200 
2.771700 
2.773200 
2.773700 
2.777000 
2.777200 
2.778300 
2.779200 
2.779800 
2.780700 
2.781000 
2.782700 
2.785900 
2.786100 
2.792600 
2.793400 
2.793800 
2.797600 
2.797600 
2.799300 
2.799300 
2.801000 
2.806100 
2.806700 
2.807500 
2.807700 
2.807700 
2.807800 
2.808200 
2.811000 
2.814700 
2.817900 
2.818000 
2.820500 
2.824000 
2.825600 
2.826500 
2.826900 
2.828400 
2.829000 
2.829500 
2.829800 
2.832300 
2.832900 
2.833800 
2.834400 
2.841900 
2.842600 
2.845500 
2.845600 
2.848400 
2.848800 
2.861500 
2.863100 
2.863600 
2.868200 
2.868300 
2.868400 
2.873200 
2.873700 
2.873900 
2.874500 
2.879800 
2.881600 
2.886400 
2.889500 
2.890000 
2.892800 
2.894000 
2.894800 
2.895000 
2.896600 
2.896800 
2.900300 
2.907800 
2.908200 
2.917200 
2.918800 
2.920600 
2.921600 
2.922800 
2.923500 
2.932100 
2.932400 
2.932800 
2.933500 
2.934500 
2.940000 
2.941300 
2.942200 
2.945900 
2.946800 
2.947000 
2.949600 
2.950900 
2.950900 
2.959000 
2.959000 
2.959600 
2.961300 
2.963900 
2.966400 
2.967900 
2.968800 
2.969100 
2.970300 
2.971800 
2.972100 
2.973800 
2.977000 
2.980300 
2.983900 
2.984100 
2.984300 
2.988300 
2.990300 
2.990500 
2.991600 
2.991900 
2.992600 
2.993300 
2.995400 
2.999200 
2.999400 
2.999600 
