18 
26 
13 
19 
21 
11 
23 
3 
13 
21 
10 
26 
22 
2 
14 
12 
19 
8 
7 
5 
26 
2 
9 
25 
23 
3 
20 
18 
22 
21 
11 
2 
4 
1 
3 
14 
6 
18 
21 
9 
13 
24 
12 
2 
17 
18 
20 
14 
26 
11 
19 
21 
22 
2 
18 
1 
21 
2 
17 
24 
11 
8 
22 
4 
20 
8 
26 
19 
11 
2 
20 
22 
26 
4 
11 
24 
21 
8 
23 
19 
2 
20 
26 
18 
3 
13 
14 
11 
2 
24 
1 
26 
2 
17 
18 
24 
26 
13 
2 
14 
0 
8 
3 
10 
2 
11 
18 
0 
2 
26 
21 
10 
3 
15 
13 
14 
18 
26 
11 
26 
2 
3 
18 
2 
26 
9 
11 
17 
18 
25 
22 
3 
2 
26 
8 
3 
23 
2 
18 
4 
3 
18 
11 
13 
2 
21 
19 
26 
18 
10 
20 
8 
12 
11 
26 
2 
21 
24 
3 
10 
14 
24 
26 
11 
3 
2 
12 
4 
3 
2 
11 
14 
20 
26 
18 
2 
9 
11 
13 
3 
21 
2 
24 
11 
26 
2 
8 
21 
26 
2 
12 
11 
18 
20 
26 
4 
2 
3 
19 
8 
20 
18 
26 
10 
14 
11 
1 
2 
3 
4 
13 
20 
2 
24 
2 
11 
2 
10 
4 
24 
15 
26 
2 
3 
25 
21 
2 
26 
3 
1 
2 
0 
11 
21 
18 
2 
3 
21 
2 
9 
13 
8 
26 
12 
5 
3 
1 
2 
18 
13 
21 
2 
19 
22 
11 
13 
3 
2 
11 
14 
2 
21 
23 
3 
10 
14 
20 
2 
11 
22 
3 
9 
2 
4 
18 
12 
26 
10 
2 
3 
18 
8 
21 
23 
22 
5 
2 
3 
9 
18 
2 
8 
21 
26 
2 
11 
23 
13 
4 
22 
26 
2 
9 
3 
12 
22 
2 
4 
21 
3 
17 
2 
1 
8 
2 
9 
13 
20 
24 
2 
3 
24 
21 
18 
12 
8 
4 
2 
10 
20 
23 
19 
24 
17 
11 
26 
8 
4 
9 
2 
11 
5 
24 
9 
0 
15 
12 
18 
4 
2 
3 
9 
23 
23 
26 
2 
21 
12 
10 
6 
0 
11 
22 
2 
21 
3 
18 
16 
2 
20 
3 
26 
6 
5 
2 
4 
21 
8 
17 
2 
23 
15 
4 
9 
11 
26 
22 
4 
18 
13 
2 
8 
2 
18 
26 
14 
11 
2 
4 
26 
5 
1 
2 
22 
21 
12 
2 
13 
14 
15 
21 
4 
11 
18 
3 
2 
22 
11 
8 
24 
2 
18 
20 
14 
26 
3 
2 
16 
20 
25 
3 
16 
11 
2 
24 
11 
20 
2 
3 
22 
10 
8 
16 
12 
2 
9 
3 
2 
18 
13 
21 
