26 
26 
22 
7 
13 
9 
26 
22 
12 
17 
21 
26 
22 
6 
5 
9 
26 
17 
22 
9 
18 
19 
12 
26 
25 
14 
23 
22 
1 
26 
4 
22 
1 
26 
12 
6 
26 
22 
26 
17 
7 
18 
6 
26 
22 
19 
26 
17 
12 
18 
26 
9 
22 
4 
8 
26 
25 
12 
22 
26 
19 
9 
17 
22 
26 
6 
18 
25 
1 
26 
22 
26 
12 
22 
1 
9 
7 
25 
12 
26 
4 
22 
26 
12 
20 
26 
22 
25 
21 
1 
26 
24 
22 
17 
26 
12 
22 
26 
25 
6 
4 
17 
26 
9 
18 
12 
22 
26 
25 
26 
22 
1 
25 
26 
22 
18 
6 
21 
26 
7 
22 
12 
17 
26 
15 
22 
11 
17 
9 
3 
4 
12 
14 
26 
22 
6 
18 
26 
25 
22 
26 
22 
26 
4 
18 
6 
9 
26 
22 
26 
13 
1 
22 
25 
4 
7 
26 
5 
12 
22 
25 
4 
26 
9 
11 
3 
22 
19 
26 
12 
26 
22 
14 
9 
26 
22 
25 
3 
26 
12 
21 
19 
18 
22 
26 
7 
26 
21 
22 
26 
12 
8 
4 
22 
25 
19 
26 
20 
22 
12 
26 
6 
17 
19 
26 
13 
22 
4 
26 
25 
19 
1 
26 
22 
7 
12 
22 
26 
1 
26 
17 
22 
26 
19 
7 
22 
26 
4 
9 
22 
17 
26 
25 
6 
22 
26 
19 
3 
1 
22 
26 
25 
3 
26 
6 
18 
22 
7 
26 
22 
18 
19 
26 
4 
18 
26 
22 
19 
25 
26 
21 
12 
22 
26 
9 
6 
26 
22 
21 
25 
12 
26 
22 
8 
5 
12 
26 
22 
26 
22 
6 
9 
25 
26 
12 
21 
22 
26 
12 
11 
20 
25 
22 
26 
0 
18 
26 
12 
22 
25 
26 
16 
26 
22 
11 
12 
26 
7 
26 
12 
22 
25 
6 
26 
9 
13 
8 
3 
19 
22 
26 
12 
1 
6 
25 
21 
26 
25 
19 
9 
22 
26 
12 
22 
1 
14 
25 
22 
26 
18 
17 
26 
1 
22 
25 
9 
26 
12 
22 
4 
18 
26 
25 
22 
17 
9 
19 
1 
20 
12 
8 
26 
22 
4 
26 
18 
22 
1 
25 
26 
18 
21 
26 
25 
22 
13 
9 
25 
22 
26 
7 
21 
19 
18 
22 
12 
26 
6 
22 
26 
19 
12 
6 
26 
25 
7 
22 
26 
1 
22 
25 
26 
18 
19 
26 
7 
22 
12 
26 
6 
26 
25 
22 
18 
1 
22 
26 
6 
13 
22 
26 
22 
25 
18 
26 
12 
1 
22 
4 
26 
14 
12 
18 
19 
13 
26 
25 
22 
6 
18 
26 
12 
22 
18 
26 
23 
22 
26 
26 
22 
17 
26 
9 
3 
25 
22 
19 
26 
26 
22 
4 
12 
17 
26 
18 
7 
25 
9 
19 
22 
26 
20 
6 
12 
26 
22 
13 
25 
22 
26 
9 
22 
26 
25 
26 
22 
6 
12 
17 
9 
1 
26 
25 
22 
9 
26 
23 
22 
18 
12 
19 
26 
6 
22 
25 
26 
13 
17 
4 
22 
6 
1 
26 
12 
25 
22 
9 
14 
18 
26 
22 
8 
11 
25 
26 
1 
2 
9 
6 
26 
19 
12 
26 
22 
10 
25 
26 
12 
22 
4 
26 
22 
5 
25 
9 
22 
26 
12 
26 
22 
1 
25 
26 
17 
22 
12 
26 
7 
6 
22 
26 
25 
9 
26 
1 
19 
22 
12 
26 
