0.010200 
0.011100 
0.011600 
0.022300 
0.022700 
0.025500 
0.032300 
0.033100 
0.035900 
0.036100 
0.038700 
0.039100 
0.042200 
0.042300 
0.042900 
0.043100 
0.043100 
0.044700 
0.046900 
0.050700 
0.052000 
0.053100 
0.053400 
0.053400 
0.055300 
0.056100 
0.057900 
0.059700 
0.061800 
0.064400 
0.065200 
0.066800 
0.066800 
0.067200 
0.073800 
0.074000 
0.074500 
0.074900 
0.075500 
0.076500 
0.076800 
0.083100 
0.083500 
0.084100 
0.085500 
0.085500 
0.085600 
0.086700 
0.086900 
0.091800 
0.091800 
0.092400 
0.095700 
0.096000 
0.096500 
0.097000 
0.097800 
0.103000 
0.103300 
0.105300 
0.105300 
0.105500 
0.105700 
0.105900 
0.106000 
0.106600 
0.106700 
0.109200 
0.109600 
0.111500 
0.115700 
0.116300 
0.117200 
0.119900 
0.122100 
0.123200 
0.125800 
0.126300 
0.127000 
0.127100 
0.129000 
0.129700 
0.130300 
0.135900 
0.138000 
0.139400 
0.139700 
0.140100 
0.140300 
0.140400 
0.141700 
0.143000 
0.143500 
0.145100 
0.145200 
0.147100 
0.147500 
0.148400 
0.150600 
0.151200 
0.151800 
0.155800 
0.157100 
0.157600 
0.158400 
0.159100 
0.159100 
0.159900 
0.160400 
0.160600 
0.161900 
0.162500 
0.163900 
0.164500 
0.164500 
0.166700 
0.168500 
0.168900 
0.171600 
0.173300 
0.175500 
0.176300 
0.176900 
0.177500 
0.179200 
0.181400 
0.185800 
0.186500 
0.186500 
0.187000 
0.187500 
0.189900 
0.190300 
0.190400 
0.190800 
0.190900 
0.191200 
0.191400 
0.191900 
0.192700 
0.193800 
0.194300 
0.194900 
0.195300 
0.198000 
0.199800 
0.202400 
0.203000 
0.205500 
0.205900 
0.206100 
0.209000 
0.209300 
0.211400 
0.213000 
0.213200 
0.215200 
0.216000 
0.216200 
0.216500 
0.218100 
0.220900 
0.223800 
0.224300 
0.224600 
0.224800 
0.225000 
0.225000 
0.225400 
0.225900 
0.228100 
0.228700 
0.228700 
0.231400 
0.232300 
0.232900 
0.233700 
0.235800 
0.237300 
0.238000 
0.240400 
0.240900 
0.242200 
0.243000 
0.243400 
0.244600 
0.247800 
0.248100 
0.248200 
0.248700 
0.249200 
0.249900 
0.251300 
0.251600 
0.251700 
0.252300 
0.252400 
0.252900 
0.253100 
0.253700 
0.256600 
0.256600 
0.257000 
0.260100 
0.260300 
0.261000 
0.262600 
0.263300 
0.263400 
0.266700 
0.268500 
0.268700 
0.269200 
0.269800 
0.271200 
0.272400 
0.272700 
0.273900 
0.275700 
0.277400 
0.280300 
0.281400 
0.282000 
0.283700 
0.285100 
0.285500 
0.287400 
0.288200 
0.289100 
0.290200 
0.290700 
0.293500 
0.294400 
0.294900 
0.295200 
0.296900 
0.297400 
0.298800 
0.299900 
0.304900 
0.305400 
0.306400 
0.307300 
0.308900 
0.309200 
0.309200 
0.309200 
0.310400 
0.310800 
0.311700 
0.315500 
0.318800 
0.318800 
0.320400 
0.321400 
0.321900 
0.322200 
0.326400 
0.327000 
0.328700 
0.334500 
0.336900 
0.337600 
0.337600 
0.338600 
0.339900 
0.345900 
0.346400 
0.346500 
0.347400 
0.348400 
0.349600 
0.350700 
0.351200 
0.353200 
0.355100 
0.357300 
0.357400 
0.357400 
0.359000 
0.361000 
0.362400 
0.364900 
0.367700 
0.368700 
0.368800 
0.371700 
0.371800 
0.374400 
0.375100 
0.376100 
0.379000 
0.379400 
0.379700 
0.380300 
0.381900 
0.383400 
0.388100 
0.388400 
0.388800 
0.389700 
0.390400 
0.391000 
0.391300 
0.392400 
0.392700 
0.393000 
0.393900 
0.398400 
0.399700 
0.401600 
0.402000 
0.402100 
0.403400 
0.404800 
0.406600 
0.406600 
0.407400 
0.409400 
0.409900 
0.413100 
0.414800 
0.415000 
0.416700 
0.417300 
0.420000 
0.421500 
0.424400 
0.426500 
0.426700 
0.427200 
0.431400 
0.431400 
0.431900 
0.434600 
0.438400 
0.438800 
0.439800 
0.440400 
0.440600 
0.441000 
0.441300 
0.443200 
0.445500 
0.448200 
0.450800 
0.450800 
0.451100 
0.455800 
0.455800 
0.456600 
0.462900 
0.466400 
0.468100 
0.468200 
0.468700 
0.469800 
0.470700 
0.470800 
0.472000 
0.473600 
0.473700 
0.474900 
0.476200 
0.477300 
0.477700 
0.478200 
0.479700 
0.479900 
0.483200 
0.485700 
0.486100 
0.486700 
0.487100 
0.487100 
0.488600 
0.488800 
0.488800 
0.492400 
0.492700 
0.494700 
0.496100 
0.497200 
0.497500 
0.498100 
0.500200 
0.501100 
0.501800 
0.502600 
0.504400 
0.505400 
0.506200 
0.508900 
0.509500 
0.512800 
0.513100 
0.514700 
0.515300 
0.515700 
0.518900 
0.519200 
0.520600 
0.520800 
0.525200 
0.525200 
0.525400 
0.525600 
0.530100 
0.530700 
0.531700 
0.533500 
0.536100 
0.536800 
0.537200 
0.537600 
0.540100 
0.540700 
0.541600 
0.544200 
0.548000 
0.548300 
0.548600 
0.548800 
0.549000 
0.549300 
0.549600 
0.549600 
0.552400 
0.553500 
0.555800 
0.558700 
0.559500 
0.560900 
0.561200 
0.563600 
0.563900 
0.564300 
0.564700 
0.567100 
0.568200 
0.569000 
0.569400 
0.572300 
0.573900 
0.575200 
0.577800 
0.578400 
0.578400 
0.581200 
0.582300 
0.582900 
0.583600 
0.585600 
0.586500 
0.586600 
0.586600 
0.587000 
0.587000 
0.588400 
0.589400 
0.591800 
0.597000 
0.597500 
0.597600 
0.597900 
0.598800 
0.600700 
0.602700 
0.602800 
0.604800 
0.604900 
0.606100 
0.606800 
0.607200 
0.608000 
0.611400 
0.611500 
0.612000 
0.612100 
0.616800 
0.618000 
0.619400 
0.619700 
0.620100 
0.620500 
0.621200 
0.621700 
0.621700 
0.622300 
0.623700 
0.623900 
0.627100 
0.627500 
0.628500 
0.628800 
0.629400 
0.631400 
0.637300 
0.638000 
0.638800 
0.639300 
0.640100 
0.640200 
0.640600 
0.640800 
0.641200 
0.641500 
0.642700 
0.643200 
0.648300 
0.648600 
0.649600 
0.650400 
0.650800 
0.651300 
0.653000 
0.656500 
0.656500 
0.657200 
0.659200 
0.660700 
0.661800 
0.662200 
0.664300 
0.664700 
0.666100 
0.666500 
0.668100 
0.670800 
0.671100 
0.671700 
0.673200 
0.673300 
0.679700 
0.679900 
0.680600 
0.681000 
0.681500 
0.683200 
0.685000 
0.685200 
0.687100 
0.687400 
0.687700 
0.688900 
0.689500 
0.691800 
0.691900 
0.692200 
0.693900 
0.694300 
0.694800 
0.696800 
0.696900 
0.697200 
0.697300 
0.697700 
0.697700 
0.699600 
0.700900 
0.703100 
0.704300 
0.704400 
0.705900 
0.706700 
0.707300 
0.709900 
0.710600 
0.711500 
0.713700 
0.716100 
0.716500 
0.716700 
0.716700 
0.719700 
0.719700 
0.721600 
0.723000 
0.724000 
0.724800 
0.727000 
0.727000 
0.727500 
0.729000 
0.730600 
0.732100 
0.733300 
0.737100 
0.739500 
0.739600 
0.740900 
0.742600 
0.742800 
0.743100 
0.746400 
0.746600 
0.747700 
0.749200 
0.749500 
0.750100 
0.750800 
0.750900 
0.752800 
0.757500 
0.758000 
0.758300 
0.759000 
0.760700 
0.761800 
0.762900 
0.763900 
0.765300 
0.765700 
0.768100 
0.769000 
0.770100 
0.770500 
0.770900 
0.772700 
0.773800 
0.775100 
0.776500 
0.776900 
0.777400 
0.780700 
0.780700 
0.783500 
0.785700 
0.785700 
0.786500 
0.789000 
0.789200 
0.789600 
0.794900 
0.796600 
0.798300 
0.798800 
0.798800 
0.799400 
0.801700 
0.802200 
0.803800 
0.804600 
0.804900 
0.805600 
0.808700 
0.808700 
0.810800 
0.811800 
0.812600 
0.813000 
0.816600 
0.817000 
0.818100 
0.818300 
0.819100 
0.821400 
0.821600 
0.821900 
0.822300 
0.822600 
0.823300 
0.824400 
0.827700 
0.831700 
0.833800 
0.833900 
0.835100 
0.835900 
0.836400 
0.837900 
0.839300 
0.839900 
0.840200 
0.842100 
0.842800 
0.843500 
0.845400 
0.845800 
0.846800 
0.847000 
0.847200 
0.847400 
0.848400 
0.848600 
0.849000 
0.851700 
0.851700 
0.855400 
0.856000 
0.856600 
0.859400 
0.859600 
0.859800 
0.862700 
0.864900 
0.865900 
0.866700 
0.867000 
0.868300 
0.869000 
0.870000 
0.871600 
0.875000 
0.875300 
0.876700 
0.879400 
0.880500 
0.880500 
0.881300 
0.881300 
0.883300 
0.884000 
0.884700 
0.885300 
0.885500 
0.886600 
0.887200 
0.890000 
0.890200 
0.891900 
0.892500 
0.892800 
0.893200 
0.897800 
0.899200 
0.901300 
0.902100 
0.902700 
0.902800 
0.905500 
0.905800 
0.906000 
0.907900 
0.908800 
0.910000 
0.910600 
0.912000 
0.915900 
0.916900 
0.917200 
0.917400 
0.918700 
0.919100 
0.919500 
0.919600 
0.920100 
0.920200 
0.920400 
0.921200 
0.923000 
0.923600 
0.925100 
0.926100 
0.927100 
0.928400 
0.929000 
0.929500 
0.930000 
0.930400 
0.930500 
0.932900 
0.933900 
0.936000 
0.936200 
0.936700 
0.938100 
0.939600 
0.940400 
0.943200 
0.945800 
0.945900 
0.950400 
0.950600 
0.951000 
0.952100 
0.952600 
0.952800 
0.952900 
0.953200 
0.953400 
0.954200 
0.954700 
0.958900 
0.959000 
0.961400 
0.962000 
0.963100 
0.963200 
0.963500 
0.964000 
0.964900 
0.965300 
0.965500 
0.967400 
0.970300 
0.971900 
0.972000 
0.972400 
0.974800 
0.975500 
0.977000 
0.978700 
0.980100 
0.982800 
0.983100 
0.984100 
0.984500 
0.986300 
0.987600 
0.988100 
0.988600 
0.988800 
0.990000 
0.990400 
0.992200 
0.992300 
0.993400 
0.994500 
0.996700 
0.997400 
0.998000 
0.998600 
1.002500 
1.004300 
1.005200 
1.006200 
1.010500 
1.011100 
1.011200 
1.011400 
1.011500 
1.011600 
1.011800 
1.012700 
1.015400 
1.019500 
1.019900 
1.020800 
1.021900 
1.023400 
1.023600 
1.023800 
1.025900 
1.027600 
1.028500 
1.030000 
1.032300 
1.032600 
1.033900 
1.034900 
1.035300 
1.036700 
1.037700 
1.040400 
1.040500 
1.041700 
1.042200 
1.046300 
1.046600 
1.049000 
1.050100 
1.051400 
1.051600 
1.051800 
1.055900 
1.056300 
1.057000 
1.058100 
1.058100 
1.061800 
1.062400 
1.067400 
1.067500 
1.069000 
1.070100 
1.071500 
1.071800 
1.072100 
1.072100 
1.073200 
1.073600 
1.076900 
1.077600 
1.078600 
1.079000 
1.079600 
1.081000 
1.083800 
1.084300 
1.084400 
1.085000 
1.085100 
1.086100 
1.086500 
1.087400 
1.087900 
1.088500 
1.089900 
1.091700 
1.094700 
1.097500 
1.098900 
1.099200 
1.099900 
1.101600 
1.101600 
1.101900 
1.103300 
1.103500 
1.104800 
1.106000 
1.107500 
1.110300 
1.110300 
1.111000 
1.113200 
1.113600 
1.115500 
1.115700 
1.117200 
1.120200 
1.120500 
1.120900 
1.120900 
1.122600 
1.125300 
1.127000 
1.127100 
1.127500 
1.130600 
1.131800 
1.134800 
1.134900 
1.135200 
1.135400 
1.137700 
1.138000 
1.138800 
1.141000 
1.142900 
1.146700 
1.148500 
1.148900 
1.150500 
1.151000 
1.151300 
1.151600 
1.151600 
1.151700 
1.154300 
1.154900 
1.159100 
1.160400 
1.161200 
1.161600 
1.161800 
1.162400 
1.163100 
1.163300 
1.164500 
1.167100 
1.167600 
1.171600 
1.172300 
1.172600 
1.176300 
1.179800 
1.180600 
1.182000 
1.182800 
1.183300 
1.185000 
1.185700 
1.186100 
1.189700 
1.193100 
1.194100 
1.194300 
1.194400 
1.195300 
1.196100 
1.198000 
1.200300 
1.202200 
1.203100 
1.205300 
1.205600 
1.205600 
1.206400 
1.211800 
1.213000 
1.215100 
1.215600 
1.216600 
1.216800 
1.221000 
1.221100 
1.221200 
1.221800 
1.222300 
1.223000 
1.224800 
1.224900 
1.225100 
1.226500 
1.228100 
1.228600 
1.229500 
1.230600 
1.234200 
1.234500 
1.234700 
1.235300 
1.235900 
1.237300 
1.240500 
1.240800 
1.241200 
1.241200 
1.242800 
1.245800 
1.246700 
1.247200 
1.247500 
1.247600 
1.249800 
1.254600 
1.254800 
1.255100 
1.255900 
1.256100 
1.257300 
1.259000 
1.259100 
1.260300 
1.263200 
1.263200 
1.264100 
1.265900 
1.267400 
1.268000 
1.269500 
1.272000 
1.272000 
1.272500 
1.272700 
1.273900 
1.275000 
1.276300 
1.277000 
1.279600 
1.280800 
1.282500 
1.283600 
1.284300 
1.285800 
1.286400 
1.286600 
1.287300 
1.288700 
1.289700 
1.291500 
1.294600 
1.294700 
1.294900 
1.296300 
1.296400 
1.297900 
1.298500 
1.302500 
1.303800 
1.304000 
1.304400 
1.304500 
1.304900 
1.305100 
1.305100 
1.305800 
1.306000 
1.306300 
1.309500 
1.311200 
1.314200 
1.315500 
1.318500 
1.320800 
1.322200 
1.323100 
1.323100 
1.323400 
1.324200 
1.324900 
1.325500 
1.326600 
1.328800 
1.329200 
1.329600 
1.330000 
1.330400 
1.331000 
1.335000 
1.335100 
1.337200 
1.337500 
1.338000 
1.339200 
1.340000 
1.340800 
1.341600 
1.344700 
1.346100 
1.346300 
1.346400 
1.346400 
1.347900 
1.347900 
1.350500 
1.352400 
1.353800 
1.353900 
1.356000 
1.357600 
1.358800 
1.362100 
1.365000 
1.366500 
1.368900 
1.370000 
1.371900 
1.372600 
1.375200 
1.375800 
1.376000 
1.376000 
1.377600 
1.377700 
1.380000 
1.380500 
1.382400 
1.383400 
1.385100 
1.387400 
1.387900 
1.389700 
1.389800 
1.391400 
1.395900 
1.396600 
1.399200 
1.401700 
1.404300 
1.404500 
1.405700 
1.407000 
1.408900 
1.409100 
1.409400 
1.412200 
1.413900 
1.414600 
1.415600 
1.417600 
1.418100 
1.419400 
1.419600 
1.421200 
1.421800 
1.423800 
1.426200 
1.427600 
1.428900 
1.428900 
1.429300 
1.431000 
1.431400 
1.433700 
1.433900 
1.436500 
1.437600 
1.437800 
1.438200 
1.438300 
1.439000 
1.440100 
1.440200 
1.440400 
1.441700 
1.442700 
1.443600 
1.444800 
1.448600 
1.448800 
1.450800 
1.451200 
1.453200 
1.456400 
1.461100 
1.462400 
1.464100 
1.464800 
1.464800 
1.465000 
1.465300 
1.466400 
1.467100 
1.468100 
1.471000 
1.471200 
1.471600 
1.473600 
1.474000 
1.474100 
1.475200 
1.475300 
1.475500 
1.477800 
1.480400 
1.481600 
1.482400 
1.485400 
1.485700 
1.486700 
1.487600 
1.489500 
1.491200 
1.492100 
1.492700 
1.493800 
1.494300 
1.494300 
1.494400 
1.494500 
1.497500 
1.498200 
1.499900 
1.500300 
1.501000 
1.501600 
1.501800 
1.502300 
1.507500 
1.508700 
1.510100 
1.510400 
1.513300 
1.513600 
1.514200 
1.514800 
1.515000 
1.515100 
1.515600 
1.519700 
1.520400 
1.522500 
1.523600 
1.525800 
1.527300 
1.530300 
1.531300 
1.531400 
1.531600 
1.531900 
1.532700 
1.533500 
1.533900 
1.536900 
1.538300 
1.539400 
1.541700 
1.542200 
1.542600 
1.544100 
1.544700 
1.546600 
1.547400 
1.548200 
1.548600 
1.549000 
1.550400 
1.551300 
1.551600 
1.552400 
1.552500 
1.553600 
1.553900 
1.557500 
1.560700 
1.561400 
1.562300 
1.562700 
1.565700 
1.569600 
1.572900 
1.573300 
1.573500 
1.573900 
1.574100 
1.574600 
1.575000 
1.575300 
1.577600 
1.578900 
1.579000 
1.580400 
1.581100 
1.581500 
1.582800 
1.584400 
1.586400 
1.588000 
1.588500 
1.589300 
1.590000 
1.592400 
1.592900 
1.594000 
1.596000 
1.596900 
1.597100 
1.597900 
1.598500 
1.599600 
1.599600 
1.601600 
1.602700 
1.605200 
1.605500 
1.605900 
1.606900 
1.607500 
1.610400 
1.610900 
1.612000 
1.613600 
1.615600 
1.615800 
1.617000 
1.617200 
1.617900 
1.622500 
1.622800 
1.625000 
1.626800 
1.628600 
1.631300 
1.633300 
1.633500 
1.633800 
1.634100 
1.636000 
1.636600 
1.637900 
1.639500 
1.639700 
1.641100 
1.641100 
1.642200 
1.643800 
1.646600 
1.647300 
1.647400 
1.649300 
1.649300 
1.651800 
1.652100 
1.652600 
1.653300 
1.654700 
1.657200 
1.657800 
1.657800 
1.658100 
1.661700 
1.662200 
1.662700 
1.662900 
1.663000 
1.663400 
1.664200 
1.664700 
1.665000 
1.665500 
1.665600 
1.666100 
1.668500 
1.673400 
1.673700 
1.673700 
1.673800 
1.675000 
1.675700 
1.676600 
1.677500 
1.678500 
1.681400 
1.681900 
1.685100 
1.686100 
1.686600 
1.686600 
1.687900 
1.689500 
1.690200 
1.694400 
1.694600 
1.695600 
1.697400 
1.699500 
1.699500 
1.699800 
1.700700 
1.703600 
1.705700 
1.706300 
1.707400 
1.707400 
1.709500 
1.709700 
1.712100 
1.712700 
1.715000 
1.715700 
1.716300 
1.716400 
1.716600 
1.721700 
1.721800 
1.721900 
1.725100 
1.727000 
1.727300 
1.727300 
1.728000 
1.732400 
1.733300 
1.734500 
1.735000 
1.735400 
1.737500 
1.739700 
1.742700 
1.743300 
1.743500 
1.744000 
1.745400 
1.746600 
1.747500 
1.747900 
1.749100 
1.750900 
1.752500 
1.752700 
1.753000 
1.754200 
1.755400 
1.756300 
1.757200 
1.757700 
1.758400 
1.758600 
1.758800 
1.759800 
1.761200 
1.761400 
1.761500 
1.763000 
1.764400 
1.767800 
1.768700 
1.769600 
1.769800 
1.770800 
1.771100 
1.771300 
1.772700 
1.773000 
1.776300 
1.776800 
1.777200 
1.778300 
1.778300 
1.778900 
1.779700 
1.781000 
1.781400 
1.782400 
1.782400 
1.782600 
1.783500 
1.783900 
1.783900 
1.787100 
1.787600 
1.789800 
1.790600 
1.790700 
1.792800 
1.793700 
1.795700 
1.796900 
1.797300 
1.799500 
1.802500 
1.803900 
1.804400 
1.804900 
1.805000 
1.805100 
1.805700 
1.806700 
1.808900 
1.809300 
1.810900 
1.811300 
1.811800 
1.812000 
1.815200 
1.815600 
1.816400 
1.816600 
1.817200 
1.817500 
1.819200 
1.819900 
1.820300 
1.820800 
1.821100 
1.821200 
1.823700 
1.824000 
1.824300 
1.827300 
1.830900 
1.831100 
1.832600 
1.835900 
1.837700 
1.838000 
1.838300 
1.838400 
1.839800 
1.842100 
1.842200 
1.842400 
1.842900 
1.844700 
1.847100 
1.848800 
1.849100 
1.850400 
1.852100 
1.852100 
1.852100 
1.853500 
1.854500 
1.857100 
1.859700 
1.860500 
1.861800 
1.863500 
1.863800 
1.864300 
1.865300 
1.865400 
1.865400 
1.866200 
1.868000 
1.868600 
1.869700 
1.870300 
1.870400 
1.873600 
1.874500 
1.875000 
1.875200 
1.877400 
1.877700 
1.879300 
1.880000 
1.880600 
1.880800 
1.882500 
1.884000 
1.886500 
1.888200 
1.891100 
1.892500 
1.892500 
1.892600 
1.892800 
1.895100 
1.895300 
1.896400 
1.896500 
1.896500 
1.898100 
1.898200 
1.898500 
1.900800 
1.901900 
1.901900 
1.902100 
1.903400 
1.904000 
1.904100 
1.905600 
1.907700 
1.907700 
1.908300 
1.911900 
1.914200 
1.916300 
1.916300 
1.916700 
1.917800 
1.919600 
1.919900 
1.920400 
1.920700 
1.922200 
1.925000 
1.925000 
1.926500 
1.927200 
1.928500 
1.929600 
1.932100 
1.932200 
1.933000 
1.934900 
1.934900 
1.935400 
1.936800 
1.937700 
1.939200 
1.941800 
1.942100 
1.942800 
1.943100 
1.944400 
1.944400 
1.945700 
1.946500 
1.948700 
1.949800 
1.951500 
1.953000 
1.953100 
1.953200 
1.953300 
1.953400 
1.954200 
1.955300 
1.955300 
1.955500 
1.957300 
1.957900 
1.962000 
1.962300 
1.964000 
1.964200 
1.964700 
1.966200 
1.966300 
1.966700 
1.971300 
1.975100 
1.975800 
1.976400 
1.977700 
1.977700 
1.977900 
1.978300 
1.978900 
1.980300 
1.983000 
1.983600 
1.984800 
1.985200 
1.986600 
1.990100 
1.990400 
1.990600 
1.992600 
1.993400 
1.994300 
1.994500 
1.995000 
1.995300 
1.995500 
1.995600 
1.997900 
1.998200 
2.000600 
2.003600 
2.004100 
2.004800 
2.005800 
2.008800 
2.011600 
2.013800 
2.014800 
2.015900 
2.017500 
2.018700 
2.019100 
2.019600 
2.019900 
2.021900 
2.024300 
2.025500 
2.027100 
2.028000 
2.028300 
2.028700 
2.029800 
2.030300 
2.031200 
2.031200 
2.031600 
2.032900 
2.033000 
2.035400 
2.038300 
2.039500 
2.040200 
2.040600 
2.040700 
2.042700 
2.043300 
2.043800 
2.044700 
2.047000 
2.048500 
2.048600 
2.048700 
2.048800 
2.050200 
2.050800 
2.050900 
2.052300 
2.055400 
2.057700 
2.057800 
2.063800 
2.064400 
2.064700 
2.064800 
2.065700 
2.066300 
2.067000 
2.067000 
2.068600 
2.071100 
2.073800 
2.074200 
2.075000 
2.075500 
2.076900 
2.077800 
2.078000 
2.078100 
2.079500 
2.080700 
2.081700 
2.082200 
2.084400 
2.085100 
2.085300 
2.086500 
2.088500 
2.088700 
2.091500 
2.093200 
2.093700 
2.094000 
2.094500 
2.094600 
2.097200 
2.099700 
2.099800 
2.099900 
2.102500 
2.104800 
2.107500 
2.109200 
2.109300 
2.111200 
2.112300 
2.112600 
2.116100 
2.116100 
2.117500 
2.118400 
2.118400 
2.118800 
2.118800 
2.119800 
2.120000 
2.124300 
2.126700 
2.126900 
2.129000 
2.129400 
2.130000 
2.130400 
2.130400 
2.133300 
2.133900 
2.134000 
2.134500 
2.135800 
2.138800 
2.140100 
2.143900 
2.144000 
2.144900 
2.145300 
2.145700 
2.148900 
2.149900 
2.150400 
2.150800 
2.151600 
2.153200 
2.158100 
2.158200 
2.159300 
2.159300 
2.160100 
2.160600 
2.162300 
2.162600 
2.162800 
2.164700 
2.166100 
2.170400 
2.171900 
2.172800 
2.174600 
2.176000 
2.179200 
2.180900 
2.182000 
2.182700 
2.182900 
2.183100 
2.184800 
2.186000 
2.188000 
2.188300 
2.188300 
2.189800 
2.190300 
2.192900 
2.194500 
2.197300 
2.197800 
2.197900 
2.200500 
2.203500 
2.205300 
2.206000 
2.206400 
2.207900 
2.208900 
2.209600 
2.209900 
2.211000 
2.211000 
2.211200 
2.211600 
2.212300 
2.213500 
2.214100 
2.215500 
2.222000 
2.222400 
2.223300 
2.224100 
2.228400 
2.231200 
2.232900 
2.234100 
2.234100 
2.235300 
2.235300 
2.237300 
2.244500 
2.245600 
2.245900 
2.246300 
2.247200 
2.247800 
2.250500 
2.252500 
2.254100 
2.256800 
2.256900 
2.257700 
2.257900 
2.259300 
2.259900 
2.262000 
2.262400 
2.263600 
2.266000 
2.268800 
2.268900 
2.269800 
2.269900 
2.270400 
2.271300 
2.272400 
2.273000 
2.275900 
2.276700 
2.281500 
2.285000 
2.286700 
2.286800 
2.287000 
2.289300 
2.289300 
2.289500 
2.292000 
2.294500 
2.296400 
2.296700 
2.297000 
2.297500 
2.298000 
2.299300 
2.300200 
2.301900 
2.303900 
2.304300 
2.305600 
2.306700 
2.307500 
2.307700 
2.308300 
2.310800 
2.311100 
2.311300 
2.311800 
2.313100 
2.313900 
2.316000 
2.317400 
2.318600 
2.320700 
2.321400 
2.322000 
2.322100 
2.323300 
2.326200 
2.327500 
2.328900 
2.330900 
2.331300 
2.332000 
2.334200 
2.334800 
2.335700 
2.337400 
2.339900 
2.340700 
2.341100 
2.342800 
2.343500 
2.344600 
2.345100 
2.345900 
2.346100 
2.347500 
2.350900 
2.351000 
2.354200 
2.355000 
2.355500 
2.356600 
2.358600 
2.362600 
2.363300 
2.363700 
2.364500 
2.364800 
2.368100 
2.369700 
2.370900 
2.372600 
2.373600 
2.374100 
2.376500 
2.376800 
2.377000 
2.378000 
2.378600 
2.379800 
2.382800 
2.383200 
2.384200 
2.387400 
2.389900 
2.390500 
2.393400 
2.394100 
2.395200 
2.395400 
2.395500 
2.395600 
2.396900 
2.396900 
2.397300 
2.397600 
2.401000 
2.401100 
2.403600 
2.404100 
2.404100 
2.405500 
2.406800 
2.406900 
2.407300 
2.407600 
2.408000 
2.409800 
2.410500 
2.410900 
2.414000 
2.415700 
2.415800 
2.416300 
2.417800 
2.418500 
2.418500 
2.420100 
2.421500 
2.421500 
2.421700 
2.421900 
2.422500 
2.422700 
2.422900 
2.423700 
2.424400 
2.424400 
2.424900 
2.426500 
2.426600 
2.429200 
2.430900 
2.433700 
2.435200 
2.435800 
2.436200 
2.436400 
2.436700 
2.441500 
2.442500 
2.444000 
2.444800 
2.445000 
2.445300 
2.447400 
2.449200 
2.450600 
2.451700 
2.453600 
2.454700 
2.454800 
2.457500 
2.459200 
2.460900 
2.461100 
2.461500 
2.461900 
2.462500 
2.465300 
2.466800 
2.466900 
2.467600 
2.469100 
2.471300 
2.471400 
2.472400 
2.473100 
2.473600 
2.474100 
2.474400 
2.474400 
2.475500 
2.475900 
2.480400 
2.483200 
2.483400 
2.484800 
2.485200 
2.486400 
2.486400 
2.486900 
2.487400 
2.489200 
2.490700 
2.490800 
2.491200 
2.493700 
2.493900 
2.494300 
2.495700 
2.496900 
2.499600 
2.499600 
2.500600 
2.500900 
2.502500 
2.502800 
2.503200 
2.503600 
2.506700 
2.508100 
2.509800 
2.511100 
2.511400 
2.513400 
2.516200 
2.516400 
2.518200 
2.518500 
2.518500 
2.519500 
2.520400 
2.523300 
2.525100 
2.527800 
2.529900 
2.530300 
2.530700 
2.531100 
2.531300 
2.531600 
2.532500 
2.532900 
2.533600 
2.534400 
2.538000 
2.538800 
2.539500 
2.539900 
2.541500 
2.541800 
2.542700 
2.543400 
2.543800 
2.544600 
2.545300 
2.545600 
2.546200 
2.547200 
2.547300 
2.547600 
2.547700 
2.548800 
2.550400 
2.552600 
2.553500 
2.554400 
2.555600 
2.559600 
2.559600 
2.561300 
2.561600 
2.563200 
2.565000 
2.565200 
2.565500 
2.569700 
2.570600 
2.571700 
2.572200 
2.572800 
2.573000 
2.573100 
2.576400 
2.580500 
2.580700 
2.582700 
2.582800 
2.587500 
2.588000 
2.588100 
2.591400 
2.591900 
2.593200 
2.594300 
2.594900 
2.595700 
2.596400 
2.598000 
2.598300 
2.598500 
2.601400 
2.602200 
2.603300 
2.603500 
2.605000 
2.605300 
2.605900 
2.606400 
2.608300 
2.609000 
2.613000 
2.614400 
2.614600 
2.614700 
2.615000 
2.616300 
2.616700 
2.618700 
2.619800 
2.620900 
2.621600 
2.621600 
2.625000 
2.626300 
2.629900 
2.632700 
2.635000 
2.635100 
2.636700 
2.637800 
2.638100 
2.638200 
2.639500 
2.640400 
2.641900 
2.643000 
2.643500 
2.644100 
2.645300 
2.645800 
2.648000 
2.648800 
2.649500 
2.649800 
2.650900 
2.651900 
2.656800 
2.658800 
2.658900 
2.659500 
2.661400 
2.661600 
2.661800 
2.661900 
2.662200 
2.662200 
2.664300 
2.665300 
2.665800 
2.667300 
2.670600 
2.671900 
2.673400 
2.673800 
2.674200 
2.674300 
2.674700 
2.674800 
2.677500 
2.677700 
2.681200 
2.682500 
2.684300 
2.684400 
2.686100 
2.687200 
2.691700 
2.692200 
2.692500 
2.692800 
2.694600 
2.696400 
2.696500 
2.697000 
2.699000 
2.699900 
2.700000 
2.703300 
2.703800 
2.704400 
2.705400 
2.707200 
2.707400 
2.708200 
2.709300 
2.709600 
2.711400 
2.714100 
2.715500 
2.715900 
2.715900 
2.716600 
2.717000 
2.717900 
2.721000 
2.721500 
2.722600 
2.724900 
2.726000 
2.729300 
2.729900 
2.730900 
2.731000 
2.733200 
2.734800 
2.734900 
2.735300 
2.736700 
2.737500 
2.739400 
2.739600 
2.739700 
2.741300 
2.741900 
2.742300 
2.743200 
2.743600 
2.744800 
2.745200 
2.746200 
2.749900 
2.750300 
2.751100 
2.752200 
2.754300 
2.755500 
2.755600 
2.756600 
2.759800 
2.759900 
2.760300 
2.760500 
2.761900 
2.762200 
2.764400 
2.765400 
2.766300 
2.766500 
2.767900 
2.770000 
2.770100 
2.772500 
2.773700 
2.773700 
2.775300 
2.775800 
2.776300 
2.781400 
2.781700 
2.784600 
2.785700 
2.786000 
2.786500 
2.786600 
2.786900 
2.790800 
2.793200 
2.795000 
2.795100 
2.795200 
2.796400 
2.803100 
2.803200 
2.804100 
2.804600 
2.805200 
2.805500 
2.805500 
2.805700 
2.806500 
2.807700 
2.808600 
2.809600 
2.810800 
2.813000 
2.813300 
2.813900 
2.814500 
2.814700 
2.815100 
2.815300 
2.815600 
2.816500 
2.820200 
2.822100 
2.823800 
2.824000 
2.825000 
2.825300 
2.829800 
2.830800 
2.831300 
2.832000 
2.833000 
2.833700 
2.834200 
2.834400 
2.834400 
2.836800 
2.837400 
2.839100 
2.840000 
2.842200 
2.843800 
2.844800 
2.846400 
2.846600 
2.846900 
2.847800 
2.848500 
2.848600 
2.852200 
2.853000 
2.853100 
2.853200 
2.854100 
2.856500 
2.859500 
2.859700 
2.859900 
2.861000 
2.861300 
2.861800 
2.861900 
2.862300 
2.865200 
2.865900 
2.867600 
2.871300 
2.871300 
2.871600 
2.877100 
2.877400 
2.877700 
2.879400 
2.879800 
2.881000 
2.882500 
2.884100 
2.885300 
2.886100 
2.886100 
2.886200 
2.888300 
2.892100 
2.892600 
2.893000 
2.894600 
2.894600 
2.895600 
2.896000 
2.896000 
2.897100 
2.898900 
2.902500 
2.905300 
2.905400 
2.905800 
2.906100 
2.906300 
2.906900 
2.909300 
2.911000 
2.911400 
2.914200 
2.914600 
2.915100 
2.916100 
2.917300 
2.917400 
2.921600 
2.925300 
2.925700 
2.926500 
2.928200 
2.929100 
2.929600 
2.929700 
2.930600 
2.932300 
2.935000 
2.935600 
2.937100 
2.937500 
2.939400 
2.941000 
2.941600 
2.941900 
2.942400 
2.942800 
2.944500 
2.944800 
2.945800 
2.946500 
2.947400 
2.948000 
2.948700 
2.952600 
2.955900 
2.956700 
2.958900 
2.960400 
2.960700 
2.964100 
2.964800 
2.964800 
2.965000 
2.965800 
2.965800 
2.966100 
2.968300 
2.969300 
2.969800 
2.970000 
2.971200 
2.972500 
2.974500 
2.975400 
2.975700 
2.976400 
2.978600 
2.978900 
2.979200 
2.980300 
2.980700 
2.981800 
2.982100 
2.983400 
2.984600 
2.985100 
2.988600 
2.989200 
2.989700 
2.990300 
2.992300 
2.994100 
2.999600 
