0.026500 
0.028000 
0.037600 
0.040000 
0.041700 
0.042000 
0.043900 
0.044700 
0.044800 
0.047900 
0.048000 
0.048900 
0.049800 
0.056300 
0.059400 
0.062700 
0.065100 
0.067200 
0.070700 
0.071200 
0.073800 
0.075400 
0.079200 
0.081500 
0.082100 
0.083300 
0.083700 
0.084200 
0.087100 
0.088400 
0.091400 
0.091500 
0.092100 
0.094300 
0.095800 
0.097400 
0.098000 
0.098100 
0.098300 
0.098700 
0.099600 
0.104300 
0.104700 
0.105500 
0.105500 
0.105900 
0.105900 
0.107200 
0.107800 
0.109200 
0.109700 
0.110800 
0.111100 
0.111800 
0.112300 
0.113800 
0.114600 
0.116700 
0.116900 
0.117000 
0.118000 
0.119000 
0.119300 
0.121900 
0.124300 
0.125300 
0.125900 
0.129800 
0.131600 
0.131600 
0.132800 
0.133500 
0.133600 
0.133800 
0.135200 
0.137700 
0.138400 
0.138700 
0.139300 
0.141400 
0.143400 
0.143700 
0.144800 
0.145500 
0.146800 
0.148000 
0.148200 
0.149000 
0.151900 
0.152400 
0.156700 
0.157200 
0.157900 
0.158200 
0.158900 
0.159500 
0.160500 
0.160800 
0.162900 
0.164300 
0.165500 
0.166100 
0.166400 
0.167500 
0.168300 
0.169300 
0.170100 
0.170200 
0.171200 
0.172700 
0.173600 
0.174400 
0.175400 
0.177100 
0.177100 
0.177400 
0.178200 
0.180100 
0.182200 
0.184100 
0.184700 
0.185200 
0.185400 
0.185500 
0.186200 
0.188000 
0.188500 
0.190800 
0.192400 
0.192400 
0.193000 
0.193500 
0.194000 
0.194200 
0.195200 
0.198000 
0.199000 
0.199200 
0.200300 
0.201400 
0.201800 
0.202200 
0.204500 
0.204500 
0.205500 
0.205700 
0.206800 
0.207400 
0.208900 
0.209000 
0.209800 
0.211000 
0.211300 
0.212800 
0.213200 
0.214100 
0.214400 
0.214900 
0.215500 
0.217700 
0.218400 
0.219600 
0.219600 
0.221500 
0.221500 
0.225300 
0.226400 
0.227800 
0.230100 
0.230300 
0.231000 
0.231000 
0.231100 
0.232000 
0.232100 
0.232500 
0.232900 
0.235200 
0.238700 
0.238800 
0.239100 
0.239300 
0.239400 
0.239900 
0.240300 
0.240700 
0.241900 
0.242400 
0.242900 
0.243200 
0.243900 
0.245500 
0.245600 
0.247100 
0.247300 
0.247800 
0.249800 
0.251800 
0.252300 
0.252400 
0.252900 
0.253400 
0.254000 
0.257600 
0.259900 
0.261300 
0.262900 
0.265300 
0.266000 
0.268100 
0.268800 
0.269100 
0.269500 
0.271800 
0.272300 
0.273600 
0.273700 
0.276000 
0.276800 
0.277200 
0.279100 
0.279600 
0.280000 
0.280300 
0.280600 
0.280700 
0.280700 
0.281700 
0.282200 
0.282600 
0.282800 
0.284500 
0.286100 
0.287800 
0.287900 
0.288400 
0.291100 
0.292700 
0.293500 
0.296400 
0.296400 
0.297700 
0.298500 
0.299400 
0.299700 
0.300400 
0.303100 
0.303200 
0.303800 
0.304900 
0.305900 
0.306300 
0.307200 
0.307900 
0.310600 
0.311000 
0.312300 
0.312300 
0.314300 
0.314500 
0.315000 
0.317900 
0.319900 
0.322300 
0.322900 
0.324100 
0.324200 
0.325300 
0.325300 
0.326000 
0.326500 
0.329000 
0.329200 
0.329300 
0.329900 
0.330200 
0.331000 
0.333900 
0.334800 
0.335800 
0.338700 
0.340800 
0.341400 
0.341700 
0.342600 
0.342900 
0.343300 
0.343600 
0.345700 
0.349000 
0.349200 
0.349500 
0.350000 
0.350100 
0.351300 
0.351600 
0.354500 
0.355400 
0.355800 
0.356700 
0.356700 
0.357200 
0.359900 
0.360300 
0.360800 
0.361200 
0.361900 
0.364300 
0.367500 
0.369000 
0.370200 
0.371100 
0.374000 
0.374600 
0.375000 
0.376300 
0.376700 
0.376800 
0.378300 
0.378600 
0.378600 
0.378800 
0.380200 
0.382700 
0.382800 
0.385500 
0.386500 
0.388700 
0.389100 
0.389700 
0.393100 
0.394300 
0.394600 
0.395400 
0.395600 
0.395800 
0.397600 
0.398000 
0.399400 
0.399500 
0.402900 
0.405600 
0.406100 
0.406100 
0.406300 
0.406400 
0.406700 
0.406900 
0.410900 
0.412600 
0.413500 
0.414100 
0.414400 
0.414700 
0.416300 
0.416600 
0.418300 
0.420200 
0.421300 
0.421600 
0.421700 
0.423300 
0.423900 
0.425700 
0.427600 
0.427800 
0.429500 
0.429500 
0.430200 
0.430200 
0.432900 
0.433900 
0.434600 
0.436600 
0.438000 
0.438700 
0.440300 
0.440300 
0.440700 
0.441200 
0.442000 
0.442000 
0.445100 
0.445600 
0.447200 
0.448100 
0.448300 
0.448600 
0.450700 
0.450800 
0.451200 
0.451900 
0.452900 
0.454300 
0.456900 
0.457400 
0.458200 
0.458900 
0.460300 
0.461900 
0.463100 
0.463600 
0.464800 
0.464800 
0.466300 
0.467100 
0.468700 
0.471300 
0.474200 
0.474500 
0.474600 
0.474800 
0.474900 
0.475100 
0.478300 
0.478800 
0.479200 
0.480300 
0.482800 
0.484500 
0.486500 
0.486800 
0.487800 
0.488300 
0.488700 
0.489500 
0.490200 
0.490200 
0.492900 
0.493400 
0.493400 
0.495800 
0.497100 
0.497900 
0.499200 
0.499600 
0.500300 
0.502300 
0.503000 
0.503500 
0.503900 
0.504300 
0.507400 
0.508300 
0.510500 
0.511300 
0.513200 
0.513500 
0.513500 
0.513800 
0.515600 
0.516200 
0.516200 
0.517400 
0.517500 
0.518000 
0.518100 
0.518100 
0.518300 
0.520300 
0.525200 
0.526000 
0.529000 
0.531800 
0.532300 
0.533200 
0.533800 
0.534000 
0.537800 
0.538400 
0.538900 
0.539700 
0.540400 
0.540500 
0.541400 
0.543300 
0.545000 
0.546300 
0.549200 
0.549900 
0.550000 
0.550300 
0.556000 
0.556000 
0.556100 
0.557900 
0.558400 
0.558700 
0.559100 
0.559500 
0.559700 
0.560000 
0.564700 
0.565500 
0.565600 
0.568100 
0.570700 
0.573400 
0.574700 
0.575200 
0.576000 
0.576100 
0.577800 
0.579500 
0.579600 
0.580000 
0.580400 
0.582300 
0.582700 
0.585400 
0.585700 
0.586100 
0.586600 
0.587300 
0.590400 
0.591000 
0.591800 
0.592000 
0.594600 
0.595800 
0.596000 
0.596400 
0.597400 
0.598900 
0.599200 
0.600700 
0.601900 
0.602500 
0.602800 
0.602800 
0.603400 
0.604500 
0.607900 
0.608200 
0.608500 
0.610200 
0.613100 
0.614700 
0.616400 
0.617000 
0.617800 
0.618100 
0.618700 
0.619900 
0.619900 
0.620100 
0.620300 
0.622100 
0.622200 
0.622300 
0.622800 
0.627000 
0.628100 
0.629300 
0.631200 
0.631300 
0.634700 
0.635100 
0.635900 
0.636900 
0.637600 
0.638100 
0.639600 
0.640400 
0.641400 
0.641400 
0.643800 
0.644500 
0.644700 
0.646200 
0.648000 
0.648400 
0.648900 
0.649100 
0.652200 
0.653100 
0.653200 
0.656200 
0.657500 
0.658500 
0.659700 
0.660200 
0.660400 
0.660900 
0.661200 
0.661600 
0.662400 
0.664800 
0.665200 
0.665800 
0.666000 
0.667300 
0.669500 
0.670200 
0.673000 
0.673700 
0.674000 
0.677200 
0.677600 
0.678200 
0.679600 
0.679700 
0.681200 
0.683400 
0.684600 
0.684900 
0.685700 
0.686100 
0.688700 
0.689000 
0.689100 
0.689600 
0.690400 
0.691300 
0.692000 
0.692000 
0.694400 
0.695000 
0.696000 
0.696300 
0.699300 
0.701400 
0.705900 
0.707800 
0.710200 
0.710700 
0.711100 
0.711200 
0.712000 
0.713100 
0.714800 
0.714800 
0.715000 
0.715800 
0.716300 
0.717100 
0.717300 
0.717400 
0.719100 
0.719600 
0.719700 
0.721200 
0.722900 
0.726100 
0.726200 
0.726500 
0.727400 
0.729500 
0.730800 
0.730900 
0.732800 
0.734200 
0.736800 
0.737700 
0.740200 
0.741300 
0.742300 
0.742800 
0.745100 
0.745400 
0.745600 
0.746400 
0.747600 
0.749300 
0.750800 
0.751600 
0.754100 
0.754600 
0.755000 
0.758400 
0.758900 
0.759900 
0.761500 
0.762700 
0.762800 
0.763200 
0.763500 
0.764900 
0.765700 
0.767500 
0.771200 
0.771300 
0.772300 
0.773400 
0.773700 
0.774500 
0.776500 
0.777000 
0.781800 
0.783200 
0.783600 
0.787500 
0.787600 
0.788300 
0.790700 
0.791200 
0.792600 
0.794300 
0.795000 
0.795700 
0.797000 
0.798800 
0.799200 
0.799800 
0.802300 
0.803400 
0.803600 
0.805400 
0.805800 
0.806900 
0.807300 
0.808400 
0.808600 
0.809000 
0.809200 
0.810600 
0.815600 
0.816000 
0.817000 
0.817500 
0.818400 
0.820100 
0.821300 
0.822000 
0.822800 
0.825200 
0.825800 
0.827200 
0.828400 
0.829800 
0.830400 
0.832500 
0.833200 
0.834500 
0.836500 
0.836700 
0.837000 
0.838400 
0.838600 
0.840200 
0.840900 
0.841100 
0.842000 
0.844900 
0.845400 
0.845500 
0.845800 
0.846200 
0.847900 
0.850200 
0.850200 
0.853000 
0.856700 
0.857400 
0.858100 
0.860200 
0.860500 
0.860800 
0.862500 
0.864000 
0.864600 
0.866900 
0.867500 
0.868700 
0.869000 
0.869500 
0.869800 
0.872600 
0.872800 
0.873100 
0.876100 
0.876800 
0.876900 
0.877000 
0.878300 
0.880300 
0.880700 
0.881000 
0.884200 
0.884500 
0.885000 
0.885500 
0.887900 
0.889100 
0.889900 
0.891000 
0.891700 
0.892800 
0.892900 
0.893100 
0.893300 
0.894600 
0.894600 
0.898700 
0.898800 
0.900000 
0.900300 
0.901100 
0.903100 
0.906000 
0.907700 
0.907900 
0.908400 
0.908600 
0.910800 
0.912000 
0.912900 
0.913700 
0.914200 
0.914300 
0.915900 
0.916400 
0.918500 
0.919700 
0.920200 
0.921800 
0.924300 
0.926300 
0.928800 
0.929300 
0.929900 
0.930500 
0.931000 
0.931700 
0.931800 
0.933400 
0.933400 
0.933600 
0.937100 
0.937500 
0.942200 
0.947700 
0.950700 
0.951600 
0.952900 
0.952900 
0.952900 
0.954500 
0.954700 
0.954800 
0.954900 
0.954900 
0.957800 
0.959000 
0.960100 
0.960500 
0.961800 
0.963200 
0.963700 
0.965400 
0.965900 
0.967500 
0.968200 
0.968400 
0.973100 
0.975000 
0.975000 
0.975000 
0.977300 
0.977500 
0.977800 
0.978500 
0.978800 
0.980400 
0.982700 
0.982900 
0.983200 
0.983700 
0.984000 
0.984000 
0.984900 
0.985600 
0.989100 
0.990100 
0.990400 
0.991300 
0.994900 
0.994900 
0.995400 
0.996200 
0.998200 
0.999300 
1.000300 
1.000700 
1.000900 
1.000900 
1.002500 
1.004300 
1.008000 
1.009600 
1.012800 
1.015700 
1.019300 
1.022600 
1.023100 
1.024000 
1.024700 
1.025700 
1.026500 
1.026700 
1.026700 
1.027300 
1.027600 
1.027700 
1.029300 
1.030800 
1.032500 
1.033000 
1.034500 
1.035300 
1.037400 
1.039200 
1.044100 
1.047200 
1.048000 
1.048400 
1.048700 
1.049900 
1.050400 
1.050400 
1.051400 
1.052100 
1.053000 
1.054200 
1.056200 
1.059600 
1.063500 
1.064500 
1.065200 
1.068300 
1.069400 
1.069600 
1.072100 
1.072800 
1.073000 
1.073300 
1.074900 
1.075800 
1.076300 
1.078800 
1.078800 
1.078800 
1.080100 
1.080200 
1.080500 
1.082900 
1.082900 
1.085200 
1.087100 
1.087100 
1.088300 
1.088500 
1.090100 
1.091200 
1.092700 
1.092900 
1.093500 
1.096200 
1.096600 
1.098100 
1.099300 
1.100600 
1.100600 
1.100700 
1.101400 
1.103200 
1.103700 
1.104300 
1.104700 
1.104900 
1.105100 
1.108000 
1.108000 
1.111600 
1.112600 
1.113100 
1.113200 
1.113300 
1.113900 
1.114900 
1.115700 
1.116000 
1.116300 
1.118400 
1.118400 
1.122700 
1.123600 
1.124300 
1.126400 
1.126400 
1.128100 
1.130800 
1.132300 
1.133500 
1.134700 
1.135200 
1.135300 
1.135300 
1.135800 
1.138300 
1.141000 
1.141300 
1.142200 
1.142700 
1.144600 
1.146300 
1.146500 
1.147000 
1.148000 
1.149200 
1.149200 
1.149500 
1.149500 
1.150700 
1.152500 
1.152600 
1.153700 
1.154900 
1.155100 
1.156800 
1.159000 
1.159900 
1.159900 
1.160400 
1.161300 
1.161400 
1.161900 
1.161900 
1.165000 
1.165400 
1.166000 
1.171000 
1.171800 
1.172300 
1.172500 
1.175900 
1.177400 
1.178500 
1.179300 
1.179600 
1.180500 
1.182000 
1.184700 
1.185200 
1.186900 
1.187200 
1.188200 
1.189600 
1.190100 
1.190300 
1.191300 
1.191900 
1.192200 
1.194200 
1.194900 
1.195000 
1.195500 
1.198700 
1.201700 
1.202700 
1.203100 
1.204700 
1.205400 
1.205600 
1.207700 
1.207800 
1.209600 
1.209900 
1.211600 
1.211700 
1.213300 
1.214200 
1.214300 
1.214600 
1.217700 
1.218300 
1.218500 
1.219800 
1.219900 
1.221700 
1.222200 
1.223900 
1.225400 
1.225500 
1.228200 
1.228900 
1.230700 
1.231500 
1.232400 
1.233100 
1.234100 
1.234500 
1.236800 
1.236900 
1.237400 
1.237400 
1.237800 
1.238300 
1.238800 
1.239800 
1.240300 
1.244200 
1.245400 
1.245900 
1.246100 
1.246200 
1.246300 
1.248200 
1.249000 
1.250200 
1.250300 
1.252000 
1.252700 
1.253000 
1.253700 
1.255100 
1.257400 
1.257900 
1.258000 
1.259400 
1.261300 
1.263700 
1.264400 
1.266400 
1.266900 
1.267800 
1.268700 
1.269400 
1.269700 
1.270400 
1.270700 
1.272500 
1.272900 
1.273300 
1.275300 
1.275400 
1.276100 
1.276300 
1.277000 
1.277100 
1.277500 
1.281000 
1.281800 
1.282400 
1.282900 
1.284400 
1.285000 
1.286100 
1.286200 
1.291700 
1.292500 
1.293300 
1.293700 
1.293800 
1.296500 
1.298900 
1.299200 
1.299600 
1.300300 
1.300900 
1.302200 
1.303300 
1.303600 
1.304900 
1.305300 
1.305900 
1.306500 
1.307600 
1.313900 
1.314500 
1.314500 
1.315700 
1.315700 
1.316300 
1.316400 
1.317000 
1.317100 
1.317200 
1.318000 
1.320100 
1.320200 
1.320300 
1.321000 
1.323100 
1.323500 
1.324100 
1.324100 
1.324500 
1.324600 
1.325700 
1.327600 
1.332200 
1.332800 
1.332900 
1.333300 
1.334800 
1.335600 
1.335700 
1.339600 
1.340600 
1.341600 
1.342000 
1.342600 
1.342800 
1.346000 
1.346800 
1.347500 
1.347800 
1.350600 
1.351100 
1.352100 
1.353300 
1.355000 
1.356000 
1.358500 
1.359400 
1.362200 
1.362700 
1.363400 
1.364500 
1.368500 
1.368600 
1.368700 
1.369700 
1.370300 
1.371600 
1.372000 
1.372800 
1.373900 
1.375200 
1.376100 
1.376700 
1.377800 
1.380000 
1.380200 
1.381600 
1.382500 
1.384000 
1.384500 
1.385200 
1.386300 
1.386500 
1.390300 
1.390500 
1.390600 
1.391900 
1.393700 
1.394400 
1.395100 
1.397400 
1.397900 
1.399100 
1.399600 
1.403200 
1.403300 
1.404000 
1.404100 
1.404200 
1.405000 
1.405200 
1.407900 
1.409600 
1.411200 
1.411900 
1.412700 
1.413600 
1.415000 
1.416000 
1.416600 
1.416700 
1.417300 
1.417900 
1.417900 
1.419200 
1.420100 
1.420600 
1.420900 
1.422600 
1.423700 
1.424800 
1.426100 
1.427300 
1.427700 
1.428200 
1.429000 
1.429400 
1.429500 
1.430000 
1.430500 
1.430600 
1.430600 
1.431000 
1.431700 
1.433000 
1.434300 
1.434800 
1.436400 
1.439100 
1.439900 
1.440000 
1.440900 
1.441000 
1.441400 
1.443800 
1.444800 
1.445500 
1.447100 
1.448000 
1.448500 
1.451900 
1.452600 
1.453800 
1.455200 
1.455800 
1.456200 
1.457200 
1.459300 
1.459600 
1.459600 
1.460000 
1.460600 
1.461500 
1.461900 
1.462900 
1.465000 
1.465800 
1.465900 
1.466300 
1.467200 
1.467900 
1.468100 
1.468400 
1.469100 
1.469800 
1.472700 
1.474900 
1.475600 
1.475800 
1.478900 
1.478900 
1.480000 
1.481000 
1.481200 
1.481800 
1.481900 
1.482300 
1.482300 
1.482800 
1.485500 
1.486400 
1.486500 
1.487800 
1.488700 
1.489600 
1.490800 
1.491900 
1.492000 
1.493100 
1.493200 
1.493300 
1.494300 
1.495400 
1.495500 
1.496100 
1.496700 
1.497200 
1.497500 
1.499800 
1.500600 
1.502200 
1.503300 
1.503400 
1.504300 
1.507800 
1.508500 
1.509100 
1.509600 
1.514200 
1.514200 
1.514600 
1.515000 
1.515200 
1.515400 
1.516200 
1.517700 
1.519200 
1.519400 
1.519500 
1.520400 
1.521200 
1.523400 
1.524700 
1.526800 
1.527700 
1.529700 
1.531400 
1.532300 
1.532500 
1.533700 
1.534400 
1.534800 
1.535100 
1.535100 
1.535500 
1.535900 
1.536200 
1.536800 
1.537800 
1.538400 
1.538500 
1.538500 
1.538600 
1.538600 
1.540500 
1.543000 
1.543400 
1.547800 
1.549300 
1.549700 
1.550100 
1.550400 
1.550700 
1.550900 
1.551200 
1.551500 
1.551700 
1.551700 
1.555200 
1.555200 
1.557500 
1.561700 
1.563100 
1.563200 
1.565700 
1.566400 
1.567300 
1.568100 
1.569700 
1.571100 
1.571400 
1.571600 
1.571900 
1.572600 
1.573100 
1.573400 
1.575700 
1.578000 
1.580600 
1.584100 
1.586700 
1.587100 
1.587200 
1.587700 
1.590300 
1.591600 
1.593700 
1.594100 
1.594300 
1.594900 
1.595000 
1.595700 
1.595900 
1.596700 
1.602600 
1.603200 
1.605300 
1.606100 
1.608300 
1.609100 
1.609900 
1.610100 
1.610200 
1.610300 
1.610500 
1.612200 
1.615100 
1.615400 
1.616500 
1.618600 
1.623500 
1.623700 
1.625500 
1.627300 
1.627300 
1.628700 
1.629200 
1.629500 
1.630000 
1.634500 
1.634500 
1.637900 
1.638400 
1.639100 
1.639200 
1.640400 
1.640900 
1.641400 
1.644400 
1.644500 
1.645400 
1.645900 
1.646800 
1.649400 
1.650000 
1.650100 
1.652400 
1.654000 
1.655000 
1.655600 
1.656100 
1.656800 
1.657000 
1.657700 
1.657900 
1.659200 
1.661500 
1.662900 
1.663100 
1.663600 
1.663700 
1.664800 
1.664800 
1.666600 
1.668400 
1.670200 
1.671000 
1.675400 
1.676500 
1.677200 
1.678800 
1.680200 
1.680600 
1.681100 
1.681200 
1.683000 
1.683300 
1.686900 
1.687100 
1.689000 
1.692800 
1.693600 
1.694800 
1.695200 
1.696300 
1.696900 
1.697000 
1.700300 
1.700800 
1.700900 
1.702000 
1.703400 
1.704100 
1.704500 
1.704600 
1.705700 
1.705800 
1.707700 
1.707900 
1.708900 
1.709100 
1.709700 
1.709900 
1.710500 
1.713200 
1.714200 
1.714600 
1.716300 
1.716500 
1.716700 
1.716900 
1.717200 
1.720500 
1.720700 
1.721500 
1.724100 
1.727500 
1.727900 
1.730700 
1.731200 
1.732900 
1.733900 
1.734000 
1.734200 
1.734800 
1.735300 
1.735500 
1.736600 
1.739800 
1.741700 
1.742200 
1.743500 
1.746400 
1.747000 
1.747600 
1.748100 
1.748600 
1.749400 
1.750000 
1.750400 
1.751900 
1.752300 
1.754800 
1.755200 
1.755400 
1.755600 
1.763100 
1.764300 
1.764300 
1.765300 
1.766100 
1.767200 
1.767300 
1.767400 
1.768200 
1.768300 
1.770400 
1.770600 
1.770800 
1.771600 
1.771800 
1.773100 
1.774900 
1.777200 
1.778100 
1.779800 
1.779900 
1.780900 
1.780900 
1.781400 
1.781800 
1.781900 
1.783300 
1.784200 
1.784700 
1.785000 
1.786300 
1.787100 
1.787200 
1.789900 
1.792200 
1.794200 
1.794300 
1.795800 
1.797400 
1.801100 
1.803800 
1.804400 
1.804900 
1.806800 
1.808400 
1.813300 
1.813800 
1.813900 
1.814900 
1.815900 
1.816500 
1.816700 
1.817100 
1.819100 
1.820300 
1.820600 
1.820800 
1.821500 
1.822400 
1.823400 
1.825300 
1.825500 
1.825600 
1.825900 
1.826000 
1.827200 
1.829300 
1.829700 
1.830800 
1.831000 
1.831000 
1.832000 
1.832500 
1.833600 
1.833600 
1.834200 
1.836400 
1.838400 
1.838600 
1.839000 
1.839700 
1.841900 
1.845000 
1.845400 
1.847800 
1.848400 
1.848500 
1.849700 
1.850100 
1.851500 
1.853300 
1.853900 
1.854500 
1.854700 
1.857300 
1.857500 
1.860000 
1.862700 
1.863100 
1.864600 
1.866200 
1.866800 
1.867000 
1.869500 
1.869500 
1.872200 
1.872300 
1.874400 
1.877500 
1.878800 
1.880400 
1.882900 
1.888100 
1.888700 
1.889100 
1.889600 
1.890100 
1.891300 
1.892200 
1.892400 
1.892400 
1.892400 
1.892600 
1.893100 
1.893400 
1.895600 
1.896300 
1.897000 
1.898100 
1.900000 
1.901000 
1.901200 
1.901800 
1.904200 
1.906700 
1.907100 
1.909200 
1.911300 
1.911600 
1.912500 
1.913600 
1.913600 
1.915000 
1.915000 
1.915700 
1.916700 
1.918200 
1.919300 
1.919400 
1.920300 
1.921900 
1.922400 
1.922800 
1.923000 
1.924100 
1.926500 
1.926800 
1.927600 
1.929500 
1.930500 
1.931200 
1.931400 
1.932900 
1.933100 
1.933800 
1.933900 
1.934300 
1.934400 
1.935200 
1.935300 
1.935700 
1.936700 
1.937100 
1.937400 
1.938000 
1.938100 
1.938400 
1.941100 
1.941200 
1.941600 
1.942000 
1.942700 
1.947000 
1.949200 
1.950200 
1.950400 
1.952300 
1.954300 
1.955700 
1.956600 
1.958100 
1.959400 
1.960200 
1.961500 
1.962100 
1.963000 
1.963300 
1.963400 
1.963700 
1.964300 
1.965700 
1.966600 
1.968400 
1.969300 
1.970200 
1.971900 
1.973800 
1.973900 
1.974400 
1.975800 
1.976000 
1.977400 
1.978000 
1.980000 
1.980700 
1.980800 
1.981500 
1.981500 
1.982200 
1.983900 
1.986400 
1.987500 
1.988200 
1.988300 
1.988900 
1.992200 
1.992700 
1.992900 
1.993100 
1.993100 
1.993200 
1.996000 
1.996300 
1.997800 
1.997900 
1.998200 
1.998300 
1.998600 
1.998700 
2.002800 
2.004000 
2.005600 
2.005900 
2.012600 
2.012700 
2.013000 
2.013000 
2.013500 
2.014400 
2.014400 
2.016800 
2.018700 
2.019400 
2.020500 
2.021500 
2.025400 
2.027500 
2.029100 
2.029900 
2.030100 
2.030200 
2.030500 
2.032800 
2.034100 
2.034100 
2.035100 
2.035300 
2.036000 
2.038100 
2.038300 
2.040200 
2.041700 
2.042600 
2.044500 
2.049800 
2.050000 
2.052200 
2.052300 
2.052400 
2.052500 
2.052800 
2.055200 
2.056400 
2.056900 
2.057200 
2.057400 
2.057700 
2.059700 
2.061300 
2.061500 
2.063800 
2.066300 
2.068100 
2.068600 
2.069000 
2.069300 
2.069800 
2.071000 
2.071500 
2.073400 
2.073600 
2.074400 
2.077100 
2.077200 
2.077600 
2.077600 
2.078500 
2.078700 
2.080600 
2.080800 
2.081000 
2.083400 
2.085000 
2.087500 
2.087900 
2.088800 
2.090100 
2.092000 
2.094300 
2.094700 
2.094800 
2.098200 
2.098700 
2.099600 
2.099700 
2.100900 
2.101500 
2.101700 
2.103000 
2.103200 
2.104300 
2.104600 
2.105800 
2.108500 
2.108500 
2.109200 
2.110300 
2.113500 
2.113900 
2.115100 
2.115300 
2.118200 
2.118900 
2.119100 
2.120800 
2.121600 
2.121900 
2.121900 
2.123000 
2.123100 
2.123700 
2.124600 
2.125900 
2.127400 
2.128500 
2.130200 
2.131100 
2.131900 
2.132000 
2.132300 
2.132900 
2.133800 
2.134100 
2.135700 
2.136000 
2.136700 
2.138100 
2.139500 
2.141700 
2.143900 
2.144300 
2.144900 
2.148200 
2.150400 
2.150800 
2.151000 
2.151200 
2.151500 
2.153500 
2.153700 
2.153700 
2.154100 
2.155200 
2.157900 
2.159300 
2.160700 
2.162500 
2.162600 
2.163200 
2.165000 
2.166000 
2.167300 
2.169800 
2.170500 
2.173800 
2.174200 
2.176100 
2.176200 
2.176900 
2.178000 
2.179000 
2.179600 
2.179600 
2.179600 
2.180500 
2.181400 
2.182300 
2.183400 
2.184100 
2.185400 
2.185700 
2.185800 
2.186000 
2.186600 
2.189300 
2.189400 
2.189400 
2.192300 
2.192800 
2.193600 
2.193700 
2.193800 
2.194700 
2.194900 
2.195400 
2.197100 
2.202900 
2.204500 
2.205400 
2.205900 
2.206300 
2.208500 
2.209000 
2.209700 
2.209800 
2.210100 
2.212400 
2.212600 
2.213000 
2.213600 
2.214700 
2.215100 
2.215300 
2.215700 
2.216000 
2.216000 
2.217300 
2.219600 
2.220100 
2.220600 
2.221800 
2.222400 
2.222500 
2.222900 
2.224500 
2.224800 
2.227600 
2.232800 
2.233500 
2.233800 
2.233900 
2.234600 
2.236900 
2.237900 
2.239100 
2.239800 
2.240100 
2.240900 
2.241200 
2.241500 
2.241700 
2.244500 
2.244600 
2.244800 
2.246000 
2.247700 
2.247800 
2.248400 
2.249300 
2.251600 
2.252800 
2.253800 
2.254000 
2.254300 
2.256200 
2.256600 
2.257300 
2.257400 
2.258500 
2.259000 
2.266400 
2.267200 
2.268200 
2.269100 
2.269300 
2.270100 
2.270500 
2.270600 
2.270900 
2.271800 
2.272800 
2.275500 
2.277500 
2.278200 
2.278600 
2.278800 
2.279100 
2.279100 
2.281200 
2.281800 
2.282400 
2.282600 
2.282900 
2.283200 
2.283200 
2.283600 
2.284400 
2.284500 
2.285300 
2.286500 
2.287600 
2.289200 
2.290500 
2.291200 
2.291300 
2.292900 
2.294600 
2.294900 
2.296400 
2.300100 
2.300900 
2.301000 
2.301000 
2.301300 
2.303700 
2.303900 
2.304000 
2.307200 
2.307700 
2.309200 
2.309900 
2.311200 
2.313800 
2.314600 
2.315000 
2.316300 
2.316500 
2.317300 
2.317700 
2.319100 
2.319500 
2.321100 
2.321300 
2.322200 
2.324400 
2.324800 
2.326200 
2.327700 
2.328200 
2.329900 
2.330100 
2.333400 
2.335200 
2.335900 
2.336600 
2.336600 
2.338400 
2.338500 
2.341100 
2.341200 
2.341200 
2.341400 
2.342500 
2.342500 
2.342900 
2.343200 
2.345400 
2.346200 
2.346400 
2.346500 
2.346800 
2.349300 
2.349600 
2.351700 
2.354400 
2.354600 
2.354700 
2.362100 
2.362400 
2.362900 
2.363000 
2.363300 
2.364500 
2.365500 
2.365800 
2.367000 
2.367700 
2.368600 
2.371800 
2.372400 
2.374100 
2.375800 
2.376200 
2.376400 
2.376800 
2.377900 
2.378500 
2.379100 
2.380300 
2.380800 
2.381200 
2.382800 
2.385600 
2.387000 
2.387100 
2.388400 
2.388700 
2.388700 
2.388800 
2.390600 
2.392500 
2.394200 
2.394500 
2.394900 
2.395900 
2.396100 
2.397200 
2.398200 
2.398900 
2.399000 
2.400400 
2.400600 
2.400600 
2.402000 
2.402100 
2.403600 
2.403700 
2.405500 
2.406700 
2.407500 
2.407500 
2.408100 
2.409200 
2.413400 
2.413900 
2.415600 
2.416200 
2.417500 
2.417600 
2.417700 
2.420200 
2.420300 
2.421800 
2.422800 
2.423500 
2.423800 
2.424000 
2.424500 
2.425000 
2.425400 
2.425900 
2.428400 
2.429900 
2.430000 
2.432900 
2.434300 
2.435100 
2.436400 
2.437700 
2.440400 
2.440800 
2.442800 
2.443100 
2.445600 
2.446100 
2.446900 
2.450200 
2.453200 
2.453400 
2.453800 
2.454700 
2.455500 
2.455600 
2.456400 
2.459800 
2.460200 
2.461600 
2.462300 
2.463100 
2.464300 
2.464600 
2.464700 
2.465500 
2.466100 
2.467000 
2.467000 
2.472600 
2.473000 
2.473100 
2.473200 
2.474600 
2.476300 
2.477800 
2.482700 
2.482900 
2.483500 
2.484600 
2.486000 
2.486300 
2.486800 
2.488800 
2.489700 
2.489800 
2.492600 
2.493400 
2.495000 
2.495700 
2.498000 
2.498300 
2.500100 
2.501900 
2.503000 
2.505300 
2.505400 
2.505400 
2.505500 
2.508400 
2.509700 
2.514200 
2.515200 
2.515700 
2.516700 
2.518900 
2.520100 
2.521000 
2.521900 
2.522300 
2.523200 
2.523300 
2.524300 
2.526000 
2.526400 
2.527900 
2.529200 
2.530300 
2.531400 
2.532400 
2.532500 
2.534300 
2.535500 
2.535700 
2.536100 
2.536100 
2.539400 
2.539900 
2.541700 
2.543600 
2.543800 
2.544200 
2.544300 
2.544800 
2.546400 
2.548300 
2.550400 
2.551500 
2.552800 
2.555500 
2.556200 
2.556300 
2.556800 
2.556900 
2.558300 
2.559400 
2.560500 
2.562500 
2.563200 
2.566100 
2.566800 
2.567800 
2.568200 
2.569800 
2.570400 
2.571000 
2.572300 
2.573500 
2.574100 
2.574100 
2.574800 
2.575200 
2.575300 
2.576300 
2.577400 
2.577700 
2.577800 
2.580000 
2.580700 
2.581800 
2.583100 
2.584200 
2.584500 
2.585800 
2.586900 
2.587700 
2.588000 
2.588500 
2.591000 
2.591500 
2.591800 
2.594300 
2.595200 
2.595400 
2.596700 
2.597300 
2.598100 
2.601200 
2.601300 
2.602800 
2.603700 
2.605500 
2.606900 
2.607400 
2.607600 
2.607900 
2.609300 
2.610800 
2.611800 
2.612300 
2.613300 
2.613900 
2.614500 
2.614800 
2.615200 
2.617100 
2.618900 
2.619400 
2.622100 
2.622200 
2.623100 
2.623600 
2.625100 
2.626600 
2.627300 
2.628400 
2.628900 
2.629700 
2.629800 
2.630000 
2.630600 
2.633200 
2.634900 
2.635500 
2.638800 
2.639700 
2.639800 
2.640900 
2.641200 
2.644500 
2.644600 
2.644600 
2.645700 
2.645800 
2.646000 
2.647800 
2.647900 
2.650300 
2.650700 
2.650900 
2.651700 
2.653000 
2.653800 
2.654300 
2.654600 
2.657700 
2.659000 
2.659500 
2.660000 
2.660200 
2.662600 
2.665000 
2.665600 
2.667000 
2.667400 
2.667600 
2.667900 
2.668900 
2.669300 
2.669800 
2.670600 
2.671500 
2.672000 
2.672400 
2.672900 
2.673200 
2.673300 
2.674400 
2.678100 
2.680500 
2.686600 
2.686700 
2.686700 
2.687300 
2.689000 
2.689600 
2.690400 
2.691400 
2.691800 
2.692000 
2.692100 
2.692400 
2.692800 
2.693500 
2.693600 
2.693800 
2.696200 
2.696500 
2.698200 
2.698600 
2.701000 
2.701400 
2.702100 
2.702400 
2.703100 
2.704300 
2.708700 
2.709200 
2.709700 
2.710900 
2.711200 
2.712500 
2.713800 
2.714600 
2.714900 
2.715000 
2.715200 
2.715600 
2.716400 
2.717400 
2.719500 
2.720800 
2.721200 
2.723100 
2.723300 
2.723500 
2.724000 
2.724200 
2.724800 
2.725000 
2.725000 
2.726900 
2.727600 
2.730300 
2.733200 
2.733300 
2.735100 
2.735200 
2.737000 
2.737100 
2.737900 
2.739400 
2.739500 
2.741600 
2.743900 
2.744200 
2.745200 
2.745300 
2.745400 
2.746100 
2.746100 
2.746200 
2.746600 
2.747400 
2.754000 
2.755000 
2.755300 
2.755500 
2.758200 
2.758500 
2.759000 
2.759600 
2.760800 
2.761000 
2.761200 
2.761500 
2.762200 
2.762500 
2.763200 
2.765200 
2.767100 
2.770000 
2.770800 
2.771200 
2.771800 
2.772400 
2.774200 
2.774500 
2.775800 
2.776100 
2.776500 
2.778000 
2.778000 
2.778300 
2.778800 
2.779400 
2.779700 
2.784100 
2.784300 
2.784600 
2.785200 
2.785400 
2.785600 
2.785800 
2.786100 
2.787500 
2.791000 
2.792200 
2.792400 
2.793200 
2.793600 
2.794000 
2.794100 
2.796900 
2.797600 
2.798200 
2.798800 
2.798900 
2.799000 
2.799400 
2.799700 
2.804000 
2.808800 
2.809300 
2.810800 
2.811000 
2.811000 
2.811300 
2.811800 
2.812000 
2.813000 
2.813200 
2.813400 
2.814500 
2.814900 
2.815100 
2.815500 
2.816500 
2.817200 
2.817500 
2.819200 
2.821000 
2.821200 
2.823000 
2.824600 
2.825600 
2.826000 
2.826400 
2.826900 
2.827500 
2.827600 
2.829100 
2.830600 
2.832300 
2.832900 
2.833200 
2.833500 
2.834200 
2.834700 
2.835900 
2.838200 
2.840800 
2.840800 
2.842200 
2.842500 
2.843400 
2.845900 
2.846500 
2.849700 
2.851000 
2.853900 
2.854400 
2.855000 
2.855500 
2.855700 
2.857700 
2.857900 
2.858800 
2.859700 
2.859700 
2.860000 
2.860100 
2.860500 
2.860700 
2.861300 
2.861600 
2.863000 
2.863700 
2.863900 
2.864700 
2.866300 
2.869000 
2.870000 
2.870200 
2.870300 
2.870700 
2.872400 
2.873100 
2.873300 
2.875400 
2.876300 
2.876600 
2.876900 
2.877300 
2.877700 
2.878400 
2.880700 
2.883700 
2.884700 
2.885500 
2.886300 
2.887700 
2.887800 
2.888300 
2.888400 
2.888500 
2.889000 
2.891600 
2.893100 
2.893200 
2.893800 
2.894600 
2.894800 
2.895200 
2.896000 
2.898400 
2.899600 
2.902900 
2.903200 
2.906400 
2.908400 
2.909100 
2.909600 
2.909700 
2.910800 
2.911000 
2.911800 
2.912200 
2.912700 
2.913000 
2.913600 
2.914100 
2.915400 
2.915700 
2.917200 
2.918400 
2.919900 
2.920000 
2.920100 
2.922900 
2.925000 
2.926800 
2.928000 
2.928500 
2.929700 
2.930700 
2.931200 
2.931300 
2.932900 
2.935100 
2.935500 
2.935800 
2.935900 
2.936200 
2.939100 
2.941000 
2.942100 
2.942300 
2.943800 
2.944300 
2.945200 
2.946400 
2.949400 
2.950700 
2.950800 
2.952500 
2.953700 
2.955700 
2.956100 
2.957000 
2.957800 
2.958600 
2.959700 
2.960200 
2.962500 
2.962800 
2.964000 
2.964700 
2.965000 
2.965200 
2.965500 
2.966200 
2.966300 
2.967100 
2.969200 
2.970500 
2.970800 
2.974200 
2.974500 
2.975700 
2.976000 
2.976400 
2.978900 
2.980600 
2.982100 
2.983900 
2.985200 
2.986900 
2.986900 
2.987300 
2.988600 
2.989400 
2.989400 
2.989800 
2.990700 
2.990700 
2.991000 
2.992700 
2.993500 
2.993600 
2.993900 
2.994900 
2.995300 
2.996400 
2.997700 
2.999400 
2.999500 
2.999700 
