0.040900 
0.041100 
0.044400 
0.045100 
0.045600 
0.046700 
0.048300 
0.050600 
0.053000 
0.053700 
0.053800 
0.053800 
0.054000 
0.054800 
0.055700 
0.055700 
0.056600 
0.057100 
0.057600 
0.057800 
0.058300 
0.058300 
0.060300 
0.060400 
0.061600 
0.064800 
0.065100 
0.065500 
0.068500 
0.068500 
0.073400 
0.073900 
0.075000 
0.075800 
0.082300 
0.084800 
0.085200 
0.085600 
0.088500 
0.090500 
0.091800 
0.093700 
0.093800 
0.094200 
0.094300 
0.094400 
0.094400 
0.096500 
0.096600 
0.097600 
0.099200 
0.100100 
0.100400 
0.100600 
0.101900 
0.102700 
0.106400 
0.107600 
0.109100 
0.112200 
0.114000 
0.114200 
0.115500 
0.118600 
0.119000 
0.122400 
0.123200 
0.125800 
0.127000 
0.127500 
0.128300 
0.129300 
0.129800 
0.130400 
0.130500 
0.130500 
0.133500 
0.134200 
0.134300 
0.136200 
0.138600 
0.141200 
0.141800 
0.143000 
0.143400 
0.143800 
0.144200 
0.145200 
0.145400 
0.147300 
0.149700 
0.151600 
0.151800 
0.158000 
0.158000 
0.158100 
0.158500 
0.159500 
0.160000 
0.161000 
0.161700 
0.161800 
0.161900 
0.161900 
0.162300 
0.162900 
0.163700 
0.165000 
0.166400 
0.166700 
0.166900 
0.167500 
0.168200 
0.174900 
0.176000 
0.177000 
0.179000 
0.179600 
0.180700 
0.183200 
0.183800 
0.184100 
0.185500 
0.187100 
0.187500 
0.188400 
0.191000 
0.191500 
0.194900 
0.196100 
0.196900 
0.197000 
0.197600 
0.202100 
0.202700 
0.202800 
0.205000 
0.207300 
0.207400 
0.207900 
0.208500 
0.210700 
0.211000 
0.212800 
0.213900 
0.214900 
0.215300 
0.218700 
0.220300 
0.224000 
0.226500 
0.228400 
0.229900 
0.231000 
0.231400 
0.232700 
0.233600 
0.235700 
0.236100 
0.236100 
0.236500 
0.236600 
0.236600 
0.237100 
0.237500 
0.237900 
0.238300 
0.240100 
0.240900 
0.241100 
0.244000 
0.247500 
0.248300 
0.254200 
0.254500 
0.257000 
0.258800 
0.259700 
0.261400 
0.261400 
0.263300 
0.264100 
0.264500 
0.265100 
0.265300 
0.265700 
0.265900 
0.270400 
0.272000 
0.274300 
0.275300 
0.275600 
0.276100 
0.279400 
0.279600 
0.280700 
0.281600 
0.283400 
0.283900 
0.286900 
0.287000 
0.287600 
0.287700 
0.287700 
0.293500 
0.297100 
0.297600 
0.297700 
0.302300 
0.303600 
0.306000 
0.307400 
0.308000 
0.309700 
0.311000 
0.311300 
0.312500 
0.315500 
0.315600 
0.317500 
0.318200 
0.319400 
0.321500 
0.321500 
0.321800 
0.323100 
0.324200 
0.324700 
0.325300 
0.325800 
0.326000 
0.326200 
0.326900 
0.328900 
0.329800 
0.331800 
0.332300 
0.334700 
0.335000 
0.335700 
0.336500 
0.336800 
0.337400 
0.339700 
0.340300 
0.341100 
0.341400 
0.341400 
0.343600 
0.344400 
0.345000 
0.347400 
0.348500 
0.348900 
0.349200 
0.349300 
0.353000 
0.353300 
0.356000 
0.360200 
0.364800 
0.369000 
0.369900 
0.372400 
0.372700 
0.372900 
0.374000 
0.375400 
0.375700 
0.376500 
0.377000 
0.377800 
0.378200 
0.378400 
0.378700 
0.379200 
0.381400 
0.381600 
0.381900 
0.382300 
0.382600 
0.383400 
0.389300 
0.389800 
0.394000 
0.395100 
0.395500 
0.395800 
0.396500 
0.398500 
0.399600 
0.401700 
0.404600 
0.405800 
0.406100 
0.407600 
0.407800 
0.409500 
0.410200 
0.411500 
0.413200 
0.414400 
0.415000 
0.416500 
0.417300 
0.418300 
0.420100 
0.420600 
0.421100 
0.422000 
0.422600 
0.423900 
0.425600 
0.426100 
0.427000 
0.427100 
0.427100 
0.428300 
0.428500 
0.431500 
0.433000 
0.433300 
0.433700 
0.434700 
0.436600 
0.436900 
0.438400 
0.440200 
0.440700 
0.442800 
0.443000 
0.443400 
0.443700 
0.445200 
0.446000 
0.446900 
0.450900 
0.451100 
0.451400 
0.455100 
0.456200 
0.456500 
0.456700 
0.457800 
0.458200 
0.458400 
0.461500 
0.461700 
0.466000 
0.466800 
0.468700 
0.469200 
0.471100 
0.472700 
0.473300 
0.476000 
0.478200 
0.478200 
0.478500 
0.479600 
0.479800 
0.481200 
0.481900 
0.485800 
0.485800 
0.486500 
0.488800 
0.492200 
0.492400 
0.493200 
0.493400 
0.494800 
0.495600 
0.495700 
0.495800 
0.497100 
0.497700 
0.498000 
0.498700 
0.499300 
0.502900 
0.504300 
0.505400 
0.507000 
0.509000 
0.509600 
0.511200 
0.512100 
0.513200 
0.514000 
0.514700 
0.519300 
0.519800 
0.521400 
0.521700 
0.523700 
0.525000 
0.527900 
0.529900 
0.531600 
0.532700 
0.534700 
0.536300 
0.537800 
0.538500 
0.538900 
0.539100 
0.542700 
0.543800 
0.544100 
0.545200 
0.546400 
0.547000 
0.547300 
0.548400 
0.549500 
0.554700 
0.555100 
0.555200 
0.555300 
0.556300 
0.556400 
0.556500 
0.557100 
0.561000 
0.562400 
0.562800 
0.563000 
0.563700 
0.565100 
0.566000 
0.566100 
0.566700 
0.569100 
0.572200 
0.572600 
0.573000 
0.574500 
0.574800 
0.578400 
0.578600 
0.578700 
0.579900 
0.582000 
0.583300 
0.583400 
0.584800 
0.588500 
0.590500 
0.593300 
0.597000 
0.598200 
0.598900 
0.599700 
0.600000 
0.600900 
0.602500 
0.603600 
0.604700 
0.605000 
0.605100 
0.610000 
0.610900 
0.612200 
0.614300 
0.617900 
0.618000 
0.618200 
0.618900 
0.620300 
0.620400 
0.621100 
0.624000 
0.624700 
0.626400 
0.626500 
0.627400 
0.627600 
0.632000 
0.632100 
0.634100 
0.634800 
0.635300 
0.636700 
0.636900 
0.637300 
0.637500 
0.638800 
0.638900 
0.643900 
0.645000 
0.645400 
0.646200 
0.648600 
0.648700 
0.648900 
0.650500 
0.651800 
0.652500 
0.656400 
0.659700 
0.661100 
0.663100 
0.663300 
0.666600 
0.670300 
0.670600 
0.671500 
0.672300 
0.674600 
0.676300 
0.678500 
0.679500 
0.680200 
0.684200 
0.684900 
0.684900 
0.685100 
0.685300 
0.690900 
0.695000 
0.695700 
0.696900 
0.697000 
0.697000 
0.697100 
0.697200 
0.698300 
0.699100 
0.699400 
0.700800 
0.701500 
0.701700 
0.707200 
0.707900 
0.709300 
0.709500 
0.712300 
0.715400 
0.715400 
0.716400 
0.717300 
0.718100 
0.718800 
0.719300 
0.719300 
0.720600 
0.720600 
0.720700 
0.722400 
0.724700 
0.724800 
0.725400 
0.728200 
0.729500 
0.730600 
0.732300 
0.733100 
0.735000 
0.735800 
0.735900 
0.737000 
0.737900 
0.739100 
0.740000 
0.741300 
0.741600 
0.742500 
0.742900 
0.745800 
0.745900 
0.747000 
0.747500 
0.749200 
0.749400 
0.749900 
0.752100 
0.752800 
0.757100 
0.757200 
0.757300 
0.757500 
0.758000 
0.758700 
0.761500 
0.762100 
0.763100 
0.763400 
0.763700 
0.764000 
0.764800 
0.765200 
0.767300 
0.768900 
0.770000 
0.770300 
0.771100 
0.774600 
0.775100 
0.777600 
0.778800 
0.781700 
0.783500 
0.784000 
0.784500 
0.785100 
0.789800 
0.790200 
0.790200 
0.791100 
0.792900 
0.793800 
0.793800 
0.796900 
0.802600 
0.804500 
0.804700 
0.805100 
0.807200 
0.808100 
0.808400 
0.809800 
0.809900 
0.812100 
0.812200 
0.813500 
0.813600 
0.813800 
0.816600 
0.818000 
0.819700 
0.820100 
0.820300 
0.820500 
0.820600 
0.820800 
0.822100 
0.823200 
0.823900 
0.824500 
0.827100 
0.830200 
0.830800 
0.831700 
0.832700 
0.832700 
0.833600 
0.833800 
0.834700 
0.835200 
0.835400 
0.837500 
0.837600 
0.838400 
0.838800 
0.839300 
0.841300 
0.841300 
0.844300 
0.847500 
0.850600 
0.850700 
0.851400 
0.851400 
0.851600 
0.852900 
0.857700 
0.858200 
0.858200 
0.864600 
0.865100 
0.865600 
0.865600 
0.867600 
0.869200 
0.870400 
0.871400 
0.871400 
0.876400 
0.876600 
0.876700 
0.877000 
0.877800 
0.879800 
0.882100 
0.886400 
0.886400 
0.888800 
0.892000 
0.896800 
0.898900 
0.899400 
0.903000 
0.904100 
0.904100 
0.904400 
0.906000 
0.906300 
0.907500 
0.911400 
0.912200 
0.912500 
0.912600 
0.914100 
0.914600 
0.914800 
0.915100 
0.915300 
0.916500 
0.916500 
0.916800 
0.921700 
0.922200 
0.923200 
0.923500 
0.924500 
0.925200 
0.927200 
0.927700 
0.927800 
0.929300 
0.932100 
0.934200 
0.934600 
0.936400 
0.936500 
0.938600 
0.940400 
0.944100 
0.945600 
0.947700 
0.947700 
0.948300 
0.950300 
0.953200 
0.953300 
0.953400 
0.953900 
0.955400 
0.956200 
0.957900 
0.959800 
0.962900 
0.963000 
0.964600 
0.966700 
0.967200 
0.970000 
0.970300 
0.970800 
0.971100 
0.971600 
0.971900 
0.972300 
0.972700 
0.973800 
0.974800 
0.975700 
0.975800 
0.977000 
0.978000 
0.978800 
0.979300 
0.980000 
0.980000 
0.980500 
0.980900 
0.982800 
0.984500 
0.986400 
0.986400 
0.988500 
0.990000 
0.990000 
0.992500 
0.993500 
0.995200 
0.995900 
0.996500 
0.998200 
0.998300 
1.000000 
1.001100 
1.002400 
1.003100 
1.005000 
1.005100 
1.006000 
1.010200 
1.010500 
1.011000 
1.012900 
1.013900 
1.014300 
1.016100 
1.016500 
1.021100 
1.021200 
1.023800 
1.024100 
1.024500 
1.024900 
1.027900 
1.028500 
1.029700 
1.029800 
1.034700 
1.035500 
1.036100 
1.036300 
1.039600 
1.040000 
1.040100 
1.041200 
1.041300 
1.044200 
1.045700 
1.046400 
1.046400 
1.048900 
1.049300 
1.049900 
1.051300 
1.051600 
1.054400 
1.054700 
1.055100 
1.056600 
1.057000 
1.057500 
1.060000 
1.060900 
1.062800 
1.063600 
1.066700 
1.066800 
1.067500 
1.067500 
1.069400 
1.071800 
1.072400 
1.072800 
1.073200 
1.075000 
1.078700 
1.080300 
1.082700 
1.082800 
1.083200 
1.085300 
1.087200 
1.087300 
1.091200 
1.092100 
1.093000 
1.093400 
1.095900 
1.096200 
1.097700 
1.098000 
1.098600 
1.098700 
1.099300 
1.099700 
1.101200 
1.101800 
1.103300 
1.104700 
1.105000 
1.106500 
1.107000 
1.107400 
1.107800 
1.107900 
1.108600 
1.110300 
1.115600 
1.115900 
1.115900 
1.116300 
1.117200 
1.117900 
1.121100 
1.122200 
1.122200 
1.123200 
1.123600 
1.127300 
1.128400 
1.135600 
1.136300 
1.137000 
1.137100 
1.137400 
1.139000 
1.139900 
1.141500 
1.141800 
1.143100 
1.146200 
1.147500 
1.149000 
1.150600 
1.152100 
1.152100 
1.152300 
1.154800 
1.154900 
1.155200 
1.155400 
1.157400 
1.158100 
1.158700 
1.159800 
1.161600 
1.162900 
1.163900 
1.164500 
1.165800 
1.167800 
1.169800 
1.171000 
1.174200 
1.175600 
1.181100 
1.181900 
1.183900 
1.184100 
1.184600 
1.184800 
1.185000 
1.186500 
1.187000 
1.187300 
1.188200 
1.188700 
1.188700 
1.190200 
1.191100 
1.191800 
1.192700 
1.194200 
1.194700 
1.195300 
1.196000 
1.198100 
1.199900 
1.200000 
1.200600 
1.203300 
1.203500 
1.203500 
1.204400 
1.207200 
1.209400 
1.211300 
1.212300 
1.212400 
1.214000 
1.214300 
1.215300 
1.215700 
1.216100 
1.217700 
1.220600 
1.221000 
1.221700 
1.223500 
1.223500 
1.226600 
1.227600 
1.228000 
1.228700 
1.229000 
1.229100 
1.229500 
1.229700 
1.230100 
1.230300 
1.231000 
1.231600 
1.232600 
1.233100 
1.239200 
1.243700 
1.244500 
1.244800 
1.249100 
1.249200 
1.250500 
1.252600 
1.252900 
1.253500 
1.253500 
1.254800 
1.255000 
1.255300 
1.255600 
1.255700 
1.257400 
1.257900 
1.258200 
1.259100 
1.263400 
1.264500 
1.264600 
1.265300 
1.268500 
1.269000 
1.269700 
1.270600 
1.272100 
1.272900 
1.274600 
1.276400 
1.278400 
1.285400 
1.289400 
1.289500 
1.290300 
1.290500 
1.290900 
1.291700 
1.292300 
1.292300 
1.294200 
1.296200 
1.301000 
1.304900 
1.305200 
1.306900 
1.307000 
1.308800 
1.310700 
1.313400 
1.314100 
1.318000 
1.318700 
1.321500 
1.323100 
1.323300 
1.323700 
1.324600 
1.325300 
1.325900 
1.325900 
1.326600 
1.327400 
1.329300 
1.330500 
1.331500 
1.332500 
1.335100 
1.337000 
1.337200 
1.337400 
1.338500 
1.339000 
1.343500 
1.346500 
1.347000 
1.347200 
1.348200 
1.348400 
1.348600 
1.352000 
1.355500 
1.355600 
1.357900 
1.362600 
1.363400 
1.365100 
1.365200 
1.365200 
1.368100 
1.369000 
1.372800 
1.373000 
1.373600 
1.374100 
1.374200 
1.374200 
1.375000 
1.375100 
1.377700 
1.384400 
1.384400 
1.385600 
1.387400 
1.387700 
1.388800 
1.396200 
1.398000 
1.398400 
1.399300 
1.401700 
1.402000 
1.402300 
1.402300 
1.403300 
1.404000 
1.404700 
1.405700 
1.408400 
1.409400 
1.410400 
1.413600 
1.416900 
1.417200 
1.417500 
1.417800 
1.418700 
1.419000 
1.419800 
1.420600 
1.421000 
1.422500 
1.424500 
1.424900 
1.426000 
1.426500 
1.426800 
1.427200 
1.427500 
1.429200 
1.430300 
1.432600 
1.433600 
1.438600 
1.440700 
1.441600 
1.441800 
1.442700 
1.444100 
1.445000 
1.445200 
1.445400 
1.446200 
1.449200 
1.451000 
1.454100 
1.454600 
1.455200 
1.455800 
1.457300 
1.457800 
1.464700 
1.467400 
1.469300 
1.470500 
1.471800 
1.474400 
1.475000 
1.476100 
1.477100 
1.477400 
1.477400 
1.477700 
1.478800 
1.480500 
1.481100 
1.482700 
1.483400 
1.484200 
1.486200 
1.486800 
1.488500 
1.490000 
1.490700 
1.491200 
1.497600 
1.498700 
1.499700 
1.500300 
1.502700 
1.502900 
1.506000 
1.506300 
1.509400 
1.510100 
1.510400 
1.510700 
1.510900 
1.512600 
1.514200 
1.516300 
1.516700 
1.517600 
1.518400 
1.520400 
1.521000 
1.521300 
1.522200 
1.523300 
1.523800 
1.525400 
1.529500 
1.531800 
1.532500 
1.533200 
1.533900 
1.535900 
1.539500 
1.539700 
1.540500 
1.541300 
1.541600 
1.543100 
1.547800 
1.547900 
1.549200 
1.549400 
1.549500 
1.550200 
1.551000 
1.553700 
1.555900 
1.557600 
1.559100 
1.563100 
1.563600 
1.563600 
1.565600 
1.566200 
1.566400 
1.567200 
1.568000 
1.568500 
1.569200 
1.571800 
1.572300 
1.573300 
1.575100 
1.575600 
1.579200 
1.579600 
1.580200 
1.580600 
1.582700 
1.584400 
1.585200 
1.589600 
1.589700 
1.590100 
1.590900 
1.591500 
1.591900 
1.592800 
1.594000 
1.597100 
1.597800 
1.598900 
1.600300 
1.600400 
1.600700 
1.602100 
1.604100 
1.606600 
1.606800 
1.609100 
1.610800 
1.610800 
1.611500 
1.611700 
1.614100 
1.616200 
1.617200 
1.619800 
1.619900 
1.621600 
1.622800 
1.622900 
1.624000 
1.624900 
1.626500 
1.629100 
1.629100 
1.629900 
1.631000 
1.632800 
1.636300 
1.636700 
1.638100 
1.638200 
1.638800 
1.639500 
1.640100 
1.646600 
1.649000 
1.649900 
1.650300 
1.652400 
1.653500 
1.653700 
1.656300 
1.657500 
1.659300 
1.659700 
1.661800 
1.663400 
1.663700 
1.664700 
1.666700 
1.667000 
1.668400 
1.670500 
1.675700 
1.675900 
1.677700 
1.678200 
1.678600 
1.679300 
1.683200 
1.684300 
1.686600 
1.687000 
1.689800 
1.693400 
1.694300 
1.694500 
1.694800 
1.695200 
1.695300 
1.695400 
1.698700 
1.699300 
1.699500 
1.700100 
1.701000 
1.703400 
1.704400 
1.704700 
1.705700 
1.706300 
1.707800 
1.707800 
1.708700 
1.710000 
1.710500 
1.710900 
1.712900 
1.714000 
1.716300 
1.717000 
1.717700 
1.721300 
1.722100 
1.722100 
1.722700 
1.723000 
1.726100 
1.726200 
1.726600 
1.728700 
1.730100 
1.730300 
1.733500 
1.733800 
1.735600 
1.737400 
1.739300 
1.744900 
1.745400 
1.746300 
1.748200 
1.748200 
1.749600 
1.749800 
1.750500 
1.750700 
1.752600 
1.754500 
1.756400 
1.758500 
1.759200 
1.762700 
1.763900 
1.764400 
1.765400 
1.767500 
1.767900 
1.769000 
1.769100 
1.769700 
1.770000 
1.770200 
1.772300 
1.772400 
1.772800 
1.773300 
1.775500 
1.777600 
1.781700 
1.783500 
1.783700 
1.784000 
1.784900 
1.786700 
1.786900 
1.787000 
1.789100 
1.790200 
1.790900 
1.791300 
1.791500 
1.793500 
1.795900 
1.800000 
1.800300 
1.801700 
1.801800 
1.805500 
1.807200 
1.807500 
1.808500 
1.808500 
1.808900 
1.810200 
1.811300 
1.812400 
1.812700 
1.815800 
1.816300 
1.818100 
1.822000 
1.822500 
1.822600 
1.823900 
1.824700 
1.825500 
1.828600 
1.830300 
1.830700 
1.830800 
1.831400 
1.831700 
1.832900 
1.833100 
1.833200 
1.833200 
1.834800 
1.835900 
1.837700 
1.838300 
1.841000 
1.842100 
1.846000 
1.846600 
1.847300 
1.850700 
1.851200 
1.853100 
1.853500 
1.854200 
1.854500 
1.859700 
1.860800 
1.863100 
1.864300 
1.867500 
1.868400 
1.868900 
1.869100 
1.869700 
1.871000 
1.871500 
1.871800 
1.872100 
1.873600 
1.874600 
1.874900 
1.876500 
1.879200 
1.880700 
1.884700 
1.885600 
1.886900 
1.888000 
1.889200 
1.891700 
1.891800 
1.895400 
1.896900 
1.897700 
1.900700 
1.902200 
1.902700 
1.903600 
1.903700 
1.904600 
1.905300 
1.906600 
1.908700 
1.909000 
1.909600 
1.910200 
1.911100 
1.911600 
1.914200 
1.915000 
1.915600 
1.916600 
1.917100 
1.918300 
1.918700 
1.920800 
1.920900 
1.921700 
1.926700 
1.927400 
1.929300 
1.931900 
1.932700 
1.934100 
1.934900 
1.936100 
1.937400 
1.939100 
1.940300 
1.940300 
1.940800 
1.946000 
1.947100 
1.947700 
1.950400 
1.952100 
1.952100 
1.952500 
1.954200 
1.955000 
1.955500 
1.956800 
1.957900 
1.959100 
1.959600 
1.961900 
1.966700 
1.968300 
1.968500 
1.968800 
1.971500 
1.974400 
1.975500 
1.978500 
1.982700 
1.983100 
1.986600 
1.986700 
1.987300 
1.987900 
1.991700 
1.997500 
1.998000 
1.999400 
1.999500 
1.999600 
2.000000 
2.002500 
2.005300 
2.005400 
2.008800 
2.009000 
2.009800 
2.010000 
2.010100 
2.011000 
2.011500 
2.012600 
2.014400 
2.015300 
2.016000 
2.017300 
2.017900 
2.021600 
2.021900 
2.023200 
2.026500 
2.029400 
2.030400 
2.031600 
2.032000 
2.033100 
2.033300 
2.034100 
2.037000 
2.037500 
2.040700 
2.042600 
2.044000 
2.044400 
2.045100 
2.047000 
2.047800 
2.049200 
2.051800 
2.052200 
2.053300 
2.053300 
2.055100 
2.055300 
2.057400 
2.058600 
2.059800 
2.059800 
2.062100 
2.062700 
2.064700 
2.064700 
2.064800 
2.068900 
2.070300 
2.071200 
2.071400 
2.073500 
2.076300 
2.077000 
2.079100 
2.079500 
2.080500 
2.082500 
2.082800 
2.082900 
2.084100 
2.084900 
2.085200 
2.085500 
2.086000 
2.088600 
2.092500 
2.094700 
2.095000 
2.097100 
2.097400 
2.097900 
2.099100 
2.100700 
2.101500 
2.102900 
2.103200 
2.103700 
2.105000 
2.108000 
2.109300 
2.110000 
2.111400 
2.112300 
2.112800 
2.113400 
2.114100 
2.115700 
2.116200 
2.118200 
2.118700 
2.120300 
2.120900 
2.121300 
2.121800 
2.122100 
2.122700 
2.122900 
2.123000 
2.123300 
2.127400 
2.128400 
2.128500 
2.131300 
2.132600 
2.132600 
2.135100 
2.135500 
2.138700 
2.139200 
2.140400 
2.141700 
2.142300 
2.142400 
2.142500 
2.143900 
2.145500 
2.147100 
2.150400 
2.150500 
2.151700 
2.152200 
2.152900 
2.154200 
2.154500 
2.160200 
2.160300 
2.161200 
2.161200 
2.164100 
2.164500 
2.165500 
2.165900 
2.165900 
2.166300 
2.167300 
2.167600 
2.168000 
2.169000 
2.170900 
2.172600 
2.172900 
2.173000 
2.175600 
2.178600 
2.180300 
2.180800 
2.181300 
2.188600 
2.188800 
2.189400 
2.189600 
2.191500 
2.195100 
2.196700 
2.197000 
2.197600 
2.201600 
2.201800 
2.202300 
2.203700 
2.205600 
2.206400 
2.208400 
2.210400 
2.211500 
2.212400 
2.213200 
2.214700 
2.214800 
2.215400 
2.215600 
2.215600 
2.218500 
2.219900 
2.221600 
2.222900 
2.223900 
2.224100 
2.224500 
2.224600 
2.230800 
2.231200 
2.232100 
2.232300 
2.233000 
2.235000 
2.236700 
2.236800 
2.237600 
2.237700 
2.238200 
2.238200 
2.238200 
2.240100 
2.242400 
2.244800 
2.244800 
2.245700 
2.246400 
2.246500 
2.248200 
2.248800 
2.250800 
2.252100 
2.252400 
2.253600 
2.255700 
2.256600 
2.257100 
2.259000 
2.259200 
2.265400 
2.265600 
2.265700 
2.268800 
2.269000 
2.270700 
2.271600 
2.274200 
2.274300 
2.274900 
2.279200 
2.281400 
2.283400 
2.284300 
2.284400 
2.285700 
2.286100 
2.286400 
2.287200 
2.289500 
2.290900 
2.293500 
2.294500 
2.295000 
2.296300 
2.298200 
2.300700 
2.301300 
2.301500 
2.302200 
2.304900 
2.306800 
2.307200 
2.308000 
2.308800 
2.308800 
2.310100 
2.310600 
2.311900 
2.313300 
2.315600 
2.318500 
2.318900 
2.319400 
2.319600 
2.320800 
2.322100 
2.327900 
2.329300 
2.330500 
2.331500 
2.331600 
2.333800 
2.335600 
2.336400 
2.337900 
2.338600 
2.338800 
2.339300 
2.341400 
2.344900 
2.347700 
2.348200 
2.349300 
2.351800 
2.354700 
2.355900 
2.356700 
2.359400 
2.360300 
2.361500 
2.361900 
2.364100 
2.364200 
2.364400 
2.365500 
2.367200 
2.367800 
2.369600 
2.370800 
2.372600 
2.373100 
2.373300 
2.373400 
2.373600 
2.374300 
2.376200 
2.378200 
2.378300 
2.378900 
2.383200 
2.384100 
2.385100 
2.386100 
2.386300 
2.387700 
2.388500 
2.388600 
2.389100 
2.390500 
2.390600 
2.391900 
2.391900 
2.392900 
2.394200 
2.395400 
2.395900 
2.397300 
2.397500 
2.399100 
2.401900 
2.402000 
2.403000 
2.405300 
2.407400 
2.408600 
2.409900 
2.413900 
2.415800 
2.418400 
2.418600 
2.420600 
2.421900 
2.422800 
2.428700 
2.429900 
2.431300 
2.432600 
2.433200 
2.439800 
2.441300 
2.442700 
2.444600 
2.445000 
2.446100 
2.447900 
2.449000 
2.450100 
2.450500 
2.451500 
2.451600 
2.452700 
2.452800 
2.452900 
2.453000 
2.453100 
2.453300 
2.453400 
2.454000 
2.454000 
2.457100 
2.457500 
2.459300 
2.460600 
2.460700 
2.461100 
2.463400 
2.463400 
2.463600 
2.464100 
2.467700 
2.468400 
2.468800 
2.469900 
2.472300 
2.473900 
2.474300 
2.474600 
2.476700 
2.479800 
2.481600 
2.484200 
2.484800 
2.485400 
2.487900 
2.488600 
2.488800 
2.489000 
2.489800 
2.489900 
2.490800 
2.491000 
2.492700 
2.493400 
2.493500 
2.496800 
2.496900 
2.498300 
2.499700 
2.499800 
2.506000 
2.506300 
2.506800 
2.511400 
2.513600 
2.515800 
2.516000 
2.517800 
2.518800 
2.519600 
2.519700 
2.520400 
2.521500 
2.524300 
2.524400 
2.527000 
2.527900 
2.530700 
2.530700 
2.535100 
2.536200 
2.536900 
2.537800 
2.542400 
2.542900 
2.544900 
2.545200 
2.545800 
2.546000 
2.546400 
2.547000 
2.547400 
2.548800 
2.549600 
2.554900 
2.557500 
2.558600 
2.559100 
2.559600 
2.560100 
2.560800 
2.566700 
2.568800 
2.570600 
2.572100 
2.572300 
2.573200 
2.578000 
2.578100 
2.581200 
2.583100 
2.587800 
2.589400 
2.590900 
2.591200 
2.593600 
2.593800 
2.595900 
2.596200 
2.596200 
2.599700 
2.600100 
2.601400 
2.602700 
2.603400 
2.604700 
2.605100 
2.607200 
2.614300 
2.615300 
2.616900 
2.617700 
2.618800 
2.619200 
2.623400 
2.625400 
2.627100 
2.627500 
2.630800 
2.636000 
2.636100 
2.636300 
2.636800 
2.638300 
2.638900 
2.640300 
2.640600 
2.642900 
2.644100 
2.644500 
2.648800 
2.649100 
2.651300 
2.651400 
2.652800 
2.654400 
2.657300 
2.657300 
2.657400 
2.658000 
2.660600 
2.661100 
2.661300 
2.662500 
2.662500 
2.664100 
2.664900 
2.665000 
2.668700 
2.669600 
2.669800 
2.671500 
2.671700 
2.672400 
2.672700 
2.673200 
2.673300 
2.679000 
2.681400 
2.683400 
2.684400 
2.684400 
2.685500 
2.689400 
2.689800 
2.691700 
2.692700 
2.693200 
2.694500 
2.695500 
2.695900 
2.696900 
2.697100 
2.698900 
2.700600 
2.701100 
2.701200 
2.701900 
2.703300 
2.705500 
2.712500 
2.712600 
2.713300 
2.715800 
2.716200 
2.716500 
2.718400 
2.719100 
2.721900 
2.722100 
2.724200 
2.728100 
2.728700 
2.729400 
2.732200 
2.735300 
2.735600 
2.736300 
2.738700 
2.739300 
2.739500 
2.740700 
2.741200 
2.741200 
2.741700 
2.741900 
2.743600 
2.746400 
2.747000 
2.748800 
2.752000 
2.753100 
2.753900 
2.754700 
2.756600 
2.759900 
2.761700 
2.761900 
2.762100 
2.762100 
2.762200 
2.763600 
2.767500 
2.768100 
2.768400 
2.770900 
2.771100 
2.772600 
2.775500 
2.775900 
2.778700 
2.779100 
2.779800 
2.780300 
2.781200 
2.781400 
2.784100 
2.784500 
2.785300 
2.787700 
2.790600 
2.791000 
2.791100 
2.793800 
2.794100 
2.795300 
2.795600 
2.796000 
2.796400 
2.798100 
2.800000 
2.800000 
2.800000 
2.800400 
2.800600 
2.800700 
2.801700 
2.802000 
2.802100 
2.804000 
2.805800 
2.808900 
2.811400 
2.813700 
2.816400 
2.817900 
2.818400 
2.819200 
2.819400 
2.820600 
2.825400 
2.826100 
2.830500 
2.833500 
2.833600 
2.835000 
2.837000 
2.838900 
2.839500 
2.843100 
2.843200 
2.843300 
2.844100 
2.845000 
2.845100 
2.845400 
2.846500 
2.848200 
2.851600 
2.852400 
2.852500 
2.854900 
2.855700 
2.856500 
2.857000 
2.857900 
2.858200 
2.858200 
2.859000 
2.859300 
2.860800 
2.861000 
2.865400 
2.865800 
2.872100 
2.875700 
2.876200 
2.877700 
2.877800 
2.878300 
2.880300 
2.880600 
2.885300 
2.885400 
2.888300 
2.893600 
2.894800 
2.897300 
2.898100 
2.899500 
2.900800 
2.901700 
2.902800 
2.905500 
2.909300 
2.909600 
2.909800 
2.910400 
2.910600 
2.912100 
2.912400 
2.913100 
2.913800 
2.913900 
2.914100 
2.915200 
2.916000 
2.916400 
2.916500 
2.919300 
2.920800 
2.921100 
2.921900 
2.923100 
2.924700 
2.924900 
2.925300 
2.926600 
2.927000 
2.928300 
2.930600 
2.930700 
2.930900 
2.932700 
2.935900 
2.936100 
2.937700 
2.937700 
2.937900 
2.939200 
2.941000 
2.941200 
2.942900 
2.943300 
2.945000 
2.946300 
2.951000 
2.951200 
2.953000 
2.953500 
2.954100 
2.954900 
2.958700 
2.961300 
2.961300 
2.961600 
2.966600 
2.968200 
2.972300 
2.973000 
2.973600 
2.973800 
2.977900 
2.978900 
2.979000 
2.979600 
2.980800 
2.981900 
2.984500 
2.988500 
2.988800 
2.990000 
2.990300 
2.991700 
2.993900 
2.994900 
2.996900 
2.997100 
2.998000 
