0.083800 
0.090300 
0.105700 
0.125000 
0.134100 
0.145500 
0.147300 
0.147900 
0.166700 
0.173300 
0.174100 
0.175900 
0.177900 
0.195700 
0.196100 
0.199800 
0.215400 
0.240800 
0.242000 
0.242900 
0.246500 
0.250100 
0.262900 
0.264100 
0.272800 
0.278600 
0.285200 
0.286100 
0.287700 
0.294100 
0.295700 
0.300200 
0.300300 
0.303100 
0.305000 
0.310500 
0.335900 
0.343800 
0.345000 
0.360900 
0.372900 
0.373100 
0.375100 
0.378600 
0.379700 
0.382200 
0.383500 
0.401200 
0.414700 
0.418600 
0.425100 
0.430900 
0.438900 
0.476100 
0.484100 
0.484500 
0.496700 
0.497800 
0.502200 
0.526700 
0.527600 
0.535500 
0.543700 
0.544000 
0.554500 
0.563700 
0.564100 
0.569300 
0.591900 
0.596400 
0.597200 
0.613300 
0.614000 
0.614000 
0.626300 
0.654400 
0.654700 
0.657200 
0.660900 
0.662500 
0.687100 
0.689400 
0.692300 
0.701800 
0.703800 
0.713800 
0.729400 
0.733600 
0.746900 
0.755600 
0.775600 
0.795500 
0.798400 
0.807700 
0.809800 
0.844800 
0.847400 
0.867000 
0.873000 
0.888400 
0.929500 
0.934200 
0.948100 
0.950000 
0.950700 
0.956400 
0.956700 
0.957100 
0.961500 
0.965400 
0.968100 
1.003800 
1.013800 
1.028300 
1.062000 
1.064200 
1.064200 
1.065200 
1.077600 
1.079300 
1.107100 
1.116100 
1.122000 
1.132500 
1.138200 
1.138600 
1.145700 
1.153600 
1.163300 
1.165800 
1.174700 
1.176500 
1.177500 
1.178300 
1.185100 
1.185600 
1.194000 
1.200400 
1.207800 
1.210500 
1.213600 
1.218200 
1.244300 
1.246400 
1.267600 
1.267900 
1.275800 
1.277300 
1.278400 
1.280800 
1.286700 
1.287100 
1.298600 
1.298800 
1.333400 
1.334000 
1.355000 
1.358400 
1.360300 
1.362900 
1.366000 
1.369200 
1.391900 
1.394800 
1.426000 
1.429300 
1.429900 
1.436900 
1.443700 
1.444800 
1.451100 
1.451300 
1.452400 
1.453600 
1.456200 
1.458300 
1.458400 
1.462000 
1.466200 
1.466200 
1.468700 
1.470900 
1.476600 
1.491800 
1.509000 
1.509000 
1.511100 
1.511200 
1.512000 
1.513500 
1.514300 
1.515200 
1.519600 
1.529800 
1.533600 
1.538100 
1.541100 
1.541200 
1.543300 
1.555200 
1.564800 
1.571200 
1.580800 
1.582600 
1.586300 
1.587800 
1.596800 
1.597800 
1.620700 
1.623000 
1.625300 
1.629200 
1.632800 
1.640700 
1.652900 
1.653200 
1.669900 
1.675200 
1.679300 
1.697400 
1.705000 
1.715200 
1.746600 
1.747600 
1.778800 
1.792000 
1.794400 
1.804400 
1.807400 
1.819000 
1.827200 
1.831500 
1.836700 
1.843100 
1.845100 
1.849700 
1.854300 
1.862400 
1.871300 
1.879700 
1.891100 
1.891500 
1.892800 
1.898900 
1.901100 
1.919100 
1.920700 
1.930800 
1.930900 
1.936300 
1.943500 
1.954400 
1.955300 
1.964500 
1.967800 
1.974600 
1.975700 
1.980400 
1.984800 
1.992100 
2.024600 
2.031200 
2.031900 
2.035800 
2.072400 
2.073100 
2.080600 
2.082800 
2.089300 
2.111800 
2.119200 
2.120800 
2.120900 
2.126400 
2.145600 
2.146900 
2.156900 
2.158200 
2.168300 
2.174900 
2.180400 
2.183100 
2.184300 
2.185000 
2.194500 
2.196000 
2.201200 
2.206900 
2.207400 
2.213400 
2.215500 
2.241800 
2.244200 
2.256800 
2.288900 
2.304000 
2.305000 
2.309500 
2.323800 
2.325100 
2.335700 
2.342400 
2.385000 
2.400700 
2.403700 
2.409500 
2.411100 
2.411400 
2.415500 
2.423700 
2.425000 
2.429400 
2.431000 
2.437900 
2.439200 
2.441100 
2.456200 
2.459200 
2.464900 
2.472000 
2.476900 
2.489200 
2.498800 
2.500400 
2.513300 
2.522800 
2.526100 
2.542100 
2.542700 
2.550100 
2.565200 
2.567000 
2.574600 
2.578000 
2.590600 
2.591100 
2.595500 
2.595800 
2.598200 
2.599800 
2.620800 
2.629100 
2.630500 
2.632300 
2.636100 
2.636500 
2.636700 
2.644700 
2.645700 
2.649300 
2.651200 
2.661100 
2.671800 
2.679100 
2.687000 
2.699200 
2.699600 
2.704000 
2.709700 
2.714900 
2.716500 
2.740000 
2.747100 
2.761700 
2.763300 
2.775000 
2.790600 
2.806800 
2.812300 
2.824400 
2.835000 
2.835900 
2.852800 
2.856800 
2.877400 
2.878200 
2.922000 
2.951700 
2.954700 
2.963100 
2.964900 
2.965900 
2.967600 
2.969300 
2.974500 
