0.024800 
0.027000 
0.045800 
0.065000 
0.075500 
0.081900 
0.083500 
0.092200 
0.094000 
0.095300 
0.097100 
0.102100 
0.108200 
0.108700 
0.117400 
0.121100 
0.127600 
0.129700 
0.130400 
0.151500 
0.165600 
0.165700 
0.172500 
0.179000 
0.179200 
0.184100 
0.193000 
0.193800 
0.210300 
0.210600 
0.215200 
0.216700 
0.220100 
0.220100 
0.221100 
0.228200 
0.231200 
0.234100 
0.235100 
0.243700 
0.244000 
0.250600 
0.259100 
0.265000 
0.269900 
0.274400 
0.300500 
0.305100 
0.353000 
0.355900 
0.360700 
0.365100 
0.369200 
0.371900 
0.386600 
0.392100 
0.395200 
0.399800 
0.401700 
0.412000 
0.416400 
0.419900 
0.420800 
0.421700 
0.433800 
0.435800 
0.477500 
0.477800 
0.483500 
0.486800 
0.499500 
0.502900 
0.503100 
0.505600 
0.509800 
0.511200 
0.519100 
0.520500 
0.530200 
0.532800 
0.541600 
0.547900 
0.559100 
0.561200 
0.567100 
0.567400 
0.575100 
0.575500 
0.577400 
0.582700 
0.585400 
0.589800 
0.599700 
0.604000 
0.607600 
0.618900 
0.623800 
0.631400 
0.640600 
0.651300 
0.653600 
0.656600 
0.663700 
0.665300 
0.674400 
0.676500 
0.680600 
0.688500 
0.695900 
0.703000 
0.717500 
0.718900 
0.725100 
0.726400 
0.726700 
0.736400 
0.738400 
0.749500 
0.754500 
0.761000 
0.765300 
0.768000 
0.782100 
0.783700 
0.786100 
0.794000 
0.796500 
0.804700 
0.804900 
0.809400 
0.810300 
0.815100 
0.817200 
0.826100 
0.838700 
0.851100 
0.855200 
0.856600 
0.873200 
0.885300 
0.889500 
0.889600 
0.891200 
0.894800 
0.902800 
0.902800 
0.903000 
0.910100 
0.930000 
0.952800 
0.961500 
0.961600 
0.969500 
0.974100 
0.980700 
0.981600 
0.982400 
0.983100 
0.999100 
1.004800 
1.017000 
1.039900 
1.043900 
1.044500 
1.045800 
1.046900 
1.048900 
1.077500 
1.081700 
1.101100 
1.102700 
1.104000 
1.114200 
1.115200 
1.118600 
1.132100 
1.143100 
1.151800 
1.157800 
1.159800 
1.168600 
1.172000 
1.175000 
1.180300 
1.193800 
1.201900 
1.209200 
1.211000 
1.216000 
1.219300 
1.223200 
1.232000 
1.234100 
1.247600 
1.256800 
1.261800 
1.273600 
1.276000 
1.276900 
1.277800 
1.281500 
1.287600 
1.289800 
1.309900 
1.326100 
1.329300 
1.340000 
1.342900 
1.344800 
1.345300 
1.345900 
1.355800 
1.362900 
1.369800 
1.388700 
1.398700 
1.410600 
1.413700 
1.414000 
1.414700 
1.427000 
1.447300 
1.448900 
1.459100 
1.461100 
1.472600 
1.473600 
1.477700 
1.478000 
1.488100 
1.492500 
1.500000 
1.508700 
1.527600 
1.531700 
1.532800 
1.533100 
1.538600 
1.551300 
1.554200 
1.557500 
1.562100 
1.564800 
1.568900 
1.568900 
1.569600 
1.592400 
1.595500 
1.598500 
1.603800 
1.626700 
1.627000 
1.629100 
1.631900 
1.638700 
1.644300 
1.645000 
1.647500 
1.650000 
1.651700 
1.653200 
1.656700 
1.663100 
1.667300 
1.669300 
1.670100 
1.675700 
1.680500 
1.689800 
1.704400 
1.710900 
1.717200 
1.720900 
1.726100 
1.731300 
1.735600 
1.739000 
1.744700 
1.752300 
1.753700 
1.757400 
1.761000 
1.762300 
1.762800 
1.765100 
1.771000 
1.780400 
1.782300 
1.782700 
1.796600 
1.802100 
1.804800 
1.805800 
1.818700 
1.819200 
1.819300 
1.832700 
1.834500 
1.836300 
1.842100 
1.842100 
1.853500 
1.863000 
1.863700 
1.870100 
1.873600 
1.879100 
1.882900 
1.885300 
1.909700 
1.928500 
1.932500 
1.932700 
1.938100 
1.940900 
1.944500 
1.955100 
1.967100 
1.969500 
1.971000 
1.980800 
1.981500 
1.992100 
1.993100 
2.001900 
2.002900 
2.017600 
2.019400 
2.020900 
2.030200 
2.035700 
2.059200 
2.059500 
2.059700 
2.060600 
2.067800 
2.069400 
2.079800 
2.082500 
2.097300 
2.122500 
2.123300 
2.133000 
2.133200 
2.137500 
2.140800 
2.149900 
2.155600 
2.159800 
2.174800 
2.176500 
2.178000 
2.180200 
2.181900 
2.183900 
2.186500 
2.186500 
2.186900 
2.189100 
2.191800 
2.192000 
2.192200 
2.200900 
2.207100 
2.217500 
2.235000 
2.248700 
2.255600 
2.261200 
2.262200 
2.271500 
2.273200 
2.289900 
2.294000 
2.299300 
2.309100 
2.315900 
2.321200 
2.325900 
2.331800 
2.335500 
2.337700 
2.338600 
2.345600 
2.353000 
2.358500 
2.363200 
2.368400 
2.370200 
2.372700 
2.401800 
2.408500 
2.415100 
2.417700 
2.421000 
2.446800 
2.449500 
2.450500 
2.474400 
2.474800 
2.489200 
2.494200 
2.498200 
2.500200 
2.504200 
2.509700 
2.510400 
2.513000 
2.523200 
2.532600 
2.540600 
2.554400 
2.554400 
2.554700 
2.578400 
2.579700 
2.586400 
2.587400 
2.591700 
2.595900 
2.605000 
2.625200 
2.630200 
2.630700 
2.631100 
2.659200 
2.670100 
2.679500 
2.683700 
2.684400 
2.701600 
2.704800 
2.712900 
2.721700 
2.732900 
2.732900 
2.741100 
2.751000 
2.761600 
2.767000 
2.771700 
2.778100 
2.781000 
2.783200 
2.796300 
2.797900 
2.810800 
2.818700 
2.819200 
2.820800 
2.827800 
2.829700 
2.830300 
2.845200 
2.851400 
2.863800 
2.869600 
2.875400 
2.880900 
2.881400 
2.882000 
2.889300 
2.892300 
2.893200 
2.895600 
2.909600 
2.910100 
2.912200 
2.915000 
2.916800 
2.924000 
2.925500 
2.929200 
2.932500 
2.934400 
2.943000 
2.943200 
2.945800 
2.953700 
2.965300 
2.965400 
2.972400 
2.973000 
2.976300 
2.996600 
