0.024300 
0.026800 
0.027400 
0.029600 
0.036800 
0.037000 
0.038400 
0.040100 
0.045900 
0.046100 
0.047200 
0.047200 
0.048000 
0.048100 
0.052400 
0.053100 
0.053200 
0.058700 
0.060200 
0.061100 
0.069100 
0.074700 
0.075600 
0.076000 
0.076700 
0.078500 
0.080400 
0.082600 
0.083500 
0.083500 
0.092400 
0.092600 
0.093200 
0.095800 
0.100600 
0.100700 
0.103600 
0.104300 
0.107100 
0.107500 
0.109100 
0.109900 
0.110800 
0.112100 
0.113600 
0.116000 
0.117300 
0.119400 
0.120400 
0.121800 
0.124100 
0.124700 
0.125600 
0.127200 
0.130500 
0.130900 
0.131000 
0.131900 
0.136300 
0.137500 
0.140100 
0.149900 
0.151600 
0.152300 
0.152500 
0.155800 
0.156600 
0.156600 
0.156800 
0.158200 
0.158500 
0.160000 
0.161900 
0.166600 
0.166900 
0.167300 
0.167800 
0.169000 
0.170900 
0.171200 
0.172400 
0.175000 
0.175100 
0.176200 
0.176200 
0.176300 
0.176700 
0.185600 
0.188700 
0.190200 
0.190500 
0.191300 
0.191500 
0.192700 
0.193300 
0.193400 
0.194100 
0.196700 
0.198000 
0.200400 
0.205600 
0.206000 
0.207800 
0.211200 
0.215400 
0.216700 
0.218500 
0.220000 
0.220900 
0.222300 
0.224900 
0.228500 
0.228900 
0.229600 
0.229800 
0.230000 
0.230100 
0.231400 
0.232900 
0.239100 
0.242500 
0.243200 
0.249000 
0.249900 
0.251200 
0.251700 
0.254700 
0.255200 
0.257500 
0.258500 
0.261600 
0.261800 
0.263700 
0.264300 
0.268300 
0.271700 
0.272100 
0.272900 
0.273000 
0.275200 
0.278500 
0.281000 
0.281600 
0.281800 
0.283100 
0.283600 
0.289900 
0.293000 
0.294000 
0.294800 
0.298200 
0.298500 
0.301000 
0.304800 
0.304800 
0.306800 
0.307100 
0.309100 
0.314900 
0.317000 
0.317900 
0.318100 
0.321100 
0.323900 
0.323900 
0.328300 
0.328600 
0.330600 
0.330700 
0.333000 
0.333900 
0.335200 
0.335600 
0.337700 
0.339000 
0.341400 
0.346100 
0.349200 
0.353800 
0.354700 
0.355700 
0.357000 
0.360000 
0.360100 
0.365200 
0.367600 
0.369200 
0.370000 
0.372600 
0.374900 
0.376900 
0.377200 
0.378300 
0.380800 
0.382200 
0.384900 
0.384900 
0.386800 
0.392000 
0.393200 
0.393900 
0.395200 
0.405100 
0.405200 
0.405800 
0.410900 
0.411600 
0.411700 
0.413400 
0.413700 
0.415200 
0.416700 
0.419400 
0.420000 
0.423200 
0.423300 
0.424600 
0.426600 
0.426700 
0.428600 
0.429300 
0.430500 
0.432600 
0.435400 
0.436800 
0.437000 
0.437900 
0.438500 
0.440200 
0.442900 
0.446700 
0.447300 
0.451100 
0.452000 
0.453200 
0.453800 
0.454200 
0.455000 
0.455500 
0.461800 
0.464100 
0.464900 
0.470300 
0.473400 
0.473600 
0.473900 
0.474600 
0.474800 
0.476200 
0.480700 
0.484500 
0.484800 
0.486900 
0.489400 
0.489500 
0.492500 
0.493300 
0.494300 
0.495600 
0.495900 
0.498600 
0.499300 
0.503300 
0.505900 
0.507300 
0.508100 
0.509300 
0.509500 
0.510100 
0.515000 
0.518800 
0.519400 
0.520100 
0.521600 
0.523400 
0.524500 
0.525100 
0.526400 
0.527000 
0.530900 
0.531900 
0.533900 
0.536400 
0.536500 
0.537200 
0.538200 
0.540100 
0.541100 
0.541300 
0.542900 
0.543300 
0.545400 
0.545800 
0.547500 
0.549200 
0.551300 
0.557200 
0.557300 
0.558900 
0.558900 
0.564000 
0.564500 
0.565200 
0.565300 
0.565800 
0.566700 
0.569200 
0.569300 
0.570500 
0.572300 
0.574700 
0.575900 
0.579100 
0.579200 
0.581000 
0.584700 
0.585100 
0.586000 
0.588400 
0.588600 
0.589000 
0.590000 
0.590500 
0.590700 
0.592000 
0.593300 
0.594700 
0.595900 
0.601000 
0.601700 
0.605100 
0.611400 
0.613100 
0.616000 
0.616000 
0.616600 
0.617000 
0.619900 
0.621200 
0.622000 
0.622000 
0.622000 
0.622300 
0.629200 
0.632000 
0.632300 
0.632300 
0.632700 
0.633100 
0.634900 
0.636500 
0.636900 
0.637300 
0.638200 
0.642600 
0.644500 
0.646000 
0.646500 
0.647200 
0.648400 
0.648900 
0.655200 
0.656200 
0.656900 
0.657100 
0.659600 
0.661500 
0.663100 
0.664000 
0.666500 
0.671800 
0.672300 
0.672300 
0.674900 
0.675100 
0.676500 
0.678100 
0.678500 
0.679500 
0.681200 
0.681200 
0.682600 
0.685800 
0.689200 
0.692900 
0.693000 
0.694700 
0.697900 
0.698900 
0.699600 
0.699600 
0.704600 
0.705400 
0.706600 
0.706900 
0.711700 
0.711700 
0.711700 
0.712200 
0.713300 
0.713600 
0.715300 
0.716300 
0.717200 
0.718100 
0.723800 
0.724000 
0.725000 
0.726600 
0.730000 
0.731200 
0.731600 
0.733600 
0.733700 
0.734000 
0.738600 
0.740500 
0.742500 
0.743000 
0.745600 
0.748700 
0.749300 
0.750700 
0.751300 
0.753200 
0.756600 
0.759000 
0.759100 
0.759500 
0.761700 
0.761700 
0.762200 
0.763200 
0.768700 
0.769100 
0.769200 
0.771900 
0.772700 
0.773600 
0.774000 
0.776300 
0.777300 
0.777700 
0.778200 
0.785200 
0.786400 
0.787200 
0.788100 
0.791100 
0.796500 
0.798400 
0.798700 
0.801900 
0.802700 
0.803400 
0.806400 
0.807000 
0.807700 
0.808200 
0.813700 
0.817600 
0.818900 
0.821100 
0.821900 
0.823200 
0.823500 
0.824200 
0.825100 
0.828100 
0.830400 
0.831000 
0.835900 
0.835900 
0.836100 
0.838100 
0.840400 
0.841800 
0.843000 
0.843300 
0.843700 
0.843800 
0.844100 
0.844500 
0.844800 
0.845100 
0.846800 
0.849100 
0.849900 
0.850200 
0.851600 
0.852200 
0.854000 
0.854400 
0.855500 
0.860100 
0.862100 
0.862500 
0.863800 
0.865800 
0.870000 
0.874500 
0.875200 
0.875300 
0.875600 
0.876200 
0.879400 
0.884700 
0.889500 
0.890200 
0.891600 
0.895800 
0.895900 
0.896300 
0.898100 
0.899100 
0.899700 
0.902300 
0.903400 
0.907300 
0.908100 
0.908400 
0.912400 
0.915000 
0.915500 
0.919200 
0.920300 
0.920800 
0.923000 
0.923200 
0.924100 
0.925200 
0.925600 
0.927300 
0.931300 
0.933600 
0.935300 
0.935600 
0.937600 
0.938200 
0.939400 
0.941700 
0.942300 
0.942600 
0.943900 
0.949700 
0.950500 
0.951900 
0.955900 
0.956500 
0.956700 
0.957400 
0.957700 
0.958400 
0.959200 
0.959500 
0.959600 
0.959700 
0.964800 
0.965500 
0.967100 
0.967500 
0.968100 
0.968400 
0.969600 
0.980900 
0.990400 
0.998800 
1.002500 
1.005700 
1.006500 
1.006900 
1.007000 
1.009200 
1.009600 
1.010600 
1.012700 
1.014700 
1.016600 
1.016700 
1.018900 
1.021200 
1.021500 
1.022100 
1.025000 
1.025400 
1.030000 
1.030500 
1.032700 
1.035200 
1.036700 
1.037000 
1.041900 
1.047700 
1.048000 
1.048400 
1.048900 
1.050000 
1.050900 
1.054100 
1.055700 
1.056800 
1.057700 
1.059000 
1.061000 
1.062700 
1.066100 
1.068200 
1.069300 
1.076000 
1.076900 
1.079100 
1.079400 
1.080200 
1.080400 
1.081300 
1.084000 
1.086400 
1.086400 
1.086700 
1.088400 
1.096100 
1.098100 
1.098400 
1.100400 
1.108300 
1.108500 
1.110900 
1.112200 
1.112600 
1.115500 
1.116900 
1.117600 
1.118300 
1.118900 
1.119300 
1.121900 
1.122000 
1.122600 
1.125000 
1.125100 
1.126200 
1.127800 
1.128000 
1.129200 
1.132200 
1.132500 
1.132900 
1.135600 
1.135900 
1.136600 
1.136600 
1.137600 
1.140700 
1.141000 
1.141500 
1.142700 
1.143600 
1.143900 
1.144000 
1.147900 
1.150600 
1.153300 
1.154100 
1.156600 
1.157800 
1.157800 
1.158100 
1.158400 
1.158400 
1.160200 
1.160300 
1.161700 
1.161800 
1.162000 
1.164400 
1.170800 
1.171600 
1.173000 
1.174800 
1.176100 
1.176300 
1.176700 
1.180300 
1.182700 
1.183500 
1.184100 
1.184200 
1.184300 
1.185700 
1.186600 
1.189400 
1.191300 
1.191700 
1.192400 
1.193900 
1.197100 
1.197300 
1.199000 
1.204200 
1.206000 
1.206600 
1.207800 
1.209900 
1.210300 
1.210300 
1.213100 
1.215700 
1.216200 
1.218200 
1.218300 
1.220200 
1.222700 
1.224400 
1.229100 
1.232800 
1.236800 
1.238400 
1.239400 
1.240100 
1.242600 
1.243100 
1.243300 
1.250700 
1.252300 
1.253100 
1.253600 
1.256000 
1.259600 
1.259800 
1.264300 
1.267400 
1.267600 
1.268300 
1.272700 
1.273200 
1.274800 
1.275700 
1.275800 
1.276700 
1.276900 
1.277400 
1.278600 
1.282600 
1.284500 
1.285000 
1.285900 
1.290700 
1.291300 
1.291300 
1.293100 
1.293700 
1.293900 
1.294100 
1.295500 
1.295600 
1.295700 
1.298900 
1.299100 
1.302500 
1.304400 
1.308000 
1.309700 
1.310600 
1.310600 
1.311600 
1.312300 
1.314200 
1.317900 
1.320600 
1.322000 
1.322300 
1.323900 
1.324200 
1.324700 
1.326100 
1.326400 
1.328300 
1.328900 
1.332000 
1.333900 
1.334900 
1.337500 
1.338000 
1.344000 
1.345800 
1.347300 
1.349100 
1.352000 
1.352100 
1.352700 
1.355300 
1.355600 
1.355600 
1.356100 
1.356300 
1.357100 
1.358800 
1.360300 
1.361500 
1.363300 
1.366900 
1.368900 
1.369200 
1.369800 
1.371500 
1.372800 
1.376500 
1.378000 
1.383600 
1.384800 
1.385100 
1.388900 
1.389900 
1.391500 
1.392600 
1.392800 
1.393900 
1.394000 
1.394800 
1.396600 
1.398400 
1.399600 
1.401500 
1.403500 
1.405900 
1.407400 
1.408100 
1.414000 
1.414100 
1.416300 
1.417200 
1.417300 
1.417300 
1.418500 
1.424200 
1.425100 
1.426500 
1.427400 
1.427900 
1.432000 
1.433200 
1.433300 
1.436400 
1.437100 
1.437600 
1.437700 
1.438100 
1.439600 
1.441800 
1.446900 
1.448700 
1.450700 
1.450900 
1.452100 
1.455600 
1.457500 
1.458200 
1.459900 
1.463800 
1.467000 
1.467700 
1.470100 
1.470300 
1.471400 
1.472100 
1.475200 
1.476100 
1.477100 
1.477800 
1.480200 
1.483400 
1.483700 
1.485500 
1.485700 
1.486300 
1.490400 
1.492000 
1.493700 
1.493900 
1.498400 
1.500200 
1.501500 
1.502400 
1.503000 
1.503400 
1.505000 
1.505400 
1.511400 
1.512100 
1.513900 
1.514000 
1.515300 
1.517500 
1.519100 
1.519200 
1.519700 
1.519900 
1.525900 
1.525900 
1.529000 
1.529100 
1.530200 
1.533300 
1.533600 
1.536400 
1.536700 
1.538800 
1.541000 
1.543100 
1.543900 
1.545600 
1.545600 
1.546900 
1.552100 
1.553700 
1.554000 
1.554400 
1.555100 
1.555500 
1.556200 
1.556600 
1.556800 
1.559300 
1.561900 
1.562400 
1.563400 
1.564800 
1.565600 
1.565900 
1.568600 
1.575500 
1.578600 
1.578600 
1.579800 
1.581800 
1.582000 
1.582800 
1.582900 
1.582900 
1.587700 
1.587800 
1.590400 
1.592300 
1.593200 
1.596700 
1.597000 
1.600700 
1.601000 
1.602400 
1.602800 
1.604100 
1.604800 
1.606400 
1.606700 
1.606700 
1.608600 
1.608800 
1.614300 
1.614500 
1.616400 
1.621200 
1.621700 
1.623500 
1.624700 
1.627200 
1.631100 
1.631700 
1.635200 
1.636700 
1.638100 
1.639000 
1.639200 
1.640200 
1.640600 
1.640700 
1.644500 
1.644800 
1.645300 
1.645800 
1.647100 
1.649000 
1.650400 
1.651500 
1.652300 
1.653200 
1.656100 
1.659400 
1.663500 
1.666700 
1.668700 
1.670300 
1.674200 
1.674300 
1.675800 
1.676300 
1.678500 
1.678600 
1.681500 
1.682000 
1.682700 
1.683100 
1.683200 
1.686300 
1.687100 
1.688100 
1.690400 
1.693000 
1.693400 
1.698800 
1.700000 
1.703800 
1.704900 
1.706000 
1.710900 
1.712500 
1.713400 
1.715600 
1.715800 
1.716100 
1.716600 
1.716900 
1.717200 
1.717300 
1.718800 
1.720500 
1.720700 
1.720900 
1.726700 
1.728600 
1.728700 
1.729100 
1.734100 
1.735100 
1.735900 
1.737100 
1.737500 
1.739400 
1.746000 
1.746700 
1.747000 
1.747100 
1.748100 
1.751200 
1.751400 
1.752800 
1.754400 
1.755000 
1.757400 
1.759500 
1.759800 
1.762100 
1.767400 
1.768900 
1.769300 
1.771300 
1.772500 
1.772500 
1.773000 
1.773900 
1.775400 
1.776700 
1.778800 
1.784100 
1.784700 
1.785700 
1.785800 
1.786900 
1.790000 
1.790100 
1.790400 
1.790500 
1.791500 
1.792400 
1.792600 
1.792600 
1.792700 
1.793400 
1.794000 
1.795300 
1.797100 
1.797700 
1.798400 
1.798900 
1.799000 
1.801700 
1.807400 
1.810800 
1.812000 
1.813400 
1.821300 
1.822300 
1.823600 
1.824600 
1.824700 
1.825300 
1.826800 
1.829800 
1.829900 
1.830300 
1.833900 
1.834800 
1.834900 
1.835600 
1.838600 
1.838800 
1.841300 
1.841400 
1.841400 
1.841800 
1.842000 
1.842600 
1.843000 
1.843400 
1.844700 
1.845700 
1.847100 
1.848800 
1.849200 
1.849900 
1.850700 
1.850900 
1.851600 
1.853300 
1.854100 
1.857000 
1.862900 
1.863900 
1.873000 
1.876100 
1.876300 
1.879500 
1.880400 
1.880700 
1.881700 
1.884100 
1.884200 
1.884900 
1.886300 
1.887800 
1.888500 
1.889200 
1.894400 
1.900000 
1.903000 
1.903100 
1.904100 
1.906000 
1.906600 
1.907700 
1.909400 
1.912800 
1.915500 
1.915800 
1.916400 
1.920100 
1.931200 
1.931200 
1.933200 
1.936500 
1.939500 
1.939900 
1.940000 
1.943500 
1.943600 
1.946900 
1.950900 
1.952800 
1.953600 
1.954100 
1.955600 
1.957400 
1.957600 
1.957900 
1.965500 
1.965500 
1.967000 
1.968100 
1.970200 
1.970900 
1.972200 
1.974100 
1.974600 
1.975100 
1.978300 
1.980700 
1.985800 
1.986700 
1.988000 
1.988600 
1.989100 
1.989800 
1.993800 
1.994000 
1.995400 
1.997100 
1.998700 
1.999000 
1.999500 
2.001700 
2.002500 
2.004900 
2.005400 
2.005800 
2.009100 
2.009600 
2.016200 
2.017700 
2.018100 
2.020700 
2.023100 
2.027400 
2.029700 
2.030200 
2.031200 
2.033000 
2.034000 
2.035700 
2.036800 
2.037100 
2.039500 
2.040800 
2.042100 
2.042400 
2.046900 
2.047600 
2.048200 
2.048500 
2.050800 
2.050800 
2.055400 
2.056900 
2.057100 
2.060800 
2.061200 
2.063600 
2.064300 
2.069900 
2.071100 
2.071100 
2.073100 
2.074300 
2.079100 
2.079800 
2.080100 
2.081300 
2.081700 
2.083700 
2.085500 
2.085600 
2.086600 
2.088500 
2.089200 
2.090900 
2.090900 
2.100800 
2.102400 
2.104100 
2.107000 
2.108000 
2.108900 
2.109200 
2.112800 
2.113500 
2.114900 
2.116900 
2.118200 
2.120100 
2.120500 
2.123300 
2.123500 
2.124700 
2.126600 
2.127200 
2.132000 
2.132400 
2.132800 
2.133000 
2.134100 
2.135700 
2.136000 
2.137000 
2.137900 
2.138200 
2.139500 
2.140100 
2.142600 
2.144400 
2.145500 
2.148800 
2.150500 
2.150600 
2.153900 
2.154000 
2.157600 
2.157600 
2.162200 
2.162700 
2.163800 
2.165400 
2.167800 
2.169300 
2.170900 
2.173100 
2.175200 
2.177400 
2.178500 
2.181600 
2.182000 
2.183600 
2.183800 
2.185100 
2.185800 
2.186200 
2.188600 
2.190800 
2.191600 
2.192000 
2.192900 
2.193200 
2.199300 
2.199900 
2.201900 
2.204600 
2.206000 
2.209700 
2.210200 
2.210500 
2.211900 
2.212400 
2.213300 
2.213800 
2.213800 
2.215400 
2.215700 
2.216700 
2.219800 
2.221300 
2.222500 
2.228900 
2.230800 
2.231700 
2.232200 
2.235100 
2.235900 
2.237300 
2.237500 
2.244100 
2.244600 
2.245900 
2.246900 
2.250800 
2.251900 
2.252700 
2.252700 
2.255400 
2.258800 
2.259500 
2.262000 
2.263800 
2.267000 
2.268900 
2.270000 
2.270000 
2.272000 
2.274200 
2.274200 
2.276800 
2.277500 
2.277800 
2.277800 
2.278600 
2.284400 
2.284800 
2.289300 
2.291300 
2.291400 
2.291800 
2.293300 
2.295100 
2.298900 
2.302100 
2.303700 
2.304200 
2.304500 
2.304800 
2.308400 
2.310500 
2.313000 
2.313100 
2.314100 
2.314400 
2.314600 
2.315500 
2.317900 
2.318300 
2.325500 
2.325500 
2.325600 
2.327900 
2.329800 
2.332100 
2.334000 
2.336200 
2.336600 
2.336900 
2.337200 
2.338600 
2.338800 
2.343100 
2.345800 
2.346200 
2.346300 
2.348200 
2.349200 
2.350800 
2.351600 
2.354400 
2.354800 
2.356200 
2.358300 
2.362000 
2.367900 
2.369000 
2.369500 
2.373500 
2.374200 
2.376200 
2.376400 
2.377700 
2.378300 
2.378800 
2.379100 
2.381900 
2.382000 
2.385000 
2.388300 
2.388300 
2.389900 
2.391400 
2.391400 
2.392600 
2.396800 
2.399600 
2.400100 
2.400900 
2.407200 
2.407800 
2.408100 
2.410500 
2.410600 
2.414500 
2.414600 
2.416100 
2.420000 
2.420200 
2.420800 
2.420800 
2.422800 
2.423000 
2.424800 
2.426400 
2.427400 
2.431000 
2.433200 
2.433300 
2.439800 
2.440000 
2.440200 
2.441900 
2.442400 
2.444300 
2.444500 
2.447500 
2.448900 
2.448900 
2.449400 
2.451600 
2.452100 
2.454100 
2.454700 
2.455100 
2.456500 
2.460700 
2.461500 
2.464300 
2.464600 
2.464900 
2.465200 
2.465300 
2.466900 
2.469200 
2.470000 
2.470400 
2.470900 
2.478600 
2.479300 
2.480200 
2.481600 
2.483000 
2.483900 
2.486300 
2.486800 
2.486900 
2.490400 
2.491200 
2.491300 
2.492700 
2.496300 
2.497100 
2.497200 
2.497800 
2.498000 
2.498200 
2.500500 
2.501900 
2.502900 
2.507600 
2.508200 
2.510500 
2.510800 
2.512000 
2.513400 
2.514300 
2.516200 
2.518300 
2.518800 
2.520500 
2.522400 
2.522600 
2.523400 
2.525000 
2.525200 
2.526200 
2.526300 
2.526500 
2.527100 
2.528800 
2.529200 
2.529300 
2.531500 
2.532500 
2.533200 
2.535800 
2.535900 
2.538100 
2.538700 
2.538700 
2.540800 
2.541300 
2.543200 
2.545000 
2.548900 
2.549700 
2.552700 
2.554000 
2.556000 
2.556900 
2.559500 
2.561100 
2.565800 
2.567900 
2.568100 
2.572000 
2.573200 
2.577100 
2.580100 
2.581200 
2.583700 
2.586000 
2.586100 
2.589900 
2.589900 
2.593100 
2.593300 
2.599200 
2.600500 
2.600600 
2.601500 
2.601700 
2.605000 
2.608000 
2.608800 
2.609800 
2.611300 
2.613200 
2.614800 
2.615700 
2.615700 
2.619600 
2.623100 
2.624900 
2.626100 
2.627500 
2.628800 
2.628900 
2.629000 
2.632500 
2.634500 
2.635000 
2.642400 
2.643100 
2.643200 
2.644600 
2.646500 
2.648700 
2.650200 
2.651600 
2.653800 
2.655400 
2.655600 
2.656500 
2.656600 
2.656900 
2.657200 
2.658100 
2.658400 
2.659600 
2.659800 
2.660500 
2.661400 
2.664700 
2.666300 
2.670000 
2.670600 
2.670800 
2.671200 
2.671600 
2.671800 
2.672600 
2.673800 
2.681600 
2.682000 
2.682500 
2.683100 
2.685900 
2.686000 
2.689700 
2.689700 
2.692200 
2.697000 
2.697800 
2.701000 
2.701100 
2.701100 
2.701700 
2.701800 
2.702500 
2.703400 
2.704700 
2.706100 
2.711000 
2.713200 
2.714200 
2.714200 
2.714700 
2.715700 
2.717500 
2.719700 
2.720400 
2.721700 
2.722200 
2.722300 
2.722900 
2.725700 
2.726600 
2.726800 
2.727500 
2.728700 
2.729400 
2.731200 
2.732800 
2.733400 
2.733600 
2.734600 
2.734900 
2.735400 
2.737300 
2.741800 
2.743600 
2.746800 
2.750500 
2.752300 
2.759200 
2.759700 
2.761000 
2.761800 
2.762200 
2.763000 
2.764500 
2.764900 
2.766100 
2.768900 
2.770800 
2.776200 
2.780800 
2.781300 
2.782700 
2.783800 
2.784500 
2.784700 
2.791300 
2.799300 
2.800300 
2.804300 
2.804600 
2.812500 
2.813100 
2.813900 
2.814100 
2.814600 
2.815100 
2.815800 
2.816300 
2.817900 
2.821500 
2.824200 
2.825400 
2.834300 
2.835100 
2.836400 
2.838800 
2.842000 
2.842800 
2.843000 
2.845100 
2.846700 
2.849300 
2.850700 
2.851500 
2.855900 
2.858400 
2.860600 
2.860700 
2.861100 
2.864100 
2.864200 
2.865100 
2.865200 
2.867400 
2.870400 
2.871900 
2.876700 
2.881800 
2.884300 
2.885900 
2.891700 
2.895600 
2.898300 
2.900000 
2.902000 
2.902200 
2.903900 
2.905000 
2.909100 
2.909300 
2.910500 
2.912100 
2.912400 
2.913700 
2.915200 
2.916400 
2.918300 
2.918400 
2.919700 
2.920500 
2.924700 
2.928100 
2.929400 
2.929400 
2.929500 
2.929800 
2.931900 
2.933300 
2.934500 
2.937900 
2.938400 
2.939300 
2.940200 
2.941100 
2.942000 
2.948300 
2.952100 
2.953200 
2.953400 
2.953500 
2.960800 
2.961800 
2.962400 
2.962900 
2.963600 
2.965300 
2.965600 
2.965900 
2.969400 
2.974400 
2.975100 
2.977700 
2.981200 
2.983900 
2.985300 
2.987600 
2.988000 
2.989800 
2.989800 
2.991400 
2.991600 
2.993700 
2.996300 
2.998600 
2.999000 
