2 
14 
16 
11 
5 
15 
9 
6 
12 
14 
16 
14 
6 
2 
15 
14 
6 
10 
15 
14 
16 
2 
14 
10 
6 
12 
16 
8 
10 
18 
15 
17 
2 
6 
12 
10 
14 
9 
12 
14 
16 
10 
2 
12 
7 
10 
6 
8 
8 
14 
12 
6 
16 
11 
14 
3 
8 
6 
3 
14 
12 
9 
16 
10 
18 
14 
3 
16 
10 
2 
12 
8 
6 
1 
7 
11 
14 
6 
16 
10 
2 
0 
12 
15 
8 
12 
5 
14 
16 
7 
14 
15 
12 
6 
16 
14 
12 
14 
6 
12 
16 
18 
15 
12 
14 
2 
12 
16 
4 
10 
17 
2 
12 
14 
8 
12 
16 
17 
12 
0 
14 
2 
12 
4 
13 
15 
6 
16 
8 
2 
9 
14 
6 
12 
6 
14 
12 
7 
8 
10 
2 
14 
8 
7 
12 
16 
6 
9 
2 
12 
4 
16 
14 
8 
9 
12 
16 
6 
14 
15 
12 
2 
8 
7 
12 
14 
18 
16 
4 
17 
5 
10 
15 
2 
14 
2 
9 
12 
18 
12 
14 
4 
6 
9 
18 
13 
6 
14 
0 
12 
10 
6 
14 
2 
12 
10 
12 
0 
14 
2 
6 
4 
15 
6 
4 
8 
16 
6 
3 
13 
17 
12 
15 
14 
16 
0 
6 
12 
8 
2 
4 
11 
15 
0 
13 
6 
17 
14 
10 
16 
12 
14 
10 
9 
12 
16 
8 
14 
6 
4 
14 
2 
10 
4 
12 
8 
16 
14 
9 
12 
16 
2 
0 
18 
12 
14 
12 
5 
10 
14 
6 
8 
16 
15 
12 
10 
0 
2 
13 
7 
12 
6 
17 
16 
8 
14 
6 
12 
9 
14 
8 
16 
10 
2 
12 
14 
17 
14 
12 
6 
8 
14 
3 
9 
12 
10 
18 
8 
14 
12 
14 
12 
16 
15 
3 
18 
11 
16 
14 
2 
6 
15 
2 
6 
17 
14 
12 
15 
8 
14 
6 
10 
12 
14 
8 
9 
10 
12 
6 
13 
16 
2 
12 
15 
3 
14 
6 
18 
12 
9 
10 
15 
16 
14 
2 
7 
12 
0 
7 
4 
14 
2 
10 
13 
15 
12 
5 
10 
6 
4 
16 
2 
14 
12 
3 
9 
7 
12 
6 
15 
2 
12 
14 
7 
10 
3 
8 
15 
12 
13 
14 
9 
16 
12 
8 
14 
8 
12 
14 
15 
18 
10 
12 
2 
14 
12 
2 
1 
3 
16 
6 
5 
10 
12 
2 
9 
8 
17 
6 
16 
15 
7 
14 
12 
2 
13 
5 
4 
9 
12 
16 
14 
10 
8 
14 
3 
6 
8 
12 
17 
11 
6 
8 
12 
14 
2 
14 
2 
9 
0 
2 
6 
12 
14 
4 
18 
10 
16 
2 
14 
3 
15 
2 
8 
15 
12 
13 
6 
15 
14 
