0.082900 
0.091100 
0.091600 
0.093500 
0.111500 
0.113600 
0.114500 
0.119800 
0.121400 
0.129800 
0.133400 
0.134500 
0.136600 
0.137100 
0.138900 
0.139000 
0.140400 
0.143500 
0.144700 
0.147800 
0.147800 
0.162300 
0.162400 
0.169400 
0.169600 
0.169700 
0.170300 
0.171400 
0.173800 
0.177900 
0.180700 
0.192200 
0.198600 
0.200400 
0.201600 
0.203200 
0.213300 
0.214000 
0.228200 
0.241400 
0.243300 
0.251100 
0.256700 
0.256900 
0.261200 
0.262300 
0.264700 
0.265900 
0.269700 
0.271700 
0.281800 
0.285200 
0.286900 
0.288300 
0.292800 
0.297600 
0.299900 
0.300700 
0.301500 
0.304200 
0.304800 
0.309800 
0.311400 
0.312900 
0.323800 
0.327900 
0.333200 
0.334600 
0.336900 
0.339600 
0.354600 
0.359900 
0.360600 
0.368700 
0.370500 
0.371600 
0.374000 
0.381800 
0.389700 
0.392100 
0.398000 
0.398500 
0.400100 
0.402000 
0.412600 
0.414100 
0.414400 
0.414900 
0.414900 
0.416200 
0.418700 
0.420100 
0.432500 
0.438200 
0.438700 
0.448100 
0.475200 
0.475800 
0.482300 
0.484300 
0.496100 
0.497100 
0.502000 
0.507200 
0.515100 
0.516400 
0.518200 
0.519400 
0.526200 
0.540000 
0.543700 
0.547600 
0.553300 
0.556300 
0.556300 
0.557200 
0.560000 
0.585000 
0.586100 
0.586500 
0.587400 
0.593500 
0.595800 
0.597000 
0.606500 
0.606800 
0.612000 
0.614600 
0.614900 
0.616500 
0.617500 
0.620900 
0.624700 
0.626100 
0.626700 
0.645000 
0.645000 
0.650300 
0.655900 
0.676600 
0.701800 
0.704400 
0.706400 
0.710800 
0.713800 
0.716600 
0.726100 
0.734200 
0.744500 
0.756500 
0.761700 
0.764100 
0.776000 
0.778600 
0.787400 
0.795800 
0.795900 
0.797800 
0.806000 
0.808300 
0.812100 
0.818700 
0.830600 
0.842400 
0.849000 
0.858700 
0.862400 
0.866100 
0.867300 
0.872900 
0.878200 
0.893700 
0.897200 
0.899800 
0.903800 
0.906300 
0.909800 
0.910200 
0.919900 
0.920200 
0.920500 
0.920500 
0.923500 
0.928700 
0.928800 
0.934600 
0.947300 
0.951100 
0.960800 
0.971000 
0.977300 
0.979500 
1.008500 
1.015500 
1.034200 
1.043300 
1.047400 
1.062600 
1.064700 
1.069600 
1.071600 
1.080100 
1.080600 
1.081100 
1.081500 
1.083300 
1.089800 
1.091800 
1.098200 
1.100500 
1.108200 
1.108400 
1.109600 
1.110200 
1.115600 
1.117800 
1.117800 
1.118100 
1.118300 
1.128400 
1.129700 
1.132800 
1.136300 
1.137300 
1.141100 
1.144900 
1.146600 
1.149700 
1.151200 
1.161200 
1.164800 
1.172900 
1.175600 
1.176900 
1.184300 
1.197500 
1.207100 
1.211400 
1.217200 
1.218000 
1.223500 
1.228200 
1.234000 
1.238100 
1.239000 
1.240800 
1.248100 
1.258000 
1.264800 
1.286000 
1.299300 
1.309700 
1.311100 
1.315500 
1.315600 
1.315800 
1.318000 
1.325700 
1.332000 
1.340300 
1.355100 
1.355100 
1.355300 
1.362400 
1.363700 
1.366800 
1.368500 
1.381500 
1.387900 
1.388400 
1.396400 
1.403900 
1.406600 
1.425200 
1.425300 
1.430200 
1.437100 
1.438800 
1.441700 
1.443800 
1.444100 
1.448300 
1.449800 
1.450800 
1.451400 
1.451400 
1.451700 
1.457400 
1.465900 
1.466900 
1.472200 
1.472300 
1.484200 
1.489400 
1.498700 
1.502400 
1.504200 
1.505100 
1.511500 
1.511800 
1.512300 
1.513400 
1.513400 
1.513700 
1.514400 
1.526500 
1.526700 
1.528900 
1.537900 
1.540400 
1.540800 
1.542200 
1.564200 
1.568900 
1.570300 
1.572300 
1.572400 
1.572700 
1.578300 
1.578400 
1.580400 
1.581900 
1.586800 
1.604000 
1.605100 
1.608900 
1.623100 
1.628600 
1.631900 
1.641200 
1.649900 
1.650700 
1.653400 
1.673000 
1.675200 
1.678400 
1.682100 
1.684600 
1.696600 
1.698000 
1.705000 
1.708000 
1.724800 
1.729700 
1.732300 
1.739700 
1.743900 
1.757800 
1.775200 
1.775400 
1.780200 
1.783500 
1.789400 
1.794300 
1.817300 
1.828100 
1.828400 
1.828800 
1.831400 
1.833700 
1.835200 
1.837700 
1.838600 
1.843700 
1.851000 
1.851100 
1.857800 
1.867600 
1.877400 
1.891200 
1.892300 
1.892400 
1.894600 
1.901600 
1.905900 
1.915800 
1.916400 
1.917400 
1.919900 
1.922600 
1.927300 
1.930300 
1.932500 
1.936300 
1.946500 
1.949900 
1.951400 
1.952700 
1.953300 
1.954300 
1.956600 
1.958200 
1.966400 
1.967500 
1.969100 
1.969800 
1.972200 
1.975900 
1.981400 
1.990600 
1.991800 
1.995400 
1.998200 
1.998700 
2.002500 
2.022800 
2.031400 
2.034600 
2.041100 
2.044500 
2.062400 
2.066700 
2.076600 
2.077400 
2.082600 
2.084000 
2.089000 
2.099200 
2.099400 
2.099500 
2.109700 
2.115100 
2.135800 
2.140000 
2.140600 
2.141200 
2.142900 
2.147100 
2.152900 
2.158200 
2.167000 
2.174600 
2.181100 
2.184600 
2.198000 
2.198200 
2.200000 
2.206900 
2.207200 
2.207900 
2.209100 
2.210900 
2.224200 
2.230400 
2.235700 
2.245400 
2.246500 
2.247300 
2.254600 
2.257100 
2.287600 
2.288400 
2.291500 
2.302900 
2.304100 
2.322900 
2.325100 
2.333400 
2.338000 
2.338200 
2.339300 
2.345200 
2.349900 
2.352900 
2.354000 
2.373200 
2.380500 
2.383400 
2.402200 
2.405000 
2.412200 
2.415800 
2.416200 
2.422200 
2.424700 
2.431100 
2.437800 
2.440600 
2.460100 
2.467000 
2.486000 
2.492800 
2.496100 
2.496800 
2.497900 
2.508900 
2.509800 
2.510100 
2.514600 
2.517700 
2.518400 
2.539100 
2.542000 
2.549000 
2.550300 
2.550500 
2.552400 
2.557000 
2.558700 
2.559900 
2.570700 
2.577300 
2.590100 
2.592500 
2.593900 
2.598500 
2.599800 
2.600400 
2.603400 
2.606300 
2.616000 
2.626000 
2.626900 
2.627900 
2.635700 
2.644300 
2.649900 
2.651600 
2.652400 
2.669600 
2.685000 
2.686900 
2.687400 
2.688800 
2.695600 
2.700900 
2.704500 
2.712200 
2.716200 
2.717700 
2.723600 
2.735000 
2.745700 
2.748500 
2.753300 
2.756400 
2.758500 
2.762900 
2.764500 
2.764700 
2.764700 
2.764900 
2.765900 
2.767900 
2.773400 
2.776700 
2.779700 
2.782600 
2.783100 
2.784800 
2.785400 
2.786500 
2.786900 
2.792200 
2.792500 
2.792900 
2.794900 
2.798000 
2.799700 
2.800000 
2.812700 
2.812800 
2.820300 
2.828400 
2.838900 
2.843800 
2.844000 
2.855700 
2.865700 
2.869700 
2.869700 
2.874100 
2.875400 
2.876900 
2.880600 
2.890700 
2.891000 
2.893100 
2.898400 
2.907500 
2.920100 
2.921700 
2.935000 
2.935300 
2.936500 
2.938900 
2.944100 
2.948600 
2.949800 
2.949900 
2.951300 
2.953200 
2.954000 
2.954800 
2.955400 
2.955600 
2.957500 
2.961800 
2.964200 
2.966300 
2.966300 
2.966800 
2.967800 
2.972800 
2.972900 
2.977400 
2.977500 
2.978800 
2.979300 
2.986100 
2.986600 
2.988300 
