0.025200 
0.036100 
0.048600 
0.050100 
0.051900 
0.062700 
0.065100 
0.073500 
0.094800 
0.102600 
0.115100 
0.124900 
0.132600 
0.145400 
0.149500 
0.152100 
0.154000 
0.165100 
0.174800 
0.176500 
0.176900 
0.184400 
0.194300 
0.194400 
0.196900 
0.212400 
0.218500 
0.226100 
0.228800 
0.230800 
0.235100 
0.245900 
0.246500 
0.261500 
0.263100 
0.263300 
0.267600 
0.279600 
0.282800 
0.292000 
0.293300 
0.300500 
0.305900 
0.309500 
0.312700 
0.325600 
0.335100 
0.335300 
0.336400 
0.337000 
0.338200 
0.353100 
0.356600 
0.356900 
0.366300 
0.383000 
0.387100 
0.396400 
0.399500 
0.408200 
0.422400 
0.429500 
0.429800 
0.433300 
0.433400 
0.434200 
0.458800 
0.462800 
0.463500 
0.467800 
0.467900 
0.478200 
0.494300 
0.497100 
0.500500 
0.500600 
0.505900 
0.517700 
0.519200 
0.523200 
0.527500 
0.530000 
0.531700 
0.531700 
0.538000 
0.552100 
0.552900 
0.554100 
0.558100 
0.563200 
0.564300 
0.564700 
0.577800 
0.586600 
0.589200 
0.589900 
0.590900 
0.592700 
0.602000 
0.610100 
0.613100 
0.622500 
0.630000 
0.636800 
0.640000 
0.644100 
0.650400 
0.653600 
0.654900 
0.660000 
0.669400 
0.677900 
0.678700 
0.702800 
0.712700 
0.718000 
0.718400 
0.720100 
0.720200 
0.721200 
0.737000 
0.738900 
0.745600 
0.748400 
0.761300 
0.774000 
0.776900 
0.780300 
0.784200 
0.793900 
0.798300 
0.799000 
0.806700 
0.818100 
0.831600 
0.833700 
0.834300 
0.834900 
0.836300 
0.841600 
0.851500 
0.852100 
0.856100 
0.858300 
0.864100 
0.874000 
0.877100 
0.883900 
0.884600 
0.885100 
0.887800 
0.896800 
0.902300 
0.908600 
0.919200 
0.922300 
0.924300 
0.938300 
0.940400 
0.944600 
0.950100 
0.951700 
0.958400 
0.961900 
0.969700 
0.970900 
0.971900 
0.971900 
0.973600 
0.974300 
0.986100 
0.989800 
1.001200 
1.006100 
1.008200 
1.009300 
1.013700 
1.015000 
1.031800 
1.032900 
1.040200 
1.042200 
1.052200 
1.052700 
1.067300 
1.068200 
1.068400 
1.073600 
1.088400 
1.089400 
1.101900 
1.106900 
1.106900 
1.115600 
1.124600 
1.133100 
1.138200 
1.148700 
1.158000 
1.167400 
1.171600 
1.173700 
1.181100 
1.182700 
1.188600 
1.195800 
1.200200 
1.200600 
1.204500 
1.212300 
1.225900 
1.231400 
1.231900 
1.233500 
1.240400 
1.244900 
1.246100 
1.248200 
1.272000 
1.278000 
1.284700 
1.301400 
1.310400 
1.321500 
1.323200 
1.323300 
1.325000 
1.332500 
1.333200 
1.344800 
1.346800 
1.352300 
1.352400 
1.358700 
1.362300 
1.368500 
1.372000 
1.377000 
1.382400 
1.389900 
1.398000 
1.398500 
1.403100 
1.404400 
1.409800 
1.410900 
1.424200 
1.431300 
1.433700 
1.434000 
1.436600 
1.438600 
1.454800 
1.457300 
1.463800 
1.465700 
1.471100 
1.479400 
1.484100 
1.498900 
1.502700 
1.505600 
1.508500 
1.508800 
1.510200 
1.512000 
1.526100 
1.527300 
1.529600 
1.530200 
1.542900 
1.543800 
1.549000 
1.549500 
1.549700 
1.559500 
1.559800 
1.576900 
1.577400 
1.589700 
1.595000 
1.597300 
1.599600 
1.604800 
1.606500 
1.617900 
1.635200 
1.636300 
1.640100 
1.642400 
1.644400 
1.650300 
1.666900 
1.668300 
1.669200 
1.674600 
1.677000 
1.689300 
1.689400 
1.702100 
1.713400 
1.719500 
1.720600 
1.743200 
1.745300 
1.749400 
1.750100 
1.750500 
1.755000 
1.804000 
1.818100 
1.819700 
1.825200 
1.835300 
1.841100 
1.848500 
1.857700 
1.869400 
1.873300 
1.873600 
1.883900 
1.887100 
1.891200 
1.902500 
1.905500 
1.925300 
1.935100 
1.936300 
1.953600 
1.956100 
1.957800 
1.969100 
1.971700 
1.974700 
1.976600 
1.980800 
1.985500 
1.987000 
1.988800 
1.988800 
1.998000 
2.005000 
2.011500 
2.015500 
2.015600 
2.020500 
2.024700 
2.030900 
2.037200 
2.043100 
2.054900 
2.062300 
2.076000 
2.076700 
2.081400 
2.085600 
2.101900 
2.102100 
2.104000 
2.113800 
2.121100 
2.121300 
2.123800 
2.133200 
2.138000 
2.144400 
2.154400 
2.160900 
2.169400 
2.170200 
2.171400 
2.172600 
2.173500 
2.175700 
2.193100 
2.199400 
2.207700 
2.209300 
2.219400 
2.220800 
2.227200 
2.229100 
2.242900 
2.243800 
2.245500 
2.252000 
2.254400 
2.259800 
2.264700 
2.269000 
2.269500 
2.279500 
2.281100 
2.290000 
2.293200 
2.295400 
2.299100 
2.309100 
2.314400 
2.317900 
2.321400 
2.325000 
2.325600 
2.335500 
2.336700 
2.347900 
2.350500 
2.355600 
2.356100 
2.359300 
2.374200 
2.375400 
2.388000 
2.395400 
2.395500 
2.400800 
2.406100 
2.418100 
2.430500 
2.430600 
2.438900 
2.441900 
2.447500 
2.469100 
2.474100 
2.479900 
2.488700 
2.490600 
2.501500 
2.503000 
2.504600 
2.505900 
2.511600 
2.513400 
2.520200 
2.522200 
2.523100 
2.540400 
2.545700 
2.551200 
2.565400 
2.565900 
2.577500 
2.581000 
2.584200 
2.585300 
2.589100 
2.598200 
2.600300 
2.608900 
2.611200 
2.616800 
2.620600 
2.625800 
2.635000 
2.644200 
2.647700 
2.652400 
2.656600 
2.662700 
2.672400 
2.678900 
2.681400 
2.682900 
2.685100 
2.703500 
2.703500 
2.710400 
2.717600 
2.723500 
2.726600 
2.743400 
2.758500 
2.761900 
2.769200 
2.770100 
2.784200 
2.788500 
2.789000 
2.789600 
2.805900 
2.807500 
2.811300 
2.823600 
2.835700 
2.849000 
2.851700 
2.861900 
2.865600 
2.871200 
2.892100 
2.892400 
2.900700 
2.909700 
2.922900 
2.933100 
2.935300 
2.940800 
2.947000 
2.969700 
2.981200 
2.985500 
2.986000 
2.986500 
2.992800 
2.996900 
