11 
2 
17 
33 
29 
53 
25 
46 
32 
10 
30 
35 
45 
0 
55 
5 
48 
46 
44 
48 
10 
29 
42 
32 
36 
28 
46 
7 
55 
18 
30 
48 
8 
25 
5 
37 
0 
26 
41 
42 
7 
22 
1 
34 
8 
30 
53 
36 
15 
55 
10 
32 
4 
3 
18 
48 
0 
22 
44 
35 
6 
46 
12 
7 
49 
30 
32 
35 
44 
15 
37 
46 
36 
20 
3 
25 
19 
37 
21 
6 
2 
8 
35 
48 
29 
15 
44 
26 
36 
46 
31 
4 
46 
7 
21 
49 
1 
3 
30 
36 
6 
37 
45 
29 
27 
15 
12 
17 
1 
47 
32 
21 
49 
14 
3 
1 
37 
41 
10 
12 
35 
42 
27 
32 
18 
20 
26 
10 
7 
52 
40 
16 
3 
43 
30 
7 
12 
20 
37 
44 
42 
29 
34 
55 
45 
35 
3 
28 
48 
36 
37 
26 
25 
40 
1 
10 
43 
37 
45 
5 
24 
16 
22 
46 
55 
17 
26 
25 
48 
0 
31 
55 
44 
30 
21 
3 
41 
5 
2 
35 
8 
55 
26 
42 
45 
0 
21 
1 
38 
46 
55 
23 
29 
26 
11 
37 
44 
55 
22 
32 
29 
54 
18 
13 
38 
12 
42 
28 
30 
50 
24 
7 
37 
3 
36 
23 
47 
7 
46 
48 
35 
8 
46 
30 
28 
25 
34 
36 
12 
38 
15 
26 
35 
32 
24 
43 
31 
25 
8 
13 
26 
37 
32 
44 
7 
19 
18 
48 
46 
16 
45 
25 
18 
0 
5 
26 
44 
22 
55 
34 
46 
15 
32 
12 
27 
7 
47 
21 
37 
36 
26 
40 
4 
25 
55 
46 
30 
45 
5 
44 
2 
32 
35 
18 
7 
20 
27 
11 
12 
36 
7 
18 
41 
9 
46 
37 
25 
32 
30 
7 
11 
3 
44 
55 
10 
15 
7 
0 
48 
40 
41 
42 
26 
32 
17 
10 
7 
50 
1 
55 
53 
22 
35 
47 
6 
37 
40 
3 
36 
25 
10 
14 
49 
16 
12 
5 
37 
18 
48 
55 
47 
22 
40 
11 
44 
20 
45 
36 
21 
8 
0 
54 
53 
45 
46 
7 
22 
25 
10 
6 
4 
29 
18 
53 
46 
3 
48 
1 
5 
12 
42 
38 
7 
46 
32 
11 
13 
10 
17 
41 
22 
42 
30 
44 
0 
35 
48 
43 
20 
18 
55 
28 
40 
7 
36 
47 
30 
37 
16 
45 
22 
4 
40 
11 
25 
44 
3 
48 
36 
37 
12 
3 
40 
31 
46 
7 
30 
36 
37 
25 
0 
49 
26 
28 
44 
18 
48 
30 
41 
53 
13 
1 
6 
7 
26 
34 
25 
45 
30 
38 
8 
37 
6 
1 
13 
46 
44 
55 
15 
26 
35 
3 
25 
21 
36 
25 
0 
41 
48 
28 
26 
18 
19 
55 
7 
13 
21 
36 
4 
20 
35 
19 
42 
48 
10 
15 
25 
12 
46 
3 
41 
23 
48 
36 
10 
12 
25 
44 
55 
37 
20 
5 
49 
22 
46 
50 
48 
45 
47 
10 
25 
0 
40 
7 
30 
41 
31 
32 
26 
12 
20 
46 
45 
29 
36 
31 
32 
49 
37 
28 
44 
12 
47 
11 
29 
37 
26 
8 
28 
46 
41 
25 
35 
40 
45 
1 
26 
15 
2 
22 
41 
20 
30 
45 
37 
46 
34 
44 
21 
18 
3 
30 
45 
40 
20 
55 
37 
15 
36 
12 
34 
26 
47 
23 
19 
36 
28 
25 
37 
22 
35 
6 
44 
26 
29 
3 
36 
30 
28 
41 
26 
38 
13 
5 
0 
27 
18 
4 
49 
23 
22 
26 
45 
7 
41 
1 
36 
19 
37 
22 
25 
7 
44 
3 
35 
29 
48 
44 
37 
53 
36 
25 
34 
5 
41 
46 
11 
45 
20 
25 
32 
3 
40 
15 
48 
6 
54 
29 
41 
7 
38 
55 
15 
37 
1 
32 
46 
15 
48 
11 
36 
44 
7 
5 
23 
30 
52 
19 
31 
28 
46 
40 
25 
37 
15 
7 
21 
14 
44 
55 
36 
3 
22 
12 
25 
26 
10 
5 
35 
32 
33 
4 
22 
46 
34 
24 
10 
7 
55 
45 
44 
36 
12 
21 
5 
37 
23 
15 
18 
1 
7 
22 
41 
53 
49 
36 
0 
7 
42 
10 
26 
49 
5 
1 
20 
55 
42 
48 
15 
46 
40 
36 
45 
41 
38 
49 
4 
26 
18 
46 
37 
30 
15 
12 
1 
25 
44 
32 
29 
6 
46 
40 
9 
26 
42 
27 
55 
41 
37 
52 
41 
16 
55 
30 
12 
7 
21 
16 
44 
8 
37 
13 
48 
21 
30 
45 
34 
25 
7 
0 
55 
10 
3 
23 
45 
32 
22 
20 
41 
46 
9 
38 
23 
13 
50 
48 
37 
6 
25 
27 
46 
12 
52 
55 
30 
25 
35 
37 
7 
22 
41 
18 
10 
3 
1 
26 
10 
25 
30 
40 
37 
55 
7 
4 
46 
27 
37 
42 
36 
29 
26 
27 
15 
22 
55 
48 
19 
30 
37 
46 
32 
45 
25 
31 
15 
52 
30 
7 
40 
41 
37 
48 
2 
12 
10 
18 
43 
22 
55 
3 
26 
34 
19 
25 
44 
37 
46 
24 
41 
51 
18 
31 
7 
6 
48 
21 
46 
38 
15 
8 
12 
18 
23 
36 
24 
46 
38 
7 
44 
32 
37 
22 
37 
26 
8 
44 
27 
30 
15 
7 
42 
22 
46 
34 
10 
38 
5 
45 
7 
25 
41 
14 
32 
26 
31 
48 
37 
4 
10 
22 
0 
46 
24 
5 
36 
7 
28 
26 
8 
35 
5 
37 
55 
25 
21 
41 
10 
40 
15 
22 
7 
16 
26 
37 
36 
44 
4 
28 
18 
7 
3 
26 
22 
1 
20 
35 
29 
37 
55 
39 
12 
46 
41 
25 
16 
0 
38 
47 
45 
55 
25 
18 
4 
7 
5 
10 
26 
53 
46 
37 
7 
6 
16 
5 
25 
36 
35 
24 
38 
52 
48 
46 
41 
40 
20 
36 
31 
22 
13 
26 
25 
32 
38 
40 
44 
29 
12 
37 
22 
25 
53 
15 
6 
40 
36 
46 
42 
3 
8 
35 
21 
10 
41 
7 
26 
49 
55 
0 
1 
53 
46 
8 
31 
35 
48 
3 
6 
36 
5 
41 
37 
46 
12 
44 
20 
36 
42 
19 
3 
41 
26 
5 
22 
37 
44 
29 
35 
34 
8 
55 
3 
2 
26 
37 
0 
32 
40 
21 
30 
20 
12 
7 
6 
46 
8 
44 
29 
36 
4 
0 
45 
37 
