0.017800 
0.025300 
0.026800 
0.033600 
0.035400 
0.044000 
0.044100 
0.049900 
0.051600 
0.052700 
0.064600 
0.065200 
0.070000 
0.074900 
0.077300 
0.081300 
0.089200 
0.095700 
0.100300 
0.103700 
0.107000 
0.115500 
0.119000 
0.121600 
0.129600 
0.133100 
0.136000 
0.137400 
0.138300 
0.140300 
0.142200 
0.150000 
0.155800 
0.161200 
0.161600 
0.165300 
0.166900 
0.167300 
0.173400 
0.177000 
0.177300 
0.180700 
0.184000 
0.184600 
0.185100 
0.187800 
0.188100 
0.198200 
0.204800 
0.206100 
0.208300 
0.216600 
0.217000 
0.221400 
0.222400 
0.223200 
0.224400 
0.225300 
0.229800 
0.232200 
0.232900 
0.233300 
0.235600 
0.237900 
0.241100 
0.245500 
0.250000 
0.250600 
0.252000 
0.255100 
0.260800 
0.267800 
0.268000 
0.270900 
0.274300 
0.274600 
0.278100 
0.279700 
0.282200 
0.283000 
0.284400 
0.284400 
0.294500 
0.294900 
0.296500 
0.298000 
0.299300 
0.300200 
0.300600 
0.302000 
0.303400 
0.311900 
0.312500 
0.317100 
0.317900 
0.319000 
0.319700 
0.321700 
0.322200 
0.330000 
0.331500 
0.333900 
0.335300 
0.335600 
0.335900 
0.336100 
0.342100 
0.343400 
0.343500 
0.344900 
0.354600 
0.354800 
0.355200 
0.355500 
0.356400 
0.372800 
0.373100 
0.374700 
0.376600 
0.377200 
0.378400 
0.381700 
0.382000 
0.383700 
0.388400 
0.391700 
0.400200 
0.402700 
0.409600 
0.410100 
0.420600 
0.421300 
0.422700 
0.424100 
0.428600 
0.430100 
0.430500 
0.436300 
0.439100 
0.440700 
0.443800 
0.445200 
0.448300 
0.449000 
0.449900 
0.451300 
0.453200 
0.454200 
0.454500 
0.454500 
0.458900 
0.459600 
0.471100 
0.473400 
0.474600 
0.479000 
0.480600 
0.481400 
0.483700 
0.484100 
0.484800 
0.486200 
0.487100 
0.490600 
0.491200 
0.494500 
0.495300 
0.495400 
0.495600 
0.502000 
0.504500 
0.504700 
0.506500 
0.507700 
0.509000 
0.515900 
0.516900 
0.519200 
0.520900 
0.521200 
0.527300 
0.528700 
0.528900 
0.532100 
0.532100 
0.533200 
0.536400 
0.537200 
0.537500 
0.538000 
0.545300 
0.545700 
0.546400 
0.555100 
0.555500 
0.560600 
0.560700 
0.561200 
0.562200 
0.563500 
0.564300 
0.568200 
0.569700 
0.571100 
0.576700 
0.576900 
0.577800 
0.577800 
0.582200 
0.582300 
0.586400 
0.587800 
0.588300 
0.592300 
0.602700 
0.604700 
0.605700 
0.611600 
0.612100 
0.613100 
0.613100 
0.614800 
0.615700 
0.619000 
0.623800 
0.626900 
0.628700 
0.629100 
0.639000 
0.640200 
0.647800 
0.650900 
0.654600 
0.656400 
0.657700 
0.658300 
0.662300 
0.663900 
0.668500 
0.670700 
0.671200 
0.672000 
0.672200 
0.672600 
0.673500 
0.673500 
0.675900 
0.680700 
0.683700 
0.685300 
0.686400 
0.686500 
0.691500 
0.694300 
0.697100 
0.699800 
0.703100 
0.703600 
0.706800 
0.713900 
0.714300 
0.715500 
0.715700 
0.721500 
0.722500 
0.723800 
0.724500 
0.729800 
0.731800 
0.740000 
0.742000 
0.749800 
0.750700 
0.751800 
0.752600 
0.756200 
0.758100 
0.759600 
0.761300 
0.763100 
0.766800 
0.768200 
0.770000 
0.773100 
0.776300 
0.778400 
0.778500 
0.778800 
0.781900 
0.788400 
0.790700 
0.791100 
0.792600 
0.793000 
0.795900 
0.796100 
0.799600 
0.801600 
0.802200 
0.806200 
0.806500 
0.808700 
0.814200 
0.816100 
0.818700 
0.819100 
0.823300 
0.826000 
0.826800 
0.828000 
0.831500 
0.833800 
0.835500 
0.836400 
0.859300 
0.860800 
0.861300 
0.863300 
0.863600 
0.864800 
0.864900 
0.866800 
0.867400 
0.867700 
0.872900 
0.881900 
0.883100 
0.883200 
0.886300 
0.888100 
0.891600 
0.893000 
0.898800 
0.904500 
0.905900 
0.906500 
0.911300 
0.913900 
0.916000 
0.918600 
0.921000 
0.921600 
0.924100 
0.925000 
0.926400 
0.933200 
0.935300 
0.935700 
0.936200 
0.938000 
0.938600 
0.943900 
0.947200 
0.949300 
0.949600 
0.952300 
0.952800 
0.960300 
0.963700 
0.964000 
0.966000 
0.966600 
0.968400 
0.968500 
0.968600 
0.970700 
0.975000 
0.978800 
0.984300 
0.986100 
0.986100 
0.987000 
0.990800 
1.001700 
1.003300 
1.006200 
1.011400 
1.012400 
1.014200 
1.019600 
1.025500 
1.031100 
1.032800 
1.033300 
1.035400 
1.036200 
1.041100 
1.042100 
1.042600 
1.042800 
1.043900 
1.048600 
1.049500 
1.049900 
1.055400 
1.057500 
1.058000 
1.060100 
1.060200 
1.062200 
1.064500 
1.066900 
1.070100 
1.073400 
1.075100 
1.078000 
1.084700 
1.085700 
1.087600 
1.092600 
1.093700 
1.097700 
1.101400 
1.102700 
1.107500 
1.113000 
1.114700 
1.118200 
1.120400 
1.122100 
1.122600 
1.122600 
1.123800 
1.126400 
1.129400 
1.130600 
1.137400 
1.142400 
1.142600 
1.147300 
1.149600 
1.151500 
1.152400 
1.153500 
1.155900 
1.157100 
1.158000 
1.166200 
1.168700 
1.169400 
1.171700 
1.173100 
1.174000 
1.174400 
1.175100 
1.177900 
1.179500 
1.180900 
1.183400 
1.184400 
1.185400 
1.186300 
1.191900 
1.193900 
1.207900 
1.210200 
1.213400 
1.221500 
1.225000 
1.225000 
1.226300 
1.228700 
1.229100 
1.229900 
1.230700 
1.231400 
1.233000 
1.236700 
1.238100 
1.241400 
1.241800 
1.244400 
1.250500 
1.253300 
1.255100 
1.260100 
1.260200 
1.269300 
1.272300 
1.275100 
1.277300 
1.281400 
1.282300 
1.285800 
1.288600 
1.290300 
1.295700 
1.298300 
1.299600 
1.300800 
1.308200 
1.314900 
1.314900 
1.315300 
1.317400 
1.321800 
1.324300 
1.328500 
1.334100 
1.335900 
1.339800 
1.343400 
1.346200 
1.347800 
1.347800 
1.350900 
1.351500 
1.358500 
1.362600 
1.369300 
1.369400 
1.369900 
1.371000 
1.371600 
1.381600 
1.384000 
1.387300 
1.388400 
1.392000 
1.394900 
1.397200 
1.398200 
1.398600 
1.404800 
1.409800 
1.410000 
1.410800 
1.413400 
1.414100 
1.415900 
1.418400 
1.419300 
1.422500 
1.423800 
1.427100 
1.434600 
1.435000 
1.437500 
1.438200 
1.442400 
1.444000 
1.444100 
1.446600 
1.447900 
1.448600 
1.449500 
1.449900 
1.450300 
1.456300 
1.457700 
1.464900 
1.467800 
1.470100 
1.473200 
1.474300 
1.474800 
1.478800 
1.482600 
1.485100 
1.485400 
1.488100 
1.491000 
1.495600 
1.499600 
1.500900 
1.502200 
1.502700 
1.505000 
1.505500 
1.507600 
1.510000 
1.514800 
1.517300 
1.520700 
1.524300 
1.528700 
1.531600 
1.540500 
1.551700 
1.553500 
1.555000 
1.555600 
1.560500 
1.563900 
1.567300 
1.567400 
1.568300 
1.569900 
1.570600 
1.575900 
1.580500 
1.582600 
1.583700 
1.590500 
1.591500 
1.594900 
1.595000 
1.599500 
1.600600 
1.601200 
1.604000 
1.611200 
1.614000 
1.620700 
1.626100 
1.629700 
1.637400 
1.640000 
1.644100 
1.645800 
1.646700 
1.646900 
1.653900 
1.661300 
1.661500 
1.668300 
1.677900 
1.679900 
1.680600 
1.680600 
1.686500 
1.689500 
1.690500 
1.691100 
1.697000 
1.697100 
1.698000 
1.699800 
1.702300 
1.704900 
1.705100 
1.707500 
1.711600 
1.715600 
1.716900 
1.717600 
1.719000 
1.725700 
1.726100 
1.731300 
1.737800 
1.744900 
1.746300 
1.747800 
1.748100 
1.750900 
1.751600 
1.757400 
1.758500 
1.762100 
1.763800 
1.767500 
1.767600 
1.769700 
1.772600 
1.773000 
1.773900 
1.775800 
1.783700 
1.785500 
1.785800 
1.786100 
1.791900 
1.793300 
1.813000 
1.814600 
1.816900 
1.818800 
1.822900 
1.823400 
1.825400 
1.826700 
1.826900 
1.828600 
1.832300 
1.834200 
1.837800 
1.839100 
1.841200 
1.843600 
1.848400 
1.849300 
1.852400 
1.854300 
1.856000 
1.857300 
1.857700 
1.868400 
1.870800 
1.886900 
1.889500 
1.889500 
1.890300 
1.892300 
1.902100 
1.909300 
1.915200 
1.915700 
1.936800 
1.937500 
1.939200 
1.941500 
1.943300 
1.944700 
1.946400 
1.946600 
1.948300 
1.949400 
1.955500 
1.962300 
1.964100 
1.965500 
1.967000 
1.968800 
1.970300 
1.971300 
1.972100 
1.977700 
1.982000 
1.982800 
1.983000 
1.984600 
1.992000 
1.993100 
1.995300 
1.996300 
1.996500 
2.000100 
2.003000 
2.003400 
2.003900 
2.005300 
2.009200 
2.009900 
2.015800 
2.016500 
2.018900 
2.019800 
2.023100 
2.027700 
2.035300 
2.035700 
2.036600 
2.045200 
2.046300 
2.046500 
2.048700 
2.052600 
2.055000 
2.060300 
2.060800 
2.066900 
2.067400 
2.067600 
2.071100 
2.075500 
2.079400 
2.083200 
2.083500 
2.092000 
2.095800 
2.097600 
2.103000 
2.103000 
2.103200 
2.104500 
2.109900 
2.115400 
2.116400 
2.118900 
2.120400 
2.122600 
2.123100 
2.128200 
2.129700 
2.144600 
2.146000 
2.147900 
2.148600 
2.149600 
2.149900 
2.151400 
2.151800 
2.157600 
2.157800 
2.158600 
2.159300 
2.168400 
2.168900 
2.169700 
2.170400 
2.174400 
2.175800 
2.183700 
2.184200 
2.191800 
2.194800 
2.198400 
2.201100 
2.203800 
2.205000 
2.205200 
2.209400 
2.209600 
2.210800 
2.212400 
2.213900 
2.216900 
2.218300 
2.222900 
2.223700 
2.225300 
2.233700 
2.236500 
2.237700 
2.243200 
2.245400 
2.246000 
2.247600 
2.247700 
2.247800 
2.248400 
2.251800 
2.257400 
2.258200 
2.259600 
2.266200 
2.267900 
2.268400 
2.268800 
2.270000 
2.270200 
2.271500 
2.271700 
2.273700 
2.280700 
2.283200 
2.286400 
2.287300 
2.292500 
2.296600 
2.305400 
2.307600 
2.311500 
2.313900 
2.319000 
2.320300 
2.320500 
2.323800 
2.324600 
2.326700 
2.327700 
2.330000 
2.332000 
2.336100 
2.339500 
2.342100 
2.343600 
2.343600 
2.343700 
2.348400 
2.349900 
2.350000 
2.350400 
2.351200 
2.352500 
2.353600 
2.357400 
2.364200 
2.364600 
2.369600 
2.373700 
2.374300 
2.383800 
2.384800 
2.388500 
2.388700 
2.390900 
2.396400 
2.399700 
2.403000 
2.404600 
2.406700 
2.408900 
2.418600 
2.423500 
2.424600 
2.425900 
2.434400 
2.436900 
2.443700 
2.444400 
2.451300 
2.451500 
2.455800 
2.457100 
2.458900 
2.462000 
2.464100 
2.467300 
2.467800 
2.471100 
2.471500 
2.473500 
2.473700 
2.474500 
2.475900 
2.476400 
2.478700 
2.479200 
2.480800 
2.490000 
2.491200 
2.493200 
2.498900 
2.502400 
2.504400 
2.505700 
2.507200 
2.507300 
2.509700 
2.510600 
2.511200 
2.512000 
2.517100 
2.519100 
2.519100 
2.519900 
2.540200 
2.541600 
2.541800 
2.542200 
2.542900 
2.551000 
2.555100 
2.558800 
2.570000 
2.572000 
2.572400 
2.573400 
2.580300 
2.581000 
2.584400 
2.586500 
2.590200 
2.592600 
2.593100 
2.594700 
2.595200 
2.598400 
2.601200 
2.603800 
2.612000 
2.614700 
2.619200 
2.619700 
2.627800 
2.627900 
2.628000 
2.631100 
2.631300 
2.635400 
2.637400 
2.638900 
2.641100 
2.645100 
2.652300 
2.653400 
2.658800 
2.661000 
2.662600 
2.663000 
2.665200 
2.668600 
2.669800 
2.670800 
2.672300 
2.674500 
2.677900 
2.678800 
2.680400 
2.680700 
2.682100 
2.683700 
2.684800 
2.688400 
2.688400 
2.690300 
2.694000 
2.696400 
2.697700 
2.699100 
2.702800 
2.703600 
2.705900 
2.706300 
2.712000 
2.713000 
2.714500 
2.715000 
2.716200 
2.717100 
2.717700 
2.718900 
2.718900 
2.724300 
2.725500 
2.727400 
2.729200 
2.731600 
2.733500 
2.733900 
2.736000 
2.742400 
2.743200 
2.743800 
2.744000 
2.744600 
2.753100 
2.756200 
2.759400 
2.759800 
2.762000 
2.762600 
2.763200 
2.763600 
2.764700 
2.765200 
2.765400 
2.768400 
2.768700 
2.769300 
2.772100 
2.772300 
2.773000 
2.782400 
2.783900 
2.788500 
2.790800 
2.791900 
2.796100 
2.800900 
2.803400 
2.803800 
2.807100 
2.811500 
2.813400 
2.817500 
2.818300 
2.818800 
2.820100 
2.821500 
2.831800 
2.831900 
2.835600 
2.835900 
2.843800 
2.843900 
2.846200 
2.846900 
2.848500 
2.850100 
2.851200 
2.857600 
2.859100 
2.859200 
2.863800 
2.874200 
2.875200 
2.876300 
2.881300 
2.881400 
2.882900 
2.884200 
2.884700 
2.887600 
2.889100 
2.891000 
2.896800 
2.901100 
2.903000 
2.908400 
2.910600 
2.911400 
2.924100 
2.926400 
2.928200 
2.933000 
2.936800 
2.949600 
2.959400 
2.961400 
2.964700 
2.965600 
2.967100 
2.970800 
2.973800 
2.975600 
2.979800 
2.981900 
2.982100 
2.982300 
2.985900 
2.987500 
2.988600 
2.988900 
2.992600 
2.995000 
2.995400 
2.997300 
