449 
278 
503 
691 
74 
167 
38 
614 
628 
88 
370 
438 
377 
430 
605 
602 
695 
102 
365 
413 
194 
184 
89 
452 
414 
462 
56 
91 
571 
645 
357 
518 
181 
217 
532 
720 
219 
625 
296 
5 
578 
647 
483 
587 
684 
351 
305 
145 
525 
520 
585 
0 
417 
556 
197 
334 
63 
236 
595 
577 
549 
508 
718 
3 
374 
429 
733 
47 
576 
594 
43 
241 
96 
361 
135 
456 
223 
344 
274 
151 
396 
278 
109 
174 
696 
410 
529 
434 
392 
93 
466 
72 
368 
522 
227 
596 
390 
340 
224 
684 
46 
548 
611 
291 
158 
450 
417 
571 
505 
629 
131 
540 
720 
493 
681 
637 
473 
673 
181 
152 
126 
640 
7 
708 
589 
311 
1 
240 
356 
449 
541 
374 
59 
566 
431 
683 
734 
565 
443 
250 
252 
676 
113 
25 
66 
372 
482 
506 
595 
470 
135 
481 
29 
660 
623 
472 
636 
93 
401 
610 
194 
246 
704 
296 
347 
516 
116 
425 
504 
579 
632 
582 
143 
361 
205 
130 
284 
733 
357 
387 
142 
230 
624 
316 
103 
224 
185 
191 
173 
402 
210 
332 
511 
115 
501 
305 
263 
536 
575 
88 
363 
293 
392 
592 
646 
691 
578 
475 
390 
62 
64 
82 
385 
126 
275 
274 
726 
315 
414 
247 
657 
581 
596 
168 
567 
721 
400 
39 
734 
586 
732 
165 
479 
79 
192 
125 
367 
185 
525 
219 
429 
466 
437 
545 
599 
682 
529 
630 
100 
244 
149 
13 
132 
3 
710 
727 
233 
19 
245 
486 
329 
208 
297 
431 
176 
408 
535 
234 
228 
237 
64 
108 
31 
404 
331 
215 
217 
517 
487 
494 
712 
374 
732 
71 
480 
15 
9 
361 
249 
434 
207 
48 
554 
503 
439 
558 
738 
412 
301 
568 
604 
87 
528 
630 
51 
591 
601 
715 
433 
584 
105 
295 
231 
657 
326 
458 
679 
14 
97 
734 
479 
607 
40 
494 
153 
302 
637 
100 
723 
195 
463 
360 
111 
51 
158 
236 
468 
7 
538 
208 
354 
477 
358 
610 
638 
124 
147 
612 
421 
731 
25 
193 
329 
514 
511 
522 
499 
709 
212 
543 
106 
135 
117 
484 
527 
284 
271 
657 
38 
478 
536 
24 
677 
481 
567 
658 
452 
422 
701 
495 
372 
316 
154 
537 
633 
88 
579 
108 
347 
199 
513 
471 
327 
258 
713 
732 
99 
571 
634 
517 
354 
575 
520 
252 
462 
59 
268 
421 
639 
436 
296 
319 
680 
531 
662 
3 
260 
608 
675 
677 
193 
16 
29 
610 
518 
214 
378 
408 
155 
325 
709 
647 
561 
332 
455 
369 
187 
300 
475 
348 
740 
486 
292 
130 
616 
119 
122 
343 
247 
530 
213 
231 
200 
357 
256 
190 
146 
158 
555 
226 
656 
234 
466 
95 
484 
352 
116 
293 
194 
584 
109 
355 
370 
579 
417 
159 
699 
373 
184 
471 
426 
161 
508 
687 
209 
685 
629 
318 
562 
59 
494 
545 
18 
483 
368 
517 
704 
113 
133 
732 
60 
294 
596 
138 
445 
499 
93 
711 
54 
427 
35 
736 
31 
581 
739 
56 
241 
488 
728 
82 
149 
76 
569 
317 
573 
43 
446 
259 
480 
524 
457 
656 
730 
48 
401 
228 
478 
201 
543 
589 
177 
444 
181 
454 
264 
392 
196 
302 
512 
270 
544 
327 
269 
296 
266 
531 
94 
517 
626 
435 
322 
118 
737 
113 
238 
225 
377 
584 
3 
408 
565 
736 
532 
500 
603 
597 
2 
15 
479 
172 
627 
657 
616 
201 
452 
689 
325 
726 
12 
622 
580 
706 
315 
725 
338 
615 
591 
602 
711 
241 
366 
671 
123 
446 
535 
435 
612 
564 
494 
266 
16 
574 
416 
110 
490 
560 
152 
530 
278 
44 
405 
369 
599 
91 
409 
684 
209 
677 
216 
282 
55 
679 
437 
413 
701 
332 
102 
628 
588 
400 
349 
609 
10 
310 
210 
663 
13 
396 
35 
131 
315 
428 
689 
556 
128 
126 
95 
304 
105 
390 
260 
703 
166 
287 
50 
111 
665 
394 
141 
670 
149 
502 
585 
328 
565 
557 
313 
417 
100 
471 
506 
365 
681 
582 
32 
207 
5 
638 
496 
413 
324 
657 
550 
214 
630 
363 
611 
310 
282 
403 
729 
8 
234 
507 
497 
670 
622 
93 
740 
95 
357 
736 
623 
338 
332 
335 
580 
256 
405 
291 
372 
702 
653 
295 
559 
278 
220 
70 
573 
288 
531 
276 
606 
150 
313 
341 
159 
426 
387 
191 
296 
477 
45 
283 
210 
584 
607 
403 
83 
427 
124 
610 
731 
105 
357 
203 
578 
202 
233 
212 
550 
63 
252 
130 
8 
549 
487 
725 
330 
587 
10 
323 
12 
707 
417 
635 
693 
379 
270 
465 
126 
706 
432 
554 
412 
102 
134 
259 
273 
598 
373 
726 
329 
275 
565 
72 
570 
508 
190 
231 
293 
188 
214 
392 
645 
234 
705 
647 
7 
512 
61 
119 
581 
541 
460 
25 
417 
505 
628 
687 
260 
224 
667 
292 
326 
91 
677 
49 
233 
484 
569 
555 
596 
689 
478 
109 
413 
725 
26 
22 
207 
488 
529 
451 
566 
386 
740 
314 
328 
240 
575 
160 
635 
54 
673 
468 
104 
63 
258 
265 
611 
718 
118 
700 
595 
326 
620 
68 
291 
471 
412 
259 
613 
610 
558 
365 
17 
503 
685 
400 
330 
227 
40 
287 
177 
313 
284 
119 
373 
433 
431 
371 
605 
100 
543 
653 
454 
185 
356 
401 
385 
165 
51 
582 
593 
539 
32 
608 
196 
361 
392 
436 
206 
291 
284 
240 
273 
295 
655 
260 
341 
585 
288 
243 
19 
628 
727 
41 
707 
95 
122 
690 
88 
170 
656 
325 
296 
20 
631 
391 
552 
472 
371 
430 
527 
694 
100 
431 
507 
458 
165 
635 
517 
426 
455 
49 
731 
10 
5 
495 
483 
710 
655 
76 
17 
203 
115 
276 
277 
354 
160 
727 
614 
642 
683 
228 
540 
610 
662 
454 
412 
124 
573 
178 
1 
383 
594 
251 
630 
657 
195 
302 
732 
81 
417 
698 
255 
581 
241 
361 
529 
341 
360 
153 
291 
400 
666 
158 
175 
257 
554 
565 
496 
84 
152 
508 
660 
517 
258 
223 
651 
567 
534 
524 
461 
48 
29 
110 
32 
479 
186 
591 
630 
132 
707 
82 
411 
637 
124 
388 
685 
722 
392 
650 
56 
481 
309 
89 
603 
291 
288 
105 
138 
498 
648 
25 
369 
563 
213 
601 
565 
663 
206 
671 
58 
355 
723 
296 
576 
426 
180 
358 
293 
304 
297 
639 
595 
405 
725 
494 
356 
157 
182 
740 
417 
568 
188 
458 
145 
12 
377 
278 
735 
14 
31 
351 
697 
515 
712 
270 
475 
606 
662 
549 
592 
483 
211 
622 
317 
108 
647 
711 
135 
499 
572 
478 
33 
544 
679 
18 
488 
479 
350 
419 
34 
398 
701 
629 
49 
98 
516 
314 
270 
665 
122 
711 
374 
347 
694 
513 
615 
515 
568 
596 
643 
271 
313 
699 
683 
235 
604 
176 
293 
261 
309 
565 
471 
512 
688 
344 
578 
725 
443 
393 
507 
185 
349 
639 
205 
704 
82 
733 
487 
649 
510 
703 
374 
561 
740 
529 
281 
528 
470 
513 
155 
653 
148 
295 
435 
88 
233 
209 
699 
541 
382 
608 
9 
142 
572 
607 
399 
394 
227 
506 
526 
287 
105 
573 
434 
263 
191 
34 
14 
451 
477 
492 
19 
706 
719 
405 
521 
323 
551 
48 
580 
518 
357 
502 
473 
269 
505 
317 
528 
670 
638 
497 
260 
626 
683 
172 
29 
596 
141 
372 
270 
654 
212 
680 
341 
566 
545 
607 
698 
201 
251 
377 
613 
40 
351 
158 
676 
288 
76 
233 
704 
583 
510 
481 
598 
60 
315 
85 
413 
569 
514 
239 
475 
581 
369 
658 
476 
213 
51 
16 
86 
633 
495 
165 
50 
282 
106 
364 
731 
436 
408 
608 
253 
687 
689 
341 
672 
156 
675 
228 
526 
589 
303 
606 
511 
547 
105 
642 
34 
201 
116 
331 
371 
701 
294 
89 
447 
738 
630 
491 
673 
707 
394 
367 
292 
63 
524 
182 
175 
381 
650 
476 
255 
130 
414 
163 
121 
348 
431 
496 
6 
126 
13 
251 
499 
518 
568 
386 
27 
109 
354 
443 
614 
700 
201 
224 
570 
208 
583 
513 
620 
584 
521 
721 
593 
107 
469 
515 
578 
0 
241 
435 
389 
726 
411 
509 
151 
637 
300 
110 
539 
551 
1 
557 
579 
609 
702 
379 
673 
128 
328 
643 
691 
478 
247 
462 
725 
275 
555 
169 
564 
214 
335 
487 
581 
476 
9 
589 
166 
93 
160 
265 
48 
575 
239 
355 
550 
363 
625 
526 
35 
531 
167 
410 
146 
520 
559 
312 
235 
75 
101 
296 
264 
260 
611 
604 
100 
282 
551 
358 
254 
436 
91 
323 
453 
25 
32 
480 
484 
352 
522 
163 
632 
349 
665 
687 
204 
481 
638 
549 
699 
116 
3 
364 
554 
246 
161 
573 
250 
377 
420 
478 
408 
433 
230 
550 
165 
601 
493 
87 
64 
521 
46 
529 
570 
47 
513 
426 
526 
676 
63 
342 
666 
403 
579 
243 
657 
630 
61 
255 
599 
159 
39 
338 
19 
716 
512 
700 
739 
13 
456 
251 
532 
370 
106 
647 
706 
560 
66 
117 
417 
436 
335 
556 
631 
318 
344 
3 
329 
618 
92 
711 
302 
155 
588 
718 
91 
295 
48 
704 
270 
411 
288 
483 
258 
449 
339 
236 
650 
435 
50 
95 
596 
324 
471 
673 
132 
291 
612 
263 
384 
123 
660 
137 
436 
260 
476 
470 
63 
130 
665 
344 
38 
681 
668 
223 
211 
684 
437 
403 
218 
281 
452 
458 
178 
203 
489 
487 
22 
732 
196 
348 
611 
273 
326 
610 
579 
282 
96 
117 
488 
51 
370 
510 
609 
599 
235 
473 
300 
395 
550 
225 
357 
503 
631 
478 
125 
580 
115 
344 
276 
699 
616 
470 
719 
283 
341 
119 
508 
295 
323 
336 
14 
270 
54 
704 
212 
296 
492 
499 
677 
136 
694 
712 
561 
287 
267 
555 
713 
155 
192 
683 
480 
167 
275 
156 
720 
524 
94 
507 
268 
487 
112 
650 
307 
727 
420 
600 
179 
669 
273 
440 
266 
157 
662 
272 
547 
44 
601 
98 
131 
598 
377 
567 
651 
610 
115 
443 
278 
471 
348 
580 
315 
375 
491 
653 
439 
57 
5 
561 
406 
495 
645 
414 
181 
359 
205 
326 
365 
376 
650 
136 
238 
702 
586 
652 
48 
216 
273 
538 
366 
150 
546 
272 
662 
571 
309 
384 
543 
250 
713 
599 
509 
299 
33 
389 
122 
364 
679 
532 
388 
565 
180 
739 
507 
699 
409 
619 
436 
592 
126 
381 
710 
78 
664 
525 
296 
495 
598 
606 
481 
270 
566 
196 
649 
230 
155 
95 
429 
707 
116 
334 
17 
408 
638 
289 
599 
9 
236 
703 
488 
181 
647 
316 
559 
690 
145 
438 
102 
382 
345 
88 
325 
239 
254 
343 
503 
111 
564 
585 
497 
702 
21 
283 
595 
376 
641 
330 
471 
437 
217 
676 
223 
129 
104 
348 
19 
443 
692 
196 
472 
39 
148 
383 
532 
169 
320 
614 
524 
654 
657 
342 
399 
134 
590 
45 
439 
584 
554 
642 
151 
288 
231 
731 
243 
594 
268 
33 
46 
406 
333 
251 
727 
390 
422 
133 
324 
270 
205 
694 
40 
438 
208 
101 
276 
393 
661 
501 
670 
733 
549 
572 
508 
332 
546 
699 
616 
239 
265 
409 
604 
192 
357 
430 
633 
168 
169 
567 
496 
9 
613 
719 
526 
731 
135 
701 
563 
511 
113 
7 
187 
216 
193 
437 
454 
572 
162 
361 
324 
671 
191 
49 
507 
617 
631 
698 
585 
661 
503 
107 
141 
658 
380 
212 
354 
733 
351 
329 
75 
590 
29 
405 
469 
727 
452 
116 
240 
360 
170 
673 
736 
32 
458 
355 
262 
69 
108 
393 
165 
417 
51 
224 
146 
327 
494 
39 
556 
100 
131 
583 
735 
439 
243 
387 
336 
475 
591 
329 
712 
331 
632 
403 
503 
132 
292 
199 
522 
163 
517 
268 
312 
389 
668 
380 
282 
416 
694 
544 
241 
621 
718 
521 
143 
116 
719 
417 
39 
531 
620 
410 
288 
306 
631 
381 
286 
444 
48 
430 
501 
424 
261 
352 
131 
716 
220 
579 
447 
30 
563 
209 
62 
338 
0 
457 
541 
328 
375 
670 
508 
304 
488 
562 
206 
435 
530 
686 
698 
149 
207 
234 
657 
273 
108 
9 
42 
493 
649 
16 
738 
276 
518 
292 
565 
129 
308 
414 
1 
723 
230 
55 
433 
674 
666 
122 
721 
503 
557 
365 
426 
23 
644 
571 
476 
191 
697 
598 
249 
545 
378 
737 
25 
630 
694 
596 
614 
521 
228 
115 
36 
678 
160 
240 
507 
100 
609 
252 
480 
513 
382 
74 
508 
97 
79 
224 
51 
152 
740 
251 
277 
592 
696 
26 
90 
492 
563 
624 
145 
658 
389 
363 
544 
656 
449 
403 
709 
32 
376 
630 
272 
408 
412 
318 
587 
217 
489 
590 
619 
283 
294 
305 
736 
638 
229 
185 
526 
475 
35 
292 
650 
683 
473 
285 
646 
479 
701 
387 
589 
96 
51 
309 
576 
198 
732 
8 
69 
697 
354 
706 
496 
88 
610 
515 
700 
52 
326 
376 
126 
730 
266 
455 
289 
50 
16 
104 
154 
520 
661 
346 
556 
449 
671 
83 
32 
394 
117 
115 
351 
551 
344 
660 
352 
495 
627 
35 
631 
494 
192 
316 
27 
698 
729 
647 
97 
102 
356 
498 
301 
736 
4 
309 
214 
6 
84 
122 
579 
722 
148 
12 
396 
476 
44 
567 
546 
640 
39 
544 
483 
690 
13 
424 
40 
305 
268 
449 
584 
273 
489 
130 
438 
108 
193 
572 
423 
666 
175 
216 
626 
643 
728 
571 
530 
116 
262 
296 
89 
487 
569 
195 
471 
689 
493 
357 
565 
732 
54 
76 
87 
410 
567 
5 
123 
466 
112 
541 
252 
214 
34 
335 
100 
710 
661 
691 
628 
40 
506 
283 
248 
55 
659 
724 
469 
73 
222 
644 
279 
370 
418 
452 
699 
387 
139 
236 
49 
479 
543 
316 
574 
90 
558 
423 
271 
16 
710 
229 
654 
445 
438 
167 
572 
253 
240 
628 
474 
98 
111 
177 
634 
371 
506 
420 
309 
293 
208 
34 
565 
417 
552 
636 
443 
135 
8 
18 
330 
251 
616 
265 
303 
79 
155 
539 
141 
581 
280 
351 
718 
201 
72 
736 
729 
688 
721 
599 
666 
698 
504 
614 
128 
486 
578 
166 
521 
50 
87 
630 
107 
476 
6 
13 
308 
458 
465 
454 
93 
126 
61 
392 
52 
185 
451 
74 
604 
310 
658 
3 
623 
673 
704 
493 
210 
290 
14 
55 
554 
726 
637 
274 
48 
601 
471 
305 
483 
122 
407 
28 
675 
580 
647 
685 
439 
426 
38 
581 
191 
510 
585 
449 
606 
674 
309 
612 
236 
185 
503 
479 
29 
77 
239 
714 
34 
225 
218 
197 
408 
56 
61 
551 
251 
723 
387 
350 
617 
727 
257 
441 
382 
113 
165 
372 
83 
446 
713 
565 
516 
69 
166 
456 
636 
389 
478 
609 
581 
399 
348 
638 
718 
3 
340 
566 
567 
700 
25 
571 
605 
448 
489 
93 
219 
523 
644 
384 
551 
39 
246 
541 
170 
630 
720 
650 
733 
196 
555 
517 
515 
296 
124 
250 
111 
548 
108 
676 
696 
268 
671 
722 
558 
266 
429 
179 
68 
699 
310 
440 
660 
379 
273 
426 
522 
390 
561 
438 
668 
476 
609 
731 
480 
617 
423 
107 
58 
193 
572 
455 
32 
328 
147 
569 
419 
498 
514 
264 
501 
658 
38 
185 
111 
711 
519 
1 
388 
441 
143 
217 
505 
515 
379 
681 
317 
136 
682 
194 
356 
21 
700 
641 
110 
61 
475 
325 
263 
182 
102 
553 
19 
139 
165 
337 
616 
117 
650 
127 
599 
0 
434 
68 
719 
707 
395 
674 
634 
472 
602 
95 
679 
595 
246 
328 
300 
469 
130 
609 
507 
658 
140 
274 
493 
58 
265 
497 
336 
511 
490 
96 
250 
303 
296 
368 
496 
92 
711 
59 
114 
646 
310 
12 
463 
26 
172 
335 
715 
407 
51 
100 
620 
609 
431 
459 
376 
95 
234 
186 
489 
349 
676 
707 
116 
204 
338 
299 
135 
307 
101 
113 
664 
1 
224 
146 
433 
42 
681 
231 
439 
285 
217 
104 
314 
327 
535 
701 
111 
726 
565 
667 
31 
380 
438 
558 
19 
288 
166 
369 
17 
722 
370 
482 
15 
457 
737 
209 
234 
623 
464 
613 
582 
325 
614 
631 
388 
356 
461 
173 
45 
399 
611 
317 
216 
272 
650 
708 
364 
615 
47 
172 
409 
525 
236 
52 
18 
456 
554 
214 
31 
329 
589 
602 
690 
280 
62 
644 
372 
410 
518 
612 
731 
734 
34 
517 
327 
380 
421 
122 
232 
269 
107 
576 
608 
323 
668 
260 
630 
545 
584 
69 
20 
238 
482 
582 
350 
565 
619 
363 
612 
662 
98 
274 
211 
88 
331 
19 
83 
693 
108 
438 
703 
578 
203 
178 
736 
127 
558 
26 
488 
382 
3 
279 
733 
319 
325 
495 
386 
265 
176 
158 
579 
116 
626 
191 
452 
711 
214 
710 
115 
550 
51 
683 
661 
739 
21 
261 
197 
657 
614 
300 
92 
738 
524 
691 
175 
435 
237 
335 
482 
718 
446 
469 
408 
619 
418 
143 
368 
200 
730 
193 
340 
15 
327 
36 
696 
28 
255 
282 
73 
160 
84 
559 
19 
592 
572 
659 
364 
21 
1 
113 
517 
676 
432 
214 
561 
246 
436 
463 
465 
616 
412 
10 
357 
531 
211 
102 
66 
310 
171 
169 
687 
141 
425 
119 
213 
422 
477 
708 
185 
34 
467 
400 
143 
473 
447 
351 
226 
373 
87 
495 
596 
472 
108 
568 
238 
673 
727 
584 
79 
93 
674 
14 
443 
165 
75 
392 
105 
565 
643 
342 
479 
382 
96 
464 
155 
245 
242 
717 
48 
111 
485 
685 
694 
295 
153 
711 
457 
270 
468 
167 
143 
314 
530 
559 
630 
112 
415 
386 
648 
416 
23 
447 
644 
144 
370 
366 
231 
503 
401 
104 
303 
1 
51 
393 
181 
703 
338 
328 
273 
581 
291 
726 
141 
471 
489 
234 
105 
426 
672 
494 
79 
230 
673 
83 
2 
556 
78 
126 
557 
77 
725 
155 
571 
412 
349 
547 
619 
656 
684 
599 
235 
438 
711 
342 
698 
508 
138 
595 
162 
335 
435 
620 
466 
328 
652 
538 
543 
646 
447 
388 
219 
224 
196 
567 
378 
45 
393 
732 
369 
707 
389 
476 
579 
85 
693 
355 
143 
402 
440 
647 
504 
288 
357 
264 
130 
676 
31 
568 
121 
636 
594 
74 
535 
136 
135 
132 
485 
705 
44 
149 
73 
131 
159 
41 
100 
126 
528 
251 
298 
373 
450 
611 
438 
1 
388 
63 
297 
96 
376 
532 
562 
426 
496 
378 
197 
617 
654 
704 
415 
250 
665 
0 
3 
300 
568 
546 
340 
547 
489 
283 
493 
150 
60 
377 
480 
100 
108 
16 
649 
104 
674 
107 
27 
109 
34 
728 
277 
528 
631 
633 
224 
721 
663 
516 
628 
354 
96 
317 
121 
15 
713 
390 
647 
328 
665 
428 
461 
112 
531 
571 
687 
365 
366 
581 
358 
392 
206 
5 
53 
181 
309 
417 
101 
399 
270 
6 
667 
194 
429 
293 
425 
550 
349 
573 
705 
727 
509 
36 
629 
353 
732 
675 
37 
406 
360 
200 
48 
305 
116 
378 
638 
307 
556 
232 
724 
5 
579 
604 
689 
10 
142 
529 
697 
66 
280 
182 
591 
59 
262 
662 
173 
661 
91 
76 
476 
151 
336 
374 
357 
673 
98 
356 
613 
279 
619 
487 
293 
510 
660 
340 
711 
569 
449 
545 
576 
1 
567 
589 
429 
615 
736 
39 
19 
72 
3 
18 
263 
66 
638 
317 
740 
141 
234 
457 
96 
568 
9 
215 
716 
28 
280 
160 
517 
574 
336 
709 
94 
647 
513 
97 
135 
165 
566 
589 
594 
70 
418 
628 
706 
295 
241 
474 
250 
237 
322 
551 
598 
625 
266 
546 
673 
437 
580 
32 
290 
503 
92 
55 
415 
659 
644 
357 
167 
216 
574 
492 
629 
118 
565 
236 
293 
498 
638 
550 
120 
443 
174 
691 
116 
263 
366 
47 
62 
40 
207 
309 
79 
102 
147 
713 
117 
645 
210 
148 
217 
703 
727 
126 
524 
610 
737 
109 
738 
571 
181 
314 
21 
54 
42 
642 
729 
661 
122 
157 
508 
613 
633 
140 
149 
298 
191 
509 
658 
529 
457 
422 
99 
521 
702 
736 
420 
656 
499 
238 
3 
623 
315 
552 
175 
100 
398 
647 
63 
224 
60 
483 
455 
62 
378 
291 
19 
177 
312 
410 
361 
155 
47 
673 
104 
309 
688 
699 
502 
627 
160 
721 
457 
610 
729 
684 
132 
143 
388 
555 
633 
530 
419 
191 
531 
725 
69 
377 
452 
679 
417 
150 
524 
325 
727 
165 
402 
647 
459 
409 
599 
703 
362 
84 
438 
344 
101 
25 
516 
676 
563 
16 
356 
707 
372 
291 
332 
17 
64 
426 
649 
96 
686 
261 
237 
89 
127 
517 
576 
370 
214 
62 
503 
162 
673 
230 
273 
288 
436 
158 
693 
360 
165 
540 
138 
574 
730 
497 
646 
604 
200 
416 
619 
336 
578 
422 
706 
362 
592 
699 
502 
309 
448 
37 
332 
471 
385 
577 
584 
383 
377 
462 
426 
653 
522 
243 
143 
208 
3 
580 
579 
697 
64 
734 
434 
184 
331 
226 
77 
65 
296 
167 
210 
236 
516 
103 
404 
289 
113 
553 
179 
598 
327 
510 
647 
274 
196 
71 
513 
348 
147 
557 
88 
130 
379 
582 
108 
351 
448 
177 
0 
620 
560 
163 
19 
395 
288 
507 
112 
658 
599 
637 
408 
185 
593 
31 
545 
194 
382 
17 
281 
209 
325 
354 
334 
629 
431 
287 
444 
278 
537 
330 
522 
521 
139 
251 
586 
738 
705 
365 
186 
357 
132 
340 
4 
245 
270 
338 
647 
146 
162 
531 
565 
20 
433 
412 
515 
438 
612 
124 
393 
197 
185 
255 
283 
168 
320 
76 
72 
621 
370 
648 
518 
108 
472 
503 
65 
487 
133 
385 
157 
500 
315 
484 
0 
89 
655 
642 
77 
519 
302 
647 
113 
46 
230 
549 
449 
561 
141 
516 
505 
257 
629 
624 
360 
495 
213 
416 
402 
325 
237 
153 
332 
695 
135 
569 
440 
708 
718 
58 
591 
480 
398 
297 
147 
15 
376 
225 
156 
491 
578 
41 
522 
215 
211 
503 
331 
457 
340 
396 
604 
270 
487 
671 
3 
707 
399 
430 
272 
214 
390 
4 
344 
263 
218 
732 
545 
280 
29 
370 
245 
305 
470 
60 
417 
366 
534 
235 
44 
41 
657 
193 
669 
172 
734 
556 
66 
266 
127 
461 
513 
428 
192 
325 
352 
520 
161 
704 
68 
288 
268 
540 
516 
435 
485 
522 
40 
95 
174 
211 
665 
351 
598 
731 
422 
118 
282 
452 
25 
483 
508 
216 
710 
78 
453 
36 
184 
4 
727 
63 
159 
538 
190 
403 
475 
427 
203 
357 
664 
106 
239 
520 
568 
39 
124 
223 
19 
574 
3 
204 
98 
230 
551 
669 
224 
481 
32 
342 
704 
455 
594 
702 
558 
148 
139 
121 
235 
446 
136 
447 
109 
283 
225 
282 
652 
733 
710 
135 
625 
12 
524 
51 
399 
18 
591 
390 
191 
433 
54 
89 
607 
197 
657 
213 
395 
653 
643 
403 
505 
74 
184 
696 
392 
662 
469 
27 
727 
167 
596 
14 
636 
283 
634 
296 
384 
559 
237 
294 
378 
438 
629 
265 
543 
537 
224 
159 
177 
49 
106 
357 
238 
412 
565 
29 
275 
522 
182 
250 
493 
216 
45 
630 
535 
620 
609 
242 
492 
718 
610 
495 
645 
92 
435 
227 
716 
572 
104 
490 
247 
268 
215 
507 
100 
352 
218 
562 
665 
361 
606 
188 
518 
234 
538 
112 
141 
680 
475 
541 
462 
174 
733 
194 
332 
666 
3 
291 
32 
251 
111 
489 
614 
458 
130 
457 
711 
416 
200 
83 
599 
517 
473 
607 
233 
209 
268 
338 
723 
358 
260 
706 
19 
122 
49 
90 
385 
524 
298 
93 
713 
345 
449 
519 
76 
463 
554 
356 
1 
13 
250 
578 
141 
563 
637 
343 
152 
481 
483 
587 
146 
579 
256 
31 
172 
12 
194 
558 
656 
158 
323 
595 
615 
494 
641 
724 
707 
380 
625 
568 
292 
679 
717 
619 
344 
234 
147 
85 
535 
732 
444 
711 
137 
665 
687 
167 
311 
435 
629 
96 
373 
39 
108 
552 
215 
100 
180 
340 
278 
21 
378 
452 
104 
1 
606 
593 
673 
693 
224 
407 
221 
663 
55 
157 
296 
734 
107 
568 
599 
582 
688 
586 
440 
250 
522 
335 
398 
551 
82 
718 
597 
526 
644 
168 
617 
285 
533 
503 
305 
46 
702 
133 
323 
485 
35 
652 
732 
601 
619 
210 
161 
560 
723 
646 
37 
25 
691 
372 
34 
295 
486 
488 
186 
731 
49 
238 
339 
27 
201 
145 
0 
294 
669 
695 
368 
241 
561 
519 
412 
177 
569 
675 
576 
725 
461 
124 
685 
300 
288 
147 
578 
172 
14 
530 
78 
699 
277 
586 
577 
355 
328 
471 
231 
235 
381 
493 
449 
547 
322 
397 
10 
233 
340 
29 
539 
574 
319 
314 
95 
446 
162 
122 
438 
657 
549 
50 
207 
503 
523 
178 
111 
565 
223 
68 
393 
69 
489 
656 
81 
635 
685 
671 
48 
252 
51 
315 
616 
441 
107 
736 
270 
9 
170 
653 
358 
360 
115 
344 
547 
725 
443 
104 
137 
333 
401 
142 
650 
24 
659 
735 
380 
93 
371 
607 
205 
610 
134 
421 
342 
1 
558 
3 
138 
270 
59 
334 
459 
559 
135 
105 
707 
141 
300 
125 
560 
150 
570 
699 
536 
271 
530 
224 
430 
310 
579 
567 
115 
40 
331 
208 
733 
117 
88 
390 
663 
403 
441 
583 
344 
323 
695 
243 
130 
291 
358 
443 
511 
524 
728 
551 
177 
283 
266 
20 
263 
276 
332 
655 
513 
431 
294 
508 
638 
637 
314 
195 
122 
503 
469 
121 
418 
478 
206 
412 
364 
201 
456 
96 
683 
308 
27 
110 
609 
731 
576 
93 
402 
432 
163 
166 
174 
370 
30 
58 
3 
382 
203 
224 
209 
250 
324 
49 
410 
172 
494 
326 
450 
510 
614 
61 
426 
268 
440 
1 
18 
573 
5 
717 
26 
186 
31 
57 
94 
480 
621 
380 
20 
44 
712 
350 
145 
679 
559 
634 
13 
96 
609 
77 
637 
417 
29 
733 
464 
430 
576 
231 
574 
644 
711 
344 
210 
663 
27 
74 
613 
662 
283 
708 
303 
147 
558 
642 
416 
732 
619 
562 
108 
280 
467 
54 
580 
285 
286 
412 
218 
150 
510 
81 
242 
93 
330 
356 
515 
600 
88 
403 
570 
59 
696 
502 
733 
417 
485 
51 
437 
470 
566 
76 
351 
544 
427 
233 
206 
63 
335 
557 
413 
85 
39 
543 
435 
554 
650 
344 
606 
105 
13 
734 
593 
474 
9 
61 
113 
401 
483 
243 
585 
331 
676 
670 
385 
669 
630 
40 
447 
269 
234 
93 
513 
329 
469 
732 
458 
642 
35 
479 
710 
529 
342 
152 
705 
94 
235 
19 
289 
713 
663 
495 
26 
509 
43 
103 
24 
492 
6 
721 
608 
302 
541 
233 
439 
607 
644 
561 
204 
739 
307 
200 
334 
442 
425 
224 
685 
300 
324 
358 
213 
669 
511 
412 
629 
181 
129 
361 
441 
428 
702 
244 
601 
531 
718 
679 
315 
438 
610 
208 
638 
285 
356 
210 
475 
115 
16 
327 
9 
431 
343 
701 
231 
351 
3 
466 
110 
619 
553 
547 
413 
203 
684 
371 
737 
161 
160 
85 
325 
316 
673 
95 
216 
292 
507 
683 
306 
56 
643 
499 
576 
19 
193 
255 
505 
464 
644 
143 
127 
213 
158 
121 
386 
20 
658 
73 
669 
609 
592 
393 
39 
710 
482 
343 
282 
266 
699 
72 
436 
630 
408 
148 
651 
124 
285 
288 
28 
595 
445 
351 
338 
217 
116 
216 
225 
493 
596 
513 
733 
498 
612 
672 
17 
450 
5 
700 
269 
15 
598 
221 
309 
647 
193 
264 
728 
641 
523 
503 
229 
348 
665 
561 
635 
18 
395 
659 
655 
19 
254 
240 
338 
516 
643 
484 
393 
396 
734 
87 
272 
315 
302 
287 
