11 
44 
13 
54 
28 
46 
16 
49 
20 
10 
23 
35 
9 
3 
14 
30 
48 
25 
5 
46 
41 
6 
18 
26 
7 
24 
2 
28 
38 
4 
19 
27 
45 
34 
52 
4 
3 
6 
8 
42 
16 
49 
23 
47 
26 
14 
33 
43 
51 
41 
11 
44 
46 
27 
34 
50 
53 
55 
52 
1 
11 
25 
34 
13 
41 
30 
50 
4 
6 
35 
26 
11 
22 
6 
12 
9 
25 
38 
28 
46 
26 
44 
14 
21 
46 
6 
30 
28 
2 
17 
53 
7 
10 
43 
20 
9 
30 
35 
6 
47 
28 
16 
40 
13 
23 
44 
30 
29 
35 
51 
41 
13 
26 
46 
30 
16 
42 
31 
20 
32 
46 
0 
44 
51 
5 
32 
4 
33 
42 
9 
35 
54 
43 
26 
14 
52 
3 
11 
32 
1 
51 
17 
6 
2 
30 
45 
42 
55 
41 
33 
22 
16 
31 
4 
37 
24 
14 
32 
46 
54 
18 
49 
34 
20 
41 
37 
40 
6 
34 
54 
20 
38 
22 
3 
17 
45 
32 
34 
1 
14 
55 
26 
18 
32 
4 
28 
14 
5 
38 
6 
51 
13 
17 
43 
41 
32 
35 
49 
10 
26 
20 
7 
19 
32 
10 
51 
29 
8 
50 
13 
24 
2 
14 
52 
30 
38 
50 
26 
13 
20 
18 
9 
35 
32 
22 
11 
52 
14 
29 
50 
10 
30 
21 
33 
48 
35 
26 
21 
14 
12 
2 
10 
6 
22 
53 
8 
37 
25 
2 
11 
33 
51 
21 
14 
32 
48 
6 
41 
50 
54 
0 
11 
7 
9 
20 
21 
15 
40 
16 
49 
19 
34 
38 
4 
16 
2 
37 
13 
30 
46 
9 
3 
17 
36 
19 
2 
26 
13 
0 
5 
30 
19 
6 
14 
46 
23 
54 
1 
28 
31 
2 
37 
1 
50 
53 
47 
23 
20 
43 
44 
49 
47 
39 
21 
19 
28 
30 
23 
26 
46 
11 
16 
0 
47 
9 
20 
40 
35 
4 
51 
19 
39 
32 
46 
51 
37 
30 
13 
12 
20 
26 
31 
35 
1 
33 
21 
39 
49 
6 
2 
44 
8 
0 
35 
28 
37 
50 
1 
41 
32 
35 
18 
46 
25 
5 
43 
3 
38 
11 
46 
47 
30 
20 
51 
3 
53 
37 
13 
22 
32 
6 
14 
17 
4 
27 
51 
34 
0 
35 
25 
4 
37 
54 
8 
45 
50 
42 
18 
13 
21 
47 
3 
1 
51 
29 
8 
45 
54 
13 
32 
40 
31 
30 
37 
29 
44 
1 
18 
27 
31 
43 
8 
22 
13 
36 
28 
16 
46 
10 
42 
26 
4 
43 
21 
18 
16 
33 
44 
10 
22 
13 
41 
29 
3 
15 
2 
21 
47 
0 
50 
55 
12 
16 
46 
38 
18 
19 
14 
5 
40 
50 
3 
17 
23 
19 
20 
34 
0 
33 
25 
52 
31 
46 
40 
6 
49 
54 
2 
11 
26 
9 
6 
12 
21 
32 
5 
19 
14 
34 
30 
4 
35 
46 
54 
41 
23 
26 
50 
25 
10 
9 
27 
39 
18 
40 
12 
36 
30 
9 
26 
6 
45 
15 
17 
49 
54 
27 
37 
3 
51 
18 
49 
20 
11 
31 
24 
33 
52 
0 
22 
38 
28 
10 
42 
39 
41 
26 
9 
19 
6 
10 
42 
22 
27 
6 
15 
9 
24 
1 
44 
35 
40 
11 
0 
5 
31 
36 
42 
34 
49 
25 
41 
45 
24 
3 
39 
48 
6 
25 
40 
33 
11 
23 
34 
14 
32 
41 
9 
38 
16 
47 
37 
3 
5 
18 
45 
40 
39 
54 
32 
14 
28 
8 
25 
30 
50 
33 
37 
49 
15 
2 
52 
11 
10 
28 
27 
26 
4 
24 
42 
46 
9 
34 
44 
51 
33 
4 
27 
49 
48 
15 
10 
44 
5 
28 
51 
29 
43 
16 
11 
48 
6 
47 
50 
24 
34 
54 
7 
13 
5 
44 
12 
7 
18 
31 
28 
38 
54 
14 
10 
20 
46 
11 
50 
0 
1 
55 
32 
26 
48 
13 
21 
27 
33 
