280 
479 
478 
1019 
1166 
534 
377 
69 
177 
491 
495 
486 
84 
630 
568 
796 
105 
177 
60 
895 
1166 
490 
1094 
478 
842 
72 
280 
954 
377 
534 
1007 
467 
899 
106 
512 
74 
439 
1230 
803 
478 
567 
8 
197 
884 
72 
15 
486 
1148 
1000 
1057 
337 
491 
177 
1136 
534 
493 
106 
1166 
490 
1151 
727 
72 
12 
790 
1007 
630 
735 
904 
409 
454 
586 
177 
351 
17 
78 
490 
150 
21 
586 
1166 
855 
478 
486 
636 
1040 
188 
1165 
1208 
816 
803 
421 
328 
386 
1234 
12 
245 
935 
1174 
616 
278 
125 
842 
337 
486 
478 
173 
377 
583 
1166 
1213 
177 
672 
1105 
72 
842 
908 
131 
69 
798 
1167 
439 
328 
908 
174 
72 
21 
970 
797 
490 
1220 
101 
718 
478 
546 
657 
106 
961 
1000 
49 
935 
377 
1002 
434 
214 
1184 
501 
1174 
947 
800 
342 
479 
808 
12 
197 
1003 
495 
245 
1029 
703 
571 
386 
842 
177 
69 
280 
468 
818 
490 
105 
981 
1166 
309 
534 
282 
49 
517 
583 
72 
106 
478 
342 
911 
435 
69 
49 
1166 
15 
1039 
842 
567 
745 
245 
75 
491 
690 
844 
49 
15 
534 
1166 
490 
468 
106 
954 
8 
884 
631 
1073 
716 
821 
797 
72 
386 
69 
478 
970 
1166 
435 
1213 
566 
1212 
899 
534 
12 
1234 
963 
981 
1026 
69 
630 
1103 
870 
164 
72 
1040 
899 
1167 
478 
586 
884 
486 
482 
1166 
534 
448 
796 
924 
177 
328 
840 
525 
1122 
105 
1123 
631 
72 
963 
490 
21 
105 
949 
495 
84 
593 
1202 
435 
328 
983 
346 
