0.037800 
0.043400 
0.044100 
0.045800 
0.047100 
0.047300 
0.048500 
0.048800 
0.051800 
0.051900 
0.052200 
0.054200 
0.054800 
0.055800 
0.056700 
0.057200 
0.060200 
0.063700 
0.064400 
0.067400 
0.069900 
0.072100 
0.073200 
0.074300 
0.075300 
0.075600 
0.078400 
0.079100 
0.079800 
0.081100 
0.081800 
0.084400 
0.087000 
0.092100 
0.092700 
0.093900 
0.097100 
0.101600 
0.102200 
0.102500 
0.102600 
0.104000 
0.105800 
0.107600 
0.108800 
0.114600 
0.115600 
0.118600 
0.119000 
0.119200 
0.119600 
0.121100 
0.121800 
0.125400 
0.127800 
0.127900 
0.130100 
0.132200 
0.133900 
0.134600 
0.134800 
0.135100 
0.137200 
0.137400 
0.138300 
0.138300 
0.138600 
0.138900 
0.140300 
0.142200 
0.142200 
0.142300 
0.144400 
0.145400 
0.145500 
0.147200 
0.150200 
0.153500 
0.155400 
0.156400 
0.157000 
0.160800 
0.160900 
0.161700 
0.162400 
0.163300 
0.166400 
0.167300 
0.167500 
0.168500 
0.171200 
0.171200 
0.175100 
0.176300 
0.177200 
0.177300 
0.177500 
0.179100 
0.179300 
0.180200 
0.186700 
0.187400 
0.187500 
0.189800 
0.190600 
0.190600 
0.193200 
0.193800 
0.198300 
0.199600 
0.199900 
0.200300 
0.201300 
0.203600 
0.204900 
0.205600 
0.206700 
0.207300 
0.209700 
0.210100 
0.210100 
0.211100 
0.212400 
0.215600 
0.215700 
0.219200 
0.225400 
0.225500 
0.225800 
0.226500 
0.227600 
0.228400 
0.229000 
0.229700 
0.231400 
0.236600 
0.237800 
0.238000 
0.238300 
0.238500 
0.239200 
0.239300 
0.239800 
0.239900 
0.240100 
0.241100 
0.241200 
0.241500 
0.242500 
0.242800 
0.244000 
0.245600 
0.245800 
0.247600 
0.248700 
0.250100 
0.250500 
0.250700 
0.251100 
0.252600 
0.252700 
0.252900 
0.253500 
0.253600 
0.255100 
0.256300 
0.256400 
0.256600 
0.257700 
0.258700 
0.259200 
0.261000 
0.265500 
0.270000 
0.274900 
0.276500 
0.276500 
0.278700 
0.282400 
0.286700 
0.287700 
0.288400 
0.288700 
0.289100 
0.289700 
0.290400 
0.290500 
0.290800 
0.290900 
0.291200 
0.291500 
0.294900 
0.295000 
0.295100 
0.296700 
0.297300 
0.297500 
0.297600 
0.298100 
0.298300 
0.300200 
0.300600 
0.301200 
0.301800 
0.303100 
0.305200 
0.308700 
0.310300 
0.310400 
0.310900 
0.311100 
0.311600 
0.311800 
0.312200 
0.314000 
0.314900 
0.315300 
0.315800 
0.318200 
0.318500 
0.318600 
0.318800 
0.320700 
0.322600 
0.324100 
0.325400 
0.326100 
0.327900 
0.328200 
0.330300 
0.330900 
0.335200 
0.336400 
0.336800 
0.338900 
0.338900 
0.339700 
0.343300 
0.345300 
0.347500 
0.347700 
0.348400 
0.348700 
0.349800 
0.352600 
0.352600 
0.352700 
0.353800 
0.357000 
0.357200 
0.357600 
0.358600 
0.358700 
0.358800 
0.359900 
0.360700 
0.360800 
0.363000 
0.364000 
0.365300 
0.365900 
0.366700 
0.369900 
0.372100 
0.372300 
0.373200 
0.375100 
0.375900 
0.376000 
0.379400 
0.380700 
0.380700 
0.381500 
0.381700 
0.382000 
0.382100 
0.383200 
0.388500 
0.390700 
0.390900 
0.391000 
0.391400 
0.391500 
0.392500 
0.395700 
0.395900 
0.396900 
0.397800 
0.401100 
0.403200 
0.408300 
0.410000 
0.411500 
0.411800 
0.412900 
0.414000 
0.414300 
0.416400 
0.416700 
0.419800 
0.419800 
0.420500 
0.421300 
0.422900 
0.423700 
0.424200 
0.426200 
0.430100 
0.430300 
0.431800 
0.432900 
0.433700 
0.433800 
0.433900 
0.434000 
0.434100 
0.434300 
0.434600 
0.435800 
0.436400 
0.443900 
0.445600 
0.446600 
0.447800 
0.448700 
0.449700 
0.450000 
0.450600 
0.451700 
0.451800 
0.453600 
0.454700 
0.458500 
0.459300 
0.461600 
0.462600 
0.463400 
0.465200 
0.465600 
0.465800 
0.466700 
0.469000 
0.469100 
0.469600 
0.470400 
0.475300 
0.475400 
0.476200 
0.477200 
0.477600 
0.477900 
0.481600 
0.481700 
0.483900 
0.484000 
0.487500 
0.487800 
0.488400 
0.488500 
0.489200 
0.489500 
0.491100 
0.491300 
0.497000 
0.504500 
0.508300 
0.509300 
0.510000 
0.511300 
0.511700 
0.512600 
0.513700 
0.515500 
0.516400 
0.516500 
0.516600 
0.517300 
0.518200 
0.519200 
0.519400 
0.519400 
0.521100 
0.521600 
0.522000 
0.522600 
0.522800 
0.522800 
0.524500 
0.524700 
0.528800 
0.532000 
0.532100 
0.532300 
0.532700 
0.536300 
0.536700 
0.538000 
0.539700 
0.541500 
0.543400 
0.544000 
0.544300 
0.545500 
0.546700 
0.550500 
0.552500 
0.552600 
0.553900 
0.556300 
0.557100 
0.558700 
0.560000 
0.561900 
0.562800 
0.563500 
0.563800 
0.565200 
0.566800 
0.567600 
0.567700 
0.567900 
0.569900 
0.570400 
0.572100 
0.574100 
0.576600 
0.578800 
0.580500 
0.581000 
0.581400 
0.582800 
0.585100 
0.587800 
0.589100 
0.589400 
0.589500 
0.589600 
0.589900 
0.590100 
0.590800 
0.592000 
0.597400 
0.598000 
0.598300 
0.600300 
0.600600 
0.604600 
0.605100 
0.605900 
0.606700 
0.607300 
0.608700 
0.610100 
0.610600 
0.611900 
0.611900 
0.612300 
0.616000 
0.616900 
0.617700 
0.618600 
0.618600 
0.624200 
0.625200 
0.625500 
0.626900 
0.627900 
0.630200 
0.630800 
0.630800 
0.633700 
0.633700 
0.635700 
0.635900 
0.636500 
0.637600 
0.637700 
0.637800 
0.638400 
0.638500 
0.639500 
0.640000 
0.640000 
0.640400 
0.641400 
0.642500 
0.644200 
0.644300 
0.647500 
0.650200 
0.651700 
0.651700 
0.656900 
0.657400 
0.659600 
0.659900 
0.660400 
0.661600 
0.663600 
0.663900 
0.664500 
0.664800 
0.664900 
0.665600 
0.665600 
0.666600 
0.669700 
0.673100 
0.676000 
0.676100 
0.677300 
0.678600 
0.679300 
0.679300 
0.680800 
0.682300 
0.685400 
0.686500 
0.686900 
0.688100 
0.690100 
0.690100 
0.691500 
0.692600 
0.692800 
0.693000 
0.694600 
0.696800 
0.699900 
0.700600 
0.703500 
0.704200 
0.704500 
0.708300 
0.708500 
0.708800 
0.709100 
0.709200 
0.713500 
0.714000 
0.714900 
0.715200 
0.715800 
0.715800 
0.715900 
0.716100 
0.719500 
0.719800 
0.719900 
0.720100 
0.720700 
0.722200 
0.724100 
0.724300 
0.724500 
0.728400 
0.735400 
0.735700 
0.736600 
0.741400 
0.742600 
0.742900 
0.743300 
0.744600 
0.746400 
0.747400 
0.749400 
0.749500 
0.752200 
0.752200 
0.752300 
0.752800 
0.753200 
0.754200 
0.754700 
0.755400 
0.756400 
0.757000 
0.758300 
0.758300 
0.762300 
0.763500 
0.765400 
0.768000 
0.769200 
0.771100 
0.774000 
0.774000 
0.774000 
0.774600 
0.775700 
0.775800 
0.775900 
0.778600 
0.779300 
0.779800 
0.781000 
0.782500 
0.783100 
0.783800 
0.785500 
0.787300 
0.788700 
0.788700 
0.788800 
0.791400 
0.792100 
0.793200 
0.797000 
0.798600 
0.799200 
0.801600 
0.801800 
0.802700 
0.803500 
0.804300 
0.806700 
0.806900 
0.807800 
0.808700 
0.813800 
0.814200 
0.815700 
0.816300 
0.817800 
0.818100 
0.820100 
0.823100 
0.824400 
0.825600 
0.827400 
0.829800 
0.830400 
0.830800 
0.832000 
0.833000 
0.834500 
0.834800 
0.834800 
0.836000 
0.837900 
0.838800 
0.840000 
0.840100 
0.841000 
0.842500 
0.843400 
0.846300 
0.846800 
0.847300 
0.848900 
0.850600 
0.850700 
0.851100 
0.853000 
0.853100 
0.854600 
0.855600 
0.856100 
0.858400 
0.859200 
0.859200 
0.859300 
0.861900 
0.861900 
0.862200 
0.865200 
0.868500 
0.868500 
0.872000 
0.873000 
0.875300 
0.876600 
0.877800 
0.879400 
0.881900 
0.888600 
0.889600 
0.890300 
0.891300 
0.892100 
0.893600 
0.893900 
0.894700 
0.897000 
0.897200 
0.898000 
0.901400 
0.902700 
0.903200 
0.904400 
0.910800 
0.911900 
0.912200 
0.914700 
0.916700 
0.918500 
0.918500 
0.919100 
0.919300 
0.921000 
0.921000 
0.922100 
0.923400 
0.926400 
0.927700 
0.928300 
0.928700 
0.929900 
0.930600 
0.933900 
0.933900 
0.934800 
0.935100 
0.935400 
0.935500 
0.935800 
0.936000 
0.939700 
0.944100 
0.948800 
0.952600 
0.955900 
0.958600 
0.960200 
0.960300 
0.961000 
0.962700 
0.964400 
0.964500 
0.964700 
0.964700 
0.965100 
0.965300 
0.966900 
0.968000 
0.968900 
0.969300 
0.969500 
0.970500 
0.971000 
0.971900 
0.973000 
0.974100 
0.974200 
0.974200 
0.976300 
0.976700 
0.977900 
0.978100 
0.980400 
0.980600 
0.980800 
0.983100 
0.986500 
0.987100 
0.987200 
0.990500 
0.990600 
0.990800 
0.991900 
0.992300 
0.993700 
0.994700 
0.996100 
0.998500 
0.999100 
1.001900 
1.002500 
1.004600 
1.006100 
1.006900 
1.007100 
1.007300 
1.010000 
1.010400 
1.012900 
1.015900 
1.016200 
1.016400 
1.016600 
1.016600 
1.017700 
1.018200 
1.019800 
1.020100 
1.020300 
1.022800 
1.026400 
1.028600 
1.029800 
1.031600 
1.032500 
1.034500 
1.035300 
1.035900 
1.036900 
1.037200 
1.037900 
1.039000 
1.040000 
1.041200 
1.045300 
1.045500 
1.045900 
1.047200 
1.048700 
1.049300 
1.052100 
1.054400 
1.055800 
1.056000 
1.056700 
1.057100 
1.057200 
1.062200 
1.062500 
1.063400 
1.065900 
1.066400 
1.070400 
1.070700 
1.071700 
1.072500 
1.073200 
1.073900 
1.075100 
1.075500 
1.076500 
1.077000 
1.078100 
1.078300 
1.079900 
1.081200 
1.081800 
1.082900 
1.083100 
1.085800 
1.086200 
1.090300 
1.092700 
1.095400 
1.096700 
1.097300 
1.097700 
1.103700 
1.105100 
1.105300 
1.108900 
1.110800 
1.111900 
1.112300 
1.113500 
1.114700 
1.115400 
1.118600 
1.119300 
1.119900 
1.120200 
1.122100 
1.124800 
1.125200 
1.127000 
1.127300 
1.127700 
1.128000 
1.130900 
1.131100 
1.131200 
1.132500 
1.135500 
1.136200 
1.136400 
1.136900 
1.137000 
1.137000 
1.137200 
1.137900 
1.138600 
1.140200 
1.143600 
1.143900 
1.145300 
1.147500 
1.148400 
1.149800 
1.151900 
1.157000 
1.157900 
1.162900 
1.163800 
1.164600 
1.166600 
1.168100 
1.170300 
1.170500 
1.171300 
1.177300 
1.178300 
1.180400 
1.180700 
1.180700 
1.182600 
1.182900 
1.184900 
1.191100 
1.191500 
1.192900 
1.194300 
1.194600 
1.196300 
1.197200 
1.197300 
1.197700 
1.197900 
1.198300 
1.199100 
1.199900 
1.200500 
1.200600 
1.200800 
1.204000 
1.204200 
1.206900 
1.210000 
1.214700 
1.215900 
1.217000 
1.218300 
1.219100 
1.219200 
1.220300 
1.221500 
1.226200 
1.228700 
1.229700 
1.230700 
1.231100 
1.231300 
1.231500 
1.234200 
1.234400 
1.235100 
1.235100 
1.236100 
1.236300 
1.240100 
1.240500 
1.242500 
1.242600 
1.242700 
1.243000 
1.245600 
1.248000 
1.251100 
1.253100 
1.254400 
1.259500 
1.260000 
1.260100 
1.261500 
1.264400 
1.264900 
1.265000 
1.265800 
1.267600 
1.267800 
1.269800 
1.270900 
1.271200 
1.272700 
1.273700 
1.275000 
1.275800 
1.280800 
1.282600 
1.283500 
1.285700 
1.287200 
1.288700 
1.291700 
1.292400 
1.292600 
1.294400 
1.294500 
1.296200 
1.296400 
1.296500 
1.296600 
1.298200 
1.298900 
1.300100 
1.302600 
1.305100 
1.307900 
1.308200 
1.308900 
1.311000 
1.313300 
1.313800 
1.316000 
1.317100 
1.317600 
1.318700 
1.318800 
1.320000 
1.321500 
1.321900 
1.322600 
1.324100 
1.324800 
1.326100 
1.326400 
1.332900 
1.335400 
1.336200 
1.337100 
1.337800 
1.340700 
1.341200 
1.341700 
1.341900 
1.342600 
1.342800 
1.343400 
1.343900 
1.344700 
1.344900 
1.348500 
1.353600 
1.354300 
1.355500 
1.356000 
1.359500 
1.362900 
1.364900 
1.370600 
1.370600 
1.373600 
1.374900 
1.375000 
1.377400 
1.378000 
1.379100 
1.379900 
1.381800 
1.383400 
1.386200 
1.386700 
1.386800 
1.388900 
1.389700 
1.390100 
1.391300 
1.391400 
1.392000 
1.392100 
1.392400 
1.392800 
1.394500 
1.394600 
1.394900 
1.395300 
1.397300 
1.397500 
1.398600 
1.398700 
1.401300 
1.401800 
1.407000 
1.410000 
1.410400 
1.410500 
1.410600 
1.410800 
1.411300 
1.412800 
1.413000 
1.413400 
1.415400 
1.415600 
1.416700 
1.416900 
1.419000 
1.419400 
1.420000 
1.421800 
1.422800 
1.423200 
1.425000 
1.427800 
1.429400 
1.433600 
1.434200 
1.438700 
1.439000 
1.439300 
1.443400 
1.444000 
1.444900 
1.446100 
1.447300 
1.448600 
1.450500 
1.451200 
1.452100 
1.452200 
1.454000 
1.454300 
1.456700 
1.458900 
1.459300 
1.462400 
1.463000 
1.466100 
1.466300 
1.466700 
1.467100 
1.472400 
1.472400 
1.472500 
1.475000 
1.475200 
1.475600 
1.476700 
1.478100 
1.479100 
1.479700 
1.480900 
1.481300 
1.482800 
1.482900 
1.484000 
1.484600 
1.488300 
1.489400 
1.490800 
1.492000 
1.492600 
1.495100 
1.495500 
1.496600 
1.497600 
1.499400 
1.500500 
1.502500 
1.502800 
1.503000 
1.503600 
1.503900 
1.506700 
1.508200 
1.511000 
1.511500 
1.514200 
1.516200 
1.518900 
1.518900 
1.520400 
1.528400 
1.528800 
1.529500 
1.530000 
1.530300 
1.531300 
1.532400 
1.532800 
1.533000 
1.535500 
1.539300 
1.540000 
1.540200 
1.540600 
1.540800 
1.541900 
1.542700 
1.543000 
1.544800 
1.546800 
1.546800 
1.548800 
1.549100 
1.549500 
1.549900 
1.550600 
1.553100 
1.553500 
1.556000 
1.557400 
1.558200 
1.562000 
1.562600 
1.563700 
1.564400 
1.565600 
1.567800 
1.568700 
1.570000 
1.571200 
1.571300 
1.571800 
1.572700 
1.573100 
1.574500 
1.576300 
1.576800 
1.577400 
1.578400 
1.578500 
1.583300 
1.584900 
1.587800 
1.589200 
1.590000 
1.590100 
1.590800 
1.591600 
1.596600 
1.596700 
1.598600 
1.600300 
1.600900 
1.602000 
1.604800 
1.605000 
1.606200 
1.608800 
1.609700 
1.609800 
1.610900 
1.613800 
1.614300 
1.615500 
1.615900 
1.617400 
1.617700 
1.617900 
1.618000 
1.620000 
1.620200 
1.621300 
1.622200 
1.622200 
1.631300 
1.631500 
1.632300 
1.633100 
1.633700 
1.634000 
1.634200 
1.634800 
1.635800 
1.636100 
1.638200 
1.638500 
1.641100 
1.642500 
1.645400 
1.645500 
1.646100 
1.647000 
1.647600 
1.649300 
1.651000 
1.651300 
1.652700 
1.653100 
1.653500 
1.654000 
1.656500 
1.657900 
1.658300 
1.660000 
1.662800 
1.664300 
1.665600 
1.667600 
1.670500 
1.672000 
1.672800 
1.676800 
1.677000 
1.678700 
1.678900 
1.679600 
1.680600 
1.681400 
1.682100 
1.683000 
1.683000 
1.687500 
1.689000 
1.690300 
1.691300 
1.692500 
1.692900 
1.693700 
1.695600 
1.698300 
1.699800 
1.699900 
1.700600 
1.700700 
1.704700 
1.705200 
1.706200 
1.709100 
1.710300 
1.711700 
1.713200 
1.714800 
1.714900 
1.715100 
1.715500 
1.716300 
1.717200 
1.717500 
1.717700 
1.719700 
1.722000 
1.722100 
1.725100 
1.727000 
1.729700 
1.730300 
1.731200 
1.732400 
1.735100 
1.737300 
1.740300 
1.740400 
1.741000 
1.745400 
1.747800 
1.749300 
1.750200 
1.752000 
1.752900 
1.753300 
1.756200 
1.758100 
1.758200 
1.758800 
1.759700 
1.762900 
1.764200 
1.766800 
1.768200 
1.769300 
1.773500 
1.774000 
1.774700 
1.774900 
1.781400 
1.783500 
1.783700 
1.784800 
1.786400 
1.786500 
1.786700 
1.787100 
1.787600 
1.787800 
1.788700 
1.788800 
1.791500 
1.791800 
1.792300 
1.792400 
1.794000 
1.798700 
1.799400 
1.800500 
1.806200 
1.808600 
1.809600 
1.810700 
1.811000 
1.812100 
1.812100 
1.813100 
1.813500 
1.814600 
1.814700 
1.817400 
1.817900 
1.818200 
1.818700 
1.822300 
1.823000 
1.829800 
1.830400 
1.831700 
1.832900 
1.833200 
1.833700 
1.835200 
1.835300 
1.836100 
1.836400 
1.837400 
1.837600 
1.837900 
1.843000 
1.843400 
1.846300 
1.846600 
1.848200 
1.849100 
1.849500 
1.852200 
1.854200 
1.854700 
1.855700 
1.855900 
1.856100 
1.857100 
1.857500 
1.857700 
1.859500 
1.862300 
1.862900 
1.863800 
1.866900 
1.871100 
1.873700 
1.874200 
1.874300 
1.874600 
1.875000 
1.876500 
1.877900 
1.878900 
1.879200 
1.879300 
1.879900 
1.881400 
1.883600 
1.883700 
1.883800 
1.886800 
1.887700 
1.888300 
1.888400 
1.889300 
1.889500 
1.893000 
1.894900 
1.895400 
1.895600 
1.895700 
1.896400 
1.900200 
1.903900 
1.903900 
1.905400 
1.905500 
1.908700 
1.908900 
1.913100 
1.913300 
1.914200 
1.915000 
1.915600 
1.916900 
1.918300 
1.919000 
1.920700 
1.921400 
1.921700 
1.922500 
1.923300 
1.923400 
1.923400 
1.926900 
1.927100 
1.927700 
1.928900 
1.929100 
1.930300 
1.932100 
1.932500 
1.936600 
1.936700 
1.936800 
1.939400 
1.939700 
1.940500 
1.941100 
1.941400 
1.942700 
1.944300 
1.945700 
1.952900 
1.955100 
1.956000 
1.956100 
1.959100 
1.960900 
1.961400 
1.964100 
1.965200 
1.966500 
1.967000 
1.967500 
1.967900 
1.968300 
1.968400 
1.970400 
1.971600 
1.972000 
1.972600 
1.972700 
1.973300 
1.974700 
1.978000 
1.979100 
1.981100 
1.982500 
1.983700 
1.984200 
1.984800 
1.985600 
1.985800 
1.988200 
1.988900 
1.989400 
1.990800 
1.991200 
1.993700 
1.993800 
1.994700 
1.996300 
1.997700 
1.999400 
2.004300 
2.004500 
2.005200 
2.005300 
2.006500 
2.009100 
2.014100 
2.014700 
2.015000 
2.017300 
2.018100 
2.018200 
2.019500 
2.020500 
2.020500 
2.024300 
2.029600 
2.029700 
2.030200 
2.030700 
2.031100 
2.033900 
2.035100 
2.035400 
2.035600 
2.040500 
2.041300 
2.043700 
2.043700 
2.044500 
2.045100 
2.045500 
2.047800 
2.050200 
2.050700 
2.051600 
2.053200 
2.053400 
2.053800 
2.054800 
2.055000 
2.055700 
2.057700 
2.063000 
2.066500 
2.067500 
2.070600 
2.071500 
2.073900 
2.076700 
2.077800 
2.080800 
2.082900 
2.084300 
2.085000 
2.085400 
2.086000 
2.086200 
2.087400 
2.087400 
2.089100 
2.090200 
2.090200 
2.090900 
2.092400 
2.093500 
2.094400 
2.094500 
2.095800 
2.100400 
2.103400 
2.103700 
2.108900 
2.109500 
2.111700 
2.112400 
2.112400 
2.113100 
2.114900 
2.115800 
2.116200 
2.118600 
2.119800 
2.120300 
2.121300 
2.122200 
2.124300 
2.125900 
2.128400 
2.131000 
2.131800 
2.132600 
2.134300 
2.137300 
2.138400 
2.140400 
2.140700 
2.141600 
2.142200 
2.142400 
2.145100 
2.148500 
2.149000 
2.149300 
2.149800 
2.150400 
2.150900 
2.153300 
2.153500 
2.154100 
2.154800 
2.155100 
2.156700 
2.158500 
2.159700 
2.159800 
2.161200 
2.163400 
2.165100 
2.166200 
2.166400 
2.167200 
2.168500 
2.169900 
2.170300 
2.170700 
2.170900 
2.171300 
2.172300 
2.172800 
2.174900 
2.175400 
2.177100 
2.177700 
2.180200 
2.182200 
2.182700 
2.183800 
2.185300 
2.188100 
2.188200 
2.190900 
2.195600 
2.198700 
2.199200 
2.199500 
2.199600 
2.202200 
2.204500 
2.206800 
2.207400 
2.210600 
2.212300 
2.214000 
2.217700 
2.217800 
2.218700 
2.221200 
2.223300 
2.225300 
2.226000 
2.226900 
2.227800 
2.230500 
2.230700 
2.230900 
2.232100 
2.233800 
2.234100 
2.234600 
2.234700 
2.235500 
2.237900 
2.240400 
2.241800 
2.241900 
2.243300 
2.243400 
2.243500 
2.244200 
2.247100 
2.248700 
2.249600 
2.250500 
2.250700 
2.251100 
2.254800 
2.257300 
2.258400 
2.259800 
2.260500 
2.264300 
2.266200 
2.267800 
2.269100 
2.273500 
2.273700 
2.275900 
2.276000 
2.277200 
2.277400 
2.283300 
2.284000 
2.284200 
2.287200 
2.287300 
2.287900 
2.288400 
2.289700 
2.295300 
2.295800 
2.297300 
2.299400 
2.299900 
2.303000 
2.303400 
2.304800 
2.305200 
2.308100 
2.308600 
2.310200 
2.310400 
2.311500 
2.312900 
2.313800 
2.314100 
2.314700 
2.317700 
2.318300 
2.319800 
2.319900 
2.320500 
2.321200 
2.322700 
2.324500 
2.324600 
2.326400 
2.327200 
2.327500 
2.328800 
2.329200 
2.329500 
2.329600 
2.330200 
2.330900 
2.331800 
2.332000 
2.332800 
2.332900 
2.335400 
2.335900 
2.336400 
2.337900 
2.339300 
2.340400 
2.341300 
2.343800 
2.344700 
2.348200 
2.349000 
2.349800 
2.351400 
2.351700 
2.352300 
2.352700 
2.352900 
2.356300 
2.357700 
2.358400 
2.358600 
2.362500 
2.363400 
2.364500 
2.365300 
2.365900 
2.366600 
2.366600 
2.373300 
2.374100 
2.374700 
2.376000 
2.376100 
2.376400 
2.378900 
2.379800 
2.379800 
2.381400 
2.381900 
2.383700 
2.383800 
2.385100 
2.386000 
2.387700 
2.392400 
2.392400 
2.392500 
2.393000 
2.395000 
2.395400 
2.395700 
2.395700 
2.397500 
2.397700 
2.398900 
2.399600 
2.400200 
2.400700 
2.404100 
2.404500 
2.406100 
2.407500 
2.407600 
2.410700 
2.410700 
2.413600 
2.414500 
2.415800 
2.415900 
2.416100 
2.416300 
2.416600 
2.416800 
2.418500 
2.423500 
2.427100 
2.428000 
2.428700 
2.429200 
2.431000 
2.431400 
2.431400 
2.432400 
2.433200 
2.433600 
2.436200 
2.436400 
2.436400 
2.437900 
2.440200 
2.440600 
2.442700 
2.443900 
2.444100 
2.445900 
2.446300 
2.448300 
2.451500 
2.453700 
2.454600 
2.459300 
2.460600 
2.462400 
2.462900 
2.465500 
2.465800 
2.466900 
2.467700 
2.468200 
2.469100 
2.470100 
2.474200 
2.475600 
2.476000 
2.477700 
2.479000 
2.480100 
2.483400 
2.483400 
2.483600 
2.484700 
2.486700 
2.486900 
2.487800 
2.488200 
2.489800 
2.490000 
2.490800 
2.493500 
2.496300 
2.497700 
2.497800 
2.501100 
2.501200 
2.502600 
2.503200 
2.503300 
2.504500 
2.508100 
2.508600 
2.508600 
2.510800 
2.511200 
2.511800 
2.511800 
2.512600 
2.512700 
2.513700 
2.514600 
2.516000 
2.518200 
2.519200 
2.522200 
2.522400 
2.526200 
2.528400 
2.530200 
2.530300 
2.531400 
2.532100 
2.532900 
2.534700 
2.535200 
2.535600 
2.536300 
2.537700 
2.540400 
2.541800 
2.542500 
2.544000 
2.544100 
2.544800 
2.545100 
2.545900 
2.546400 
2.547800 
2.550400 
2.550400 
2.550600 
2.551800 
2.552100 
2.552100 
2.553000 
2.554800 
2.555000 
2.556500 
2.557000 
2.557700 
2.559200 
2.562900 
2.563000 
2.564700 
2.568100 
2.570700 
2.571100 
2.576200 
2.576400 
2.577000 
2.577600 
2.578400 
2.579700 
2.579900 
2.580100 
2.583800 
2.586500 
2.587700 
2.589500 
2.591000 
2.592400 
2.593700 
2.594600 
2.595900 
2.596100 
2.597000 
2.600000 
2.601200 
2.603800 
2.604200 
2.604500 
2.605600 
2.607500 
2.608300 
2.614100 
2.614600 
2.615600 
2.615600 
2.615900 
2.616200 
2.616300 
2.617300 
2.619900 
2.620400 
2.620700 
2.623300 
2.623500 
2.627200 
2.628100 
2.628700 
2.629900 
2.632200 
2.632800 
2.634200 
2.634700 
2.635700 
2.638000 
2.639700 
2.641100 
2.642400 
2.643300 
2.643300 
2.644500 
2.645600 
2.649500 
2.651200 
2.652000 
2.652900 
2.653000 
2.653400 
2.653500 
2.659200 
2.659300 
2.660200 
2.661800 
2.662700 
2.663200 
2.664400 
2.667700 
2.668100 
2.668200 
2.669400 
2.669700 
2.669800 
2.670200 
2.670400 
2.671400 
2.671900 
2.672200 
2.674300 
2.679300 
2.679700 
2.679800 
2.680100 
2.680800 
2.681500 
2.686200 
2.689100 
2.691600 
2.693700 
2.694000 
2.694400 
2.695600 
2.696500 
2.697100 
2.697400 
2.699000 
2.699200 
2.701800 
2.701900 
2.704300 
2.705000 
2.707300 
2.711700 
2.711800 
2.713100 
2.716100 
2.718000 
2.718100 
2.718700 
2.719700 
2.720800 
2.721500 
2.722100 
2.723100 
2.723700 
2.727200 
2.727900 
2.731900 
2.732000 
2.734100 
2.737300 
2.737900 
2.739100 
2.739700 
2.739700 
2.740000 
2.741200 
2.743000 
2.744000 
2.745900 
2.746800 
2.747100 
2.748000 
2.748300 
2.748800 
2.752500 
2.753100 
2.756600 
2.756800 
2.758200 
2.759500 
2.759700 
2.759700 
2.760400 
2.763200 
2.763900 
2.765800 
2.765900 
2.766100 
2.768200 
2.769300 
2.770800 
2.773000 
2.773100 
2.774000 
2.774000 
2.776900 
2.777100 
2.778900 
2.783000 
2.783000 
2.783300 
2.784700 
2.789300 
2.795200 
2.795900 
2.796200 
2.796800 
2.797400 
2.799200 
2.801200 
2.801500 
2.806200 
2.806400 
2.807400 
2.808300 
2.810600 
2.811200 
2.813300 
2.814400 
2.816100 
2.821300 
2.821800 
2.821800 
2.824700 
2.825100 
2.825400 
2.825500 
2.827900 
2.827900 
2.828800 
2.832400 
2.834000 
2.837100 
2.838600 
2.838900 
2.839600 
2.840300 
2.840700 
2.841300 
2.842200 
2.842700 
2.846600 
2.846600 
2.846700 
2.846900 
2.848500 
2.849200 
2.849500 
2.849900 
2.850700 
2.852000 
2.854000 
2.854200 
2.854500 
2.855800 
2.856900 
2.858000 
2.860800 
2.864700 
2.864700 
2.865400 
2.872500 
2.872700 
2.873900 
2.874600 
2.874800 
2.875100 
2.876300 
2.877800 
2.880200 
2.880300 
2.881700 
2.883200 
2.884800 
2.884900 
2.886700 
2.888400 
2.892700 
2.892900 
2.893800 
2.895300 
2.895600 
2.898200 
2.899100 
2.899200 
2.900200 
2.900300 
2.900300 
2.901900 
2.902200 
2.902500 
2.903500 
2.905600 
2.906100 
2.908800 
2.909600 
2.910300 
2.910400 
2.910700 
2.911300 
2.912000 
2.912800 
2.913500 
2.915600 
2.919300 
2.920000 
2.921600 
2.925800 
2.926500 
2.928100 
2.928600 
2.929400 
2.930100 
2.930900 
2.932100 
2.932400 
2.934600 
2.937700 
2.938900 
2.940100 
2.945200 
2.947200 
2.948200 
2.952800 
2.954100 
2.954200 
2.954300 
2.957100 
2.957300 
2.957600 
2.960700 
2.962400 
2.962500 
2.964100 
2.966700 
2.967300 
2.968700 
2.969000 
2.969800 
2.972200 
2.973700 
2.974200 
2.974900 
2.975000 
2.975800 
2.976600 
2.977500 
2.978300 
2.978300 
2.978400 
2.979600 
2.982200 
2.983500 
2.984100 
2.984400 
2.987200 
2.987700 
2.994500 
2.994500 
2.994700 
2.998300 
2.999100 
