33 
17 
14 
46 
32 
4 
5 
55 
48 
42 
10 
29 
23 
46 
54 
25 
55 
43 
18 
30 
42 
48 
8 
5 
0 
26 
41 
1 
29 
34 
36 
30 
32 
4 
18 
38 
48 
15 
0 
12 
44 
42 
46 
18 
49 
35 
30 
32 
15 
19 
54 
36 
51 
6 
21 
29 
48 
46 
31 
7 
1 
30 
46 
4 
6 
45 
47 
32 
49 
17 
14 
3 
21 
1 
12 
10 
15 
54 
37 
24 
47 
27 
16 
20 
10 
52 
12 
40 
43 
7 
20 
0 
54 
42 
51 
12 
16 
34 
3 
55 
28 
37 
26 
40 
43 
16 
45 
24 
22 
55 
17 
25 
0 
55 
44 
41 
21 
5 
2 
35 
47 
42 
46 
1 
23 
55 
29 
11 
47 
52 
32 
54 
44 
12 
50 
2 
24 
7 
23 
47 
3 
46 
35 
42 
28 
34 
12 
36 
15 
16 
26 
24 
43 
32 
31 
25 
19 
37 
18 
16 
18 
5 
46 
44 
26 
55 
0 
27 
23 
12 
47 
26 
32 
21 
17 
46 
5 
55 
44 
2 
20 
4 
7 
18 
35 
9 
25 
32 
30 
47 
11 
44 
7 
22 
3 
48 
40 
42 
0 
41 
32 
17 
10 
47 
22 
6 
35 
55 
36 
10 
14 
49 
5 
18 
40 
47 
11 
53 
36 
0 
20 
18 
45 
46 
22 
6 
4 
10 
42 
5 
3 
46 
11 
18 
17 
32 
10 
22 
42 
41 
4 
0 
44 
43 
35 
48 
18 
40 
28 
55 
47 
30 
7 
16 
4 
40 
11 
1 
48 
36 
3 
12 
46 
30 
16 
7 
14 
0 
49 
44 
48 
30 
53 
26 
6 
7 
42 
45 
25 
30 
8 
10 
13 
44 
55 
15 
23 
46 
35 
3 
1 
21 
25 
0 
18 
48 
28 
19 
13 
55 
4 
21 
36 
20 
19 
14 
3 
43 
23 
12 
48 
10 
25 
44 
5 
50 
47 
48 
45 
10 
31 
32 
7 
51 
20 
45 
29 
46 
36 
31 
49 
44 
47 
37 
11 
8 
41 
46 
25 
26 
2 
20 
30 
37 
46 
54 
34 
3 
17 
45 
18 
44 
40 
15 
0 
34 
47 
12 
36 
23 
19 
28 
46 
37 
24 
22 
38 
25 
35 
3 
29 
36 
30 
28 
13 
41 
5 
0 
18 
4 
23 
22 
7 
30 
1 
36 
19 
25 
35 
22 
47 
44 
38 
36 
37 
43 
34 
41 
29 
45 
25 
32 
3 
48 
54 
29 
15 
55 
0 
18 
1 
37 
11 
7 
5 
23 
52 
19 
46 
28 
40 
37 
25 
22 
10 
26 
14 
35 
33 
38 
22 
46 
24 
42 
7 
36 
12 
23 
10 
18 
5 
53 
41 
7 
42 
36 
10 
5 
50 
51 
42 
48 
45 
36 
4 
38 
15 
46 
54 
51 
44 
25 
32 
29 
9 
42 
27 
50 
41 
52 
16 
41 
55 
30 
16 
51 
13 
21 
45 
30 
4 
25 
0 
55 
22 
23 
32 
8 
45 
20 
46 
9 
29 
6 
27 
48 
52 
12 
42 
25 
37 
54 
22 
23 
10 
1 
30 
40 
55 
37 
7 
4 
46 
27 
42 
14 
36 
19 
2 
55 
22 
15 
37 
30 
46 
45 
54 
47 
25 
23 
37 
18 
22 
43 
2 
55 
42 
34 
3 
41 
29 
51 
18 
31 
46 
15 
8 
23 
38 
18 
46 
24 
44 
7 
20 
22 
2 
37 
26 
27 
15 
42 
46 
38 
45 
10 
5 
25 
41 
14 
38 
32 
4 
48 
22 
0 
46 
5 
19 
41 
47 
36 
8 
35 
21 
51 
16 
22 
32 
42 
7 
28 
18 
10 
37 
47 
26 
35 
20 
55 
24 
41 
3 
16 
0 
47 
25 
38 
18 
4 
10 
7 
5 
46 
37 
29 
16 
35 
38 
48 
46 
36 
41 
40 
23 
52 
20 
31 
25 
38 
29 
12 
40 
22 
0 
24 
16 
54 
53 
37 
15 
6 
42 
8 
35 
21 
36 
46 
41 
51 
49 
53 
8 
31 
6 
5 
46 
3 
41 
44 
35 
12 
42 
20 
2 
19 
5 
29 
35 
27 
34 
43 
2 
8 
55 
26 
0 
21 
40 
20 
12 
30 
0 
44 
37 
4 
46 
36 
