37 
10 
26 
12 
44 
34 
11 
29 
22 
17 
19 
47 
9 
8 
64 
61 
34 
30 
38 
17 
25 
24 
54 
14 
19 
60 
12 
35 
61 
9 
64 
8 
59 
17 
32 
57 
52 
6 
29 
30 
15 
14 
16 
49 
4 
53 
13 
19 
59 
38 
20 
52 
0 
17 
14 
13 
7 
32 
27 
63 
57 
9 
34 
15 
28 
31 
23 
14 
60 
49 
63 
30 
45 
24 
7 
41 
25 
11 
0 
51 
47 
21 
61 
34 
45 
57 
19 
43 
13 
47 
25 
28 
50 
14 
47 
34 
62 
2 
35 
51 
61 
1 
18 
27 
0 
17 
9 
46 
24 
37 
35 
23 
57 
61 
30 
25 
11 
61 
31 
17 
64 
38 
6 
40 
9 
42 
55 
32 
54 
60 
5 
62 
28 
17 
53 
34 
14 
46 
13 
9 
0 
55 
14 
49 
13 
47 
54 
17 
35 
37 
28 
48 
27 
18 
14 
23 
40 
16 
30 
57 
20 
61 
35 
17 
47 
48 
41 
23 
29 
35 
18 
40 
28 
57 
17 
21 
55 
0 
14 
51 
33 
21 
43 
61 
31 
22 
45 
57 
6 
62 
30 
36 
40 
31 
19 
7 
55 
0 
58 
48 
14 
17 
30 
57 
34 
11 
32 
7 
24 
25 
59 
61 
46 
4 
34 
28 
54 
61 
47 
7 
17 
5 
62 
38 
30 
53 
6 
47 
60 
31 
43 
14 
27 
8 
54 
4 
42 
2 
51 
38 
58 
55 
20 
63 
61 
42 
45 
17 
16 
40 
53 
50 
29 
58 
39 
33 
49 
31 
17 
38 
44 
21 
47 
57 
34 
27 
35 
28 
51 
20 
41 
9 
8 
32 
30 
6 
47 
2 
46 
25 
24 
34 
60 
0 
62 
53 
27 
31 
33 
30 
42 
14 
9 
51 
10 
1 
38 
13 
47 
2 
63 
19 
51 
54 
1 
33 
52 
16 
13 
62 
0 
38 
46 
33 
24 
9 
27 
54 
22 
17 
19 
44 
21 
14 
30 
51 
20 
57 
17 
8 
0 
49 
19 
52 
9 
60 
2 
31 
27 
14 
18 
34 
7 
38 
45 
24 
40 
17 
59 
7 
36 
47 
60 
51 
27 
31 
53 
28 
38 
62 
59 
30 
39 
18 
17 
29 
47 
52 
7 
5 
42 
31 
57 
32 
30 
45 
2 
11 
48 
14 
41 
24 
7 
59 
62 
17 
33 
39 
49 
16 
63 
38 
0 
14 
48 
40 
53 
21 
47 
59 
61 
7 
53 
11 
13 
8 
15 
57 
19 
20 
10 
30 
24 
17 
14 
34 
0 
25 
35 
57 
16 
18 
44 
2 
55 
62 
41 
31 
57 
29 
19 
15 
59 
54 
14 
17 
11 
2 
47 
12 
25 
60 
23 
11 
6 
31 
33 
4 
7 
52 
30 
36 
17 
27 
49 
22 
15 
47 
19 
18 
0 
53 
2 
51 
38 
57 
33 
29 
13 
11 
49 
61 
62 
19 
27 
32 
41 
52 
21 
57 
34 
55 
38 
50 
17 
47 
14 
23 
31 
10 
51 
40 
38 
31 
57 
45 
60 
14 
11 
58 
59 
31 
47 
29 
51 
16 
62 
61 
57 
52 
58 
46 
37 
17 
9 
61 
49 
8 
18 
59 
40 
57 
54 
21 
17 
60 
0 
18 
55 
9 
29 
36 
20 
39 
30 
52 
49 
2 
0 
32 
44 
6 
24 
47 
31 
41 
53 
23 
16 
14 
57 
61 
30 
9 
48 
14 
51 
11 
32 
60 
56 
43 
34 
12 
2 
30 
17 
0 
46 
36 
60 
6 
49 
16 
2 
13 
59 
17 
19 
31 
48 
52 
61 
26 
0 
17 
57 
53 
7 
48 
11 
31 
14 
15 
10 
13 
27 
28 
9 
47 
8 
36 
15 
10 
11 
31 
32 
58 
20 
59 
4 
51 
29 
30 
28 
33 
17 
59 
61 
15 
51 
7 
55 
27 
17 
32 
0 
9 
1 
53 
49 
16 
0 
6 
7 
31 
34 
63 
55 
54 
62 
10 
34 
22 
8 
11 
7 
57 
36 
16 
58 
0 
24 
6 
29 
7 
21 
12 
38 
44 
25 
28 
55 
9 
54 
7 
48 
59 
57 
41 
47 
8 
51 
55 
15 
59 
23 
34 
44 
57 
8 
60 
62 
32 
9 
33 
31 
37 
59 
51 
61 
14 
16 
40 
29 
21 
45 
11 
43 
33 
38 
40 
13 
20 
64 
56 
46 
61 
17 
47 
19 
22 
1 
39 
60 
34 
30 
31 
12 
45 
23 
47 
40 
43 
62 
16 
24 
37 
17 
52 
21 
13 
43 
2 
28 
0 
49 
1 
38 
31 
61 
56 
7 
57 
17 
45 
43 
7 
51 
0 
16 
34 
19 
29 
62 
59 
56 
31 
0 
51 
39 
6 
25 
60 
14 
34 
17 
40 
51 
15 
48 
23 
49 
11 
4 
15 
8 
55 
51 
5 
28 
56 
27 
14 
47 
11 
60 
57 
43 
8 
40 
51 
17 
59 
6 
15 
49 
10 
52 
32 
37 
6 
54 
17 
58 
31 
14 
63 
51 
59 
2 
52 
30 
15 
27 
54 
57 
17 
49 
61 
64 
2 
19 
60 
17 
1 
38 
7 
30 
25 
24 
16 
4 
54 
40 
61 
17 
26 
30 
12 
21 
54 
8 
31 
39 
10 
48 
51 
9 
18 
15 
58 
35 
6 
52 
63 
13 
17 
49 
8 
40 
36 
19 
28 
11 
30 
23 
46 
31 
27 
54 
64 
52 
55 
51 
21 
61 
31 
35 
42 
6 
60 
0 
7 
46 
57 
15 
14 
23 
45 
8 
61 
56 
37 
2 
11 
56 
23 
7 
14 
47 
62 
17 
30 
23 
41 
54 
6 
51 
59 
61 
15 
17 
11 
40 
34 
57 
62 
16 
10 
47 
49 
17 
7 
48 
59 
20 
45 
18 
54 
31 
9 
12 
21 
51 
43 
15 
8 
18 
31 
34 
32 
16 
63 
15 
9 
36 
11 
34 
17 
60 
48 
55 
32 
35 
34 
14 
59 
45 
2 
17 
6 
26 
55 
48 
42 
4 
18 
14 
32 
13 
19 
34 
36 
61 
35 
21 
57 
2 
29 
8 
62 
17 
9 
59 
0 
31 
45 
6 
22 
38 
12 
40 
62 
53 
23 
14 
58 
39 
44 
38 
17 
47 
9 
28 
45 
8 
34 
6 
31 
17 
30 
1 
38 
42 
52 
47 
6 
43 
57 
51 
13 
36 
35 
63 
14 
8 
1 
44 
0 
17 
20 
19 
52 
23 
58 
15 
46 
14 
50 
59 
39 
4 
26 
16 
51 
11 
47 
17 
19 
34 
0 
31 
62 
26 
2 
46 
18 
58 
34 
51 
24 
32 
38 
61 
19 
37 
33 
6 
7 
15 
8 
41 
17 
11 
31 
51 
33 
9 
16 
56 
12 
6 
19 
51 
52 
34 
14 
20 
25 
0 
13 
17 
57 
15 
60 
63 
51 
28 
58 
31 
15 
35 
39 
10 
29 
15 
7 
27 
31 
54 
28 
4 
14 
48 
25 
31 
12 
51 
19 
17 
59 
42 
34 
28 
38 
57 
36 
29 
18 
27 
33 
17 
1 
40 
10 
48 
54 
51 
30 
31 
56 
38 
62 
6 
55 
9 
36 
17 
63 
48 
35 
40 
24 
4 
42 
59 
0 
32 
52 
6 
34 
41 
24 
51 
13 
15 
10 
19 
55 
33 
21 
31 
11 
59 
26 
34 
8 
59 
21 
51 
57 
52 
45 
14 
47 
18 
58 
23 
17 
43 
11 
2 
7 
20 
5 
8 
64 
18 
46 
14 
39 
28 
31 
62 
40 
19 
57 
9 
8 
59 
48 
16 
39 
14 
28 
21 
32 
17 
57 
1 
35 
39 
59 
32 
11 
27 
19 
0 
15 
18 
25 
51 
17 
13 
30 
0 
54 
19 
51 
45 
39 
23 
2 
16 
61 
21 
55 
35 
57 
27 
28 
15 
59 
58 
60 
24 
17 
51 
45 
25 
61 
4 
6 
28 
39 
50 
38 
54 
6 
17 
11 
61 
52 
28 
23 
4 
37 
19 
30 
2 
25 
47 
49 
28 
59 
62 
8 
61 
10 
48 
30 
19 
37 
11 
33 
12 
52 
47 
22 
60 
3 
59 
58 
7 
42 
31 
32 
61 
15 
17 
40 
20 
63 
47 
0 
12 
54 
10 
19 
58 
17 
4 
20 
1 
27 
55 
16 
49 
60 
33 
40 
28 
30 
62 
48 
31 
26 
7 
15 
52 
9 
27 
64 
51 
46 
48 
57 
55 
59 
32 
12 
61 
62 
19 
31 
63 
52 
17 
53 
54 
44 
7 
49 
4 
51 
12 
59 
58 
41 
47 
17 
6 
11 
46 
52 
28 
18 
17 
9 
58 
6 
63 
32 
48 
28 
41 
47 
57 
62 
51 
59 
63 
31 
40 
17 
8 
47 
18 
0 
19 
64 
60 
57 
9 
62 
59 
2 
23 
35 
23 
43 
45 
0 
48 
12 
18 
55 
57 
19 
16 
31 
59 
24 
9 
10 
51 
0 
8 
47 
15 
5 
24 
42 
13 
12 
28 
34 
39 
45 
53 
63 
62 
40 
23 
9 
2 
38 
36 
25 
33 
28 
23 
11 
22 
10 
58 
40 
38 
0 
19 
43 
29 
45 
61 
25 
58 
36 
48 
4 
13 
30 
17 
28 
21 
59 
14 
7 
10 
18 
2 
48 
47 
17 
57 
41 
51 
23 
61 
32 
17 
1 
10 
51 
9 
2 
8 
58 
14 
34 
38 
59 
55 
29 
15 
30 
31 
0 
18 
46 
3 
1 
2 
14 
52 
34 
48 
53 
25 
40 
59 
19 
60 
18 
37 
34 
12 
51 
9 
16 
40 
55 
28 
63 
8 
17 
62 
51 
27 
40 
19 
48 
13 
12 
39 
30 
18 
1 
17 
29 
7 
35 
48 
53 
16 
6 
62 
36 
13 
49 
41 
58 
3 
18 
17 
9 
48 
61 
53 
29 
13 
55 
30 
60 
41 
19 
21 
14 
35 
27 
53 
43 
8 
15 
13 
31 
51 
62 
0 
30 
57 
27 
29 
41 
18 
17 
40 
14 
45 
13 
10 
49 
25 
22 
30 
48 
35 
50 
51 
53 
47 
43 
54 
2 
58 
9 
24 
44 
13 
60 
38 
17 
21 
39 
6 
11 
49 
55 
61 
37 
4 
36 
24 
53 
22 
10 
47 
56 
51 
54 
57 
27 
48 
43 
56 
23 
53 
16 
29 
35 
61 
57 
33 
58 
22 
16 
31 
20 
49 
21 
13 
11 
24 
26 
0 
58 
6 
41 
2 
43 
59 
42 
12 
38 
39 
5 
59 
28 
21 
29 
14 
0 
4 
51 
47 
30 
54 
6 
49 
26 
37 
44 
64 
20 
0 
23 
49 
16 
54 
57 
58 
18 
51 
40 
4 
58 
49 
15 
47 
9 
59 
34 
35 
17 
24 
20 
8 
46 
0 
34 
30 
14 
35 
19 
15 
1 
17 
21 
2 
45 
6 
8 
31 
61 
9 
56 
12 
23 
44 
19 
55 
63 
54 
52 
17 
38 
47 
37 
43 
56 
48 
51 
11 
23 
53 
17 
