0.041700 
0.045200 
0.048600 
0.049000 
0.052600 
0.053200 
0.053800 
0.053800 
0.054200 
0.054500 
0.054600 
0.055600 
0.057700 
0.058400 
0.059600 
0.059600 
0.061100 
0.062500 
0.063800 
0.064100 
0.065400 
0.065400 
0.067500 
0.070600 
0.075500 
0.076700 
0.076900 
0.077400 
0.078800 
0.079800 
0.080800 
0.083100 
0.086700 
0.087400 
0.090000 
0.091700 
0.092600 
0.095500 
0.096300 
0.098200 
0.099100 
0.103300 
0.105300 
0.106100 
0.111800 
0.112300 
0.112600 
0.117800 
0.118300 
0.118900 
0.121700 
0.122200 
0.125800 
0.126500 
0.126800 
0.128300 
0.129400 
0.130600 
0.131100 
0.132200 
0.133700 
0.135800 
0.136500 
0.137500 
0.137900 
0.139900 
0.141500 
0.141600 
0.141900 
0.142900 
0.143900 
0.144500 
0.144800 
0.145300 
0.148000 
0.148500 
0.151500 
0.153900 
0.157600 
0.158000 
0.159800 
0.160100 
0.161500 
0.161800 
0.161800 
0.162200 
0.162700 
0.163000 
0.166400 
0.167800 
0.169600 
0.169900 
0.174600 
0.177400 
0.179200 
0.180800 
0.182300 
0.184800 
0.185200 
0.185400 
0.187000 
0.187700 
0.188000 
0.190400 
0.191500 
0.194200 
0.195400 
0.197400 
0.199000 
0.202300 
0.202600 
0.203500 
0.206700 
0.207300 
0.207400 
0.209400 
0.209600 
0.212800 
0.212800 
0.214900 
0.222300 
0.223200 
0.223900 
0.224500 
0.225500 
0.226500 
0.227400 
0.228600 
0.232100 
0.232600 
0.233200 
0.234900 
0.235800 
0.236700 
0.236900 
0.237800 
0.237800 
0.238100 
0.238700 
0.239000 
0.239200 
0.241000 
0.241500 
0.242300 
0.243300 
0.250400 
0.254800 
0.255400 
0.258400 
0.260900 
0.263300 
0.264000 
0.264400 
0.266300 
0.269300 
0.271400 
0.272400 
0.275600 
0.276100 
0.277000 
0.277900 
0.280100 
0.281600 
0.282200 
0.282500 
0.284800 
0.287400 
0.287500 
0.290800 
0.293100 
0.294100 
0.295100 
0.297700 
0.297800 
0.298600 
0.301100 
0.303600 
0.306100 
0.308400 
0.309000 
0.311000 
0.311100 
0.311400 
0.311500 
0.312000 
0.314500 
0.317400 
0.320700 
0.321700 
0.325500 
0.327000 
0.328600 
0.329100 
0.331900 
0.332200 
0.332900 
0.333700 
0.335200 
0.335900 
0.336700 
0.337500 
0.339800 
0.339800 
0.341100 
0.344200 
0.344500 
0.347000 
0.348200 
0.352100 
0.352700 
0.354000 
0.354300 
0.356400 
0.358700 
0.368000 
0.368200 
0.368600 
0.370500 
0.373600 
0.373900 
0.375100 
0.376100 
0.376500 
0.376700 
0.377000 
0.378000 
0.379300 
0.379600 
0.381800 
0.383100 
0.383500 
0.384900 
0.388100 
0.388600 
0.390200 
0.391000 
0.394300 
0.395600 
0.396000 
0.403200 
0.403800 
0.404700 
0.406000 
0.408800 
0.409100 
0.411800 
0.414600 
0.416900 
0.418600 
0.420500 
0.421100 
0.423000 
0.423700 
0.424000 
0.424300 
0.424400 
0.424600 
0.425400 
0.425800 
0.426600 
0.427600 
0.432600 
0.435300 
0.436600 
0.437500 
0.441400 
0.442200 
0.442700 
0.442700 
0.446100 
0.447500 
0.448300 
0.448300 
0.452200 
0.452700 
0.452900 
0.453200 
0.453500 
0.453500 
0.453800 
0.454500 
0.455100 
0.456500 
0.458000 
0.458300 
0.459500 
0.460200 
0.461400 
0.461700 
0.464200 
0.465600 
0.467300 
0.467700 
0.469100 
0.472500 
0.475300 
0.479400 
0.486800 
0.488400 
0.488900 
0.489200 
0.489700 
0.492100 
0.493000 
0.494400 
0.494700 
0.496000 
0.497700 
0.497900 
0.498100 
0.499000 
0.499800 
0.500200 
0.500200 
0.506300 
0.506600 
0.506900 
0.507400 
0.508600 
0.508900 
0.511500 
0.514900 
0.518700 
0.520600 
0.522200 
0.522800 
0.523500 
0.528500 
0.529700 
0.531500 
0.535200 
0.536500 
0.537400 
0.539700 
0.541500 
0.542100 
0.543100 
0.543600 
0.545000 
0.547200 
0.548700 
0.550200 
0.552100 
0.555500 
0.556100 
0.556300 
0.556800 
0.557000 
0.557000 
0.558300 
0.561700 
0.563100 
0.564600 
0.566300 
0.567900 
0.568000 
0.573100 
0.573500 
0.574200 
0.577800 
0.578100 
0.580600 
0.580900 
0.582400 
0.586000 
0.587200 
0.588700 
0.588900 
0.589000 
0.590700 
0.593000 
0.594500 
0.597000 
0.599000 
0.600300 
0.601300 
0.605100 
0.608000 
0.610900 
0.613700 
0.614200 
0.617800 
0.620100 
0.620700 
0.621300 
0.623600 
0.623600 
0.623700 
0.624400 
0.628100 
0.628400 
0.630300 
0.631800 
0.632100 
0.637500 
0.637800 
0.637800 
0.639100 
0.639200 
0.639400 
0.641800 
0.645000 
0.645300 
0.646300 
0.648700 
0.649400 
0.651800 
0.659700 
0.659800 
0.660900 
0.661700 
0.662400 
0.665000 
0.667600 
0.667800 
0.668000 
0.669900 
0.675300 
0.676700 
0.676900 
0.678200 
0.679900 
0.680100 
0.680100 
0.681900 
0.683000 
0.683500 
0.684900 
0.685900 
0.688300 
0.691300 
0.692500 
0.695500 
0.696200 
0.696400 
0.696400 
0.697600 
0.698400 
0.701300 
0.702900 
0.704500 
0.704900 
0.705600 
0.706100 
0.706700 
0.707200 
0.708500 
0.708600 
0.711700 
0.715200 
0.715500 
0.718400 
0.718500 
0.718900 
0.720600 
0.720900 
0.721600 
0.721700 
0.724600 
0.724800 
0.726700 
0.728800 
0.729400 
0.731400 
0.732800 
0.735300 
0.735600 
0.737600 
0.739100 
0.739700 
0.740300 
0.741600 
0.742200 
0.746500 
0.748500 
0.750500 
0.751000 
0.751600 
0.753100 
0.754000 
0.755600 
0.756400 
0.756800 
0.756800 
0.759300 
0.761800 
0.762600 
0.762900 
0.763000 
0.764100 
0.765200 
0.767700 
0.768700 
0.768800 
0.769200 
0.769900 
0.771500 
0.774600 
0.775200 
0.777400 
0.783300 
0.783500 
0.785100 
0.787200 
0.789000 
0.791000 
0.791200 
0.791400 
0.793200 
0.797400 
0.800000 
0.800200 
0.800300 
0.802200 
0.803400 
0.803500 
0.803600 
0.803800 
0.805800 
0.807500 
0.810900 
0.811900 
0.813700 
0.813800 
0.814300 
0.817600 
0.818000 
0.819000 
0.821200 
0.821800 
0.823000 
0.828500 
0.829300 
0.830100 
0.831400 
0.831800 
0.832900 
0.833600 
0.834000 
0.834200 
0.834700 
0.836000 
0.836000 
0.836400 
0.836500 
0.838300 
0.841000 
0.843300 
0.846900 
0.847500 
0.850600 
0.852100 
0.853600 
0.854100 
0.857300 
0.857600 
0.857600 
0.859800 
0.866100 
0.867100 
0.867800 
0.869500 
0.869900 
0.870200 
0.870800 
0.878500 
0.879500 
0.880200 
0.880400 
0.881500 
0.884300 
0.885200 
0.885700 
0.885800 
0.886600 
0.886600 
0.887700 
0.890100 
0.890700 
0.893900 
0.895200 
0.899700 
0.902000 
0.903300 
0.903600 
0.905400 
0.906800 
0.907000 
0.909800 
0.914100 
0.917000 
0.917700 
0.917700 
0.918500 
0.920900 
0.921200 
0.921500 
0.921800 
0.924200 
0.924500 
0.930600 
0.931700 
0.934400 
0.935000 
0.936100 
0.937900 
0.943500 
0.944400 
0.944400 
0.945200 
0.945500 
0.946800 
0.951200 
0.956000 
0.957200 
0.960500 
0.960600 
0.964400 
0.965400 
0.971500 
0.972500 
0.973000 
0.973800 
0.974600 
0.974900 
0.974900 
0.975300 
0.975300 
0.976100 
0.978100 
0.978300 
0.978700 
0.979000 
0.980100 
0.980400 
0.982400 
0.986400 
0.987500 
0.987500 
0.987900 
0.993800 
0.993900 
0.995900 
0.996600 
0.997200 
0.998900 
0.999200 
0.999400 
0.999600 
1.001400 
1.002800 
1.003500 
1.005100 
1.006000 
1.006200 
1.009200 
1.009400 
1.013800 
1.015800 
1.015900 
1.016000 
1.016400 
1.019600 
1.020300 
1.023600 
1.024200 
1.025400 
1.026900 
1.029300 
1.029700 
1.029800 
1.030900 
1.032500 
1.035000 
1.036600 
1.040800 
1.040900 
1.041800 
1.042800 
1.043000 
1.045500 
1.048000 
1.049500 
1.049500 
1.051800 
1.053000 
1.053700 
1.054700 
1.055000 
1.056400 
1.056500 
1.057000 
1.058200 
1.059500 
1.060100 
1.063500 
1.067300 
1.067700 
1.067900 
1.068300 
1.069900 
1.071800 
1.072500 
1.073100 
1.073100 
1.073300 
1.075500 
1.077800 
1.080300 
1.080500 
1.090400 
1.091300 
1.092400 
1.092700 
1.093000 
1.094300 
1.094300 
1.096400 
1.097700 
1.099500 
1.100200 
1.101000 
1.101200 
1.102900 
1.103300 
1.107300 
1.107900 
1.108600 
1.108800 
1.109900 
1.110400 
1.112300 
1.116000 
1.116600 
1.116900 
1.117800 
1.119500 
1.119700 
1.120500 
1.121600 
1.123900 
1.127300 
1.131200 
1.131600 
1.135800 
1.140100 
1.141100 
1.141200 
1.142300 
1.142400 
1.142500 
1.144100 
1.146300 
1.148900 
1.149600 
1.154100 
1.155200 
1.155300 
1.157800 
1.158200 
1.158500 
1.159100 
1.159500 
1.160400 
1.160400 
1.162200 
1.165000 
1.167000 
1.170100 
1.170900 
1.171000 
1.177400 
1.181400 
1.181700 
1.182300 
1.184000 
1.185700 
1.185800 
1.186300 
1.188900 
1.189500 
1.190200 
1.190400 
1.191700 
1.192200 
1.192500 
1.193900 
1.196400 
1.197900 
1.198900 
1.199500 
1.200600 
1.202700 
1.203900 
1.204100 
1.208600 
1.208900 
1.210200 
1.210200 
1.213900 
1.214400 
1.214800 
1.216300 
1.216400 
1.216900 
1.218300 
1.218900 
1.219000 
1.220800 
1.221200 
1.221400 
1.221700 
1.222200 
1.222500 
1.226100 
1.226500 
1.227300 
1.228100 
1.230000 
1.230200 
1.235100 
1.241500 
1.243400 
1.243600 
1.246800 
1.248600 
1.250200 
1.250400 
1.253500 
1.254000 
1.255300 
1.255400 
1.256200 
1.260900 
1.262400 
1.263600 
1.265900 
1.268600 
1.268700 
1.269100 
1.269200 
1.272500 
1.276800 
1.276900 
1.277100 
1.280400 
1.280700 
1.282800 
1.285900 
1.290500 
1.291500 
1.291600 
1.294100 
1.294500 
1.297700 
1.302400 
1.303500 
1.304200 
1.305300 
1.305600 
1.305800 
1.306000 
1.310500 
1.314100 
1.314200 
1.314900 
1.315900 
1.316700 
1.320100 
1.323300 
1.323800 
1.324800 
1.324900 
1.325300 
1.326400 
1.326400 
1.327000 
1.327700 
1.329200 
1.329900 
1.329900 
1.330700 
1.336100 
1.337600 
1.338600 
1.342700 
1.344100 
1.347700 
1.348400 
1.353500 
1.353600 
1.355200 
1.356100 
1.356400 
1.357400 
1.360300 
1.360600 
1.362500 
1.362800 
1.363500 
1.365400 
1.366300 
1.372900 
1.374500 
1.375500 
1.376300 
1.386500 
1.386500 
1.387000 
1.387600 
1.387600 
1.392000 
1.392500 
1.393800 
1.394700 
1.395800 
1.396000 
1.398600 
1.400100 
1.401000 
1.402100 
1.402500 
1.402500 
1.403100 
1.404000 
1.405400 
1.405600 
1.408300 
1.411600 
1.412500 
1.415300 
1.417300 
1.423000 
1.423600 
1.424000 
1.426400 
1.428300 
1.428300 
1.428700 
1.433600 
1.434200 
1.436400 
1.436800 
1.439000 
1.439100 
1.442500 
1.444100 
1.444400 
1.445000 
1.445900 
1.447300 
1.447800 
1.448700 
1.449000 
1.449900 
1.452000 
1.452600 
1.453600 
1.455500 
1.456000 
1.456000 
1.456000 
1.464700 
1.465500 
1.467200 
1.467500 
1.471100 
1.471800 
1.472300 
1.476000 
1.477400 
1.478700 
1.479900 
1.480100 
1.483400 
1.484100 
1.486200 
1.487100 
1.488000 
1.490900 
1.491100 
1.492700 
1.493300 
1.494100 
1.495200 
1.498000 
1.498300 
1.499200 
1.501800 
1.505600 
1.507500 
1.507800 
1.509400 
1.510100 
1.510800 
1.511800 
1.513100 
1.514000 
1.517300 
1.519700 
1.521800 
1.522200 
1.523400 
1.524500 
1.528600 
1.528900 
1.531500 
1.531800 
1.533500 
1.534400 
1.537100 
1.538400 
1.538500 
1.540100 
1.547000 
1.548200 
1.549200 
1.553700 
1.553900 
1.555400 
1.555800 
1.558700 
1.559400 
1.560600 
1.562200 
1.565700 
1.565700 
1.568100 
1.570600 
1.571400 
1.571500 
1.572000 
1.572200 
1.576400 
1.576600 
1.577500 
1.578700 
1.579500 
1.582200 
1.583100 
1.583700 
1.584300 
1.584400 
1.586300 
1.586500 
1.587800 
1.588900 
1.588900 
1.589000 
1.591300 
1.592500 
1.597000 
1.598700 
1.599700 
1.599800 
1.600200 
1.601600 
1.603300 
1.605100 
1.607600 
1.609900 
1.610800 
1.611900 
1.615600 
1.615600 
1.616200 
1.617600 
1.620800 
1.623000 
1.623300 
1.627600 
1.630500 
1.632000 
1.632500 
1.636000 
1.636600 
1.637400 
1.637400 
1.637500 
1.639500 
1.640500 
1.641400 
1.642600 
1.642700 
1.645300 
1.648600 
1.650100 
1.650300 
1.652000 
1.655800 
1.657700 
1.658600 
1.659300 
1.659600 
1.660400 
1.663300 
1.665300 
1.666100 
1.667500 
1.668800 
1.674100 
1.676800 
1.680700 
1.688000 
1.688700 
1.688900 
1.690900 
1.696200 
1.696300 
1.697500 
1.699600 
1.699700 
1.700900 
1.701100 
1.701500 
1.705000 
1.705000 
1.705100 
1.707300 
1.707500 
1.707500 
1.713900 
1.715300 
1.716800 
1.720200 
1.721000 
1.722300 
1.723900 
1.724300 
1.726100 
1.727700 
1.728700 
1.730900 
1.731800 
1.732200 
1.732700 
1.732800 
1.733600 
1.736100 
1.736600 
1.736900 
1.736900 
1.737600 
1.739100 
1.741600 
1.741800 
1.745700 
1.748400 
1.749500 
1.749900 
1.750000 
1.750900 
1.752700 
1.753000 
1.755200 
1.756000 
1.757400 
1.758400 
1.758500 
1.758500 
1.759000 
1.764500 
1.766300 
1.766700 
1.769500 
1.770400 
1.775100 
1.775500 
1.778200 
1.778400 
1.779800 
1.781300 
1.783000 
1.783900 
1.784200 
1.785100 
1.786700 
1.786800 
1.786900 
1.788200 
1.788300 
1.792200 
1.792900 
1.795700 
1.798400 
1.800200 
1.804200 
1.805700 
1.806300 
1.809400 
1.810600 
1.812700 
1.813200 
1.818000 
1.818100 
1.819700 
1.820400 
1.820800 
1.821300 
1.822300 
1.823500 
1.824500 
1.828800 
1.829400 
1.830100 
1.831600 
1.831800 
1.832700 
1.834100 
1.835400 
1.835900 
1.838500 
1.840900 
1.844700 
1.846800 
1.846900 
1.848000 
1.851000 
1.853400 
1.854200 
1.854800 
1.856400 
1.856900 
1.859900 
1.863800 
1.868000 
1.868600 
1.870400 
1.872400 
1.873600 
1.876100 
1.878200 
1.882300 
1.884600 
1.884700 
1.886200 
1.891200 
1.892500 
1.892600 
1.896700 
1.898000 
1.900400 
1.901500 
1.901900 
1.904700 
1.905600 
1.905700 
1.905800 
1.906200 
1.908700 
1.911400 
1.912600 
1.914600 
1.915300 
1.915900 
1.916900 
1.920200 
1.921100 
1.921400 
1.924000 
1.929200 
1.930100 
1.931800 
1.933400 
1.935000 
1.936400 
1.937100 
1.937200 
1.938400 
1.940900 
1.940900 
1.943400 
1.947700 
1.949900 
1.950700 
1.953500 
1.953900 
1.954800 
1.954900 
1.955800 
1.956400 
1.957000 
1.958500 
1.961900 
1.965900 
1.966600 
1.967500 
1.968200 
1.972000 
1.973400 
1.979000 
1.979000 
1.980000 
1.983100 
1.985400 
1.989900 
1.995900 
1.999800 
2.000800 
2.004800 
2.005400 
2.005600 
2.008400 
2.009100 
2.011800 
2.016700 
2.016800 
2.018100 
2.018300 
2.019600 
2.019700 
2.021100 
2.022700 
2.025100 
2.026100 
2.030200 
2.031800 
2.033500 
2.033600 
2.034400 
2.034600 
2.035200 
2.036100 
2.037000 
2.037400 
2.039700 
2.041400 
2.041800 
2.042400 
2.044300 
2.047200 
2.047600 
2.048800 
2.054400 
2.054500 
2.055000 
2.055200 
2.055700 
2.055800 
2.056300 
2.056400 
2.063100 
2.063800 
2.066800 
2.068600 
2.069900 
2.070100 
2.071300 
2.072500 
2.073100 
2.074500 
2.078000 
2.078200 
2.078900 
2.082400 
2.082600 
2.085100 
2.085200 
2.085700 
2.085700 
2.085800 
2.086400 
2.086800 
2.089000 
2.090200 
2.090400 
2.094000 
2.094900 
2.095100 
2.095700 
2.098000 
2.099300 
2.100700 
2.101500 
2.105300 
2.108100 
2.109300 
2.111500 
2.114000 
2.115200 
2.116100 
2.116300 
2.116400 
2.116700 
2.118200 
2.119300 
2.121800 
2.121800 
2.122100 
2.122900 
2.125300 
2.125900 
2.126800 
2.128100 
2.129300 
2.129300 
2.130700 
2.132000 
2.132900 
2.135000 
2.135300 
2.136100 
2.139000 
2.139000 
2.139100 
2.139300 
2.140300 
2.143000 
2.144900 
2.146100 
2.146700 
2.148500 
2.148500 
2.149800 
2.150800 
2.151400 
2.151700 
2.151700 
2.154100 
2.154600 
2.157300 
2.159700 
2.159700 
2.160600 
2.161300 
2.161700 
2.161800 
2.165800 
2.167100 
2.167200 
2.168500 
2.171000 
2.172400 
2.173300 
2.174800 
2.176400 
2.176400 
2.176800 
2.181400 
2.184200 
2.187700 
2.189000 
2.191500 
2.192800 
2.194000 
2.195100 
2.199700 
2.203300 
2.203900 
2.205700 
2.209700 
2.209800 
2.210500 
2.210800 
2.213400 
2.214700 
2.215900 
2.216500 
2.217300 
2.218500 
2.218600 
2.220100 
2.220700 
2.222900 
2.224500 
2.226800 
2.228000 
2.229700 
2.234300 
2.235000 
2.237500 
2.237700 
2.238800 
2.240600 
2.242900 
2.243800 
2.244200 
2.244600 
2.245400 
2.247400 
2.247700 
2.248200 
2.250900 
2.252900 
2.253400 
2.253900 
2.254400 
2.256600 
2.258300 
2.259400 
2.260100 
2.264700 
2.265200 
2.266900 
2.267000 
2.267800 
2.268300 
2.269400 
2.270700 
2.271800 
2.277900 
2.282700 
2.282900 
2.283500 
2.284700 
2.289700 
2.295500 
2.295800 
2.296000 
2.297200 
2.302900 
2.304000 
2.304300 
2.304900 
2.307600 
2.308000 
2.308800 
2.309900 
2.310000 
2.310300 
2.313300 
2.314500 
2.316100 
2.317100 
2.317700 
2.318400 
2.318600 
2.320500 
2.321200 
2.322100 
2.323000 
2.326700 
2.327100 
2.328800 
2.331000 
2.331900 
2.334500 
2.334800 
2.335600 
2.336700 
2.338600 
2.340100 
2.342600 
2.344900 
2.347900 
2.352100 
2.355300 
2.356400 
2.356900 
2.357000 
2.357800 
2.359100 
2.360000 
2.360200 
2.360700 
2.362600 
2.362700 
2.364600 
2.366600 
2.371300 
2.371500 
2.372900 
2.373700 
2.374500 
2.375900 
2.378200 
2.378200 
2.381500 
2.382300 
2.384600 
2.385900 
2.386100 
2.386400 
2.386900 
2.387200 
2.387200 
2.389600 
2.390600 
2.392000 
2.396700 
2.400800 
2.401900 
2.402100 
2.402600 
2.402700 
2.403400 
2.404000 
2.404700 
2.412700 
2.414400 
2.414700 
2.421900 
2.422200 
2.423300 
2.423800 
2.427000 
2.428100 
2.429100 
2.429200 
2.430300 
2.432500 
2.433000 
2.436800 
2.436900 
2.437200 
2.438200 
2.440600 
2.446400 
2.448100 
2.451100 
2.451200 
2.454500 
2.455100 
2.457100 
2.458300 
2.459700 
2.461000 
2.461000 
2.461500 
2.464000 
2.465700 
2.466200 
2.467200 
2.468600 
2.468600 
2.469200 
2.469400 
2.471900 
2.472500 
2.472800 
2.472900 
2.473500 
2.474700 
2.476600 
2.482600 
2.484400 
2.485400 
2.488500 
2.489500 
2.492300 
2.493100 
2.493200 
2.494000 
2.494200 
2.494700 
2.496500 
2.500600 
2.500900 
2.501000 
2.506100 
2.508300 
2.509600 
2.516600 
2.518600 
2.518600 
2.521800 
2.523200 
2.523500 
2.524800 
2.526000 
2.526000 
2.527500 
2.530700 
2.531500 
2.533500 
2.536300 
2.537000 
2.537400 
2.540900 
2.541600 
2.543900 
2.544100 
2.544900 
2.546400 
2.546400 
2.547900 
2.548000 
2.548600 
2.558200 
2.563000 
2.563300 
2.566400 
2.569300 
2.571400 
2.571500 
2.577000 
2.577400 
2.580600 
2.582800 
2.584900 
2.588000 
2.589700 
2.594800 
2.595900 
2.596800 
2.597600 
2.600800 
2.603400 
2.603500 
2.603900 
2.608300 
2.609300 
2.614000 
2.614000 
2.615500 
2.617600 
2.618900 
2.625600 
2.626200 
2.626800 
2.627000 
2.628400 
2.630600 
2.636200 
2.636300 
2.636400 
2.637400 
2.640000 
2.641500 
2.642300 
2.643800 
2.646400 
2.647800 
2.649300 
2.649800 
2.649800 
2.651700 
2.654400 
2.656400 
2.659100 
2.660300 
2.661300 
2.662100 
2.663400 
2.666400 
2.666600 
2.668500 
2.668700 
2.671300 
2.672900 
2.674200 
2.675300 
2.676100 
2.677600 
2.678400 
2.682000 
2.683400 
2.683600 
2.683700 
2.685000 
2.686900 
2.687600 
2.688500 
2.692700 
2.693600 
2.694600 
2.694800 
2.695000 
2.697400 
2.698500 
2.699400 
2.704500 
2.708900 
2.712500 
2.712800 
2.716100 
2.716500 
2.716700 
2.717300 
2.718200 
2.718700 
2.720300 
2.720800 
2.722000 
2.723300 
2.730100 
2.732400 
2.732800 
2.733200 
2.735300 
2.735700 
2.735800 
2.737300 
2.738000 
2.740200 
2.740800 
2.741100 
2.741700 
2.749400 
2.749900 
2.753600 
2.755000 
2.756400 
2.758700 
2.759800 
2.761800 
2.762100 
2.764600 
2.765100 
2.766600 
2.768600 
2.768800 
2.769100 
2.770700 
2.771100 
2.776800 
2.777400 
2.778100 
2.778800 
2.778900 
2.779200 
2.780100 
2.784100 
2.784500 
2.787100 
2.788500 
2.789500 
2.791000 
2.791100 
2.792100 
2.792800 
2.794700 
2.795400 
2.800000 
2.800000 
2.800200 
2.800700 
2.801000 
2.801400 
2.801800 
2.804400 
2.804900 
2.811600 
2.816900 
2.817100 
2.818500 
2.818700 
2.818900 
2.820200 
2.823100 
2.824700 
2.825300 
2.826600 
2.827000 
2.827600 
2.832300 
2.832500 
2.833800 
2.837700 
2.838400 
2.840100 
2.840300 
2.844900 
2.846000 
2.846200 
2.847200 
2.847800 
2.848600 
2.849700 
2.854200 
2.855000 
2.855100 
2.857000 
2.858100 
2.858400 
2.860800 
2.861500 
2.864200 
2.865200 
2.866300 
2.866400 
2.869700 
2.871900 
2.874700 
2.875200 
2.879200 
2.881600 
2.881900 
2.883500 
2.884400 
2.885100 
2.889600 
2.892800 
2.892900 
2.897400 
2.900000 
2.900600 
2.904900 
2.905500 
2.908300 
2.909200 
2.911400 
2.912800 
2.914000 
2.914600 
2.914800 
2.915500 
2.915700 
2.920400 
2.926400 
2.926800 
2.927000 
2.927100 
2.927200 
2.927400 
2.930100 
2.930200 
2.931200 
2.931500 
2.932800 
2.933400 
2.934600 
2.935000 
2.938500 
2.939200 
2.939600 
2.940700 
2.944400 
2.945700 
2.949000 
2.949500 
2.949600 
2.950700 
2.950900 
2.953500 
2.954000 
2.958900 
2.959200 
2.959400 
2.960600 
2.966400 
2.967600 
2.968500 
2.970500 
2.972700 
2.973200 
2.974300 
2.975700 
2.977800 
2.978000 
2.979500 
2.979500 
2.981400 
2.985400 
2.987900 
2.989500 
2.989600 
2.989800 
2.990000 
2.995100 
2.996000 
