0.013200 
0.022000 
0.025000 
0.027900 
0.028600 
0.030200 
0.031200 
0.031900 
0.032100 
0.032800 
0.033200 
0.033500 
0.033600 
0.034600 
0.035000 
0.035400 
0.036300 
0.036300 
0.036600 
0.037100 
0.037600 
0.039100 
0.040000 
0.040300 
0.044600 
0.045500 
0.046300 
0.046400 
0.047300 
0.048600 
0.049400 
0.049900 
0.049900 
0.050200 
0.052200 
0.052400 
0.053000 
0.053700 
0.054700 
0.055400 
0.055500 
0.055700 
0.055800 
0.055800 
0.056600 
0.056600 
0.057000 
0.057400 
0.057600 
0.059000 
0.059000 
0.060600 
0.060600 
0.060700 
0.061000 
0.062000 
0.064500 
0.066000 
0.066400 
0.066700 
0.066700 
0.067400 
0.068000 
0.068200 
0.069600 
0.069700 
0.069800 
0.070100 
0.070800 
0.070800 
0.070900 
0.071300 
0.071900 
0.072000 
0.073200 
0.073700 
0.074300 
0.074700 
0.074800 
0.074900 
0.075300 
0.075400 
0.076500 
0.076500 
0.076800 
0.077300 
0.080500 
0.080800 
0.082300 
0.082500 
0.082500 
0.083300 
0.083300 
0.083800 
0.084500 
0.084600 
0.085500 
0.085600 
0.086300 
0.086500 
0.086700 
0.086800 
0.087000 
0.087200 
0.087200 
0.087200 
0.087400 
0.088700 
0.089000 
0.090200 
0.090700 
0.091100 
0.091400 
0.091800 
0.092800 
0.094100 
0.094800 
0.095600 
0.096100 
0.096100 
0.096800 
0.096900 
0.096900 
0.097100 
0.097800 
0.097900 
0.098200 
0.098500 
0.098800 
0.099000 
0.100000 
0.100200 
0.100200 
0.101200 
0.101600 
0.102100 
0.102400 
0.102400 
0.102500 
0.102700 
0.103700 
0.103900 
0.104200 
0.105100 
0.105300 
0.105700 
0.106200 
0.106200 
0.106500 
0.106600 
0.107100 
0.108000 
0.109300 
0.109800 
0.109900 
0.110000 
0.110100 
0.110600 
0.111400 
0.111500 
0.112100 
0.112200 
0.112300 
0.112500 
0.112700 
0.113300 
0.113900 
0.114600 
0.115600 
0.115700 
0.116300 
0.116700 
0.117100 
0.117200 
0.118600 
0.118700 
0.118700 
0.119000 
0.119600 
0.120000 
0.120500 
0.120900 
0.121700 
0.122100 
0.122500 
0.122600 
0.122700 
0.122900 
0.122900 
0.123300 
0.123300 
0.123400 
0.123500 
0.123700 
0.123800 
0.124900 
0.125500 
0.125600 
0.126800 
0.127400 
0.127500 
0.127800 
0.127900 
0.129300 
0.129800 
0.130300 
0.130300 
0.131000 
0.132000 
0.132500 
0.133400 
0.133600 
0.133900 
0.134000 
0.134800 
0.134800 
0.135400 
0.135700 
0.136900 
0.137300 
0.138000 
0.138100 
0.138400 
0.138700 
0.138700 
0.138900 
0.139500 
0.139700 
0.141300 
0.141400 
0.141900 
0.142000 
0.142100 
0.143200 
0.143400 
0.144100 
0.144200 
0.144900 
0.144900 
0.144900 
0.145200 
0.145700 
0.146000 
0.146000 
0.146200 
0.146500 
0.147500 
0.148100 
0.148100 
0.148200 
0.148900 
0.149000 
0.149200 
0.149300 
0.150100 
0.150300 
0.150400 
0.150900 
0.151800 
0.152400 
0.152700 
0.152800 
0.153100 
0.153300 
0.153400 
0.153700 
0.153700 
0.154300 
0.154600 
0.154700 
0.155500 
0.155600 
0.155700 
0.155700 
0.156000 
0.156200 
0.156900 
0.157300 
0.157500 
0.158100 
0.159200 
0.159300 
0.159600 
0.159800 
0.160100 
0.160200 
0.160400 
0.160400 
0.161200 
0.162000 
0.162400 
0.162600 
0.162700 
0.163800 
0.163800 
0.164400 
0.164800 
0.165000 
0.165400 
0.165900 
0.165900 
0.166200 
0.166600 
0.168500 
0.168900 
0.169500 
0.169800 
0.170800 
0.171500 
0.172100 
0.172100 
0.172900 
0.173200 
0.173800 
0.174100 
0.174200 
0.174400 
0.174400 
0.174800 
0.175000 
0.175200 
0.175900 
0.175900 
0.176000 
0.176300 
0.176700 
0.177100 
0.177900 
0.178200 
0.178300 
0.178600 
0.179000 
0.179300 
0.179300 
0.179800 
0.180300 
0.180300 
0.180500 
0.180700 
0.181000 
0.181200 
0.181300 
0.181400 
0.181700 
0.182000 
0.182100 
0.182200 
0.183200 
0.183800 
0.186000 
0.186400 
0.186500 
0.188300 
0.188600 
0.188700 
0.189200 
0.189300 
0.189500 
0.190100 
0.190500 
0.190500 
0.193600 
0.193600 
0.193900 
0.194200 
0.194700 
0.194800 
0.195000 
0.195200 
0.195300 
0.195400 
0.195800 
0.196000 
0.196200 
0.196400 
0.197600 
0.197900 
0.198600 
0.199000 
0.199900 
0.200300 
0.200300 
0.200900 
0.201000 
0.201500 
0.201900 
0.202100 
0.203200 
0.203300 
0.203400 
0.203400 
0.204600 
0.205000 
0.205100 
0.205700 
0.205800 
0.205800 
0.206600 
0.207700 
0.208400 
0.208900 
0.209500 
0.209900 
0.210200 
0.210500 
0.210500 
0.211200 
0.211600 
0.211800 
0.211900 
0.212000 
0.212200 
0.212200 
0.212500 
0.212600 
0.212800 
0.213100 
0.213600 
0.213800 
0.214000 
0.214200 
0.214900 
0.215200 
0.216000 
0.216100 
0.218000 
0.218900 
0.219100 
0.219600 
0.220200 
0.220600 
0.220700 
0.220800 
0.220800 
0.221000 
0.221300 
0.221400 
0.221600 
0.221800 
0.223000 
0.223100 
0.223900 
0.223900 
0.224600 
0.224800 
0.225300 
0.225500 
0.226400 
0.226400 
0.226400 
0.226500 
0.227100 
0.227800 
0.228800 
0.229100 
0.229800 
0.230100 
0.230200 
0.231500 
0.231500 
0.231800 
0.231900 
0.232200 
0.232200 
0.232400 
0.232500 
0.232900 
0.233100 
0.233100 
0.234100 
0.234100 
0.234800 
0.235100 
0.235100 
0.235400 
0.236600 
0.236800 
0.237800 
0.238000 
0.238300 
0.239100 
0.239400 
0.239800 
0.239800 
0.240300 
0.240900 
0.241800 
0.241800 
0.242600 
0.242700 
0.243100 
0.243100 
0.243300 
0.243400 
0.243400 
0.243700 
0.243800 
0.243900 
0.244500 
0.244900 
0.245800 
0.246300 
0.246400 
0.246400 
0.246800 
0.246900 
0.247000 
0.247100 
0.247500 
0.247500 
0.248100 
0.248400 
0.248800 
0.249000 
0.250900 
0.251000 
0.251500 
0.252800 
0.253100 
0.253700 
0.253800 
0.254300 
0.255200 
0.255200 
0.255800 
0.256300 
0.256600 
0.256700 
0.256900 
0.256900 
0.258000 
0.258100 
0.258300 
0.258300 
0.258400 
0.258700 
0.259200 
0.259300 
0.260500 
0.260700 
0.260800 
0.261900 
0.261900 
0.262400 
0.262500 
0.263200 
0.263400 
0.263600 
0.264000 
0.264100 
0.264600 
0.265400 
0.266400 
0.266900 
0.266900 
0.267300 
0.267400 
0.268600 
0.269000 
0.269500 
0.270000 
0.270100 
0.270100 
0.270400 
0.270700 
0.271100 
0.271200 
0.272200 
0.272200 
0.272200 
0.272300 
0.272400 
0.272500 
0.272600 
0.272600 
0.273000 
0.273100 
0.273700 
0.273900 
0.274000 
0.274100 
0.274100 
0.274100 
0.274200 
0.274700 
0.275100 
0.275300 
0.275400 
0.275400 
0.275400 
0.275500 
0.276100 
0.276100 
0.276500 
0.277100 
0.277400 
0.277800 
0.278300 
0.279800 
0.279800 
0.280400 
0.280600 
0.280700 
0.281300 
0.281700 
0.281800 
0.282300 
0.282700 
0.284100 
0.284200 
0.286700 
0.286900 
0.287800 
0.287900 
0.288600 
0.288700 
0.288800 
0.289300 
0.289600 
0.289600 
0.289700 
0.290100 
0.290100 
0.291600 
0.291700 
0.291800 
0.292000 
0.292800 
0.292900 
0.293100 
0.293100 
0.293200 
0.293400 
0.293700 
0.294400 
0.294500 
0.295100 
0.295700 
0.296300 
0.296400 
0.296700 
0.297100 
0.297500 
0.297600 
0.297900 
0.298400 
0.298800 
0.299100 
0.299400 
0.299500 
0.300000 
0.300100 
0.300300 
0.300400 
0.300700 
0.301000 
0.301500 
0.302100 
0.303000 
0.303400 
0.304000 
0.304100 
0.304300 
0.304600 
0.304900 
0.305300 
0.307100 
0.307200 
0.307400 
0.307700 
0.307900 
0.308000 
0.308600 
0.308700 
0.309000 
0.309400 
0.309400 
0.309800 
0.309800 
0.310100 
0.310600 
0.310700 
0.311600 
0.311600 
0.312300 
0.312700 
0.314400 
0.315500 
0.315500 
0.315800 
0.316100 
0.316100 
0.316700 
0.316800 
0.317800 
0.318300 
0.319600 
0.319800 
0.319900 
0.320000 
0.321700 
0.321800 
0.322000 
0.322500 
0.322700 
0.323000 
0.323300 
0.323500 
0.323800 
0.323900 
0.324300 
0.324300 
0.325300 
0.325800 
0.326200 
0.326300 
0.326300 
0.326400 
0.326700 
0.327200 
0.327400 
0.328100 
0.328200 
0.328900 
0.328900 
0.329100 
0.329200 
0.329300 
0.329400 
0.330300 
0.330500 
0.330900 
0.330900 
0.331200 
0.331800 
0.332000 
0.332100 
0.332200 
0.332600 
0.332600 
0.332700 
0.333500 
0.333900 
0.334000 
0.334100 
0.334500 
0.334800 
0.334900 
0.335300 
0.335800 
0.335900 
0.336300 
0.336600 
0.337100 
0.337600 
0.337800 
0.338400 
0.338700 
0.339500 
0.340200 
0.340300 
0.340300 
0.340300 
0.340600 
0.341400 
0.341700 
0.342400 
0.342800 
0.342900 
0.343100 
0.343400 
0.343400 
0.343500 
0.344000 
0.344100 
0.344500 
0.344800 
0.345400 
0.345600 
0.345900 
0.346000 
0.346500 
0.346600 
0.346700 
0.347000 
0.347500 
0.349100 
0.349400 
0.349500 
0.349900 
0.350100 
0.350300 
0.350500 
0.350500 
0.350500 
0.351600 
0.351600 
0.351700 
0.352200 
0.353100 
0.353500 
0.353500 
0.354700 
0.354900 
0.355400 
0.355700 
0.355700 
0.355800 
0.355900 
0.356100 
0.356400 
0.356500 
0.357400 
0.357800 
0.358300 
0.358500 
0.358600 
0.359300 
0.359800 
0.359900 
0.360000 
0.360100 
0.360400 
0.360600 
0.361300 
0.361300 
0.361700 
0.362000 
0.362200 
0.362600 
0.362900 
0.362900 
0.363000 
0.363400 
0.363900 
0.364000 
0.364900 
0.365000 
0.365200 
0.365400 
0.365500 
0.365900 
0.366900 
0.367200 
0.368500 
0.369100 
0.369200 
0.369400 
0.369900 
0.370000 
0.370000 
0.370500 
0.371600 
0.372300 
0.372600 
0.373400 
0.373600 
0.373800 
0.375200 
0.375400 
0.375600 
0.375600 
0.376000 
0.376000 
0.376200 
0.376400 
0.376800 
0.376800 
0.377200 
0.377700 
0.377700 
0.377700 
0.378200 
0.378300 
0.378400 
0.379200 
0.379700 
0.379900 
0.380800 
0.381600 
0.382500 
0.383600 
0.383600 
0.384100 
0.384400 
0.384700 
0.385400 
0.386000 
0.386000 
0.386200 
0.386500 
0.386600 
0.387000 
0.387200 
0.387600 
0.387800 
0.388100 
0.388300 
0.388400 
0.388600 
0.388900 
0.389100 
0.389200 
0.389300 
0.389400 
0.389500 
0.389600 
0.390800 
0.391000 
0.391100 
0.391100 
0.391200 
0.391400 
0.391500 
0.391900 
0.392300 
0.393400 
0.393800 
0.393900 
0.393900 
0.394200 
0.394200 
0.394500 
0.395200 
0.395700 
0.396200 
0.397300 
0.398300 
0.398400 
0.399000 
0.399100 
0.399200 
0.399200 
0.399300 
0.399600 
0.400100 
0.400700 
0.400800 
0.401200 
0.401500 
0.401900 
0.402000 
0.402200 
0.402800 
0.402900 
0.403400 
0.403900 
0.404200 
0.404300 
0.405900 
0.406300 
0.406500 
0.407100 
0.407200 
0.408900 
0.409000 
0.409100 
0.409300 
0.409900 
0.410300 
0.410300 
0.410700 
0.411400 
0.411800 
0.412400 
0.412500 
0.412800 
0.413200 
0.413600 
0.413700 
0.413800 
0.414200 
0.414400 
0.414500 
0.415000 
0.417000 
0.417100 
0.417200 
0.417400 
0.417500 
0.417600 
0.417700 
0.417900 
0.418100 
0.418300 
0.418300 
0.418300 
0.419300 
0.419400 
0.419500 
0.420500 
0.422800 
0.422800 
0.422900 
0.423400 
0.423500 
0.424100 
0.424800 
0.425000 
0.425300 
0.425500 
0.426100 
0.426300 
0.426400 
0.427200 
0.428400 
0.429200 
0.429300 
0.429600 
0.429700 
0.430300 
0.430400 
0.430800 
0.431600 
0.431700 
0.431900 
0.432100 
0.432200 
0.432300 
0.432400 
0.432400 
0.432800 
0.432900 
0.433100 
0.433700 
0.434000 
0.434300 
0.434600 
0.434600 
0.435300 
0.435800 
0.435900 
0.436300 
0.436300 
0.436500 
0.436600 
0.437000 
0.437200 
0.437600 
0.437900 
0.438000 
0.438200 
0.438300 
0.438600 
0.438700 
0.439000 
0.439100 
0.439300 
0.439300 
0.439500 
0.439500 
0.439800 
0.439900 
0.440000 
0.441700 
0.443300 
0.443700 
0.443900 
0.444000 
0.444900 
0.444900 
0.446000 
0.446400 
0.446600 
0.446900 
0.447100 
0.448000 
0.448100 
0.448200 
0.449800 
0.452300 
0.452700 
0.452800 
0.452900 
0.452900 
0.453300 
0.454200 
0.454400 
0.454400 
0.454500 
0.454800 
0.454900 
0.455000 
0.455900 
0.456300 
0.456700 
0.458300 
0.458900 
0.459000 
0.459500 
0.459900 
0.460400 
0.460800 
0.461100 
0.461200 
0.461300 
0.461500 
0.461900 
0.462300 
0.462400 
0.462400 
0.463000 
0.463100 
0.463800 
0.463900 
0.464300 
0.464500 
0.464500 
0.464600 
0.464700 
0.466300 
0.466500 
0.467200 
0.467500 
0.467500 
0.467900 
0.468500 
0.469300 
0.469300 
0.469300 
0.469400 
0.469600 
0.470400 
0.471300 
0.471700 
0.472100 
0.472200 
0.472500 
0.472800 
0.474200 
0.474300 
0.474600 
0.475700 
0.475900 
0.476000 
0.476100 
0.476400 
0.476600 
0.477700 
0.477700 
0.477900 
0.477900 
0.478200 
0.478200 
0.478600 
0.478800 
0.479400 
0.479500 
0.479500 
0.479800 
0.480200 
0.480300 
0.481200 
0.481500 
0.481700 
0.483100 
0.483500 
0.484100 
0.484200 
0.484400 
0.485200 
0.485800 
0.486100 
0.486100 
0.486500 
0.486600 
0.486900 
0.486900 
0.487000 
0.487300 
0.487500 
0.488400 
0.488900 
0.488900 
0.489600 
0.489800 
0.489900 
0.489900 
0.490300 
0.491000 
0.492100 
0.492100 
0.492300 
0.492300 
0.492400 
0.493100 
0.493500 
0.494500 
0.494800 
0.494900 
0.495000 
0.495100 
0.495200 
0.495300 
0.495700 
0.495800 
0.496100 
0.496500 
0.496500 
0.497400 
0.498300 
0.499600 
0.499900 
0.500200 
0.500600 
0.501700 
0.502300 
0.502400 
0.502500 
0.502800 
0.502800 
0.503000 
0.503300 
0.503700 
0.503800 
0.504300 
0.504400 
0.504600 
0.504800 
0.505500 
0.505800 
0.505800 
0.506500 
0.506700 
0.507600 
0.507600 
0.508500 
0.508700 
0.510300 
0.511200 
0.511600 
0.512000 
0.512300 
0.512700 
0.513100 
0.513100 
0.513300 
0.513600 
0.514200 
0.514400 
0.514800 
0.515300 
0.515500 
0.515800 
0.515800 
0.516400 
0.517100 
0.517200 
0.517300 
0.517300 
0.517700 
0.517800 
0.518100 
0.518300 
0.518300 
0.518900 
0.519000 
0.519300 
0.519600 
0.519700 
0.519800 
0.520100 
0.520200 
0.520400 
0.520600 
0.521000 
0.521000 
0.521700 
0.521900 
0.523100 
0.523500 
0.524700 
0.524800 
0.525000 
0.525200 
0.526500 
0.526900 
0.527400 
0.528100 
0.528200 
0.528600 
0.528900 
0.529000 
0.529000 
0.529200 
0.529300 
0.530100 
0.530200 
0.531400 
0.531700 
0.532800 
0.534200 
0.534500 
0.535200 
0.535500 
0.535500 
0.535700 
0.536600 
0.536800 
0.536900 
0.537000 
0.537500 
0.537700 
0.538100 
0.538400 
0.538700 
0.538800 
0.538800 
0.539200 
0.539700 
0.539800 
0.539900 
0.540300 
0.540300 
0.540600 
0.540600 
0.540800 
0.540900 
0.540900 
0.541700 
0.541800 
0.542000 
0.542600 
0.542700 
0.543100 
0.543300 
0.543500 
0.543500 
0.543500 
0.543900 
0.544300 
0.544400 
0.545100 
0.545500 
0.546500 
0.546900 
0.547900 
0.548400 
0.548600 
0.549100 
0.549700 
0.550000 
0.550500 
0.550600 
0.550700 
0.551300 
0.551500 
0.552200 
0.552900 
0.553400 
0.554200 
0.554600 
0.554600 
0.555500 
0.556100 
0.556100 
0.556400 
0.556600 
0.556600 
0.556800 
0.557600 
0.557700 
0.557900 
0.558000 
0.558100 
0.558200 
0.558300 
0.559400 
0.559600 
0.559700 
0.559800 
0.560100 
0.560700 
0.560900 
0.561000 
0.561100 
0.561300 
0.561400 
0.561500 
0.561600 
0.561600 
0.562400 
0.562500 
0.562500 
0.562700 
0.562700 
0.563200 
0.563400 
0.563500 
0.563500 
0.565000 
0.565300 
0.565600 
0.565800 
0.566600 
0.566700 
0.567400 
0.567400 
0.567500 
0.567700 
0.568000 
0.568400 
0.568400 
0.568500 
0.570200 
0.570600 
0.571600 
0.571800 
0.572100 
0.572400 
0.573300 
0.573400 
0.573600 
0.574200 
0.574500 
0.574600 
0.575200 
0.575300 
0.575600 
0.576000 
0.576000 
0.576400 
0.576700 
0.576900 
0.577100 
0.577300 
0.577300 
0.577500 
0.577700 
0.577800 
0.577900 
0.580400 
0.581600 
0.581800 
0.582600 
0.583200 
0.583400 
0.584200 
0.584400 
0.584400 
0.584900 
0.585000 
0.585100 
0.585300 
0.585500 
0.585700 
0.586200 
0.586400 
0.587100 
0.588100 
0.588600 
0.588600 
0.589200 
0.589400 
0.589600 
0.589700 
0.589700 
0.589800 
0.590500 
0.590700 
0.590800 
0.591000 
0.591000 
0.591200 
0.591700 
0.592200 
0.592600 
0.593500 
0.593800 
0.594400 
0.595000 
0.595100 
0.595200 
0.595300 
0.595600 
0.595800 
0.596800 
0.597000 
0.597000 
0.598200 
0.598500 
0.598600 
0.598800 
0.598900 
0.599000 
0.599000 
0.599400 
0.600800 
0.600900 
0.601100 
0.601100 
0.601400 
0.602400 
0.602600 
0.603300 
0.603600 
0.603600 
0.603900 
0.605600 
0.605800 
0.606400 
0.606800 
0.607200 
0.607600 
0.608600 
0.608900 
0.609100 
0.609300 
0.609300 
0.610000 
0.610000 
0.610400 
0.610800 
0.611300 
0.611400 
0.611800 
0.612100 
0.612900 
0.613300 
0.613300 
0.614100 
0.614400 
0.614500 
0.615000 
0.615000 
0.615500 
0.616800 
0.617400 
0.617600 
0.618100 
0.618300 
0.618700 
0.619700 
0.620000 
0.620100 
0.620200 
0.620300 
0.620400 
0.620600 
0.621000 
0.621300 
0.621400 
0.621500 
0.621700 
0.622600 
0.622700 
0.623100 
0.623400 
0.623500 
0.623500 
0.623700 
0.623900 
0.623900 
0.624000 
0.624200 
0.624300 
0.624600 
0.624800 
0.625900 
0.626000 
0.626400 
0.627000 
0.627100 
0.627200 
0.627300 
0.627400 
0.627400 
0.627400 
0.629500 
0.629800 
0.631000 
0.631400 
0.631700 
0.631700 
0.631800 
0.632500 
0.632600 
0.632900 
0.633100 
0.633600 
0.634000 
0.634500 
0.634600 
0.635000 
0.635500 
0.635700 
0.635700 
0.636000 
0.636200 
0.636700 
0.637000 
0.637500 
0.637600 
0.637700 
0.637800 
0.637800 
0.637900 
0.638000 
0.638100 
0.638500 
0.638500 
0.639000 
0.639000 
0.639200 
0.639700 
0.640300 
0.640600 
0.641100 
0.641200 
0.641300 
0.642900 
0.643900 
0.643900 
0.644600 
0.644600 
0.644600 
0.646400 
0.646500 
0.646800 
0.647100 
0.647300 
0.647400 
0.647500 
0.647800 
0.648700 
0.649600 
0.649900 
0.649900 
0.650100 
0.650300 
0.650400 
0.651200 
0.651200 
0.651800 
0.652200 
0.652300 
0.652300 
0.653100 
0.653300 
0.654400 
0.654400 
0.654500 
0.654600 
0.655100 
0.655300 
0.655700 
0.655800 
0.656100 
0.656300 
0.656400 
0.656400 
0.656800 
0.657100 
0.657700 
0.657700 
0.657800 
0.658600 
0.660200 
0.660200 
0.661500 
0.661800 
0.663000 
0.663700 
0.664100 
0.665700 
0.665900 
0.665900 
0.666900 
0.667100 
0.667500 
0.667600 
0.667700 
0.668000 
0.668300 
0.668400 
0.668500 
0.668500 
0.668700 
0.668700 
0.668800 
0.669000 
0.669000 
0.669600 
0.669600 
0.669900 
0.670000 
0.670200 
0.670700 
0.671700 
0.671700 
0.671700 
0.671900 
0.672100 
0.672900 
0.673800 
0.674300 
0.674300 
0.674300 
0.674500 
0.675600 
0.675800 
0.675900 
0.676000 
0.676600 
0.678200 
0.680000 
0.680300 
0.680300 
0.680800 
0.681000 
0.681300 
0.681600 
0.681700 
0.682200 
0.682900 
0.683100 
0.683300 
0.684400 
0.685500 
0.685600 
0.686200 
0.686300 
0.686800 
0.687100 
0.687400 
0.687400 
0.687500 
0.687600 
0.687800 
0.687900 
0.688600 
0.688700 
0.688700 
0.688800 
0.688800 
0.689700 
0.689700 
0.689900 
0.690200 
0.691000 
0.691000 
0.691500 
0.692100 
0.693200 
0.693400 
0.693600 
0.694300 
0.694900 
0.695100 
0.695300 
0.695800 
0.696400 
0.697500 
0.697900 
0.698700 
0.699300 
0.699700 
0.700000 
0.700500 
0.700600 
0.700600 
0.701100 
0.701500 
0.701700 
0.702000 
0.702200 
0.702800 
0.702800 
0.703600 
0.703800 
0.704600 
0.705500 
0.706000 
0.706100 
0.706200 
0.706800 
0.707100 
0.707400 
0.707600 
0.708100 
0.708400 
0.709000 
0.709300 
0.710400 
0.710400 
0.710500 
0.711000 
0.711100 
0.711200 
0.711700 
0.712200 
0.714300 
0.715100 
0.715200 
0.715400 
0.715400 
0.715700 
0.715800 
0.716200 
0.716600 
0.717100 
0.717200 
0.717300 
0.717500 
0.717900 
0.718100 
0.718500 
0.718600 
0.718800 
0.719100 
0.719700 
0.719800 
0.720200 
0.720500 
0.720800 
0.721500 
0.721600 
0.721600 
0.722100 
0.722400 
0.722400 
0.722400 
0.723000 
0.723100 
0.723200 
0.723700 
0.723700 
0.723800 
0.724100 
0.724400 
0.724600 
0.724600 
0.724800 
0.724800 
0.725200 
0.725300 
0.726400 
0.726800 
0.728500 
0.728700 
0.728900 
0.729700 
0.729700 
0.729800 
0.730500 
0.730900 
0.731500 
0.731800 
0.732100 
0.732300 
0.732700 
0.732800 
0.733000 
0.733300 
0.733400 
0.733800 
0.734600 
0.735000 
0.735000 
0.735200 
0.735300 
0.735300 
0.736500 
0.737000 
0.737700 
0.738300 
0.738400 
0.738800 
0.739000 
0.739000 
0.739000 
0.739300 
0.739300 
0.740400 
0.740700 
0.740900 
0.741300 
0.741700 
0.742200 
0.742300 
0.742800 
0.743400 
0.743500 
0.743700 
0.744000 
0.744300 
0.744600 
0.746500 
0.746900 
0.747200 
0.747400 
0.747700 
0.747900 
0.748500 
0.748900 
0.749100 
0.749200 
0.749300 
0.750300 
0.751100 
0.751300 
0.752200 
0.752200 
0.752500 
0.752600 
0.752900 
0.753200 
0.753500 
0.753700 
0.754000 
0.754000 
0.754100 
0.754300 
0.755400 
0.755600 
0.756100 
0.756700 
0.756800 
0.757100 
0.757200 
0.757500 
0.757800 
0.757900 
0.757900 
0.758000 
0.758200 
0.759000 
0.761200 
0.761300 
0.762400 
0.762600 
0.763400 
0.763600 
0.764200 
0.764200 
0.764700 
0.764800 
0.764800 
0.765300 
0.765400 
0.765400 
0.765600 
0.766000 
0.767000 
0.767100 
0.767300 
0.767300 
0.767400 
0.767500 
0.768000 
0.768000 
0.768500 
0.768600 
0.768700 
0.768900 
0.769100 
0.769100 
0.769700 
0.769700 
0.770000 
0.770200 
0.770700 
0.771300 
0.771500 
0.772800 
0.773100 
0.773200 
0.774100 
0.774500 
0.774900 
0.775000 
0.775300 
0.775500 
0.775500 
0.775600 
0.776700 
0.778300 
0.778700 
0.778800 
0.779300 
0.779700 
0.779900 
0.780900 
0.783100 
0.783300 
0.783600 
0.783900 
0.784100 
0.784200 
0.785200 
0.785300 
0.785600 
0.785800 
0.786000 
0.786300 
0.786600 
0.786600 
0.786600 
0.786600 
0.787000 
0.787100 
0.787300 
0.787300 
0.787300 
0.787400 
0.787700 
0.788100 
0.788300 
0.788300 
0.788800 
0.789900 
0.790100 
0.791700 
0.792400 
0.792600 
0.792800 
0.793200 
0.793900 
0.793900 
0.794100 
0.794500 
0.794500 
0.794900 
0.794900 
0.794900 
0.795000 
0.795400 
0.797400 
0.798300 
0.798900 
0.798900 
0.799100 
0.799900 
0.800200 
0.800900 
0.801200 
0.801500 
0.802000 
0.802100 
0.802200 
0.803100 
0.803500 
0.803700 
0.803700 
0.804000 
0.804600 
0.805300 
0.805600 
0.805600 
0.805900 
0.805900 
0.806600 
0.806900 
0.807100 
0.807200 
0.807300 
0.807600 
0.807900 
0.808600 
0.808600 
0.809000 
0.809100 
0.809200 
0.810200 
0.810500 
0.811300 
0.812300 
0.812300 
0.812800 
0.814000 
0.815400 
0.815500 
0.816700 
0.816800 
0.817000 
0.817300 
0.817400 
0.817900 
0.818500 
0.818800 
0.819000 
0.819100 
0.819400 
0.819400 
0.820400 
0.820600 
0.820600 
0.820900 
0.821300 
0.821500 
0.821500 
0.822100 
0.822900 
0.823800 
0.825200 
0.825200 
0.825200 
0.825400 
0.825600 
0.825700 
0.825700 
0.825800 
0.826000 
0.826000 
0.826200 
0.826400 
0.826600 
0.827000 
0.827100 
0.827500 
0.827900 
0.828800 
0.829000 
0.829300 
0.830000 
0.830200 
0.830200 
0.830400 
0.831300 
0.831400 
0.831400 
0.832000 
0.832200 
0.834400 
0.834500 
0.834900 
0.835000 
0.835500 
0.836100 
0.836300 
0.836600 
0.836700 
0.837000 
0.837200 
0.837600 
0.837900 
0.838000 
0.838100 
0.838300 
0.838900 
0.839100 
0.839400 
0.840600 
0.840800 
0.841400 
0.841700 
0.841800 
0.841900 
0.842300 
0.842400 
0.842400 
0.842400 
0.842800 
0.842800 
0.842900 
0.843300 
0.843400 
0.843500 
0.844100 
0.844200 
0.844300 
0.845000 
0.845000 
0.845100 
0.845200 
0.845400 
0.845500 
0.845800 
0.846100 
0.846300 
0.846300 
0.846500 
0.846500 
0.847000 
0.847500 
0.850200 
0.850200 
0.850200 
0.850700 
0.850800 
0.851800 
0.851900 
0.852000 
0.852400 
0.852600 
0.852700 
0.853400 
0.854200 
0.854500 
0.854700 
0.854800 
0.855100 
0.855700 
0.855900 
0.856200 
0.856500 
0.857300 
0.857400 
0.857500 
0.857800 
0.857900 
0.858400 
0.858700 
0.859200 
0.859300 
0.859600 
0.859600 
0.859700 
0.859900 
0.860800 
0.860900 
0.862000 
0.862000 
0.862800 
0.862900 
0.864000 
0.864200 
0.864800 
0.865000 
0.865600 
0.865600 
0.865700 
0.866100 
0.867000 
0.867400 
0.867800 
0.868100 
0.868300 
0.868600 
0.868700 
0.869500 
0.869600 
0.870300 
0.870500 
0.871200 
0.871200 
0.871300 
0.871600 
0.871700 
0.872300 
0.872500 
0.873700 
0.873800 
0.873900 
0.874500 
0.874700 
0.874800 
0.874900 
0.875100 
0.875200 
0.875300 
0.875400 
0.876600 
0.876900 
0.877600 
0.877800 
0.877900 
0.878600 
0.878800 
0.879500 
0.880600 
0.880700 
0.881000 
0.881700 
0.882200 
0.882300 
0.883600 
0.883800 
0.884100 
0.884200 
0.884700 
0.884900 
0.885100 
0.885400 
0.886000 
0.886100 
0.886400 
0.886800 
0.887300 
0.887800 
0.888100 
0.888700 
0.888700 
0.888800 
0.888800 
0.889000 
0.889100 
0.889300 
0.889400 
0.889400 
0.889500 
0.889900 
0.890000 
0.890500 
0.890900 
0.891000 
0.891400 
0.891600 
0.891700 
0.892400 
0.892600 
0.893000 
0.893900 
0.894400 
0.894400 
0.894500 
0.894500 
0.895100 
0.895700 
0.895900 
0.896100 
0.896400 
0.896500 
0.897600 
0.899900 
0.899900 
0.900700 
0.901300 
0.901300 
0.901600 
0.901800 
0.902000 
0.902500 
0.902600 
0.903100 
0.903400 
0.903600 
0.903600 
0.903900 
0.904300 
0.904500 
0.904500 
0.904800 
0.905000 
0.905100 
0.905500 
0.905800 
0.906100 
0.906100 
0.906200 
0.906900 
0.907100 
0.907200 
0.908100 
0.908400 
0.908700 
0.909000 
0.909100 
0.909400 
0.909900 
0.910300 
0.910400 
0.911800 
0.911900 
0.912300 
0.913400 
0.913500 
0.913600 
0.913700 
0.913900 
0.914200 
0.915200 
0.915200 
0.915400 
0.915800 
0.916300 
0.916400 
0.917600 
0.917800 
0.917900 
0.918300 
0.919200 
0.919800 
0.920000 
0.920500 
0.921100 
0.921400 
0.921700 
0.921700 
0.921800 
0.921900 
0.923400 
0.923500 
0.923700 
0.923800 
0.924200 
0.924300 
0.924500 
0.924600 
0.924700 
0.924900 
0.925000 
0.925200 
0.925500 
0.925700 
0.926000 
0.926100 
0.926100 
0.926300 
0.926500 
0.926500 
0.926800 
0.927000 
0.927900 
0.928200 
0.928300 
0.928300 
0.929100 
0.929400 
0.929700 
0.929900 
0.930900 
0.931100 
0.931300 
0.933100 
0.933100 
0.933500 
0.933800 
0.934100 
0.934100 
0.934600 
0.935000 
0.936100 
0.936200 
0.936600 
0.936900 
0.937500 
0.938900 
0.939000 
0.939100 
0.939300 
0.939400 
0.940800 
0.940900 
0.941500 
0.941600 
0.941700 
0.942400 
0.943200 
0.943500 
0.944400 
0.944800 
0.945000 
0.945100 
0.945100 
0.945200 
0.945400 
0.945800 
0.946500 
0.946500 
0.946800 
0.947700 
0.947700 
0.947700 
0.948100 
0.948200 
0.948700 
0.948900 
0.949200 
0.949400 
0.949500 
0.949500 
0.949800 
0.950000 
0.950900 
0.951700 
0.951700 
0.951900 
0.952100 
0.952600 
0.952700 
0.952800 
0.953100 
0.953700 
0.954700 
0.954800 
0.954900 
0.955000 
0.955200 
0.955300 
0.955700 
0.956500 
0.957100 
0.957300 
0.958100 
0.958200 
0.958600 
0.958600 
0.959100 
0.959500 
0.959700 
0.959900 
0.960100 
0.960600 
0.961100 
0.961500 
0.961500 
0.961700 
0.962000 
0.962300 
0.962300 
0.962500 
0.962700 
0.963000 
0.963200 
0.963400 
0.964500 
0.964500 
0.964700 
0.965000 
0.965900 
0.966000 
0.966200 
0.966300 
0.968800 
0.969100 
0.969600 
0.969600 
0.970000 
0.971300 
0.971600 
0.971900 
0.972000 
0.972500 
0.972700 
0.972900 
0.973300 
0.973300 
0.973900 
0.974000 
0.974500 
0.975000 
0.975600 
0.975700 
0.976500 
0.977200 
0.977400 
0.977800 
0.978300 
0.978300 
0.978600 
0.978600 
0.979000 
0.979100 
0.979400 
0.979900 
0.980300 
0.980600 
0.981600 
0.982000 
0.982300 
0.982500 
0.982500 
0.982500 
0.982600 
0.982700 
0.982800 
0.982800 
0.984000 
0.984400 
0.984600 
0.984800 
0.984800 
0.986200 
0.986300 
0.986400 
0.986900 
0.987500 
0.987600 
0.987800 
0.988500 
0.988600 
0.989100 
0.989600 
0.989800 
0.990400 
0.990700 
0.990900 
0.991000 
0.991400 
0.991800 
0.991800 
0.991900 
0.992200 
0.992400 
0.993400 
0.993400 
0.993800 
0.994400 
0.995500 
0.995500 
0.995600 
0.995900 
0.997500 
0.997600 
0.997900 
0.998000 
0.998100 
0.998300 
0.999400 
0.999700 
0.999800 
1.000100 
1.000200 
1.000400 
1.000900 
1.000900 
1.000900 
1.001200 
1.001200 
1.001300 
1.001400 
1.001600 
1.001800 
1.002100 
1.002300 
1.003000 
1.003000 
1.003100 
1.003200 
1.003200 
1.003400 
1.004000 
1.004600 
1.004800 
1.005300 
1.005300 
1.005400 
1.005700 
1.006300 
1.006700 
1.008100 
1.009600 
1.009800 
1.009900 
1.010400 
1.010500 
1.011500 
1.011800 
1.011800 
1.011900 
1.012800 
1.013300 
1.013400 
1.013400 
1.013500 
1.013800 
1.014000 
1.015100 
1.015100 
1.016000 
1.016100 
1.016200 
1.016400 
1.016400 
1.017100 
1.017900 
1.018100 
1.018400 
1.018500 
1.018600 
1.019300 
1.020800 
1.021400 
1.021700 
1.021700 
1.022100 
1.023000 
1.023900 
1.023900 
1.024000 
1.024300 
1.024300 
1.024600 
1.025500 
1.025500 
1.025800 
1.026700 
1.026800 
1.027000 
1.027200 
1.028400 
1.028400 
1.028400 
1.029400 
1.029800 
1.030500 
1.030900 
1.031400 
1.031500 
1.031700 
1.032400 
1.032500 
1.033100 
1.033500 
1.034100 
1.035200 
1.035300 
1.035500 
1.036100 
1.036200 
1.037100 
1.037500 
1.038000 
1.038200 
1.038300 
1.038700 
1.039200 
1.039400 
1.039400 
1.039600 
1.039700 
1.039800 
1.039900 
1.039900 
1.041000 
1.041800 
1.042500 
1.042500 
1.042600 
1.042700 
1.042800 
1.043400 
1.043400 
1.044200 
1.045100 
1.045300 
1.045600 
1.046000 
1.046000 
1.046100 
1.046800 
1.047000 
1.047000 
1.047400 
1.047800 
1.048300 
1.048500 
1.048700 
1.048900 
1.048900 
1.049400 
1.049400 
1.049700 
1.049800 
1.049800 
1.050200 
1.051000 
1.052800 
1.053300 
1.053900 
1.054200 
1.054200 
1.055400 
1.055600 
1.055700 
1.056900 
1.057900 
1.058100 
1.058300 
1.058300 
1.058800 
1.059000 
1.059000 
1.059600 
1.060000 
1.060100 
1.060600 
1.060600 
1.060800 
1.061200 
1.061200 
1.061700 
1.061700 
1.061900 
1.063300 
1.063600 
1.063900 
1.064600 
1.064700 
1.064800 
1.064800 
1.064900 
1.064900 
1.065100 
1.065400 
1.065800 
1.065800 
1.065800 
1.066400 
1.067300 
1.067400 
1.067500 
1.067600 
1.067700 
1.068000 
1.068000 
1.068100 
1.068200 
1.068900 
1.069000 
1.069300 
1.069500 
1.070100 
1.070400 
1.071200 
1.071200 
1.071600 
1.071900 
1.073500 
1.074500 
1.075200 
1.075300 
1.076000 
1.076100 
1.076400 
1.076600 
1.077000 
1.077800 
1.077800 
1.078700 
1.078800 
1.079000 
1.079100 
1.080200 
1.080300 
1.080600 
1.080900 
1.081100 
1.081200 
1.081600 
1.081600 
1.082700 
1.082800 
1.083000 
1.083100 
1.083300 
1.083600 
1.083700 
1.083800 
1.084400 
1.084600 
1.084600 
1.084800 
1.085000 
1.085000 
1.085400 
1.085600 
1.086100 
1.086200 
1.086500 
1.086600 
1.088900 
1.089800 
1.091800 
1.091800 
1.093000 
1.093700 
1.093700 
1.094100 
1.095100 
1.095400 
1.096500 
1.097300 
1.097700 
1.098000 
1.098100 
1.098300 
1.098500 
1.098600 
1.098700 
1.098900 
1.099000 
1.099200 
1.099300 
1.099700 
1.100200 
1.100300 
1.101400 
1.102100 
1.102300 
1.102500 
1.102600 
1.102800 
1.103000 
1.103100 
1.103700 
1.103700 
1.103900 
1.104200 
1.105100 
1.105700 
1.105900 
1.106100 
1.106200 
1.106300 
1.107200 
1.107700 
1.107900 
1.108000 
1.108200 
1.108400 
1.108800 
1.109400 
1.110400 
1.110500 
1.110500 
1.111300 
1.111500 
1.112300 
1.113000 
1.113100 
1.113300 
1.113700 
1.113900 
1.114000 
1.114400 
1.114800 
1.115000 
1.115300 
1.117300 
1.117800 
1.118000 
1.118000 
1.118500 
1.119000 
1.120000 
1.120100 
1.120400 
1.120600 
1.120700 
1.121000 
1.121300 
1.121300 
1.121800 
1.121900 
1.122400 
1.122800 
1.123100 
1.123200 
1.123400 
1.123500 
1.123500 
1.123900 
1.124100 
1.124600 
1.125000 
1.125400 
1.125500 
1.125500 
1.126200 
1.126600 
1.126700 
1.128700 
1.129700 
1.129700 
1.129700 
1.129900 
1.130700 
1.130900 
1.131100 
1.131900 
1.132000 
1.132500 
1.132700 
1.132700 
1.132800 
1.132900 
1.133000 
1.133500 
1.133900 
1.134500 
1.135600 
1.135600 
1.135800 
1.135800 
1.136200 
1.136300 
1.136300 
1.136400 
1.138800 
1.139100 
1.139400 
1.139600 
1.139700 
1.140200 
1.140400 
1.140500 
1.140600 
1.141300 
1.141300 
1.141700 
1.141700 
1.141900 
1.143200 
1.143600 
1.143800 
1.143800 
1.143800 
1.144000 
1.144100 
1.144600 
1.144900 
1.146400 
1.147300 
1.147600 
1.147800 
1.147800 
1.147900 
1.148000 
1.148500 
1.148700 
1.149700 
1.149800 
1.150000 
1.150300 
1.151100 
1.151400 
1.151400 
1.151400 
1.151600 
1.151700 
1.152000 
1.152400 
1.152400 
1.153800 
1.153900 
1.154100 
1.154400 
1.156900 
1.157200 
1.157500 
1.157800 
1.158000 
1.158200 
1.158400 
1.158500 
1.158800 
1.158800 
1.159600 
1.160000 
1.160200 
1.160300 
1.160300 
1.160800 
1.161300 
1.161600 
1.161800 
1.161800 
1.162600 
1.163000 
1.163200 
1.163300 
1.163500 
1.163500 
1.163800 
1.163900 
1.164500 
1.164500 
1.165400 
1.166200 
1.166300 
1.167100 
1.167400 
1.168300 
1.168300 
1.168400 
1.168600 
1.168700 
1.169300 
1.169400 
1.169800 
1.169800 
1.169900 
1.169900 
1.170100 
1.170200 
1.171700 
1.171900 
1.172400 
1.172700 
1.173000 
1.173100 
1.173400 
1.173800 
1.174000 
1.175300 
1.176100 
1.177000 
1.177200 
1.177300 
1.178000 
1.178000 
1.178200 
1.178300 
1.179100 
1.179100 
1.179700 
1.180200 
1.180300 
1.180900 
1.182000 
1.182700 
1.182900 
1.183200 
1.183500 
1.184000 
1.184400 
1.184600 
1.184900 
1.185100 
1.185300 
1.185500 
1.185600 
1.185800 
1.186100 
1.186100 
1.187300 
1.187400 
1.187500 
1.187900 
1.188200 
1.189400 
1.189600 
1.189900 
1.190000 
1.190000 
1.190600 
1.190600 
1.190800 
1.191000 
1.191300 
1.191300 
1.191500 
1.192100 
1.192500 
1.192600 
1.192600 
1.194200 
1.194400 
1.194700 
1.195100 
1.195300 
1.195400 
1.195500 
1.195800 
1.196900 
1.197000 
1.197100 
1.198100 
1.198500 
1.199300 
1.199300 
1.199300 
1.201600 
1.202000 
1.202300 
1.202400 
1.203300 
1.204100 
1.204100 
1.204200 
1.204300 
1.204900 
1.205300 
1.205600 
1.205900 
1.206000 
1.206200 
1.206800 
1.207000 
1.207300 
1.207800 
1.207900 
1.208600 
1.209000 
1.209500 
1.209800 
1.210000 
1.210200 
1.211000 
1.211100 
1.211200 
1.211300 
1.211300 
1.211400 
1.211800 
1.212600 
1.213200 
1.213400 
1.213700 
1.213800 
1.214200 
1.214600 
1.215600 
1.216000 
1.216100 
1.216600 
1.216700 
1.217700 
1.217800 
1.218100 
1.218300 
1.218600 
1.218600 
1.218900 
1.219100 
1.220000 
1.220100 
1.220300 
1.220500 
1.220700 
1.221000 
1.222700 
1.222900 
1.223100 
1.224900 
1.224900 
1.226400 
1.226900 
1.227400 
1.227500 
1.228100 
1.228100 
1.228500 
1.228600 
1.228900 
1.229300 
1.230000 
1.230300 
1.230400 
1.230700 
1.230700 
1.230700 
1.231100 
1.231500 
1.231600 
1.232500 
1.232900 
1.233300 
1.233600 
1.233700 
1.233900 
1.234000 
1.234100 
1.234100 
1.234200 
1.234300 
1.234400 
1.234500 
1.235500 
1.235700 
1.236000 
1.236000 
1.236100 
1.236300 
1.236700 
1.236800 
1.238300 
1.238500 
1.238600 
1.239600 
1.240200 
1.240300 
1.240500 
1.240800 
1.241600 
1.241600 
1.241700 
1.242100 
1.242400 
1.242600 
1.243000 
1.243100 
1.243400 
1.243700 
1.245400 
1.246500 
1.246500 
1.246600 
1.248300 
1.248700 
1.249300 
1.249400 
1.249600 
1.250200 
1.250400 
1.250400 
1.250800 
1.250900 
1.251000 
1.251100 
1.251200 
1.251400 
1.251600 
1.251700 
1.252200 
1.252200 
1.252300 
1.252500 
1.252600 
1.252800 
1.252900 
1.253300 
1.254000 
1.254000 
1.254000 
1.255500 
1.255800 
1.256400 
1.256400 
1.256600 
1.256800 
1.257400 
1.257600 
1.257800 
1.258000 
1.258400 
1.258500 
1.258900 
1.259000 
1.259300 
1.259300 
1.259300 
1.260800 
1.260800 
1.261700 
1.262400 
1.263500 
1.263600 
1.264500 
1.266200 
1.266200 
1.266300 
1.266300 
1.266400 
1.266500 
1.266800 
1.266900 
1.266900 
1.268400 
1.268500 
1.269200 
1.269600 
1.270600 
1.271000 
1.271100 
1.271500 
1.271500 
1.273200 
1.273300 
1.273400 
1.273400 
1.273600 
1.273800 
1.274000 
1.274200 
1.274200 
1.274300 
1.275000 
1.275200 
1.275600 
1.276300 
1.277400 
1.278100 
1.278100 
1.278300 
1.278500 
1.279100 
1.279400 
1.279500 
1.280000 
1.280900 
1.281300 
1.281900 
1.282100 
1.282300 
1.283600 
1.283900 
1.284100 
1.284400 
1.284400 
1.284500 
1.284600 
1.285300 
1.285500 
1.285900 
1.286000 
1.286300 
1.287200 
1.287300 
1.287600 
1.287800 
1.288400 
1.289200 
1.291300 
1.291400 
1.291700 
1.292800 
1.293000 
1.293500 
1.293600 
1.293800 
1.294000 
1.294400 
1.294500 
1.294800 
1.295200 
1.295400 
1.295500 
1.296300 
1.296300 
1.296400 
1.296500 
1.296600 
1.297500 
1.297800 
1.297900 
1.298500 
1.298500 
1.298700 
1.299200 
1.299900 
1.300700 
1.301000 
1.301000 
1.301000 
1.301200 
1.301500 
1.301600 
1.302000 
1.302400 
1.302500 
1.302800 
1.303400 
1.304200 
1.305500 
1.305900 
1.307800 
1.307800 
1.309600 
1.309600 
1.309700 
1.309800 
1.310000 
1.310200 
1.310200 
1.310800 
1.310800 
1.311700 
1.312100 
1.312800 
1.313300 
1.313400 
1.314000 
1.314000 
1.314100 
1.314100 
1.314400 
1.314600 
1.315200 
1.315500 
1.315600 
1.315700 
1.315800 
1.316000 
1.316200 
1.316400 
1.316900 
1.317100 
1.317300 
1.317600 
1.317700 
1.317900 
1.318500 
1.318700 
1.319000 
1.319200 
1.319400 
1.320300 
1.320700 
1.321100 
1.322900 
1.323100 
1.323100 
1.323300 
1.325400 
1.325400 
1.325600 
1.326800 
1.326900 
1.328000 
1.328100 
1.328100 
1.328600 
1.329700 
1.329700 
1.330100 
1.330300 
1.330400 
1.330400 
1.330600 
1.331000 
1.331600 
1.331900 
1.333100 
1.333600 
1.334200 
1.334300 
1.334400 
1.334800 
1.335600 
1.335800 
1.336700 
1.336800 
1.337300 
1.337500 
1.337700 
1.337800 
1.338300 
1.339100 
1.339500 
1.339500 
1.339600 
1.339700 
1.340200 
1.340300 
1.340400 
1.340500 
1.340600 
1.341100 
1.341400 
1.342700 
1.342700 
1.342900 
1.343000 
1.343100 
1.343600 
1.343600 
1.344000 
1.344000 
1.344400 
1.345000 
1.346100 
1.346100 
1.346600 
1.346900 
1.347000 
1.348500 
1.348500 
1.349200 
1.350600 
1.351400 
1.352100 
1.352200 
1.352500 
1.352700 
1.353100 
1.353600 
1.353700 
1.353700 
1.353900 
1.354000 
1.354300 
1.354400 
1.354700 
1.356100 
1.356300 
1.356300 
1.356800 
1.357700 
1.358000 
1.358000 
1.358100 
1.358400 
1.358400 
1.358600 
1.358600 
1.359700 
1.359800 
1.359900 
1.359900 
1.359900 
1.360000 
1.360500 
1.360500 
1.360900 
1.360900 
1.360900 
1.361000 
1.361300 
1.361300 
1.361700 
1.362800 
1.363800 
1.364200 
1.364400 
1.364500 
1.364600 
1.364800 
1.365500 
1.365900 
1.366600 
1.367300 
1.367700 
1.368900 
1.369100 
1.369600 
1.369700 
1.370000 
1.370200 
1.370400 
1.370600 
1.370700 
1.370800 
1.370900 
1.371200 
1.371200 
1.371600 
1.371700 
1.371900 
1.372300 
1.372300 
1.372400 
1.373500 
1.373500 
1.373600 
1.375000 
1.375100 
1.376100 
1.376100 
1.376800 
1.377100 
1.377500 
1.377500 
1.377600 
1.377800 
1.377800 
1.378100 
1.378500 
1.379700 
1.380000 
1.380300 
1.380900 
1.381000 
1.381100 
1.381400 
1.381700 
1.381800 
1.382100 
1.382200 
1.382300 
1.382500 
1.382800 
1.383600 
1.384200 
1.384300 
1.384600 
1.384700 
1.385000 
1.386500 
1.386500 
1.387100 
1.387700 
1.388200 
1.388400 
1.388600 
1.389000 
1.389400 
1.391000 
1.391200 
1.391200 
1.391700 
1.391900 
1.392400 
1.392800 
1.393600 
1.393800 
1.393800 
1.394400 
1.394800 
1.395300 
1.395300 
1.395500 
1.395500 
1.395900 
1.396200 
1.396300 
1.396400 
1.397000 
1.398300 
1.398500 
1.399700 
1.399800 
1.401100 
1.401300 
1.401500 
1.401500 
1.401600 
1.402300 
1.402400 
1.402800 
1.403000 
1.403700 
1.403700 
1.403800 
1.403900 
1.404200 
1.404500 
1.404500 
1.404500 
1.404700 
1.404700 
1.404900 
1.405200 
1.405300 
1.405400 
1.405400 
1.406300 
1.406600 
1.406800 
1.407500 
1.407900 
1.408000 
1.408400 
1.409300 
1.409400 
1.410000 
1.410300 
1.410400 
1.411100 
1.411400 
1.411800 
1.412100 
1.412700 
1.414600 
1.414600 
1.415000 
1.415400 
1.415700 
1.416200 
1.416700 
1.416800 
1.417200 
1.417600 
1.417700 
1.418500 
1.418700 
1.418700 
1.419000 
1.419200 
1.419400 
1.419600 
1.420000 
1.420000 
1.420600 
1.421900 
1.422400 
1.422400 
1.422500 
1.423000 
1.423200 
1.423200 
1.423300 
1.424100 
1.424300 
1.424700 
1.424800 
1.425600 
1.426300 
1.427000 
1.427000 
1.428200 
1.429000 
1.430200 
1.430200 
1.430500 
1.430600 
1.430700 
1.431000 
1.431100 
1.431500 
1.431600 
1.431900 
1.432200 
1.432300 
1.432800 
1.432900 
1.433400 
1.433500 
1.433600 
1.434000 
1.434400 
1.435400 
1.437000 
1.437100 
1.437800 
1.438200 
1.438600 
1.438800 
1.438800 
1.438900 
1.439500 
1.439900 
1.440200 
1.441700 
1.441800 
1.442800 
1.443000 
1.443600 
1.443700 
1.443800 
1.444800 
1.446600 
1.446800 
1.447200 
1.447600 
1.447700 
1.447800 
1.448300 
1.448400 
1.448700 
1.449500 
1.449800 
1.449900 
1.449900 
1.449900 
1.450300 
1.450400 
1.451000 
1.451600 
1.451700 
1.452100 
1.452200 
1.452600 
1.452900 
1.452900 
1.454200 
1.454500 
1.455400 
1.455400 
1.455500 
1.455500 
1.455900 
1.456000 
1.456700 
1.456900 
1.457000 
1.457500 
1.457700 
1.457900 
1.458300 
1.458300 
1.458400 
1.458700 
1.458900 
1.459800 
1.460900 
1.461100 
1.461500 
1.461900 
1.462300 
1.462800 
1.463300 
1.463600 
1.464100 
1.464200 
1.464700 
1.464800 
1.464800 
1.465700 
1.465700 
1.466200 
1.466300 
1.466500 
1.466600 
1.466800 
1.466800 
1.467500 
1.468100 
1.468800 
1.469300 
1.470600 
1.470700 
1.470900 
1.471200 
1.471900 
1.472000 
1.472200 
1.472400 
1.472700 
1.473700 
1.474600 
1.474700 
1.474900 
1.475000 
1.475100 
1.475300 
1.475600 
1.476700 
1.476800 
1.476900 
1.477100 
1.477200 
1.477300 
1.478100 
1.478400 
1.478600 
1.478900 
1.479100 
1.479400 
1.479600 
1.479800 
1.480800 
1.481400 
1.481500 
1.481900 
1.482600 
1.482700 
1.484800 
1.485300 
1.485300 
1.485500 
1.485500 
1.486100 
1.486800 
1.487300 
1.487400 
1.487900 
1.488400 
1.488600 
1.489100 
1.489500 
1.489500 
1.489500 
1.490000 
1.490200 
1.490500 
1.490600 
1.491000 
1.491300 
1.492500 
1.492900 
1.493000 
1.493200 
1.494400 
1.494800 
1.495000 
1.495000 
1.496500 
1.496500 
1.497200 
1.498300 
1.498600 
1.498800 
1.499500 
1.500000 
1.500300 
1.500500 
1.501600 
1.502900 
1.503300 
1.503400 
1.503500 
1.504300 
1.504300 
1.504700 
1.504700 
1.505000 
1.505400 
1.505700 
1.505900 
1.505900 
1.506200 
1.506300 
1.506500 
1.506700 
1.507000 
1.507100 
1.507600 
1.508200 
1.508200 
1.508400 
1.508500 
1.508700 
1.509000 
1.509100 
1.509500 
1.509800 
1.509800 
1.510000 
1.510100 
1.510900 
1.510900 
1.511300 
1.511300 
1.511800 
1.511900 
1.512600 
1.513200 
1.513300 
1.514800 
1.514800 
1.515100 
1.515800 
1.516200 
1.517700 
1.518600 
1.518700 
1.519000 
1.519600 
1.519600 
1.519900 
1.520100 
1.520200 
1.521200 
1.521600 
1.521800 
1.522000 
1.522100 
1.522300 
1.522400 
1.522500 
1.523100 
1.523200 
1.523200 
1.523500 
1.525400 
1.525600 
1.525800 
1.526200 
1.527200 
1.527400 
1.528100 
1.528400 
1.528500 
1.529100 
1.529200 
1.529900 
1.530000 
1.530200 
1.530200 
1.530500 
1.530900 
1.530900 
1.531500 
1.532000 
1.533100 
1.534000 
1.534200 
1.534500 
1.534500 
1.534600 
1.534700 
1.534900 
1.535200 
1.535300 
1.535900 
1.536100 
1.536300 
1.536400 
1.536800 
1.537200 
1.537500 
1.537500 
1.537500 
1.537500 
1.537800 
1.538600 
1.538700 
1.539000 
1.539300 
1.539400 
1.539700 
1.540600 
1.540800 
1.541100 
1.541300 
1.541600 
1.542500 
1.542900 
1.543300 
1.543400 
1.543700 
1.544000 
1.546100 
1.546600 
1.547100 
1.547200 
1.548800 
1.549200 
1.549300 
1.549300 
1.549500 
1.550000 
1.550200 
1.550200 
1.550500 
1.551800 
1.552000 
1.553200 
1.553200 
1.553300 
1.553800 
1.554000 
1.554200 
1.554300 
1.555100 
1.555200 
1.556000 
1.557000 
1.557100 
1.557200 
1.557800 
1.557800 
1.558000 
1.558400 
1.558400 
1.558600 
1.558600 
1.559600 
1.561200 
1.561300 
1.561600 
1.561600 
1.561700 
1.562000 
1.562000 
1.562700 
1.563200 
1.563300 
1.564000 
1.564400 
1.564500 
1.565600 
1.566500 
1.566500 
1.566600 
1.566900 
1.567100 
1.567100 
1.568500 
1.568600 
1.568600 
1.569000 
1.569800 
1.570000 
1.571100 
1.571100 
1.571100 
1.571600 
1.571700 
1.571900 
1.572600 
1.573300 
1.573400 
1.573900 
1.574400 
1.574400 
1.574600 
1.575400 
1.575500 
1.575600 
1.575800 
1.576500 
1.576600 
1.576600 
1.577600 
1.577700 
1.578000 
1.578600 
1.578800 
1.579700 
1.580700 
1.580800 
1.581700 
1.581700 
1.581900 
1.583000 
1.583300 
1.583500 
1.583600 
1.583600 
1.584100 
1.584200 
1.584700 
1.584800 
1.585000 
1.585000 
1.585500 
1.585600 
1.585700 
1.585900 
1.587300 
1.588000 
1.588200 
1.588200 
1.588500 
1.588600 
1.588900 
1.589300 
1.589300 
1.590100 
1.590300 
1.590400 
1.590700 
1.591100 
1.591400 
1.591600 
1.591600 
1.591900 
1.592100 
1.592400 
1.592700 
1.592900 
1.593300 
1.593600 
1.594500 
1.595000 
1.595200 
1.595500 
1.595600 
1.596600 
1.597100 
1.597200 
1.597700 
1.598000 
1.598000 
1.598200 
1.599100 
1.599300 
1.600000 
1.600100 
1.600300 
1.600400 
1.600500 
1.600700 
1.601000 
1.601500 
1.601800 
1.601900 
1.602100 
1.602600 
1.602600 
1.603000 
1.603100 
1.605600 
1.605700 
1.605900 
1.605900 
1.606400 
1.607100 
1.607100 
1.608300 
1.609200 
1.609300 
1.609500 
1.609700 
1.609700 
1.609900 
1.609900 
1.609900 
1.610100 
1.610200 
1.611100 
1.611200 
1.611200 
1.611500 
1.611800 
1.611900 
1.612200 
1.612700 
1.612700 
1.613400 
1.613400 
1.614300 
1.614600 
1.614600 
1.614700 
1.614900 
1.615000 
1.615000 
1.615000 
1.615500 
1.615500 
1.615600 
1.616200 
1.616300 
1.616300 
1.616300 
1.616700 
1.617300 
1.617700 
1.618600 
1.619000 
1.619900 
1.620100 
1.620900 
1.621900 
1.623800 
1.624200 
1.624400 
1.625100 
1.625200 
1.625400 
1.625700 
1.625800 
1.626100 
1.626100 
1.626500 
1.627000 
1.627100 
1.627100 
1.627800 
1.628300 
1.628300 
1.628500 
1.629200 
1.629600 
1.629700 
1.629800 
1.630300 
1.630300 
1.630300 
1.630700 
1.632500 
1.632600 
1.632900 
1.633000 
1.633400 
1.633700 
1.634200 
1.634600 
1.634700 
1.635000 
1.636000 
1.636100 
1.636400 
1.637100 
1.637200 
1.637300 
1.637400 
1.637400 
1.637900 
1.638300 
1.638400 
1.638500 
1.638700 
1.638900 
1.639200 
1.639200 
1.639400 
1.640700 
1.641000 
1.642000 
1.642400 
1.642400 
1.642600 
1.642700 
1.643600 
1.644000 
1.644700 
1.645500 
1.646100 
1.646100 
1.647000 
1.648000 
1.648200 
1.648600 
1.648700 
1.648800 
1.649200 
1.650300 
1.650400 
1.650500 
1.650600 
1.650700 
1.650900 
1.651000 
1.651600 
1.651700 
1.652900 
1.653100 
1.653200 
1.653200 
1.653300 
1.654100 
1.654300 
1.654400 
1.654600 
1.655100 
1.655200 
1.655500 
1.655500 
1.655600 
1.655600 
1.656100 
1.656100 
1.656300 
1.656600 
1.656700 
1.657100 
1.657200 
1.657800 
1.658000 
1.658300 
1.659100 
1.659100 
1.659400 
1.660100 
1.660200 
1.660200 
1.660200 
1.660400 
1.660800 
1.661900 
1.662000 
1.662700 
1.663000 
1.663000 
1.663600 
1.664700 
1.664800 
1.665000 
1.665300 
1.665800 
1.666400 
1.666500 
1.666700 
1.666700 
1.667200 
1.667500 
1.667800 
1.668100 
1.668300 
1.668300 
1.668300 
1.668600 
1.669600 
1.669800 
1.670000 
1.670400 
1.670900 
1.672200 
1.672700 
1.673300 
1.673500 
1.674000 
1.674000 
1.674100 
1.674200 
1.674400 
1.674600 
1.675900 
1.676000 
1.676000 
1.676000 
1.676100 
1.676200 
1.676200 
1.676900 
1.677400 
1.678200 
1.678400 
1.678600 
1.679500 
1.679500 
1.679600 
1.680400 
1.680500 
1.680800 
1.681300 
1.682300 
1.682300 
1.682800 
1.683400 
1.684000 
1.684100 
1.684900 
1.685600 
1.686100 
1.686600 
1.686700 
1.687100 
1.687400 
1.688300 
1.688400 
1.688600 
1.689500 
1.690000 
1.690200 
1.690600 
1.690800 
1.690800 
1.691000 
1.691100 
1.691900 
1.692300 
1.692400 
1.692700 
1.692700 
1.692800 
1.692900 
1.694300 
1.694700 
1.694700 
1.694900 
1.696100 
1.697400 
1.698000 
1.698100 
1.698100 
1.698400 
1.698500 
1.698600 
1.698900 
1.699100 
1.699100 
1.700100 
1.700100 
1.700500 
1.700900 
1.700900 
1.701600 
1.702200 
1.703300 
1.703800 
1.704000 
1.704100 
1.704300 
1.704300 
1.705200 
1.705400 
1.705800 
1.706400 
1.707100 
1.707500 
1.708100 
1.708400 
1.708600 
1.710600 
1.710600 
1.710800 
1.710800 
1.710900 
1.711400 
1.711600 
1.711600 
1.711800 
1.712100 
1.712300 
1.712700 
1.713700 
1.714500 
1.714600 
1.714700 
1.714900 
1.714900 
1.715600 
1.715800 
1.716200 
1.716300 
1.716500 
1.716500 
1.716600 
1.716800 
1.717700 
1.717900 
1.718100 
1.718800 
1.719000 
1.719900 
1.720700 
1.720700 
1.721500 
1.721900 
1.721900 
1.722600 
1.722600 
1.722600 
1.723100 
1.724000 
1.724100 
1.724300 
1.724600 
1.724700 
1.724800 
1.725500 
1.725800 
1.726200 
1.726600 
1.726800 
1.727100 
1.727500 
1.727700 
1.727900 
1.728400 
1.728800 
1.728800 
1.729500 
1.730100 
1.731100 
1.731200 
1.731200 
1.732200 
1.732800 
1.733300 
1.733500 
1.734700 
1.734800 
1.735500 
1.735900 
1.736300 
1.736800 
1.737100 
1.737200 
1.737400 
1.737600 
1.737800 
1.738100 
1.738100 
1.738500 
1.738700 
1.739100 
1.739300 
1.740100 
1.740500 
1.741200 
1.741600 
1.742500 
1.742600 
1.743300 
1.743600 
1.743600 
1.744800 
1.745500 
1.745600 
1.746300 
1.746400 
1.746500 
1.747000 
1.747400 
1.747500 
1.748000 
1.748000 
1.748800 
1.749100 
1.749200 
1.749200 
1.749400 
1.750200 
1.750600 
1.750600 
1.750800 
1.751200 
1.751500 
1.751700 
1.751800 
1.753100 
1.753200 
1.753300 
1.755000 
1.755300 
1.755700 
1.756400 
1.756500 
1.756900 
1.757100 
1.757400 
1.758100 
1.758400 
1.758800 
1.759100 
1.759400 
1.759400 
1.759500 
1.759600 
1.759800 
1.760000 
1.760100 
1.760100 
1.760100 
1.760200 
1.760400 
1.760500 
1.760500 
1.760600 
1.760600 
1.761100 
1.761300 
1.762300 
1.762600 
1.762600 
1.762900 
1.763300 
1.764400 
1.764700 
1.765200 
1.765400 
1.766300 
1.766800 
1.767400 
1.767500 
1.768000 
1.768100 
1.768200 
1.769200 
1.769300 
1.770900 
1.771500 
1.771600 
1.772600 
1.773600 
1.774000 
1.774200 
1.774500 
1.774800 
1.775200 
1.775300 
1.775300 
1.775400 
1.775500 
1.775900 
1.776000 
1.776600 
1.777000 
1.778300 
1.778500 
1.778800 
1.779200 
1.779300 
1.779300 
1.779400 
1.779500 
1.779700 
1.780200 
1.780700 
1.781300 
1.781600 
1.782800 
1.783000 
1.783100 
1.784200 
1.784400 
1.784600 
1.785300 
1.785800 
1.786100 
1.786400 
1.786400 
1.786500 
1.786800 
1.787100 
1.787200 
1.787300 
1.787400 
1.787700 
1.787900 
1.789600 
1.789800 
1.789900 
1.790500 
1.790900 
1.790900 
1.791100 
1.791800 
1.791800 
1.792700 
1.793000 
1.793500 
1.793800 
1.794100 
1.794600 
1.794900 
1.795100 
1.795100 
1.795500 
1.795600 
1.795700 
1.796500 
1.797200 
1.797300 
1.797400 
1.797600 
1.797800 
1.797800 
1.798600 
1.799000 
1.799400 
1.800000 
1.800000 
1.800500 
1.800600 
1.801400 
1.801600 
1.801700 
1.801700 
1.802000 
1.802100 
1.802500 
1.802600 
1.803100 
1.803200 
1.803400 
1.804000 
1.804400 
1.804400 
1.804800 
1.805100 
1.806100 
1.806500 
1.807000 
1.807300 
1.807400 
1.807500 
1.807500 
1.807800 
1.808000 
1.808500 
1.808700 
1.809500 
1.809700 
1.810100 
1.810200 
1.810500 
1.811100 
1.811800 
1.813000 
1.813300 
1.813500 
1.814500 
1.815600 
1.815700 
1.817300 
1.817400 
1.817500 
1.817600 
1.818000 
1.818100 
1.818500 
1.818600 
1.818700 
1.819300 
1.820000 
1.820200 
1.820600 
1.820800 
1.821000 
1.821500 
1.821600 
1.821800 
1.822000 
1.822700 
1.823100 
1.823800 
1.823800 
1.824400 
1.825100 
1.826800 
1.827900 
1.829000 
1.829000 
1.829800 
1.830100 
1.830100 
1.830300 
1.831500 
1.831600 
1.831800 
1.832100 
1.832100 
1.832200 
1.832400 
1.832500 
1.832500 
1.832800 
1.833800 
1.834300 
1.834400 
1.834700 
1.835000 
1.835000 
1.835000 
1.835800 
1.836000 
1.836200 
1.836300 
1.836500 
1.836600 
1.837100 
1.837500 
1.837700 
1.837700 
1.838300 
1.838800 
1.839000 
1.840300 
1.842300 
1.842500 
1.842800 
1.842900 
1.843000 
1.843100 
1.843200 
1.843200 
1.843400 
1.844400 
1.844700 
1.845200 
1.845400 
1.845400 
1.845500 
1.845500 
1.846000 
1.846400 
1.846700 
1.846800 
1.848100 
1.848800 
1.848900 
1.849100 
1.849200 
1.849800 
1.849800 
1.850800 
1.851600 
1.851700 
1.851700 
1.852000 
1.852500 
1.853100 
1.853400 
1.853500 
1.854300 
1.854600 
1.854900 
1.855500 
1.855900 
1.855900 
1.856100 
1.856200 
1.856300 
1.857100 
1.857100 
1.857600 
1.857700 
1.857700 
1.857900 
1.858400 
1.859800 
1.860100 
1.860300 
1.860500 
1.860500 
1.860900 
1.861000 
1.861200 
1.862300 
1.862800 
1.863100 
1.863100 
1.863200 
1.864000 
1.864400 
1.864900 
1.865000 
1.865600 
1.867000 
1.868000 
1.868100 
1.868400 
1.868800 
1.869400 
1.869900 
1.870300 
1.870400 
1.870500 
1.871000 
1.871400 
1.871700 
1.871800 
1.872300 
1.872500 
1.872800 
1.872900 
1.872900 
1.873100 
1.873100 
1.873300 
1.873900 
1.874200 
1.874200 
1.874400 
1.874800 
1.874900 
1.875700 
1.875700 
1.875700 
1.876000 
1.876800 
1.876800 
1.876900 
1.877100 
1.877700 
1.878300 
1.878300 
1.878800 
1.879700 
1.879700 
1.880500 
1.880600 
1.880700 
1.880800 
1.882400 
1.883900 
1.884300 
1.884400 
1.885300 
1.885700 
1.885900 
1.886300 
1.887600 
1.888000 
1.888000 
1.888000 
1.888500 
1.888500 
1.888700 
1.888900 
1.889000 
1.889000 
1.889200 
1.889300 
1.889300 
1.889400 
1.890900 
1.891800 
1.892000 
1.892100 
1.892300 
1.892500 
1.892600 
1.892700 
1.893400 
1.893400 
1.893800 
1.893900 
1.894200 
1.894400 
1.894400 
1.895000 
1.895200 
1.895600 
1.896100 
1.896900 
1.897200 
1.897600 
1.897900 
1.897900 
1.898400 
1.899600 
1.900200 
1.900400 
1.900500 
1.900500 
1.900800 
1.900900 
1.901000 
1.901400 
1.901400 
1.901800 
1.902500 
1.902500 
1.903500 
1.904100 
1.904600 
1.904800 
1.904900 
1.905300 
1.907600 
1.908200 
1.908300 
1.908700 
1.909000 
1.909400 
1.909500 
1.910200 
1.910300 
1.910800 
1.911600 
1.911600 
1.911800 
1.912000 
1.912000 
1.912200 
1.912800 
1.913000 
1.914000 
1.914500 
1.915000 
1.915400 
1.916000 
1.916400 
1.917000 
1.917100 
1.917800 
1.917900 
1.919300 
1.919800 
1.920300 
1.920700 
1.921000 
1.921500 
1.921600 
1.921700 
1.922400 
1.922600 
1.922800 
1.922900 
1.923700 
1.923700 
1.924800 
1.925000 
1.925000 
1.925100 
1.926000 
1.926300 
1.926500 
1.926600 
1.926800 
1.927400 
1.928000 
1.928700 
1.929100 
1.929400 
1.929500 
1.929900 
1.930200 
1.930800 
1.931000 
1.931100 
1.931200 
1.932000 
1.932000 
1.932100 
1.932600 
1.933100 
1.933800 
1.933900 
1.934600 
1.934700 
1.934900 
1.935900 
1.936300 
1.936400 
1.936500 
1.936900 
1.937400 
1.937900 
1.939100 
1.939400 
1.939900 
1.939900 
1.940700 
1.941700 
1.942400 
1.942600 
1.943100 
1.943100 
1.943100 
1.943900 
1.944100 
1.944300 
1.944400 
1.944500 
1.946500 
1.946700 
1.947100 
1.947200 
1.947400 
1.948000 
1.948000 
1.948700 
1.949200 
1.949300 
1.949400 
1.949700 
1.949800 
1.950300 
1.950500 
1.950600 
1.951000 
1.951200 
1.951500 
1.951500 
1.951600 
1.951600 
1.952200 
1.952300 
1.952600 
1.952700 
1.953200 
1.954600 
1.954600 
1.954700 
1.955000 
1.955100 
1.955600 
1.956000 
1.956000 
1.956200 
1.956200 
1.956800 
1.957500 
1.958500 
1.959300 
1.959300 
1.959700 
1.959800 
1.959900 
1.960200 
1.960400 
1.960500 
1.960600 
1.961400 
1.961800 
1.962000 
1.962200 
1.964300 
1.964900 
1.965000 
1.965100 
1.965200 
1.966100 
1.966700 
1.966700 
1.968800 
1.968900 
1.970600 
1.970600 
1.971600 
1.971700 
1.972100 
1.972200 
1.972300 
1.972300 
1.972300 
1.972600 
1.972700 
1.972800 
1.972800 
1.972900 
1.973400 
1.974000 
1.974600 
1.975400 
1.975900 
1.976400 
1.977400 
1.978000 
1.978400 
1.978900 
1.979400 
1.979900 
1.980100 
1.980800 
1.980900 
1.981000 
1.981200 
1.981300 
1.982100 
1.983000 
1.984300 
1.985100 
1.985900 
1.986000 
1.986200 
1.986900 
1.986900 
1.987100 
1.987200 
1.987400 
1.988000 
1.988100 
1.988300 
1.988400 
1.989600 
1.989900 
1.989900 
1.990000 
1.990500 
1.990700 
1.991000 
1.991600 
1.991700 
1.991800 
1.991900 
1.992900 
1.993100 
1.993200 
1.993300 
1.993600 
1.994200 
1.994600 
1.994700 
1.995000 
1.995400 
1.995600 
1.995700 
1.996000 
1.996200 
1.996300 
1.997300 
1.997900 
1.998400 
1.999000 
1.999100 
1.999400 
1.999700 
2.000800 
2.000900 
2.001100 
2.001700 
2.002000 
2.002300 
2.002800 
2.002800 
2.003100 
2.003100 
2.003800 
2.004000 
2.004300 
2.004400 
2.004400 
2.004700 
2.005200 
2.005600 
2.005900 
2.006100 
2.006200 
2.006600 
2.006900 
2.007000 
2.007200 
2.008100 
2.008500 
2.009200 
2.009600 
2.009800 
2.010100 
2.010700 
2.010800 
2.010900 
2.011300 
2.011500 
2.012000 
2.012200 
2.012300 
2.013000 
2.013100 
2.014500 
2.014900 
2.015300 
2.015500 
2.015600 
2.016100 
2.016800 
2.016800 
2.017000 
2.017200 
2.017500 
2.017500 
2.018600 
2.018900 
2.019100 
2.019200 
2.019300 
2.019400 
2.019600 
2.019800 
2.020600 
2.020800 
2.021300 
2.021600 
2.021600 
2.022600 
2.023100 
2.023800 
2.024000 
2.024400 
2.024800 
2.025000 
2.025900 
2.027600 
2.027600 
2.027800 
2.028000 
2.028400 
2.028500 
2.028800 
2.029400 
2.029600 
2.029700 
2.030100 
2.030900 
2.031000 
2.031300 
2.031600 
2.032400 
2.032500 
2.032700 
2.032800 
2.032800 
2.033200 
2.033400 
2.033800 
2.034100 
2.034500 
2.034600 
2.034600 
2.036000 
2.036100 
2.036500 
2.037600 
2.037600 
2.037800 
2.037800 
2.037900 
2.038000 
2.038100 
2.038400 
2.038600 
2.038700 
2.039200 
2.039300 
2.039400 
2.040100 
2.040400 
2.040500 
2.040700 
2.041000 
2.041600 
2.042700 
2.042900 
2.044100 
2.044300 
2.045300 
2.045300 
2.045500 
2.045800 
2.046200 
2.046600 
2.046900 
2.047300 
2.047500 
2.047600 
2.047700 
2.048500 
2.048600 
2.048700 
2.049300 
2.049400 
2.050200 
2.050800 
2.051300 
2.051500 
2.051700 
2.051800 
2.052700 
2.052700 
2.052800 
2.053200 
2.053300 
2.055100 
2.055800 
2.056300 
2.056500 
2.056600 
2.056700 
2.056800 
2.057200 
2.057300 
2.057400 
2.058000 
2.058000 
2.058300 
2.058600 
2.058900 
2.059900 
2.060400 
2.060500 
2.060700 
2.061900 
2.062000 
2.062000 
2.062700 
2.063100 
2.063100 
2.063700 
2.064000 
2.064500 
2.064900 
2.065400 
2.065700 
2.065700 
2.065900 
2.065900 
2.066300 
2.066600 
2.067300 
2.067400 
2.067500 
2.067900 
2.067900 
2.068000 
2.068100 
2.068400 
2.068400 
2.068600 
2.069100 
2.069800 
2.069800 
2.071500 
2.071700 
2.072000 
2.072800 
2.073800 
2.074300 
2.074900 
2.075100 
2.075400 
2.076100 
2.076900 
2.077200 
2.077400 
2.077700 
2.078000 
2.078000 
2.078200 
2.078500 
2.078600 
2.078700 
2.078800 
2.079300 
2.079400 
2.079700 
2.079800 
2.079900 
2.079900 
2.080400 
2.081200 
2.081400 
2.081600 
2.081600 
2.081700 
2.082600 
2.083800 
2.083900 
2.084000 
2.084300 
2.084300 
2.086300 
2.087100 
2.087300 
2.087900 
2.089300 
2.089600 
2.089600 
2.089600 
2.090600 
2.091100 
2.091500 
2.091600 
2.091600 
2.091700 
2.091800 
2.092000 
2.092300 
2.092700 
2.093400 
2.093400 
2.093500 
2.093500 
2.094000 
2.094000 
2.094100 
2.094500 
2.094900 
2.095000 
2.095300 
2.095300 
2.095600 
2.095700 
2.095800 
2.096900 
2.097000 
2.097200 
2.097500 
2.097600 
2.097700 
2.099200 
2.099300 
2.099400 
2.099800 
2.100900 
2.100900 
2.101300 
2.101500 
2.102000 
2.102300 
2.102500 
2.102900 
2.103100 
2.103200 
2.103900 
2.104800 
2.104900 
2.105000 
2.105100 
2.105400 
2.105500 
2.105500 
2.106200 
2.106500 
2.106800 
2.107200 
2.107500 
2.107900 
2.109100 
2.111300 
2.112300 
2.112900 
2.113800 
2.113900 
2.114200 
2.114500 
2.114500 
2.114700 
2.114700 
2.115200 
2.115500 
2.115700 
2.115700 
2.116000 
2.116300 
2.116700 
2.116800 
2.117300 
2.117500 
2.118300 
2.118400 
2.118500 
2.119200 
2.119700 
2.119900 
2.120800 
2.120900 
2.121200 
2.122200 
2.122800 
2.122900 
2.123300 
2.123600 
2.124200 
2.124500 
2.125600 
2.125800 
2.126500 
2.126600 
2.126600 
2.126900 
2.127100 
2.127100 
2.127200 
2.127600 
2.127800 
2.127900 
2.128000 
2.128000 
2.128500 
2.129700 
2.130500 
2.130900 
2.130900 
2.131000 
2.131200 
2.131300 
2.131300 
2.132100 
2.132800 
2.132900 
2.132900 
2.133300 
2.133300 
2.133500 
2.134400 
2.134500 
2.135300 
2.136100 
2.136300 
2.136300 
2.136900 
2.137200 
2.137500 
2.137700 
2.137700 
2.137900 
2.137900 
2.138200 
2.138300 
2.139200 
2.140900 
2.141100 
2.141700 
2.141700 
2.142200 
2.142400 
2.142900 
2.143200 
2.143800 
2.143800 
2.144200 
2.144200 
2.144500 
2.145200 
2.146200 
2.146800 
2.146900 
2.147200 
2.147900 
2.148000 
2.148300 
2.148800 
2.148900 
2.149200 
2.149300 
2.149400 
2.149600 
2.149900 
2.150000 
2.150200 
2.150700 
2.150800 
2.151300 
2.151700 
2.151700 
2.152200 
2.152400 
2.152400 
2.152500 
2.152800 
2.153300 
2.154300 
2.154400 
2.154600 
2.155900 
2.156300 
2.156300 
2.156400 
2.157000 
2.157000 
2.157100 
2.158500 
2.159700 
2.160100 
2.160300 
2.160500 
2.160800 
2.160900 
2.161600 
2.161900 
2.162200 
2.162300 
2.162300 
2.162400 
2.163300 
2.163700 
2.163800 
2.164000 
2.164000 
2.164200 
2.164300 
2.164900 
2.165500 
2.165500 
2.166600 
2.166700 
2.166700 
2.166700 
2.168100 
2.169900 
2.169900 
2.170000 
2.170200 
2.170300 
2.170300 
2.171200 
2.171400 
2.171400 
2.171500 
2.171500 
2.171900 
2.172300 
2.173200 
2.173500 
2.174200 
2.175300 
2.175400 
2.176000 
2.176000 
2.176100 
2.176500 
2.176600 
2.176900 
2.178100 
2.178200 
2.178300 
2.178400 
2.180100 
2.180300 
2.180300 
2.180800 
2.181100 
2.181100 
2.182200 
2.182300 
2.182800 
2.183000 
2.183200 
2.183300 
2.184800 
2.185000 
2.185100 
2.185500 
2.185700 
2.186000 
2.186100 
2.187000 
2.187100 
2.187500 
2.187500 
2.187700 
2.189000 
2.189600 
2.189600 
2.189700 
2.190500 
2.190700 
2.190700 
2.190700 
2.191100 
2.191200 
2.192100 
2.192400 
2.192400 
2.192800 
2.193700 
2.193900 
2.194200 
2.194400 
2.194500 
2.194700 
2.195700 
2.195900 
2.196400 
2.197400 
2.197700 
2.198100 
2.199600 
2.199600 
2.200100 
2.200600 
2.200800 
2.200900 
2.201200 
2.201300 
2.201900 
2.202000 
2.202300 
2.202300 
2.203500 
2.204200 
2.204200 
2.204300 
2.204600 
2.205000 
2.205100 
2.205400 
2.205500 
2.205700 
2.205900 
2.206000 
2.206200 
2.206300 
2.206500 
2.206500 
2.206600 
2.206700 
2.206800 
2.206900 
2.206900 
2.207100 
2.207900 
2.208500 
2.209100 
2.209300 
2.210000 
2.210300 
2.210600 
2.210600 
2.210900 
2.212000 
2.212000 
2.212300 
2.213100 
2.214600 
2.215400 
2.216100 
2.216200 
2.216300 
2.216400 
2.216500 
2.216800 
2.217000 
2.217200 
2.217800 
2.217900 
2.218000 
2.218300 
2.218300 
2.218500 
2.218500 
2.218700 
2.219400 
2.219900 
2.220600 
2.221300 
2.221400 
2.221600 
2.222400 
2.223500 
2.223700 
2.223700 
2.223700 
2.224100 
2.224500 
2.225000 
2.225100 
2.225500 
2.225900 
2.227000 
2.227100 
2.227400 
2.227700 
2.227900 
2.228300 
2.228600 
2.228800 
2.229000 
2.229300 
2.230000 
2.230600 
2.230900 
2.231200 
2.231800 
2.232300 
2.232400 
2.232800 
2.232900 
2.233000 
2.233500 
2.233600 
2.233900 
2.234100 
2.234100 
2.234600 
2.235000 
2.235100 
2.235100 
2.235800 
2.236000 
2.237000 
2.237100 
2.237200 
2.237300 
2.237800 
2.238100 
2.238200 
2.239600 
2.239800 
2.239800 
2.240700 
2.240800 
2.240900 
2.241100 
2.241600 
2.241900 
2.242000 
2.242300 
2.242500 
2.242700 
2.242800 
2.243800 
2.244000 
2.245000 
2.245400 
2.245500 
2.245700 
2.246400 
2.246600 
2.246800 
2.247400 
2.249100 
2.249100 
2.249300 
2.249600 
2.249800 
2.250200 
2.250300 
2.250500 
2.251000 
2.251000 
2.251400 
2.252100 
2.252400 
2.252900 
2.253000 
2.253300 
2.253400 
2.254200 
2.254500 
2.255500 
2.255600 
2.255600 
2.255900 
2.256400 
2.256900 
2.257500 
2.257800 
2.258700 
2.259000 
2.259600 
2.259700 
2.260600 
2.260800 
2.261000 
2.261200 
2.261500 
2.261700 
2.261800 
2.262200 
2.262200 
2.262800 
2.263000 
2.263400 
2.263600 
2.264100 
2.264500 
2.264900 
2.265700 
2.265800 
2.265900 
2.267100 
2.267300 
2.267700 
2.267900 
2.268300 
2.269400 
2.269900 
2.269900 
2.270900 
2.271300 
2.271300 
2.271600 
2.272200 
2.272200 
2.272800 
2.273600 
2.273700 
2.273800 
2.274100 
2.274200 
2.274600 
2.275100 
2.275200 
2.275800 
2.276700 
2.277000 
2.277300 
2.277500 
2.278000 
2.278600 
2.280200 
2.280200 
2.281000 
2.281500 
2.281700 
2.282000 
2.282400 
2.282600 
2.282900 
2.282900 
2.283300 
2.283300 
2.283600 
2.283600 
2.283700 
2.283700 
2.284200 
2.284200 
2.285000 
2.285700 
2.285700 
2.285800 
2.285800 
2.286200 
2.286400 
2.286700 
2.287200 
2.287700 
2.287800 
2.287800 
2.288100 
2.288200 
2.288400 
2.289100 
2.289100 
2.289300 
2.289500 
2.289700 
2.289900 
2.289900 
2.290000 
2.290500 
2.291100 
2.291800 
2.292100 
2.293000 
2.293000 
2.293400 
2.294800 
2.295200 
2.295300 
2.295400 
2.296000 
2.296100 
2.296700 
2.297100 
2.297400 
2.297400 
2.298700 
2.299900 
2.299900 
2.300500 
2.300500 
2.300600 
2.301000 
2.301700 
2.301700 
2.302800 
2.303500 
2.304400 
2.305000 
2.305100 
2.305100 
2.305500 
2.305600 
2.305700 
2.305700 
2.306100 
2.306300 
2.306500 
2.306900 
2.307200 
2.307700 
2.307800 
2.308300 
2.310100 
2.310500 
2.310500 
2.310700 
2.311100 
2.311100 
2.311500 
2.312000 
2.312500 
2.312700 
2.312900 
2.313700 
2.313900 
2.313900 
2.314200 
2.314500 
2.314800 
2.314900 
2.315200 
2.315400 
2.315500 
2.315900 
2.316100 
2.316200 
2.316300 
2.316600 
2.316600 
2.317000 
2.317300 
2.317600 
2.317900 
2.318000 
2.318200 
2.319200 
2.321100 
2.322400 
2.322400 
2.322500 
2.323100 
2.323500 
2.323800 
2.323800 
2.324100 
2.324400 
2.324500 
2.324500 
2.324900 
2.324900 
2.325000 
2.325500 
2.326100 
2.326800 
2.328500 
2.328900 
2.329000 
2.329200 
2.329800 
2.331000 
2.331600 
2.331600 
2.332000 
2.332200 
2.332900 
2.333000 
2.333800 
2.333800 
2.334200 
2.334200 
2.336200 
2.336500 
2.336600 
2.336600 
2.337600 
2.337900 
2.338000 
2.338600 
2.338800 
2.338800 
2.339500 
2.339700 
2.339800 
2.339800 
2.339800 
2.339900 
2.340200 
2.340700 
2.342300 
2.343000 
2.343200 
2.343500 
2.343500 
2.343600 
2.343900 
2.344100 
2.344200 
2.344700 
2.345100 
2.345500 
2.345600 
2.346100 
2.346100 
2.346400 
2.346500 
2.346600 
2.346600 
2.346700 
2.346700 
2.346800 
2.347300 
2.348100 
2.348900 
2.349000 
2.349200 
2.350500 
2.350600 
2.350600 
2.350600 
2.351200 
2.351400 
2.351600 
2.351800 
2.352100 
2.353000 
2.353700 
2.354000 
2.354500 
2.355000 
2.355700 
2.355800 
2.356000 
2.356100 
2.356300 
2.356900 
2.357200 
2.357300 
2.357700 
2.358200 
2.358500 
2.358500 
2.358600 
2.359800 
2.360200 
2.360600 
2.361000 
2.361200 
2.361500 
2.361500 
2.361600 
2.362000 
2.362100 
2.362800 
2.363100 
2.363300 
2.365200 
2.365400 
2.365500 
2.366200 
2.367000 
2.367000 
2.367100 
2.367400 
2.369200 
2.369400 
2.370000 
2.370100 
2.370400 
2.370800 
2.371100 
2.371400 
2.371700 
2.371800 
2.372200 
2.372200 
2.373000 
2.373300 
2.373400 
2.373600 
2.374300 
2.374400 
2.374900 
2.375900 
2.376100 
2.376300 
2.376400 
2.376500 
2.376700 
2.376900 
2.376900 
2.378000 
2.378500 
2.378700 
2.378700 
2.379100 
2.379300 
2.379500 
2.380300 
2.380500 
2.380800 
2.381400 
2.381500 
2.381600 
2.381600 
2.381600 
2.382700 
2.382800 
2.383000 
2.383500 
2.384300 
2.384500 
2.385000 
2.385200 
2.385300 
2.385300 
2.385300 
2.385900 
2.386900 
2.388200 
2.388400 
2.388400 
2.388700 
2.389700 
2.390400 
2.391200 
2.391300 
2.392100 
2.392700 
2.392800 
2.393100 
2.393200 
2.393600 
2.394000 
2.394200 
2.394300 
2.395400 
2.395500 
2.395700 
2.396300 
2.396400 
2.398700 
2.398800 
2.398900 
2.399400 
2.399600 
2.399900 
2.400100 
2.400200 
2.400800 
2.400900 
2.401000 
2.402600 
2.402700 
2.403000 
2.403200 
2.403500 
2.403800 
2.403900 
2.404600 
2.404700 
2.405300 
2.406200 
2.406600 
2.406600 
2.407700 
2.408100 
2.408400 
2.408700 
2.408700 
2.408800 
2.408900 
2.409500 
2.409600 
2.410400 
2.410700 
2.411200 
2.412500 
2.412600 
2.412800 
2.413200 
2.413400 
2.414000 
2.414500 
2.414700 
2.415000 
2.415400 
2.415600 
2.415700 
2.415700 
2.415700 
2.416500 
2.416600 
2.416700 
2.417500 
2.417800 
2.418000 
2.418200 
2.418300 
2.418400 
2.418400 
2.418400 
2.418600 
2.419000 
2.419100 
2.420600 
2.420900 
2.421100 
2.421200 
2.422200 
2.423200 
2.425400 
2.425500 
2.425500 
2.425500 
2.426200 
2.426700 
2.427100 
2.427100 
2.427200 
2.427400 
2.428000 
2.428000 
2.428500 
2.429100 
2.429600 
2.430400 
2.431000 
2.431500 
2.432200 
2.432300 
2.432400 
2.432700 
2.432900 
2.435400 
2.435500 
2.435800 
2.435800 
2.436100 
2.436500 
2.436500 
2.436600 
2.436800 
2.437000 
2.437300 
2.438100 
2.438600 
2.438800 
2.439400 
2.439600 
2.439600 
2.440800 
2.441400 
2.441500 
2.441600 
2.441600 
2.442300 
2.442600 
2.443500 
2.443800 
2.443900 
2.443900 
2.444000 
2.444400 
2.444600 
2.445000 
2.445400 
2.445600 
2.445800 
2.445900 
2.446100 
2.446300 
2.446900 
2.447000 
2.447600 
2.447700 
2.447900 
2.448200 
2.448200 
2.448200 
2.448900 
2.448900 
2.449100 
2.450200 
2.450600 
2.451100 
2.451600 
2.451900 
2.452400 
2.452500 
2.452600 
2.452700 
2.452900 
2.453000 
2.453700 
2.453900 
2.455200 
2.456800 
2.456800 
2.456900 
2.457000 
2.457300 
2.457600 
2.457700 
2.458200 
2.458300 
2.459400 
2.459400 
2.459700 
2.460500 
2.460900 
2.460900 
2.461800 
2.462100 
2.462200 
2.462400 
2.462700 
2.462700 
2.462800 
2.463200 
2.463600 
2.463800 
2.463900 
2.464200 
2.464500 
2.464500 
2.465400 
2.465900 
2.466200 
2.466200 
2.466400 
2.466500 
2.466500 
2.466700 
2.466900 
2.467400 
2.467400 
2.468000 
2.468100 
2.468100 
2.468800 
2.470500 
2.471500 
2.471500 
2.474500 
2.474700 
2.474900 
2.475200 
2.475900 
2.476000 
2.476000 
2.476400 
2.476500 
2.476600 
2.476700 
2.477000 
2.478000 
2.478000 
2.478200 
2.478300 
2.478400 
2.478500 
2.479000 
2.479200 
2.479300 
2.480400 
2.480600 
2.480800 
2.480800 
2.480900 
2.481300 
2.481600 
2.481600 
2.481800 
2.481800 
2.482400 
2.483400 
2.483700 
2.484500 
2.484700 
2.485100 
2.485100 
2.485500 
2.486000 
2.486100 
2.486100 
2.486200 
2.486300 
2.486500 
2.486600 
2.486700 
2.486900 
2.487100 
2.488100 
2.488100 
2.488100 
2.488700 
2.489100 
2.489500 
2.489900 
2.490000 
2.490100 
2.490700 
2.490700 
2.491600 
2.492100 
2.492600 
2.493800 
2.494000 
2.494100 
2.494600 
2.494700 
2.494800 
2.496100 
2.496300 
2.496300 
2.496400 
2.496600 
2.496700 
2.497000 
2.497200 
2.497300 
2.497600 
2.498000 
2.498100 
2.498300 
2.498600 
2.498900 
2.498900 
2.499000 
2.499500 
2.499800 
2.500000 
2.500300 
2.500600 
2.500800 
2.500800 
2.501400 
2.501800 
2.501800 
2.502300 
2.502700 
2.502900 
2.503500 
2.503500 
2.503600 
2.503600 
2.503800 
2.504600 
2.505300 
2.505800 
2.506300 
2.506300 
2.506500 
2.506500 
2.506800 
2.507000 
2.507300 
2.507500 
2.507600 
2.508000 
2.508100 
2.508700 
2.508800 
2.509300 
2.509500 
2.510300 
2.510400 
2.510400 
2.511300 
2.511900 
2.512000 
2.513700 
2.514100 
2.514700 
2.515200 
2.515200 
2.515500 
2.515500 
2.515600 
2.516400 
2.516800 
2.516800 
2.517200 
2.517800 
2.518000 
2.518000 
2.518500 
2.518900 
2.519000 
2.519300 
2.520100 
2.520200 
2.520700 
2.520900 
2.521000 
2.521000 
2.521100 
2.521200 
2.521200 
2.521600 
2.521600 
2.521800 
2.521900 
2.522000 
2.522500 
2.522600 
2.522900 
2.523000 
2.523700 
2.524000 
2.524100 
2.524200 
2.524300 
2.524400 
2.524700 
2.525700 
2.526700 
2.527200 
2.528000 
2.528000 
2.528000 
2.528500 
2.529100 
2.529200 
2.531200 
2.531900 
2.532700 
2.532900 
2.532900 
2.533200 
2.533600 
2.533900 
2.534000 
2.534300 
2.535800 
2.537300 
2.537400 
2.538300 
2.539000 
2.539300 
2.539600 
2.539800 
2.539900 
2.540000 
2.540000 
2.540100 
2.540100 
2.540200 
2.540800 
2.541100 
2.541400 
2.541800 
2.542000 
2.542200 
2.542300 
2.542900 
2.543200 
2.543500 
2.543500 
2.543600 
2.544300 
2.544900 
2.545200 
2.545500 
2.546000 
2.546200 
2.546400 
2.546600 
2.546800 
2.547700 
2.547700 
2.547900 
2.548000 
2.548300 
2.548600 
2.548700 
2.549000 
2.549100 
2.549200 
2.550000 
2.551500 
2.551600 
2.551800 
2.552300 
2.553600 
2.553700 
2.554900 
2.555100 
2.555400 
2.556000 
2.556500 
2.556600 
2.556700 
2.557700 
2.558200 
2.558400 
2.558400 
2.558400 
2.558900 
2.559200 
2.559300 
2.559600 
2.559800 
2.560300 
2.560500 
2.560600 
2.561300 
2.561800 
2.561800 
2.562000 
2.562100 
2.562400 
2.562600 
2.562900 
2.563300 
2.564200 
2.564900 
2.565000 
2.565100 
2.565700 
2.566100 
2.566400 
2.566600 
2.566900 
2.567600 
2.567700 
2.567900 
2.568000 
2.568100 
2.568500 
2.569700 
2.569800 
2.570200 
2.570900 
2.571200 
2.571500 
2.571800 
2.572000 
2.572100 
2.572600 
2.573200 
2.573200 
2.573300 
2.573300 
2.573600 
2.573700 
2.573900 
2.574200 
2.574600 
2.574700 
2.575000 
2.575500 
2.577000 
2.577400 
2.577600 
2.578000 
2.578800 
2.579200 
2.579400 
2.579600 
2.579700 
2.579900 
2.580200 
2.580200 
2.580400 
2.580500 
2.580600 
2.580700 
2.581300 
2.581900 
2.582100 
2.582200 
2.582700 
2.583500 
2.583600 
2.583800 
2.584100 
2.584100 
2.584200 
2.584200 
2.584900 
2.584900 
2.585300 
2.585500 
2.585500 
2.585600 
2.586300 
2.587000 
2.587500 
2.587500 
2.588300 
2.588900 
2.588900 
2.590200 
2.590400 
2.590600 
2.591300 
2.591700 
2.591900 
2.592700 
2.592700 
2.593700 
2.593700 
2.594400 
2.595000 
2.595200 
2.595500 
2.596100 
2.596200 
2.596300 
2.596500 
2.596600 
2.596700 
2.597200 
2.597600 
2.597800 
2.597900 
2.598100 
2.598100 
2.598700 
2.598800 
2.599200 
2.599700 
2.600200 
2.600800 
2.601200 
2.601200 
2.601300 
2.601500 
2.601800 
2.602100 
2.602300 
2.603000 
2.603200 
2.603500 
2.603700 
2.603900 
2.603900 
2.604100 
2.604200 
2.604400 
2.604700 
2.604900 
2.605100 
2.605200 
2.605400 
2.605500 
2.605800 
2.606000 
2.607300 
2.608400 
2.608900 
2.609000 
2.609600 
2.610200 
2.610500 
2.610600 
2.611400 
2.611900 
2.612200 
2.612300 
2.612800 
2.613000 
2.613500 
2.613600 
2.613800 
2.614500 
2.615400 
2.615600 
2.615600 
2.615800 
2.616400 
2.617000 
2.617700 
2.618100 
2.618400 
2.618600 
2.618700 
2.618800 
2.618900 
2.619900 
2.620600 
2.620900 
2.621100 
2.621600 
2.622700 
2.622900 
2.623200 
2.623700 
2.624000 
2.624200 
2.624400 
2.624400 
2.624500 
2.624700 
2.624900 
2.625600 
2.626100 
2.626200 
2.626800 
2.626800 
2.627400 
2.627400 
2.627600 
2.627900 
2.628700 
2.629200 
2.629200 
2.629200 
2.629300 
2.629300 
2.629800 
2.629900 
2.630000 
2.631500 
2.631600 
2.631900 
2.633000 
2.633800 
2.633900 
2.633900 
2.634100 
2.634600 
2.635200 
2.635800 
2.636200 
2.637500 
2.638700 
2.638900 
2.639300 
2.639400 
2.639500 
2.639800 
2.640700 
2.641100 
2.641200 
2.641400 
2.642000 
2.642500 
2.642800 
2.643900 
2.644500 
2.644700 
2.645400 
2.645500 
2.645600 
2.645700 
2.645700 
2.645800 
2.646600 
2.647300 
2.647400 
2.647500 
2.647600 
2.648600 
2.649300 
2.649500 
2.649600 
2.649800 
2.650500 
2.650900 
2.651500 
2.651600 
2.651700 
2.651800 
2.651900 
2.652400 
2.652600 
2.652700 
2.652800 
2.653700 
2.653900 
2.654200 
2.654500 
2.654600 
2.654700 
2.655000 
2.655300 
2.655400 
2.656600 
2.657200 
2.657700 
2.658000 
2.658200 
2.658500 
2.658500 
2.658600 
2.659000 
2.659300 
2.659400 
2.660100 
2.661000 
2.661000 
2.661500 
2.661800 
2.662900 
2.663600 
2.663800 
2.664200 
2.664200 
2.664400 
2.664400 
2.664400 
2.665200 
2.666200 
2.666200 
2.666600 
2.666700 
2.666900 
2.668000 
2.668100 
2.668100 
2.668700 
2.669000 
2.669900 
2.670900 
2.671100 
2.671100 
2.671100 
2.671300 
2.671600 
2.671600 
2.671700 
2.672200 
2.672400 
2.672700 
2.672900 
2.673200 
2.673500 
2.674200 
2.674300 
2.674400 
2.674400 
2.674500 
2.674900 
2.675300 
2.675300 
2.675500 
2.676300 
2.676500 
2.676500 
2.677200 
2.678200 
2.678300 
2.679500 
2.679700 
2.679900 
2.680100 
2.680100 
2.680800 
2.681400 
2.681700 
2.683400 
2.683400 
2.683500 
2.684400 
2.684500 
2.684500 
2.684600 
2.685000 
2.685100 
2.685400 
2.686000 
2.686600 
2.687000 
2.688700 
2.689000 
2.689200 
2.689200 
2.689300 
2.689400 
2.689500 
2.689500 
2.689800 
2.689800 
2.690000 
2.690200 
2.690400 
2.690500 
2.690800 
2.691900 
2.692300 
2.692500 
2.693000 
2.693600 
2.693900 
2.694300 
2.695100 
2.695200 
2.695600 
2.695700 
2.696300 
2.696700 
2.696700 
2.697200 
2.697400 
2.698100 
2.698200 
2.698600 
2.698800 
2.699300 
2.700200 
2.700300 
2.700700 
2.700900 
2.701600 
2.702700 
2.703200 
2.703500 
2.703700 
2.703800 
2.704400 
2.704400 
2.704800 
2.704900 
2.705100 
2.706600 
2.706900 
2.707000 
2.707300 
2.707700 
2.707700 
2.708200 
2.710500 
2.710900 
2.711700 
2.711800 
2.712000 
2.712400 
2.712700 
2.713000 
2.713500 
2.713500 
2.713600 
2.713600 
2.713800 
2.714300 
2.714500 
2.714600 
2.714700 
2.714700 
2.714900 
2.715100 
2.715200 
2.715600 
2.717000 
2.717100 
2.717200 
2.717600 
2.717600 
2.717800 
2.717800 
2.717900 
2.718100 
2.718500 
2.718900 
2.719000 
2.719500 
2.719800 
2.719900 
2.720200 
2.720500 
2.720600 
2.720800 
2.721300 
2.723900 
2.724000 
2.724500 
2.724700 
2.725100 
2.725400 
2.725700 
2.726300 
2.726500 
2.726900 
2.728300 
2.728400 
2.728700 
2.728800 
2.729700 
2.729800 
2.729900 
2.730000 
2.730300 
2.730400 
2.731300 
2.731900 
2.733000 
2.733000 
2.733400 
2.733600 
2.734100 
2.734200 
2.734600 
2.734600 
2.734700 
2.735700 
2.735900 
2.736100 
2.737200 
2.737500 
2.737600 
2.738000 
2.738300 
2.738400 
2.738400 
2.738500 
2.739500 
2.740000 
2.740100 
2.740200 
2.740300 
2.740600 
2.740800 
2.741400 
2.741500 
2.741600 
2.741700 
2.742000 
2.742400 
2.742800 
2.742800 
2.743200 
2.743300 
2.743400 
2.743400 
2.743700 
2.745500 
2.746500 
2.746900 
2.747100 
2.747200 
2.747300 
2.747300 
2.747500 
2.748000 
2.748100 
2.748200 
2.749200 
2.749600 
2.750300 
2.750600 
2.751500 
2.751800 
2.752000 
2.753500 
2.753700 
2.754800 
2.754800 
2.755200 
2.755200 
2.755600 
2.755600 
2.755900 
2.756300 
2.756500 
2.756900 
2.757600 
2.758500 
2.758800 
2.759000 
2.760200 
2.760500 
2.760600 
2.760900 
2.761100 
2.761200 
2.761600 
2.761800 
2.762300 
2.762600 
2.762700 
2.763100 
2.763200 
2.763400 
2.763600 
2.763600 
2.764200 
2.764500 
2.764600 
2.765200 
2.765400 
2.765400 
2.765600 
2.766700 
2.766800 
2.767000 
2.767100 
2.767200 
2.767200 
2.768000 
2.768300 
2.768400 
2.768800 
2.768800 
2.768900 
2.769100 
2.769900 
2.770000 
2.771100 
2.771300 
2.771700 
2.772300 
2.772500 
2.773000 
2.773100 
2.773700 
2.773800 
2.774200 
2.774200 
2.774400 
2.774600 
2.775200 
2.775600 
2.775600 
2.775600 
2.775900 
2.776000 
2.776300 
2.776600 
2.776900 
2.778200 
2.778500 
2.778800 
2.778900 
2.779100 
2.779300 
2.779500 
2.779700 
2.780400 
2.781400 
2.782300 
2.782700 
2.783800 
2.784300 
2.784600 
2.784900 
2.785400 
2.785400 
2.786300 
2.786900 
2.787000 
2.787100 
2.787200 
2.787300 
2.787400 
2.787500 
2.787600 
2.787700 
2.787900 
2.788300 
2.789400 
2.791700 
2.792100 
2.793100 
2.793100 
2.793400 
2.793900 
2.793900 
2.794000 
2.794300 
2.794400 
2.794600 
2.794700 
2.794700 
2.795100 
2.795100 
2.795100 
2.795300 
2.795500 
2.795500 
2.795500 
2.796100 
2.796300 
2.796300 
2.796600 
2.796700 
2.797400 
2.797900 
2.798000 
2.798200 
2.800100 
2.800100 
2.800200 
2.800700 
2.801500 
2.801900 
2.801900 
2.802300 
2.803300 
2.803500 
2.803700 
2.804100 
2.804400 
2.804700 
2.804900 
2.805000 
2.805200 
2.805400 
2.805700 
2.806100 
2.806500 
2.806600 
2.806600 
2.806600 
2.807100 
2.807300 
2.807700 
2.807800 
2.808900 
2.809600 
2.809800 
2.809900 
2.810600 
2.810800 
2.811300 
2.811900 
2.812000 
2.812300 
2.812400 
2.812500 
2.813200 
2.813500 
2.813900 
2.815200 
2.815300 
2.815400 
2.815600 
2.816100 
2.816300 
2.816800 
2.817400 
2.817600 
2.817700 
2.818100 
2.819100 
2.819400 
2.819600 
2.820000 
2.820300 
2.820500 
2.820500 
2.821100 
2.821200 
2.821300 
2.821900 
2.822400 
2.822600 
2.823200 
2.824200 
2.824200 
2.824400 
2.824500 
2.825000 
2.825200 
2.825400 
2.825500 
2.827600 
2.827600 
2.827600 
2.828000 
2.828200 
2.829400 
2.829500 
2.829700 
2.831500 
2.831600 
2.831800 
2.832000 
2.832200 
2.832600 
2.832700 
2.833200 
2.833600 
2.833600 
2.833600 
2.833600 
2.833900 
2.834800 
2.834900 
2.835200 
2.835300 
2.835500 
2.835500 
2.835600 
2.835600 
2.836300 
2.836500 
2.836800 
2.837400 
2.837800 
2.838900 
2.839300 
2.839500 
2.840100 
2.840100 
2.840300 
2.840500 
2.842300 
2.843500 
2.843600 
2.844700 
2.844800 
2.844900 
2.845000 
2.845100 
2.845100 
2.845500 
2.845700 
2.846200 
2.846500 
2.846700 
2.846900 
2.847000 
2.847900 
2.848100 
2.848400 
2.848500 
2.848500 
2.848600 
2.848700 
2.849200 
2.850500 
2.850500 
2.851100 
2.851600 
2.851700 
2.852200 
2.852600 
2.852800 
2.852900 
2.853000 
2.853100 
2.853100 
2.853400 
2.853600 
2.854500 
2.854600 
2.855100 
2.855400 
2.855900 
2.856400 
2.856500 
2.856600 
2.856700 
2.857200 
2.857300 
2.858900 
2.859000 
2.859100 
2.859200 
2.859400 
2.859700 
2.860100 
2.860900 
2.861800 
2.862000 
2.862700 
2.862800 
2.862900 
2.863000 
2.863000 
2.863000 
2.863600 
2.863700 
2.864100 
2.864900 
2.865500 
2.866100 
2.866200 
2.866400 
2.866700 
2.866800 
2.866900 
2.867000 
2.867200 
2.868100 
2.868800 
2.869100 
2.869900 
2.870300 
2.871500 
2.871800 
2.871900 
2.872100 
2.872200 
2.872400 
2.873200 
2.873300 
2.873600 
2.873700 
2.874100 
2.874900 
2.875000 
2.875400 
2.876200 
2.876400 
2.876400 
2.877300 
2.877500 
2.877500 
2.877900 
2.878700 
2.878800 
2.879700 
2.880000 
2.880200 
2.880200 
2.880500 
2.881200 
2.881200 
2.881400 
2.881500 
2.882500 
2.882800 
2.882800 
2.884000 
2.884300 
2.884500 
2.884800 
2.885400 
2.885400 
2.886200 
2.886500 
2.886800 
2.887000 
2.887200 
2.887300 
2.887400 
2.887800 
2.888200 
2.888400 
2.888400 
2.889700 
2.890300 
2.890600 
2.890700 
2.891600 
2.891600 
2.891800 
2.892200 
2.892200 
2.893000 
2.893400 
2.893700 
2.893900 
2.893900 
2.894400 
2.894600 
2.895000 
2.895400 
2.896000 
2.897500 
2.897800 
2.898400 
2.898600 
2.898700 
2.899200 
2.899300 
2.899300 
2.899500 
2.899900 
2.900000 
2.901100 
2.901500 
2.901600 
2.901600 
2.902500 
2.902500 
2.902800 
2.903300 
2.903500 
2.904000 
2.904000 
2.904300 
2.904600 
2.904600 
2.905000 
2.905600 
2.905700 
2.906200 
2.906700 
2.907000 
2.907400 
2.908800 
2.908900 
2.909000 
2.909400 
2.909700 
2.909900 
2.910000 
2.910200 
2.910800 
2.910900 
2.911100 
2.911300 
2.912200 
2.912700 
2.913000 
2.914400 
2.914900 
2.915100 
2.915800 
2.917000 
2.918000 
2.918300 
2.918700 
2.918900 
2.918900 
2.919400 
2.919500 
2.920600 
2.920800 
2.921600 
2.921700 
2.921900 
2.923100 
2.923400 
2.923400 
2.923700 
2.923800 
2.924200 
2.924400 
2.924600 
2.924700 
2.924700 
2.927400 
2.927500 
2.927800 
2.928500 
2.928600 
2.928700 
2.929200 
2.929200 
2.929500 
2.929600 
2.930200 
2.930200 
2.930600 
2.930900 
2.931000 
2.931300 
2.931400 
2.931900 
2.932300 
2.932400 
2.932500 
2.932600 
2.934000 
2.934200 
2.934300 
2.934700 
2.934800 
2.934900 
2.934900 
2.935500 
2.935600 
2.936000 
2.936100 
2.936200 
2.936200 
2.936500 
2.938600 
2.939800 
2.939800 
2.940000 
2.940100 
2.940200 
2.940200 
2.940800 
2.940900 
2.941100 
2.941100 
2.941500 
2.941900 
2.942000 
2.943600 
2.944000 
2.944100 
2.944200 
2.944500 
2.945700 
2.946200 
2.946400 
2.946600 
2.947900 
2.948200 
2.948200 
2.948300 
2.948300 
2.948300 
2.948700 
2.948800 
2.949000 
2.949200 
2.949400 
2.949600 
2.949600 
2.949900 
2.951200 
2.951800 
2.952100 
2.952300 
2.952600 
2.953100 
2.953700 
2.953700 
2.954000 
2.954900 
2.955800 
2.955900 
2.956000 
2.956400 
2.957100 
2.957200 
2.957200 
2.957300 
2.957900 
2.958300 
2.958700 
2.959400 
2.959400 
2.959700 
2.961300 
2.961500 
2.962600 
2.962700 
2.963800 
2.964100 
2.964800 
2.965200 
2.965200 
2.965600 
2.965700 
2.966100 
2.966100 
2.967400 
2.967800 
2.968400 
2.969200 
2.969300 
2.969400 
2.969500 
2.970300 
2.970300 
2.971000 
2.971400 
2.971800 
2.972200 
2.972500 
2.972800 
2.972900 
2.973400 
2.974100 
2.974200 
2.974300 
2.974400 
2.974600 
2.975000 
2.975100 
2.975400 
2.975600 
2.975800 
2.976600 
2.976900 
2.977500 
2.977800 
2.977900 
2.978100 
2.978200 
2.978700 
2.979300 
2.980000 
2.980400 
2.980500 
2.980700 
2.980800 
2.981100 
2.981300 
2.981400 
2.982800 
2.983600 
2.984100 
2.984800 
2.984900 
2.985100 
2.985600 
2.986400 
2.986500 
2.986600 
2.986800 
2.987500 
2.988300 
2.988300 
2.988500 
2.988500 
2.988600 
2.989000 
2.989100 
2.989800 
2.990200 
2.990300 
2.990700 
2.991100 
2.991600 
2.992100 
2.992100 
2.992200 
2.992300 
2.992600 
2.992700 
2.992700 
2.993100 
2.993400 
2.994300 
2.994600 
2.994600 
2.995100 
2.995200 
2.995900 
2.996400 
2.996900 
2.997900 
2.997900 
2.998000 
2.998600 
2.998800 
2.999900 
