11 
44 
13 
54 
28 
46 
16 
20 
10 
35 
9 
22 
3 
14 
48 
25 
5 
46 
41 
18 
26 
7 
24 
2 
28 
4 
19 
27 
45 
34 
8 
52 
6 
4 
38 
42 
16 
49 
47 
26 
33 
14 
43 
51 
11 
46 
44 
27 
55 
34 
53 
50 
52 
26 
1 
3 
11 
25 
40 
13 
41 
30 
0 
50 
4 
6 
26 
22 
11 
12 
6 
9 
38 
46 
26 
28 
44 
11 
21 
14 
46 
6 
30 
28 
17 
53 
7 
43 
20 
9 
35 
6 
47 
28 
16 
13 
40 
23 
44 
30 
29 
35 
51 
41 
13 
26 
46 
30 
34 
16 
31 
20 
32 
46 
0 
44 
5 
51 
32 
4 
33 
9 
35 
54 
43 
26 
14 
52 
32 
1 
13 
17 
51 
30 
2 
42 
55 
41 
16 
22 
33 
37 
4 
32 
46 
54 
18 
49 
34 
20 
41 
37 
6 
54 
34 
38 
20 
17 
3 
45 
32 
34 
1 
14 
55 
26 
18 
32 
4 
28 
38 
51 
13 
17 
43 
32 
35 
49 
10 
20 
7 
51 
8 
29 
50 
13 
24 
2 
30 
52 
38 
50 
26 
20 
18 
9 
47 
35 
22 
11 
52 
14 
29 
50 
10 
30 
21 
33 
0 
4 
21 
14 
2 
6 
10 
22 
53 
8 
37 
25 
12 
33 
11 
51 
15 
21 
14 
32 
50 
54 
6 
0 
11 
43 
7 
9 
20 
21 
40 
15 
49 
19 
34 
16 
4 
2 
13 
30 
9 
3 
17 
36 
19 
26 
13 
40 
0 
5 
30 
14 
6 
46 
23 
54 
1 
28 
31 
19 
2 
37 
1 
50 
53 
47 
23 
43 
44 
49 
47 
21 
19 
30 
23 
46 
26 
11 
16 
0 
9 
40 
4 
38 
51 
19 
32 
39 
51 
37 
30 
12 
13 
20 
31 
33 
21 
35 
2 
44 
8 
0 
35 
5 
28 
37 
1 
50 
41 
18 
46 
43 
3 
38 
11 
46 
47 
20 
30 
51 
3 
37 
38 
13 
30 
22 
32 
6 
14 
17 
4 
51 
34 
0 
4 
25 
37 
18 
54 
8 
45 
50 
42 
13 
21 
47 
1 
3 
51 
29 
54 
45 
32 
13 
31 
30 
29 
37 
44 
1 
27 
31 
43 
8 
22 
16 
46 
10 
53 
42 
4 
43 
36 
21 
18 
16 
33 
44 
10 
22 
29 
55 
3 
15 
2 
47 
0 
12 
50 
55 
16 
46 
38 
37 
18 
19 
5 
40 
3 
19 
20 
50 
34 
0 
33 
38 
25 
52 
31 
40 
2 
6 
49 
54 
11 
26 
9 
6 
12 
5 
19 
34 
45 
30 
4 
10 
14 
35 
22 
54 
41 
26 
23 
50 
9 
27 
46 
39 
2 
18 
40 
36 
44 
30 
9 
6 
45 
7 
17 
54 
27 
3 
18 
49 
20 
14 
11 
31 
24 
33 
0 
22 
38 
28 
42 
39 
10 
41 
26 
9 
19 
6 
25 
22 
27 
15 
9 
24 
1 
44 
35 
0 
5 
45 
36 
42 
34 
49 
25 
41 
24 
3 
39 
48 
6 
25 
33 
40 
52 
11 
23 
34 
32 
14 
41 
9 
38 
16 
53 
47 
37 
5 
3 
18 
45 
40 
54 
32 
14 
8 
28 
25 
30 
50 
33 
49 
15 
52 
2 
11 
28 
27 
26 
4 
24 
42 
23 
46 
9 
34 
44 
51 
33 
49 
4 
27 
15 
10 
39 
44 
28 
5 
51 
29 
11 
16 
48 
6 
47 
50 
7 
54 
13 
5 
44 
37 
12 
7 
18 
31 
28 
38 
54 
14 
10 
20 
46 
11 
50 
0 
1 
55 
26 
32 
13 
48 
21 
27 
33 
