51 
23 
45 
39 
52 
26 
17 
24 
25 
46 
48 
18 
5 
28 
15 
9 
31 
38 
41 
24 
5 
51 
1 
22 
8 
9 
20 
37 
28 
34 
6 
52 
49 
51 
13 
17 
0 
37 
43 
29 
52 
5 
44 
21 
9 
34 
28 
39 
7 
30 
8 
42 
18 
10 
43 
41 
34 
25 
23 
36 
22 
4 
5 
46 
8 
15 
31 
19 
2 
24 
28 
40 
38 
20 
22 
15 
1 
23 
44 
38 
39 
24 
33 
17 
5 
51 
48 
24 
20 
37 
41 
0 
39 
38 
37 
5 
24 
45 
30 
51 
8 
50 
15 
4 
38 
22 
32 
50 
1 
24 
7 
40 
47 
43 
28 
15 
13 
33 
6 
17 
20 
32 
38 
7 
5 
0 
45 
17 
16 
20 
32 
39 
43 
15 
23 
1 
27 
39 
5 
30 
6 
37 
27 
38 
4 
37 
29 
16 
20 
21 
30 
38 
49 
49 
37 
35 
30 
11 
52 
44 
37 
24 
42 
0 
13 
28 
5 
47 
15 
6 
14 
27 
20 
25 
9 
2 
5 
41 
43 
45 
28 
38 
25 
13 
16 
41 
0 
10 
22 
16 
48 
9 
28 
52 
28 
37 
19 
21 
31 
46 
24 
34 
16 
51 
43 
37 
11 
37 
12 
11 
43 
42 
50 
0 
40 
38 
12 
2 
27 
1 
22 
18 
38 
24 
37 
17 
1 
32 
43 
21 
38 
28 
16 
32 
39 
12 
15 
31 
14 
47 
3 
11 
38 
5 
30 
39 
7 
13 
8 
