25 
26 
9 
26 
22 
13 
13 
8 
9 
26 
18 
12 
22 
17 
6 
0 
21 
26 
22 
9 
5 
2 
25 
12 
22 
26 
9 
13 
19 
25 
3 
26 
12 
23 
22 
10 
8 
22 
26 
12 
19 
6 
13 
26 
25 
14 
22 
6 
26 
17 
7 
3 
18 
6 
22 
26 
19 
9 
25 
26 
12 
18 
19 
7 
22 
6 
8 
14 
9 
25 
26 
22 
26 
19 
20 
25 
9 
10 
22 
17 
18 
26 
25 
22 
12 
19 
26 
3 
22 
26 
9 
7 
0 
12 
25 
26 
22 
25 
12 
26 
13 
20 
7 
22 
2 
18 
25 
6 
26 
3 
24 
22 
19 
12 
26 
22 
8 
20 
2 
25 
12 
26 
6 
9 
25 
26 
22 
26 
7 
25 
20 
22 
0 
26 
6 
21 
13 
7 
26 
25 
22 
12 
15 
22 
26 
20 
17 
6 
3 
9 
11 
12 
25 
10 
26 
22 
18 
26 
19 
7 
8 
9 
22 
25 
26 
6 
22 
26 
9 
21 
13 
10 
26 
22 
8 
26 
25 
9 
7 
22 
5 
20 
25 
26 
18 
19 
9 
8 
22 
3 
26 
12 
25 
22 
26 
7 
19 
22 
2 
3 
26 
25 
9 
12 
26 
24 
3 
21 
19 
22 
5 
6 
18 
7 
26 
12 
22 
26 
25 
21 
8 
3 
22 
20 
26 
25 
19 
12 
7 
22 
2 
20 
26 
25 
6 
8 
19 
26 
10 
12 
13 
22 
26 
6 
19 
3 
25 
7 
26 
22 
10 
12 
9 
22 
26 
8 
12 
22 
26 
17 
19 
20 
26 
22 
7 
25 
26 
14 
22 
17 
0 
19 
6 
26 
13 
22 
10 
25 
3 
12 
26 
5 
6 
19 
22 
3 
26 
25 
8 
7 
22 
26 
6 
26 
22 
18 
19 
25 
12 
26 
18 
22 
26 
9 
19 
25 
21 
12 
22 
26 
9 
6 
26 
3 
25 
21 
26 
10 
22 
12 
19 
9 
25 
20 
26 
8 
5 
12 
22 
26 
7 
22 
25 
6 
26 
9 
12 
21 
26 
22 
12 
25 
20 
6 
19 
22 
0 
3 
25 
26 
18 
16 
22 
12 
26 
25 
6 
26 
16 
8 
21 
22 
12 
3 
26 
7 
12 
22 
26 
25 
6 
13 
12 
9 
25 
20 
26 
3 
8 
19 
12 
13 
22 
6 
25 
7 
21 
19 
26 
25 
9 
26 
22 
12 
3 
26 
6 
14 
25 
22 
12 
17 
18 
26 
22 
25 
26 
22 
3 
19 
12 
18 
2 
22 
26 
25 
7 
6 
19 
9 
20 
12 
22 
8 
25 
26 
26 
18 
22 
13 
18 
25 
26 
21 
0 
25 
26 
20 
22 
6 
25 
12 
19 
7 
26 
22 
13 
25 
18 
12 
6 
22 
26 
3 
9 
19 
22 
10 
12 
6 
2 
25 
26 
7 
22 
13 
6 
19 
26 
12 
25 
22 
18 
19 
26 
0 
20 
7 
21 
13 
26 
22 
7 
25 
26 
6 
22 
19 
24 
21 
26 
18 
22 
6 
13 
22 
26 
23 
12 
20 
22 
25 
26 
18 
8 
0 
19 
13 
12 
22 
2 
26 
25 
18 
19 
12 
3 
6 
7 
18 
22 
26 
13 
26 
19 
0 
22 
23 
26 
22 
26 
3 
10 
25 
7 
26 
9 
12 
3 
22 
19 
26 
25 
22 
12 
26 
8 
7 
18 
13 
25 
9 
19 
26 
6 
20 
22 
26 
9 
7 
12 
13 
25 
26 
22 
12 
9 
22 
26 
13 
25 
6 
7 
26 
22 
12 
6 
3 
22 
19 
9 
25 
0 
26 
9 
13 
25 
26 
22 
23 
12 
18 
6 
22 
19 
26 
8 
22 
6 
13 
26 
22 
12 
6 
21 
25 
9 
22 
26 
22 
25 
8 
7 
11 
18 
26 
25 
2 
26 
6 
19 
25 
21 
12 
26 
22 
10 
6 
12 
19 
25 
26 
22 
22 
26 
7 
25 
13 
22 
12 
2 
25 
26 
0 
22 
6 
3 
25 
19 
26 
17 
22 
12 
8 
26 
13 
7 
22 
15 
6 
26 
25 
17 
26 
22 
25 
12 
