37 
12 
44 
29 
19 
9 
61 
25 
54 
14 
64 
8 
4 
13 
52 
7 
27 
63 
51 
61 
47 
13 
50 
42 
1 
35 
2 
0 
24 
23 
61 
57 
31 
5 
55 
28 
14 
46 
13 
34 
55 
0 
37 
14 
40 
23 
16 
61 
23 
18 
29 
35 
57 
21 
14 
33 
43 
31 
22 
36 
62 
6 
48 
30 
11 
32 
7 
61 
28 
54 
7 
5 
53 
6 
43 
42 
58 
55 
20 
63 
61 
16 
50 
29 
49 
38 
21 
44 
35 
9 
20 
28 
6 
30 
42 
33 
1 
38 
9 
51 
63 
50 
2 
16 
62 
33 
24 
54 
9 
19 
17 
20 
18 
45 
40 
24 
7 
17 
38 
29 
47 
5 
42 
7 
11 
30 
48 
57 
32 
2 
41 
7 
49 
16 
63 
38 
53 
21 
7 
53 
19 
24 
17 
35 
18 
44 
31 
29 
54 
12 
11 
4 
7 
36 
22 
2 
57 
13 
11 
49 
27 
34 
31 
45 
11 
62 
57 
52 
46 
37 
18 
17 
60 
55 
29 
39 
36 
0 
44 
24 
57 
14 
32 
56 
11 
60 
34 
12 
2 
13 
59 
48 
26 
0 
57 
15 
28 
11 
47 
32 
58 
4 
59 
55 
7 
17 
27 
7 
55 
10 
22 
1 
7 
21 
38 
25 
28 
48 
59 
8 
57 
9 
31 
33 
37 
16 
61 
40 
29 
45 
43 
20 
17 
61 
30 
47 
31 
43 
37 
16 
2 
28 
38 
61 
50 
7 
17 
45 
29 
62 
0 
51 
48 
15 
5 
56 
14 
11 
17 
6 
49 
64 
37 
17 
52 
49 
64 
19 
60 
17 
1 
38 
4 
26 
40 
54 
21 
8 
39 
35 
3 
63 
36 
49 
64 
21 
61 
31 
46 
45 
37 
11 
23 
14 
51 
62 
17 
10 
48 
12 
18 
31 
8 
32 
60 
55 
35 
14 
45 
4 
34 
29 
2 
22 
62 
40 
45 
23 
44 
38 
64 
45 
30 
1 
42 
47 
13 
36 
63 
19 
15 
50 
26 
18 
58 
34 
37 
15 
41 
17 
11 
33 
56 
16 
51 
42 
34 
60 
51 
15 
39 
29 
10 
48 
12 
42 
18 
1 
40 
17 
48 
51 
56 
62 
38 
55 
36 
24 
35 
42 
4 
52 
41 
24 
55 
11 
26 
59 
21 
45 
58 
18 
23 
43 
2 
8 
18 
39 
62 
40 
19 
57 
21 
32 
27 
18 
0 
54 
2 
39 
16 
55 
35 
15 
24 
60 
45 
4 
50 
6 
61 
28 
17 
37 
28 
61 
37 
33 
3 
47 
60 
59 
7 
15 
0 
63 
12 
20 
58 
4 
27 
40 
28 
26 
52 
51 
48 
46 
57 
12 
19 
44 
17 
58 
41 
6 
52 
28 
41 
51 
62 
31 
18 
62 
23 
18 
55 
9 
16 
51 
0 
24 
5 
13 
39 
28 
23 
36 
22 
40 
58 
38 
25 
36 
4 
30 
48 
41 
1 
10 
8 
55 
46 
1 
40 
25 
18 
37 
16 
12 
63 
27 
40 
1 
18 
29 
16 
48 
41 
58 
3 
18 
9 
13 
60 
19 
53 
27 
13 
8 
62 
30 
41 
10 
14 
49 
22 
53 
43 
24 
9 
39 
11 
6 
55 
37 
53 
22 
36 
43 
56 
23 
35 
22 
16 
20 
58 
42 
59 
12 
38 
5 
21 
0 
49 
37 
26 
44 
64 
16 
58 
59 
20 
8 
0 
8 
12 
63 
55 
47 
37 
56 
