0.019200 
0.020600 
0.026500 
0.029500 
0.029700 
0.032900 
0.032900 
0.035900 
0.053000 
0.055100 
0.057800 
0.069600 
0.070800 
0.071500 
0.077600 
0.078100 
0.078800 
0.080800 
0.082400 
0.082700 
0.083600 
0.088400 
0.088400 
0.088900 
0.090100 
0.092600 
0.095100 
0.107600 
0.109800 
0.110300 
0.111000 
0.112600 
0.127100 
0.129100 
0.134100 
0.135200 
0.136500 
0.136700 
0.139800 
0.140600 
0.144000 
0.151000 
0.152900 
0.160600 
0.168200 
0.171200 
0.174300 
0.175400 
0.185900 
0.191400 
0.194100 
0.196000 
0.196200 
0.198900 
0.203200 
0.203300 
0.209400 
0.212500 
0.215300 
0.217400 
0.218000 
0.228100 
0.228400 
0.230600 
0.232200 
0.233300 
0.245300 
0.246200 
0.250300 
0.255300 
0.255300 
0.264100 
0.268600 
0.269400 
0.275200 
0.275500 
0.282700 
0.283300 
0.285700 
0.285700 
0.291000 
0.297400 
0.304500 
0.305400 
0.305600 
0.307500 
0.309300 
0.311200 
0.314900 
0.315000 
0.321600 
0.322700 
0.329900 
0.330100 
0.330800 
0.331700 
0.332400 
0.333300 
0.340500 
0.343700 
0.344400 
0.345800 
0.349900 
0.350100 
0.353900 
0.357500 
0.358700 
0.358900 
0.359200 
0.360600 
0.360600 
0.362000 
0.362800 
0.375300 
0.381300 
0.383800 
0.385400 
0.389200 
0.392300 
0.394100 
0.401100 
0.401200 
0.403600 
0.404200 
0.406200 
0.407000 
0.409300 
0.409800 
0.411100 
0.417600 
0.418200 
0.420400 
0.427400 
0.428400 
0.435800 
0.439000 
0.441300 
0.442700 
0.443400 
0.445900 
0.449900 
0.450100 
0.451400 
0.455000 
0.455200 
0.460900 
0.463200 
0.466200 
0.468400 
0.469200 
0.471200 
0.471600 
0.477300 
0.477700 
0.480700 
0.480800 
0.482000 
0.482800 
0.493800 
0.494700 
0.495400 
0.495700 
0.496500 
0.496600 
0.498200 
0.499300 
0.500100 
0.505300 
0.506800 
0.518500 
0.523900 
0.527800 
0.528400 
0.529700 
0.532000 
0.538300 
0.541400 
0.548300 
0.556200 
0.558000 
0.559900 
0.565500 
0.567100 
0.572700 
0.573100 
0.578000 
0.579800 
0.579900 
0.584900 
0.591700 
0.592500 
0.594300 
0.595800 
0.597300 
0.601300 
0.603100 
0.603100 
0.604900 
0.606100 
0.606800 
0.607700 
0.614000 
0.621300 
0.627200 
0.632700 
0.637900 
0.639700 
0.643500 
0.652900 
0.653200 
0.654600 
0.661800 
0.664700 
0.665100 
0.666500 
0.670100 
0.670700 
0.673100 
0.678500 
0.680700 
0.683100 
0.685800 
0.686100 
0.687500 
0.688800 
0.694400 
0.697500 
0.697700 
0.698800 
0.699500 
0.700400 
0.700400 
0.703900 
0.708600 
0.712100 
0.713200 
0.715400 
0.720500 
0.728500 
0.729000 
0.740600 
0.744200 
0.747000 
0.747100 
0.751000 
0.752900 
0.753800 
0.762200 
0.763900 
0.766200 
0.770900 
0.771500 
0.776400 
0.778500 
0.778700 
0.782600 
0.789200 
0.792700 
0.796600 
0.798900 
0.810000 
0.813600 
0.817900 
0.818100 
0.819700 
0.819700 
0.820400 
0.823600 
0.828100 
0.831800 
0.833900 
0.838100 
0.848300 
0.849800 
0.853300 
0.854000 
0.857400 
0.858200 
0.865800 
0.867300 
0.868600 
0.868900 
0.869000 
0.869300 
0.870700 
0.871900 
0.872700 
0.874100 
0.877400 
0.877900 
0.878000 
0.880100 
0.881800 
0.882600 
0.888400 
0.889700 
0.894500 
0.895400 
0.896500 
0.900200 
0.903100 
0.903300 
0.903700 
0.906200 
0.906400 
0.908700 
0.909000 
0.914700 
0.926000 
0.930100 
0.930200 
0.931700 
0.931900 
0.933900 
0.936700 
0.938700 
0.947100 
0.952200 
0.954400 
0.956300 
0.957400 
0.960300 
0.960900 
0.976900 
0.978000 
0.978200 
0.979400 
0.980600 
0.982700 
0.992800 
0.999600 
0.999900 
1.000200 
1.002800 
1.003500 
1.007100 
1.007900 
1.009300 
1.013400 
1.013600 
1.015200 
1.016500 
1.017300 
1.020800 
1.022700 
1.022700 
1.022800 
1.032600 
1.035000 
1.036800 
1.051200 
1.054400 
1.055100 
1.057800 
1.058000 
1.066800 
1.068900 
1.071900 
1.072400 
1.079600 
1.080000 
1.081600 
1.084800 
1.085500 
1.088100 
1.088700 
1.093500 
1.097800 
1.102500 
1.107000 
1.111100 
1.115600 
1.118700 
1.127300 
1.128300 
1.128500 
1.134700 
1.136500 
1.137400 
1.138000 
1.141600 
1.146300 
1.147100 
1.147100 
1.147200 
1.157300 
1.157700 
1.159300 
1.170200 
1.170200 
1.173400 
1.177600 
1.179100 
1.180700 
1.181000 
1.182500 
1.184600 
1.185800 
1.186800 
1.189400 
1.195800 
1.195900 
1.198500 
1.201100 
1.204000 
1.205400 
1.206100 
1.212800 
1.213000 
1.217500 
1.217700 
1.220700 
1.220800 
1.223900 
1.224800 
1.229400 
1.229400 
1.231000 
1.235600 
1.236400 
1.236700 
1.238900 
1.241600 
1.241600 
1.243500 
1.247200 
1.247300 
1.250400 
1.255700 
1.256800 
1.263900 
1.265700 
1.266900 
1.268000 
1.268400 
1.273400 
1.273400 
1.273700 
1.276700 
1.279000 
1.279700 
1.284700 
1.285600 
1.291400 
1.293600 
1.295500 
1.296000 
1.296200 
1.296400 
1.299300 
1.303900 
1.304100 
1.304200 
1.306200 
1.309100 
1.311000 
1.312700 
1.321900 
1.326100 
1.327600 
1.329500 
1.330200 
1.331200 
1.332000 
1.332800 
1.334600 
1.336700 
1.338200 
1.342700 
1.348700 
1.351300 
1.353000 
1.355500 
1.357000 
1.359700 
1.362600 
1.369400 
1.376500 
1.378100 
1.382900 
1.383600 
1.383800 
1.390800 
1.392400 
1.393000 
1.396800 
1.399300 
1.402800 
1.403800 
1.404100 
1.406800 
1.406900 
1.411300 
1.413900 
1.414800 
1.416700 
1.421200 
1.422400 
1.424700 
1.426800 
1.431700 
1.435300 
1.436400 
1.438400 
1.441300 
1.442200 
1.443600 
1.445000 
1.451200 
1.454700 
1.456100 
1.456500 
1.467000 
1.468100 
1.471300 
1.472200 
1.472200 
1.472500 
1.481800 
1.484700 
1.493300 
1.497800 
1.499200 
1.499900 
1.504900 
1.507500 
1.511700 
1.512100 
1.513400 
1.516200 
1.517300 
1.517400 
1.518700 
1.518800 
1.521000 
1.527200 
1.529900 
1.530300 
1.531000 
1.542600 
1.543800 
1.545200 
1.545700 
1.545800 
1.546300 
1.548700 
1.550400 
1.551000 
1.560400 
1.565800 
1.566600 
1.567400 
1.567500 
1.567700 
1.569100 
1.571200 
1.573300 
1.575700 
1.578700 
1.581000 
1.581100 
1.582600 
1.582800 
1.589300 
1.594200 
1.594800 
1.597000 
1.599300 
1.600800 
1.601100 
1.604100 
1.605200 
1.605300 
1.612000 
1.612100 
1.612400 
1.618500 
1.619200 
1.619400 
1.621400 
1.622100 
1.622600 
1.622800 
1.629500 
1.631500 
1.634400 
1.634500 
1.634900 
1.635100 
1.636500 
1.638500 
1.639800 
1.642400 
1.650600 
1.653000 
1.653200 
1.653200 
1.654400 
1.656000 
1.656200 
1.657800 
1.663600 
1.663900 
1.666100 
1.666300 
1.667600 
1.668300 
1.668700 
1.668700 
1.677500 
1.679300 
1.683500 
1.683600 
1.683900 
1.684200 
1.685500 
1.688800 
1.690100 
1.691300 
1.691600 
1.693400 
1.693900 
1.695900 
1.701100 
1.702600 
1.708600 
1.709000 
1.710100 
1.714000 
1.718400 
1.718800 
1.720900 
1.721500 
1.724700 
1.725600 
1.726100 
1.727400 
1.727400 
1.727800 
1.729100 
1.732500 
1.736500 
1.738200 
1.740700 
1.740900 
1.744800 
1.745400 
1.746400 
1.749600 
1.750200 
1.754600 
1.756300 
1.762500 
1.766000 
1.775300 
1.779400 
1.779800 
1.781300 
1.784200 
1.789000 
1.789200 
1.792900 
1.793200 
1.795300 
1.797100 
1.799400 
1.799700 
1.800500 
1.804900 
1.809000 
1.811400 
1.811800 
1.812100 
1.813800 
1.815000 
1.816400 
1.817100 
1.817300 
1.820200 
1.821900 
1.828500 
1.828600 
1.833500 
1.833800 
1.835000 
1.836000 
1.839100 
1.839400 
1.840500 
1.843200 
1.844000 
1.850200 
1.850900 
1.852500 
1.854800 
1.858200 
1.859900 
1.863300 
1.866800 
1.869000 
1.870100 
1.870900 
1.872600 
1.872700 
1.873800 
1.874400 
1.874400 
1.875000 
1.875900 
1.875900 
1.877200 
1.880300 
1.885400 
1.885800 
1.885900 
1.887900 
1.888300 
1.894300 
1.895700 
1.897700 
1.900400 
1.901700 
1.901800 
1.904500 
1.905200 
1.907900 
1.915600 
1.916400 
1.917800 
1.918300 
1.921500 
1.922000 
1.923700 
1.924700 
1.925100 
1.926300 
1.926800 
1.927100 
1.930600 
1.930900 
1.933400 
1.936200 
1.938100 
1.938300 
1.941900 
1.942400 
1.944600 
1.948500 
1.952700 
1.956100 
1.958300 
1.960900 
1.961000 
1.968400 
1.968800 
1.969600 
1.969600 
1.972100 
1.973200 
1.975700 
1.977400 
1.979300 
1.979700 
1.980600 
1.981100 
1.982600 
1.982900 
1.983500 
1.984100 
1.986900 
1.988600 
1.988700 
1.990000 
1.990700 
1.990800 
1.994700 
1.996200 
1.996500 
1.997600 
1.999800 
2.000600 
2.007000 
2.016400 
2.017800 
2.020000 
2.023700 
2.025800 
2.029900 
2.030200 
2.033300 
2.033800 
2.041300 
2.042800 
2.044800 
2.047800 
2.052500 
2.055100 
2.063400 
2.063500 
2.063600 
2.064500 
2.068500 
2.070100 
2.073200 
2.073500 
2.075000 
2.077200 
2.086000 
2.086300 
2.087300 
2.088300 
2.092900 
2.095100 
2.096100 
2.097200 
2.099000 
2.099000 
2.099300 
2.106000 
2.106600 
2.109800 
2.110100 
2.110300 
2.110600 
2.111000 
2.113800 
2.115500 
2.116300 
2.116800 
2.119400 
2.119800 
2.120100 
2.120700 
2.121700 
2.122800 
2.123900 
2.126100 
2.127400 
2.128800 
2.132800 
2.133400 
2.133700 
2.134800 
2.137000 
2.142500 
2.144800 
2.148400 
2.151400 
2.154100 
2.154100 
2.156000 
2.157200 
2.161600 
2.161600 
2.162300 
2.163400 
2.165000 
2.167400 
2.170900 
2.172500 
2.178000 
2.179400 
2.180000 
2.181300 
2.182200 
2.188300 
2.189000 
2.190200 
2.190400 
2.191500 
2.193800 
2.194300 
2.196800 
2.197400 
2.197700 
2.200600 
2.200700 
2.201100 
2.202300 
2.202700 
2.205300 
2.208100 
2.210600 
2.216800 
2.219200 
2.221500 
2.222800 
2.223300 
2.223400 
2.229200 
2.232900 
2.233900 
2.234500 
2.234700 
2.237900 
2.239500 
2.242400 
2.244200 
2.246500 
2.250500 
2.251900 
2.258600 
2.261100 
2.261500 
2.262400 
2.263200 
2.264700 
2.265600 
2.265700 
2.271900 
2.272200 
2.275000 
2.276600 
2.278300 
2.279300 
2.280200 
2.284300 
2.286200 
2.288700 
2.289900 
2.291100 
2.295600 
2.299900 
2.303900 
2.305500 
2.310200 
2.311800 
2.313600 
2.313600 
2.313800 
2.316200 
2.316200 
2.316700 
2.319300 
2.319800 
2.322200 
2.324100 
2.326300 
2.329800 
2.330100 
2.331000 
2.331800 
2.335300 
2.335900 
2.337500 
2.338800 
2.340000 
2.343200 
2.343400 
2.351100 
2.351200 
2.351700 
2.352200 
2.352200 
2.352500 
2.353600 
2.355600 
2.356700 
2.356900 
2.357700 
2.360400 
2.362700 
2.362800 
2.371100 
2.371300 
2.371600 
2.371800 
2.375500 
2.386000 
2.386300 
2.387600 
2.389400 
2.391100 
2.392400 
2.393500 
2.396900 
2.397800 
2.401200 
2.402400 
2.402500 
2.403500 
2.405900 
2.409700 
2.410400 
2.413800 
2.413900 
2.417900 
2.420000 
2.421900 
2.423700 
2.425900 
2.426500 
2.427000 
2.431700 
2.432500 
2.434300 
2.434500 
2.434700 
2.438600 
2.440400 
2.443100 
2.446700 
2.449800 
2.450500 
2.453100 
2.455900 
2.457000 
2.459400 
2.460700 
2.461200 
2.462300 
2.465200 
2.465400 
2.467600 
2.467700 
2.471200 
2.473400 
2.475300 
2.477200 
2.478200 
2.478400 
2.484800 
2.485500 
2.487600 
2.489300 
2.489300 
2.492700 
2.493000 
2.498800 
2.500400 
2.501100 
2.503000 
2.506300 
2.509900 
2.510800 
2.512600 
2.512700 
2.513000 
2.513100 
2.513400 
2.517700 
2.520900 
2.521500 
2.523800 
2.524900 
2.525300 
2.527700 
2.531700 
2.533200 
2.533900 
2.536200 
2.536500 
2.541500 
2.543000 
2.544000 
2.547400 
2.547700 
2.551200 
2.554100 
2.554800 
2.556700 
2.557600 
2.559700 
2.560600 
2.560900 
2.568800 
2.569800 
2.570600 
2.572100 
2.572100 
2.574000 
2.575700 
2.579100 
2.582300 
2.582700 
2.585600 
2.587600 
2.589500 
2.589500 
2.596500 
2.596600 
2.601000 
2.604800 
2.605000 
2.605500 
2.606400 
2.606700 
2.606800 
2.608500 
2.609200 
2.611600 
2.612300 
2.612800 
2.615300 
2.618200 
2.618400 
2.626000 
2.626500 
2.628300 
2.628800 
2.629300 
2.630000 
2.633000 
2.633100 
2.634700 
2.635400 
2.637100 
2.637900 
2.643100 
2.643400 
2.643900 
2.644400 
2.644800 
2.647000 
2.648600 
2.649900 
2.652800 
2.653400 
2.662600 
2.663300 
2.665000 
2.665900 
2.667200 
2.667600 
2.668600 
2.670100 
2.671400 
2.672900 
2.673000 
2.681800 
2.684600 
2.685300 
2.689800 
2.690400 
2.693300 
2.697400 
2.697500 
2.699300 
2.699900 
2.707900 
2.708600 
2.713300 
2.714600 
2.716900 
2.717200 
2.719300 
2.721900 
2.722300 
2.722800 
2.726700 
2.727600 
2.730600 
2.734100 
2.736900 
2.737600 
2.738100 
2.738700 
2.740100 
2.740700 
2.742300 
2.748200 
2.748800 
2.750900 
2.752000 
2.754500 
2.755200 
2.756100 
2.756400 
2.757600 
2.757700 
2.758300 
2.759000 
2.762200 
2.768900 
2.770900 
2.773200 
2.774000 
2.776600 
2.780000 
2.781100 
2.781700 
2.783100 
2.783400 
2.784700 
2.785100 
2.790600 
2.790600 
2.792700 
2.793600 
2.795700 
2.798100 
2.798500 
2.800200 
2.800600 
2.802700 
2.804000 
2.805800 
2.807500 
2.812100 
2.815500 
2.820800 
2.821000 
2.821300 
2.821800 
2.824900 
2.825100 
2.825900 
2.830800 
2.835400 
2.839600 
2.843200 
2.844700 
2.847100 
2.848600 
2.851800 
2.855800 
2.856300 
2.856400 
2.856800 
2.857700 
2.865500 
2.867200 
2.867300 
2.868700 
2.870500 
2.871000 
2.871900 
2.873400 
2.873400 
2.873400 
2.878400 
2.879900 
2.886400 
2.886800 
2.887000 
2.888100 
2.891000 
2.892600 
2.893400 
2.893400 
2.895000 
2.895100 
2.897100 
2.900200 
2.900500 
2.900500 
2.903800 
2.907800 
2.911200 
2.912500 
2.914700 
2.916200 
2.916400 
2.920300 
2.923600 
2.925000 
2.928600 
2.929600 
2.930300 
2.932600 
2.936400 
2.936500 
2.937100 
2.938800 
2.939400 
2.939800 
2.942900 
2.943500 
2.947000 
2.957200 
2.958000 
2.958400 
2.959300 
2.964400 
2.967800 
2.968300 
2.970400 
2.972800 
2.972900 
2.974500 
2.976200 
2.976200 
2.980300 
2.980800 
2.981900 
2.983500 
2.986300 
2.986500 
2.987000 
2.989200 
2.989400 
2.991600 
2.993200 
2.993300 
2.993700 
2.996200 
2.998900 
