0.045000 
0.051300 
0.052600 
0.053800 
0.054500 
0.054600 
0.055400 
0.055700 
0.056500 
0.058100 
0.059400 
0.060200 
0.060200 
0.061500 
0.062800 
0.063600 
0.065300 
0.066700 
0.070500 
0.075300 
0.076300 
0.076400 
0.077500 
0.077700 
0.082200 
0.083900 
0.086100 
0.086600 
0.089300 
0.089800 
0.090900 
0.092800 
0.094600 
0.096000 
0.096500 
0.096700 
0.097800 
0.100300 
0.104500 
0.105800 
0.109000 
0.111400 
0.112600 
0.117400 
0.117600 
0.117700 
0.125200 
0.126800 
0.127900 
0.128800 
0.129800 
0.130100 
0.130700 
0.131200 
0.132200 
0.132500 
0.133200 
0.135100 
0.135400 
0.135800 
0.137600 
0.139400 
0.140500 
0.143100 
0.143400 
0.144600 
0.145300 
0.148700 
0.149300 
0.151100 
0.153200 
0.156900 
0.157900 
0.160100 
0.160700 
0.161700 
0.161900 
0.162500 
0.162600 
0.166500 
0.166600 
0.169700 
0.171400 
0.174900 
0.179100 
0.179100 
0.184200 
0.184400 
0.185700 
0.185800 
0.185900 
0.190600 
0.195300 
0.196300 
0.198300 
0.202700 
0.203400 
0.203400 
0.206600 
0.207200 
0.208000 
0.208200 
0.209300 
0.210300 
0.211200 
0.212300 
0.213300 
0.222600 
0.222800 
0.228400 
0.229200 
0.231900 
0.232200 
0.232400 
0.232700 
0.233700 
0.234800 
0.235100 
0.235600 
0.235700 
0.236100 
0.236400 
0.237600 
0.237600 
0.237700 
0.239100 
0.239900 
0.248800 
0.254100 
0.255200 
0.262700 
0.263900 
0.269000 
0.269600 
0.271600 
0.273300 
0.273500 
0.275100 
0.276800 
0.278200 
0.280800 
0.281400 
0.282300 
0.283400 
0.284300 
0.285600 
0.287000 
0.290100 
0.291800 
0.293500 
0.294300 
0.295400 
0.297400 
0.298000 
0.298100 
0.298600 
0.306300 
0.307600 
0.308400 
0.310000 
0.312100 
0.312100 
0.312300 
0.312900 
0.314800 
0.325000 
0.325300 
0.325500 
0.327600 
0.329500 
0.331800 
0.332100 
0.332400 
0.333100 
0.336100 
0.336700 
0.340200 
0.340600 
0.343500 
0.344500 
0.344700 
0.347500 
0.350300 
0.352600 
0.353700 
0.357800 
0.359000 
0.363200 
0.366100 
0.366500 
0.370700 
0.371600 
0.371600 
0.373000 
0.374600 
0.376000 
0.376500 
0.377500 
0.378000 
0.378900 
0.379700 
0.380400 
0.382100 
0.387600 
0.388300 
0.388500 
0.390000 
0.390100 
0.394300 
0.396600 
0.396900 
0.398900 
0.400000 
0.405300 
0.405600 
0.405900 
0.408000 
0.413900 
0.422900 
0.423300 
0.423400 
0.423700 
0.423800 
0.424700 
0.424900 
0.425900 
0.425900 
0.430300 
0.433000 
0.434300 
0.435600 
0.436800 
0.436800 
0.439100 
0.440100 
0.441200 
0.442300 
0.443000 
0.443600 
0.445400 
0.445700 
0.445800 
0.446600 
0.450100 
0.451700 
0.453100 
0.453600 
0.454500 
0.457500 
0.460900 
0.461400 
0.462300 
0.466000 
0.466700 
0.469000 
0.472300 
0.473500 
0.475600 
0.479200 
0.482900 
0.486100 
0.486500 
0.487300 
0.488700 
0.489200 
0.489400 
0.490600 
0.493300 
0.493700 
0.493900 
0.494700 
0.496600 
0.497000 
0.498300 
0.498500 
0.498700 
0.499100 
0.499600 
0.503000 
0.506200 
0.507000 
0.507100 
0.507600 
0.509500 
0.516100 
0.517600 
0.519100 
0.523000 
0.523800 
0.525300 
0.527300 
0.529400 
0.532400 
0.534400 
0.536700 
0.537200 
0.537200 
0.538600 
0.541100 
0.544200 
0.548600 
0.549200 
0.549600 
0.550200 
0.555300 
0.556300 
0.556400 
0.556500 
0.556500 
0.556700 
0.561200 
0.561500 
0.561800 
0.563100 
0.564000 
0.565900 
0.567600 
0.570800 
0.572400 
0.574600 
0.577900 
0.577900 
0.578100 
0.579800 
0.582800 
0.584000 
0.585900 
0.588100 
0.588400 
0.589200 
0.592400 
0.594200 
0.596900 
0.598600 
0.598700 
0.600200 
0.602700 
0.603000 
0.603500 
0.604600 
0.605000 
0.606000 
0.607900 
0.609900 
0.611400 
0.614000 
0.617100 
0.618400 
0.619200 
0.622100 
0.623400 
0.626000 
0.628300 
0.632000 
0.636900 
0.637400 
0.637800 
0.638300 
0.639000 
0.643000 
0.643900 
0.644900 
0.646900 
0.651900 
0.655100 
0.655900 
0.658100 
0.658200 
0.659300 
0.663800 
0.672800 
0.673800 
0.674800 
0.677800 
0.678400 
0.679100 
0.682000 
0.682700 
0.683700 
0.685100 
0.686000 
0.688700 
0.696100 
0.696100 
0.698000 
0.698100 
0.700700 
0.701300 
0.704600 
0.707200 
0.712300 
0.714000 
0.715900 
0.718200 
0.719800 
0.720900 
0.721600 
0.721700 
0.721800 
0.723700 
0.724700 
0.725000 
0.725700 
0.728000 
0.730400 
0.732100 
0.732900 
0.734800 
0.735400 
0.739400 
0.739600 
0.741300 
0.744000 
0.744800 
0.745200 
0.748600 
0.750700 
0.752900 
0.753600 
0.753800 
0.754100 
0.756100 
0.756300 
0.757500 
0.758700 
0.759300 
0.761400 
0.762100 
0.762700 
0.763000 
0.763400 
0.763800 
0.765700 
0.766900 
0.768100 
0.768500 
0.769700 
0.772200 
0.772700 
0.774000 
0.775200 
0.775300 
0.776100 
0.778700 
0.783400 
0.784200 
0.784300 
0.792100 
0.792200 
0.792300 
0.794000 
0.796400 
0.797700 
0.799600 
0.802900 
0.803400 
0.803400 
0.804100 
0.810200 
0.810600 
0.810600 
0.811000 
0.816500 
0.816900 
0.817600 
0.820200 
0.821300 
0.821700 
0.822200 
0.822500 
0.823000 
0.823400 
0.823500 
0.825700 
0.826700 
0.830600 
0.831100 
0.832400 
0.833700 
0.834300 
0.836200 
0.836800 
0.840100 
0.846700 
0.847600 
0.848400 
0.849200 
0.850300 
0.850800 
0.852500 
0.853100 
0.856900 
0.857600 
0.861600 
0.865700 
0.866800 
0.867800 
0.869200 
0.875100 
0.877700 
0.877800 
0.877900 
0.878000 
0.878200 
0.879200 
0.879300 
0.881100 
0.883300 
0.885700 
0.887400 
0.887500 
0.890300 
0.893200 
0.893300 
0.895900 
0.898100 
0.899400 
0.903500 
0.905000 
0.905500 
0.905600 
0.906800 
0.913200 
0.916500 
0.917500 
0.917500 
0.918200 
0.919100 
0.919700 
0.921600 
0.922500 
0.923700 
0.924800 
0.925100 
0.927400 
0.927900 
0.931000 
0.934800 
0.937100 
0.941700 
0.942200 
0.942400 
0.943800 
0.945200 
0.945200 
0.946000 
0.949100 
0.949500 
0.955200 
0.955800 
0.961000 
0.961400 
0.964300 
0.965000 
0.969200 
0.970600 
0.970800 
0.971100 
0.972200 
0.972400 
0.974500 
0.974600 
0.974800 
0.975600 
0.979700 
0.980000 
0.981400 
0.982600 
0.982800 
0.986600 
0.989900 
0.993800 
0.994100 
0.995000 
0.995400 
0.997700 
0.998600 
0.998700 
0.998900 
1.000800 
1.005300 
1.006500 
1.007100 
1.009700 
1.009800 
1.011000 
1.012600 
1.017800 
1.018400 
1.022100 
1.022700 
1.024300 
1.029700 
1.030000 
1.030900 
1.031200 
1.032600 
1.033100 
1.036900 
1.040200 
1.040400 
1.041100 
1.043400 
1.043400 
1.045400 
1.047900 
1.048300 
1.048800 
1.049100 
1.049400 
1.050400 
1.054900 
1.057300 
1.057400 
1.058100 
1.058800 
1.059000 
1.059900 
1.061000 
1.063600 
1.065100 
1.066000 
1.067100 
1.068900 
1.070000 
1.071300 
1.072800 
1.077100 
1.083700 
1.085100 
1.086100 
1.086700 
1.087400 
1.087700 
1.089000 
1.090100 
1.090600 
1.093700 
1.094000 
1.096300 
1.100000 
1.100400 
1.102100 
1.102300 
1.105700 
1.109100 
1.109300 
1.112400 
1.113800 
1.115200 
1.116400 
1.117700 
1.119700 
1.119700 
1.120200 
1.120400 
1.120700 
1.121600 
1.127000 
1.127300 
1.130400 
1.131500 
1.132700 
1.138900 
1.140400 
1.141200 
1.141700 
1.142900 
1.143000 
1.146300 
1.146300 
1.148000 
1.148800 
1.149000 
1.154500 
1.159600 
1.160300 
1.162400 
1.162700 
1.162800 
1.164200 
1.170100 
1.172200 
1.172800 
1.176300 
1.177000 
1.178300 
1.180900 
1.182300 
1.182900 
1.184300 
1.185600 
1.185900 
1.185900 
1.186400 
1.186500 
1.186700 
1.186700 
1.188200 
1.188500 
1.188700 
1.188900 
1.190000 
1.190200 
1.191900 
1.192100 
1.192200 
1.196100 
1.202800 
1.203300 
1.205100 
1.205700 
1.208500 
1.210200 
1.211400 
1.213800 
1.215600 
1.216100 
1.216500 
1.216900 
1.217200 
1.218900 
1.219400 
1.219900 
1.220200 
1.221500 
1.224200 
1.225400 
1.226100 
1.227700 
1.229600 
1.235500 
1.242300 
1.242800 
1.243200 
1.244300 
1.245800 
1.248600 
1.249700 
1.250500 
1.252600 
1.253500 
1.259400 
1.262100 
1.264300 
1.266300 
1.266600 
1.271000 
1.272500 
1.275700 
1.276300 
1.276400 
1.276700 
1.278800 
1.280000 
1.286000 
1.287800 
1.289800 
1.290400 
1.290600 
1.290800 
1.292800 
1.294000 
1.300400 
1.301100 
1.303600 
1.304300 
1.306200 
1.307200 
1.308400 
1.309300 
1.311600 
1.313900 
1.317000 
1.319900 
1.323600 
1.323900 
1.324100 
1.325600 
1.327300 
1.327600 
1.329000 
1.329400 
1.329500 
1.329500 
1.330700 
1.333300 
1.335400 
1.337700 
1.338300 
1.346300 
1.347600 
1.348400 
1.351400 
1.352300 
1.353500 
1.355200 
1.356400 
1.360500 
1.360600 
1.362300 
1.363500 
1.363600 
1.364900 
1.365500 
1.366000 
1.372200 
1.373000 
1.374700 
1.375300 
1.376800 
1.381800 
1.382100 
1.382700 
1.384500 
1.385000 
1.386600 
1.387600 
1.387700 
1.388800 
1.390500 
1.392200 
1.393000 
1.397100 
1.399000 
1.399800 
1.401700 
1.402300 
1.403000 
1.403500 
1.403700 
1.404100 
1.407300 
1.411400 
1.413300 
1.416200 
1.417000 
1.421400 
1.423900 
1.424000 
1.424500 
1.427400 
1.428600 
1.430200 
1.430900 
1.436200 
1.441600 
1.443800 
1.443900 
1.444600 
1.444700 
1.445600 
1.448900 
1.449000 
1.451400 
1.452900 
1.453300 
1.453500 
1.454400 
1.454800 
1.458600 
1.464500 
1.468600 
1.471200 
1.471900 
1.472000 
1.474000 
1.476100 
1.476900 
1.477100 
1.478000 
1.479100 
1.479200 
1.483000 
1.483300 
1.489300 
1.489500 
1.491300 
1.492900 
1.494500 
1.499300 
1.499300 
1.502000 
1.503000 
1.506500 
1.507800 
1.509800 
1.510900 
1.512300 
1.515800 
1.516600 
1.519300 
1.519400 
1.526200 
1.528300 
1.529200 
1.529300 
1.532900 
1.533300 
1.533900 
1.535000 
1.536000 
1.537400 
1.537500 
1.538900 
1.541900 
1.543000 
1.547600 
1.553400 
1.553700 
1.554000 
1.554000 
1.554900 
1.555400 
1.558500 
1.559100 
1.561100 
1.564000 
1.564500 
1.564700 
1.565900 
1.566500 
1.569000 
1.571100 
1.571400 
1.574700 
1.576000 
1.579100 
1.580400 
1.581800 
1.583600 
1.586700 
1.587300 
1.587600 
1.589000 
1.591900 
1.595500 
1.596000 
1.596900 
1.598500 
1.599600 
1.600000 
1.600700 
1.602400 
1.604800 
1.607500 
1.608700 
1.610400 
1.610500 
1.616000 
1.616600 
1.616900 
1.617500 
1.619100 
1.619700 
1.619800 
1.620300 
1.620800 
1.623000 
1.623100 
1.631800 
1.632500 
1.632600 
1.635400 
1.635900 
1.636000 
1.637500 
1.638300 
1.639900 
1.642400 
1.642400 
1.645100 
1.649500 
1.650700 
1.653100 
1.653400 
1.655500 
1.658000 
1.659000 
1.663100 
1.665300 
1.666300 
1.667500 
1.669300 
1.670100 
1.672200 
1.675400 
1.675500 
1.676100 
1.681500 
1.690700 
1.693100 
1.693100 
1.693700 
1.694500 
1.695600 
1.696900 
1.698500 
1.699700 
1.701800 
1.702200 
1.703800 
1.704200 
1.706300 
1.707500 
1.710000 
1.710400 
1.711500 
1.714000 
1.715600 
1.717000 
1.719700 
1.721300 
1.724500 
1.724800 
1.726100 
1.728900 
1.729000 
1.731400 
1.732800 
1.733100 
1.733200 
1.734900 
1.735400 
1.737000 
1.737900 
1.741600 
1.743500 
1.746200 
1.747600 
1.749400 
1.749900 
1.750700 
1.750800 
1.752900 
1.757200 
1.757400 
1.758000 
1.758100 
1.759900 
1.760300 
1.763900 
1.764200 
1.764300 
1.766800 
1.768200 
1.768800 
1.771600 
1.773800 
1.774900 
1.776400 
1.778700 
1.778900 
1.779700 
1.782900 
1.784800 
1.785400 
1.788600 
1.788600 
1.791100 
1.792700 
1.805700 
1.805900 
1.808800 
1.809000 
1.809200 
1.811900 
1.812800 
1.814600 
1.817300 
1.817300 
1.818000 
1.819500 
1.819800 
1.821000 
1.822700 
1.822900 
1.824000 
1.826700 
1.828900 
1.830200 
1.831400 
1.834400 
1.837300 
1.839200 
1.843100 
1.843600 
1.845200 
1.846300 
1.847000 
1.851800 
1.852400 
1.853000 
1.853200 
1.853700 
1.855400 
1.856000 
1.857400 
1.859300 
1.865500 
1.867900 
1.868600 
1.869200 
1.872200 
1.872200 
1.873800 
1.877400 
1.878100 
1.886600 
1.890900 
1.891300 
1.894500 
1.899700 
1.900200 
1.901900 
1.902000 
1.902200 
1.904700 
1.905600 
1.907100 
1.908400 
1.908800 
1.911600 
1.912300 
1.912400 
1.912500 
1.915100 
1.915300 
1.917800 
1.920300 
1.921400 
1.924600 
1.929000 
1.929800 
1.930100 
1.931300 
1.937700 
1.938500 
1.939700 
1.943500 
1.945700 
1.949600 
1.950200 
1.953100 
1.953200 
1.955400 
1.957000 
1.957800 
1.965300 
1.966500 
1.967700 
1.968400 
1.970400 
1.972300 
1.974000 
1.975500 
1.977500 
1.978700 
1.979000 
1.980800 
1.987300 
1.987900 
1.989900 
1.996900 
1.997600 
1.998700 
1.999100 
2.005400 
2.007400 
2.010100 
2.010400 
2.012600 
2.014000 
2.015000 
2.015400 
2.016000 
2.016600 
2.017600 
2.019000 
2.022200 
2.024500 
2.028900 
2.029400 
2.031200 
2.034100 
2.034200 
2.035400 
2.037700 
2.041700 
2.043100 
2.045000 
2.045100 
2.045800 
2.051800 
2.053600 
2.053800 
2.055300 
2.057500 
2.058000 
2.059300 
2.060000 
2.062800 
2.066100 
2.068300 
2.070300 
2.070500 
2.072200 
2.073600 
2.077100 
2.078900 
2.081300 
2.081600 
2.082800 
2.084900 
2.085100 
2.085800 
2.089500 
2.091900 
2.092700 
2.092700 
2.093100 
2.094700 
2.096800 
2.097200 
2.101000 
2.104000 
2.104900 
2.106700 
2.107100 
2.109000 
2.109300 
2.109400 
2.115900 
2.117100 
2.117300 
2.117700 
2.117700 
2.121900 
2.122100 
2.123900 
2.126800 
2.128100 
2.129200 
2.131900 
2.134300 
2.136200 
2.136700 
2.137700 
2.138600 
2.138700 
2.138900 
2.139000 
2.142600 
2.143000 
2.143200 
2.145400 
2.147700 
2.149800 
2.150100 
2.151000 
2.151500 
2.152400 
2.154900 
2.157200 
2.159300 
2.159500 
2.160900 
2.162000 
2.162900 
2.165600 
2.165800 
2.166800 
2.169100 
2.170400 
2.172600 
2.173300 
2.174000 
2.176300 
2.178600 
2.181100 
2.183800 
2.186800 
2.190000 
2.191800 
2.194500 
2.197700 
2.199400 
2.202300 
2.203700 
2.204000 
2.207200 
2.208700 
2.212500 
2.214100 
2.215400 
2.216300 
2.220300 
2.220900 
2.222600 
2.224300 
2.229800 
2.231400 
2.232600 
2.233200 
2.233900 
2.236400 
2.237100 
2.237500 
2.237500 
2.237800 
2.239100 
2.243300 
2.244700 
2.245600 
2.247000 
2.248000 
2.248400 
2.250400 
2.252200 
2.253300 
2.257000 
2.257100 
2.258400 
2.258500 
2.266500 
2.266600 
2.267000 
2.268600 
2.269900 
2.270500 
2.271600 
2.279700 
2.281200 
2.281900 
2.282800 
2.284400 
2.285500 
2.285900 
2.287100 
2.289100 
2.292300 
2.295900 
2.296000 
2.296300 
2.298800 
2.301300 
2.301900 
2.304300 
2.307400 
2.307500 
2.310100 
2.310200 
2.315000 
2.316100 
2.318600 
2.318700 
2.320000 
2.320900 
2.322300 
2.324300 
2.325500 
2.326400 
2.329300 
2.330100 
2.331300 
2.332300 
2.332800 
2.333900 
2.339400 
2.342700 
2.344300 
2.350200 
2.351900 
2.352800 
2.355700 
2.356000 
2.357000 
2.358600 
2.358800 
2.360300 
2.360600 
2.362400 
2.363000 
2.368300 
2.369400 
2.371700 
2.372500 
2.373100 
2.374100 
2.377100 
2.377400 
2.377400 
2.379200 
2.382800 
2.385300 
2.385400 
2.385500 
2.386000 
2.389900 
2.392000 
2.394100 
2.394600 
2.395400 
2.398000 
2.399300 
2.399500 
2.402000 
2.404100 
2.404500 
2.404600 
2.407300 
2.408800 
2.414200 
2.415400 
2.418500 
2.419000 
2.419100 
2.420600 
2.423100 
2.424700 
2.427900 
2.428100 
2.428700 
2.428900 
2.429200 
2.429500 
2.432500 
2.435700 
2.437300 
2.444000 
2.446200 
2.450700 
2.453400 
2.453600 
2.454700 
2.458800 
2.459100 
2.460700 
2.462600 
2.463500 
2.464000 
2.464700 
2.467200 
2.467600 
2.468200 
2.468200 
2.469700 
2.470600 
2.471300 
2.472600 
2.472700 
2.472700 
2.473000 
2.473600 
2.474000 
2.482800 
2.484100 
2.485300 
2.488500 
2.489200 
2.491800 
2.492200 
2.492500 
2.493200 
2.493500 
2.496500 
2.498200 
2.498500 
2.499100 
2.499600 
2.504700 
2.507200 
2.507800 
2.508900 
2.517700 
2.518000 
2.520800 
2.523200 
2.523900 
2.525600 
2.526700 
2.530200 
2.530400 
2.530700 
2.531200 
2.537600 
2.539700 
2.540300 
2.541900 
2.541900 
2.542100 
2.542400 
2.543500 
2.543600 
2.543900 
2.545500 
2.549100 
2.553200 
2.554600 
2.556300 
2.556400 
2.563400 
2.566500 
2.567500 
2.571200 
2.571800 
2.573600 
2.578500 
2.580600 
2.582900 
2.584200 
2.593600 
2.595200 
2.596300 
2.597800 
2.601200 
2.601800 
2.605100 
2.608400 
2.611400 
2.613400 
2.617200 
2.619300 
2.621400 
2.624000 
2.626500 
2.627900 
2.629800 
2.630500 
2.631800 
2.633700 
2.634800 
2.635100 
2.636400 
2.637300 
2.639400 
2.641000 
2.644100 
2.645800 
2.648200 
2.648700 
2.649100 
2.649800 
2.651300 
2.651500 
2.655900 
2.658400 
2.659400 
2.659900 
2.662600 
2.666100 
2.673700 
2.674200 
2.677800 
2.679000 
2.679400 
2.685800 
2.687000 
2.688500 
2.690100 
2.691000 
2.693800 
2.694200 
2.694800 
2.694900 
2.696100 
2.701500 
2.701600 
2.701700 
2.703300 
2.710800 
2.711700 
2.712700 
2.713200 
2.714400 
2.714800 
2.716700 
2.717700 
2.718100 
2.718500 
2.726700 
2.729500 
2.729500 
2.729500 
2.732600 
2.734000 
2.735900 
2.736600 
2.739600 
2.740700 
2.741100 
2.742600 
2.744500 
2.746400 
2.749700 
2.751700 
2.752000 
2.753500 
2.757800 
2.759400 
2.761500 
2.763400 
2.764200 
2.769000 
2.769100 
2.769900 
2.771900 
2.775300 
2.775700 
2.776300 
2.777600 
2.778000 
2.778500 
2.780100 
2.781300 
2.785400 
2.787100 
2.791400 
2.791700 
2.793000 
2.794400 
2.796100 
2.800800 
2.800800 
2.800800 
2.802200 
2.802400 
2.802800 
2.811100 
2.812100 
2.815300 
2.817000 
2.817300 
2.817600 
2.818000 
2.820200 
2.821600 
2.826400 
2.826500 
2.828700 
2.830700 
2.832400 
2.832600 
2.832800 
2.835900 
2.838600 
2.840500 
2.845300 
2.846000 
2.846900 
2.848000 
2.848300 
2.848800 
2.850300 
2.853500 
2.855400 
2.856100 
2.857400 
2.858300 
2.861000 
2.864800 
2.868000 
2.868900 
2.872500 
2.873400 
2.878300 
2.879300 
2.880400 
2.881800 
2.881800 
2.884300 
2.884900 
2.889700 
2.891500 
2.897100 
2.897300 
2.898300 
2.898400 
2.900500 
2.904800 
2.907200 
2.908300 
2.909400 
2.910400 
2.910600 
2.914600 
2.914700 
2.915600 
2.915800 
2.916000 
2.917500 
2.918700 
2.919600 
2.920400 
2.926700 
2.927700 
2.927900 
2.929500 
2.930500 
2.930700 
2.931300 
2.931600 
2.933300 
2.934600 
2.935000 
2.935900 
2.936300 
2.940000 
2.944800 
2.945000 
2.950800 
2.951000 
2.951400 
2.951800 
2.953800 
2.959200 
2.959300 
2.959900 
2.960300 
2.961100 
2.961700 
2.966600 
2.967500 
2.970100 
2.970200 
2.972500 
2.973200 
2.975600 
2.977100 
2.977900 
2.979000 
2.979500 
2.982300 
2.982400 
2.983100 
2.988400 
2.989100 
2.989200 
2.989400 
2.997700 
2.998300 
2.999900 
