644 
627 
453 
87 
27 
741 
489 
607 
829 
622 
815 
805 
732 
1177 
112 
651 
169 
298 
1086 
319 
970 
862 
697 
937 
309 
1039 
852 
906 
102 
999 
1081 
1221 
286 
681 
155 
388 
455 
882 
1157 
945 
1162 
1118 
480 
150 
445 
426 
561 
637 
404 
598 
857 
933 
283 
600 
125 
868 
1184 
311 
394 
570 
904 
699 
136 
1033 
785 
803 
305 
973 
477 
769 
189 
256 
1059 
98 
211 
239 
364 
464 
1168 
242 
517 
856 
248 
252 
579 
747 
925 
1121 
370 
589 
1146 
1187 
1226 
1251 
203 
781 
502 
757 
382 
519 
103 
412 
122 
1253 
487 
843 
1110 
1220 
491 
229 
905 
984 
1229 
292 
509 
448 
901 
839 
948 
1088 
1197 
725 
425 
720 
801 
1223 
374 
278 
1243 
1130 
124 
504 
639 
329 
76 
280 
573 
114 
235 
745 
1034 
58 
224 
1087 
1070 
377 
1066 
1024 
107 
1051 
1134 
749 
1203 
1112 
273 
61 
873 
848 
372 
1128 
1136 
911 
21 
754 
675 
1056 
353 
466 
770 
1 
816 
1028 
1158 
266 
876 
77 
511 
610 
787 
31 
583 
514 
97 
987 
300 
1074 
296 
1016 
411 
515 
897 
258 
9 
1244 
713 
450 
8 
337 
175 
700 
1153 
186 
845 
880 
1241 
462 
1148 
1157 
184 
912 
1129 
385 
261 
973 
1171 
1198 
1017 
696 
946 
1006 
999 
1107 
1032 
854 
1001 
674 
1231 
417 
1119 
1216 
980 
815 
260 
444 
270 
878 
533 
437 
534 
249 
279 
776 
1256 
665 
688 
341 
551 
67 
338 
582 
1219 
998 
803 
1080 
54 
1049 
599 
626 
682 
937 
1048 
422 
996 
667 
1061 
1238 
155 
427 
1060 
303 
30 
928 
936 
642 
863 
478 
722 
401 
1069 
113 
859 
1057 
1165 
191 
817 
653 
424 
871 
741 
743 
370 
596 
769 
965 
207 
367 
39 
65 
716 
163 
117 
3 
685 
1062 
248 
394 
1146 
278 
1125 
867 
125 
651 
833 
280 
1124 
215 
1220 
1135 
1105 
603 
895 
68 
128 
364 
997 
531 
1169 
132 
410 
491 
1183 
831 
479 
830 
1154 
380 
395 
405 
142 
783 
26 
442 
535 
795 
971 
790 
247 
577 
857 
970 
291 
27 
519 
627 
849 
1141 
317 
639 
1054 
825 
246 
887 
882 
841 
721 
765 
898 
939 
838 
93 
1024 
145 
474 
1121 
1226 
672 
723 
893 
558 
60 
904 
1070 
183 
757 
874 
588 
306 
717 
319 
1223 
260 
828 
289 
1234 
1134 
320 
548 
748 
989 
407 
730 
255 
1152 
272 
198 
736 
1050 
1115 
1026 
1092 
1204 
283 
244 
433 
806 
652 
1088 
616 
1182 
1017 
634 
1013 
98 
493 
990 
574 
1015 
72 
724 
448 
1203 
1206 
909 
1246 
174 
391 
948 
1055 
274 
154 
700 
388 
696 
476 
1038 
914 
455 
47 
86 
810 
608 
695 
569 
1045 
1140 
516 
1162 
750 
875 
791 
1064 
605 
2 
22 
477 
15 
358 
295 
31 
850 
905 
349 
1018 
610 
1086 
177 
451 
1094 
239 
487 
1173 
713 
1006 
279 
780 
912 
115 
1200 
1224 
382 
44 
937 
1107 
778 
218 
270 
401 
772 
879 
1058 
67 
642 
464 
570 
80 
182 
190 
163 
515 
908 
698 
1175 
973 
800 
591 
770 
11 
871 
924 
109 
1057 
889 
429 
980 
156 
114 
1171 
465 
854 
1185 
1119 
298 
110 
242 
522 
1104 
411 
1001 
374 
859 
669 
119 
1204 
928 
763 
899 
338 
422 
691 
539 
211 
769 
104 
439 
984 
1077 
1012 
787 
922 
1227 
309 
1190 
51 
480 
967 
793 
50 
687 
1243 
1241 
519 
683 
60 
599 
1238 
247 
823 
999 
651 
61 
498 
1118 
822 
93 
380 
432 
682 
813 
7 
317 
892 
703 
1115 
129 
347 
97 
627 
791 
261 
474 
166 
273 
554 
453 
58 
265 
632 
1024 
844 
605 
693 
655 
105 
370 
487 
525 
589 
1187 
1221 
802 
809 
954 
32 
551 
340 
385 
0 
79 
616 
666 
145 
1088 
194 
537 
998 
1135 
286 
575 
717 
830 
182 
630 
263 
1099 
1047 
840 
249 
879 
1255 
583 
442 
979 
473 
405 
222 
1030 
1032 
1109 
412 
25 
1087 
183 
325 
878 
268 
801 
112 
695 
177 
1220 
1029 
173 
408 
797 
795 
159 
733 
625 
401 
745 
929 
812 
1062 
444 
603 
1174 
1233 
470 
1128 
128 
220 
521 
141 
888 
269 
1203 
41 
395 
785 
430 
696 
766 
74 
936 
961 
1161 
765 
1116 
747 
594 
117 
1050 
289 
856 
6 
22 
203 
164 
201 
306 
664 
933 
19 
109 
1227 
754 
898 
1141 
1206 
77 
911 
301 
39 
305 
349 
1081 
1000 
817 
688 
321 
621 
653 
769 
42 
248 
374 
1039 
590 
1016 
390 
1144 
154 
1006 
1154 
548 
1143 
217 
438 
65 
455 
274 
939 
163 
392 
297 
639 
526 
588 
656 
242 
1185 
579 
162 
47 
1017 
1172 
148 
303 
520 
965 
857 
1038 
417 
389 
684 
940 
1043 
239 
9 
283 
926 
928 
1057 
576 
773 
296 
567 
835 
941 
718 
449 
1082 
1201 
151 
519 
867 
98 
610 
743 
1192 
411 
868 
114 
100 
483 
716 
763 
578 
937 
1145 
946 
260 
1130 
934 
295 
981 
637 
770 
960 
1102 
58 
828 
391 
1021 
338 
673 
834 
432 
605 
341 
381 
772 
1175 
31 
901 
1238 
464 
509 
854 
720 
1020 
1171 
659 
1019 
1077 
17 
535 
424 
1084 
258 
818 
156 
678 
317 
626 
67 
1197 
234 
1018 
1146 
1117 
476 
1129 
847 
1217 
1237 
1169 
319 
717 
821 
316 
914 
1250 
644 
573 
231 
790 
950 
429 
1060 
544 
703 
204 
431 
320 
533 
1241 
967 
776 
853 
308 
6 
785 
954 
62 
1101 
871 
401 
594 
1139 
886 
430 
970 
2 
299 
1026 
813 
1183 
574 
287 
404 
416 
1161 
24 
65 
633 
268 
1165 
655 
627 
1156 
218 
632 
636 
78 
117 
589 
1033 
1125 
1032 
480 
109 
576 
164 
474 
695 
15 
665 
515 
863 
956 
874 
1001 
1065 
831 
1086 
879 
417 
924 
700 
1111 
86 
745 
1041 
726 
42 
521 
140 
911 
125 
1141 
1088 
118 
646 
337 
56 
830 
1011 
588 
814 
1214 
1062 
1070 
279 
291 
182 
619 
1013 
498 
1198 
780 
1212 
362 
839 
725 
262 
374 
767 
230 
570 
1134 
1152 
137 
1064 
1209 
1080 
31 
713 
737 
282 
368 
1233 
951 
349 
966 
380 
211 
203 
989 
77 
399 
407 
241 
107 
603 
835 
891 
278 
841 
945 
1126 
74 
1188 
1077 
1038 
61 
582 
770 
93 
285 
568 
928 
973 
385 
1107 
309 
465 
26 
897 
484 
200 
887 
315 
854 
464 
1057 
849 
68 
741 
1178 
675 
790 
749 
448 
1259 
1218 
58 
852 
1112 
394 
215 
639 
338 
341 
1203 
280 
471 
683 
199 
267 
905 
913 
354 
898 
523 
1015 
25 
1219 
75 
87 
1118 
130 
519 
311 
736 
377 
1133 
535 
719 
105 
999 
1017 
17 
590 
175 
1115 
370 
743 
112 
941 
930 
1119 
1227 
787 
1162 
54 
248 
747 
801 
791 
243 
952 
586 
1063 
22 
489 
1171 
148 
970 
1036 
281 
139 
909 
798 
583 
750 
573 
177 
1043 
1248 
843 
1190 
27 
219 
1169 
1244 
391 
183 
685 
1148 
507 
446 
1104 
1217 
1127 
1151 
774 
387 
1172 
1121 
1185 
7 
444 
594 
1070 
717 
803 
855 
181 
871 
1129 
570 
413 
603 
626 
365 
1213 
597 
822 
710 
65 
727 
819 
1032 
968 
1050 
403 
1261 
1253 
1143 
382 
983 
100 
716 
735 
875 
79 
320 
417 
988 
168 
203 
222 
375 
395 
895 
488 
1165 
1016 
220 
616 
1136 
547 
1197 
842 
627 
760 
1220 
797 
364 
619 
455 
1145 
242 
286 
294 
879 
1018 
1146 
748 
680 
82 
283 
401 
406 
894 
204 
682 
955 
931 
946 
1250 
270 
659 
745 
190 
785 
1055 
550 
973 
46 
1184 
994 
424 
522 
938 
703 
1008 
1039 
761 
874 
240 
247 
937 
765 
544 
911 
508 
633 
663 
1060 
1046 
30 
477 
976 
1154 
1071 
15 
194 
215 
11 
430 
290 
534 
840 
1124 
696 
1038 
86 
184 
256 
493 
1000 
1064 
319 
700 
114 
95 
929 
613 
1168 
1074 
919 
1188 
726 
249 
546 
646 
667 
58 
713 
63 
1251 
1069 
1049 
941 
1029 
747 
795 
1057 
31 
255 
801 
92 
762 
655 
280 
268 
381 
835 
370 
639 
1110 
1169 
579 
66 
737 
520 
1256 
93 
1171 
694 
954 
936 
116 
854 
301 
1062 
234 
388 
105 
1077 
24 
479 
769 
541 
226 
483 
87 
279 
695 
651 
196 
588 
1017 
916 
199 
638 
1186 
926 
441 
391 
1088 
721 
981 
885 
600 
385 
744 
887 
22 
187 
250 
28 
40 
118 
474 
806 
1006 
112 
1032 
1079 
237 
578 
630 
43 
1199 
65 
645 
956 
1084 
76 
104 
999 
60 
857 
410 
298 
1200 
341 
632 
20 
183 
139 
830 
1102 
1011 
7 
42 
893 
1187 
190 
537 
278 
930 
918 
986 
311 
1004 
374 
788 
1227 
117 
306 
1092 
315 
928 
1162 
1139 
110 
462 
582 
1209 
750 
594 
745 
109 
487 
47 
548 
1223 
401 
429 
406 
1146 
1218 
871 
1182 
597 
610 
411 
796 
1070 
1141 
533 
878 
735 
426 
270 
867 
239 
1228 
432 
653 
195 
1136 
1196 
489 
553 
1144 
228 
1198 
1086 
163 
337 
1164 
914 
589 
464 
922 
380 
933 
736 
894 
848 
1081 
6 
1129 
521 
823 
417 
1107 
605 
496 
465 
807 
80 
843 
1183 
268 
330 
349 
619 
697 
844 
1197 
754 
939 
1050 
940 
970 
211 
317 
678 
0 
242 
399 
623 
1125 
403 
875 
886 
691 
842 
249 
1060 
1184 
912 
516 
519 
859 
966 
1063 
787 
973 
67 
854 
275 
451 
655 
1231 
219 
803 
1049 
70 
849 
990 
107 
202 
1161 
801 
507 
1036 
1204 
102 
1174 
1215 
1133 
667 
79 
449 
58 
177 
379 
416 
147 
125 
1077 
413 
680 
472 
370 
1261 
1008 
1055 
200 
700 
767 
1224 
746 
1088 
1016 
247 
908 
1001 
816 
888 
1253 
627 
1118 
394 
561 
928 
261 
642 
702 
191 
1064 
806 
534 
1159 
289 
194 
590 
95 
936 
546 
220 
248 
960 
929 
338 
442 
340 
1069 
31 
273 
476 
84 
967 
15 
576 
1130 
946 
201 
1171 
811 
778 
174 
684 
1262 
446 
652 
374 
770 
469 
856 
444 
535 
897 
291 
932 
1021 
329 
1247 
1201 
265 
817 
1250 
270 
541 
353 
162 
1220 
1026 
66 
348 
430 
1136 
1132 
639 
464 
874 
121 
709 
855 
410 
210 
65 
810 
608 
407 
509 
821 
87 
1203 
1190 
1144 
438 
214 
103 
296 
797 
420 
703 
1185 
82 
319 
819 
1234 
1154 
181 
168 
710 
114 
885 
651 
1048 
1139 
106 
1006 
275 
537 
864 
233 
1143 
482 
215 
583 
725 
1121 
990 
389 
414 
175 
682 
364 
604 
1029 
940 
814 
24 
263 
676 
293 
520 
575 
694 
717 
914 
861 
20 
1248 
1165 
1218 
1024 
998 
954 
62 
984 
93 
578 
1086 
112 
519 
1227 
401 
854 
983 
127 
154 
580 
1209 
843 
243 
1169 
716 
986 
1183 
109 
645 
22 
6 
1057 
370 
879 
735 
695 
33 
1124 
1199 
691 
204 
90 
399 
38 
491 
183 
875 
992 
17 
911 
1254 
892 
1261 
970 
653 
1145 
480 
730 
1214 
775 
1012 
973 
1146 
128 
795 
1104 
1226 
418 
1161 
1171 
5 
155 
58 
132 
978 
844 
567 
667 
321 
1099 
78 
246 
769 
616 
577 
303 
1064 
7 
39 
113 
1202 
928 
453 
1070 
767 
726 
842 
722 
831 
125 
158 
189 
147 
855 
283 
579 
544 
487 
989 
852 
1005 
1036 
1187 
242 
878 
85 
325 
697 
988 
203 
295 
489 
1204 
28 
220 
317 
1197 
425 
405 
940 
619 
268 
732 
234 
1049 
606 
60 
787 
1084 
1136 
588 
765 
1032 
763 
860 
937 
817 
1063 
590 
1047 
743 
455 
1186 
277 
586 
797 
466 
1033 
391 
908 
999 
77 
554 
966 
432 
935 
223 
421 
1206 
1018 
713 
1038 
306 
785 
835 
1200 
247 
62 
464 
1217 
803 
1148 
376 
1039 
278 
29 
358 
374 
422 
561 
47 
891 
289 
640 
395 
349 
114 
80 
280 
296 
685 
684 
1190 
537 
678 
854 
74 
1031 
652 
110 
515 
150 
582 
239 
1151 
945 
710 
1252 
430 
972 
55 
442 
1015 
1131 
211 
1118 
294 
1000 
570 
93 
31 
626 
1062 
220 
991 
971 
35 
379 
718 
801 
12 
724 
932 
627 
576 
992 
960 
735 
939 
118 
0 
1011 
843 
507 
754 
1026 
42 
274 
788 
370 
810 
686 
411 
585 
1256 
65 
1024 
270 
407 
141 
233 
806 
76 
1234 
308 
726 
840 
84 
248 
1102 
519 
656 
100 
734 
340 
279 
867 
814 
1253 
880 
1116 
1086 
1238 
341 
871 
493 
769 
438 
143 
682 
897 
403 
589 
930 
235 
1157 
156 
267 
665 
887 
1036 
187 
795 
691 
1034 
790 
984 
599 
951 
1064 
307 
941 
583 
1080 
774 
283 
1196 
109 
781 
483 
1049 
1213 
1197 
789 
859 
849 
198 
404 
813 
803 
203 
651 
736 
911 
435 
912 
401 
300 
548 
998 
1129 
1183 
102 
824 
249 
304 
378 
425 
1103 
1008 
1002 
39 
237 
590 
303 
37 
654 
1178 
709 
159 
417 
534 
1104 
367 
391 
946 
319 
14 
152 
1143 
744 
177 
457 
451 
745 
499 
1069 
684 
6 
503 
720 
577 
844 
731 
485 
1005 
605 
1006 
46 
1084 
181 
252 
838 
142 
940 
1011 
891 
980 
1171 
394 
117 
262 
364 
973 
886 
1198 
54 
68 
194 
703 
575 
608 
1013 
1017 
582 
853 
230 
854 
822 
879 
662 
229 
688 
801 
1121 
128 
322 
137 
239 
363 
1146 
289 
588 
895 
974 
211 
1135 
1168 
1212 
1117 
482 
432 
430 
273 
1172 
971 
129 
763 
864 
732 
294 
894 
140 
672 
843 
1004 
655 
652 
212 
341 
59 
487 
218 
437 
928 
1141 
484 
898 
1081 
848 
769 
145 
1230 
899 
653 
1032 
195 
1194 
464 
716 
3 
992 
1220 
876 
936 
100 
1026 
780 
847 
442 
589 
1016 
106 
828 
429 
878 
265 
805 
795 
306 
811 
627 
965 
1176 
438 
374 
444 
519 
632 
1061 
154 
897 
1059 
305 
399 
698 
1077 
404 
743 
1218 
43 
616 
1187 
160 
806 
1145 
812 
1056 
79 
390 
999 
709 
196 
233 
1136 
642 
1217 
268 
220 
695 
1139 
1140 
338 
434 
236 
379 
1087 
1057 
713 
667 
1102 
385 
1243 
5 
1133 
6 
247 
810 
1084 
391 
1161 
1252 
1184 
551 
1008 
537 
7 
1125 
370 
830 
98 
636 
1171 
547 
187 
1051 
554 
573 
1165 
117 
817 
395 
47 
765 
148 
407 
340 
214 
979 
163 
548 
684 
389 
1197 
770 
358 
451 
393 
1064 
139 
1234 
508 
74 
854 
1092 
588 
796 
767 
871 
687 
1018 
750 
85 
877 
1024 
803 
93 
1006 
231 
278 
194 
211 
63 
1021 
1198 
1236 
570 
1043 
694 
147 
201 
480 
590 
1049 
980 
891 
1120 
1185 
1216 
544 
1017 
325 
1137 
655 
1238 
112 
317 
522 
591 
840 
31 
1007 
934 
315 
156 
835 
1032 
515 
868 
1157 
35 
109 
970 
1069 
417 
679 
1103 
1190 
483 
189 
286 
805 
924 
501 
1144 
409 
1020 
546 
577 
574 
550 
982 
639 
1011 
203 
1250 
785 
82 
688 
905 
200 
268 
651 
888 
60 
308 
632 
114 
15 
107 
349 
564 
914 
1121 
366 
731 
1038 
277 
406 
984 
353 
937 
605 
462 
627 
1015 
594 
1117 
487 
42 
519 
399 
849 
769 
999 
1262 
448 
20 
274 
1158 
355 
338 
1141 
1164 
626 
534 
597 
936 
331 
1128 
125 
762 
1241 
348 
933 
586 
432 
1086 
36 
137 
297 
1202 
637 
628 
863 
886 
431 
816 
897 
998 
444 
273 
220 
893 
239 
687 
808 
11 
700 
801 
146 
294 
854 
548 
614 
281 
811 
1099 
279 
610 
285 
973 
1181 
6 
218 
561 
938 
1254 
974 
649 
972 
737 
479 
928 
1036 
77 
394 
51 
215 
1221 
1 
61 
320 
283 
775 
717 
159 
407 
695 
735 
1196 
1257 
927 
1114 
1146 
247 
579 
379 
1055 
201 
874 
1088 
989 
196 
1218 
567 
1138 
84 
1187 
792 
1116 
263 
401 
868 
1237 
427 
107 
515 
547 
789 
211 
182 
545 
311 
438 
551 
887 
533 
941 
37 
91 
872 
1197 
616 
1124 
108 
576 
748 
1107 
303 
1185 
731 
718 
464 
525 
1013 
32 
127 
622 
818 
1220 
639 
1074 
141 
546 
570 
1104 
231 
1171 
821 
7 
1054 
577 
1203 
58 
473 
264 
578 
286 
674 
65 
27 
1161 
71 
992 
1012 
1183 
399 
672 
298 
850 
1148 
112 
554 
501 
67 
725 
228 
575 
424 
117 
1152 
847 
905 
289 
341 
682 
703 
451 
651 
1253 
1038 
1216 
74 
270 
929 
586 
1071 
1043 
15 
592 
940 
736 
871 
408 
591 
1006 
864 
1261 
300 
1186 
480 
688 
875 
478 
1021 
810 
465 
630 
771 
925 
535 
632 
803 
372 
683 
744 
806 
47 
1201 
463 
697 
174 
3 
1004 
1136 
76 
772 
28 
118 
430 
1000 
796 
991 
349 
1131 
1130 
814 
608 
706 
1048 
605 
897 
830 
537 
716 
812 
857 
652 
1165 
330 
769 
1206 
548 
795 
1141 
77 
280 
220 
391 
899 
610 
31 
1008 
867 
878 
1062 
791 
942 
1158 
183 
893 
1231 
6 
1243 
1084 
1200 
1199 
34 
686 
268 
579 
999 
519 
805 
550 
279 
97 
1145 
60 
626 
665 
106 
464 
139 
338 
1045 
856 
713 
1064 
720 
642 
589 
1187 
1217 
509 
590 
691 
695 
1059 
835 
56 
700 
882 
567 
403 
380 
1087 
891 
147 
711 
1015 
444 
885 
1058 
855 
410 
765 
1100 
442 
1116 
1215 
1057 
1032 
99 
502 
1086 
499 
928 
954 
1018 
1233 
1110 
970 
1238 
646 
844 
653 
743 
619 
282 
301 
1019 
1119 
992 
617 
655 
1189 
128 
908 
760 
32 
681 
1196 
246 
1092 
1205 
785 
234 
121 
583 
829 
432 
422 
570 
735 
1202 
1173 
1118 
515 
1120 
1006 
283 
854 
678 
596 
940 
576 
364 
605 
623 
498 
848 
35 
417 
1152 
995 
719 
267 
937 
1171 
242 
986 
1021 
95 
392 
627 
673 
390 
833 
1077 
118 
195 
1154 
230 
449 
1199 
1161 
808 
309 
1054 
1049 
12 
29 
1011 
377 
843 
599 
725 
616 
1095 
394 
769 
1107 
717 
1153 
386 
427 
1250 
882 
1164 
606 
534 
74 
67 
320 
1136 
324 
895 
399 
122 
304 
1094 
774 
514 
1031 
65 
97 
436 
873 
1197 
1084 
998 
929 
1148 
684 
562 
572 
1086 
577 
817 
682 
796 
1209 
519 
26 
168 
591 
389 
911 
348 
173 
58 
205 
960 
730 
610 
280 
589 
830 
914 
733 
1201 
233 
363 
405 
802 
886 
740 
801 
401 
268 
1192 
464 
588 
444 
561 
621 
764 
177 
318 
507 
663 
248 
939 
537 
1185 
776 
1217 
447 
639 
775 
1055 
748 
325 
297 
674 
721 
477 
710 
19 
1104 
127 
410 
967 
1187 
1196 
677 
991 
555 
1028 
244 
950 
1076 
154 
79 
795 
1057 
220 
385 
354 
189 
713 
42 
395 
382 
1062 
31 
930 
1141 
879 
716 
1013 
1074 
75 
100 
305 
614 
947 
871 
239 
1143 
291 
518 
1032 
77 
894 
112 
1041 
844 
182 
924 
453 
579 
315 
965 
283 
1218 
805 
567 
1090 
1227 
303 
923 
7 
455 
695 
630 
1129 
337 
1069 
203 
1045 
632 
726 
211 
806 
429 
474 
217 
17 
215 
319 
821 
1110 
515 
885 
933 
277 
1102 
653 
384 
341 
479 
22 
968 
375 
787 
956 
742 
1049 
687 
311 
999 
1017 
68 
362 
760 
823 
849 
1183 
697 
344 
608 
992 
736 
812 
887 
338 
1086 
626 
201 
789 
117 
1092 
970 
370 
355 
1195 
1146 
1220 
727 
15 
78 
940 
946 
1006 
374 
247 
717 
298 
371 
1238 
309 
882 
984 
810 
444 
725 
1194 
93 
353 
480 
1237 
175 
1 
1184 
58 
422 
743 
622 
425 
1080 
1140 
218 
637 
928 
432 
857 
32 
1186 
420 
492 
317 
574 
519 
757 
335 
696 
379 
61 
28 
437 
451 
588 
125 
328 
76 
633 
566 
352 
289 
892 
141 
196 
248 
174 
147 
575 
937 
954 
564 
771 
973 
579 
841 
501 
1171 
465 
464 
1026 
369 
785 
476 
576 
936 
230 
989 
1112 
381 
1062 
874 
42 
854 
65 
366 
859 
11 
652 
75 
828 
1107 
372 
162 
121 
1099 
442 
1141 
1187 
904 
270 
995 
1198 
430 
394 
198 
1024 
1152 
1119 
1157 
413 
1221 
81 
321 
1074 
507 
1005 
1143 
598 
570 
616 
448 
427 
7 
122 
990 
412 
855 
1197 
320 
215 
224 
1036 
1214 
275 
821 
1039 
296 
684 
98 
349 
590 
1165 
237 
291 
167 
297 
1110 
1185 
127 
1190 
12 
140 
929 
871 
341 
908 
47 
790 
1006 
1151 
203 
868 
417 
319 
972 
407 
1064 
459 
870 
338 
688 
548 
999 
867 
145 
428 
797 
817 
654 
553 
424 
940 
1021 
597 
643 
493 
716 
861 
1181 
1236 
1130 
967 
1139 
663 
114 
1252 
845 
721 
454 
475 
410 
737 
1034 
586 
795 
515 
626 
822 
1193 
519 
639 
362 
614 
673 
1055 
796 
1017 
401 
734 
681 
897 
1261 
879 
132 
717 
840 
1260 
653 
1013 
1146 
534 
537 
364 
118 
277 
516 
109 
163 
787 
1116 
6 
95 
535 
293 
330 
67 
358 
603 
1092 
533 
1209 
567 
308 
810 
211 
1136 
1241 
1038 
155 
279 
1213 
389 
340 
1072 
1203 
431 
953 
1253 
1214 
347 
965 
315 
479 
731 
971 
1246 
843 
1018 
200 
1154 
1049 
465 
1250 
518 
1179 
943 
550 
444 
559 
125 
877 
713 
261 
941 
1233 
1197 
1223 
565 
1086 
925 
615 
1059 
484 
551 
1057 
1200 
59 
1104 
202 
26 
424 
867 
182 
403 
932 
295 
854 
844 
404 
880 
885 
1008 
100 
325 
918 
802 
220 
341 
370 
753 
180 
1034 
1124 
1190 
1169 
984 
1226 
1220 
372 
184 
309 
1069 
1130 
723 
886 
645 
110 
451 
864 
140 
215 
835 
298 
1221 
35 
1076 
393 
1088 
464 
65 
7 
201 
702 
174 
622 
120 
264 
803 
442 
117 
747 
659 
785 
653 
1084 
82 
642 
218 
349 
801 
1077 
274 
405 
940 
790 
1145 
60 
1029 
1171 
696 
979 
190 
684 
482 
743 
1152 
1006 
651 
61 
973 
6 
1087 
963 
1017 
1102 
590 
93 
521 
818 
379 
51 
345 
688 
523 
1127 
928 
1118 
79 
234 
819 
912 
942 
610 
1080 
317 
637 
937 
1262 
1015 
874 
338 
605 
401 
1133 
290 
935 
28 
58 
771 
885 
1139 
354 
894 
280 
1238 
283 
986 
76 
74 
509 
1161 
765 
582 
672 
1199 
385 
579 
432 
515 
769 
655 
806 
668 
706 
63 
856 
508 
823 
299 
956 
1062 
857 
795 
1182 
1214 
763 
410 
546 
627 
1158 
878 
156 
164 
591 
186 
1252 
636 
853 
946 
316 
107 
169 
1192 
748 
1136 
326 
389 
1185 
246 
1104 
1187 
876 
913 
682 
570 
1021 
904 
573 
1016 
960 
708 
797 
1261 
294 
268 
214 
717 
738 
614 
867 
622 
537 
787 
1219 
377 
77 
887 
177 
231 
337 
1244 
220 
270 
1032 
42 
211 
525 
1168 
1047 
791 
31 
1086 
1146 
1006 
1049 
0 
1216 
474 
603 
422 
646 
54 
403 
916 
588 
454 
601 
687 
1157 
32 
1188 
259 
1204 
27 
1227 
1105 
691 
888 
703 
1203 
413 
936 
1190 
998 
1048 
745 
1092 
1202 
464 
370 
855 
781 
1124 
1183 
47 
685 
796 
274 
479 
297 
1171 
1154 
1130 
1200 
459 
239 
669 
830 
539 
760 
317 
1250 
401 
1209 
590 
716 
1196 
785 
875 
918 
207 
639 
911 
891 
1017 
551 
41 
225 
363 
347 
442 
713 
417 
1239 
15 
175 
801 
309 
338 
769 
1015 
137 
289 
574 
690 
757 
1119 
1011 
929 
854 
397 
1152 
1184 
286 
248 
147 
750 
487 
51 
75 
966 
1039 
203 
97 
608 
686 
999 
1165 
879 
498 
60 
652 
914 
1031 
1187 
407 
741 
632 
391 
817 
1034 
1088 
878 
1140 
322 
651 
1064 
315 
1199 
1218 
697 
325 
521 
120 
16 
319 
1145 
1110 
843 
509 
747 
1161 
1197 
20 
1018 
839 
1013 
605 
263 
117 
65 
164 
451 
1221 
654 
724 
358 
899 
1102 
80 
636 
1179 
694 
867 
940 
68 
105 
314 
789 
53 
462 
577 
432 
871 
717 
205 
1181 
375 
885 
752 
1054 
1252 
119 
570 
915 
1032 
1069 
925 
725 
374 
1192 
535 
688 
886 
1086 
293 
619 
656 
911 
1107 
1121 
1195 
928 
743 
311 
211 
329 
291 
330 
1112 
1019 
718 
1163 
684 
1143 
220 
484 
616 
410 
1173 
6 
533 
682 
141 
341 
787 
859 
703 
979 
1105 
1004 
893 
932 
479 
1219 
97 
626 
1136 
1233 
1057 
247 
154 
11 
519 
805 
810 
362 
42 
956 
370 
109 
58 
679 
960 
442 
455 
801 
1074 
640 
803 
349 
399 
75 
706 
1006 
389 
82 
395 
1078 
338 
955 
573 
790 
121 
1259 
817 
217 
606 
464 
191 
937 
381 
550 
85 
222 
1031 
664 
377 
388 
946 
1141 
1051 
446 
465 
194 
687 
1226 
1200 
555 
1154 
769 
182 
199 
874 
507 
537 
644 
1188 
1039 
1250 
215 
999 
940 
390 
422 
683 
107 
165 
691 
1110 
939 
705 
139 
1220 
279 
185 
678 
470 
655 
7 
830 
548 
72 
417 
730 
971 
696 
451 
224 
431 
1190 
1244 
642 
65 
709 
305 
589 
1201 
498 
933 
864 
270 
1102 
31 
748 
345 
914 
364 
1197 
228 
850 
298 
753 
808 
68 
854 
436 
256 
317 
598 
795 
379 
761 
1077 
411 
878 
841 
909 
375 
173 
392 
879 
1081 
474 
361 
760 
1062 
558 
588 
268 
1038 
653 
1187 
610 
51 
973 
672 
782 
1121 
1194 
212 
814 
551 
569 
1253 
239 
723 
785 
391 
60 
1239 
1125 
866 
519 
1119 
297 
905 
1247 
98 
1015 
6 
58 
945 
429 
535 
1049 
1217 
1241 
1046 
1101 
680 
1161 
444 
533 
401 
875 
572 
1192 
745 
295 
380 
1199 
735 
1029 
196 
806 
1127 
15 
886 
1064 
189 
303 
703 
639 
769 
71 
534 
262 
1092 
1164 
713 
673 
1233 
646 
1047 
1006 
876 
237 
141 
1151 
821 
722 
1183 
1055 
1136 
309 
1165 
1057 
67 
11 
1011 
822 
1036 
289 
457 
1171 
1254 
520 
203 
810 
80 
954 
232 
29 
750 
155 
725 
211 
425 
766 
1179 
252 
231 
464 
142 
991 
1168 
35 
1157 
805 
1206 
1086 
795 
204 
382 
1069 
1144 
321 
393 
1120 
112 
868 
277 
480 
1261 
586 
792 
737 
1214 
775 
953 
63 
191 
908 
1158 
1018 
1243 
1209 
430 
479 
278 
999 
488 
717 
183 
1204 
940 
1033 
893 
987 
279 
665 
849 
93 
95 
765 
1185 
566 
1012 
299 
327 
443 
885 
763 
558 
349 
1070 
724 
590 
788 
39 
413 
632 
871 
421 
582 
223 
787 
666 
117 
515 
1172 
272 
410 
1160 
833 
28 
377 
274 
1213 
695 
1038 
1162 
802 
1223 
438 
551 
436 
949 
1084 
1143 
541 
929 
306 
1201 
588 
517 
1017 
664 
168 
509 
554 
1234 
268 
1145 
381 
1001 
937 
1021 
267 
451 
606 
214 
741 
317 
592 
1156 
1240 
308 
956 
31 
489 
74 
20 
703 
678 
269 
147 
674 
675 
65 
663 
1141 
1115 
341 
973 
375 
148 
1074 
1174 
555 
914 
206 
169 
748 
1049 
330 
681 
878 
179 
537 
1148 
462 
1159 
727 
874 
1091 
27 
146 
1037 
174 
620 
639 
194 
1197 
519 
296 
338 
851 
1027 
42 
698 
850 
593 
683 
186 
1 
743 
401 
992 
390 
408 
473 
220 
446 
1015 
371 
1006 
751 
925 
936 
1124 
1026 
1202 
1104 
1161 
218 
417 
880 
830 
364 
622 
1154 
854 
173 
140 
328 
652 
1077 
464 
753 
723 
280 
805 
1046 
432 
626 
594 
387 
653 
561 
361 
60 
1064 
122 
428 
603 
211 
570 
696 
24 
656 
47 
231 
873 
939 
389 
1171 
1018 
1203 
354 
1223 
465 
1032 
695 
835 
958 
1194 
405 
717 
92 
418 
303 
817 
960 
860 
1125 
627 
1209 
239 
1024 
682 
291 
590 
610 
1086 
283 
769 
796 
1233 
1092 
1140 
1252 
518 
247 
709 
898 
306 
972 
67 
424 
449 
1218 
905 
58 
248 
688 
1138 
1059 
1217 
19 
586 
293 
32 
36 
366 
1069 
849 
1088 
918 
616 
757 
843 
990 
937 
806 
573 
847 
75 
117 
227 
829 
775 
118 
374 
791 
141 
422 
871 
795 
788 
947 
887 
1011 
272 
636 
129 
822 
399 
347 
1132 
425 
632 
82 
1160 
944 
168 
508 
608 
203 
175 
1237 
1090 
215 
1253 
637 
670 
1157 
745 
575 
747 
832 
29 
797 
1047 
72 
477 
161 
646 
236 
393 
954 
854 
645 
1017 
1004 
1062 
1121 
579 
655 
721 
223 
1070 
1241 
270 
725 
7 
589 
828 
370 
763 
199 
127 
319 
568 
194 
569 
294 
388 
957 
693 
521 
65 
349 
534 
155 
733 
263 
984 
1076 
15 
675 
479 
1115 
1038 
1188 
703 
1248 
1168 
716 
1119 
673 
1145 
922 
1029 
309 
515 
914 
1187 
93 
1006 
689 
720 
862 
6 
642 
1216 
810 
459 
924 
2 
830 
1064 
22 
1074 
940 
28 
116 
697 
464 
1051 
600 
405 
785 
1190 
76 
156 
1219 
583 
1148 
110 
1224 
1247 
597 
1162 
160 
234 
888 
1183 
1262 
750 
738 
801 
107 
1087 
146 
78 
900 
1256 
743 
1220 
973 
49 
1144 
1151 
476 
1102 
1084 
971 
278 
410 
1196 
741 
316 
432 
605 
604 
751 
261 
42 
787 
29 
871 
1088 
1218 
275 
462 
822 
211 
268 
864 
1139 
805 
139 
1120 
450 
588 
100 
474 
118 
182 
179 
937 
1024 
685 
1199 
1261 
145 
674 
1086 
74 
886 
834 
210 
688 
1171 
125 
147 
229 
736 
717 
1001 
1143 
32 
835 
11 
656 
989 
453 
824 
630 
935 
298 
121 
201 
415 
392 
77 
190 
880 
1131 
1054 
109 
1185 
1197 
855 
560 
941 
1241 
772 
520 
928 
769 
970 
34 
781 
794 
325 
879 
700 
442 
358 
867 
916 
404 
986 
97 
990 
956 
180 
82 
401 
668 
1032 
297 
806 
233 
939 
35 
839 
713 
920 
389 
337 
1119 
854 
651 
991 
590 
117 
489 
429 
1015 
1190 
1059 
385 
317 
1101 
377 
925 
1062 
341 
908 
775 
1006 
551 
62 
65 
785 
992 
1200 
735 
1011 
227 
456 
936 
80 
873 
958 
60 
270 
1094 
381 
1034 
430 
527 
515 
924 
947 
788 
874 
84 
315 
703 
653 
670 
817 
1221 
588 
394 
684 
417 
52 
1095 
28 
141 
136 
1203 
203 
1088 
1233 
36 
185 
338 
371 
298 
535 
206 
223 
232 
1249 
266 
1086 
410 
655 
937 
27 
746 
765 
803 
1017 
857 
264 
954 
682 
556 
639 
372 
564 
965 
1046 
790 
899 
374 
570 
1049 
622 
750 
680 
1206 
1262 
442 
787 
967 
61 
1132 
56 
973 
145 
548 
863 
1064 
79 
281 
311 
627 
47 
451 
802 
1102 
553 
155 
293 
1169 
898 
272 
267 
725 
1113 
737 
319 
748 
674 
928 
672 
121 
63 
717 
821 
889 
299 
878 
854 
1107 
567 
960 
347 
0 
767 
586 
594 
501 
673 
806 
897 
1104 
599 
1141 
628 
845 
882 
247 
940 
118 
177 
411 
1175 
54 
373 
1112 
503 
142 
424 
632 
1185 
53 
432 
519 
801 
1154 
1248 
617 
401 
932 
184 
1226 
1136 
349 
269 
464 
296 
345 
769 
835 
220 
370 
953 
516 
649 
1160 
320 
616 
112 
139 
379 
719 
6 
946 
295 
1186 
1056 
1117 
69 
688 
262 
389 
369 
1004 
573 
1253 
12 
1218 
1214 
487 
1159 
1074 
894 
361 
814 
1057 
309 
646 
1153 
65 
630 
1217 
1165 
439 
546 
711 
1157 
1077 
1181 
1086 
1197 
280 
1143 
703 
713 
1118 
1176 
24 
999 
90 
763 
242 
405 
943 
911 
196 
58 
1039 
224 
746 
1130 
1131 
733 
653 
341 
998 
364 
664 
765 
1213 
937 
291 
1 
983 
582 
722 
60 
143 
483 
939 
397 
412 
736 
356 
695 
698 
887 
35 
211 
71 
403 
493 
93 
1001 
74 
970 
1124 
652 
263 
879 
795 
928 
156 
1209 
770 
914 
1145 
1167 
533 
619 
5 
146 
377 
567 
148 
615 
757 
168 
1051 
89 
401 
273 
1006 
1152 
658 
76 
283 
201 
537 
1171 
354 
222 
279 
579 
771 
194 
1049 
399 
182 
588 
514 
338 
527 
36 
525 
1081 
413 
1161 
1169 
967 
105 
830 
1119 
63 
422 
602 
1100 
232 
617 
424 
1168 
793 
803 
1008 
508 
925 
62 
286 
1250 
22 
1183 
716 
1214 
230 
683 
586 
1201 
759 
330 
1227 
791 
1107 
843 
1216 
432 
247 
210 
20 
121 
1221 
242 
780 
1129 
1187 
797 
379 
1033 
321 
100 
154 
1165 
700 
459 
293 
850 
67 
139 
551 
717 
1084 
117 
303 
992 
183 
462 
582 
390 
1146 
1226 
464 
1190 
217 
15 
1064 
772 
1077 
708 
502 
635 
520 
442 
872 
940 
911 
623 
1139 
878 
58 
939 
1179 
1086 
651 
871 
709 
1125 
325 
1249 
479 
807 
203 
810 
37 
1238 
861 
590 
1016 
646 
849 
6 
77 
248 
261 
519 
745 
814 
767 
363 
1217 
936 
163 
735 
845 
696 
1159 
672 
854 
787 
239 
570 
1017 
534 
971 
802 
965 
509 
705 
535 
946 
1076 
703 
1194 
760 
1133 
211 
625 
652 
1173 
484 
141 
380 
1220 
592 
1185 
420 
1156 
1013 
569 
655 
60 
1143 
1158 
624 
231 
504 
877 
263 
1144 
687 
112 
1005 
912 
59 
7 
918 
621 
748 
726 
283 
93 
813 
1092 
1102 
1175 
855 
1244 
725 
1136 
1153 
155 
233 
291 
65 
1041 
515 
568 
750 
255 
608 
36 
1148 
1197 
12 
417 
588 
114 
567 
743 
761 
981 
268 
398 
616 
868 
427 
1186 
550 
833 
156 
700 
295 
365 
803 
507 
405 
656 
999 
1047 
1163 
940 
821 
177 
769 
879 
805 
556 
1057 
573 
579 
1171 
222 
109 
830 
597 
349 
1219 
870 
854 
298 
430 
857 
214 
413 
272 
951 
785 
806 
747 
147 
663 
381 
498 
523 
986 
180 
47 
1051 
1064 
689 
933 
1122 
637 
983 
15 
260 
600 
1059 
717 
1046 
1069 
338 
399 
1086 
403 
474 
1141 
464 
1224 
31 
308 
407 
705 
682 
733 
1200 
168 
377 
58 
1028 
410 
28 
947 
401 
479 
1238 
125 
395 
610 
1032 
52 
731 
867 
354 
205 
716 
121 
873 
695 
1017 
203 
589 
67 
899 
790 
994 
397 
1029 
97 
76 
487 
670 
967 
928 
1233 
519 
807 
175 
457 
104 
142 
622 
32 
220 
709 
936 
455 
189 
1250 
280 
330 
874 
668 
1012 
627 
839 
718 
320 
508 
1192 
1077 
863 
672 
934 
905 
1190 
247 
1104 
370 
491 
939 
1184 
534 
533 
436 
1171 
186 
937 
984 
304 
1121 
615 
1006 
1102 
1183 
231 
970 
1074 
425 
630 
878 
1011 
341 
1159 
394 
1196 
282 
616 
693 
1227 
1036 
112 
1255 
287 
810 
646 
117 
392 
806 
879 
1154 
1203 
973 
1021 
1084 
65 
687 
374 
745 
570 
1199 
80 
168 
286 
1106 
844 
1107 
941 
1048 
856 
79 
223 
7 
215 
262 
653 
667 
27 
1015 
183 
1187 
11 
637 
1017 
1043 
1088 
765 
1034 
338 
852 
1062 
122 
283 
942 
812 
1022 
789 
655 
816 
187 
182 
1070 
1220 
932 
278 
1259 
795 
802 
417 
556 
797 
889 
1231 
25 
77 
911 
1253 
405 
821 
225 
712 
564 
24 
218 
249 
1118 
20 
1064 
1136 
1169 
599 
1013 
859 
422 
817 
1218 
990 
727 
735 
444 
438 
502 
372 
914 
190 
200 
305 
703 
379 
128 
737 
93 
586 
833 
60 
495 
1144 
700 
1145 
412 
184 
1153 
960 
787 
1143 
1185 
248 
401 
424 
519 
115 
1190 
1 
622 
814 
691 
1162 
8 
858 
364 
388 
410 
1025 
956 
91 
58 
828 
1189 
174 
999 
1057 
141 
484 
1049 
950 
244 
803 
169 
280 
867 
31 
725 
1202 
129 
868 
1126 
413 
166 
754 
537 
175 
270 
1086 
359 
102 
1182 
325 
420 
1036 
697 
1172 
480 
596 
1236 
767 
854 
1140 
717 
805 
954 
897 
154 
835 
810 
1038 
156 
682 
694 
583 
110 
937 
1005 
878 
220 
652 
385 
989 
1077 
1061 
1255 
991 
1120 
940 
476 
614 
974 
986 
1216 
121 
162 
605 
370 
241 
879 
6 
130 
446 
591 
907 
42 
242 
177 
429 
557 
946 
457 
924 
1161 
971 
1132 
1227 
816 
849 
708 
683 
1002 
797 
1148 
1069 
606 
653 
79 
726 
394 
589 
706 
1152 
644 
534 
1157 
168 
716 
794 
209 
404 
939 
95 
806 
933 
802 
807 
338 
659 
703 
37 
586 
273 
300 
630 
983 
223 
1026 
1196 
375 
1118 
1171 
464 
189 
212 
149 
769 
1024 
1203 
308 
330 
203 
1032 
981 
417 
427 
1107 
1110 
407 
695 
1121 
720 
211 
887 
482 
750 
1102 
504 
722 
180 
89 
117 
785 
967 
244 
67 
270 
1206 
1021 
125 
743 
214 
1109 
1204 
410 
194 
391 
830 
185 
582 
778 
895 
666 
137 
1041 
576 
430 
1054 
1064 
1084 
1187 
1186 
483 
294 
105 
573 
691 
1015 
821 
1209 
1198 
155 
1261 
1116 
731 
1143 
1213 
1183 
928 
626 
453 
867 
65 
251 
319 
465 
588 
28 
390 
519 
293 
459 
35 
535 
1001 
1135 
58 
362 
317 
638 
1104 
520 
1184 
1253 
922 
605 
1049 
25 
421 
521 
848 
1017 
354 
1197 
358 
646 
970 
1179 
875 
1086 
267 
306 
590 
973 
309 
566 
878 
686 
1190 
1243 
1238 
103 
716 
525 
872 
498 
372 
868 
109 
413 
635 
79 
237 
204 
370 
681 
567 
1047 
859 
1142 
1165 
795 
855 
1220 
693 
1200 
431 
832 
724 
104 
154 
735 
114 
894 
422 
1226 
594 
128 
308 
217 
364 
183 
395 
891 
550 
147 
857 
951 
1006 
429 
0 
230 
558 
616 
1072 
911 
1217 
283 
845 
280 
1182 
1145 
426 
733 
791 
770 
1130 
757 
1063 
1171 
442 
546 
417 
554 
474 
639 
812 
211 
249 
591 
315 
697 
22 
366 
871 
225 
713 
1002 
1107 
117 
850 
743 
741 
578 
934 
1012 
499 
553 
556 
261 
377 
1098 
268 
844 
905 
893 
374 
239 
350 
651 
62 
579 
1221 
1202 
686 
995 
533 
221 
255 
936 
1196 
286 
406 
247 
212 
1203 
425 
769 
265 
340 
895 
156 
1024 
874 
990 
833 
202 
526 
168 
1237 
570 
803 
870 
968 
1118 
337 
509 
682 
1087 
1136 
457 
415 
589 
28 
537 
856 
9 
215 
972 
745 
1215 
455 
1141 
472 
184 
71 
222 
1224 
54 
610 
251 
960 
298 
719 
67 
248 
301 
90 
147 
814 
464 
534 
385 
674 
801 
95 
665 
680 
585 
1017 
785 
794 
6 
664 
986 
15 
112 
1054 
887 
194 
190 
1119 
763 
1013 
327 
1208 
1227 
432 
726 
1218 
444 
813 
835 
1064 
776 
206 
1233 
586 
747 
31 
122 
338 
348 
58 
242 
381 
942 
267 
1011 
929 
1200 
1062 
787 
1186 
583 
620 
765 
597 
397 
389 
928 
760 
520 
1117 
420 
1031 
1099 
810 
859 
181 
1190 
924 
401 
831 
897 
1089 
758 
121 
789 
305 
41 
407 
143 
388 
722 
703 
461 
476 
1006 
1048 
263 
967 
535 
1018 
25 
718 
596 
879 
244 
948 
571 
1171 
823 
482 
231 
154 
854 
576 
717 
795 
930 
76 
1049 
1139 
180 
283 
853 
196 
1055 
286 
1249 
218 
291 
695 
62 
1146 
1204 
706 
142 
828 
925 
117 
35 
979 
1203 
1209 
1109 
601 
1029 
65 
494 
996 
1084 
8 
413 
416 
1057 
1143 
1165 
659 
797 
1009 
577 
200 
487 
370 
479 
1247 
1183 
651 
214 
1104 
515 
455 
1239 
327 
195 
446 
1118 
1124 
1261 
639 
1253 
449 
1254 
145 
340 
375 
999 
42 
689 
805 
873 
1026 
1213 
626 
1107 
533 
256 
697 
882 
93 
992 
1110 
727 
270 
1199 
187 
268 
616 
1088 
570 
182 
914 
462 
90 
1092 
878 
936 
519 
115 
444 
1060 
100 
743 
1226 
95 
97 
191 
633 
1238 
1220 
709 
147 
380 
929 
642 
963 
725 
632 
279 
944 
875 
1015 
372 
1228 
897 
1024 
785 
916 
1069 
637 
198 
886 
78 
47 
863 
1171 
248 
684 
965 
1002 
521 
537 
410 
817 
484 
1140 
1105 
575 
341 
705 
385 
624 
162 
31 
848 
803 
5 
802 
810 
155 
703 
619 
347 
534 
1191 
242 
687 
422 
424 
1086 
6 
399 
74 
763 
1001 
974 
252 
1019 
928 
971 
920 
885 
211 
622 
841 
295 
118 
787 
167 
239 
736 
1117 
535 
769 
1138 
425 
956 
1043 
401 
1157 
732 
442 
795 
998 
946 
203 
289 
1082 
389 
85 
84 
222 
673 
716 
125 
448 
1202 
87 
431 
58 
571 
394 
270 
947 
93 
1091 
1081 
892 
1153 
1190 
405 
604 
474 
1130 
220 
183 
338 
814 
544 
888 
260 
507 
710 
1102 
1032 
1200 
880 
973 
984 
370 
1168 
839 
1244 
117 
1131 
137 
586 
451 
464 
796 
652 
1197 
130 
35 
283 
872 
209 
418 
854 
230 
1038 
770 
859 
154 
541 
990 
645 
1136 
694 
745 
887 
472 
564 
349 
999 
1074 
1233 
365 
1187 
760 
1246 
225 
1094 
114 
263 
940 
911 
746 
1234 
168 
395 
1069 
1132 
279 
1064 
1141 
1253 
62 
1062 
280 
382 
181 
717 
865 
29 
469 
726 
303 
1077 
68 
1118 
765 
375 
636 
878 
175 
954 
404 
1110 
1193 
565 
873 
879 
655 
53 
1076 
1237 
558 
204 
1185 
1182 
771 
801 
557 
588 
32 
830 
1116 
569 
388 
297 
697 
785 
1217 
381 
534 
937 
1252 
844 
1183 
42 
610 
0 
720 
1203 
573 
1119 
24 
1156 
971 
891 
39 
523 
642 
1154 
463 
713 
922 
617 
1014 
875 
1220 
211 
1099 
719 
231 
1018 
1006 
1039 
646 
835 
147 
780 
1092 
616 
967 
415 
1121 
430 
364 
551 
509 
47 
619 
515 
537 
6 
298 
996 
479 
337 
362 
437 
806 
1231 
939 
1041 
769 
1152 
554 
272 
1255 
882 
913 
743 
1148 
1218 
347 
526 
115 
269 
169 
173 
1045 
317 
681 
1015 
1251 
145 
391 
58 
201 
651 
693 
44 
442 
689 
853 
60 
202 
1144 
279 
716 
855 
374 
401 
833 
854 
455 
1000 
747 
141 
394 
672 
306 
603 
109 
341 
1057 
93 
653 
1204 
944 
638 
705 
694 
1024 
299 
700 
848 
110 
548 
1102 
1048 
1070 
223 
1145 
431 
1013 
28 
444 
422 
432 
1184 
1049 
555 
997 
775 
194 
843 
205 
946 
803 
104 
417 
829 
1242 
1157 
626 
1171 
664 
709 
519 
195 
895 
370 
3 
995 
1086 
673 
738 
767 
788 
912 
1034 
1234 
1219 
380 
410 
156 
1188 
407 
1099 
579 
597 
764 
1072 
1005 
706 
812 
284 
874 
522 
31 
305 
736 
477 
1028 
533 
1141 
1126 
900 
567 
301 
590 
1064 
338 
1201 
1247 
291 
686 
1088 
186 
970 
924 
385 
1038 
1084 
1092 
480 
399 
559 
255 
1069 
785 
1146 
1161 
770 
1186 
737 
39 
1174 
1152 
685 
416 
928 
863 
401 
852 
656 
814 
107 
473 
438 
7 
1238 
203 
582 
748 
1127 
189 
125 
525 
1256 
978 
1190 
395 
287 
1026 
6 
592 
27 
678 
242 
1169 
98 
137 
695 
1209 
58 
886 
1195 
1014 
880 
653 
703 
730 
42 
147 
1220 
1165 
743 
0 
864 
717 
1226 
831 
1017 
1223 
317 
735 
508 
448 
795 
1036 
908 
1136 
898 
1216 
887 
586 
1177 
1185 
622 
1233 
415 
537 
644 
1187 
174 
521 
956 
713 
734 
198 
214 
750 
280 
420 
436 
362 
767 
74 
998 
76 
571 
431 
933 
1140 
215 
1138 
720 
590 
422 
93 
304 
627 
763 
85 
372 
482 
185 
299 
341 
1179 
810 
306 
382 
248 
780 
152 
1080 
802 
392 
655 
403 
914 
684 
726 
1107 
769 
646 
183 
637 
604 
494 
1105 
211 
787 
819 
148 
150 
806 
573 
100 
347 
366 
815 
972 
1203 
681 
722 
462 
68 
104 
859 
871 
947 
501 
1171 
696 
413 
1206 
442 
239 
589 
760 
1024 
138 
60 
570 
946 
79 
15 
936 
78 
220 
682 
983 
502 
59 
519 
619 
991 
775 
941 
22 
1029 
370 
1197 
8 
1154 
1253 
665 
1183 
1039 
984 
1254 
928 
935 
394 
854 
385 
709 
954 
58 
1057 
929 
651 
1188 
1102 
803 
1147 
1250 
186 
814 
302 
939 
283 
1221 
244 
1086 
1204 
47 
940 
464 
924 
117 
828 
1017 
1119 
171 
222 
973 
67 
97 
624 
451 
1026 
801 
1104 
772 
672 
209 
279 
1117 
367 
638 
42 
224 
897 
1165 
830 
1163 
849 
937 
863 
1062 
91 
1063 
748 
487 
835 
598 
141 
1051 
630 
46 
1123 
575 
797 
992 
110 
63 
412 
169 
203 
1181 
573 
876 
870 
1246 
84 
154 
642 
724 
364 
879 
882 
5 
1238 
899 
395 
1049 
1006 
1227 
580 
537 
625 
705 
848 
703 
949 
1099 
535 
1141 
374 
1074 
175 
706 
695 
1196 
1171 
1133 
399 
432 
428 
298 
781 
319 
766 
960 
874 
534 
996 
1038 
577 
913 
86 
145 
1191 
404 
750 
1194 
1046 
810 
35 
936 
1252 
795 
417 
663 
338 
272 
1004 
510 
627 
877 
586 
887 
998 
1216 
1005 
391 
713 
121 
104 
1060 
155 
628 
770 
286 
582 
116 
908 
1130 
278 
413 
548 
444 
639 
293 
1061 
1088 
379 
727 
664 
716 
942 
898 
606 
242 
1187 
946 
622 
1048 
1143 
182 
223 
348 
449 
981 
656 
715 
341 
672 
357 
515 
732 
763 
1105 
6 
189 
769 
79 
160 
895 
1152 
969 
122 
211 
897 
886 
384 
1140 
1055 
431 
464 
1076 
640 
696 
967 
519 
1069 
1136 
871 
970 
1259 
1217 
306 
995 
1160 
371 
947 
651 
733 
442 
1032 
1223 
843 
888 
1238 
56 
198 
392 
652 
857 
370 
1190 
854 
1015 
1179 
316 
1045 
588 
432 
382 
1120 
619 
58 
885 
720 
1049 
430 
626 
31 
299 
373 
594 
880 
573 
118 
405 
203 
28 
1178 
1013 
856 
483 
128 
1261 
418 
174 
291 
852 
1161 
745 
1012 
220 
762 
1051 
924 
437 
849 
520 
685 
1086 
353 
276 
697 
125 
273 
1145 
1168 
105 
202 
239 
320 
688 
1047 
165 
828 
270 
632 
928 
599 
1180 
567 
95 
1062 
525 
535 
429 
592 
735 
455 
1201 
755 
401 
47 
948 
717 
310 
315 
1203 
583 
168 
340 
637 
848 
1187 
859 
882 
94 
399 
775 
937 
534 
246 
934 
115 
844 
772 
953 
683 
209 
488 
771 
1077 
628 
1043 
74 
741 
112 
479 
773 
673 
393 
379 
100 
999 
743 
1008 
766 
787 
1018 
951 
687 
345 
1117 
548 
317 
60 
1164 
879 
155 
303 
940 
1171 
1064 
294 
570 
990 
1089 
1107 
644 
1188 
1197 
589 
537 
606 
569 
385 
1093 
891 
816 
544 
713 
956 
297 
413 
801 
992 
792 
586 
519 
19 
590 
830 
750 
1243 
831 
682 
162 
364 
1141 
987 
737 
926 
871 
260 
68 
876 
1092 
201 
769 
1135 
248 
1185 
916 
451 
286 
655 
747 
930 
778 
1251 
442 
918 
958 
170 
740 
983 
1036 
109 
279 
1118 
734 
914 
1196 
700 
318 
1246 
702 
878 
311 
203 
795 
679 
622 
838 
76 
616 
954 
908 
779 
872 
842 
1218 
696 
823 
181 
483 
177 
1184 
806 
1182 
299 
688 
1017 
1029 
117 
632 
770 
296 
554 
874 
642 
843 
145 
229 
1172 
1006 
65 
67 
802 
1061 
70 
102 
491 
136 
1234 
1250 
215 
1031 
15 
163 
308 
477 
1049 
432 
344 
182 
417 
965 
137 
147 
185 
347 
708 
1168 
224 
600 
701 
489 
42 
405 
559 
928 
404 
500 
338 
960 
672 
627 
104 
854 
636 
86 
885 
726 
1257 
1110 
274 
362 
979 
1034 
1130 
31 
1132 
195 
217 
668 
1224 
35 
893 
1157 
597 
1121 
431 
1237 
319 
577 
873 
504 
242 
1206 
220 
464 
1086 
1261 
588 
1152 
492 
686 
725 
283 
556 
887 
264 
372 
421 
1198 
606 
1203 
924 
262 
380 
795 
796 
1136 
585 
721 
268 
537 
857 
1008 
898 
108 
684 
502 
401 
58 
114 
521 
813 
717 
841 
391 
85 
174 
320 
724 
1161 
653 
867 
840 
940 
732 
1033 
215 
1092 
775 
1241 
589 
325 
703 
1204 
487 
875 
377 
18 
516 
939 
32 
810 
80 
364 
871 
1185 
75 
293 
637 
950 
29 
781 
201 
951 
946 
681 
474 
448 
6 
17 
655 
103 
933 
1101 
442 
711 
673 
1146 
680 
1223 
1213 
806 
1171 
112 
65 
410 
1197 
154 
414 
651 
663 
519 
573 
639 
509 
1102 
718 
25 
322 
961 
900 
984 
953 
849 
1218 
769 
586 
645 
754 
720 
1088 
175 
389 
1016 
1062 
347 
1248 
737 
1021 
745 
830 
22 
1069 
466 
1036 
289 
726 
102 
548 
1026 
98 
695 
967 
1077 
303 
913 
882 
1187 
899 
1032 
1017 
652 
646 
218 
1107 
203 
349 
698 
885 
709 
791 
1199 
298 
417 
313 
376 
970 
1015 
527 
280 
14 
619 
345 
1057 
1004 
959 
535 
1214 
537 
610 
336 
374 
992 
407 
72 
588 
747 
233 
1190 
697 
1158 
765 
1046 
69 
854 
61 
1014 
1117 
1063 
60 
507 
644 
464 
1064 
42 
20 
424 
1209 
803 
937 
39 
716 
446 
1090 
948 
394 
211 
999 
1037 
47 
168 
675 
998 
364 
949 
1024 
912 
1141 
121 
888 
19 
688 
8 
613 
401 
1019 
1253 
632 
819 
232 
355 
484 
255 
561 
455 
1061 
7 
1031 
1058 
1051 
239 
1129 
1162 
1168 
241 
15 
421 
309 
444 
570 
928 
1242 
502 
338 
981 
1183 
1262 
413 
566 
935 
279 
1220 
517 
1047 
558 
519 
1171 
187 
682 
35 
1095 
319 
674 
22 
555 
858 
439 
1018 
398 
2 
1131 
55 
49 
696 
954 
885 
1104 
1102 
908 
1086 
214 
783 
856 
834 
986 
905 
65 
640 
577 
428 
758 
405 
766 
316 
1074 
1132 
1188 
515 
1140 
341 
960 
1241 
736 
773 
370 
1197 
488 
1233 
181 
299 
879 
112 
296 
828 
110 
1252 
248 
1110 
480 
1204 
362 
567 
933 
1119 
655 
854 
453 
583 
265 
1136 
553 
610 
760 
234 
58 
520 
616 
835 
159 
303 
1202 
41 
776 
483 
588 
77 
817 
1172 
410 
603 
438 
25 
194 
590 
1121 
920 
51 
80 
498 
449 
807 
849 
973 
92 
448 
53 
867 
711 
743 
717 
95 
844 
1055 
1194 
1203 
750 
225 
941 
769 
638 
662 
897 
379 
508 
716 
63 
537 
914 
1 
288 
672 
830 
639 
723 
787 
797 
504 
5 
447 
1006 
578 
1217 
1048 
1187 
778 
1112 
32 
691 
937 
965 
464 
735 
972 
242 
1215 
685 
1088 
489 
886 
541 
722 
926 
223 
201 
990 
1084 
375 
1107 
165 
1021 
586 
108 
715 
999 
1008 
148 
1026 
771 
338 
859 
305 
759 
334 
1017 
866 
1141 
479 
1130 
803 
191 
401 
810 
555 
592 
72 
477 
882 
751 
998 
757 
283 
1032 
0 
39 
156 
413 
177 
1216 
119 
341 
589 
1018 
121 
1099 
164 
1046 
1158 
147 
417 
97 
47 
936 
1057 
190 
627 
795 
1200 
579 
726 
1059 
210 
565 
725 
519 
566 
1246 
942 
309 
174 
1211 
465 
763 
840 
892 
1171 
1070 
300 
274 
1015 
1086 
247 
655 
953 
765 
267 
486 
99 
220 
713 
1011 
1218 
1064 
278 
632 
1173 
214 
947 
781 
1105 
404 
29 
377 
690 
700 
724 
218 
720 
657 
112 
1196 
268 
90 
681 
1256 
395 
1115 
405 
684 
733 
946 
42 
252 
279 
534 
629 
260 
598 
203 
709 
908 
971 
1159 
507 
1139 
570 
215 
83 
622 
1164 
316 
455 
739 
1261 
885 
1054 
373 
925 
194 
448 
1138 
1251 
688 
425 
442 
717 
814 
916 
1081 
1051 
914 
832 
854 
520 
244 
264 
743 
525 
535 
551 
806 
1238 
89 
586 
642 
261 
794 
990 
84 
1024 
32 
893 
299 
391 
1038 
422 
813 
65 
31 
639 
973 
370 
420 
878 
35 
875 
1187 
928 
464 
844 
129 
1152 
515 
888 
769 
537 
412 
1092 
74 
406 
703 
745 
697 
437 
1168 
1062 
718 
956 
58 
583 
1060 
401 
843 
735 
1026 
1141 
180 
183 
222 
810 
1136 
1217 
184 
367 
767 
1199 
573 
934 
637 
544 
1087 
942 
147 
596 
1127 
567 
1014 
1125 
92 
1247 
280 
6 
390 
874 
1144 
337 
1001 
941 
882 
741 
887 
1084 
597 
1165 
789 
1130 
554 
722 
787 
605 
951 
1231 
338 
11 
62 
958 
1095 
5 
8 
1252 
201 
424 
835 
608 
1074 
7 
929 
1086 
940 
429 
1244 
140 
519 
809 
340 
972 
394 
829 
548 
1203 
20 
1107 
389 
220 
1148 
1048 
451 
405 
523 
551 
994 
362 
504 
582 
395 
472 
924 
1132 
72 
272 
449 
237 
834 
849 
296 
686 
68 
939 
1204 
1153 
886 
577 
760 
840 
1209 
175 
1146 
854 
482 
682 
867 
154 
1110 
112 
711 
265 
713 
274 
22 
1134 
1213 
709 
630 
1169 
1220 
960 
187 
914 
990 
796 
817 
1017 
1223 
999 
1046 
1088 
1233 
291 
9 
182 
515 
984 
289 
476 
1005 
407 
262 
1214 
669 
347 
211 
717 
1226 
954 
1034 
26 
1143 
384 
1212 
806 
215 
170 
769 
412 
570 
1197 
60 
1215 
248 
516 
106 
370 
58 
364 
97 
908 
1136 
1119 
196 
428 
446 
16 
349 
421 
819 
859 
1236 
54 
814 
1011 
1218 
937 
1069 
40 
945 
442 
1006 
105 
276 
440 
1102 
392 
1024 
695 
1187 
1249 
653 
967 
273 
278 
110 
626 
1072 
601 
1021 
1141 
1029 
802 
805 
590 
223 
231 
74 
672 
375 
1015 
1183 
410 
117 
268 
1250 
1202 
1227 
1038 
362 
652 
1161 
1200 
70 
1049 
35 
1064 
520 
795 
521 
0 
683 
1008 
1129 
555 
453 
203 
509 
1112 
745 
854 
772 
970 
1196 
1199 
465 
797 
1179 
258 
561 
828 
104 
554 
913 
537 
1032 
594 
586 
911 
1152 
244 
651 
24 
592 
422 
1221 
1057 
743 
944 
331 
588 
112 
688 
84 
102 
393 
1055 
190 
673 
1209 
1086 
1256 
665 
861 
882 
1190 
1255 
638 
381 
1041 
918 
20 
518 
871 
940 
835 
464 
803 
928 
1017 
341 
100 
715 
991 
432 
888 
239 
929 
763 
879 
1234 
747 
251 
385 
31 
1031 
270 
459 
844 
678 
687 
194 
109 
444 
598 
483 
936 
1171 
15 
159 
619 
965 
1018 
771 
399 
201 
734 
1069 
1238 
850 
548 
666 
1084 
1090 
1259 
696 
301 
867 
303 
804 
582 
417 
110 
282 
703 
1127 
897 
487 
830 
316 
174 
28 
177 
1020 
1110 
810 
885 
637 
926 
519 
379 
210 
155 
319 
989 
47 
63 
935 
725 
605 
338 
1143 
77 
1088 
718 
535 
1014 
1024 
1140 
785 
121 
916 
1074 
1181 
368 
374 
769 
252 
337 
390 
732 
1213 
1187 
1204 
1219 
127 
610 
864 
908 
425 
717 
1203 
787 
364 
17 
69 
75 
1107 
878 
1253 
211 
366 
627 
709 
1092 
22 
1119 
1183 
278 
248 
590 
1261 
169 
960 
60 
233 
680 
289 
370 
499 
790 
1007 
268 
751 
682 
743 
1130 
1237 
1135 
315 
424 
811 
413 
1094 
515 
871 
705 
802 
907 
831 
608 
932 
1077 
283 
573 
951 
7 
93 
1055 
280 
713 
82 
797 
995 
755 
291 
392 
974 
1191 
602 
639 
180 
388 
765 
325 
427 
762 
83 
999 
815 
189 
1227 
537 
395 
575 
5 
164 
35 
380 
879 
447 
1151 
76 
904 
80 
894 
604 
205 
691 
1105 
592 
175 
601 
32 
1032 
274 
237 
958 
41 
796 
1252 
463 
828 
214 
786 
569 
579 
521 
358 
990 
849 
598 
1182 
247 
399 
1138 
394 
421 
1159 
91 
79 
997 
555 
1233 
410 
1197 
519 
675 
369 
795 
1076 
876 
293 
775 
203 
408 
1036 
703 
726 
242 
692 
129 
651 
12 
1131 
605 
261 
655 
727 
1132 
1256 
522 
745 
8 
887 
212 
86 
1008 
103 
1086 
984 
710 
407 
1048 
341 
733 
747 
801 
397 
622 
1031 
100 
509 
107 
665 
1063 
814 
886 
340 
279 
347 
929 
1121 
787 
260 
882 
772 
1062 
160 
722 
343 
201 
223 
769 
432 
863 
892 
939 
330 
567 
338 
821 
1006 
893 
58 
185 
632 
1034 
211 
586 
1017 
1069 
874 
273 
966 
1223 
78 
401 
1000 
1153 
748 
183 
16 
700 
65 
1088 
1234 
803 
763 
483 
843 
859 
436 
1038 
382 
414 
688 
327 
370 
845 
611 
934 
464 
1039 
1173 
453 
1064 
190 
639 
694 
1187 
93 
422 
47 
885 
1104 
871 
819 
1238 
1037 
1107 
270 
7 
570 
28 
1119 
630 
354 
961 
66 
248 
789 
678 
147 
67 
867 
121 
154 
561 
761 
829 
594 
695 
112 
515 
1045 
525 
878 
209 
636 
807 
667 
485 
1253 
720 
534 
84 
127 
1115 
1099 
717 
651 
268 
725 
706 
831 
753 
907 
1161 
442 
950 
316 
942 
577 
589 
592 
1171 
734 
788 
1176 
844 
857 
60 
982 
1060 
810 
319 
981 
616 
155 
754 
537 
914 
960 
811 
989 
175 
855 
76 
6 
655 
1128 
1069 
1117 
444 
686 
1143 
1226 
1203 
389 
521 
362 
289 
875 
1004 
284 
190 
795 
759 
1072 
757 
713 
874 
189 
970 
411 
854 
291 
765 
415 
1017 
1086 
830 
785 
391 
873 
141 
480 
1183 
1202 
956 
520 
682 
1046 
214 
303 
1125 
872 
424 
239 
627 
421 
823 
573 
703 
1101 
971 
1016 
42 
1199 
27 
535 
1032 
410 
958 
1049 
62 
849 
1088 
58 
465 
954 
698 
718 
899 
1158 
1220 
558 
1136 
1102 
995 
22 
68 
526 
894 
1151 
394 
1057 
15 
866 
377 
1178 
52 
1110 
913 
147 
130 
632 
940 
1015 
159 
74 
850 
886 
220 
519 
172 
203 
887 
724 
767 
162 
246 
417 
696 
125 
717 
404 
493 
432 
337 
576 
474 
102 
7 
414 
774 
1233 
1000 
1159 
83 
1024 
716 
523 
1112 
105 
792 
1084 
750 
905 
973 
1008 
1194 
1172 
1187 
338 
1059 
156 
814 
180 
898 
937 
801 
95 
108 
267 
218 
1121 
109 
1074 
430 
229 
590 
797 
1119 
393 
370 
727 
533 
908 
1190 
1021 
821 
244 
634 
1153 
537 
1186 
1099 
670 
748 
932 
279 
455 
871 
769 
545 
1161 
309 
1141 
1217 
906 
978 
0 
1221 
431 
999 
401 
65 
685 
1038 
1204 
422 
709 
582 
1169 
637 
8 
451 
741 
1006 
1227 
615 
687 
1022 
636 
211 
586 
189 
107 
399 
1017 
639 
803 
453 
863 
1086 
349 
1062 
31 
286 
379 
686 
789 
154 
984 
1123 
274 
515 
700 
640 
114 
720 
1171 
181 
967 
872 
196 
410 
1043 
791 
713 
1253 
857 
882 
319 
622 
39 
630 
577 
283 
541 
928 
338 
952 
391 
617 
907 
450 
1238 
588 
224 
933 
535 
427 
457 
746 
681 
1039 
448 
93 
42 
1152 
1214 
897 
28 
236 
755 
1 
354 
1012 
357 
990 
995 
1154 
911 
388 
1019 
58 
936 
175 
1059 
1209 
464 
74 
270 
520 
585 
854 
1250 
1084 
1187 
117 
519 
1014 
375 
174 
1139 
205 
544 
1251 
273 
1076 
1107 
594 
517 
745 
169 
603 
775 
370 
47 
1013 
703 
616 
220 
1018 
63 
954 
656 
1047 
1212 
1011 
377 
590 
35 
3 
1049 
1197 
239 
574 
1026 
1064 
937 
878 
1219 
646 
413 
915 
876 
979 
1220 
546 
787 
804 
324 
392 
194 
830 
769 
1194 
361 
743 
248 
651 
417 
534 
733 
835 
156 
1182 
560 
44 
280 
444 
589 
32 
632 
905 
1228 
1006 
222 
228 
573 
1227 
685 
810 
29 
670 
1001 
605 
1168 
571 
374 
268 
806 
983 
691 
1057 
303 
79 
203 
469 
1135 
437 
971 
1069 
849 
0 
372 
767 
118 
14 
504 
673 
1126 
31 
1147 
295 
887 
91 
260 
395 
537 
727 
1151 
125 
406 
1032 
347 
833 
141 
351 
480 
380 
801 
871 
569 
866 
459 
1111 
265 
717 
695 
885 
763 
1054 
1127 
321 
1216 
201 
803 
836 
1041 
449 
966 
1247 
349 
371 
306 
1038 
1080 
436 
175 
1031 
410 
622 
498 
26 
296 
542 
286 
1074 
795 
1218 
145 
165 
681 
895 
78 
582 
479 
1141 
389 
1024 
117 
945 
1130 
114 
655 
483 
856 
464 
317 
1050 
525 
95 
405 
642 
678 
941 
318 
107 
709 
189 
493 
843 
462 
142 
76 
15 
1070 
567 
1086 
65 
278 
8 
164 
736 
394 
644 
719 
1109 
72 
980 
797 
1176 
682 
815 
744 
166 
879 
42 
906 
637 
747 
961 
230 
6 
211 
147 
1062 
58 
463 
771 
1119 
769 
428 
1192 
597 
750 
270 
338 
1140 
652 
112 
173 
415 
1187 
1193 
1105 
688 
1248 
413 
242 
914 
1017 
187 
330 
972 
476 
455 
1043 
951 
973 
1008 
269 
162 
928 
579 
535 
340 
1084 
401 
548 
203 
737 
442 
857 
1200 
80 
1196 
60 
1226 
7 
844 
183 
788 
823 
1045 
100 
754 
1112 
28 
435 
167 
1064 
577 
937 
277 
854 
1107 
839 
725 
444 
514 
1152 
37 
519 
1013 
1061 
1005 
1238 
513 
1092 
487 
497 
586 
998 
1077 
555 
590 
812 
1154 
1252 
56 
1024 
954 
1028 
819 
11 
1162 
722 
849 
1037 
1219 
828 
177 
16 
1039 
515 
958 
393 
1171 
1143 
1255 
321 
533 
289 
279 
1049 
1243 
170 
776 
943 
1118 
39 
925 
418 
239 
125 
370 
865 
1199 
364 
417 
272 
62 
128 
217 
970 
382 
870 
1250 
873 
891 
130 
596 
424 
1197 
588 
645 
1247 
1120 
27 
222 
291 
817 
1069 
220 
663 
803 
882 
1185 
880 
229 
626 
766 
876 
871 
661 
946 
634 
248 
806 
1136 
391 
1046 
47 
567 
835 
642 
1018 
106 
726 
121 
174 
929 
951 
446 
374 
636 
148 
1214 
93 
814 
273 
1145 
156 
1015 
388 
597 
644 
1070 
639 
765 
117 
875 
201 
745 
1056 
986 
207 
834 
999 
200 
655 
755 
42 
653 
461 
1191 
637 
211 
1086 
1117 
801 
1141 
1217 
703 
7 
421 
640 
763 
717 
939 
695 
1187 
504 
667 
697 
479 
51 
1084 
401 
85 
1259 
498 
534 
109 
830 
365 
990 
154 
372 
1203 
246 
29 
716 
203 
796 
843 
1161 
743 
464 
155 
35 
1171 
1072 
1190 
1233 
886 
330 
727 
979 
956 
810 
3 
94 
463 
1239 
1069 
1019 
1021 
480 
307 
1179 
619 
196 
175 
523 
573 
1026 
484 
1102 
630 
15 
465 
732 
584 
646 
797 
829 
268 
516 
557 
762 
1146 
1148 
941 
686 
189 
107 
112 
682 
118 
854 
679 
1020 
1125 
1238 
632 
928 
1036 
858 
242 
407 
879 
726 
898 
734 
1205 
234 
180 
97 
1060 
95 
287 
709 
948 
1017 
856 
911 
700 
143 
724 
80 
420 
87 
1174 
139 
1195 
291 
1008 
1221 
26 
190 
848 
324 
1140 
605 
787 
981 
1088 
31 
1196 
482 
828 
610 
638 
1027 
219 
769 
1250 
672 
272 
422 
706 
377 
1154 
853 
880 
70 
1185 
101 
703 
1143 
381 
348 
340 
844 
1049 
1162 
351 
432 
804 
391 
397 
813 
276 
177 
991 
850 
885 
1158 
1081 
1104 
136 
620 
1132 
626 
1094 
438 
483 
1028 
464 
448 
576 
668 
932 
1070 
831 
1243 
165 
1184 
749 
947 
289 
553 
1187 
22 
273 
1197 
74 
68 
405 
161 
370 
298 
821 
731 
1139 
319 
755 
392 
897 
570 
830 
20 
341 
364 
1034 
655 
696 
895 
338 
1145 
54 
42 
380 
1006 
479 
555 
683 
58 
632 
60 
280 
867 
28 
713 
7 
894 
960 
720 
466 
819 
970 
425 
605 
248 
119 
1190 
303 
306 
937 
1030 
404 
537 
569 
590 
220 
717 
15 
594 
622 
1031 
946 
520 
147 
137 
354 
1043 
689 
1171 
1217 
1141 
1206 
1257 
733 
878 
1062 
52 
330 
1199 
424 
1099 
940 
703 
653 
780 
1086 
1050 
66 
1130 
389 
390 
746 
835 
413 
1015 
127 
637 
682 
842 
99 
1164 
189 
203 
439 
793 
564 
1047 
908 
231 
1233 
778 
1077 
721 
1017 
410 
967 
639 
1196 
928 
914 
863 
795 
1064 
1215 
394 
626 
905 
139 
873 
879 
1250 
385 
1024 
747 
807 
1221 
1116 
168 
926 
102 
211 
589 
1174 
723 
1046 
582 
1107 
154 
791 
155 
1091 
608 
1084 
411 
1076 
163 
455 
1021 
656 
806 
112 
972 
299 
724 
954 
636 
1197 
71 
0 
936 
596 
597 
1074 
757 
814 
745 
242 
787 
173 
875 
247 
672 
950 
803 
999 
1169 
1239 
551 
821 
568 
104 
141 
567 
1069 
35 
1139 
1038 
986 
6 
338 
734 
110 
527 
769 
1105 
720 
337 
1127 
840 
122 
270 
709 
848 
1011 
177 
554 
311 
1253 
65 
464 
294 
347 
446 
1025 
116 
201 
287 
706 
31 
214 
1209 
47 
405 
654 
857 
1104 
296 
362 
987 
1121 
243 
717 
859 
148 
223 
725 
305 
770 
871 
533 
24 
682 
695 
401 
212 
169 
1238 
802 
517 
569 
642 
940 
1049 
1088 
309 
432 
301 
449 
847 
947 
730 
951 
776 
93 
1230 
42 
117 
804 
912 
693 
705 
779 
680 
1145 
698 
833 
369 
874 
583 
653 
519 
812 
43 
605 
737 
476 
280 
422 
444 
1051 
1019 
1092 
1060 
28 
1004 
541 
244 
1156 
612 
1103 
58 
508 
435 
708 
600 
1062 
99 
442 
743 
984 
1234 
684 
515 
1144 
817 
1008 
404 
1165 
1110 
1152 
291 
936 
100 
147 
184 
493 
748 
830 
67 
579 
697 
801 
1203 
190 
644 
325 
438 
775 
1070 
622 
546 
603 
160 
1190 
866 
1017 
946 
72 
159 
428 
1217 
1187 
1102 
525 
861 
379 
1086 
480 
125 
1202 
532 
853 
358 
314 
359 
484 
835 
878 
1099 
1059 
1119 
31 
1233 
537 
927 
1153 
11 
182 
283 
750 
504 
479 
231 
248 
477 
854 
183 
465 
5 
448 
969 
989 
457 
74 
220 
788 
211 
718 
534 
769 
1185 
54 
785 
652 
1081 
732 
608 
960 
731 
1124 
95 
1162 
138 
694 
782 
421 
1036 
177 
265 
941 
535 
803 
651 
410 
582 
810 
781 
671 
898 
681 
703 
867 
391 
677 
268 
655 
953 
1161 
316 
1197 
47 
239 
276 
605 
1006 
154 
115 
320 
431 
586 
787 
210 
1220 
616 
523 
322 
76 
97 
855 
610 
573 
928 
577 
559 
187 
859 
1 
1088 
455 
588 
55 
940 
417 
956 
975 
372 
1057 
1094 
371 
493 
771 
908 
110 
999 
1084 
544 
142 
418 
590 
766 
82 
444 
80 
863 
1046 
933 
778 
570 
1259 
619 
407 
973 
1157 
279 
370 
22 
1103 
189 
1141 
139 
1227 
464 
244 
1168 
1187 
1077 
495 
882 
682 
1002 
525 
954 
700 
1190 
296 
550 
539 
900 
795 
1140 
63 
486 
147 
24 
252 
273 
480 
93 
242 
1196 
21 
1238 
564 
1242 
105 
986 
1015 
743 
775 
77 
536 
1118 
1204 
1216 
287 
516 
717 
821 
1217 
474 
903 
68 
847 
967 
596 
735 
937 
958 
1064 
666 
747 
184 
789 
630 
639 
1024 
665 
101 
405 
830 
897 
182 
972 
1144 
1033 
170 
104 
60 
406 
251 
636 
484 
1147 
340 
1038 
961 
78 
211 
298 
913 
67 
125 
141 
65 
1001 
32 
592 
849 
801 
1034 
424 
223 
432 
306 
1070 
206 
578 
337 
1021 
1145 
713 
757 
1076 
1136 
521 
856 
780 
1121 
140 
109 
341 
608 
726 
1220 
1194 
1171 
6 
794 
102 
566 
53 
203 
767 
1183 
942 
1068 
489 
779 
537 
1209 
871 
417 
853 
706 
814 
922 
1133 
895 
1036 
1203 
215 
183 
286 
515 
69 
854 
646 
857 
168 
1055 
247 
455 
769 
1158 
112 
43 
716 
683 
667 
610 
1018 
449 
811 
381 
385 
848 
367 
544 
1169 
1006 
1086 
435 
270 
565 
114 
651 
1013 
429 
366 
1032 
263 
697 
878 
1088 
117 
981 
1213 
74 
1127 
535 
1260 
58 
933 
809 
62 
835 
1248 
555 
97 
971 
185 
374 
358 
844 
388 
1062 
410 
920 
695 
430 
561 
567 
874 
107 
577 
76 
624 
589 
155 
947 
621 
755 
1153 
87 
1148 
470 
201 
509 
830 
1143 
47 
1125 
1141 
1146 
582 
66 
464 
364 
970 
1082 
174 
200 
260 
101 
156 
991 
1238 
579 
953 
1000 
493 
1017 
1221 
622 
965 
594 
997 
159 
1140 
370 
1022 
375 
558 
110 
391 
639 
1243 
338 
819 
407 
787 
760 
486 
635 
203 
1049 
616 
141 
960 
319 
444 
1094 
242 
817 
843 
7 
303 
298 
696 
1039 
904 
25 
575 
372 
522 
405 
1229 
940 
914 
1217 
11 
1086 
340 
519 
665 
852 
1253 
750 
812 
1020 
380 
929 
795 
1043 
1160 
184 
1076 
541 
296 
487 
892 
1057 
401 
394 
1061 
1198 
1069 
1169 
666 
586 
1119 
596 
1092 
1006 
42 
886 
93 
672 
32 
806 
551 
954 
1176 
268 
1008 
1064 
417 
682 
163 
600 
999 
6 
457 
1107 
12 
990 
1256 
1187 
918 
220 
104 
867 
537 
533 
1212 
949 
908 
894 
205 
187 
389 
1145 
1046 
570 
98 
1015 
951 
735 
1171 
206 
1018 
177 
399 
763 
568 
776 
410 
782 
341 
80 
936 
58 
652 
125 
291 
588 
72 
121 
222 
446 
1124 
31 
244 
1196 
274 
1144 
628 
272 
69 
1146 
1172 
871 
769 
1066 
182 
1197 
579 
937 
946 
437 
706 
413 
483 
583 
1190 
44 
732 
875 
1095 
885 
237 
989 
273 
186 
709 
1031 
430 
623 
232 
720 
1195 
866 
1048 
1130 
726 
651 
734 
262 
449 
1017 
928 
1014 
355 
278 
142 
455 
507 
97 
303 
632 
859 
878 
984 
1016 
1183 
1012 
283 
348 
1141 
519 
129 
422 
804 
183 
733 
567 
712 
604 
882 
170 
379 
941 
248 
717 
897 
1088 
1251 
1136 
26 
29 
543 
250 
1025 
1121 
1194 
1102 
480 
814 
381 
741 
59 
1049 
1032 
53 
821 
689 
218 
84 
247 
370 
451 
596 
830 
887 
822 
854 
377 
924 
371 
898 
627 
42 
189 
1199 
1011 
289 
294 
586 
1005 
899 
487 
620 
1000 
203 
645 
1024 
509 
1092 
442 
1004 
150 
801 
493 
653 
1070 
447 
477 
1250 
521 
691 
1247 
93 
128 
893 
349 
973 
1034 
656 
700 
464 
392 
1 
1006 
375 
220 
848 
107 
1055 
1157 
1060 
1214 
406 
747 
819 
939 
85 
1140 
410 
7 
74 
32 
163 
868 
950 
405 
1104 
659 
401 
856 
1143 
424 
770 
491 
999 
145 
895 
1238 
147 
855 
1261 
109 
803 
1204 
399 
337 
395 
778 
280 
474 
569 
1038 
457 
1154 
1148 
306 
544 
1015 
444 
573 
112 
672 
347 
603 
1188 
407 
268 
946 
1086 
174 
1229 
795 
5 
281 
389 
28 
553 
591 
929 
67 
91 
273 
879 
911 
748 
397 
1035 
535 
771 
622 
320 
983 
1107 
122 
519 
499 
455 
949 
956 
1221 
1226 
928 
551 
916 
616 
431 
278 
466 
1220 
745 
47 
682 
308 
912 
673 
878 
1249 
65 
564 
252 
495 
22 
913 
154 
1026 
684 
341 
541 
1033 
370 
703 
1081 
626 
954 
298 
849 
1158 
717 
476 
716 
1176 
315 
372 
291 
1076 
605 
248 
1118 
941 
1190 
875 
60 
214 
537 
723 
766 
309 
695 
201 
590 
805 
1050 
937 
289 
814 
517 
835 
800 
24 
652 
1141 
202 
1027 
1187 
465 
589 
1213 
582 
34 
483 
588 
1186 
702 
1239 
180 
191 
718 
886 
35 
228 
984 
76 
627 
1197 
31 
867 
15 
1244 
69 
354 
1119 
711 
1127 
1126 
422 
168 
1088 
1102 
74 
169 
713 
129 
523 
147 
1041 
1084 
68 
340 
51 
388 
450 
379 
655 
853 
1144 
53 
402 
772 
442 
785 
1136 
1201 
639 
279 
797 
350 
905 
897 
480 
973 
868 
1145 
25 
407 
570 
960 
823 
908 
1094 
1066 
1161 
410 
871 
597 
1017 
1054 
547 
743 
992 
1057 
642 
413 
375 
337 
430 
220 
1238 
270 
787 
684 
130 
317 
1157 
999 
11 
576 
489 
1202 
1015 
394 
632 
1168 
888 
107 
1148 
121 
672 
724 
1227 
1237 
182 
97 
685 
829 
1241 
399 
914 
1032 
885 
877 
64 
63 
231 
167 
878 
380 
426 
71 
1258 
1077 
930 
579 
1107 
681 
928 
1203 
795 
381 
991 
203 
577 
801 
1049 
1247 
126 
417 
753 
747 
1146 
971 
479 
819 
61 
263 
806 
219 
936 
703 
637 
1071 
70 
794 
864 
1205 
954 
117 
275 
474 
720 
717 
616 
810 
940 
1008 
1183 
1036 
569 
892 
958 
947 
647 
1050 
1056 
47 
688 
882 
370 
835 
733 
1013 
412 
639 
1006 
1064 
39 
372 
338 
521 
1069 
269 
6 
1101 
171 
586 
1038 
270 
983 
718 
1033 
1138 
418 
93 
349 
626 
35 
652 
1192 
379 
84 
1230 
1026 
515 
999 
446 
1161 
5 
868 
935 
1047 
1223 
933 
567 
1084 
992 
22 
534 
1140 
802 
973 
1120 
431 
932 
1253 
821 
849 
525 
114 
1171 
189 
1126 
7 
667 
404 
732 
725 
1046 
613 
709 
805 
1241 
451 
321 
295 
680 
449 
873 
997 
79 
476 
1196 
58 
1092 
1024 
129 
612 
1049 
713 
1070 
767 
922 
353 
1227 
682 
1015 
60 
401 
778 
190 
1017 
1087 
44 
12 
145 
788 
464 
651 
874 
281 
800 
1220 
283 
1179 
74 
298 
1202 
535 
331 
749 
1248 
69 
233 
787 
1076 
866 
893 
633 
268 
1103 
306 
364 
854 
1165 
305 
228 
830 
362 
814 
716 
67 
622 
653 
1147 
1199 
573 
610 
381 
436 
1176 
139 
280 
341 
242 
1011 
987 
447 
551 
394 
722 
813 
127 
374 
695 
1221 
990 
516 
937 
1215 
939 
1104 
971 
1219 
1141 
731 
1143 
195 
1088 
371 
1005 
765 
664 
887 
944 
156 
763 
656 
1107 
694 
87 
289 
338 
90 
514 
403 
486 
261 
801 
360 
477 
594 
274 
925 
198 
319 
941 
182 
520 
984 
570 
220 
950 
303 
211 
589 
169 
54 
308 
769 
1250 
99 
147 
424 
1233 
989 
940 
705 
25 
875 
579 
287 
93 
410 
555 
32 
155 
829 
223 
1062 
1119 
175 
755 
576 
615 
685 
466 
879 
741 
836 
59 
954 
85 
244 
1016 
1192 
138 
961 
979 
241 
1162 
702 
494 
992 
432 
967 
279 
849 
1094 
415 
65 
1051 
148 
74 
239 
267 
743 
929 
1063 
840 
6 
130 
1136 
1190 
487 
1064 
327 
269 
859 
628 
1133 
962 
141 
1197 
397 
1006 
1086 
1183 
894 
681 
886 
553 
420 
1049 
1209 
895 
1084 
848 
422 
321 
465 
208 
586 
1185 
632 
231 
493 
325 
1105 
203 
58 
823 
914 
1163 
31 
972 
1043 
67 
270 
1110 
928 
983 
582 
28 
908 
642 
626 
1036 
519 
956 
1238 
861 
304 
828 
604 
617 
1187 
1188 
142 
535 
1182 
76 
785 
1070 
585 
745 
868 
1153 
732 
1171 
558 
711 
291 
488 
616 
810 
887 
727 
830 
718 
872 
653 
283 
864 
413 
534 
1026 
199 
725 
311 
818 
696 
1196 
845 
385 
700 
1132 
1032 
1206 
455 
102 
382 
1018 
489 
867 
401 
640 
428 
296 
599 
1015 
160 
117 
736 
1244 
427 
281 
448 
1087 
78 
525 
1243 
854 
201 
348 
688 
806 
266 
652 
622 
1122 
608 
391 
874 
35 
1107 
272 
242 
375 
723 
258 
540 
569 
583 
570 
990 
556 
999 
298 
672 
933 
1125 
1140 
1069 
372 
554 
1102 
177 
1034 
370 
765 
801 
1158 
265 
878 
717 
11 
991 
145 
1038 
196 
211 
1184 
1151 
293 
682 
1252 
435 
520 
567 
147 
1215 
249 
593 
803 
1019 
26 
834 
166 
274 
417 
58 
421 
411 
566 
169 
204 
515 
646 
788 
1172 
521 
637 
1194 
550 
405 
278 
589 
95 
743 
767 
935 
936 
1031 
924 
426 
1074 
713 
843 
1033 
856 
410 
913 
537 
588 
7 
129 
42 
984 
703 
44 
939 
316 
1021 
1127 
446 
655 
858 
430 
218 
747 
987 
1086 
632 
1168 
1190 
678 
107 
431 
474 
814 
1121 
1057 
154 
638 
341 
15 
871 
223 
483 
309 
1129 
665 
67 
802 
389 
1110 
230 
1183 
208 
954 
382 
168 
568 
908 
418 
586 
700 
429 
967 
477 
795 
808 
574 
260 
324 
1022 
1045 
519 
22 
420 
195 
1091 
442 
754 
280 
1012 
1099 
32 
183 
702 
233 
6 
1006 
270 
480 
849 
128 
882 
1000 
804 
1063 
380 
879 
840 
1160 
494 
796 
1171 
886 
1146 
1139 
960 
1026 
145 
407 
807 
1024 
697 
899 
1227 
437 
683 
897 
585 
305 
424 
27 
789 
992 
651 
222 
762 
1046 
413 
709 
696 
1104 
93 
189 
243 
1221 
642 
53 
1032 
310 
1231 
306 
1015 
47 
484 
1197 
41 
854 
1049 
455 
839 
928 
464 
763 
1047 
224 
1219 
184 
317 
1088 
283 
864 
1036 
688 
695 
439 
66 
821 
302 
377 
915 
1101 
417 
576 
872 
1165 
509 
617 
885 
687 
182 
1053 
24 
279 
724 
1050 
1213 
582 
620 
231 
1017 
515 
207 
272 
601 
803 
394 
1258 
297 
1131 
479 
363 
682 
810 
1043 
785 
1151 
374 
940 
104 
713 
211 
411 
730 
141 
201 
820 
867 
348 
443 
1066 
934 
1261 
639 
364 
770 
392 
537 
767 
1244 
1140 
937 
830 
716 
828 
203 
855 
857 
79 
375 
1136 
1253 
626 
750 
315 
1069 
1185 
174 
519 
291 
966 
806 
1190 
935 
1204 
277 
354 
295 
7 
791 
63 
694 
610 
67 
422 
1105 
1029 
769 
1001 
1148 
1187 
462 
715 
164 
815 
1217 
337 
757 
1031 
936 
1223 
924 
347 
508 
1141 
415 
54 
656 
684 
1195 
251 
619 
1081 
1209 
31 
301 
410 
430 
1199 
835 
370 
338 
6 
843 
1021 
446 
733 
982 
273 
700 
1172 
1183 
412 
319 
1084 
309 
308 
856 
183 
749 
945 
431 
1015 
1154 
1024 
1121 
385 
289 
795 
58 
317 
703 
121 
60 
482 
967 
1032 
1250 
379 
1034 
389 
427 
156 
1102 
551 
868 
1237 
941 
432 
933 
717 
171 
206 
1107 
280 
401 
311 
509 
1132 
600 
39 
246 
932 
655 
588 
296 
17 
788 
1131 
972 
466 
539 
730 
1062 
95 
1133 
811 
306 
109 
321 
1086 
1037 
1057 
673 
819 
974 
18 
391 
720 
234 
279 
211 
15 
297 
1233 
1064 
268 
616 
147 
220 
940 
477 
504 
390 
743 
637 
853 
909 
97 
1046 
154 
876 
485 
785 
802 
72 
191 
382 
1146 
384 
59 
185 
763 
789 
183 
180 
1190 
778 
377 
678 
521 
129 
520 
879 
1066 
1168 
748 
380 
983 
844 
1125 
488 
85 
338 
973 
465 
1008 
566 
1055 
859 
449 
765 
850 
229 
935 
1169 
141 
1143 
519 
1103 
956 
305 
320 
886 
887 
928 
117 
76 
805 
459 
476 
1203 
115 
790 
278 
414 
570 
769 
1048 
1132 
417 
405 
163 
292 
1209 
0 
834 
22 
779 
638 
1110 
80 
358 
722 
597 
1076 
177 
315 
683 
114 
907 
1128 
1262 
174 
582 
1148 
411 
515 
709 
47 
1210 
122 
1084 
137 
843 
1218 
370 
189 
726 
1252 
173 
905 
1256 
635 
936 
428 
1171 
41 
1053 
989 
341 
406 
642 
469 
148 
776 
1015 
1159 
1202 
84 
967 
66 
745 
965 
747 
1136 
248 
421 
590 
986 
425 
551 
914 
98 
474 
693 
69 
389 
438 
537 
780 
1241 
663 
579 
725 
1121 
588 
932 
232 
1238 
555 
573 
688 
67 
553 
304 
685 
803 
1036 
1001 
1120 
392 
58 
267 
430 
686 
324 
904 
104 
533 
112 
376 
766 
211 
499 
95 
1002 
1158 
951 
53 
316 
480 
910 
182 
422 
713 
1086 
578 
31 
27 
19 
420 
611 
800 
1070 
454 
289 
1182 
319 
816 
1214 
1006 
1039 
878 
1026 
156 
1094 
1198 
15 
306 
1145 
462 
610 
911 
109 
801 
872 
1062 
983 
603 
399 
269 
76 
854 
1141 
203 
665 
413 
204 
1017 
796 
944 
1237 
1038 
749 
697 
1185 
272 
767 
465 
750 
806 
632 
386 
720 
627 
1217 
358 
564 
871 
446 
464 
970 
164 
1088 
377 
594 
291 
897 
875 
401 
682 
364 
639 
270 
35 
1195 
1197 
354 
835 
651 
960 
1169 
337 
374 
769 
999 
1227 
154 
11 
870 
1024 
565 
72 
275 
1064 
703 
1077 
1190 
626 
597 
107 
105 
946 
1165 
947 
97 
54 
954 
616 
1049 
908 
672 
279 
1048 
508 
807 
1104 
410 
303 
614 
532 
797 
180 
160 
1087 
916 
1221 
718 
405 
567 
442 
509 
723 
879 
937 
242 
125 
727 
984 
310 
471 
863 
1152 
60 
763 
1107 
1191 
102 
785 
1057 
194 
150 
655 
309 
1157 
307 
1202 
709 
395 
688 
1129 
347 
1201 
1239 
1252 
1220 
5 
850 
596 
928 
520 
1199 
885 
1253 
867 
262 
1086 
31 
184 
521 
1084 
214 
711 
1238 
69 
435 
305 
630 
17 
558 
924 
1132 
589 
1196 
792 
1141 
1074 
91 
831 
878 
973 
1059 
678 
971 
817 
121 
266 
1015 
682 
1213 
519 
541 
587 
925 
546 
280 
1243 
248 
370 
570 
568 
571 
317 
857 
997 
1192 
1247 
717 
189 
795 
1176 
564 
402 
389 
745 
1069 
702 
548 
1148 
780 
769 
1223 
895 
574 
483 
201 
200 
803 
1209 
1161 
778 
696 
278 
399 
535 
211 
35 
270 
775 
1064 
56 
743 
1104 
1226 
1031 
1110 
316 
453 
380 
537 
592 
810 
182 
758 
70 
1262 
1119 
880 
1006 
229 
1164 
58 
636 
1198 
893 
41 
806 
141 
854 
859 
112 
411 
464 
1032 
146 
1185 
691 
1107 
598 
1146 
109 
835 
504 
515 
619 
815 
196 
725 
987 
63 
842 
954 
338 
320 
639 
382 
700 
900 
1017 
198 
888 
642 
410 
632 
666 
1140 
1182 
622 
988 
97 
786 
1088 
15 
590 
155 
289 
709 
772 
436 
580 
984 
573 
613 
695 
1169 
567 
39 
60 
1153 
1218 
221 
626 
203 
898 
970 
1228 
78 
42 
430 
713 
1102 
597 
569 
703 
899 
1220 
508 
699 
785 
291 
1000 
1118 
1063 
885 
913 
107 
946 
1143 
904 
637 
1168 
683 
821 
793 
154 
442 
849 
719 
941 
794 
391 
640 
960 
67 
830 
403 
610 
862 
1233 
374 
716 
293 
479 
455 
95 
1029 
843 
401 
328 
136 
156 
183 
747 
115 
137 
1070 
1194 
1133 
1121 
737 
947 
878 
364 
24 
616 
720 
519 
420 
870 
939 
937 
47 
526 
1086 
242 
916 
175 
1104 
787 
983 
233 
1161 
485 
268 
278 
1214 
264 
387 
394 
389 
62 
1049 
694 
795 
1173 
142 
280 
928 
1250 
22 
874 
1001 
696 
1183 
349 
929 
1087 
1074 
1209 
655 
586 
407 
950 
169 
303 
273 
15 
71 
817 
1077 
25 
98 
1238 
413 
274 
583 
769 
879 
1032 
857 
675 
1192 
305 
951 
399 
1012 
279 
205 
132 
718 
735 
867 
894 
989 
1072 
509 
797 
1139 
534 
1069 
498 
99 
521 
645 
1199 
726 
652 
1212 
64 
973 
684 
789 
992 
978 
734 
860 
1171 
459 
767 
246 
422 
298 
582 
1057 
945 
58 
948 
287 
439 
147 
695 
77 
392 
600 
628 
223 
793 
545 
999 
802 
373 
639 
487 
488 
89 
537 
1141 
703 
709 
236 
294 
320 
893 
946 
220 
14 
861 
1204 
1253 
429 
1230 
589 
1127 
1165 
1197 
1062 
409 
743 
601 
122 
189 
1028 
138 
334 
713 
1061 
1024 
63 
627 
965 
680 
856 
68 
330 
401 
854 
1110 
960 
1054 
1252 
1064 
567 
801 
626 
791 
814 
826 
370 
203 
359 
717 
636 
164 
596 
682 
785 
1008 
295 
1006 
829 
457 
247 
454 
455 
803 
925 
940 
805 
283 
484 
382 
773 
586 
916 
1237 
347 
697 
725 
576 
1156 
35 
31 
317 
1051 
416 
1092 
1214 
1162 
154 
1168 
895 
1194 
418 
1056 
1066 
934 
813 
867 
898 
598 
871 
929 
270 
211 
483 
555 
349 
1031 
665 
853 
889 
7 
673 
1121 
795 
866 
442 
653 
1049 
364 
93 
519 
620 
1255 
967 
1247 
47 
818 
1050 
310 
1203 
625 
1120 
200 
385 
241 
544 
182 
958 
0 
769 
450 
464 
593 
553 
973 
214 
280 
338 
410 
797 
80 
1196 
24 
127 
1036 
141 
720 
879 
1086 
681 
466 
1185 
763 
835 
391 
1139 
684 
1104 
6 
116 
1017 
341 
778 
112 
363 
1171 
278 
1146 
279 
1233 
1074 
185 
745 
888 
1229 
14 
616 
58 
1158 
839 
759 
316 
107 
242 
1134 
90 
928 
432 
451 
570 
873 
248 
287 
1032 
28 
234 
265 
1084 
850 
422 
1145 
859 
324 
1192 
354 
603 
766 
703 
761 
1157 
374 
709 
817 
946 
97 
886 
444 
455 
548 
448 
329 
667 
277 
401 
1187 
429 
319 
394 
726 
534 
1088 
892 
417 
1048 
1227 
305 
1228 
267 
589 
362 
203 
735 
1136 
1062 
637 
1206 
573 
446 
138 
1221 
744 
487 
411 
695 
954 
1046 
871 
53 
125 
197 
1238 
220 
480 
459 
180 
940 
875 
42 
830 
1006 
395 
1141 
467 
537 
891 
74 
100 
688 
937 
22 
1107 
1114 
878 
204 
750 
610 
473 
109 
1074 
622 
986 
370 
675 
1119 
692 
717 
803 
1121 
1051 
887 
157 
689 
605 
674 
716 
1070 
1031 
569 
640 
55 
1015 
857 
1161 
843 
1110 
596 
340 
729 
36 
664 
936 
268 
298 
794 
1019 
958 
169 
521 
567 
156 
1026 
515 
994 
20 
550 
739 
941 
210 
380 
769 
851 
146 
51 
236 
1092 
849 
1061 
1204 
854 
577 
874 
1069 
1199 
1169 
992 
922 
795 
838 
404 
519 
1203 
174 
925 
627 
978 
338 
289 
979 
1127 
663 
806 
984 
399 
405 
770 
58 
464 
976 
154 
963 
653 
493 
587 
104 
247 
309 
205 
911 
1262 
1068 
211 
103 
190 
1086 
594 
725 
76 
160 
432 
895 
939 
964 
544 
720 
1049 
782 
479 
686 
1202 
1139 
375 
1197 
417 
999 
311 
250 
1165 
194 
882 
601 
1028 
436 
1185 
242 
534 
973 
389 
429 
1077 
401 
1064 
1082 
748 
1102 
713 
47 
588 
117 
1144 
1143 
667 
279 
1236 
1250 
462 
1153 
1238 
1151 
507 
1171 
426 
766 
107 
697 
283 
306 
329 
221 
258 
1140 
908 
1006 
509 
790 
1239 
1253 
412 
1154 
718 
928 
1059 
1162 
93 
1217 
933 
203 
1081 
315 
703 
791 
578 
1229 
68 
646 
823 
805 
410 
1017 
480 
442 
1183 
868 
691 
465 
501 
879 
486 
819 
1226 
522 
885 
716 
341 
537 
1215 
949 
619 
900 
800 
940 
60 
475 
965 
79 
721 
787 
672 
268 
423 
444 
239 
1001 
586 
1110 
656 
740 
1196 
1219 
121 
995 
265 
232 
946 
86 
734 
948 
665 
1220 
871 
980 
244 
844 
84 
407 
504 
684 
270 
735 
614 
1074 
286 
807 
1227 
435 
696 
592 
763 
867 
1190 
590 
668 
863 
573 
683 
443 
6 
637 
829 
1261 
1043 
69 
937 
220 
760 
391 
122 
1141 
39 
525 
291 
1115 
1223 
1095 
878 
476 
620 
1146 
795 
682 
136 
242 
653 
655 
1039 
748 
1088 
1176 
95 
673 
589 
170 
854 
924 
47 
1094 
1204 
887 
694 
252 
394 
211 
515 
5 
201 
301 
803 
1055 
814 
750 
1107 
605 
384 
1016 
177 
801 
1086 
973 
1121 
1047 
58 
65 
1202 
298 
636 
664 
1252 
370 
28 
432 
63 
583 
817 
875 
1243 
596 
112 
395 
1072 
1194 
186 
811 
919 
427 
928 
1024 
156 
785 
1228 
843 
911 
1118 
487 
709 
1122 
652 
338 
598 
810 
145 
630 
390 
956 
165 
1038 
717 
939 
204 
891 
424 
455 
1136 
1002 
141 
1140 
1218 
772 
857 
42 
68 
645 
963 
221 
222 
283 
859 
6 
1157 
858 
1069 
537 
779 
278 
54 
462 
1017 
1004 
1031 
972 
780 
1185 
686 
897 
254 
413 
430 
703 
737 
1070 
1076 
1203 
1197 
280 
616 
1084 
32 
203 
9 
796 
874 
1153 
1154 
35 
1015 
967 
182 
354 
705 
173 
237 
1199 
870 
1171 
632 
248 
442 
464 
189 
1102 
1238 
1032 
999 
769 
725 
1146 
294 
374 
876 
471 
802 
87 
1049 
922 
425 
1077 
535 
1139 
220 
1237 
1011 
473 
904 
1196 
266 
437 
1143 
966 
695 
337 
1129 
678 
958 
319 
575 
555 
642 
1229 
1145 
937 
1186 
525 
69 
411 
726 
1062 
905 
483 
1021 
1226 
898 
1006 
334 
803 
31 
417 
41 
242 
289 
341 
183 
325 
600 
1057 
58 
1116 
815 
830 
821 
307 
569 
844 
781 
1050 
713 
573 
912 
393 
1054 
279 
385 
406 
493 
787 
191 
878 
1141 
1246 
291 
1187 
121 
655 
1098 
350 
734 
410 
482 
392 
684 
299 
718 
15 
1168 
491 
14 
849 
463 
11 
702 
903 
818 
395 
422 
519 
1227 
303 
399 
610 
805 
1055 
306 
1159 
67 
716 
942 
747 
146 
147 
89 
105 
656 
670 
696 
1130 
296 
132 
412 
1036 
381 
597 
1094 
211 
940 
801 
951 
928 
278 
711 
358 
1119 
582 
843 
479 
74 
1183 
93 
1197 
65 
1161 
769 
187 
691 
509 
1000 
918 
950 
474 
984 
1171 
946 
391 
850 
1221 
286 
433 
1140 
309 
745 
1151 
1198 
986 
414 
743 
999 
1086 
451 
203 
1127 
630 
112 
553 
85 
1059 
298 
653 
639 
590 
663 
688 
141 
37 
405 
689 
1136 
0 
394 
1182 
973 
1038 
1253 
788 
811 
79 
230 
82 
401 
1214 
891 
1002 
487 
1188 
586 
114 
1101 
1146 
1158 
277 
700 
1110 
25 
31 
735 
100 
1087 
605 
305 
78 
579 
1024 
363 
672 
1156 
1206 
469 
787 
429 
362 
616 
803 
420 
1209 
1217 
817 
231 
128 
626 
60 
1017 
878 
1231 
664 
129 
321 
1027 
1064 
1018 
454 
174 
709 
685 
155 
913 
989 
417 
268 
88 
1022 
717 
26 
190 
960 
1013 
601 
39 
104 
177 
718 
1128 
887 
1190 
38 
854 
95 
295 
1187 
682 
635 
879 
428 
5 
956 
822 
84 
880 
795 
248 
519 
1049 
337 
871 
297 
1100 
727 
76 
465 
1176 
972 
183 
995 
56 
279 
914 
603 
42 
338 
1219 
576 
249 
1117 
703 
940 
984 
62 
743 
655 
110 
117 
1118 
696 
1069 
1077 
949 
243 
684 
1006 
461 
377 
410 
380 
623 
457 
1062 
379 
119 
74 
619 
289 
695 
833 
805 
1086 
588 
898 
1145 
1218 
981 
211 
242 
1021 
303 
1055 
830 
867 
1084 
706 
936 
145 
270 
507 
1196 
947 
769 
874 
1113 
294 
97 
683 
1165 
797 
1233 
455 
638 
263 
464 
1171 
778 
189 
228 
806 
462 
608 
775 
287 
590 
760 
821 
90 
990 
300 
307 
470 
945 
32 
325 
1121 
6 
691 
1109 
1057 
171 
317 
1070 
1160 
843 
808 
599 
101 
525 
168 
558 
1152 
1161 
725 
1107 
1116 
971 
103 
1143 
448 
848 
207 
1048 
704 
77 
1074 
713 
1197 
954 
1034 
170 
583 
567 
1202 
180 
1150 
564 
885 
535 
98 
688 
928 
399 
1104 
1153 
1017 
814 
1200 
401 
960 
958 
1162 
920 
934 
214 
95 
375 
220 
868 
404 
646 
735 
933 
67 
203 
309 
841 
427 
476 
682 
1182 
895 
1005 
1039 
640 
1140 
374 
639 
47 
112 
1139 
522 
551 
125 
951 
280 
693 
444 
370 
761 
534 
503 
785 
1081 
1122 
736 
431 
579 
363 
316 
897 
1000 
652 
791 
716 
1226 
1220 
422 
37 
1136 
610 
753 
114 
1008 
389 
340 
632 
417 
667 
338 
509 
227 
1185 
1248 
483 
447 
817 
1144 
265 
292 
1203 
1054 
268 
1199 
732 
385 
936 
554 
526 
937 
42 
278 
589 
379 
1141 
298 
282 
405 
31 
856 
973 
15 
498 
797 
93 
519 
360 
482 
283 
745 
1077 
201 
569 
743 
319 
289 
711 
664 
141 
1064 
273 
58 
1253 
801 
1154 
464 
794 
555 
590 
857 
129 
835 
29 
1017 
255 
361 
703 
358 
97 
1219 
1102 
1032 
1187 
107 
1146 
36 
672 
1092 
1259 
1015 
39 
1148 
65 
769 
949 
109 
1125 
202 
757 
353 
1014 
573 
586 
1183 
80 
6 
627 
854 
547 
232 
967 
605 
582 
1046 
311 
947 
567 
681 
391 
455 
537 
946 
1151 
698 
35 
1122 
317 
1238 
72 
642 
121 
655 
741 
1084 
843 
867 
1026 
1203 
880 
682 
887 
242 
246 
46 
763 
1204 
1006 
940 
182 
220 
905 
369 
1081 
984 
973 
519 
1162 
954 
432 
74 
472 
899 
1036 
1139 
112 
785 
442 
685 
449 
1262 
417 
794 
453 
457 
28 
338 
374 
1049 
828 
695 
638 
382 
588 
228 
546 
280 
630 
893 
590 
916 
402 
796 
878 
171 
354 
474 
7 
42 
700 
879 
122 
645 
75 
534 
1215 
218 
1024 
98 
649 
259 
797 
1104 
569 
1062 
318 
795 
1176 
365 
750 
908 
930 
594 
1249 
1008 
717 
1227 
810 
859 
1055 
422 
205 
1209 
892 
69 
628 
60 
1088 
1171 
632 
1182 
482 
529 
936 
329 
32 
626 
683 
687 
394 
895 
167 
551 
1118 
90 
754 
1188 
1237 
787 
841 
1261 
175 
309 
803 
160 
1021 
319 
161 
399 
1252 
47 
435 
680 
1164 
275 
972 
693 
713 
325 
911 
1013 
653 
1053 
848 
1172 
716 
19 
67 
1168 
63 
651 
1032 
1056 
567 
1218 
375 
462 
278 
2 
397 
1089 
364 
1203 
618 
558 
987 
616 
703 
871 
1217 
555 
93 
1043 
1107 
1255 
1131 
1238 
1018 
263 
147 
726 
446 
1148 
1141 
874 
352 
992 
1103 
121 
220 
757 
1086 
790 
1060 
72 
76 
203 
291 
296 
914 
489 
438 
484 
1078 
718 
217 
817 
303 
21 
1216 
31 
710 
391 
377 
550 
1000 
507 
1161 
1153 
185 
340 
951 
218 
854 
155 
769 
455 
306 
244 
348 
372 
1064 
362 
830 
465 
224 
822 
705 
101 
1059 
381 
953 
945 
464 
1146 
289 
283 
424 
746 
684 
520 
129 
501 
565 
0 
984 
928 
1088 
347 
709 
1164 
281 
22 
1233 
1070 
1069 
636 
688 
878 
1165 
750 
286 
574 
639 
523 
561 
719 
939 
760 
813 
1250 
606 
802 
843 
1147 
211 
795 
1084 
320 
579 
1162 
371 
647 
908 
479 
722 
330 
1036 
504 
1213 
997 
316 
954 
1050 
174 
389 
1190 
999 
695 
726 
725 
1214 
364 
682 
1182 
75 
189 
821 
184 
415 
604 
141 
1252 
797 
1006 
429 
1092 
850 
1259 
1183 
1198 
65 
1171 
924 
205 
937 
724 
382 
229 
28 
619 
1057 
1201 
1115 
596 
482 
655 
1049 
743 
231 
672 
735 
1091 
150 
652 
1004 
785 
1191 
948 
6 
1102 
700 
644 
775 
876 
175 
974 
270 
739 
895 
864 
24 
425 
1019 
145 
7 
249 
1017 
932 
47 
940 
232 
1186 
862 
317 
1187 
405 
1248 
509 
476 
422 
1038 
1143 
341 
180 
203 
338 
427 
379 
1229 
773 
354 
887 
420 
1041 
1074 
42 
295 
58 
617 
1122 
577 
589 
388 
183 
929 
168 
600 
207 
221 
1260 
713 
956 
1157 
1161 
20 
626 
803 
321 
171 
593 
448 
1243 
395 
535 
309 
190 
1130 
1216 
586 
731 
401 
769 
1089 
59 
484 
0 
857 
686 
280 
763 
255 
664 
817 
547 
597 
431 
283 
811 
1140 
424 
716 
836 
601 
537 
1046 
1197 
754 
1011 
503 
449 
1139 
413 
495 
1133 
480 
982 
1064 
1119 
771 
1036 
444 
1077 
1022 
766 
464 
370 
340 
32 
403 
908 
1086 
835 
1219 
82 
296 
859 
1118 
1226 
93 
264 
1107 
656 
1125 
567 
762 
263 
696 
998 
69 
1250 
233 
410 
104 
316 
879 
521 
734 
278 
1018 
787 
304 
147 
588 
394 
819 
843 
1165 
765 
757 
737 
1154 
772 
294 
907 
855 
1178 
1031 
831 
1212 
121 
1146 
767 
894 
85 
951 
939 
1021 
230 
946 
1051 
911 
534 
310 
798 
717 
990 
928 
606 
638 
412 
1110 
406 
733 
1233 
887 
156 
1227 
830 
1172 
160 
429 
311 
1099 
1171 
165 
885 
954 
565 
1190 
129 
15 
703 
580 
653 
455 
64 
272 
446 
898 
965 
1084 
220 
1143 
453 
583 
303 
487 
814 
137 
577 
515 
1202 
559 
622 
1120 
89 
868 
371 
809 
1195 
691 
702 
432 
761 
743 
1001 
427 
519 
915 
973 
1253 
937 
1034 
1046 
1145 
141 
463 
469 
719 
60 
1102 
709 
114 
218 
367 
201 
720 
721 
1238 
428 
1162 
1 
1024 
442 
1011 
216 
479 
116 
73 
986 
384 
1187 
389 
401 
1006 
1008 
31 
76 
305 
884 
75 
999 
204 
42 
560 
112 
340 
415 
425 
745 
960 
247 
678 
248 
1128 
681 
431 
936 
735 
854 
5 
125 
158 
1118 
338 
590 
872 
880 
597 
763 
1136 
83 
941 
970 
287 
853 
705 
191 
354 
1094 
58 
652 
769 
1081 
695 
1106 
933 
1132 
688 
476 
205 
673 
897 
145 
940 
283 
198 
341 
596 
1130 
1223 
54 
268 
750 
207 
697 
1017 
1194 
359 
1169 
1252 
24 
474 
791 
975 
307 
914 
1206 
601 
628 
380 
692 
586 
231 
464 
713 
582 
737 
966 
1171 
1217 
381 
1043 
217 
1027 
1151 
430 
1057 
17 
916 
879 
168 
358 
555 
736 
991 
508 
1062 
107 
754 
1070 
422 
722 
15 
1221 
567 
180 
655 
1064 
843 
945 
637 
1152 
270 
421 
159 
773 
537 
1054 
47 
395 
874 
716 
32 
747 
79 
946 
6 
803 
1153 
69 
364 
850 
370 
520 
1127 
616 
1199 
379 
278 
483 
362 
573 
828 
1107 
242 
1013 
449 
325 
1205 
327 
67 
501 
578 
1137 
280 
835 
258 
1141 
1031 
934 
203 
794 
410 
694 
160 
65 
154 
928 
956 
1074 
391 
480 
294 
1144 
34 
651 
958 
1121 
374 
95 
28 
457 
710 
366 
183 
372 
721 
297 
605 
1157 
1186 
247 
62 
1190 
249 
1148 
210 
488 
700 
1262 
274 
1139 
72 
576 
702 
246 
74 
801 
853 
201 
1000 
619 
268 
413 
1104 
1021 
1191 
979 
1201 
1221 
1238 
942 
630 
1116 
465 
703 
1037 
788 
795 
22 
1140 
1188 
1006 
408 
810 
1197 
163 
854 
867 
326 
769 
932 
26 
570 
911 
93 
206 
470 
1033 
1213 
933 
1250 
1102 
1094 
785 
385 
112 
39 
211 
298 
455 
1049 
1165 
579 
129 
745 
830 
797 
1015 
521 
380 
405 
464 
878 
417 
243 
691 
622 
509 
731 
787 
1057 
1185 
646 
767 
908 
301 
498 
354 
802 
24 
747 
337 
36 
943 
175 
401 
885 
610 
723 
961 
583 
709 
1118 
863 
155 
1080 
848 
717 
891 
1048 
1084 
1087 
726 
954 
1077 
905 
58 
725 
390 
1224 
844 
916 
279 
315 
446 
733 
821 
880 
670 
393 
940 
484 
1095 
626 
338 
806 
223 
413 
42 
1099 
290 
736 
835 
311 
1147 
31 
444 
847 
1187 
407 
871 
306 
177 
774 
998 
381 
319 
1233 
442 
642 
1196 
1184 
160 
651 
267 
925 
876 
1171 
519 
67 
705 
359 
1038 
718 
967 
1153 
1086 
571 
914 
95 
1032 
688 
1133 
399 
775 
1169 
200 
1064 
84 
289 
588 
969 
779 
1090 
1109 
287 
674 
493 
1092 
698 
358 
242 
632 
503 
410 
196 
232 
317 
482 
362 
418 
781 
796 
6 
268 
1022 
147 
231 
1241 
15 
894 
422 
485 
1107 
1249 
801 
1017 
918 
112 
335 
145 
992 
220 
907 
1216 
548 
811 
1145 
224 
304 
1120 
47 
655 
295 
330 
859 
849 
1110 
762 
1034 
1250 
156 
431 
874 
1139 
658 
168 
464 
769 
1154 
263 
803 
613 
951 
214 
264 
262 
121 
722 
449 
813 
795 
91 
817 
946 
703 
713 
203 
1219 
765 
309 
1253 
364 
374 
537 
181 
377 
276 
666 
1220 
833 
93 
244 
1036 
1043 
1069 
79 
194 
230 
854 
534 
1020 
3 
1074 
567 
665 
1238 
637 
680 
1124 
673 
1197 
809 
862 
1130 
973 
1151 
489 
183 
670 
937 
764 
857 
341 
115 
589 
911 
137 
1214 
678 
871 
830 
1205 
724 
608 
601 
647 
953 
451 
990 
87 
430 
565 
1183 
389 
988 
1009 
1144 
717 
1239 
97 
247 
173 
1013 
1088 
936 
1028 
90 
1185 
788 
639 
442 
767 
438 
1116 
1117 
54 
421 
233 
1019 
763 
227 
307 
939 
865 
273 
340 
823 
828 
821 
940 
1212 
592 
395 
924 
984 
1104 
363 
1049 
28 
187 
399 
807 
1051 
77 
622 
1119 
51 
1256 
867 
991 
24 
59 
267 
145 
169 
220 
372 
319 
1012 
405 
515 
278 
7 
347 
66 
67 
303 
139 
211 
556 
574 
822 
929 
354 
142 
286 
296 
1089 
887 
1121 
682 
653 
1086 
1141 
1221 
844 
104 
203 
1064 
0 
696 
56 
1015 
370 
155 
404 
1187 
835 
110 
891 
516 
965 
1046 
1070 
241 
1029 
74 
967 
1077 
1109 
22 
177 
472 
681 
258 
577 
1217 
280 
6 
1172 
745 
748 
1092 
1226 
412 
725 
1174 
112 
417 
338 
582 
646 
716 
1001 
743 
854 
65 
1220 
121 
937 
519 
60 
351 
889 
882 
801 
76 
596 
491 
297 
379 
769 
625 
951 
793 
330 
429 
439 
1017 
293 
651 
1129 
189 
385 
795 
242 
79 
546 
1006 
413 
487 
15 
1034 
1206 
754 
583 
806 
672 
374 
380 
1224 
270 
684 
183 
221 
1087 
594 
735 
999 
601 
279 
958 
1200 
156 
1183 
392 
1190 
1094 
1168 
95 
107 
736 
1131 
816 
880 
1152 
27 
168 
957 
410 
998 
940 
1062 
586 
765 
843 
914 
839 
879 
1102 
1018 
364 
928 
1171 
147 
830 
23 
605 
287 
861 
1203 
717 
31 
464 
1227 
1043 
1060 
720 
1233 
1069 
407 
633 
190 
1032 
1261 
652 
58 
278 
1036 
588 
696 
1243 
442 
887 
718 
301 
619 
406 
211 
1153 
1039 
1186 
867 
70 
992 
589 
1110 
724 
936 
911 
1140 
474 
564 
859 
703 
797 
1253 
1139 
112 
1148 
98 
747 
683 
709 
946 
939 
1011 
521 
47 
329 
46 
459 
118 
1076 
289 
523 
97 
389 
1197 
970 
1064 
411 
555 
1185 
280 
369 
483 
167 
395 
117 
956 
713 
653 
688 
1244 
1127 
1164 
548 
1169 
401 
338 
596 
835 
143 
967 
1086 
195 
1219 
989 
438 
453 
104 
929 
937 
803 
1165 
473 
1021 
180 
909 
795 
1196 
1120 
1249 
32 
320 
1220 
1161 
29 
1070 
603 
361 
377 
636 
265 
486 
1074 
162 
567 
203 
264 
382 
454 
1136 
125 
272 
615 
427 
129 
220 
248 
951 
597 
1154 
1239 
319 
493 
42 
684 
940 
913 
705 
726 
639 
698 
898 
908 
745 
519 
974 
1001 
1077 
575 
651 
720 
791 
485 
568 
479 
601 
640 
349 
973 
1252 
36 
397 
1119 
52 
759 
1187 
8 
413 
214 
773 
147 
431 
364 
942 
385 
417 
623 
1087 
762 
1008 
1092 
60 
871 
1188 
444 
449 
580 
810 
464 
509 
806 
1084 
1217 
370 
375 
1145 
815 
341 
11 
283 
770 
610 
586 
972 
430 
1047 
928 
1118 
561 
354 
1006 
573 
947 
76 
241 
722 
309 
971 
990 
28 
239 
58 
809 
1213 
512 
1045 
797 
533 
814 
190 
84 
537 
1036 
1253 
897 
175 
435 
1151 
1049 
757 
763 
154 
1024 
1034 
21 
79 
840 
1179 
168 
24 
1185 
263 
1190 
277 
828 
394 
991 
633 
1132 
998 
703 
1126 
1212 
51 
999 
1172 
407 
1107 
53 
638 
1218 
725 
626 
442 
1086 
844 
1182 
582 
637 
311 
1200 
222 
1198 
886 
746 
233 
717 
724 
362 
1015 
656 
769 
109 
896 
477 
636 
1197 
182 
247 
1129 
374 
1019 
184 
399 
863 
718 
882 
1153 
74 
393 
548 
194 
404 
1057 
54 
695 
857 
867 
1206 
202 
888 
219 
62 
298 
65 
727 
1171 
174 
688 
401 
1209 
1196 
646 
110 
659 
234 
645 
597 
218 
483 
1220 
7 
984 
983 
908 
1141 
117 
1136 
855 
1021 
249 
590 
1017 
585 
854 
868 
1143 
34 
451 
268 
1230 
592 
242 
291 
915 
403 
525 
341 
1122 
220 
77 
273 
1084 
989 
237 
616 
860 
6 
603 
939 
801 
665 
385 
735 
1130 
1175 
306 
60 
457 
137 
389 
63 
1128 
71 
817 
583 
282 
95 
411 
89 
64 
498 
281 
1032 
1231 
47 
100 
557 
960 
288 
1008 
464 
551 
588 
680 
104 
941 
15 
598 
523 
848 
810 
683 
716 
422 
1102 
1157 
537 
690 
741 
861 
121 
930 
967 
1072 
482 
509 
1238 
1237 
811 
1050 
340 
795 
239 
292 
719 
1063 
859 
954 
1006 
605 
1074 
42 
833 
294 
678 
1087 
3 
435 
760 
965 
459 
1099 
806 
945 
97 
183 
586 
682 
455 
501 
673 
1164 
830 
1203 
105 
519 
431 
1223 
1234 
1187 
32 
58 
726 
270 
189 
1239 
522 
1024 
1064 
430 
395 
417 
1218 
374 
125 
882 
533 
1140 
1184 
370 
1158 
956 
898 
1179 
577 
1011 
195 
582 
703 
940 
1058 
155 
1055 
1161 
516 
1201 
375 
743 
574 
1039 
851 
671 
175 
713 
736 
429 
1198 
420 
732 
667 
29 
845 
1139 
79 
1088 
787 
856 
35 
319 
1202 
22 
990 
1190 
484 
1199 
766 
280 
928 
887 
223 
283 
156 
381 
1145 
791 
822 
841 
355 
1204 
394 
1118 
828 
369 
442 
878 
164 
652 
181 
364 
572 
597 
844 
655 
7 
711 
589 
252 
946 
910 
401 
1171 
306 
390 
182 
1146 
1250 
733 
763 
1159 
439 
567 
499 
937 
814 
1084 
632 
491 
914 
448 
1152 
301 
341 
769 
695 
1249 
905 
970 
1076 
626 
544 
831 
745 
194 
221 
849 
317 
895 
1162 
1261 
93 
303 
688 
604 
80 
1082 
174 
859 
137 
483 
651 
1243 
147 
796 
835 
1121 
1140 
218 
880 
112 
270 
705 
1221 
464 
806 
900 
1045 
1038 
1047 
854 
47 
830 
936 
662 
399 
162 
843 
1026 
795 
596 
272 
258 
1050 
959 
605 
886 
723 
1008 
1080 
1228 
749 
1094 
1165 
1154 
981 
279 
682 
72 
189 
1107 
1176 
525 
1238 
1219 
217 
1057 
588 
817 
106 
810 
296 
1136 
904 
1049 
1178 
670 
759 
389 
42 
999 
1102 
920 
114 
717 
1196 
214 
685 
636 
1077 
370 
519 
1183 
247 
338 
427 
534 
627 
675 
212 
995 
374 
1182 
405 
1244 
1032 
117 
242 
273 
304 
646 
1060 
924 
1148 
183 
833 
908 
700 
1125 
861 
1188 
1071 
413 
620 
778 
553 
168 
31 
703 
444 
459 
1133 
610 
829 
557 
1110 
293 
422 
1015 
601 
1205 
1119 
702 
363 
118 
1054 
274 
396 
735 
224 
517 
521 
579 
721 
850 
780 
278 
898 
653 
66 
287 
871 
1203 
97 
586 
1151 
262 
410 
899 
933 
407 
630 
1006 
1212 
980 
973 
1088 
249 
853 
731 
857 
184 
932 
1011 
142 
801 
76 
125 
866 
1250 
417 
555 
1161 
918 
309 
722 
1001 
164 
1116 
191 
769 
929 
291 
748 
687 
282 
928 
77 
375 
515 
867 
129 
244 
1013 
922 
868 
554 
17 
290 
887 
6 
1012 
841 
1181 
26 
1185 
1233 
876 
983 
160 
802 
0 
590 
754 
509 
1223 
718 
233 
1187 
967 
425 
1099 
1046 
960 
765 
940 
1218 
25 
32 
109 
711 
797 
190 
319 
59 
1055 
148 
220 
382 
743 
1224 
399 
597 
438 
745 
211 
448 
937 
65 
874 
795 
397 
715 
1086 
1168 
1059 
203 
347 
280 
991 
239 
1115 
11 
19 
519 
296 
1131 
60 
622 
761 
803 
1049 
27 
201 
1197 
854 
632 
182 
1063 
325 
998 
582 
1238 
1145 
289 
47 
302 
406 
411 
15 
537 
541 
706 
548 
141 
720 
979 
112 
570 
696 
362 
1102 
775 
830 
1186 
885 
154 
955 
307 
1139 
726 
1127 
864 
930 
961 
28 
1107 
1146 
329 
577 
391 
462 
1258 
1110 
1165 
389 
719 
769 
879 
1152 
750 
911 
379 
1250 
1164 
1032 
788 
1128 
42 
871 
814 
483 
1092 
1199 
72 
1198 
1117 
122 
697 
1109 
70 
819 
878 
401 
947 
763 
573 
605 
956 
421 
1220 
300 
387 
1171 
477 
358 
686 
457 
992 
1036 
805 
110 
567 
828 
981 
1017 
886 
306 
107 
1008 
999 
7 
655 
295 
1026 
1082 
596 
1069 
269 
781 
1077 
424 
1076 
311 
1140 
928 
709 
1184 
1233 
790 
117 
171 
703 
211 
546 
1187 
887 
594 
1084 
679 
717 
1006 
200 
359 
298 
1144 
380 
683 
935 
610 
630 
93 
914 
370 
859 
1261 
555 
44 
85 
939 
1057 
924 
1081 
673 
88 
49 
428 
105 
713 
688 
736 
301 
159 
499 
427 
1021 
407 
1002 
1230 
974 
1015 
255 
835 
1007 
793 
14 
484 
642 
815 
2 
242 
297 
721 
453 
906 
399 
119 
489 
795 
54 
270 
862 
1159 
1074 
118 
646 
519 
31 
1034 
1227 
1121 
58 
305 
315 
1086 
142 
249 
726 
137 
239 
26 
465 
624 
900 
970 
316 
522 
700 
1088 
946 
139 
810 
1136 
912 
1252 
829 
1049 
418 
1228 
1091 
220 
937 
455 
787 
1203 
247 
479 
1161 
372 
183 
897 
206 
1031 
1101 
1188 
797 
1056 
152 
278 
801 
42 
636 
672 
638 
347 
586 
617 
147 
1024 
960 
1013 
891 
1064 
205 
533 
652 
114 
279 
296 
291 
1141 
1058 
1092 
782 
480 
870 
1249 
410 
1243 
833 
534 
22 
367 
597 
6 
746 
74 
579 
1168 
1038 
694 
996 
590 
20 
949 
1077 
308 
561 
1143 
1218 
405 
866 
1011 
231 
1209 
1006 
317 
406 
122 
39 
391 
850 
425 
1153 
984 
175 
201 
723 
981 
1043 
1197 
208 
639 
725 
154 
164 
791 
925 
446 
665 
280 
1133 
417 
535 
750 
340 
389 
112 
28 
929 
432 
709 
879 
145 
885 
1216 
76 
936 
1139 
1182 
385 
329 
482 
861 
47 
628 
717 
349 
1210 
651 
272 
1238 
507 
422 
263 
589 
831 
1070 
286 
309 
550 
1164 
413 
338 
582 
1026 
1039 
863 
1185 
58 
1196 
303 
695 
873 
1018 
769 
928 
211 
319 
697 
1138 
1017 
203 
896 
337 
626 
1250 
946 
401 
138 
916 
1117 
462 
483 
684 
11 
567 
682 
1008 
41 
125 
940 
380 
893 
1145 
407 
616 
716 
1014 
304 
283 
999 
343 
614 
835 
1089 
748 
270 
1187 
1015 
187 
1051 
93 
1110 
63 
25 
415 
1143 
971 
519 
1199 
477 
637 
568 
395 
414 
370 
1148 
604 
261 
578 
773 
36 
1169 
397 
1076 
854 
570 
986 
844 
160 
194 
583 
803 
859 
969 
1019 
1064 
908 
1201 
174 
887 
42 
838 
291 
608 
1203 
141 
322 
381 
1194 
1253 
1226 
673 
221 
183 
19 
914 
182 
759 
696 
645 
911 
31 
246 
655 
973 
744 
907 
659 
797 
685 
1125 
688 
856 
1234 
1120 
186 
857 
479 
121 
1218 
390 
1088 
569 
1151 
743 
210 
127 
700 
939 
591 
722 
537 
703 
945 
1133 
399 
936 
885 
879 
109 
733 
586 
830 
990 
59 
1119 
465 
457 
403 
432 
760 
689 
988 
117 
417 
1139 
112 
532 
1197 
196 
446 
732 
65 
770 
980 
450 
89 
211 
782 
1213 
605 
1204 
266 
573 
970 
709 
801 
934 
1190 
940 
954 
203 
370 
796 
401 
1140 
248 
981 
1165 
1038 
621 
654 
959 
1069 
745 
819 
998 
548 
1136 
1175 
616 
735 
1221 
1168 
721 
589 
279 
843 
1252 
757 
6 
636 
97 
325 
263 
338 
1024 
1185 
971 
223 
412 
515 
7 
391 
710 
1160 
35 
167 
1156 
937 
956 
448 
410 
672 
1018 
1209 
476 
664 
1163 
535 
104 
220 
1021 
1093 
848 
929 
1051 
101 
1006 
785 
984 
813 
1086 
775 
1104 
1072 
655 
968 
283 
1062 
308 
40 
935 
442 
874 
270 
1146 
93 
769 
305 
360 
947 
1088 
965 
537 
684 
32 
1049 
382 
1084 
1196 
128 
865 
627 
633 
1243 
570 
588 
717 
1255 
320 
576 
1077 
473 
619 
789 
1118 
1231 
878 
29 
420 
175 
417 
177 
187 
31 
795 
363 
103 
533 
1057 
632 
973 
233 
991 
690 
464 
893 
1061 
713 
525 
863 
487 
366 
1251 
1182 
1013 
630 
211 
1075 
405 
771 
830 
1188 
682 
1036 
276 
1017 
582 
1169 
1201 
1237 
1158 
404 
1026 
315 
569 
928 
125 
1115 
307 
705 
1176 
51 
78 
519 
925 
185 
933 
744 
480 
787 
1197 
879 
58 
622 
841 
122 
876 
341 
774 
22 
119 
553 
289 
516 
1218 
1256 
697 
1015 
1070 
416 
190 
115 
484 
853 
1171 
1122 
284 
434 
983 
60 
358 
1245 
174 
446 
93 
567 
1008 
98 
62 
999 
1059 
42 
63 
0 
231 
330 
711 
145 
1162 
47 
1254 
79 
429 
1001 
855 
1074 
700 
788 
394 
849 
1217 
667 
1229 
354 
1143 
871 
981 
291 
738 
155 
745 
646 
803 
1022 
1082 
319 
688 
857 
407 
97 
909 
672 
864 
1006 
465 
495 
743 
430 
772 
1034 
67 
364 
911 
61 
162 
370 
199 
127 
1113 
28 
763 
761 
994 
1132 
946 
27 
797 
1190 
778 
1019 
637 
1184 
828 
534 
1199 
967 
437 
1053 
1220 
668 
164 
568 
268 
1077 
309 
169 
748 
895 
504 
651 
1203 
1161 
1032 
591 
183 
939 
735 
1031 
1050 
1141 
410 
535 
1163 
234 
449 
349 
880 
1062 
1092 
1186 
616 
1153 
1261 
303 
138 
610 
401 
201 
607 
179 
298 
1029 
1227 
614 
1058 
695 
246 
244 
521 
590 
114 
949 
232 
1188 
1238 
873 
393 
645 
724 
716 
1047 
652 
1015 
954 
844 
1233 
82 
476 
215 
54 
814 
970 
372 
220 
1130 
198 
1215 
1185 
464 
780 
519 
509 
717 
632 
525 
640 
1027 
765 
795 
239 
1152 
813 
990 
887 
937 
472 
1002 
1253 
1086 
112 
427 
1099 
1192 
1165 
626 
1136 
935 
588 
417 
989 
121 
1069 
58 
619 
95 
769 
856 
868 
913 
537 
924 
184 
721 
928 
280 
862 
914 
274 
636 
6 
480 
80 
1016 
479 
623 
503 
684 
945 
579 
1146 
457 
31 
517 
533 
531 
686 
39 
1159 
32 
664 
787 
691 
659 
455 
548 
1064 
823 
574 
703 
999 
857 
630 
746 
1095 
1187 
338 
654 
132 
139 
1135 
1209 
286 
818 
1104 
442 
487 
908 
991 
177 
341 
732 
897 
1182 
483 
165 
1243 
639 
370 
199 
446 
70 
107 
905 
206 
791 
296 
395 
697 
608 
747 
100 
974 
1110 
110 
582 
315 
709 
767 
940 
1017 
1102 
167 
1036 
965 
420 
957 
42 
68 
203 
211 
866 
898 
191 
789 
1221 
1091 
99 
1157 
617 
1041 
1173 
231 
726 
807 
553 
555 
830 
1107 
1148 
983 
294 
444 
145 
809 
410 
863 
1161 
1164 
349 
743 
125 
700 
1202 
1046 
272 
720 
1223 
850 
534 
1032 
268 
1081 
318 
735 
688 
29 
1151 
683 
819 
750 
65 
894 
1121 
956 
516 
1169 
1074 
289 
1226 
1049 
1076 
546 
844 
652 
713 
929 
1018 
859 
56 
60 
330 
51 
520 
875 
575 
148 
248 
939 
769 
814 
968 
117 
279 
1055 
1094 
498 
1090 
291 
936 
1127 
425 
1060 
946 
406 
1187 
1184 
592 
236 
539 
499 
1062 
364 
885 
220 
449 
567 
622 
1143 
183 
694 
803 
432 
1008 
20 
817 
293 
716 
849 
985 
426 
871 
678 
1141 
118 
59 
1077 
766 
1199 
604 
267 
509 
1070 
1176 
417 
185 
189 
854 
1038 
1165 
104 
427 
519 
252 
744 
970 
1203 
6 
413 
507 
1088 
1214 
672 
722 
391 
429 
525 
895 
76 
599 
1029 
254 
430 
746 
573 
1066 
1218 
54 
864 
655 
16 
168 
7 
320 
548 
464 
887 
1050 
1146 
765 
28 
182 
1125 
1154 
1069 
283 
399 
341 
1185 
1139 
19 
588 
302 
843 
401 
194 
58 
795 
404 
34 
231 
1197 
937 
1017 
394 
535 
450 
158 
561 
558 
632 
1001 
797 
92 
646 
465 
203 
1152 
1217 
201 
805 
1174 
876 
280 
872 
154 
273 
15 
866 
455 
644 
184 
1252 
569 
1006 
109 
8 
95 
174 
57 
268 
1250 
448 
1049 
549 
695 
736 
349 
405 
801 
1084 
456 
523 
673 
1 
24 
502 
496 
310 
317 
682 
1168 
67 
546 
745 
615 
463 
534 
636 
785 
298 
239 
100 
1145 
1013 
1161 
1190 
36 
1153 
375 
1204 
763 
299 
878 
1237 
610 
428 
769 
1086 
145 
651 
951 
718 
806 
544 
664 
352 
31 
616 
972 
1233 
381 
63 
129 
674 
1024 
222 
986 
60 
198 
973 
395 
1198 
1011 
247 
928 
537 
1107 
812 
138 
1043 
925 
246 
223 
688 
457 
1219 
939 
489 
1061 
683 
991 
709 
139 
1220 
442 
519 
1238 
956 
1261 
1064 
1165 
114 
295 
175 
388 
112 
370 
730 
163 
508 
289 
338 
935 
1048 
101 
432 
1187 
950 
264 
47 
684 
551 
1184 
279 
590 
916 
727 
774 
1015 
652 
1199 
632 
177 
422 
1148 
93 
431 
23 
303 
417 
997 
35 
410 
437 
99 
703 
960 
345 
885 
1196 
42 
315 
861 
2 
1212 
29 
564 
1119 
218 
854 
668 
493 
755 
732 
449 
1141 
79 
425 
1132 
1017 
954 
399 
366 
582 
586 
605 
833 
283 
76 
515 
97 
874 
1171 
999 
588 
911 
397 
966 
91 
211 
535 
879 
589 
374 
645 
946 
748 
830 
1131 
1104 
