371 
1 
429 
478 
479 
1166 
983 
69 
491 
495 
486 
136 
1204 
927 
84 
796 
119 
1002 
115 
330 
731 
749 
478 
568 
1120 
841 
1130 
790 
60 
1051 
490 
1094 
920 
1166 
478 
598 
439 
72 
280 
954 
857 
626 
534 
467 
871 
525 
803 
106 
512 
211 
439 
147 
1230 
131 
12 
490 
478 
268 
567 
482 
468 
788 
1029 
1213 
15 
1148 
486 
1000 
337 
491 
1136 
534 
72 
147 
267 
490 
782 
727 
1151 
928 
1230 
679 
12 
223 
599 
790 
1007 
439 
586 
1000 
492 
630 
1194 
904 
409 
1220 
177 
17 
490 
1203 
72 
150 
586 
237 
21 
214 
525 
819 
478 
1040 
606 
188 
1165 
1208 
630 
482 
816 
803 
421 
847 
15 
12 
386 
1234 
245 
60 
1000 
935 
1174 
616 
813 
1112 
1051 
278 
482 
664 
237 
337 
478 
630 
486 
946 
766 
393 
576 
1220 
164 
173 
760 
1213 
725 
372 
1166 
1105 
712 
72 
672 
1207 
77 
842 
1174 
131 
783 
908 
884 
214 
435 
439 
69 
328 
174 
256 
72 
490 
323 
1220 
296 
743 
797 
101 
84 
1166 
490 
478 
546 
106 
850 
657 
961 
998 
693 
1000 
935 
12 
49 
707 
837 
1002 
223 
434 
214 
482 
468 
1184 
490 
308 
851 
1174 
327 
947 
294 
800 
342 
479 
12 
954 
763 
1003 
495 
703 
533 
1029 
606 
884 
571 
681 
386 
1150 
177 
641 
164 
69 
72 
280 
1037 
468 
15 
490 
818 
241 
372 
215 
637 
155 
1210 
297 
1166 
180 
282 
72 
517 
769 
478 
342 
857 
911 
781 
435 
241 
468 
90 
920 
322 
69 
1039 
279 
287 
818 
12 
245 
237 
414 
75 
935 
729 
844 
15 
49 
534 
164 
409 
763 
569 
490 
743 
1166 
468 
72 
954 
320 
884 
631 
1114 
606 
797 
480 
334 
478 
260 
970 
1166 
197 
486 
604 
490 
408 
294 
1213 
149 
566 
1119 
763 
223 
635 
92 
534 
12 
1234 
963 
49 
1026 
984 
630 
749 
1103 
1119 
525 
899 
164 
72 
1040 
478 
586 
884 
486 
482 
833 
465 
534 
842 
448 
796 
924 
840 
983 
1122 
1123 
691 
918 
1166 
954 
72 
963 
260 
490 
899 
421 
876 
21 
105 
495 
949 
84 
935 
675 
593 
1202 
435 
328 
983 
490 
933 
346 
652 
