0.010500 
0.013400 
0.015300 
0.016200 
0.016700 
0.017700 
0.018700 
0.020500 
0.021600 
0.024500 
0.025600 
0.026000 
0.027300 
0.027500 
0.028200 
0.028700 
0.030800 
0.031400 
0.032100 
0.032200 
0.032400 
0.033900 
0.034300 
0.034900 
0.035500 
0.037200 
0.037800 
0.038000 
0.038300 
0.039700 
0.040000 
0.040500 
0.041300 
0.041900 
0.042100 
0.042100 
0.042100 
0.042400 
0.045800 
0.046400 
0.047100 
0.047900 
0.048000 
0.048400 
0.048400 
0.048500 
0.051100 
0.051900 
0.051900 
0.052300 
0.053700 
0.054100 
0.055200 
0.055400 
0.055600 
0.058800 
0.058800 
0.058900 
0.059300 
0.060900 
0.061800 
0.062700 
0.062800 
0.062900 
0.063300 
0.064100 
0.066000 
0.069500 
0.071200 
0.072800 
0.074200 
0.075000 
0.075600 
0.075900 
0.075900 
0.078200 
0.080100 
0.080500 
0.081600 
0.081800 
0.082200 
0.082200 
0.082700 
0.084800 
0.086000 
0.086400 
0.086700 
0.087700 
0.087900 
0.089900 
0.090600 
0.090700 
0.092500 
0.092800 
0.093100 
0.094200 
0.094800 
0.095700 
0.096200 
0.097100 
0.098000 
0.098100 
0.099700 
0.100200 
0.100400 
0.101800 
0.101900 
0.102000 
0.102100 
0.102800 
0.103700 
0.103800 
0.104600 
0.105100 
0.106900 
0.108600 
0.108700 
0.108700 
0.110300 
0.110900 
0.111000 
0.111500 
0.113200 
0.113500 
0.113800 
0.114200 
0.115100 
0.116000 
0.117700 
0.117800 
0.119500 
0.121400 
0.122000 
0.122100 
0.122400 
0.124900 
0.125300 
0.126300 
0.126300 
0.126800 
0.127200 
0.128400 
0.129000 
0.129200 
0.130100 
0.130700 
0.130900 
0.131600 
0.132400 
0.134100 
0.134700 
0.135200 
0.135400 
0.135800 
0.136000 
0.139100 
0.139600 
0.139700 
0.140800 
0.142900 
0.143100 
0.143100 
0.144700 
0.144900 
0.145900 
0.147200 
0.148300 
0.148800 
0.149000 
0.149500 
0.151800 
0.151900 
0.152900 
0.154300 
0.154700 
0.155500 
0.155800 
0.156800 
0.158600 
0.159400 
0.160900 
0.161500 
0.161800 
0.163100 
0.164500 
0.166900 
0.167700 
0.168100 
0.168400 
0.169700 
0.170400 
0.170400 
0.170500 
0.170500 
0.170900 
0.170900 
0.171300 
0.171900 
0.172000 
0.173100 
0.175000 
0.175200 
0.175400 
0.176000 
0.176200 
0.178200 
0.178800 
0.179800 
0.181200 
0.181900 
0.182400 
0.182900 
0.183100 
0.183300 
0.183300 
0.184500 
0.184800 
0.186000 
0.187500 
0.187700 
0.189500 
0.190000 
0.190000 
0.191200 
0.192400 
0.193400 
0.193700 
0.194100 
0.194400 
0.195600 
0.196600 
0.197800 
0.198400 
0.201100 
0.201600 
0.202500 
0.203700 
0.204200 
0.204400 
0.204700 
0.205500 
0.206400 
0.206900 
0.207100 
0.207300 
0.207500 
0.209200 
0.209300 
0.209500 
0.211200 
0.211500 
0.211700 
0.212600 
0.215600 
0.217200 
0.218200 
0.218400 
0.218500 
0.218900 
0.220200 
0.220900 
0.221100 
0.221500 
0.221700 
0.221900 
0.222500 
0.223400 
0.223600 
0.224200 
0.225600 
0.226100 
0.226500 
0.226800 
0.228100 
0.228700 
0.228900 
0.229200 
0.229600 
0.230700 
0.232900 
0.233700 
0.236700 
0.237400 
0.238300 
0.238800 
0.240900 
0.241000 
0.242000 
0.243600 
0.243900 
0.247400 
0.248900 
0.249700 
0.250600 
0.251300 
0.251800 
0.252200 
0.252300 
0.252900 
0.253800 
0.254000 
0.254200 
0.255500 
0.255700 
0.255700 
0.255900 
0.256100 
0.256300 
0.256400 
0.257400 
0.258100 
0.258100 
0.260300 
0.260500 
0.261200 
0.261500 
0.262000 
0.263700 
0.264600 
0.265100 
0.265200 
0.265200 
0.265800 
0.266800 
0.268100 
0.268100 
0.268100 
0.269000 
0.269600 
0.270400 
0.272200 
0.272800 
0.273000 
0.273500 
0.275300 
0.277000 
0.277200 
0.278200 
0.279200 
0.279800 
0.280300 
0.280700 
0.280800 
0.283200 
0.283200 
0.284100 
0.284200 
0.284300 
0.285200 
0.285600 
0.285900 
0.287000 
0.287600 
0.288800 
0.290900 
0.292100 
0.293000 
0.293500 
0.293500 
0.293900 
0.298500 
0.299200 
0.299300 
0.301500 
0.302200 
0.303500 
0.305200 
0.305400 
0.305600 
0.306400 
0.307200 
0.307300 
0.307400 
0.308200 
0.308400 
0.310200 
0.310300 
0.311000 
0.311300 
0.311400 
0.312500 
0.312800 
0.313200 
0.313700 
0.313800 
0.313900 
0.314200 
0.314400 
0.314400 
0.314600 
0.314900 
0.315800 
0.317700 
0.317800 
0.318000 
0.318800 
0.319000 
0.319200 
0.319300 
0.319800 
0.320000 
0.320800 
0.322100 
0.323100 
0.323200 
0.324400 
0.324900 
0.325700 
0.326500 
0.328400 
0.328900 
0.329200 
0.329700 
0.330900 
0.331400 
0.332400 
0.333000 
0.333200 
0.334600 
0.335000 
0.336200 
0.337800 
0.339200 
0.342300 
0.342500 
0.344600 
0.345200 
0.345300 
0.345600 
0.346000 
0.346200 
0.346500 
0.346800 
0.346900 
0.346900 
0.349700 
0.350700 
0.351400 
0.353400 
0.354200 
0.355000 
0.356300 
0.357400 
0.357800 
0.358900 
0.360500 
0.361100 
0.362000 
0.362000 
0.363700 
0.363800 
0.363900 
0.364100 
0.364500 
0.364800 
0.366500 
0.367900 
0.368300 
0.368500 
0.369000 
0.369100 
0.369200 
0.369700 
0.370100 
0.370200 
0.370600 
0.371200 
0.372800 
0.372900 
0.376000 
0.378800 
0.381700 
0.382000 
0.382900 
0.382900 
0.382900 
0.383100 
0.383400 
0.384100 
0.384300 
0.384900 
0.385400 
0.385400 
0.385600 
0.386300 
0.386800 
0.388500 
0.389400 
0.391000 
0.392600 
0.392800 
0.393700 
0.394000 
0.394200 
0.395900 
0.396400 
0.397100 
0.397300 
0.398000 
0.398300 
0.400500 
0.400600 
0.401400 
0.401900 
0.405800 
0.406700 
0.406800 
0.409100 
0.409400 
0.411000 
0.411400 
0.411500 
0.412200 
0.413200 
0.413400 
0.414100 
0.415300 
0.416100 
0.416200 
0.416300 
0.418400 
0.418500 
0.419100 
0.419500 
0.421600 
0.421800 
0.422200 
0.422900 
0.422900 
0.423200 
0.423500 
0.424800 
0.426300 
0.427200 
0.428100 
0.428600 
0.429300 
0.430700 
0.431000 
0.431000 
0.431400 
0.432100 
0.432600 
0.434800 
0.435500 
0.435500 
0.435800 
0.436000 
0.436200 
0.438200 
0.439700 
0.439900 
0.440300 
0.441200 
0.441600 
0.442400 
0.443200 
0.445000 
0.445900 
0.447000 
0.447300 
0.447400 
0.449900 
0.451300 
0.451600 
0.454200 
0.455000 
0.456900 
0.457600 
0.457900 
0.459800 
0.460300 
0.461400 
0.463500 
0.463600 
0.464600 
0.464900 
0.466400 
0.469600 
0.469600 
0.470800 
0.471900 
0.472700 
0.473500 
0.474400 
0.476300 
0.476500 
0.478300 
0.478400 
0.479700 
0.479800 
0.480200 
0.480500 
0.481900 
0.483400 
0.485100 
0.485400 
0.486400 
0.486700 
0.487200 
0.487500 
0.488400 
0.489800 
0.489900 
0.490300 
0.490700 
0.491900 
0.492400 
0.494500 
0.495100 
0.495100 
0.495700 
0.496000 
0.496500 
0.496700 
0.496900 
0.498100 
0.498500 
0.498500 
0.498900 
0.499800 
0.500800 
0.501800 
0.502400 
0.502700 
0.503100 
0.503700 
0.507300 
0.507600 
0.507800 
0.508300 
0.508400 
0.513900 
0.514200 
0.514800 
0.515100 
0.515200 
0.515200 
0.515500 
0.516100 
0.516500 
0.516900 
0.517000 
0.517400 
0.517600 
0.517800 
0.518000 
0.519100 
0.520300 
0.520400 
0.520500 
0.520500 
0.520700 
0.521600 
0.522200 
0.522500 
0.523700 
0.525500 
0.526700 
0.527100 
0.527200 
0.527800 
0.528200 
0.530300 
0.530500 
0.530500 
0.531700 
0.532300 
0.532800 
0.533600 
0.534100 
0.535400 
0.536900 
0.537200 
0.537700 
0.539500 
0.540500 
0.541400 
0.542000 
0.542200 
0.542400 
0.542600 
0.544700 
0.545700 
0.546200 
0.547100 
0.548100 
0.550200 
0.550300 
0.551000 
0.552800 
0.553200 
0.555800 
0.556200 
0.556400 
0.557200 
0.558700 
0.560200 
0.561200 
0.562000 
0.562300 
0.562800 
0.564100 
0.564300 
0.564600 
0.566400 
0.566500 
0.567100 
0.568500 
0.568600 
0.569500 
0.569800 
0.569900 
0.570000 
0.572100 
0.573600 
0.574700 
0.575000 
0.575000 
0.576100 
0.576400 
0.577800 
0.578700 
0.579500 
0.580200 
0.580300 
0.580900 
0.580900 
0.581800 
0.582200 
0.582300 
0.582400 
0.583400 
0.583600 
0.583700 
0.584200 
0.585100 
0.587100 
0.587100 
0.590700 
0.590900 
0.593500 
0.593700 
0.593800 
0.594200 
0.594300 
0.594500 
0.594600 
0.594900 
0.595700 
0.595700 
0.596700 
0.597200 
0.597600 
0.598100 
0.599400 
0.599500 
0.599600 
0.599800 
0.601100 
0.603600 
0.604500 
0.604800 
0.605500 
0.608000 
0.608200 
0.609100 
0.609400 
0.610800 
0.611100 
0.611200 
0.611600 
0.612000 
0.613400 
0.614200 
0.614500 
0.616600 
0.617500 
0.618800 
0.619200 
0.620100 
0.620300 
0.620700 
0.621300 
0.621700 
0.622900 
0.623500 
0.624200 
0.624400 
0.624400 
0.624700 
0.625000 
0.626100 
0.626300 
0.626300 
0.626300 
0.629200 
0.629800 
0.630200 
0.631200 
0.631200 
0.631600 
0.631900 
0.633700 
0.634400 
0.634500 
0.634600 
0.635300 
0.635700 
0.636200 
0.636400 
0.638400 
0.639200 
0.640100 
0.642500 
0.643200 
0.643300 
0.643600 
0.643700 
0.644400 
0.645700 
0.648400 
0.648900 
0.649300 
0.650600 
0.651900 
0.652700 
0.653800 
0.655700 
0.655800 
0.657900 
0.658200 
0.658400 
0.658900 
0.659400 
0.659600 
0.661700 
0.664700 
0.665000 
0.665600 
0.666600 
0.667900 
0.667900 
0.668100 
0.668300 
0.668400 
0.669700 
0.670100 
0.670200 
0.670500 
0.671500 
0.672100 
0.673400 
0.674200 
0.674400 
0.677900 
0.679000 
0.680600 
0.681900 
0.682100 
0.682400 
0.684000 
0.684400 
0.684700 
0.686400 
0.687500 
0.690000 
0.690400 
0.691200 
0.692500 
0.693800 
0.694000 
0.697000 
0.697400 
0.700300 
0.700400 
0.700500 
0.701600 
0.702100 
0.703700 
0.704300 
0.704900 
0.705300 
0.705500 
0.705600 
0.706100 
0.706300 
0.707000 
0.707700 
0.708300 
0.709900 
0.710200 
0.711800 
0.711900 
0.713400 
0.714200 
0.714800 
0.716000 
0.716400 
0.716900 
0.717600 
0.717700 
0.719200 
0.719500 
0.720400 
0.721100 
0.722200 
0.722400 
0.725700 
0.725800 
0.725900 
0.726000 
0.727900 
0.732100 
0.732200 
0.733400 
0.734800 
0.734900 
0.735400 
0.736100 
0.736800 
0.739300 
0.739300 
0.740700 
0.740800 
0.741000 
0.741400 
0.741700 
0.742300 
0.743100 
0.744300 
0.744400 
0.744500 
0.744600 
0.748600 
0.748700 
0.748800 
0.749500 
0.750600 
0.750600 
0.751100 
0.752000 
0.752600 
0.753500 
0.754000 
0.754300 
0.754300 
0.754500 
0.754600 
0.755100 
0.755700 
0.755700 
0.758600 
0.758700 
0.759900 
0.761300 
0.761700 
0.763500 
0.764100 
0.765100 
0.765100 
0.767500 
0.767600 
0.767800 
0.768200 
0.772100 
0.774200 
0.776700 
0.777300 
0.777500 
0.777500 
0.777700 
0.778600 
0.780200 
0.781200 
0.781600 
0.781600 
0.783100 
0.783800 
0.784700 
0.785500 
0.785800 
0.786500 
0.786800 
0.787000 
0.787300 
0.787600 
0.788400 
0.788500 
0.789200 
0.789300 
0.789900 
0.790300 
0.791100 
0.794000 
0.794000 
0.796000 
0.797200 
0.798300 
0.798700 
0.798800 
0.799500 
0.799900 
0.800500 
0.800900 
0.801800 
0.801900 
0.802300 
0.802400 
0.802900 
0.803500 
0.804400 
0.806100 
0.806400 
0.806400 
0.806400 
0.806600 
0.806800 
0.807500 
0.808400 
0.810400 
0.811600 
0.812500 
0.815800 
0.815900 
0.816300 
0.816500 
0.817000 
0.817900 
0.818100 
0.819400 
0.819900 
0.820000 
0.820400 
0.821000 
0.821700 
0.821800 
0.822100 
0.822200 
0.823100 
0.823400 
0.823500 
0.824900 
0.826700 
0.827200 
0.827400 
0.828200 
0.828500 
0.829400 
0.829700 
0.831400 
0.831500 
0.832600 
0.833100 
0.834100 
0.837200 
0.837300 
0.839000 
0.839300 
0.840000 
0.841400 
0.841500 
0.842700 
0.842700 
0.842800 
0.843100 
0.843300 
0.844500 
0.844700 
0.845400 
0.845500 
0.845800 
0.845900 
0.847800 
0.849300 
0.850600 
0.852500 
0.853500 
0.854000 
0.855500 
0.857000 
0.858500 
0.859200 
0.859800 
0.861400 
0.861900 
0.862600 
0.862700 
0.863000 
0.864000 
0.864500 
0.864800 
0.866000 
0.866000 
0.866500 
0.866700 
0.867900 
0.868700 
0.869300 
0.872300 
0.873900 
0.874900 
0.874900 
0.875700 
0.876500 
0.876700 
0.876800 
0.877000 
0.877200 
0.878600 
0.878900 
0.879000 
0.879900 
0.880300 
0.880400 
0.881800 
0.882600 
0.883100 
0.883100 
0.883700 
0.884100 
0.885200 
0.885300 
0.885500 
0.886100 
0.888100 
0.888500 
0.888800 
0.889200 
0.890000 
0.891100 
0.891500 
0.891700 
0.891800 
0.893200 
0.893700 
0.893700 
0.894700 
0.894800 
0.894900 
0.895600 
0.896700 
0.896900 
0.898600 
0.900400 
0.901100 
0.901600 
0.902800 
0.903600 
0.904300 
0.905000 
0.905300 
0.906100 
0.907300 
0.907500 
0.907700 
0.909700 
0.909800 
0.910300 
0.911000 
0.912000 
0.912800 
0.913300 
0.913500 
0.913500 
0.913600 
0.913600 
0.914500 
0.915100 
0.915900 
0.916000 
0.916900 
0.917900 
0.918200 
0.919400 
0.920400 
0.921800 
0.922200 
0.922300 
0.923200 
0.923800 
0.924200 
0.926600 
0.927100 
0.928200 
0.928800 
0.930100 
0.931000 
0.932600 
0.933400 
0.933600 
0.933700 
0.934600 
0.935200 
0.935800 
0.935800 
0.936000 
0.936700 
0.937500 
0.939100 
0.939800 
0.941400 
0.941700 
0.944400 
0.944400 
0.945200 
0.946000 
0.946600 
0.946700 
0.948200 
0.949600 
0.949800 
0.950100 
0.950500 
0.951100 
0.951900 
0.952100 
0.953600 
0.954400 
0.954400 
0.955200 
0.955400 
0.955800 
0.956700 
0.958200 
0.958500 
0.960600 
0.962600 
0.963100 
0.963500 
0.963900 
0.963900 
0.964400 
0.965100 
0.965400 
0.965600 
0.965600 
0.966400 
0.969000 
0.970900 
0.972600 
0.972800 
0.972900 
0.973100 
0.976200 
0.976200 
0.976700 
0.977100 
0.978500 
0.979000 
0.980600 
0.981000 
0.981200 
0.982500 
0.983200 
0.983400 
0.983400 
0.984300 
0.984700 
0.985000 
0.985700 
0.986800 
0.988000 
0.988000 
0.988800 
0.989500 
0.989900 
0.991700 
0.991800 
0.992400 
0.992400 
0.992800 
0.993700 
0.996500 
0.997000 
0.997300 
0.997900 
1.000300 
1.000700 
1.001000 
1.001100 
1.001200 
1.001200 
1.002200 
1.002600 
1.002700 
1.002900 
1.003500 
1.005000 
1.005000 
1.005500 
1.006200 
1.008500 
1.008800 
1.010100 
1.011400 
1.011700 
1.012000 
1.013500 
1.014900 
1.016000 
1.017000 
1.018100 
1.018300 
1.020300 
1.020400 
1.021400 
1.023900 
1.024200 
1.025000 
1.025100 
1.025300 
1.025900 
1.026300 
1.027400 
1.027700 
1.028900 
1.029300 
1.029900 
1.031500 
1.032300 
1.032400 
1.033700 
1.033800 
1.034200 
1.034900 
1.034900 
1.035000 
1.035300 
1.036700 
1.037100 
1.037200 
1.038400 
1.039000 
1.039200 
1.041300 
1.044000 
1.045100 
1.046100 
1.047600 
1.048500 
1.049100 
1.049500 
1.049600 
1.050400 
1.050900 
1.051300 
1.053100 
1.053300 
1.056000 
1.056300 
1.056400 
1.058500 
1.059100 
1.059500 
1.061000 
1.061200 
1.062000 
1.062700 
1.062800 
1.063000 
1.063500 
1.064300 
1.065200 
1.065600 
1.065700 
1.066700 
1.070900 
1.071100 
1.071300 
1.074000 
1.074500 
1.074600 
1.074900 
1.074900 
1.076000 
1.076300 
1.077100 
1.077100 
1.077300 
1.077700 
1.078400 
1.079500 
1.080400 
1.080500 
1.080500 
1.081300 
1.083900 
1.085000 
1.085300 
1.086500 
1.087300 
1.088000 
1.089000 
1.089100 
1.090000 
1.090500 
1.091000 
1.091800 
1.092500 
1.092800 
1.094000 
1.094000 
1.096900 
1.098000 
1.099000 
1.099000 
1.099200 
1.099300 
1.100500 
1.100500 
1.100500 
1.100600 
1.100600 
1.101500 
1.102100 
1.102100 
1.104800 
1.105300 
1.106200 
1.106400 
1.107400 
1.107600 
1.108100 
1.109400 
1.109500 
1.111800 
1.112500 
1.113100 
1.113800 
1.114000 
1.114300 
1.115000 
1.115100 
1.115300 
1.116000 
1.116700 
1.117800 
1.118200 
1.118300 
1.118400 
1.118600 
1.119000 
1.119900 
1.121800 
1.122200 
1.122200 
1.122300 
1.124400 
1.124600 
1.127000 
1.127500 
1.128100 
1.129500 
1.130400 
1.131900 
1.133300 
1.134400 
1.134400 
1.135000 
1.135100 
1.135900 
1.136100 
1.136100 
1.136900 
1.138700 
1.139900 
1.140000 
1.140600 
1.142200 
1.142300 
1.143300 
1.144200 
1.144500 
1.144800 
1.147800 
1.148000 
1.148200 
1.148300 
1.148500 
1.149200 
1.150200 
1.150600 
1.151100 
1.152600 
1.152800 
1.153000 
1.153800 
1.154000 
1.154100 
1.155100 
1.156000 
1.156000 
1.156600 
1.157600 
1.157700 
1.158700 
1.158800 
1.159300 
1.159700 
1.160800 
1.161700 
1.161900 
1.162100 
1.162700 
1.163300 
1.165100 
1.166100 
1.166100 
1.168500 
1.169600 
1.169900 
1.170100 
1.170500 
1.171200 
1.171500 
1.171600 
1.171900 
1.173100 
1.174800 
1.175200 
1.175800 
1.176300 
1.176600 
1.176800 
1.176800 
1.179300 
1.179400 
1.179500 
1.181500 
1.181700 
1.182400 
1.182700 
1.182800 
1.183100 
1.183400 
1.183900 
1.184300 
1.186300 
1.188100 
1.188800 
1.191000 
1.191500 
1.191600 
1.192300 
1.192500 
1.193400 
1.193400 
1.195600 
1.195600 
1.196000 
1.196300 
1.197500 
1.201900 
1.202400 
1.202800 
1.205900 
1.206300 
1.206600 
1.207700 
1.207700 
1.209000 
1.209700 
1.210300 
1.210400 
1.210700 
1.210900 
1.211200 
1.212300 
1.213500 
1.215500 
1.215700 
1.215700 
1.216300 
1.216600 
1.216900 
1.217300 
1.218600 
1.218900 
1.219800 
1.220500 
1.221200 
1.221400 
1.222300 
1.223000 
1.223300 
1.223900 
1.224300 
1.225400 
1.228000 
1.228700 
1.229800 
1.230300 
1.230900 
1.233800 
1.235100 
1.235200 
1.235600 
1.236900 
1.237300 
1.238400 
1.239000 
1.239000 
1.239200 
1.239700 
1.239900 
1.240100 
1.241400 
1.243700 
1.243900 
1.244800 
1.246500 
1.246600 
1.246900 
1.247200 
1.247400 
1.247500 
1.248200 
1.248800 
1.249000 
1.249000 
1.249100 
1.249600 
1.249800 
1.251100 
1.251200 
1.251500 
1.251800 
1.252400 
1.253200 
1.255300 
1.255300 
1.255400 
1.257200 
1.259200 
1.261400 
1.261900 
1.262400 
1.265100 
1.267900 
1.268100 
1.268700 
1.270900 
1.271300 
1.271400 
1.271500 
1.271800 
1.273200 
1.273700 
1.275300 
1.277800 
1.278200 
1.278400 
1.278500 
1.278700 
1.278800 
1.279800 
1.280400 
1.280500 
1.281500 
1.281600 
1.281600 
1.281800 
1.282000 
1.283700 
1.285200 
1.287100 
1.287600 
1.288300 
1.291000 
1.291000 
1.292700 
1.297900 
1.300600 
1.301000 
1.301200 
1.301400 
1.303500 
1.304100 
1.305800 
1.307900 
1.310100 
1.310200 
1.310400 
1.312200 
1.312500 
1.313000 
1.313600 
1.314700 
1.315600 
1.316600 
1.316800 
1.317600 
1.318600 
1.319400 
1.322200 
1.322600 
1.322900 
1.323000 
1.323200 
1.323300 
1.325500 
1.325600 
1.327100 
1.329500 
1.331200 
1.331300 
1.332500 
1.332900 
1.335500 
1.337300 
1.339200 
1.340700 
1.341400 
1.342100 
1.343600 
1.345000 
1.345000 
1.346000 
1.346500 
1.347900 
1.349000 
1.349600 
1.349700 
1.349800 
1.350400 
1.353300 
1.354600 
1.355200 
1.355600 
1.357300 
1.357600 
1.358400 
1.358500 
1.359900 
1.361900 
1.363200 
1.363400 
1.363500 
1.363800 
1.364300 
1.365500 
1.365500 
1.368100 
1.368700 
1.368800 
1.369200 
1.369700 
1.370100 
1.370200 
1.372500 
1.372700 
1.372700 
1.373000 
1.374100 
1.374200 
1.374300 
1.375500 
1.375800 
1.376100 
1.377000 
1.377900 
1.383600 
1.384900 
1.385200 
1.388300 
1.388600 
1.390100 
1.390200 
1.391000 
1.391000 
1.392000 
1.392200 
1.392500 
1.393300 
1.395000 
1.395100 
1.395100 
1.396000 
1.396300 
1.397800 
1.399200 
1.399200 
1.400900 
1.401000 
1.401300 
1.401700 
1.405000 
1.405300 
1.405400 
1.405700 
1.406000 
1.406500 
1.408700 
1.410300 
1.410400 
1.413000 
1.414500 
1.415900 
1.417000 
1.417200 
1.419700 
1.420400 
1.421000 
1.422300 
1.423200 
1.424300 
1.425200 
1.425200 
1.425200 
1.427100 
1.427600 
1.429000 
1.430200 
1.430400 
1.433000 
1.433900 
1.435500 
1.436700 
1.436800 
1.437000 
1.438100 
1.438600 
1.440100 
1.440600 
1.441100 
1.443000 
1.443900 
1.445200 
1.446100 
1.446400 
1.450000 
1.450100 
1.450500 
1.450800 
1.452100 
1.452300 
1.452600 
1.452800 
1.454500 
1.454700 
1.455100 
1.455900 
1.456400 
1.456400 
1.456500 
1.456500 
1.456800 
1.459200 
1.460100 
1.461600 
1.462600 
1.463000 
1.463700 
1.463700 
1.464200 
1.465600 
1.466700 
1.466800 
1.468800 
1.469200 
1.472300 
1.473000 
1.474100 
1.474400 
1.474700 
1.475100 
1.476400 
1.478700 
1.478700 
1.479100 
1.479400 
1.481900 
1.483400 
1.483600 
1.484100 
1.484400 
1.484800 
1.485000 
1.485400 
1.486800 
1.488300 
1.490900 
1.492200 
1.494500 
1.495600 
1.495600 
1.495900 
1.497400 
1.497500 
1.497900 
1.499300 
1.499800 
1.500000 
1.500000 
1.500300 
1.500600 
1.500900 
1.501800 
1.502400 
1.503700 
1.503800 
1.504100 
1.504800 
1.504900 
1.507000 
1.507000 
1.508300 
1.509000 
1.509100 
1.509400 
1.509700 
1.509900 
1.510300 
1.511600 
1.512200 
1.512600 
1.515100 
1.517200 
1.517200 
1.517300 
1.518400 
1.518600 
1.518900 
1.519900 
1.521800 
1.522300 
1.523100 
1.523700 
1.524500 
1.524800 
1.525400 
1.525500 
1.525800 
1.526300 
1.527100 
1.527400 
1.527800 
1.528200 
1.529500 
1.529800 
1.530800 
1.532300 
1.532400 
1.533000 
1.534000 
1.534900 
1.537400 
1.537900 
1.538400 
1.540000 
1.540000 
1.540200 
1.540300 
1.541000 
1.541100 
1.541300 
1.541700 
1.543000 
1.543200 
1.543900 
1.545700 
1.546500 
1.547700 
1.547900 
1.549700 
1.549800 
1.551000 
1.553300 
1.554300 
1.554700 
1.555900 
1.556300 
1.558500 
1.558800 
1.559800 
1.560900 
1.562100 
1.562600 
1.564100 
1.565100 
1.565500 
1.565800 
1.565900 
1.566000 
1.566200 
1.566600 
1.567400 
1.568200 
1.568700 
1.569000 
1.570400 
1.571100 
1.573100 
1.573300 
1.573600 
1.576900 
1.577000 
1.577000 
1.579700 
1.580900 
1.581000 
1.581200 
1.581300 
1.581500 
1.581500 
1.581700 
1.582300 
1.582800 
1.583200 
1.583800 
1.585600 
1.588300 
1.588600 
1.589000 
1.589300 
1.589800 
1.590000 
1.590200 
1.590200 
1.590300 
1.590400 
1.590800 
1.590800 
1.591300 
1.591300 
1.592900 
1.593300 
1.593700 
1.595000 
1.595800 
1.596400 
1.596800 
1.600600 
1.602600 
1.603100 
1.604200 
1.604800 
1.605100 
1.606500 
1.606600 
1.607000 
1.607100 
1.607400 
1.607900 
1.608400 
1.608900 
1.609500 
1.610500 
1.611300 
1.611300 
1.612000 
1.612100 
1.612400 
1.613600 
1.614400 
1.615500 
1.616400 
1.618700 
1.618800 
1.619200 
1.619400 
1.620700 
1.621100 
1.622200 
1.623400 
1.624000 
1.625700 
1.626200 
1.627100 
1.628200 
1.628500 
1.628500 
1.628800 
1.629500 
1.631900 
1.632000 
1.632900 
1.634700 
1.635100 
1.635500 
1.635900 
1.636000 
1.637000 
1.637700 
1.638300 
1.638400 
1.638900 
1.639300 
1.640400 
1.641700 
1.642100 
1.642200 
1.643000 
1.643200 
1.644400 
1.645200 
1.645700 
1.646200 
1.648000 
1.648200 
1.649500 
1.649600 
1.651000 
1.652200 
1.654100 
1.654300 
1.654800 
1.655200 
1.656500 
1.657800 
1.659700 
1.659900 
1.660400 
1.660600 
1.661200 
1.662000 
1.663200 
1.664700 
1.664700 
1.664800 
1.666200 
1.666400 
1.666600 
1.667100 
1.667200 
1.667900 
1.668000 
1.668000 
1.669000 
1.670200 
1.670600 
1.670900 
1.671300 
1.672000 
1.672800 
1.673600 
1.674800 
1.675700 
1.676300 
1.676500 
1.676700 
1.677100 
1.677100 
1.678300 
1.678600 
1.679700 
1.680400 
1.680800 
1.681100 
1.683000 
1.683700 
1.684900 
1.685200 
1.687200 
1.687700 
1.688000 
1.689600 
1.690300 
1.691600 
1.692600 
1.693400 
1.694100 
1.694400 
1.694500 
1.694800 
1.695200 
1.695600 
1.695900 
1.696400 
1.696700 
1.697100 
1.698100 
1.698400 
1.699600 
1.700200 
1.700500 
1.701800 
1.702200 
1.702400 
1.703800 
1.706300 
1.708200 
1.709900 
1.711000 
1.711400 
1.711500 
1.711600 
1.711700 
1.712000 
1.712500 
1.714400 
1.714600 
1.714600 
1.715800 
1.718000 
1.718600 
1.719100 
1.719700 
1.720400 
1.720500 
1.720900 
1.724000 
1.726900 
1.728000 
1.728100 
1.728400 
1.728800 
1.731200 
1.731700 
1.731900 
1.732200 
1.732500 
1.732700 
1.732900 
1.733300 
1.734500 
1.734700 
1.738100 
1.738400 
1.738500 
1.739100 
1.740300 
1.741600 
1.741600 
1.743500 
1.743900 
1.745300 
1.745500 
1.745600 
1.746800 
1.747300 
1.747400 
1.747500 
1.748300 
1.748600 
1.749800 
1.753400 
1.753600 
1.753800 
1.753900 
1.753900 
1.755300 
1.756000 
1.756100 
1.759600 
1.759900 
1.760800 
1.762100 
1.762200 
1.762500 
1.763200 
1.763400 
1.763400 
1.763700 
1.764300 
1.765200 
1.765800 
1.765800 
1.766900 
1.768100 
1.768700 
1.769200 
1.773500 
1.773900 
1.774500 
1.776800 
1.777300 
1.777800 
1.778100 
1.780200 
1.781000 
1.782500 
1.782600 
1.783800 
1.784200 
1.788200 
1.789700 
1.790800 
1.790800 
1.791500 
1.792500 
1.793500 
1.794100 
1.794200 
1.794200 
1.795300 
1.795800 
1.796200 
1.797200 
1.798000 
1.798600 
1.798900 
1.799000 
1.799400 
1.801000 
1.801200 
1.801300 
1.802700 
1.803000 
1.804700 
1.806300 
1.806300 
1.806600 
1.807000 
1.808100 
1.808400 
1.808900 
1.809000 
1.811800 
1.812100 
1.816400 
1.817600 
1.818900 
1.819000 
1.819100 
1.820100 
1.820700 
1.821300 
1.821800 
1.822600 
1.823600 
1.824500 
1.824700 
1.826100 
1.826500 
1.828700 
1.829100 
1.830800 
1.832600 
1.832600 
1.832800 
1.833400 
1.833700 
1.835400 
1.835800 
1.836100 
1.836600 
1.836800 
1.837700 
1.839400 
1.840000 
1.841800 
1.843400 
1.843800 
1.843900 
1.844400 
1.845100 
1.845300 
1.845700 
1.846200 
1.846600 
1.846900 
1.847600 
1.847700 
1.848100 
1.848200 
1.848700 
1.849500 
1.850900 
1.852800 
1.853400 
1.853600 
1.854200 
1.856600 
1.857600 
1.858100 
1.858900 
1.859000 
1.859600 
1.859900 
1.860300 
1.861200 
1.861300 
1.861500 
1.861600 
1.861600 
1.862600 
1.864200 
1.864600 
1.865100 
1.865800 
1.867300 
1.868100 
1.868500 
1.869000 
1.869600 
1.872200 
1.873400 
1.874600 
1.876000 
1.876800 
1.876900 
1.877500 
1.878500 
1.878600 
1.879100 
1.880000 
1.880900 
1.881900 
1.883000 
1.884100 
1.887700 
1.887700 
1.888200 
1.889700 
1.890200 
1.891300 
1.892300 
1.892600 
1.893600 
1.894100 
1.895100 
1.895200 
1.895800 
1.896200 
1.896900 
1.899700 
1.899700 
1.899800 
1.900100 
1.900800 
1.903200 
1.906400 
1.906500 
1.907200 
1.907300 
1.908000 
1.908900 
1.909100 
1.910000 
1.910200 
1.912100 
1.912700 
1.914400 
1.914800 
1.915300 
1.915700 
1.916000 
1.916000 
1.916000 
1.917500 
1.918200 
1.919100 
1.919100 
1.919100 
1.921500 
1.921700 
1.922000 
1.923600 
1.924700 
1.926800 
1.927700 
1.927900 
1.928500 
1.929400 
1.929700 
1.930700 
1.932900 
1.933000 
1.933100 
1.934200 
1.934200 
1.935500 
1.937100 
1.937900 
1.940200 
1.941900 
1.943700 
1.943900 
1.948800 
1.950000 
1.950300 
1.951500 
1.951500 
1.951800 
1.952100 
1.953400 
1.954100 
1.956600 
1.956800 
1.956900 
1.957200 
1.957300 
1.957700 
1.958300 
1.958300 
1.958700 
1.959500 
1.961300 
1.963200 
1.963300 
1.963700 
1.964500 
1.964900 
1.964900 
1.965600 
1.965800 
1.966100 
1.966800 
1.967100 
1.968800 
1.968900 
1.969500 
1.971000 
1.971000 
1.972500 
1.974900 
1.976000 
1.977600 
1.978200 
1.978700 
1.979800 
1.979800 
1.980200 
1.980700 
1.980900 
1.984100 
1.984600 
1.984700 
1.985400 
1.985700 
1.985900 
1.986600 
1.986900 
1.986900 
1.988800 
1.989800 
1.989800 
1.990900 
1.991700 
1.993200 
1.993700 
1.996300 
1.997000 
1.997500 
1.997600 
1.997900 
1.998600 
2.000500 
2.000600 
2.002200 
2.002200 
2.002400 
2.002800 
2.002900 
2.003100 
2.004400 
2.004700 
2.005600 
2.006300 
2.006800 
2.007600 
2.009200 
2.009700 
2.010200 
2.010300 
2.011300 
2.011900 
2.014000 
2.015400 
2.016300 
2.017900 
2.019500 
2.019600 
2.020400 
2.020600 
2.021100 
2.022100 
2.022900 
2.023100 
2.023300 
2.023900 
2.024200 
2.025700 
2.025900 
2.026800 
2.027000 
2.028400 
2.029100 
2.029600 
2.030100 
2.031600 
2.032200 
2.033000 
2.033900 
2.034100 
2.034600 
2.036100 
2.036400 
2.038000 
2.038000 
2.038700 
2.041000 
2.041600 
2.041800 
2.042800 
2.043400 
2.043500 
2.043700 
2.044200 
2.044500 
2.044900 
2.045100 
2.047200 
2.047400 
2.049800 
2.050000 
2.050400 
2.051000 
2.051800 
2.052000 
2.052100 
2.053200 
2.054200 
2.055000 
2.055400 
2.056300 
2.056600 
2.058000 
2.058300 
2.058400 
2.059400 
2.059400 
2.060700 
2.061200 
2.061200 
2.061200 
2.061300 
2.061700 
2.061700 
2.062100 
2.062900 
2.063100 
2.064700 
2.066900 
2.067000 
2.068500 
2.070100 
2.070300 
2.071200 
2.071700 
2.072700 
2.074500 
2.076400 
2.077700 
2.078300 
2.078300 
2.081400 
2.082600 
2.083500 
2.084000 
2.085000 
2.085300 
2.085800 
2.086300 
2.087100 
2.087200 
2.087900 
2.088100 
2.088300 
2.089400 
2.089500 
2.089600 
2.090300 
2.090500 
2.090700 
2.091700 
2.092200 
2.093000 
2.094700 
2.097800 
2.098100 
2.098300 
2.099100 
2.099900 
2.100000 
2.100600 
2.102900 
2.105900 
2.106300 
2.106500 
2.107500 
2.108400 
2.108500 
2.109200 
2.111000 
2.112000 
2.114100 
2.114300 
2.114300 
2.115000 
2.115200 
2.116500 
2.117000 
2.119000 
2.121400 
2.121600 
2.122000 
2.123600 
2.123800 
2.124500 
2.124700 
2.126000 
2.126100 
2.127800 
2.129400 
2.129400 
2.130500 
2.130800 
2.130900 
2.131200 
2.131200 
2.131300 
2.131700 
2.133100 
2.134300 
2.136800 
2.137000 
2.137800 
2.138100 
2.138600 
2.138600 
2.139900 
2.140600 
2.140700 
2.142000 
2.143000 
2.144600 
2.145300 
2.146000 
2.146300 
2.146900 
2.148100 
2.149500 
2.150300 
2.151000 
2.151400 
2.151500 
2.151900 
2.152600 
2.153500 
2.153800 
2.154000 
2.156300 
2.156400 
2.156800 
2.156900 
2.158400 
2.159200 
2.159900 
2.160600 
2.160700 
2.161400 
2.162300 
2.165600 
2.165800 
2.166100 
2.166500 
2.168000 
2.170600 
2.171100 
2.172200 
2.172300 
2.172500 
2.173200 
2.173400 
2.174300 
2.174300 
2.176300 
2.177100 
2.177200 
2.178000 
2.178000 
2.179600 
2.180800 
2.181300 
2.183100 
2.183800 
2.184300 
2.184600 
2.186600 
2.187200 
2.187800 
2.187900 
2.189000 
2.189100 
2.189900 
2.191600 
2.191700 
2.191700 
2.191900 
2.193300 
2.194700 
2.195200 
2.195200 
2.196500 
2.197400 
2.198400 
2.199900 
2.200500 
2.202200 
2.202900 
2.204000 
2.204100 
2.204400 
2.205000 
2.205900 
2.206100 
2.206200 
2.206700 
2.207600 
2.208800 
2.209200 
2.209700 
2.210100 
2.212000 
2.212600 
2.212700 
2.212700 
2.212800 
2.213100 
2.213200 
2.214600 
2.215400 
2.218600 
2.219800 
2.222000 
2.222200 
2.222300 
2.223200 
2.224200 
2.225600 
2.226900 
2.227300 
2.229400 
2.229600 
2.230700 
2.231400 
2.233100 
2.233400 
2.235200 
2.235500 
2.236600 
2.236800 
2.237900 
2.238000 
2.238300 
2.239900 
2.240300 
2.242000 
2.242700 
2.242700 
2.242700 
2.244500 
2.244900 
2.247000 
2.247100 
2.247300 
2.247400 
2.248200 
2.248500 
2.249500 
2.251900 
2.254000 
2.254900 
2.255600 
2.255700 
2.256900 
2.257000 
2.258300 
2.258700 
2.259100 
2.260600 
2.260800 
2.262400 
2.262700 
2.263100 
2.263200 
2.263800 
2.265300 
2.265300 
2.266100 
2.266500 
2.266600 
2.266900 
2.268400 
2.268900 
2.271000 
2.271900 
2.272900 
2.273800 
2.275200 
2.276500 
2.276500 
2.277100 
2.282600 
2.283000 
2.283100 
2.283400 
2.283700 
2.286900 
2.286900 
2.286900 
2.287000 
2.287700 
2.293000 
2.295000 
2.295000 
2.296200 
2.296600 
2.296700 
2.297900 
2.298300 
2.299000 
2.299100 
2.300900 
2.302000 
2.303300 
2.304500 
2.304700 
2.305900 
2.306100 
2.307400 
2.307400 
2.308500 
2.308600 
2.308700 
2.309500 
2.309500 
2.312200 
2.313900 
2.314100 
2.314300 
2.314400 
2.314600 
2.315200 
2.315500 
2.315700 
2.317600 
2.318200 
2.318800 
2.319100 
2.319800 
2.321100 
2.321600 
2.322600 
2.323300 
2.323300 
2.323500 
2.324300 
2.324900 
2.325500 
2.325800 
2.326700 
2.327800 
2.328000 
2.328300 
2.329300 
2.330200 
2.331700 
2.333200 
2.333600 
2.333700 
2.333800 
2.334300 
2.335100 
2.335600 
2.336500 
2.337600 
2.338900 
2.339500 
2.341000 
2.341000 
2.341100 
2.342400 
2.342700 
2.343800 
2.345200 
2.345400 
2.345700 
2.345900 
2.347600 
2.349500 
2.350000 
2.351100 
2.351800 
2.352200 
2.352600 
2.353800 
2.355300 
2.356700 
2.359400 
2.360000 
2.360300 
2.361400 
2.362100 
2.363300 
2.363600 
2.363700 
2.363900 
2.364700 
2.365500 
2.368800 
2.369800 
2.370800 
2.370800 
2.373200 
2.374200 
2.375700 
2.377100 
2.378300 
2.379100 
2.380900 
2.381300 
2.382200 
2.382400 
2.382500 
2.382800 
2.383300 
2.384000 
2.384400 
2.385300 
2.386000 
2.386200 
2.386400 
2.388700 
2.389300 
2.391200 
2.391700 
2.391800 
2.391900 
2.392000 
2.392900 
2.393000 
2.393000 
2.393700 
2.394000 
2.394100 
2.395700 
2.396100 
2.396300 
2.396400 
2.397400 
2.398100 
2.398400 
2.399600 
2.400300 
2.401100 
2.402500 
2.402700 
2.403200 
2.404000 
2.404300 
2.404500 
2.404600 
2.404900 
2.405500 
2.405800 
2.407000 
2.409600 
2.409800 
2.411700 
2.412700 
2.413200 
2.413700 
2.414200 
2.415800 
2.417000 
2.417700 
2.418100 
2.421900 
2.422100 
2.422200 
2.423800 
2.423900 
2.424100 
2.424200 
2.424500 
2.424600 
2.425600 
2.426500 
2.426600 
2.427700 
2.428000 
2.428300 
2.428600 
2.429300 
2.429900 
2.430800 
2.432900 
2.433500 
2.434400 
2.436000 
2.436700 
2.436800 
2.437600 
2.437800 
2.438100 
2.439000 
2.439000 
2.439700 
2.440100 
2.440200 
2.441900 
2.442100 
2.442100 
2.442600 
2.443400 
2.446600 
2.447400 
2.448900 
2.449500 
2.450800 
2.453600 
2.453900 
2.454000 
2.454500 
2.454700 
2.456400 
2.456400 
2.458100 
2.458900 
2.460300 
2.461600 
2.461800 
2.464300 
2.465400 
2.465400 
2.467200 
2.469500 
2.473000 
2.473400 
2.473500 
2.473700 
2.474100 
2.474500 
2.475000 
2.475100 
2.475800 
2.476200 
2.477500 
2.478200 
2.478800 
2.480700 
2.481300 
2.481600 
2.482300 
2.484000 
2.484200 
2.485300 
2.486500 
2.488300 
2.488900 
2.489000 
2.489800 
2.490800 
2.491600 
2.492200 
2.492800 
2.493100 
2.493900 
2.494700 
2.496200 
2.497400 
2.497600 
2.498200 
2.498400 
2.499000 
2.499100 
2.499300 
2.499600 
2.500400 
2.501200 
2.501400 
2.501600 
2.504100 
2.505900 
2.506600 
2.509000 
2.509200 
2.510000 
2.510100 
2.511400 
2.511900 
2.512200 
2.512400 
2.513200 
2.515300 
2.516600 
2.516700 
2.517800 
2.517900 
2.518200 
2.518500 
2.520600 
2.521100 
2.521700 
2.521700 
2.522100 
2.522900 
2.523300 
2.524400 
2.524700 
2.525300 
2.525800 
2.526700 
2.527300 
2.528100 
2.528300 
2.528700 
2.530100 
2.531000 
2.531100 
2.531800 
2.534000 
2.534200 
2.535600 
2.535800 
2.536300 
2.536800 
2.537800 
2.538900 
2.540300 
2.540900 
2.541300 
2.541300 
2.541700 
2.543500 
2.544000 
2.544300 
2.544300 
2.545000 
2.545100 
2.545400 
2.548900 
2.549100 
2.549600 
2.550000 
2.550600 
2.550900 
2.551500 
2.551800 
2.551900 
2.552700 
2.553300 
2.553400 
2.553500 
2.553600 
2.553600 
2.554300 
2.554800 
2.556000 
2.558000 
2.559500 
2.559800 
2.559800 
2.562600 
2.564300 
2.565000 
2.565300 
2.566300 
2.567000 
2.567400 
2.567400 
2.568300 
2.568700 
2.569300 
2.569700 
2.571000 
2.571200 
2.572200 
2.573100 
2.573100 
2.573100 
2.574200 
2.574200 
2.574600 
2.574700 
2.575200 
2.575800 
2.577200 
2.577900 
2.578800 
2.579700 
2.580300 
2.581500 
2.582400 
2.582400 
2.582700 
2.584600 
2.584700 
2.585500 
2.587000 
2.588300 
2.588700 
2.589100 
2.589700 
2.589800 
2.590500 
2.590700 
2.591000 
2.591100 
2.592300 
2.592900 
2.593100 
2.593300 
2.594600 
2.596800 
2.599300 
2.600200 
2.600500 
2.601700 
2.602100 
2.602200 
2.602500 
2.602600 
2.603200 
2.605400 
2.608200 
2.609500 
2.610400 
2.610800 
2.611200 
2.611900 
2.612000 
2.612700 
2.613000 
2.613400 
2.614000 
2.615100 
2.615200 
2.615800 
2.616700 
2.618500 
2.619500 
2.619900 
2.620200 
2.620300 
2.620700 
2.623600 
2.624500 
2.624500 
2.624700 
2.625300 
2.625500 
2.626300 
2.626800 
2.627400 
2.627600 
2.628700 
2.629500 
2.630400 
2.631800 
2.632100 
2.632300 
2.632400 
2.633600 
2.634300 
2.634700 
2.635700 
2.636000 
2.636200 
2.637500 
2.637800 
2.638200 
2.638200 
2.638400 
2.639200 
2.639500 
2.639800 
2.642300 
2.644500 
2.645200 
2.645600 
2.646300 
2.647500 
2.648000 
2.648300 
2.648300 
2.648600 
2.649900 
2.650100 
2.650600 
2.651800 
2.652400 
2.654000 
2.654100 
2.655600 
2.657200 
2.657900 
2.658400 
2.659200 
2.659300 
2.659900 
2.661500 
2.662300 
2.664000 
2.664100 
2.664300 
2.664800 
2.665000 
2.665900 
2.666000 
2.667100 
2.667700 
2.668000 
2.668800 
2.669000 
2.669100 
2.670400 
2.672100 
2.672200 
2.673000 
2.673500 
2.673800 
2.674500 
2.675200 
2.675500 
2.677000 
2.677300 
2.678300 
2.678300 
2.678700 
2.679600 
2.680900 
2.680900 
2.682300 
2.682400 
2.682900 
2.684000 
2.684400 
2.686500 
2.686700 
2.687500 
2.687700 
2.689800 
2.689800 
2.689900 
2.691000 
2.691500 
2.693100 
2.693800 
2.694300 
2.694600 
2.695100 
2.696300 
2.697900 
2.698200 
2.698800 
2.699000 
2.700100 
2.700100 
2.700500 
2.701400 
2.701900 
2.703500 
2.703700 
2.704000 
2.704200 
2.705800 
2.706300 
2.706400 
2.706600 
2.708000 
2.708100 
2.708300 
2.708500 
2.708600 
2.709500 
2.710200 
2.711900 
2.713600 
2.714700 
2.715900 
2.716900 
2.717400 
2.717900 
2.719500 
2.719800 
2.720200 
2.720200 
2.720900 
2.720900 
2.721900 
2.722700 
2.723500 
2.725000 
2.725000 
2.725600 
2.727000 
2.727500 
2.727900 
2.728600 
2.729400 
2.729800 
2.730600 
2.731100 
2.736700 
2.738300 
2.739000 
2.739800 
2.740200 
2.740400 
2.740700 
2.741100 
2.741100 
2.742900 
2.744300 
2.744700 
2.748100 
2.749600 
2.750000 
2.751800 
2.752100 
2.754700 
2.755200 
2.755600 
2.755800 
2.756500 
2.756700 
2.759400 
2.759600 
2.759600 
2.759700 
2.760800 
2.760900 
2.761500 
2.762600 
2.764200 
2.764700 
2.765300 
2.769100 
2.770400 
2.771300 
2.771800 
2.772400 
2.772700 
2.774200 
2.775100 
2.775800 
2.776500 
2.776700 
2.777600 
2.777800 
2.779000 
2.779100 
2.780400 
2.780500 
2.780900 
2.781400 
2.781800 
2.783700 
2.783800 
2.785100 
2.785600 
2.785900 
2.786800 
2.786800 
2.790200 
2.790500 
2.790600 
2.794200 
2.794200 
2.795300 
2.795700 
2.796100 
2.796600 
2.797600 
2.798700 
2.799200 
2.799700 
2.800800 
2.801500 
2.801900 
2.802100 
2.802200 
2.802500 
2.802800 
2.803500 
2.803700 
2.804700 
2.805400 
2.805600 
2.805900 
2.806100 
2.806300 
2.806500 
2.807200 
2.809000 
2.809000 
2.809400 
2.810800 
2.812500 
2.814200 
2.814500 
2.814600 
2.815900 
2.816200 
2.818800 
2.819300 
2.820900 
2.821400 
2.822300 
2.823900 
2.824600 
2.825600 
2.825800 
2.826900 
2.827100 
2.827200 
2.828400 
2.829500 
2.830000 
2.830200 
2.830300 
2.831000 
2.831300 
2.832300 
2.833400 
2.834600 
2.835100 
2.837300 
2.837500 
2.837800 
2.839200 
2.839600 
2.840100 
2.840200 
2.842600 
2.843700 
2.844300 
2.845600 
2.845800 
2.846100 
2.846200 
2.846500 
2.846600 
2.847400 
2.848300 
2.848500 
2.848900 
2.851400 
2.852400 
2.852500 
2.852700 
2.853200 
2.855500 
2.855600 
2.857300 
2.858100 
2.858600 
2.859800 
2.860100 
2.860600 
2.861500 
2.861900 
2.862600 
2.863200 
2.865800 
2.867100 
2.867900 
2.868200 
2.868500 
2.869900 
2.871500 
2.872600 
2.873500 
2.873700 
2.874000 
2.874500 
2.874900 
2.874900 
2.875100 
2.875900 
2.877200 
2.879400 
2.879800 
2.880000 
2.882000 
2.883200 
2.885800 
2.887300 
2.888000 
2.888400 
2.888400 
2.889300 
2.891300 
2.893200 
2.893700 
2.894500 
2.895700 
2.895900 
2.897700 
2.898100 
2.899200 
2.899800 
2.900400 
2.900500 
2.901100 
2.901100 
2.901800 
2.901900 
2.902000 
2.902400 
2.902900 
2.903100 
2.903900 
2.904100 
2.905900 
2.906200 
2.906500 
2.908200 
2.908600 
2.909000 
2.910800 
2.910900 
2.912400 
2.912400 
2.913100 
2.914600 
2.915300 
2.915600 
2.915900 
2.917000 
2.917100 
2.917600 
2.918200 
2.920600 
2.920700 
2.922500 
2.923500 
2.924800 
2.924800 
2.925100 
2.925400 
2.927800 
2.928100 
2.928400 
2.928500 
2.928700 
2.928800 
2.929500 
2.929500 
2.930300 
2.930400 
2.934100 
2.934600 
2.934900 
2.936300 
2.936800 
2.937000 
2.938300 
2.938600 
2.940300 
2.940300 
2.941700 
2.942900 
2.943100 
2.946500 
2.947200 
2.947400 
2.949000 
2.950500 
2.950900 
2.953200 
2.954400 
2.954900 
2.955600 
2.956200 
2.957500 
2.959000 
2.960300 
2.960300 
2.961800 
2.963700 
2.963800 
2.963900 
2.964400 
2.964600 
2.965100 
2.967200 
2.967800 
2.968700 
2.968800 
2.970200 
2.971700 
2.973500 
2.974100 
2.974900 
2.975200 
2.976000 
2.976300 
2.976800 
2.976900 
2.981000 
2.981200 
2.982400 
2.983600 
2.984200 
2.984300 
2.985000 
2.985600 
2.985700 
2.986800 
2.987000 
2.987600 
2.988800 
2.990200 
2.990900 
2.991900 
2.993400 
2.993600 
2.993600 
2.995000 
2.995500 
2.998300 
2.998800 
