0.033400 
0.036600 
0.039400 
0.042700 
0.042900 
0.043400 
0.043600 
0.044500 
0.044900 
0.049600 
0.049600 
0.050400 
0.050500 
0.051300 
0.053000 
0.053800 
0.056400 
0.056800 
0.058900 
0.059600 
0.064600 
0.065500 
0.067800 
0.067900 
0.072900 
0.074100 
0.074600 
0.075000 
0.076500 
0.076900 
0.077000 
0.081300 
0.084900 
0.089900 
0.090300 
0.092400 
0.096500 
0.097900 
0.099300 
0.103000 
0.103100 
0.103800 
0.105300 
0.106000 
0.110800 
0.110800 
0.113700 
0.114700 
0.115800 
0.117200 
0.119300 
0.120600 
0.121100 
0.124400 
0.126000 
0.126100 
0.127200 
0.127500 
0.128600 
0.129300 
0.130700 
0.133100 
0.133600 
0.137000 
0.138300 
0.140200 
0.141700 
0.142500 
0.142700 
0.149500 
0.151200 
0.153100 
0.153100 
0.155700 
0.156900 
0.157100 
0.157100 
0.157300 
0.157500 
0.157800 
0.158400 
0.158800 
0.160000 
0.160200 
0.162500 
0.163900 
0.164400 
0.164600 
0.165300 
0.165800 
0.167000 
0.174900 
0.175500 
0.176400 
0.178800 
0.179600 
0.182000 
0.184900 
0.186100 
0.186600 
0.187200 
0.187400 
0.190400 
0.192500 
0.193700 
0.194100 
0.194700 
0.198100 
0.200100 
0.202900 
0.204600 
0.204800 
0.205700 
0.206400 
0.207300 
0.210400 
0.211900 
0.214200 
0.214300 
0.215100 
0.217500 
0.218900 
0.221700 
0.224100 
0.227200 
0.227400 
0.231300 
0.231900 
0.232600 
0.232600 
0.233300 
0.234200 
0.235800 
0.236700 
0.238300 
0.238400 
0.238600 
0.239700 
0.242500 
0.244200 
0.244600 
0.245300 
0.247200 
0.249600 
0.250500 
0.251600 
0.252900 
0.254000 
0.254500 
0.255400 
0.256200 
0.260700 
0.260900 
0.262100 
0.262700 
0.266000 
0.266000 
0.268600 
0.268700 
0.269400 
0.269800 
0.269900 
0.270600 
0.271100 
0.274900 
0.279700 
0.281300 
0.285200 
0.285300 
0.286100 
0.288000 
0.288900 
0.289800 
0.291600 
0.294100 
0.295900 
0.296300 
0.296300 
0.296800 
0.297000 
0.299400 
0.301500 
0.303300 
0.306700 
0.308000 
0.309200 
0.310600 
0.310700 
0.313100 
0.316300 
0.316500 
0.317500 
0.317700 
0.317900 
0.322600 
0.326100 
0.326300 
0.328700 
0.330500 
0.332800 
0.333500 
0.335300 
0.336300 
0.338700 
0.342700 
0.343500 
0.343600 
0.345900 
0.347500 
0.347500 
0.351700 
0.352800 
0.353300 
0.353400 
0.357800 
0.358500 
0.359800 
0.361200 
0.364100 
0.366900 
0.367800 
0.368900 
0.370100 
0.371300 
0.375900 
0.379300 
0.379900 
0.380400 
0.384600 
0.384700 
0.384900 
0.386700 
0.386800 
0.388900 
0.390300 
0.390500 
0.391100 
0.392400 
0.393200 
0.393600 
0.393800 
0.394000 
0.395700 
0.400700 
0.401000 
0.409000 
0.409600 
0.410700 
0.413800 
0.416900 
0.417500 
0.418100 
0.418900 
0.420000 
0.420800 
0.421100 
0.423200 
0.425700 
0.426400 
0.426800 
0.427300 
0.429200 
0.433700 
0.433700 
0.438900 
0.439400 
0.439600 
0.439900 
0.440200 
0.441100 
0.442300 
0.443300 
0.443700 
0.444900 
0.448300 
0.449200 
0.453000 
0.456800 
0.459800 
0.459900 
0.462000 
0.464600 
0.464800 
0.465000 
0.468800 
0.469800 
0.471400 
0.471900 
0.473400 
0.474000 
0.474000 
0.474700 
0.477800 
0.480200 
0.480900 
0.482400 
0.483300 
0.483400 
0.483900 
0.484100 
0.484200 
0.484700 
0.488600 
0.488800 
0.490900 
0.491200 
0.492500 
0.494300 
0.500100 
0.502100 
0.502200 
0.502400 
0.504200 
0.504500 
0.506100 
0.507600 
0.507900 
0.507900 
0.511300 
0.512300 
0.513700 
0.516100 
0.517000 
0.517200 
0.522200 
0.523500 
0.523800 
0.526100 
0.527700 
0.528000 
0.529700 
0.531600 
0.532400 
0.536200 
0.536500 
0.536600 
0.538900 
0.540000 
0.540400 
0.542300 
0.548400 
0.548600 
0.548900 
0.550200 
0.551100 
0.553700 
0.555100 
0.557600 
0.558500 
0.558600 
0.559100 
0.559200 
0.561100 
0.561400 
0.563900 
0.564300 
0.565200 
0.569200 
0.570400 
0.572800 
0.573400 
0.574500 
0.577900 
0.579300 
0.580300 
0.580800 
0.582400 
0.585900 
0.586200 
0.586900 
0.586900 
0.590200 
0.592700 
0.594300 
0.596400 
0.596700 
0.597200 
0.600300 
0.602100 
0.603200 
0.603700 
0.605400 
0.607400 
0.607400 
0.608100 
0.610000 
0.615100 
0.615400 
0.615600 
0.617800 
0.618700 
0.618900 
0.620600 
0.620700 
0.621200 
0.623200 
0.624100 
0.627100 
0.628800 
0.628900 
0.630200 
0.634700 
0.634800 
0.634900 
0.639600 
0.641300 
0.641400 
0.641600 
0.643200 
0.644300 
0.645600 
0.646200 
0.648900 
0.650900 
0.651700 
0.652600 
0.653400 
0.654600 
0.658100 
0.659000 
0.659100 
0.666300 
0.670200 
0.672700 
0.673500 
0.673800 
0.677800 
0.677900 
0.678900 
0.680000 
0.680800 
0.684000 
0.689600 
0.690900 
0.691000 
0.691000 
0.693200 
0.694000 
0.694400 
0.695800 
0.698400 
0.698600 
0.698900 
0.699500 
0.701800 
0.702900 
0.703400 
0.704700 
0.704900 
0.706500 
0.707900 
0.708000 
0.708400 
0.709600 
0.709900 
0.715600 
0.716500 
0.717000 
0.717500 
0.721100 
0.721700 
0.722200 
0.723800 
0.724000 
0.724200 
0.724400 
0.725000 
0.725200 
0.726500 
0.727200 
0.728600 
0.728900 
0.729800 
0.732200 
0.732900 
0.738900 
0.738900 
0.741300 
0.743200 
0.744900 
0.745100 
0.748100 
0.748400 
0.749600 
0.750600 
0.751900 
0.755500 
0.756200 
0.756400 
0.758700 
0.759500 
0.760900 
0.762700 
0.763800 
0.766800 
0.767600 
0.768400 
0.770000 
0.770300 
0.770700 
0.772500 
0.773400 
0.774900 
0.775400 
0.775700 
0.775800 
0.776000 
0.777100 
0.777500 
0.779800 
0.779800 
0.780300 
0.786000 
0.789100 
0.791200 
0.792500 
0.793000 
0.793700 
0.799600 
0.800000 
0.800800 
0.801800 
0.803800 
0.803800 
0.804200 
0.804700 
0.807000 
0.807100 
0.807900 
0.809400 
0.811500 
0.812200 
0.814400 
0.816500 
0.816900 
0.817000 
0.817300 
0.821800 
0.822800 
0.823900 
0.825000 
0.825800 
0.826300 
0.827800 
0.829100 
0.829600 
0.829900 
0.832300 
0.833600 
0.834100 
0.835900 
0.838500 
0.838900 
0.840000 
0.840500 
0.841700 
0.842300 
0.844300 
0.844500 
0.845200 
0.845400 
0.845700 
0.846700 
0.847400 
0.849500 
0.851700 
0.851800 
0.854900 
0.860800 
0.861100 
0.862300 
0.864200 
0.866000 
0.869700 
0.870500 
0.870700 
0.871700 
0.872000 
0.872700 
0.873400 
0.874500 
0.875000 
0.875300 
0.875900 
0.876400 
0.882200 
0.883400 
0.883800 
0.883900 
0.884600 
0.884800 
0.886100 
0.886400 
0.886800 
0.895900 
0.902400 
0.902500 
0.904800 
0.905100 
0.905300 
0.905300 
0.905500 
0.907600 
0.907700 
0.912100 
0.913100 
0.914000 
0.917000 
0.918100 
0.918900 
0.920100 
0.920700 
0.922000 
0.923200 
0.924600 
0.925300 
0.925900 
0.926600 
0.927500 
0.928400 
0.931900 
0.932600 
0.934200 
0.937100 
0.937400 
0.939700 
0.940300 
0.941400 
0.942100 
0.945700 
0.947700 
0.949000 
0.949600 
0.952400 
0.953000 
0.954100 
0.954900 
0.957700 
0.958200 
0.959800 
0.962300 
0.962300 
0.962800 
0.962900 
0.964300 
0.964800 
0.965500 
0.967400 
0.967700 
0.971600 
0.974000 
0.979000 
0.981400 
0.982500 
0.983400 
0.985000 
0.985700 
0.986300 
0.987700 
0.991000 
0.991100 
0.992500 
0.993500 
0.994000 
0.995100 
1.000800 
1.002100 
1.003100 
1.005000 
1.006200 
1.007500 
1.010800 
1.012400 
1.012500 
1.013000 
1.013300 
1.016100 
1.017100 
1.018500 
1.019100 
1.019500 
1.019900 
1.021900 
1.022600 
1.023400 
1.027100 
1.028000 
1.029600 
1.032600 
1.033300 
1.034100 
1.034200 
1.035000 
1.035200 
1.036500 
1.039300 
1.040300 
1.041300 
1.041500 
1.046400 
1.046700 
1.048300 
1.048600 
1.050100 
1.050100 
1.050600 
1.051900 
1.052900 
1.053900 
1.055200 
1.055200 
1.057700 
1.061200 
1.067000 
1.067000 
1.068600 
1.068700 
1.068700 
1.069800 
1.070400 
1.070900 
1.070900 
1.071800 
1.073300 
1.075800 
1.077300 
1.078100 
1.079800 
1.081800 
1.084800 
1.086100 
1.086300 
1.087600 
1.087600 
1.088200 
1.088700 
1.089200 
1.091100 
1.094300 
1.095700 
1.097700 
1.097900 
1.098200 
1.099900 
1.107500 
1.107600 
1.108400 
1.110000 
1.112400 
1.115300 
1.115700 
1.118600 
1.120800 
1.121000 
1.122700 
1.123000 
1.123700 
1.126900 
1.131100 
1.133300 
1.134800 
1.135700 
1.139700 
1.140300 
1.142400 
1.142400 
1.148200 
1.148600 
1.148700 
1.150400 
1.150600 
1.151400 
1.152000 
1.152800 
1.153400 
1.155300 
1.157200 
1.160500 
1.160800 
1.164100 
1.166600 
1.166700 
1.168900 
1.170400 
1.172300 
1.176000 
1.176300 
1.178800 
1.180400 
1.183600 
1.185400 
1.188500 
1.189300 
1.189500 
1.189800 
1.192500 
1.193200 
1.195100 
1.199400 
1.201000 
1.201900 
1.205200 
1.205900 
1.207200 
1.208500 
1.208900 
1.210500 
1.212800 
1.214200 
1.214900 
1.216400 
1.217100 
1.219000 
1.223100 
1.223900 
1.224000 
1.224000 
1.224800 
1.227300 
1.234600 
1.235400 
1.237600 
1.237800 
1.239200 
1.241900 
1.242000 
1.242700 
1.244200 
1.244500 
1.245300 
1.246100 
1.247000 
1.247200 
1.247400 
1.248100 
1.256900 
1.257400 
1.257400 
1.257500 
1.259000 
1.259000 
1.259400 
1.264400 
1.266000 
1.267000 
1.268900 
1.270800 
1.271800 
1.272200 
1.272700 
1.273600 
1.274000 
1.275700 
1.276300 
1.279300 
1.279700 
1.283700 
1.284200 
1.284500 
1.285000 
1.285200 
1.285500 
1.289200 
1.289900 
1.291100 
1.293100 
1.293400 
1.297800 
1.297900 
1.298300 
1.299600 
1.303000 
1.303600 
1.305300 
1.305600 
1.305800 
1.306700 
1.307000 
1.307600 
1.307700 
1.309500 
1.321000 
1.321500 
1.323100 
1.324300 
1.326400 
1.327200 
1.327600 
1.327700 
1.328400 
1.328600 
1.331000 
1.331200 
1.331600 
1.334500 
1.335100 
1.335500 
1.335800 
1.337900 
1.339200 
1.341200 
1.342100 
1.342500 
1.344700 
1.348800 
1.349200 
1.351100 
1.351300 
1.353000 
1.353900 
1.358800 
1.359100 
1.359100 
1.360800 
1.361200 
1.365200 
1.365200 
1.366600 
1.368900 
1.370800 
1.372100 
1.372700 
1.374500 
1.375200 
1.375500 
1.377100 
1.379600 
1.379700 
1.380200 
1.382400 
1.386600 
1.389000 
1.389900 
1.390800 
1.391500 
1.393400 
1.394100 
1.396300 
1.399200 
1.401000 
1.401400 
1.405100 
1.407200 
1.409300 
1.409600 
1.413100 
1.413500 
1.416400 
1.417300 
1.418100 
1.418600 
1.421400 
1.424700 
1.425300 
1.426300 
1.429300 
1.429300 
1.429500 
1.430700 
1.432000 
1.433900 
1.433900 
1.434400 
1.434400 
1.438000 
1.438900 
1.439400 
1.441200 
1.441600 
1.442700 
1.453800 
1.454000 
1.456300 
1.457300 
1.459000 
1.460000 
1.461500 
1.462500 
1.463500 
1.464800 
1.466000 
1.468700 
1.470900 
1.471000 
1.471400 
1.474200 
1.476100 
1.478300 
1.479100 
1.480500 
1.481400 
1.483900 
1.485600 
1.490100 
1.490700 
1.491100 
1.492800 
1.493500 
1.495000 
1.495300 
1.495400 
1.495700 
1.496200 
1.496900 
1.496900 
1.498000 
1.498900 
1.499400 
1.499500 
1.502800 
1.508600 
1.508700 
1.509900 
1.510200 
1.510400 
1.515400 
1.516300 
1.519800 
1.520200 
1.521000 
1.521800 
1.523000 
1.525500 
1.526800 
1.527400 
1.529900 
1.532000 
1.532300 
1.533400 
1.534200 
1.534800 
1.535400 
1.536300 
1.540500 
1.544600 
1.545000 
1.545800 
1.546000 
1.547900 
1.549500 
1.551000 
1.551300 
1.551700 
1.555000 
1.557500 
1.557600 
1.558000 
1.559700 
1.564200 
1.566800 
1.567700 
1.569000 
1.571100 
1.571300 
1.573000 
1.573500 
1.574500 
1.574700 
1.575000 
1.575600 
1.576100 
1.577000 
1.579000 
1.581900 
1.582300 
1.583100 
1.583200 
1.587100 
1.588500 
1.588600 
1.591400 
1.593900 
1.594300 
1.594700 
1.594800 
1.597200 
1.599400 
1.601300 
1.605500 
1.606700 
1.609600 
1.611100 
1.612000 
1.613500 
1.613600 
1.613900 
1.615200 
1.620800 
1.621200 
1.628200 
1.628600 
1.630900 
1.631400 
1.631700 
1.632300 
1.634300 
1.634400 
1.634600 
1.635000 
1.635600 
1.635900 
1.638700 
1.639600 
1.640100 
1.640200 
1.640900 
1.641800 
1.644400 
1.644500 
1.645500 
1.647100 
1.648500 
1.656600 
1.658800 
1.659800 
1.661000 
1.661400 
1.661800 
1.662600 
1.662800 
1.662900 
1.663400 
1.664000 
1.666100 
1.669000 
1.669400 
1.669600 
1.670700 
1.674600 
1.674800 
1.676700 
1.677200 
1.677200 
1.677800 
1.679000 
1.679600 
1.683900 
1.684300 
1.686200 
1.686700 
1.688100 
1.688300 
1.689900 
1.691500 
1.694600 
1.695200 
1.699300 
1.699500 
1.700100 
1.701300 
1.701900 
1.702800 
1.703700 
1.706300 
1.708500 
1.709200 
1.713500 
1.713500 
1.715000 
1.716500 
1.717600 
1.719400 
1.719500 
1.723200 
1.723800 
1.724000 
1.724700 
1.725300 
1.728000 
1.731300 
1.737400 
1.737500 
1.739000 
1.742300 
1.742500 
1.742900 
1.744400 
1.744700 
1.745100 
1.747900 
1.748400 
1.750600 
1.751700 
1.752100 
1.752900 
1.757500 
1.758200 
1.759200 
1.762000 
1.762600 
1.763900 
1.765000 
1.765600 
1.765700 
1.765700 
1.768300 
1.770500 
1.771000 
1.771400 
1.771700 
1.773100 
1.773200 
1.775000 
1.775000 
1.776400 
1.776500 
1.777400 
1.778700 
1.782300 
1.782900 
1.785100 
1.786200 
1.787000 
1.787900 
1.790800 
1.790900 
1.793200 
1.794600 
1.794700 
1.795600 
1.797100 
1.798100 
1.798700 
1.801200 
1.803000 
1.803100 
1.803900 
1.804800 
1.807700 
1.808500 
1.808600 
1.808700 
1.809200 
1.810700 
1.811900 
1.813900 
1.814200 
1.817200 
1.817200 
1.818300 
1.818400 
1.820000 
1.821500 
1.823000 
1.825300 
1.825400 
1.825900 
1.826900 
1.828900 
1.830500 
1.831400 
1.833100 
1.836800 
1.837900 
1.838000 
1.838100 
1.838600 
1.841700 
1.844900 
1.845600 
1.847100 
1.847200 
1.849900 
1.851600 
1.851800 
1.851800 
1.852400 
1.854700 
1.858100 
1.858800 
1.859400 
1.859900 
1.860000 
1.861200 
1.863100 
1.863800 
1.864100 
1.865100 
1.866400 
1.867100 
1.867100 
1.869600 
1.871100 
1.871800 
1.874000 
1.877300 
1.878700 
1.879800 
1.880000 
1.884400 
1.885400 
1.886400 
1.886500 
1.887200 
1.888400 
1.888600 
1.891000 
1.892800 
1.893700 
1.894700 
1.895200 
1.895300 
1.896000 
1.899400 
1.899400 
1.900300 
1.903800 
1.905100 
1.905400 
1.905500 
1.907200 
1.907200 
1.907900 
1.912900 
1.913600 
1.913700 
1.913900 
1.918000 
1.918100 
1.918900 
1.919800 
1.920200 
1.920300 
1.921300 
1.926100 
1.928600 
1.930400 
1.931800 
1.932100 
1.935300 
1.935400 
1.937300 
1.937900 
1.938000 
1.938800 
1.940100 
1.940200 
1.943300 
1.945200 
1.945500 
1.948700 
1.948800 
1.950000 
1.952500 
1.952900 
1.953100 
1.953100 
1.953200 
1.953600 
1.954600 
1.955200 
1.955400 
1.959200 
1.961800 
1.962500 
1.963000 
1.964000 
1.964600 
1.965400 
1.965800 
1.969600 
1.974800 
1.976200 
1.976200 
1.976700 
1.977000 
1.977100 
1.977100 
1.978500 
1.981600 
1.982600 
1.984000 
1.985400 
1.986000 
1.986100 
1.986300 
1.989800 
1.994300 
1.995500 
1.996600 
1.997400 
1.998300 
1.998800 
1.999000 
1.999200 
1.999500 
2.001400 
2.003100 
2.003900 
2.007000 
2.007000 
2.007100 
2.009300 
2.013500 
2.013800 
2.016200 
2.018600 
2.018800 
2.019400 
2.022700 
2.023500 
2.025100 
2.028400 
2.029800 
2.030400 
2.030700 
2.031000 
2.031600 
2.031600 
2.032100 
2.033300 
2.034400 
2.034700 
2.036400 
2.041200 
2.042100 
2.042400 
2.045100 
2.045300 
2.046800 
2.049300 
2.049800 
2.051200 
2.052900 
2.053300 
2.056300 
2.060300 
2.064800 
2.065300 
2.065400 
2.065900 
2.065900 
2.066500 
2.066800 
2.067400 
2.068100 
2.068800 
2.069000 
2.071100 
2.071700 
2.072200 
2.079300 
2.079800 
2.080000 
2.082500 
2.083800 
2.084000 
2.087000 
2.088400 
2.089900 
2.090800 
2.090900 
2.091600 
2.094300 
2.097400 
2.099300 
2.100300 
2.104600 
2.106400 
2.107100 
2.108800 
2.112600 
2.112900 
2.114200 
2.114400 
2.114400 
2.116000 
2.116000 
2.117400 
2.118100 
2.118300 
2.118700 
2.118900 
2.119900 
2.120600 
2.125400 
2.129100 
2.130100 
2.131400 
2.133000 
2.137100 
2.138500 
2.139300 
2.140500 
2.142500 
2.143300 
2.143400 
2.146100 
2.148300 
2.148300 
2.149200 
2.149600 
2.152900 
2.153500 
2.154000 
2.156500 
2.159300 
2.159600 
2.161600 
2.162200 
2.162400 
2.163600 
2.164700 
2.166800 
2.167000 
2.169100 
2.170700 
2.172400 
2.173100 
2.173200 
2.173200 
2.173300 
2.173700 
2.175900 
2.177000 
2.177600 
2.177900 
2.178000 
2.179900 
2.181600 
2.181700 
2.184300 
2.188000 
2.189200 
2.189900 
2.192800 
2.196900 
2.197600 
2.200000 
2.200200 
2.201300 
2.204500 
2.205600 
2.206000 
2.206100 
2.207000 
2.207200 
2.208000 
2.209200 
2.209700 
2.209700 
2.210200 
2.210300 
2.211600 
2.213700 
2.219900 
2.223200 
2.223500 
2.227000 
2.228300 
2.230400 
2.232000 
2.237300 
2.237500 
2.239200 
2.243600 
2.244300 
2.246800 
2.248700 
2.251000 
2.251500 
2.251800 
2.252000 
2.253500 
2.254600 
2.256400 
2.257800 
2.257900 
2.261700 
2.262700 
2.263000 
2.263700 
2.264000 
2.266800 
2.268200 
2.269400 
2.270600 
2.271300 
2.272800 
2.272900 
2.274200 
2.275600 
2.275900 
2.276800 
2.281900 
2.282700 
2.288000 
2.288200 
2.291200 
2.292600 
2.293700 
2.295600 
2.297600 
2.297900 
2.298100 
2.298500 
2.298600 
2.298600 
2.301500 
2.303200 
2.303400 
2.303600 
2.303700 
2.305400 
2.307100 
2.311300 
2.312400 
2.313100 
2.315900 
2.316100 
2.316300 
2.317500 
2.322800 
2.325700 
2.325900 
2.327900 
2.329300 
2.330100 
2.331100 
2.333100 
2.334300 
2.335200 
2.337500 
2.338200 
2.338300 
2.338900 
2.344100 
2.344200 
2.344600 
2.347100 
2.348600 
2.348900 
2.351700 
2.356000 
2.360700 
2.360900 
2.361700 
2.361800 
2.362300 
2.362700 
2.366600 
2.367700 
2.371600 
2.372200 
2.372500 
2.374200 
2.374300 
2.376400 
2.377500 
2.378800 
2.381300 
2.383000 
2.383600 
2.384500 
2.385500 
2.386200 
2.388700 
2.388900 
2.391000 
2.391400 
2.392500 
2.394400 
2.395500 
2.395700 
2.396200 
2.397200 
2.400000 
2.401700 
2.401700 
2.403700 
2.403800 
2.404000 
2.404600 
2.406600 
2.407200 
2.407200 
2.407800 
2.408300 
2.408500 
2.408800 
2.410400 
2.411700 
2.412400 
2.414000 
2.416100 
2.420800 
2.421500 
2.421600 
2.422600 
2.422600 
2.424700 
2.425200 
2.427500 
2.428300 
2.428600 
2.431500 
2.431900 
2.433000 
2.433200 
2.435900 
2.438300 
2.438800 
2.438900 
2.439000 
2.442400 
2.444600 
2.444700 
2.445000 
2.445200 
2.446200 
2.446500 
2.447500 
2.451500 
2.451500 
2.454700 
2.455200 
2.461600 
2.462200 
2.462300 
2.462500 
2.463600 
2.464200 
2.465700 
2.466600 
2.466900 
2.470700 
2.471600 
2.471900 
2.472500 
2.472900 
2.474500 
2.474900 
2.475100 
2.480800 
2.482100 
2.482100 
2.482800 
2.483400 
2.484500 
2.485400 
2.485900 
2.488300 
2.490500 
2.490600 
2.492200 
2.492600 
2.492800 
2.493800 
2.494100 
2.494100 
2.495700 
2.496800 
2.502400 
2.502400 
2.502500 
2.504900 
2.505200 
2.505600 
2.509300 
2.513800 
2.516000 
2.516800 
2.517100 
2.517800 
2.518000 
2.518800 
2.523600 
2.524600 
2.525200 
2.526200 
2.527600 
2.527700 
2.529500 
2.531800 
2.533000 
2.533400 
2.534500 
2.534800 
2.535600 
2.539300 
2.541600 
2.543000 
2.543600 
2.545700 
2.547000 
2.547000 
2.547300 
2.547800 
2.548300 
2.549900 
2.552000 
2.552400 
2.555500 
2.556000 
2.556600 
2.557900 
2.559600 
2.559600 
2.559900 
2.561200 
2.561500 
2.564600 
2.566300 
2.566500 
2.570900 
2.571400 
2.572100 
2.572500 
2.575900 
2.577800 
2.579700 
2.582400 
2.582600 
2.584000 
2.584100 
2.584600 
2.588800 
2.588900 
2.589300 
2.590500 
2.591300 
2.593500 
2.596100 
2.596400 
2.598000 
2.598100 
2.598200 
2.598700 
2.600300 
2.602800 
2.603400 
2.603400 
2.606300 
2.606500 
2.606600 
2.607800 
2.608500 
2.608700 
2.609800 
2.610700 
2.611500 
2.612700 
2.614500 
2.616300 
2.619000 
2.619900 
2.621600 
2.622400 
2.624700 
2.626600 
2.626800 
2.628700 
2.628800 
2.636700 
2.637200 
2.637200 
2.637600 
2.638100 
2.638800 
2.639200 
2.639400 
2.640500 
2.641900 
2.644700 
2.645000 
2.646100 
2.648100 
2.649400 
2.650100 
2.651100 
2.652100 
2.655800 
2.656100 
2.658500 
2.658600 
2.658900 
2.659300 
2.659800 
2.661200 
2.662100 
2.662100 
2.662600 
2.662700 
2.664400 
2.665100 
2.666900 
2.667100 
2.667200 
2.673500 
2.675200 
2.675300 
2.678500 
2.681700 
2.682300 
2.683700 
2.683800 
2.685100 
2.685200 
2.686400 
2.688700 
2.689600 
2.690800 
2.693600 
2.694000 
2.696500 
2.696600 
2.697100 
2.697200 
2.697800 
2.700000 
2.700100 
2.704000 
2.706700 
2.707500 
2.707800 
2.713800 
2.714800 
2.715600 
2.717300 
2.717400 
2.717800 
2.718200 
2.718800 
2.721300 
2.723300 
2.724800 
2.725500 
2.725500 
2.726100 
2.726700 
2.728400 
2.730500 
2.730700 
2.730900 
2.734300 
2.735500 
2.738000 
2.740100 
2.740600 
2.741000 
2.742100 
2.742600 
2.744300 
2.745800 
2.747500 
2.748900 
2.749300 
2.749800 
2.750300 
2.754100 
2.754100 
2.754700 
2.759200 
2.759600 
2.759900 
2.760500 
2.761700 
2.763500 
2.768500 
2.769000 
2.769600 
2.770900 
2.773000 
2.773300 
2.775400 
2.775600 
2.779800 
2.781100 
2.781200 
2.782900 
2.783100 
2.785200 
2.786300 
2.790200 
2.792600 
2.792800 
2.793100 
2.796100 
2.798800 
2.798900 
2.801600 
2.803300 
2.803600 
2.804400 
2.805600 
2.806200 
2.806200 
2.806900 
2.808100 
2.808500 
2.809400 
2.812500 
2.812500 
2.813000 
2.814800 
2.815000 
2.815900 
2.816200 
2.817000 
2.819200 
2.819300 
2.821900 
2.823900 
2.824900 
2.825100 
2.826200 
2.829200 
2.831500 
2.833500 
2.833800 
2.835500 
2.836100 
2.837000 
2.837800 
2.838000 
2.838200 
2.844000 
2.844200 
2.844700 
2.847600 
2.848300 
2.850000 
2.850100 
2.850400 
2.852900 
2.853700 
2.854400 
2.855800 
2.857100 
2.859700 
2.861700 
2.862200 
2.864000 
2.864400 
2.864800 
2.866000 
2.866500 
2.867400 
2.868600 
2.871600 
2.871800 
2.872800 
2.875800 
2.876000 
2.876700 
2.881300 
2.881500 
2.885900 
2.886200 
2.886800 
2.887300 
2.888200 
2.891100 
2.891700 
2.893000 
2.893700 
2.895800 
2.902100 
2.902400 
2.903200 
2.904400 
2.904500 
2.905700 
2.906100 
2.906700 
2.907400 
2.907500 
2.908100 
2.909100 
2.911600 
2.914900 
2.915900 
2.917800 
2.920400 
2.922900 
2.924500 
2.926300 
2.930700 
2.931000 
2.933000 
2.933900 
2.937500 
2.938200 
2.938300 
2.942200 
2.942700 
2.943400 
2.944000 
2.944100 
2.944200 
2.945600 
2.947900 
2.951300 
2.954600 
2.957100 
2.958700 
2.960600 
2.963400 
2.964100 
2.964400 
2.965300 
2.966100 
2.966300 
2.966600 
2.968200 
2.969900 
2.970100 
2.971000 
2.973000 
2.976400 
2.977800 
2.978700 
2.979200 
2.979300 
2.979400 
2.979800 
2.981800 
2.982200 
2.982700 
2.985000 
2.986600 
2.990100 
2.994800 
2.995600 
2.996200 
2.997800 
2.998000 
2.998000 
