597 
619 
353 
221 
279 
736 
620 
205 
806 
627 
87 
477 
191 
226 
745 
378 
727 
304 
400 
645 
242 
404 
752 
679 
125 
541 
368 
832 
554 
603 
912 
680 
298 
827 
112 
284 
828 
13 
658 
578 
92 
150 
688 
502 
457 
993 
146 
69 
338 
85 
270 
929 
962 
362 
398 
75 
854 
115 
152 
984 
450 
522 
829 
816 
861 
871 
355 
926 
542 
74 
323 
877 
806 
677 
99 
28 
310 
547 
396 
178 
29 
400 
234 
395 
784 
876 
282 
750 
655 
214 
403 
687 
957 
449 
428 
961 
860 
396 
615 
186 
69 
95 
942 
17 
645 
338 
729 
149 
198 
48 
241 
123 
664 
781 
501 
682 
495 
941 
591 
115 
886 
276 
56 
961 
109 
398 
533 
162 
262 
16 
984 
359 
536 
896 
196 
723 
845 
684 
1008 
975 
74 
755 
552 
246 
984 
532 
269 
95 
649 
52 
394 
325 
329 
229 
633 
344 
531 
538 
836 
740 
236 
383 
542 
327 
789 
116 
263 
254 
302 
818 
517 
468 
527 
951 
56 
707 
252 
559 
541 
887 
441 
790 
812 
220 
488 
940 
568 
165 
400 
824 
815 
455 
573 
507 
204 
832 
753 
279 
445 
144 
717 
740 
579 
765 
689 
81 
80 
149 
608 
656 
887 
64 
79 
302 
736 
573 
47 
21 
706 
365 
138 
890 
119 
704 
823 
125 
466 
360 
338 
94 
109 
602 
808 
48 
224 
76 
63 
435 
905 
14 
75 
814 
453 
25 
426 
649 
174 
704 
721 
952 
355 
990 
885 
962 
346 
884 
483 
96 
645 
142 
32 
246 
757 
458 
146 
608 
611 
659 
542 
933 
687 
443 
305 
508 
943 
824 
312 
91 
426 
67 
678 
716 
489 
70 
611 
521 
153 
936 
114 
80 
478 
990 
95 
316 
914 
62 
767 
472 
401 
241 
660 
621 
362 
791 
339 
861 
425 
132 
577 
612 
779 
0 
45 
80 
469 
21 
875 
437 
892 
666 
156 
149 
806 
589 
278 
532 
955 
933 
552 
724 
274 
723 
107 
880 
425 
598 
482 
666 
489 
138 
406 
387 
837 
400 
569 
383 
4 
42 
686 
519 
110 
381 
249 
91 
247 
535 
405 
125 
646 
11 
423 
83 
947 
698 
19 
475 
310 
430 
516 
893 
458 
519 
630 
707 
685 
102 
839 
363 
45 
443 
416 
89 
569 
973 
812 
355 
539 
799 
838 
121 
208 
354 
398 
84 
608 
302 
533 
926 
444 
389 
337 
753 
796 
603 
991 
501 
695 
932 
354 
736 
394 
677 
361 
81 
961 
780 
443 
339 
611 
456 
345 
377 
592 
403 
178 
186 
759 
557 
590 
154 
562 
813 
997 
981 
933 
945 
998 
727 
504 
607 
32 
367 
549 
728 
883 
739 
686 
148 
432 
400 
491 
331 
738 
430 
815 
435 
931 
52 
674 
1 
89 
82 
834 
612 
838 
992 
644 
51 
456 
58 
161 
685 
900 
700 
818 
738 
768 
270 
377 
882 
699 
848 
565 
181 
27 
644 
729 
1009 
816 
411 
815 
459 
812 
326 
509 
52 
106 
119 
529 
443 
178 
21 
905 
284 
693 
173 
647 
101 
483 
516 
884 
611 
658 
605 
55 
912 
148 
769 
897 
83 
10 
775 
25 
177 
64 
2 
935 
623 
124 
451 
673 
186 
659 
530 
644 
11 
942 
640 
774 
974 
242 
64 
577 
112 
355 
983 
522 
861 
185 
731 
409 
494 
174 
368 
724 
999 
395 
372 
81 
37 
156 
472 
483 
249 
945 
551 
554 
793 
176 
790 
504 
555 
536 
598 
140 
773 
256 
243 
988 
820 
177 
441 
676 
515 
365 
735 
1 
474 
974 
562 
479 
282 
716 
724 
220 
855 
907 
937 
651 
810 
161 
699 
288 
518 
571 
178 
740 
764 
698 
1003 
479 
411 
372 
745 
931 
571 
548 
250 
221 
590 
894 
767 
167 
933 
366 
574 
982 
640 
965 
375 
770 
491 
955 
156 
895 
935 
595 
1008 
528 
639 
367 
562 
147 
617 
74 
359 
17 
219 
989 
241 
509 
711 
452 
494 
551 
387 
299 
55 
707 
260 
108 
764 
784 
880 
935 
733 
237 
412 
750 
193 
719 
558 
176 
379 
108 
627 
428 
178 
636 
819 
603 
246 
210 
889 
466 
25 
334 
273 
752 
775 
686 
293 
488 
883 
319 
577 
955 
16 
240 
235 
574 
12 
932 
970 
130 
211 
602 
53 
760 
401 
83 
857 
2 
24 
313 
174 
865 
821 
678 
744 
148 
232 
858 
635 
988 
924 
886 
87 
469 
430 
105 
441 
301 
958 
435 
611 
438 
754 
393 
325 
410 
248 
918 
979 
688 
484 
572 
276 
249 
331 
45 
355 
112 
719 
412 
71 
495 
28 
846 
55 
487 
503 
666 
894 
508 
667 
557 
616 
113 
322 
876 
256 
1002 
215 
932 
11 
1003 
714 
203 
696 
536 
450 
334 
394 
414 
722 
955 
81 
151 
790 
329 
205 
844 
225 
622 
104 
647 
174 
376 
775 
944 
752 
560 
800 
853 
454 
255 
556 
672 
915 
533 
953 
480 
373 
145 
162 
483 
972 
569 
212 
462 
657 
512 
907 
752 
600 
245 
323 
980 
713 
48 
556 
123 
347 
538 
868 
800 
308 
777 
177 
835 
439 
510 
151 
237 
293 
505 
988 
185 
542 
547 
197 
530 
25 
509 
50 
973 
183 
837 
933 
766 
662 
777 
231 
608 
538 
791 
241 
683 
657 
475 
494 
882 
711 
476 
378 
582 
703 
444 
57 
97 
812 
76 
342 
983 
355 
945 
676 
655 
502 
706 
174 
426 
160 
551 
166 
667 
702 
401 
288 
996 
769 
985 
253 
679 
418 
830 
564 
361 
50 
376 
181 
704 
432 
905 
510 
222 
539 
352 
824 
1006 
622 
649 
754 
33 
269 
504 
822 
356 
781 
789 
790 
461 
722 
360 
188 
112 
502 
133 
76 
223 
403 
341 
529 
267 
576 
438 
829 
263 
246 
605 
417 
492 
922 
732 
637 
256 
130 
670 
107 
56 
558 
42 
727 
537 
981 
589 
259 
179 
125 
738 
882 
754 
646 
587 
182 
1002 
673 
82 
784 
696 
142 
883 
568 
156 
129 
701 
655 
917 
478 
845 
25 
284 
834 
288 
832 
863 
171 
467 
240 
865 
896 
650 
544 
262 
559 
204 
327 
673 
609 
611 
914 
175 
431 
902 
885 
374 
950 
801 
274 
976 
937 
648 
380 
814 
959 
574 
378 
131 
194 
885 
593 
917 
294 
682 
284 
892 
253 
107 
899 
561 
796 
832 
97 
281 
70 
262 
973 
202 
877 
385 
211 
487 
907 
439 
300 
909 
320 
798 
744 
845 
592 
956 
775 
519 
806 
747 
571 
75 
586 
377 
76 
781 
732 
419 
398 
578 
707 
293 
152 
831 
86 
850 
721 
758 
333 
791 
616 
325 
948 
914 
313 
344 
95 
566 
222 
885 
760 
467 
262 
119 
857 
503 
673 
785 
192 
453 
399 
157 
722 
773 
986 
152 
538 
710 
168 
949 
802 
94 
458 
573 
961 
435 
436 
624 
964 
564 
112 
148 
907 
881 
491 
685 
693 
232 
389 
193 
241 
276 
437 
93 
258 
230 
587 
524 
897 
538 
832 
246 
728 
799 
233 
51 
83 
443 
744 
839 
654 
271 
154 
836 
705 
977 
1000 
809 
838 
635 
781 
338 
420 
309 
882 
571 
518 
17 
560 
339 
51 
608 
828 
888 
526 
47 
368 
866 
936 
916 
279 
420 
208 
28 
820 
103 
673 
800 
174 
501 
838 
150 
732 
605 
