0.083800 
0.092400 
0.096500 
0.172800 
0.174400 
0.176800 
0.192900 
0.250200 
0.785600 
0.820200 
1.070700 
1.116100 
1.167700 
1.176700 
1.222500 
1.229500 
1.372900 
1.394900 
1.426700 
1.433200 
1.437300 
1.438900 
1.454800 
1.519900 
1.543700 
1.581900 
1.585100 
1.652300 
1.700200 
1.732400 
1.817400 
1.829100 
1.835600 
1.895300 
1.903000 
1.939100 
1.943200 
2.019800 
2.083500 
2.208000 
2.306300 
2.323400 
2.403100 
2.483800 
2.499100 
2.512500 
2.644800 
2.709400 
2.745700 
2.766700 
2.795000 
2.826100 
2.898300 
2.970900 
