2 
1 
0 
3 
45 
31 
84 
2 
37 
63 
35 
38 
1 
68 
60 
0 
58 
3 
78 
80 
69 
39 
49 
42 
30 
1 
2 
12 
0 
3 
61 
65 
37 
34 
59 
53 
10 
26 
64 
93 
2 
1 
0 
35 
58 
3 
70 
95 
24 
51 
45 
63 
2 
53 
29 
77 
28 
96 
3 
18 
1 
78 
87 
82 
0 
66 
15 
2 
5 
68 
84 
56 
6 
1 
67 
51 
2 
11 
3 
0 
58 
93 
52 
72 
86 
87 
4 
64 
2 
1 
97 
34 
18 
80 
96 
94 
3 
82 
0 
93 
35 
55 
19 
66 
2 
63 
1 
3 
46 
0 
24 
51 
89 
91 
64 
95 
1 
2 
68 
42 
40 
3 
4 
29 
12 
13 
0 
70 
96 
81 
31 
79 
37 
36 
46 
93 
87 
84 
2 
11 
1 
38 
26 
43 
3 
89 
34 
86 
0 
64 
63 
53 
16 
76 
90 
2 
1 
5 
58 
39 
13 
3 
6 
94 
0 
45 
48 
30 
25 
57 
75 
28 
33 
92 
97 
83 
1 
2 
26 
78 
18 
79 
31 
3 
29 
37 
70 
11 
87 
1 
0 
41 
48 
2 
34 
49 
22 
36 
26 
28 
82 
39 
69 
66 
64 
84 
60 
71 
90 
3 
20 
94 
81 
61 
2 
70 
38 
1 
72 
92 
24 
93 
95 
0 
5 
34 
2 
42 
3 
1 
56 
64 
0 
45 
65 
43 
68 
78 
2 
96 
1 
12 
3 
80 
0 
11 
82 
30 
6 
37 
2 
52 
21 
76 
60 
1 
3 
8 
0 
38 
94 
53 
39 
55 
18 
2 
24 
45 
11 
66 
83 
20 
1 
95 
51 
92 
35 
57 
28 
68 
90 
87 
93 
69 
3 
48 
0 
27 
26 
2 
36 
75 
61 
38 
1 
29 
42 
25 
24 
0 
52 
7 
3 
2 
65 
89 
87 
9 
53 
0 
31 
1 
22 
15 
46 
3 
2 
18 
85 
56 
95 
38 
0 
78 
1 
2 
5 
39 
93 
67 
3 
53 
45 
11 
12 
63 
0 
97 
49 
32 
8 
25 
38 
46 
35 
23 
2 
1 
3 
19 
91 
90 
6 
55 
0 
27 
4 
2 
45 
24 
15 
48 
85 
3 
9 
5 
57 
66 
1 
42 
12 
8 
2 
0 
37 
16 
10 
67 
31 
93 
68 
3 
0 
43 
1 
71 
77 
2 
5 
24 
72 
16 
90 
2 
76 
0 
1 
86 
36 
49 
52 
44 
46 
55 
59 
78 
3 
2 
71 
0 
75 
1 
93 
45 
79 
92 
27 
67 
2 
48 
90 
39 
3 
66 
0 
64 
68 
36 
56 
51 
1 
15 
37 
2 
83 
0 
53 
94 
30 
84 
45 
23 
26 
54 
61 
1 
3 
82 
7 
28 
18 
0 
65 
2 
34 
92 
78 
1 
69 
66 
63 
67 
49 
3 
29 
77 
75 
6 
0 
46 
2 
5 
85 
97 
12 
68 
1 
42 
53 
60 
45 
0 
3 
23 
25 
27 
2 
4 
13 
67 
1 
43 
52 
0 
15 
90 
2 
68 
20 
94 
36 
93 
66 
28 
7 
45 
3 
35 
65 
11 
23 
81 
82 
0 
26 
34 
29 
1 
51 
2 
33 
4 
52 
71 
0 
40 
55 
3 
21 
37 
90 
2 
94 
43 
67 
91 
8 
12 
53 
75 
73 
68 
36 
45 
38 
64 
89 
1 
27 
2 
3 
60 
85 
49 
0 
66 
86 
70 
80 
29 
42 
88 
19 
2 
18 
76 
39 
3 
36 
37 
0 
51 
61 
58 
1 
29 
72 
92 
31 
65 
2 
66 
22 
86 
0 
11 
33 
64 
1 
93 
42 
3 
87 
34 
25 
2 
37 
27 
55 
7 
43 
0 
49 
53 
94 
96 
90 
61 
95 
2 
76 
28 
1 
70 
51 
84 
23 
0 
3 
52 
45 
60 
11 
36 
81 
87 
48 
27 
2 
37 
1 
82 
25 
58 
13 
59 
0 
64 
66 
65 
78 
3 
15 
4 
12 
34 
2 
45 
75 
63 
97 
21 
52 
1 
18 
51 
29 
49 
22 
0 
53 
61 
46 
71 
33 
83 
3 
2 
76 
67 
60 
31 
36 
94 
7 
70 
0 
72 
6 
81 
1 
2 
97 
27 
51 
19 
8 
3 
56 
10 
64 
29 
0 
15 
2 
23 
1 
18 
84 
3 
0 
66 
47 
69 
37 
6 
97 
24 
12 
2 
40 
1 
4 
74 
0 
89 
27 
3 
64 
46 
66 
71 
56 
20 
93 
26 
1 
83 
94 
53 
95 
0 
2 
87 
47 
3 
19 
90 
39 
37 
33 
68 
60 
58 
2 
56 
1 
43 
45 
6 
0 
55 
78 
4 
17 
85 
64 
3 
11 
27 
51 
66 
41 
9 
2 
34 
0 
25 
1 
5 
92 
3 
67 
8 
81 
12 
52 
86 
2 
0 
24 
58 
68 
83 
84 
1 
96 
53 
33 
56 
0 
3 
2 
93 
45 
81 
85 
1 
6 
55 
51 
65 
0 
87 
24 
2 
66 
12 
44 
23 
3 
38 
53 
1 
92 
34 
76 
67 
56 
94 
0 
2 
48 
64 
3 
1 
45 
65 
69 
35 
61 
71 
53 
49 
82 
27 
97 
8 
93 
46 
2 
0 
1 
3 
25 
41 
6 
70 
43 
1 
81 
26 
39 
19 
68 
9 
0 
34 
2 
30 
76 
82 
65 
55 
93 
12 
1 
0 
13 
59 
94 
2 
31 
53 
97 
45 
1 
5 
0 
18 
85 
3 
46 
65 
70 
8 
96 
61 
93 
2 
0 
71 
6 
39 
94 
1 
35 
64 
87 
22 
0 
82 
52 
2 
58 
49 
51 
19 
3 
75 
36 
93 
90 
34 
37 
0 
45 
31 
1 
89 
85 
68 
92 
7 
2 
1 
66 
60 
0 
3 
83 
84 
33 
35 
61 
12 
53 
2 
3 
63 
0 
1 
31 
64 
5 
87 
66 
67 
22 
19 
49 
93 
8 
23 
59 
25 
34 
71 
2 
3 
1 
11 
12 
0 
90 
94 
39 
83 
45 
46 
86 
0 
6 
2 
53 
89 
3 
1 
68 
84 
51 
33 
93 
49 
29 
0 
2 
60 
37 
30 
19 
3 
57 
8 
86 
0 
5 
87 
53 
66 
2 
1 
61 
12 
45 
3 
49 
68 
0 
63 
65 
26 
80 
1 
70 
2 
87 
37 
0 
48 
6 
3 
84 
12 
39 
57 
31 
2 
1 
66 
0 
93 
47 
21 
53 
94 
5 
30 
49 
58 
65 
1 
3 
87 
90 
2 
51 
25 
8 
0 
24 
56 
52 
78 
67 
2 
3 
93 
1 
33 
55 
36 
66 
0 
64 
65 
27 
83 
1 
30 
35 
2 
56 
3 
9 
0 
18 
29 
24 
11 
19 
42 
1 
12 
61 
31 
53 
2 
51 
0 
43 
3 
8 
40 
70 
47 
95 
76 
37 
69 
36 
81 
45 
2 
17 
0 
75 
25 
83 
64 
1 
84 
56 
53 
3 
23 
39 
30 
6 
68 
2 
97 
58 
0 
1 
70 
41 
11 
3 
36 
50 
45 
2 
24 
28 
1 
35 
0 
84 
55 
82 
3 
92 
15 
67 
2 
94 
1 
68 
63 
7 
53 
36 
66 
0 
30 
3 
42 
12 
2 
1 
80 
23 
53 
34 
65 
72 
39 
6 
5 
0 
37 
71 
31 
45 
2 
97 
51 
96 
56 
95 
84 
77 
1 
66 
3 
90 
2 
0 
43 
80 
12 
36 
55 
67 
1 
76 
75 
53 
27 
87 
3 
2 
0 
48 
78 
30 
85 
97 
5 
3 
0 
2 
93 
1 
56 
47 
70 
25 
31 
94 
82 
12 
53 
0 
2 
3 
59 
83 
49 
20 
42 
82 
63 
1 
68 
65 
21 
2 
87 
90 
0 
85 
30 
61 
3 
54 
8 
36 
56 
45 
27 
1 
0 
40 
2 
6 
20 
23 
51 
16 
80 
65 
26 
3 
0 
76 
71 
55 
52 
1 
34 
81 
87 
31 
2 
35 
94 
49 
0 
48 
3 
84 
64 
15 
93 
1 
37 
6 
42 
45 
66 
13 
29 
69 
19 
90 
2 
83 
68 
71 
0 
3 
12 
51 
4 
1 
67 
26 
2 
82 
84 
48 
95 
55 
53 
0 
28 
1 
87 
64 
3 
34 
18 
16 
31 
43 
73 
2 
5 
19 
0 
49 
1 
47 
65 
59 
27 
2 
55 
3 
51 
69 
7 
8 
78 
41 
0 
29 
39 
20 
45 
93 
1 
22 
15 
34 
79 
36 
48 
97 
3 
2 
30 
94 
58 
55 
85 
68 
0 
1 
57 
19 
93 
26 
59 
64 
8 
3 
2 
84 
61 
29 
16 
45 
1 
30 
46 
22 
0 
2 
3 
53 
27 
15 
52 
18 
37 
51 
87 
67 
11 
69 
61 
81 
78 
1 
2 
0 
3 
55 
33 
90 
40 
97 
5 
8 
66 
79 
92 
17 
20 
2 
1 
64 
3 
0 
59 
38 
87 
55 
2 
71 
84 
34 
1 
3 
54 
23 
45 
29 
97 
27 
68 
81 
51 
0 
63 
1 
3 
2 
84 
92 
8 
4 
12 
53 
58 
70 
60 
64 
37 
76 
69 
93 
0 
71 
2 
65 
26 
45 
1 
36 
3 
87 
66 
0 
2 
64 
3 
1 
94 
18 
61 
15 
32 
2 
53 
51 
67 
83 
55 
0 
85 
58 
69 
40 
49 
4 
25 
50 
3 
27 
2 
1 
64 
11 
45 
59 
75 
80 
48 
42 
0 
54 
55 
15 
29 
47 
20 
93 
24 
3 
2 
52 
23 
37 
97 
36 
53 
68 
33 
18 
30 
5 
26 
0 
87 
90 
56 
2 
1 
3 
64 
71 
67 
25 
0 
11 
19 
12 
1 
2 
96 
3 
39 
0 
69 
70 
53 
28 
45 
80 
55 
37 
92 
5 
27 
2 
56 
3 
93 
0 
1 
29 
18 
60 
68 
87 
66 
47 
59 
2 
31 
15 
51 
6 
3 
67 
97 
1 
0 
45 
86 
85 
12 
52 
2 
49 
10 
96 
24 
0 
42 
21 
83 
61 
75 
3 
93 
46 
1 
94 
53 
27 
2 
20 
0 
84 
37 
6 
34 
55 
71 
49 
29 
48 
2 
3 
1 
0 
64 
79 
42 
2 
43 
83 
0 
53 
3 
67 
96 
37 
1 
25 
5 
68 
80 
94 
51 
15 
22 
36 
0 
2 
33 
45 
11 
58 
1 
85 
65 
2 
0 
3 
19 
66 
29 
87 
57 
89 
84 
12 
35 
95 
0 
1 
67 
8 
2 
5 
41 
56 
3 
16 
36 
52 
68 
18 
11 
1 
0 
72 
33 
7 
2 
13 
21 
87 
64 
47 
92 
3 
0 
70 
1 
66 
5 
78 
19 
57 
2 
10 
28 
59 
27 
0 
61 
93 
3 
48 
90 
1 
22 
36 
84 
2 
55 
96 
97 
25 
81 
40 
0 
92 
94 
51 
24 
12 
37 
34 
3 
2 
1 
15 
23 
68 
53 
28 
84 
0 
64 
33 
57 
2 
86 
12 
32 
16 
90 
1 
67 
82 
75 
3 
77 
80 
0 
2 
1 
85 
60 
15 
78 
72 
3 
51 
87 
7 
0 
24 
27 
11 
39 
47 
2 
43 
33 
49 
30 
63 
1 
5 
0 
3 
72 
93 
41 
68 
8 
84 
50 
35 
2 
1 
0 
36 
37 
3 
51 
63 
20 
2 
95 
49 
47 
97 
96 
45 
83 
61 
0 
19 
1 
80 
3 
66 
26 
23 
53 
2 
29 
79 
0 
93 
8 
94 
45 
81 
1 
6 
90 
2 
0 
33 
97 
64 
1 
76 
5 
37 
3 
84 
27 
36 
60 
11 
89 
0 
2 
87 
93 
24 
21 
7 
3 
45 
1 
2 
0 
92 
83 
67 
10 
76 
70 
36 
3 
97 
49 
2 
87 
1 
11 
23 
0 
96 
30 
7 
66 
3 
64 
68 
25 
20 
92 
35 
21 
37 
2 
73 
0 
1 
93 
61 
79 
94 
15 
12 
39 
4 
26 
71 
24 
90 
27 
2 
72 
76 
43 
1 
18 
0 
86 
91 
50 
22 
3 
34 
54 
84 
2 
45 
23 
4 
47 
0 
85 
25 
1 
56 
87 
39 
43 
3 
19 
27 
2 
16 
5 
52 
65 
61 
29 
89 
0 
25 
90 
2 
94 
1 
33 
3 
70 
64 
48 
0 
42 
8 
1 
31 
67 
2 
3 
97 
0 
78 
44 
39 
53 
2 
25 
93 
1 
23 
64 
13 
95 
0 
51 
19 
94 
84 
30 
85 
24 
2 
28 
52 
63 
83 
1 
3 
72 
73 
0 
67 
46 
5 
2 
93 
82 
23 
3 
76 
87 
6 
0 
66 
68 
92 
31 
2 
30 
8 
21 
33 
79 
1 
53 
24 
85 
65 
0 
4 
12 
34 
29 
83 
36 
56 
55 
2 
3 
66 
1 
6 
0 
63 
51 
45 
78 
26 
23 
30 
19 
87 
2 
84 
7 
5 
21 
97 
68 
67 
0 
1 
81 
8 
3 
47 
85 
2 
11 
65 
58 
13 
0 
37 
3 
59 
29 
96 
45 
1 
93 
94 
87 
2 
42 
80 
78 
76 
53 
0 
2 
51 
3 
92 
1 
12 
61 
41 
34 
36 
90 
75 
93 
0 
68 
42 
37 
38 
69 
64 
2 
95 
5 
15 
29 
25 
1 
35 
3 
53 
67 
0 
42 
48 
57 
49 
84 
82 
86 
1 
2 
26 
75 
97 
0 
3 
8 
23 
56 
4 
45 
51 
87 
22 
30 
65 
83 
12 
1 
2 
80 
39 
94 
0 
68 
27 
15 
3 
53 
46 
70 
1 
64 
79 
2 
25 
0 
45 
12 
50 
57 
7 
14 
29 
31 
20 
76 
9 
3 
87 
37 
2 
1 
84 
97 
51 
0 
39 
11 
93 
92 
56 
2 
19 
67 
1 
3 
53 
0 
52 
75 
5 
24 
4 
85 
97 
90 
1 
33 
19 
49 
2 
0 
12 
55 
48 
3 
47 
16 
51 
45 
0 
2 
66 
38 
11 
83 
7 
10 
63 
97 
3 
15 
1 
84 
39 
34 
93 
35 
57 
0 
29 
90 
2 
31 
44 
76 
3 
1 
43 
36 
23 
0 
2 
38 
30 
45 
1 
67 
51 
15 
71 
20 
55 
3 
79 
4 
86 
53 
93 
37 
0 
85 
2 
69 
1 
23 
94 
9 
66 
2 
56 
0 
3 
92 
95 
1 
28 
36 
53 
30 
59 
58 
2 
87 
64 
15 
48 
70 
8 
0 
38 
35 
7 
61 
68 
39 
5 
1 
13 
3 
34 
71 
2 
27 
43 
67 
79 
94 
0 
69 
33 
92 
1 
93 
40 
45 
48 
3 
2 
22 
84 
42 
6 
63 
58 
15 
1 
37 
49 
2 
3 
0 
39 
64 
51 
45 
2 
1 
0 
37 
23 
92 
76 
3 
87 
97 
25 
41 
33 
1 
15 
18 
2 
3 
24 
0 
48 
52 
45 
39 
3 
1 
69 
19 
2 
67 
75 
35 
78 
55 
49 
84 
0 
1 
3 
15 
40 
97 
51 
61 
87 
2 
81 
11 
78 
90 
25 
45 
24 
37 
43 
84 
41 
33 
0 
73 
1 
22 
2 
3 
34 
26 
85 
48 
19 
95 
45 
76 
93 
1 
92 
53 
2 
0 
12 
17 
37 
3 
81 
87 
13 
36 
34 
56 
27 
85 
71 
55 
2 
1 
67 
0 
82 
51 
60 
19 
15 
24 
64 
76 
97 
2 
22 
65 
43 
0 
73 
3 
1 
84 
11 
94 
77 
12 
2 
51 
93 
70 
83 
36 
3 
0 
1 
48 
57 
82 
49 
13 
81 
6 
2 
65 
15 
3 
67 
73 
56 
0 
92 
31 
94 
93 
77 
66 
9 
1 
2 
25 
44 
75 
12 
78 
3 
34 
46 
58 
0 
53 
11 
45 
21 
26 
42 
2 
1 
69 
0 
3 
4 
49 
71 
64 
76 
85 
1 
35 
2 
73 
0 
59 
61 
92 
52 
3 
66 
7 
72 
79 
0 
1 
80 
23 
3 
84 
2 
78 
39 
24 
53 
34 
83 
67 
36 
1 
65 
47 
2 
0 
87 
90 
3 
68 
59 
93 
0 
55 
1 
15 
2 
30 
49 
3 
48 
21 
73 
83 
44 
16 
39 
0 
43 
64 
13 
28 
1 
61 
51 
45 
5 
40 
2 
14 
69 
18 
27 
0 
81 
63 
1 
82 
38 
8 
56 
93 
3 
71 
58 
70 
33 
2 
55 
0 
1 
83 
24 
68 
52 
95 
39 
27 
50 
3 
69 
29 
1 
60 
12 
23 
0 
86 
2 
57 
65 
81 
18 
45 
3 
9 
16 
97 
1 
0 
30 
2 
26 
78 
72 
53 
67 
71 
3 
6 
36 
85 
84 
33 
50 
29 
51 
1 
56 
0 
2 
58 
24 
83 
4 
19 
63 
35 
3 
92 
52 
12 
0 
57 
1 
2 
72 
82 
87 
26 
70 
97 
27 
23 
37 
5 
0 
1 
2 
61 
3 
69 
95 
6 
53 
42 
15 
94 
67 
34 
0 
56 
80 
2 
49 
12 
3 
27 
1 
96 
37 
0 
48 
2 
51 
28 
93 
59 
19 
69 
83 
85 
3 
90 
92 
25 
39 
0 
1 
73 
2 
87 
68 
84 
94 
46 
3 
49 
60 
78 
0 
2 
1 
8 
37 
80 
90 
65 
67 
35 
24 
93 
41 
70 
91 
79 
0 
3 
1 
48 
15 
30 
68 
2 
12 
45 
20 
56 
1 
0 
24 
19 
23 
28 
93 
29 
2 
82 
11 
3 
84 
90 
46 
65 
0 
55 
18 
75 
2 
3 
8 
39 
85 
52 
94 
0 
12 
69 
2 
45 
29 
1 
3 
48 
96 
60 
14 
67 
58 
0 
84 
2 
11 
1 
24 
53 
86 
61 
87 
51 
90 
39 
55 
3 
0 
26 
69 
92 
94 
36 
2 
1 
65 
23 
59 
19 
78 
73 
3 
48 
68 
2 
0 
93 
53 
83 
64 
84 
11 
1 
35 
36 
45 
70 
31 
0 
20 
97 
2 
71 
4 
3 
26 
1 
27 
8 
82 
63 
92 
61 
67 
35 
38 
43 
0 
53 
1 
2 
3 
90 
10 
42 
83 
12 
55 
93 
56 
49 
22 
1 
2 
71 
0 
51 
45 
47 
31 
69 
48 
68 
29 
70 
64 
0 
15 
27 
3 
11 
1 
2 
53 
83 
66 
0 
56 
36 
97 
3 
2 
55 
26 
53 
8 
84 
34 
1 
48 
71 
47 
82 
35 
0 
94 
63 
75 
25 
2 
3 
15 
92 
87 
1 
65 
22 
70 
93 
45 
6 
78 
11 
30 
2 
0 
69 
23 
3 
67 
64 
84 
1 
82 
56 
2 
0 
3 
97 
96 
90 
80 
61 
2 
1 
71 
7 
78 
0 
93 
3 
57 
48 
70 
76 
33 
2 
67 
29 
66 
40 
45 
0 
12 
80 
1 
3 
97 
2 
92 
68 
53 
37 
87 
47 
0 
49 
36 
86 
82 
28 
1 
2 
3 
24 
64 
15 
67 
51 
0 
76 
87 
1 
2 
59 
41 
3 
71 
7 
49 
6 
56 
64 
0 
2 
97 
15 
85 
52 
37 
22 
27 
31 
1 
48 
3 
10 
0 
2 
69 
51 
24 
67 
53 
11 
80 
25 
90 
94 
55 
58 
34 
0 
1 
2 
4 
68 
29 
15 
3 
61 
84 
33 
76 
66 
31 
39 
0 
52 
83 
2 
63 
92 
45 
65 
1 
23 
89 
64 
85 
72 
59 
0 
2 
12 
22 
95 
27 
1 
43 
3 
68 
93 
84 
34 
67 
39 
0 
91 
35 
55 
8 
60 
2 
90 
33 
1 
37 
6 
3 
26 
92 
5 
53 
48 
21 
94 
0 
2 
84 
38 
64 
1 
82 
68 
71 
27 
28 
0 
93 
3 
2 
97 
45 
95 
24 
96 
70 
30 
1 
8 
52 
0 
56 
51 
67 
15 
3 
64 
2 
38 
94 
48 
1 
0 
6 
49 
2 
3 
84 
68 
54 
55 
1 
17 
51 
75 
45 
0 
44 
26 
2 
64 
3 
27 
81 
11 
5 
0 
30 
33 
63 
1 
45 
96 
71 
67 
24 
59 
53 
87 
2 
0 
40 
1 
90 
61 
3 
65 
79 
55 
0 
38 
2 
52 
75 
31 
39 
43 
93 
66 
28 
37 
29 
26 
0 
67 
6 
2 
1 
63 
12 
3 
70 
87 
82 
45 
30 
54 
90 
83 
41 
2 
92 
84 
34 
0 
7 
3 
68 
52 
20 
1 
25 
39 
64 
80 
71 
31 
42 
2 
0 
3 
72 
1 
45 
9 
23 
30 
29 
11 
43 
2 
93 
87 
82 
0 
1 
55 
53 
3 
65 
67 
2 
66 
34 
48 
63 
37 
15 
33 
97 
39 
41 
0 
1 
45 
84 
64 
3 
2 
93 
96 
1 
81 
0 
74 
87 
69 
53 
42 
47 
39 
2 
3 
17 
49 
38 
76 
21 
23 
61 
0 
24 
5 
51 
92 
33 
65 
1 
25 
2 
34 
66 
45 
3 
32 
11 
26 
84 
67 
53 
43 
83 
1 
2 
7 
0 
52 
90 
3 
65 
2 
87 
9 
82 
16 
70 
1 
0 
94 
3 
67 
2 
84 
57 
71 
78 
63 
59 
68 
33 
19 
97 
3 
39 
42 
86 
34 
0 
58 
2 
1 
45 
43 
37 
52 
38 
18 
30 
0 
73 
71 
5 
2 
67 
36 
1 
12 
40 
3 
21 
80 
82 
68 
97 
93 
48 
22 
2 
34 
0 
53 
92 
18 
39 
3 
1 
67 
55 
66 
0 
49 
87 
2 
68 
11 
8 
48 
53 
33 
3 
36 
78 
85 
0 
83 
27 
31 
1 
2 
63 
51 
45 
59 
58 
12 
5 
3 
65 
0 
56 
4 
8 
16 
2 
86 
33 
15 
61 
1 
20 
0 
24 
53 
28 
49 
44 
14 
3 
2 
27 
83 
23 
25 
1 
67 
0 
87 
80 
64 
92 
3 
2 
65 
93 
17 
51 
37 
53 
63 
0 
1 
26 
84 
89 
29 
75 
3 
58 
15 
2 
71 
49 
1 
73 
33 
0 
42 
95 
8 
45 
53 
97 
44 
3 
2 
96 
90 
6 
1 
11 
36 
83 
51 
94 
0 
30 
59 
70 
2 
27 
66 
84 
1 
35 
48 
68 
65 
3 
58 
53 
93 
55 
4 
92 
15 
0 
51 
24 
52 
31 
1 
2 
42 
43 
3 
67 
27 
69 
23 
47 
78 
0 
46 
29 
70 
73 
48 
1 
2 
53 
3 
8 
81 
16 
91 
26 
45 
0 
56 
30 
85 
94 
2 
39 
96 
3 
1 
70 
78 
93 
51 
0 
45 
33 
89 
63 
84 
2 
61 
24 
80 
31 
65 
1 
5 
68 
9 
7 
3 
0 
33 
52 
27 
1 
59 
2 
53 
64 
96 
42 
82 
40 
3 
29 
39 
51 
0 
23 
37 
1 
49 
2 
89 
57 
65 
24 
45 
34 
5 
19 
11 
16 
10 
0 
26 
3 
85 
2 
79 
67 
94 
78 
12 
1 
87 
75 
25 
84 
46 
52 
33 
3 
2 
31 
4 
48 
45 
11 
42 
47 
39 
40 
82 
0 
2 
1 
15 
53 
56 
3 
89 
7 
58 
96 
0 
2 
55 
38 
51 
34 
36 
27 
43 
68 
1 
66 
94 
35 
0 
3 
46 
67 
12 
6 
80 
26 
65 
2 
37 
0 
1 
38 
45 
3 
4 
29 
24 
70 
2 
5 
0 
8 
28 
33 
36 
58 
40 
64 
61 
2 
18 
50 
96 
1 
55 
3 
47 
68 
25 
82 
19 
8 
45 
39 
27 
0 
66 
2 
3 
23 
31 
81 
65 
1 
7 
15 
30 
67 
2 
51 
0 
70 
93 
3 
97 
84 
46 
1 
59 
11 
72 
66 
2 
10 
19 
0 
12 
17 
29 
3 
68 
6 
48 
2 
65 
55 
5 
7 
1 
20 
67 
50 
25 
0 
13 
46 
63 
96 
45 
78 
30 
3 
80 
73 
87 
1 
26 
0 
59 
2 
64 
53 
37 
57 
3 
19 
9 
1 
56 
0 
95 
2 
23 
30 
46 
66 
61 
11 
97 
2 
1 
3 
0 
82 
39 
87 
18 
68 
27 
25 
12 
28 
93 
80 
2 
21 
29 
84 
0 
37 
1 
3 
85 
90 
31 
42 
51 
36 
64 
53 
2 
76 
10 
58 
6 
0 
11 
2 
42 
89 
95 
84 
1 
70 
48 
72 
75 
56 
12 
3 
49 
78 
0 
27 
36 
2 
33 
55 
1 
67 
45 
53 
15 
3 
2 
8 
31 
73 
1 
52 
35 
96 
0 
87 
86 
37 
92 
22 
27 
68 
95 
39 
2 
23 
45 
3 
83 
25 
0 
29 
56 
72 
65 
70 
1 
80 
49 
84 
2 
10 
24 
87 
51 
3 
29 
97 
73 
93 
27 
0 
37 
61 
85 
81 
1 
66 
2 
39 
82 
12 
33 
42 
67 
57 
65 
3 
15 
36 
1 
52 
0 
71 
93 
78 
97 
48 
2 
69 
92 
45 
1 
55 
76 
3 
53 
94 
24 
2 
11 
25 
0 
49 
64 
70 
82 
38 
56 
46 
68 
1 
29 
51 
48 
0 
39 
67 
2 
52 
6 
90 
14 
83 
84 
19 
23 
1 
3 
2 
26 
76 
65 
0 
43 
68 
93 
59 
54 
12 
31 
87 
64 
30 
66 
8 
52 
3 
1 
2 
96 
0 
48 
19 
56 
24 
45 
6 
83 
2 
36 
43 
78 
18 
0 
1 
39 
71 
21 
42 
57 
93 
66 
64 
46 
49 
15 
51 
27 
3 
2 
26 
0 
89 
1 
5 
16 
25 
24 
53 
56 
7 
2 
3 
39 
8 
0 
63 
37 
1 
58 
21 
2 
3 
76 
77 
45 
87 
83 
0 
1 
80 
81 
56 
25 
93 
3 
69 
92 
34 
60 
96 
2 
23 
30 
0 
89 
65 
64 
2 
1 
8 
0 
56 
86 
58 
3 
27 
24 
97 
81 
26 
49 
2 
1 
22 
39 
31 
59 
12 
0 
45 
2 
25 
34 
64 
1 
51 
54 
87 
3 
53 
2 
0 
37 
56 
27 
11 
18 
93 
1 
35 
8 
39 
89 
3 
92 
70 
76 
2 
0 
30 
54 
73 
22 
12 
14 
1 
31 
97 
78 
56 
3 
44 
87 
80 
2 
0 
61 
90 
21 
68 
4 
1 
57 
65 
7 
93 
0 
2 
52 
66 
25 
5 
36 
26 
58 
3 
43 
37 
64 
1 
19 
0 
2 
95 
46 
97 
45 
39 
77 
68 
63 
8 
1 
25 
2 
0 
3 
12 
27 
2 
30 
51 
79 
83 
1 
53 
87 
0 
64 
36 
52 
73 
47 
4 
3 
70 
59 
67 
23 
2 
0 
1 
48 
94 
27 
3 
51 
0 
85 
36 
84 
2 
53 
90 
1 
56 
76 
29 
38 
87 
6 
58 
5 
0 
2 
63 
75 
3 
11 
10 
37 
22 
1 
68 
27 
41 
83 
0 
2 
12 
43 
24 
39 
25 
47 
45 
63 
18 
46 
34 
1 
3 
15 
49 
11 
70 
30 
0 
2 
93 
89 
81 
64 
85 
1 
37 
3 
7 
86 
0 
2 
68 
27 
39 
34 
30 
93 
23 
0 
1 
72 
63 
3 
2 
17 
25 
45 
94 
22 
24 
12 
0 
48 
83 
21 
92 
2 
64 
1 
3 
66 
34 
4 
67 
0 
55 
89 
5 
7 
1 
68 
36 
75 
15 
96 
2 
37 
35 
83 
42 
0 
45 
3 
8 
34 
27 
1 
94 
19 
93 
82 
95 
63 
2 
0 
84 
16 
18 
23 
44 
64 
26 
52 
61 
67 
5 
1 
3 
90 
2 
55 
97 
0 
37 
96 
8 
1 
3 
41 
36 
16 
2 
83 
19 
29 
5 
78 
0 
1 
3 
56 
39 
22 
84 
2 
12 
66 
80 
67 
33 
45 
0 
97 
37 
1 
53 
35 
27 
47 
2 
48 
92 
3 
87 
89 
26 
93 
51 
45 
0 
68 
2 
1 
20 
88 
34 
4 
86 
0 
15 
25 
66 
21 
2 
79 
95 
93 
28 
49 
61 
3 
1 
6 
0 
90 
92 
36 
97 
71 
84 
2 
25 
7 
56 
35 
80 
82 
1 
57 
45 
66 
68 
89 
64 
39 
67 
37 
3 
0 
86 
2 
73 
31 
55 
15 
36 
63 
84 
17 
3 
2 
1 
32 
12 
37 
0 
6 
48 
29 
67 
92 
64 
15 
65 
3 
75 
82 
2 
1 
45 
97 
86 
51 
0 
26 
85 
91 
38 
3 
24 
53 
87 
62 
2 
1 
81 
76 
71 
0 
13 
67 
7 
3 
2 
21 
70 
1 
31 
53 
64 
4 
23 
49 
84 
0 
45 
3 
2 
59 
33 
74 
18 
1 
60 
58 
93 
