0.080100 
0.083500 
0.086900 
0.088100 
0.093300 
0.102500 
0.106400 
0.119100 
0.120000 
0.126500 
0.133600 
0.136000 
0.137000 
0.137200 
0.140100 
0.140200 
0.141200 
0.141500 
0.144700 
0.145500 
0.149300 
0.155600 
0.162200 
0.165900 
0.171700 
0.172800 
0.174600 
0.176300 
0.179400 
0.183500 
0.185300 
0.192200 
0.193000 
0.193900 
0.194700 
0.198000 
0.198400 
0.199600 
0.203000 
0.213000 
0.214900 
0.215500 
0.217000 
0.218000 
0.218400 
0.224400 
0.229100 
0.229800 
0.236000 
0.238400 
0.241000 
0.241800 
0.248500 
0.249900 
0.257700 
0.260300 
0.260400 
0.261100 
0.261300 
0.262700 
0.264100 
0.266600 
0.275900 
0.276600 
0.281900 
0.282900 
0.285900 
0.286200 
0.287300 
0.291100 
0.293600 
0.294000 
0.296400 
0.298900 
0.300200 
0.302100 
0.302400 
0.302400 
0.305500 
0.308400 
0.308800 
0.312100 
0.322700 
0.324300 
0.325600 
0.325900 
0.328100 
0.330700 
0.333200 
0.334800 
0.335100 
0.339000 
0.339900 
0.340100 
0.342800 
0.342900 
0.345300 
0.347500 
0.348200 
0.353900 
0.356900 
0.359800 
0.360100 
0.362800 
0.370700 
0.371800 
0.372100 
0.372500 
0.374300 
0.375400 
0.376800 
0.384600 
0.389000 
0.390800 
0.393600 
0.393600 
0.400100 
0.413100 
0.414400 
0.414800 
0.416200 
0.417400 
0.417700 
0.419700 
0.421200 
0.421700 
0.427300 
0.434200 
0.434700 
0.437600 
0.438000 
0.439500 
0.445500 
0.464100 
0.465900 
0.470100 
0.473700 
0.474600 
0.475300 
0.479600 
0.479800 
0.484300 
0.488100 
0.488500 
0.494700 
0.498500 
0.500800 
0.505100 
0.514300 
0.514500 
0.518500 
0.518900 
0.519300 
0.525300 
0.526400 
0.526400 
0.534500 
0.534600 
0.536500 
0.537900 
0.539800 
0.541700 
0.543000 
0.543700 
0.552900 
0.553600 
0.555100 
0.556700 
0.558300 
0.559400 
0.568400 
0.572500 
0.576400 
0.580800 
0.581600 
0.584200 
0.585100 
0.586500 
0.586800 
0.589800 
0.593800 
0.595300 
0.596300 
0.600800 
0.605100 
0.605400 
0.606600 
0.607700 
0.610800 
0.612400 
0.612600 
0.613900 
0.614400 
0.616300 
0.618900 
0.624500 
0.624700 
0.625100 
0.626200 
0.633500 
0.636000 
0.643100 
0.645400 
0.645800 
0.651300 
0.653500 
0.657400 
0.660000 
0.660900 
0.661700 
0.675800 
0.677900 
0.678800 
0.681300 
0.686400 
0.689100 
0.689900 
0.694300 
0.697500 
0.699600 
0.704100 
0.706400 
0.708300 
0.708800 
0.712500 
0.714100 
0.721500 
0.724600 
0.727900 
0.728500 
0.731100 
0.745500 
0.755800 
0.761400 
0.764000 
0.766100 
0.769000 
0.769300 
0.773400 
0.778900 
0.783800 
0.787500 
0.789900 
0.796200 
0.796700 
0.802100 
0.804600 
0.805600 
0.813000 
0.813500 
0.820700 
0.827800 
0.831400 
0.843900 
0.844000 
0.847700 
0.847800 
0.850200 
0.862100 
0.864300 
0.866300 
0.871700 
0.871900 
0.886900 
0.889400 
0.892700 
0.898300 
0.900300 
0.900800 
0.901500 
0.909100 
0.910100 
0.920500 
0.921100 
0.925200 
0.930600 
0.933500 
0.935400 
0.945400 
0.947900 
0.948200 
0.950000 
0.952100 
0.956700 
0.956800 
0.957200 
0.958800 
0.959900 
0.961200 
0.967600 
0.969100 
0.970900 
0.972800 
0.974300 
0.974900 
0.977800 
0.978700 
0.979800 
0.980400 
1.002800 
1.009400 
1.019800 
1.024300 
1.027200 
1.040600 
1.047400 
1.054900 
1.057700 
1.060900 
1.063400 
1.064200 
1.065300 
1.069900 
1.070100 
1.071000 
1.077600 
1.077800 
1.078500 
1.082800 
1.084000 
1.086200 
1.087400 
1.087500 
1.091100 
1.101100 
1.101300 
1.101700 
1.104700 
1.104800 
1.111200 
1.113400 
1.117500 
1.118900 
1.126100 
1.129900 
1.130200 
1.131500 
1.134900 
1.136700 
1.137400 
1.137700 
1.139200 
1.143000 
1.145700 
1.147200 
1.158800 
1.161300 
1.163100 
1.165100 
1.165900 
1.173200 
1.173400 
1.176300 
1.176500 
1.177000 
1.183600 
1.185100 
1.185600 
1.187400 
1.194200 
1.199900 
1.205100 
1.214100 
1.216800 
1.217500 
1.218800 
1.219800 
1.229800 
1.237700 
1.244100 
1.246000 
1.252700 
1.257400 
1.259500 
1.262500 
1.265200 
1.265700 
1.267400 
1.273300 
1.273800 
1.275100 
1.277100 
1.279700 
1.284800 
1.285900 
1.293200 
1.294700 
1.295600 
1.299300 
1.300600 
1.304200 
1.307800 
1.310100 
1.311100 
1.315100 
1.316100 
1.316400 
1.317700 
1.325900 
1.326600 
1.330800 
1.340100 
1.344200 
1.346800 
1.349400 
1.350100 
1.350800 
1.353600 
1.356200 
1.358500 
1.358900 
1.360600 
1.361000 
1.363600 
1.366900 
1.367700 
1.368800 
1.369300 
1.380900 
1.385600 
1.387000 
1.389500 
1.392600 
1.393700 
1.396100 
1.396300 
1.397800 
1.399900 
1.414200 
1.420000 
1.421600 
1.423700 
1.424300 
1.424900 
1.425500 
1.428300 
1.428500 
1.433200 
1.434000 
1.434900 
1.435500 
1.435500 
1.436200 
1.436300 
1.437100 
1.437600 
1.439000 
1.440100 
1.440300 
1.443100 
1.445200 
1.446700 
1.448300 
1.448800 
1.449700 
1.449900 
1.452100 
1.452500 
1.452600 
1.455600 
1.456500 
1.459700 
1.464400 
1.465200 
1.466400 
1.466800 
1.467600 
1.468600 
1.469700 
1.474900 
1.475000 
1.475500 
1.476000 
1.489800 
1.494000 
1.498000 
1.501200 
1.501300 
1.508300 
1.508600 
1.509900 
1.510600 
1.510700 
1.511200 
1.514400 
1.514600 
1.515800 
1.518000 
1.525700 
1.526100 
1.527200 
1.529500 
1.531200 
1.531700 
1.532700 
1.536400 
1.537900 
1.540200 
1.540400 
1.540500 
1.547100 
1.551100 
1.551500 
1.551700 
1.556300 
1.557000 
1.559400 
1.564900 
1.566200 
1.568800 
1.570200 
1.571200 
1.578000 
1.578800 
1.580900 
1.582000 
1.582300 
1.585500 
1.589300 
1.590500 
1.590500 
1.593900 
1.596000 
1.597000 
1.599800 
1.606200 
1.610700 
1.616300 
1.618400 
1.621600 
1.623900 
1.629100 
1.631100 
1.632300 
1.635800 
1.641600 
1.649200 
1.651400 
1.652100 
1.658700 
1.659100 
1.659300 
1.660700 
1.668700 
1.670400 
1.673900 
1.675100 
1.675500 
1.678500 
1.683200 
1.695700 
1.697200 
1.703300 
1.703400 
1.703400 
1.704900 
1.708400 
1.712600 
1.717500 
1.724500 
1.725500 
1.725600 
1.726500 
1.731300 
1.732300 
1.732700 
1.734100 
1.735300 
1.739500 
1.744300 
1.746900 
1.751700 
1.751900 
1.753000 
1.757400 
1.757500 
1.761500 
1.764400 
1.773100 
1.778200 
1.779200 
1.786500 
1.794100 
1.796200 
1.804400 
1.805200 
1.807400 
1.817200 
1.825900 
1.827300 
1.831700 
1.832600 
1.834200 
1.836200 
1.842000 
1.842700 
1.843700 
1.847900 
1.852600 
1.853500 
1.853600 
1.854900 
1.855500 
1.856000 
1.857300 
1.860900 
1.864800 
1.870500 
1.871400 
1.872500 
1.876500 
1.880500 
1.888100 
1.889500 
1.890800 
1.891500 
1.892200 
1.897700 
1.897700 
1.897900 
1.898700 
1.908700 
1.916100 
1.917200 
1.917500 
1.917800 
1.918600 
1.919900 
1.923300 
1.929100 
1.929800 
1.931400 
1.935000 
1.936800 
1.941100 
1.941300 
1.942800 
1.948600 
1.949600 
1.949700 
1.951400 
1.953100 
1.954200 
1.955100 
1.956000 
1.957100 
1.959100 
1.959600 
1.965600 
1.966800 
1.969400 
1.970500 
1.972200 
1.972300 
1.974600 
1.974700 
1.975600 
1.977300 
1.979000 
1.981300 
1.984100 
1.986500 
1.991500 
1.997900 
1.999100 
1.999600 
2.003500 
2.019100 
2.021400 
2.022000 
2.023700 
2.025100 
2.025100 
2.027400 
2.027500 
2.028300 
2.029000 
2.036000 
2.058800 
2.066600 
2.069000 
2.070400 
2.071400 
2.072000 
2.074200 
2.074400 
2.077600 
2.078300 
2.078800 
2.081600 
2.081600 
2.081600 
2.083800 
2.088200 
2.091800 
2.093900 
2.096600 
2.097000 
2.099700 
2.109400 
2.110000 
2.113400 
2.116500 
2.118400 
2.119500 
2.119700 
2.121800 
2.124100 
2.124200 
2.126600 
2.130500 
2.131000 
2.132800 
2.142800 
2.143700 
2.143700 
2.145400 
2.145500 
2.151500 
2.152800 
2.154000 
2.156000 
2.159800 
2.167400 
2.170400 
2.172700 
2.173700 
2.174600 
2.180700 
2.182500 
2.182800 
2.183200 
2.183600 
2.194800 
2.195200 
2.195300 
2.198900 
2.200900 
2.205300 
2.205800 
2.206800 
2.206900 
2.208300 
2.211000 
2.212400 
2.220000 
2.229100 
2.237100 
2.239800 
2.241400 
2.245400 
2.247800 
2.248400 
2.253200 
2.253400 
2.254200 
2.255100 
2.262700 
2.281600 
2.285000 
2.286200 
2.289900 
2.296100 
2.302700 
2.303800 
2.305800 
2.308700 
2.310300 
2.312500 
2.322200 
2.322900 
2.323200 
2.329100 
2.334700 
2.335600 
2.341600 
2.341600 
2.342800 
2.342900 
2.344600 
2.344900 
2.346100 
2.349000 
2.353100 
2.356800 
2.358100 
2.361700 
2.364700 
2.366800 
2.379800 
2.382100 
2.385000 
2.386100 
2.387300 
2.393000 
2.395200 
2.399500 
2.399500 
2.401200 
2.402500 
2.404200 
2.408800 
2.408900 
2.413500 
2.416200 
2.416600 
2.419000 
2.423400 
2.424400 
2.424700 
2.430800 
2.436500 
2.437300 
2.438000 
2.440100 
2.450100 
2.450900 
2.455100 
2.455300 
2.456000 
2.465000 
2.470100 
2.473100 
2.476100 
2.484100 
2.486200 
2.487500 
2.488900 
2.494900 
2.497200 
2.497900 
2.500400 
2.501800 
2.502400 
2.508900 
2.510000 
2.510800 
2.514300 
2.517000 
2.517700 
2.521500 
2.521700 
2.530300 
2.534100 
2.537800 
2.543000 
2.544800 
2.545100 
2.545700 
2.548000 
2.549700 
2.549800 
2.551100 
2.552000 
2.555100 
2.558900 
2.561300 
2.566300 
2.566500 
2.578100 
2.578500 
2.579800 
2.588700 
2.588900 
2.589500 
2.593100 
2.593500 
2.593600 
2.594200 
2.595300 
2.597700 
2.598200 
2.602100 
2.602700 
2.604700 
2.605100 
2.612600 
2.613500 
2.615200 
2.618900 
2.620000 
2.627300 
2.628800 
2.629500 
2.631100 
2.631900 
2.635000 
2.635100 
2.636600 
2.644100 
2.644800 
2.645400 
2.645600 
2.645700 
2.648100 
2.648400 
2.651500 
2.656900 
2.660900 
2.662000 
2.669000 
2.669600 
2.671100 
2.672100 
2.678200 
2.681900 
2.684100 
2.687000 
2.687100 
2.689900 
2.697500 
2.699400 
2.702500 
2.702600 
2.704300 
2.705600 
2.713900 
2.718000 
2.719000 
2.725200 
2.726900 
2.727600 
2.730500 
2.739800 
2.745000 
2.749900 
2.751900 
2.754300 
2.760900 
2.761800 
2.762000 
2.764200 
2.764600 
2.765000 
2.766100 
2.767600 
2.769200 
2.778400 
2.779900 
2.780000 
2.780400 
2.785300 
2.787000 
2.792100 
2.794500 
2.795200 
2.799200 
2.801600 
2.803900 
2.806700 
2.811300 
2.814200 
2.820000 
2.821900 
2.824000 
2.826600 
2.831200 
2.831900 
2.832300 
2.832500 
2.835100 
2.841800 
2.842800 
2.845400 
2.845700 
2.846300 
2.848400 
2.848600 
2.851300 
2.852600 
2.857600 
2.858500 
2.859100 
2.861500 
2.863000 
2.865400 
2.867000 
2.874800 
2.875900 
2.882600 
2.882700 
2.883200 
2.883400 
2.885600 
2.889300 
2.895200 
2.899000 
2.921200 
2.922500 
2.923600 
2.929000 
2.930400 
2.931300 
2.935600 
2.939600 
2.944600 
2.945900 
2.948900 
2.950600 
2.952100 
2.953000 
2.953400 
2.954200 
2.955500 
2.959000 
2.964000 
2.964400 
2.965200 
2.966800 
2.969300 
2.969300 
2.973100 
2.973600 
2.978200 
2.991400 
2.991500 
2.997300 
2.998500 
