72 
59 
84 
14 
2 
6 
63 
81 
11 
89 
33 
53 
51 
98 
31 
66 
52 
40 
49 
92 
26 
35 
74 
71 
44 
77 
67 
10 
38 
50 
45 
87 
86 
101 
91 
89 
27 
1 
95 
79 
18 
8 
13 
99 
97 
88 
14 
34 
48 
80 
21 
31 
70 
40 
6 
0 
20 
4 
2 
36 
45 
49 
81 
35 
7 
86 
84 
73 
96 
28 
92 
42 
15 
100 
53 
60 
64 
22 
16 
87 
27 
90 
11 
59 
8 
38 
93 
77 
63 
10 
67 
40 
19 
44 
47 
48 
31 
45 
43 
89 
85 
2 
96 
29 
101 
50 
21 
72 
13 
66 
20 
84 
74 
4 
49 
71 
88 
73 
35 
1 
81 
5 
53 
33 
83 
31 
48 
52 
95 
79 
34 
28 
51 
8 
70 
10 
92 
44 
64 
15 
63 
101 
16 
42 
18 
49 
32 
40 
81 
9 
100 
5 
13 
20 
45 
95 
60 
35 
14 
10 
22 
94 
71 
89 
72 
43 
74 
92 
37 
67 
31 
83 
54 
90 
19 
17 
35 
6 
76 
42 
61 
16 
81 
8 
38 
56 
40 
59 
2 
36 
1 
46 
85 
33 
84 
14 
96 
97 
45 
79 
77 
10 
20 
99 
37 
80 
87 
18 
81 
29 
41 
15 
101 
98 
6 
95 
31 
35 
24 
49 
75 
8 
43 
89 
64 
16 
70 
47 
71 
92 
81 
88 
67 
56 
27 
33 
74 
34 
2 
42 
100 
72 
21 
51 
36 
17 
5 
101 
45 
59 
78 
63 
18 
49 
93 
4 
65 
88 
58 
40 
84 
94 
66 
16 
1 
15 
79 
83 
71 
47 
81 
14 
89 
35 
37 
46 
39 
10 
92 
98 
8 
44 
56 
11 
6 
42 
64 
2 
57 
31 
12 
61 
75 
90 
38 
37 
59 
35 
33 
51 
4 
66 
96 
36 
82 
10 
58 
13 
81 
48 
89 
0 
86 
94 
17 
49 
45 
30 
93 
20 
72 
2 
41 
84 
97 
60 
16 
92 
40 
29 
6 
66 
26 
24 
39 
34 
5 
63 
67 
10 
18 
35 
47 
1 
54 
71 
15 
95 
31 
56 
36 
13 
32 
38 
29 
8 
77 
45 
3 
14 
84 
81 
98 
16 
64 
85 
10 
33 
41 
17 
44 
57 
65 
55 
66 
2 
63 
40 
0 
51 
49 
78 
45 
19 
42 
46 
11 
93 
86 
80 
6 
74 
13 
32 
35 
15 
60 
4 
34 
52 
92 
95 
44 
89 
38 
50 
26 
29 
65 
10 
2 
87 
64 
31 
1 
100 
85 
84 
43 
96 
81 
68 
32 
5 
56 
77 
76 
45 
40 
14 
35 
36 
101 
6 
82 
8 
2 
42 
81 
80 
20 
15 
72 
71 
66 
56 
38 
7 
19 
18 
59 
3 
31 
13 
27 
70 
79 
1 
86 
49 
34 
52 
44 
95 
92 
45 
39 
29 
89 
41 
98 
42 
35 
100 
94 
40 
31 
4 
17 
74 
48 
64 
59 
0 
63 
8 
34 
18 
78 
99 
67 
77 
46 
81 
79 
14 
10 
84 
33 
90 
95 
9 
91 
44 
27 
6 
35 
20 
17 
56 
21 
66 
13 
71 
11 
1 
50 
59 
15 
93 
37 
29 
36 
5 
68 
73 
47 
38 
2 
51 
74 
48 
60 
34 
16 
94 
84 
3 
42 
45 
75 
85 
63 
99 
55 
72 
44 
96 
35 
71 
56 
6 
49 
40 
8 
17 
4 
13 
31 
10 
0 
67 
69 
41 
12 
33 
7 
59 
27 
90 
76 
89 
5 
38 
30 
36 
21 
92 
95 
65 
71 
73 
84 
66 
79 
13 
63 
44 
14 
91 
81 
77 
16 
6 
19 
20 
74 
31 
18 
52 
37 
34 
58 
42 
15 
65 
95 
26 
8 
7 
98 
35 
70 
1 
64 
45 
10 
5 
33 
80 
92 
22 
13 
81 
57 
67 
100 
83 
17 
71 
29 
79 
31 
59 
40 
11 
89 
2 
97 
44 
9 
36 
35 
94 
66 
84 
74 
51 
93 
10 
15 
34 
86 
46 
78 
21 
38 
8 
45 
95 
1 
30 
50 
26 
20 
99 
28 
64 
67 
65 
49 
89 
2 
36 
48 
75 
70 
71 
81 
9 
6 
18 
59 
25 
14 
69 
84 
58 
38 
21 
5 
4 
89 
35 
16 
45 
17 
27 
77 
44 
48 
31 
57 
15 
49 
19 
10 
33 
9 
59 
92 
100 
34 
37 
98 
94 
101 
64 
39 
13 
26 
65 
95 
83 
40 
5 
18 
31 
2 
66 
75 
67 
8 
93 
73 
85 
47 
11 
32 
87 
71 
41 
4 
52 
36 
42 
45 
99 
24 
50 
6 
38 
14 
28 
21 
20 
60 
80 
96 
49 
15 
70 
92 
40 
79 
55 
2 
86 
62 
35 
16 
81 
13 
43 
31 
59 
51 
30 
48 
78 
77 
9 
17 
5 
3 
34 
10 
71 
68 
27 
14 
8 
4 
19 
6 
45 
64 
21 
63 
73 
47 
33 
84 
53 
2 
35 
67 
72 
38 
92 
93 
44 
100 
49 
15 
16 
59 
50 
96 
51 
94 
78 
10 
21 
95 
89 
90 
8 
80 
56 
7 
97 
58 
34 
99 
26 
86 
18 
2 
31 
47 
81 
101 
6 
40 
4 
66 
64 
45 
15 
28 
5 
83 
32 
36 
59 
71 
46 
75 
88 
84 
8 
49 
48 
13 
47 
35 
81 
21 
18 
100 
43 
29 
73 
44 
92 
38 
52 
56 
17 
27 
14 
42 
34 
90 
96 
36 
0 
26 
31 
71 
72 
99 
2 
66 
6 
67 
59 
8 
91 
21 
83 
20 
22 
5 
87 
78 
35 
80 
29 
14 
15 
48 
13 
97 
28 
55 
79 
96 
23 
16 
74 
47 
100 
49 
75 
38 
44 
52 
40 
5 
77 
31 
45 
4 
66 
65 
18 
70 
57 
67 
27 
2 
92 
98 
101 
37 
39 
35 
84 
89 
51 
42 
81 
7 
1 
12 
13 
21 
29 
49 
14 
88 
10 
72 
38 
6 
71 
87 
75 
94 
59 
16 
34 
48 
76 
95 
24 
84 
2 
68 
80 
42 
44 
78 
33 
81 
101 
35 
40 
4 
30 
27 
67 
5 
54 
36 
13 
92 
31 
6 
58 
48 
100 
49 
66 
57 
8 
51 
7 
9 
84 
68 
47 
86 
35 
75 
39 
22 
10 
18 
14 
79 
89 
36 
63 
43 
59 
33 
34 
99 
73 
74 
62 
71 
15 
96 
8 
38 
3 
40 
2 
47 
48 
66 
20 
5 
31 
84 
49 
87 
36 
35 
89 
86 
34 
16 
64 
67 
83 
37 
71 
95 
58 
28 
44 
55 
81 
14 
45 
42 
61 
8 
2 
59 
6 
99 
70 
36 
56 
48 
92 
24 
93 
66 
10 
29 
51 
47 
87 
5 
38 
53 
86 
17 
54 
22 
44 
31 
19 
95 
43 
34 
101 
90 
71 
45 
98 
18 
67 
88 
89 
75 
48 
31 
2 
33 
14 
64 
84 
38 
59 
13 
36 
21 
15 
81 
49 
78 
35 
97 
5 
82 
10 
8 
79 
40 
28 
46 
34 
73 
92 
66 
96 
2 
36 
24 
6 
1 
42 
11 
52 
81 
39 
31 
38 
12 
16 
21 
45 
35 
85 
97 
70 
47 
89 
59 
64 
36 
26 
10 
41 
17 
95 
5 
48 
29 
80 
20 
71 
52 
76 
79 
34 
18 
8 
58 
33 
31 
77 
87 
2 
86 
101 
49 
81 
12 
37 
38 
15 
5 
90 
89 
45 
82 
92 
94 
26 
65 
88 
71 
4 
72 
24 
50 
66 
83 
0 
2 
35 
75 
51 
84 
34 
76 
14 
47 
48 
97 
67 
42 
96 
29 
13 
31 
49 
59 
33 
36 
45 
16 
81 
44 
46 
4 
6 
93 
56 
86 
40 
80 
27 
12 
77 
64 
7 
63 
10 
20 
42 
17 
88 
78 
62 
8 
79 
35 
73 
87 
31 
51 
81 
38 
56 
0 
89 
76 
13 
91 
45 
9 
84 
85 
5 
90 
40 
66 
27 
33 
82 
26 
98 
37 
35 
59 
49 
11 
4 
81 
99 
86 
64 
36 
71 
2 
31 
47 
10 
16 
12 
38 
54 
29 
8 
20 
50 
77 
42 
45 
41 
95 
30 
15 
33 
66 
100 
74 
85 
1 
35 
48 
92 
38 
53 
28 
3 
71 
4 
17 
39 
2 
36 
32 
8 
19 
99 
93 
83 
56 
6 
10 
15 
11 
72 
81 
70 
26 
0 
21 
55 
40 
98 
14 
45 
92 
80 
12 
87 
52 
42 
34 
48 
37 
27 
67 
59 
71 
44 
35 
9 
49 
36 
68 
50 
54 
78 
73 
95 
47 
10 
90 
94 
31 
20 
38 
45 
93 
0 
60 
5 
2 
64 
66 
13 
83 
63 
48 
21 
30 
71 
67 
14 
86 
87 
4 
39 
34 
16 
51 
49 
35 
41 
75 
15 
29 
44 
68 
99 
92 
1 
77 
45 
91 
20 
42 
40 
100 
31 
53 
38 
81 
6 
73 
8 
96 
13 
16 
34 
33 
80 
70 
45 
78 
35 
36 
62 
18 
88 
84 
10 
79 
47 
26 
99 
59 
89 
49 
41 
90 
30 
3 
13 
37 
46 
32 
66 
17 
56 
40 
35 
64 
65 
100 
48 
42 
44 
15 
20 
4 
77 
38 
95 
80 
2 
71 
92 
21 
31 
19 
14 
43 
3 
34 
28 
10 
52 
75 
49 
35 
84 
12 
90 
6 
13 
96 
44 
8 
5 
29 
89 
94 
2 
18 
38 
86 
31 
79 
93 
64 
11 
7 
80 
59 
81 
85 
21 
65 
37 
63 
99 
27 
40 
73 
35 
25 
16 
5 
100 
38 
46 
15 
10 
95 
30 
34 
92 
3 
6 
48 
13 
1 
14 
19 
71 
11 
56 
2 
58 
43 
90 
88 
45 
36 
96 
8 
49 
44 
83 
60 
17 
81 
4 
28 
99 
67 
80 
38 
51 
18 
20 
41 
89 
70 
37 
50 
31 
74 
73 
46 
87 
72 
52 
14 
85 
82 
11 
76 
29 
86 
40 
101 
63 
95 
97 
47 
45 
59 
10 
21 
64 
13 
78 
54 
66 
81 
49 
6 
35 
79 
27 
31 
55 
20 
42 
7 
38 
4 
51 
98 
15 
24 
44 
67 
101 
99 
80 
89 
100 
48 
2 
14 
75 
3 
26 
18 
45 
88 
65 
71 
36 
10 
37 
33 
60 
28 
1 
53 
16 
35 
38 
93 
13 
52 
42 
69 
8 
15 
96 
12 
34 
31 
27 
5 
20 
87 
46 
64 
78 
6 
89 
99 
73 
19 
66 
63 
101 
50 
41 
43 
59 
71 
95 
67 
74 
81 
4 
40 
3 
10 
92 
97 
57 
72 
7 
26 
68 
88 
13 
86 
94 
84 
80 
49 
15 
31 
65 
34 
19 
8 
1 
21 
36 
14 
47 
91 
16 
0 
2 
73 
44 
93 
10 
29 
35 
52 
38 
45 
78 
51 
13 
76 
42 
59 
63 
80 
1 
71 
98 
92 
64 
26 
17 
49 
36 
81 
20 
77 
99 
2 
7 
35 
24 
95 
67 
66 
96 
8 
93 
4 
90 
31 
50 
34 
22 
48 
40 
5 
20 
11 
13 
92 
10 
19 
89 
52 
77 
72 
33 
58 
98 
73 
64 
39 
27 
74 
35 
80 
63 
97 
76 
59 
69 
83 
86 
2 
71 
93 
78 
99 
87 
67 
42 
66 
45 
6 
37 
50 
18 
20 
15 
29 
30 
3 
56 
92 
40 
38 
49 
44 
81 
13 
47 
26 
0 
75 
8 
41 
96 
10 
36 
34 
48 
70 
4 
17 
59 
86 
66 
67 
55 
35 
52 
45 
73 
22 
14 
92 
16 
8 
42 
83 
6 
89 
46 
31 
84 
85 
3 
20 
88 
5 
71 
72 
63 
87 
51 
15 
101 
44 
13 
100 
2 
21 
70 
74 
40 
29 
41 
10 
80 
35 
48 
37 
96 
66 
81 
98 
49 
56 
31 
76 
55 
67 
0 
34 
27 
71 
75 
1 
82 
5 
8 
18 
6 
21 
65 
7 
10 
15 
38 
45 
16 
99 
83 
31 
40 
34 
51 
89 
70 
14 
2 
32 
84 
29 
61 
42 
88 
95 
17 
56 
35 
48 
96 
1 
59 
75 
2 
100 
72 
4 
5 
58 
34 
42 
13 
11 
10 
14 
31 
66 
101 
33 
15 
96 
45 
37 
71 
6 
76 
32 
50 
16 
44 
20 
40 
92 
47 
5 
59 
36 
8 
99 
80 
83 
79 
2 
87 
96 
49 
57 
81 
74 
98 
48 
41 
85 
93 
66 
3 
10 
35 
78 
34 
63 
15 
38 
13 
64 
58 
32 
5 
40 
100 
33 
17 
45 
14 
71 
86 
21 
92 
48 
81 
31 
6 
80 
36 
56 
49 
98 
35 
47 
76 
2 
77 
65 
28 
29 
59 
83 
99 
11 
67 
44 
66 
16 
85 
8 
84 
15 
48 
33 
87 
4 
58 
10 
31 
37 
93 
56 
83 
40 
81 
24 
20 
29 
34 
43 
64 
76 
91 
19 
5 
68 
63 
59 
71 
35 
16 
7 
74 
95 
79 
67 
21 
47 
18 
44 
90 
45 
17 
2 
55 
38 
80 
52 
48 
12 
37 
9 
66 
77 
96 
3 
81 
10 
89 
85 
1 
20 
5 
31 
26 
35 
100 
92 
87 
83 
56 
21 
99 
42 
14 
75 
44 
67 
27 
53 
97 
13 
58 
95 
22 
88 
15 
36 
25 
94 
84 
63 
31 
2 
1 
45 
101 
71 
73 
38 
29 
83 
59 
34 
40 
77 
48 
86 
7 
35 
97 
68 
56 
64 
81 
37 
10 
31 
21 
42 
13 
51 
33 
26 
6 
44 
4 
92 
74 
28 
38 
20 
35 
47 
45 
36 
8 
19 
16 
49 
34 
55 
64 
31 
59 
91 
3 
78 
100 
79 
14 
52 
81 
13 
46 
95 
12 
68 
76 
1 
15 
10 
85 
71 
84 
96 
21 
83 
17 
77 
92 
35 
24 
90 
48 
63 
86 
6 
42 
66 
43 
82 
93 
47 
31 
44 
89 
55 
7 
100 
13 
51 
81 
40 
85 
11 
80 
79 
45 
28 
75 
73 
2 
95 
71 
27 
37 
34 
49 
43 
35 
