0.018400 
0.019900 
0.021600 
0.022200 
0.022600 
0.022900 
0.023200 
0.023900 
0.024500 
0.024900 
0.025100 
0.026600 
0.026600 
0.027100 
0.027100 
0.027100 
0.027600 
0.027900 
0.027900 
0.028700 
0.028900 
0.029100 
0.029200 
0.029300 
0.029500 
0.030100 
0.030300 
0.030900 
0.031100 
0.031100 
0.032700 
0.032900 
0.033300 
0.033300 
0.033400 
0.033700 
0.033800 
0.034100 
0.034100 
0.034400 
0.034900 
0.035200 
0.035300 
0.035400 
0.035600 
0.035600 
0.036400 
0.036400 
0.036700 
0.037000 
0.037400 
0.037800 
0.038000 
0.038000 
0.038100 
0.038200 
0.038300 
0.038400 
0.038800 
0.039000 
0.039200 
0.039400 
0.039500 
0.039600 
0.039700 
0.039900 
0.040000 
0.040000 
0.040500 
0.040600 
0.042100 
0.042600 
0.042700 
0.042800 
0.043700 
0.043800 
0.044000 
0.044500 
0.044500 
0.044600 
0.044700 
0.044700 
0.045300 
0.045700 
0.045900 
0.046000 
0.046400 
0.046800 
0.047400 
0.047600 
0.047900 
0.048000 
0.048400 
0.048500 
0.048500 
0.049400 
0.049900 
0.050200 
0.051600 
0.051600 
0.051700 
0.052500 
0.053300 
0.053700 
0.053700 
0.054800 
0.054900 
0.055000 
0.055200 
0.056000 
0.056100 
0.056400 
0.057400 
0.058700 
0.058800 
0.060600 
0.060700 
0.060900 
0.061500 
0.062100 
0.062200 
0.062800 
0.063300 
0.063700 
0.064100 
0.064300 
0.064500 
0.064800 
0.065300 
0.066200 
0.066300 
0.066300 
0.066800 
0.067200 
0.067500 
0.067600 
0.067800 
0.067900 
0.067900 
0.068100 
0.068100 
0.068300 
0.068600 
0.069400 
0.070100 
0.070100 
0.070200 
0.070300 
0.070400 
0.070700 
0.070800 
0.071000 
0.071200 
0.071400 
0.072000 
0.072100 
0.072100 
0.072500 
0.072900 
0.072900 
0.074100 
0.074300 
0.075300 
0.075600 
0.075800 
0.076200 
0.076600 
0.076700 
0.077400 
0.077500 
0.078200 
0.078400 
0.078600 
0.078600 
0.079800 
0.080100 
0.081100 
0.082100 
0.082100 
0.082100 
0.082300 
0.082600 
0.082600 
0.082700 
0.083000 
0.083100 
0.083600 
0.083600 
0.084000 
0.084300 
0.084400 
0.084500 
0.085100 
0.085500 
0.085800 
0.086000 
0.086100 
0.086200 
0.086400 
0.087200 
0.087700 
0.087900 
0.087900 
0.089600 
0.090100 
0.090300 
0.090500 
0.090600 
0.091200 
0.091900 
0.092500 
0.092900 
0.093000 
0.093000 
0.093300 
0.093300 
0.093400 
0.093500 
0.094200 
0.094300 
0.094300 
0.094500 
0.094800 
0.095100 
0.096300 
0.096700 
0.097100 
0.097700 
0.097800 
0.098100 
0.098200 
0.098200 
0.098300 
0.098500 
0.098600 
0.098700 
0.098700 
0.099100 
0.099100 
0.099100 
0.099400 
0.099700 
0.101000 
0.101000 
0.101100 
0.101500 
0.101700 
0.102000 
0.102500 
0.102600 
0.103100 
0.103300 
0.103600 
0.103800 
0.103900 
0.104200 
0.104300 
0.104700 
0.104700 
0.105000 
0.105500 
0.105700 
0.106000 
0.106100 
0.106400 
0.106600 
0.106600 
0.107000 
0.107000 
0.107300 
0.107300 
0.107400 
0.107500 
0.107600 
0.108000 
0.108400 
0.108400 
0.108500 
0.108600 
0.108700 
0.108700 
0.108900 
0.109000 
0.109100 
0.109200 
0.109300 
0.109500 
0.109800 
0.110300 
0.110300 
0.110400 
0.110500 
0.110500 
0.110700 
0.110700 
0.110700 
0.110700 
0.110800 
0.111300 
0.111400 
0.111400 
0.111700 
0.112000 
0.112600 
0.112700 
0.112800 
0.113000 
0.113200 
0.113500 
0.113500 
0.113900 
0.114400 
0.114600 
0.115100 
0.115200 
0.115400 
0.115700 
0.115700 
0.116200 
0.116300 
0.116400 
0.117200 
0.117400 
0.117600 
0.117700 
0.117800 
0.118100 
0.118400 
0.118500 
0.118500 
0.118600 
0.118800 
0.119300 
0.120600 
0.120700 
0.121400 
0.122000 
0.122300 
0.122300 
0.122400 
0.122800 
0.122900 
0.123400 
0.123600 
0.123900 
0.124900 
0.125400 
0.125400 
0.125500 
0.125600 
0.126000 
0.126200 
0.126700 
0.126700 
0.126800 
0.126800 
0.127200 
0.127200 
0.127600 
0.127800 
0.127900 
0.128400 
0.129000 
0.130000 
0.130300 
0.130500 
0.130800 
0.131000 
0.131100 
0.131700 
0.131800 
0.132300 
0.132400 
0.133000 
0.133900 
0.134000 
0.134300 
0.134500 
0.135100 
0.135600 
0.135900 
0.136800 
0.136800 
0.137000 
0.137000 
0.137300 
0.137600 
0.138600 
0.138800 
0.138900 
0.138900 
0.139600 
0.139800 
0.139900 
0.140600 
0.141300 
0.141900 
0.142100 
0.142800 
0.143700 
0.143800 
0.144300 
0.145800 
0.147500 
0.148400 
0.149500 
0.149700 
0.149700 
0.150200 
0.150200 
0.150700 
0.151900 
0.152300 
0.152400 
0.153500 
0.154100 
0.154600 
0.154800 
0.154900 
0.155000 
0.155100 
0.155800 
0.156000 
0.156200 
0.156600 
0.156900 
0.157500 
0.157600 
0.158200 
0.158900 
0.158900 
0.159300 
0.159900 
0.160100 
0.160500 
0.160800 
0.161200 
0.162300 
0.162900 
0.163400 
0.164100 
0.164700 
0.164800 
0.165300 
0.165400 
0.165500 
0.165700 
0.165800 
0.166000 
0.166400 
0.166600 
0.167000 
0.167100 
0.167800 
0.168000 
0.168300 
0.168600 
0.169600 
0.169700 
0.169900 
0.170200 
0.170400 
0.171300 
0.171600 
0.171600 
0.171700 
0.171700 
0.171900 
0.171900 
0.172000 
0.172400 
0.173000 
0.173100 
0.173200 
0.173300 
0.174000 
0.174800 
0.174900 
0.175200 
0.175500 
0.175500 
0.175800 
0.176100 
0.176500 
0.176500 
0.176800 
0.176900 
0.177100 
0.177700 
0.178100 
0.178200 
0.178500 
0.178800 
0.178800 
0.179000 
0.179300 
0.179400 
0.179600 
0.179700 
0.179700 
0.179800 
0.180200 
0.180200 
0.181600 
0.181800 
0.181900 
0.182100 
0.182700 
0.182700 
0.183000 
0.183300 
0.184200 
0.184800 
0.184900 
0.185100 
0.185300 
0.186300 
0.187200 
0.187400 
0.187600 
0.188400 
0.188600 
0.188700 
0.188700 
0.188800 
0.189700 
0.189800 
0.189800 
0.190300 
0.190500 
0.191200 
0.191800 
0.191900 
0.192100 
0.192500 
0.192800 
0.192900 
0.193100 
0.193900 
0.194100 
0.194100 
0.194100 
0.194400 
0.195200 
0.195400 
0.195500 
0.195700 
0.196000 
0.196200 
0.196300 
0.197100 
0.197100 
0.197100 
0.197100 
0.197200 
0.197800 
0.198000 
0.198800 
0.199000 
0.199600 
0.199700 
0.199800 
0.199900 
0.200300 
0.200300 
0.201000 
0.201200 
0.201900 
0.201900 
0.202200 
0.202300 
0.202400 
0.202800 
0.203700 
0.204400 
0.204600 
0.205000 
0.205400 
0.205400 
0.205500 
0.205500 
0.206000 
0.206100 
0.206100 
0.206200 
0.206400 
0.207200 
0.208500 
0.208500 
0.208500 
0.208700 
0.208900 
0.209400 
0.209900 
0.210000 
0.210500 
0.210500 
0.210600 
0.210600 
0.210700 
0.210900 
0.211300 
0.211400 
0.211500 
0.211600 
0.211800 
0.211900 
0.212000 
0.212000 
0.212300 
0.213200 
0.213500 
0.213800 
0.213900 
0.214200 
0.214600 
0.214600 
0.214700 
0.215300 
0.215400 
0.215500 
0.215900 
0.216300 
0.216300 
0.216300 
0.216400 
0.216700 
0.218000 
0.218300 
0.218300 
0.218600 
0.219500 
0.219800 
0.220100 
0.220400 
0.220900 
0.221500 
0.221700 
0.221800 
0.222300 
0.222400 
0.222600 
0.223000 
0.223000 
0.223400 
0.223500 
0.223500 
0.223800 
0.224500 
0.224600 
0.224800 
0.224900 
0.225100 
0.225300 
0.225600 
0.225900 
0.226100 
0.226200 
0.227000 
0.227100 
0.227600 
0.227600 
0.228200 
0.228900 
0.229000 
0.229100 
0.229200 
0.229200 
0.229500 
0.229900 
0.230200 
0.230300 
0.230400 
0.230400 
0.230500 
0.230600 
0.230700 
0.231200 
0.231200 
0.231300 
0.231400 
0.232100 
0.232200 
0.232300 
0.232400 
0.232700 
0.232900 
0.233600 
0.234500 
0.234600 
0.235100 
0.235300 
0.235400 
0.235400 
0.235500 
0.235800 
0.236300 
0.236400 
0.237000 
0.237300 
0.237300 
0.237500 
0.237600 
0.237600 
0.237600 
0.238100 
0.238500 
0.238500 
0.238800 
0.238900 
0.239200 
0.239200 
0.239200 
0.239600 
0.239800 
0.239900 
0.240200 
0.240200 
0.240300 
0.240400 
0.240900 
0.241200 
0.241700 
0.241700 
0.241800 
0.241900 
0.242200 
0.243100 
0.243700 
0.244100 
0.244900 
0.245400 
0.245800 
0.246700 
0.246900 
0.247000 
0.247200 
0.247300 
0.248500 
0.248600 
0.248700 
0.248700 
0.249900 
0.250000 
0.250700 
0.251200 
0.251900 
0.252100 
0.252500 
0.252600 
0.252800 
0.253500 
0.253600 
0.253900 
0.254200 
0.254300 
0.254600 
0.254700 
0.255100 
0.255200 
0.255400 
0.255500 
0.255700 
0.256000 
0.256100 
0.256600 
0.256800 
0.256800 
0.257000 
0.257000 
0.257100 
0.257400 
0.257500 
0.257500 
0.257700 
0.258100 
0.259000 
0.259300 
0.259400 
0.259500 
0.259600 
0.260200 
0.260300 
0.261500 
0.262000 
0.263400 
0.264400 
0.264700 
0.265400 
0.266300 
0.266500 
0.266600 
0.266700 
0.266800 
0.266900 
0.268300 
0.268600 
0.268900 
0.269100 
0.269600 
0.270300 
0.270400 
0.270600 
0.270600 
0.270700 
0.270800 
0.271500 
0.272000 
0.272100 
0.272200 
0.272400 
0.272500 
0.272800 
0.273000 
0.273300 
0.273700 
0.274000 
0.274100 
0.274300 
0.275400 
0.275800 
0.276100 
0.276200 
0.276300 
0.276400 
0.276800 
0.277000 
0.277000 
0.278000 
0.278000 
0.278100 
0.278200 
0.278200 
0.278200 
0.278300 
0.278500 
0.278700 
0.278700 
0.279100 
0.279100 
0.279200 
0.279700 
0.279700 
0.280100 
0.280300 
0.280300 
0.280500 
0.280500 
0.281400 
0.281400 
0.281800 
0.281900 
0.282000 
0.282500 
0.282800 
0.283300 
0.283400 
0.283500 
0.283600 
0.283700 
0.283800 
0.284800 
0.285500 
0.285500 
0.286100 
0.286200 
0.286600 
0.287000 
0.287600 
0.287600 
0.288100 
0.288200 
0.288400 
0.288400 
0.288800 
0.289000 
0.289400 
0.289800 
0.291000 
0.291200 
0.291600 
0.291700 
0.292000 
0.292300 
0.292500 
0.293500 
0.293700 
0.294200 
0.294500 
0.295000 
0.295200 
0.295300 
0.295300 
0.295300 
0.295700 
0.295700 
0.295800 
0.295900 
0.295900 
0.296100 
0.296100 
0.296200 
0.296200 
0.296900 
0.297000 
0.297000 
0.297100 
0.297100 
0.297400 
0.297500 
0.297800 
0.298000 
0.298100 
0.298300 
0.299100 
0.299200 
0.299600 
0.300500 
0.300800 
0.301200 
0.301600 
0.301600 
0.301800 
0.301900 
0.301900 
0.302500 
0.302500 
0.302500 
0.302700 
0.302900 
0.303200 
0.303400 
0.303600 
0.304000 
0.304300 
0.304800 
0.304900 
0.304900 
0.305200 
0.306100 
0.306300 
0.306400 
0.306500 
0.306900 
0.306900 
0.307100 
0.307300 
0.307600 
0.308100 
0.308200 
0.310200 
0.310400 
0.310600 
0.310600 
0.310700 
0.310800 
0.311500 
0.311900 
0.312100 
0.312100 
0.312300 
0.313100 
0.313400 
0.313900 
0.314100 
0.314800 
0.314900 
0.315900 
0.315900 
0.316200 
0.316600 
0.316700 
0.317100 
0.317300 
0.319300 
0.319400 
0.319400 
0.319500 
0.320300 
0.321800 
0.322500 
0.323500 
0.323800 
0.324000 
0.325400 
0.325600 
0.326400 
0.326600 
0.326700 
0.327000 
0.327000 
0.327800 
0.327800 
0.328000 
0.328100 
0.328600 
0.328800 
0.328900 
0.329200 
0.329700 
0.329700 
0.330000 
0.330100 
0.330600 
0.330900 
0.331000 
0.331400 
0.331500 
0.331700 
0.332400 
0.332600 
0.333100 
0.333800 
0.334300 
0.334400 
0.334400 
0.334500 
0.334600 
0.335300 
0.335800 
0.336100 
0.336100 
0.336200 
0.336200 
0.336400 
0.336400 
0.336700 
0.336800 
0.336800 
0.337000 
0.337300 
0.337900 
0.338000 
0.338200 
0.338200 
0.338600 
0.339100 
0.339600 
0.340100 
0.340300 
0.340500 
0.340600 
0.341100 
0.342300 
0.342500 
0.342700 
0.343500 
0.343700 
0.343900 
0.344000 
0.344500 
0.344800 
0.345000 
0.346100 
0.346800 
0.346800 
0.346900 
0.347400 
0.347500 
0.347600 
0.348000 
0.348100 
0.348200 
0.348200 
0.348500 
0.349500 
0.350000 
0.350300 
0.350900 
0.351200 
0.351200 
0.351900 
0.352200 
0.352700 
0.352900 
0.353100 
0.353400 
0.353600 
0.354000 
0.354100 
0.356000 
0.356500 
0.356900 
0.357000 
0.357000 
0.357200 
0.357200 
0.357300 
0.357500 
0.357600 
0.357900 
0.357900 
0.358100 
0.358600 
0.358900 
0.359000 
0.359100 
0.359600 
0.360000 
0.360400 
0.361400 
0.361600 
0.361600 
0.361600 
0.361700 
0.361700 
0.362000 
0.362000 
0.362000 
0.362100 
0.362400 
0.362500 
0.362800 
0.363400 
0.364000 
0.364100 
0.364100 
0.364100 
0.364300 
0.364600 
0.365900 
0.365900 
0.366300 
0.366700 
0.367100 
0.367100 
0.367700 
0.367900 
0.368600 
0.368600 
0.369200 
0.369800 
0.370400 
0.371100 
0.371600 
0.371800 
0.371900 
0.372000 
0.372300 
0.372400 
0.372900 
0.373200 
0.373400 
0.374300 
0.374500 
0.374800 
0.375100 
0.375600 
0.375600 
0.375900 
0.377100 
0.377900 
0.377900 
0.379700 
0.380000 
0.380000 
0.380300 
0.380600 
0.380900 
0.381000 
0.381600 
0.381800 
0.383500 
0.383800 
0.384000 
0.384100 
0.384200 
0.384600 
0.384700 
0.385600 
0.385700 
0.385700 
0.386200 
0.386900 
0.387000 
0.387700 
0.388500 
0.389100 
0.389600 
0.389600 
0.390500 
0.390500 
0.390700 
0.391000 
0.391100 
0.391500 
0.392100 
0.392300 
0.393100 
0.393600 
0.393800 
0.394000 
0.394200 
0.394200 
0.394400 
0.394700 
0.394800 
0.395000 
0.395200 
0.395200 
0.395400 
0.395800 
0.395900 
0.395900 
0.395900 
0.396600 
0.397200 
0.397500 
0.397600 
0.397900 
0.398500 
0.398800 
0.399000 
0.400300 
0.400700 
0.401300 
0.401900 
0.402100 
0.402200 
0.402800 
0.403200 
0.403400 
0.403800 
0.404000 
0.404200 
0.404400 
0.405700 
0.405900 
0.406900 
0.407300 
0.407900 
0.409200 
0.409600 
0.409600 
0.410500 
0.410700 
0.411100 
0.411200 
0.411300 
0.411400 
0.411600 
0.412000 
0.412800 
0.412900 
0.413800 
0.414400 
0.414800 
0.414800 
0.415200 
0.415700 
0.415800 
0.416000 
0.416200 
0.416300 
0.416600 
0.416600 
0.416700 
0.416800 
0.417000 
0.417100 
0.417300 
0.417500 
0.417600 
0.417700 
0.417800 
0.417800 
0.417900 
0.418000 
0.418400 
0.418500 
0.418800 
0.419500 
0.419600 
0.419700 
0.420100 
0.421700 
0.422000 
0.422200 
0.422300 
0.422600 
0.422900 
0.423200 
0.423300 
0.423800 
0.423900 
0.424100 
0.424400 
0.425000 
0.425000 
0.425300 
0.425500 
0.426200 
0.426300 
0.426400 
0.426500 
0.426800 
0.427100 
0.427200 
0.427300 
0.427400 
0.427800 
0.427900 
0.427900 
0.428000 
0.429200 
0.429300 
0.429400 
0.429600 
0.429700 
0.429700 
0.430300 
0.430400 
0.430800 
0.431000 
0.431200 
0.431500 
0.432000 
0.432000 
0.432400 
0.432400 
0.433100 
0.433200 
0.433400 
0.433400 
0.433500 
0.433800 
0.434100 
0.434500 
0.435000 
0.435000 
0.435000 
0.435500 
0.435700 
0.435800 
0.436900 
0.436900 
0.437100 
0.437600 
0.438700 
0.439000 
0.439600 
0.441900 
0.441900 
0.443000 
0.443200 
0.443400 
0.443800 
0.444000 
0.444000 
0.444500 
0.444600 
0.445200 
0.445300 
0.446000 
0.446300 
0.447300 
0.447400 
0.448500 
0.448700 
0.448900 
0.448900 
0.448900 
0.449000 
0.449100 
0.449800 
0.450200 
0.450500 
0.450500 
0.451200 
0.451500 
0.451700 
0.452000 
0.452400 
0.452700 
0.452700 
0.452800 
0.453300 
0.453300 
0.453400 
0.453500 
0.453500 
0.453800 
0.454600 
0.455000 
0.455900 
0.456000 
0.456200 
0.456400 
0.456600 
0.456800 
0.457600 
0.458200 
0.458600 
0.458900 
0.459000 
0.459100 
0.459100 
0.459600 
0.459700 
0.460000 
0.460200 
0.460200 
0.460400 
0.460800 
0.460900 
0.461200 
0.461500 
0.462000 
0.462200 
0.462400 
0.463400 
0.463600 
0.464600 
0.465000 
0.465700 
0.465700 
0.465800 
0.466300 
0.466600 
0.467700 
0.467700 
0.467700 
0.468200 
0.468800 
0.469000 
0.469600 
0.469700 
0.469800 
0.469900 
0.470000 
0.470700 
0.470700 
0.470800 
0.471500 
0.471700 
0.472300 
0.472500 
0.472800 
0.472800 
0.473100 
0.473100 
0.473100 
0.473100 
0.473200 
0.473600 
0.473700 
0.473800 
0.473900 
0.475300 
0.475800 
0.476100 
0.476200 
0.476500 
0.476800 
0.476800 
0.477000 
0.477100 
0.477200 
0.477200 
0.478000 
0.478100 
0.478400 
0.478600 
0.478900 
0.479200 
0.479400 
0.480200 
0.480300 
0.480500 
0.480600 
0.480700 
0.480800 
0.481000 
0.481200 
0.481200 
0.481300 
0.481300 
0.481500 
0.482000 
0.482000 
0.482400 
0.482800 
0.483000 
0.484000 
0.484100 
0.484400 
0.484600 
0.484700 
0.484800 
0.485100 
0.485300 
0.485400 
0.485500 
0.485700 
0.486200 
0.486200 
0.486500 
0.486500 
0.486900 
0.486900 
0.487000 
0.487300 
0.487800 
0.488200 
0.488800 
0.489100 
0.489100 
0.489200 
0.489900 
0.490000 
0.490700 
0.491200 
0.491300 
0.491500 
0.491600 
0.491700 
0.491800 
0.491800 
0.492200 
0.492700 
0.494000 
0.494100 
0.494500 
0.494900 
0.495300 
0.495300 
0.495700 
0.495800 
0.496000 
0.496200 
0.496600 
0.496900 
0.497000 
0.497500 
0.498100 
0.498300 
0.499000 
0.499000 
0.499800 
0.499900 
0.500100 
0.500200 
0.500900 
0.501300 
0.501400 
0.502300 
0.502300 
0.502400 
0.502500 
0.502700 
0.502700 
0.503000 
0.503400 
0.503400 
0.503500 
0.503900 
0.504100 
0.504100 
0.504300 
0.504400 
0.504700 
0.504800 
0.505000 
0.505300 
0.505500 
0.506100 
0.506500 
0.506600 
0.506900 
0.507000 
0.507000 
0.507600 
0.507600 
0.508100 
0.508700 
0.508800 
0.508900 
0.509800 
0.510300 
0.511000 
0.511700 
0.512500 
0.513000 
0.513200 
0.513400 
0.513400 
0.513600 
0.513900 
0.514000 
0.514200 
0.515000 
0.515200 
0.515400 
0.516400 
0.516600 
0.516700 
0.517200 
0.518000 
0.518000 
0.518600 
0.518800 
0.519000 
0.519200 
0.520700 
0.520800 
0.521400 
0.521500 
0.522300 
0.522600 
0.522700 
0.522700 
0.523000 
0.523000 
0.523200 
0.523200 
0.523500 
0.524100 
0.524500 
0.524500 
0.525100 
0.525400 
0.526700 
0.526900 
0.527100 
0.528200 
0.528400 
0.528700 
0.529500 
0.529700 
0.530500 
0.532000 
0.532000 
0.532100 
0.532100 
0.532100 
0.532400 
0.532900 
0.533000 
0.533400 
0.533900 
0.534000 
0.534400 
0.534600 
0.534600 
0.534800 
0.535100 
0.535100 
0.535300 
0.535300 
0.535700 
0.535900 
0.536000 
0.536100 
0.536200 
0.536300 
0.536300 
0.536400 
0.536500 
0.536500 
0.536800 
0.536900 
0.537000 
0.537000 
0.537700 
0.537900 
0.537900 
0.538100 
0.538200 
0.538400 
0.538400 
0.538500 
0.538600 
0.539100 
0.539100 
0.539200 
0.539600 
0.539700 
0.539700 
0.539800 
0.540200 
0.540500 
0.540600 
0.540700 
0.541100 
0.541300 
0.541400 
0.541400 
0.541400 
0.541800 
0.541900 
0.542000 
0.542100 
0.542100 
0.542100 
0.542300 
0.542400 
0.542500 
0.542700 
0.542800 
0.542800 
0.543000 
0.543300 
0.543300 
0.543700 
0.543800 
0.543800 
0.544400 
0.544400 
0.544500 
0.544500 
0.544800 
0.545000 
0.545200 
0.545400 
0.546100 
0.546200 
0.546500 
0.546700 
0.546800 
0.546900 
0.547100 
0.548400 
0.549200 
0.550100 
0.551100 
0.551600 
0.551800 
0.552100 
0.553100 
0.553800 
0.554000 
0.554100 
0.554200 
0.554300 
0.554600 
0.554900 
0.555100 
0.555100 
0.556300 
0.556500 
0.556600 
0.556900 
0.557600 
0.558000 
0.558200 
0.558500 
0.558600 
0.558600 
0.558800 
0.559400 
0.559500 
0.560400 
0.560600 
0.561800 
0.561800 
0.562000 
0.562400 
0.562500 
0.562800 
0.562900 
0.563100 
0.563300 
0.563700 
0.564000 
0.564200 
0.565300 
0.565400 
0.565400 
0.565500 
0.566200 
0.567200 
0.567400 
0.567700 
0.567800 
0.568000 
0.568100 
0.568200 
0.568200 
0.568400 
0.568400 
0.568400 
0.569000 
0.569800 
0.570000 
0.570900 
0.571000 
0.571400 
0.572300 
0.572400 
0.572800 
0.573200 
0.573300 
0.573400 
0.573900 
0.575200 
0.575300 
0.575500 
0.576100 
0.576200 
0.576600 
0.576900 
0.577500 
0.577500 
0.577600 
0.577800 
0.578900 
0.579100 
0.579700 
0.580800 
0.581000 
0.581200 
0.581400 
0.581500 
0.581500 
0.581900 
0.582100 
0.582800 
0.583100 
0.583200 
0.583400 
0.583500 
0.583700 
0.583700 
0.583900 
0.584100 
0.584700 
0.585000 
0.585000 
0.585100 
0.585300 
0.586000 
0.586100 
0.586300 
0.586400 
0.586400 
0.586500 
0.586700 
0.586700 
0.586700 
0.586700 
0.587700 
0.587900 
0.589200 
0.590200 
0.590300 
0.590600 
0.590600 
0.590800 
0.590900 
0.591700 
0.592300 
0.592400 
0.592600 
0.593600 
0.595100 
0.595400 
0.595700 
0.595900 
0.596000 
0.596200 
0.596800 
0.597100 
0.597300 
0.597600 
0.597800 
0.598000 
0.598300 
0.599100 
0.599300 
0.600700 
0.600800 
0.601100 
0.601100 
0.601300 
0.601300 
0.601700 
0.601700 
0.601800 
0.602600 
0.602900 
0.603100 
0.603200 
0.603200 
0.603300 
0.603400 
0.603600 
0.603600 
0.604000 
0.604100 
0.604200 
0.604400 
0.604400 
0.604400 
0.604500 
0.604600 
0.605100 
0.605200 
0.605900 
0.606000 
0.606000 
0.606200 
0.606700 
0.607000 
0.607200 
0.607700 
0.608400 
0.608700 
0.609100 
0.609300 
0.609300 
0.609600 
0.610300 
0.610700 
0.611100 
0.611100 
0.611300 
0.611300 
0.611400 
0.611600 
0.611600 
0.612000 
0.612100 
0.612300 
0.612400 
0.613200 
0.614100 
0.614200 
0.614300 
0.614500 
0.614500 
0.615000 
0.615000 
0.615300 
0.615500 
0.615700 
0.616000 
0.616500 
0.616800 
0.616800 
0.617100 
0.617100 
0.617400 
0.617400 
0.617400 
0.617800 
0.618600 
0.618600 
0.618700 
0.619000 
0.619200 
0.619300 
0.619400 
0.619400 
0.619600 
0.619800 
0.620000 
0.620000 
0.620700 
0.620800 
0.621200 
0.621400 
0.621500 
0.622700 
0.623500 
0.624100 
0.624100 
0.624500 
0.624500 
0.624700 
0.624900 
0.625600 
0.625800 
0.626000 
0.626300 
0.626500 
0.627700 
0.628000 
0.628100 
0.628300 
0.628900 
0.629300 
0.629300 
0.629500 
0.629500 
0.629500 
0.629700 
0.629900 
0.630300 
0.630600 
0.630700 
0.631100 
0.631600 
0.631700 
0.631900 
0.632100 
0.633000 
0.633200 
0.633400 
0.633700 
0.634100 
0.634200 
0.634300 
0.634400 
0.634400 
0.634500 
0.634600 
0.635100 
0.636200 
0.636200 
0.636300 
0.636300 
0.636600 
0.636900 
0.636900 
0.637000 
0.637100 
0.637400 
0.637600 
0.638300 
0.638600 
0.638800 
0.640100 
0.640200 
0.640200 
0.640500 
0.640600 
0.640700 
0.640800 
0.641100 
0.641300 
0.642400 
0.642400 
0.642400 
0.642700 
0.642700 
0.642900 
0.643200 
0.644100 
0.644200 
0.644500 
0.644700 
0.645800 
0.646100 
0.646400 
0.646400 
0.646400 
0.646500 
0.647500 
0.648200 
0.648300 
0.650000 
0.650200 
0.650600 
0.651000 
0.651400 
0.651700 
0.651700 
0.652300 
0.652300 
0.653100 
0.653400 
0.653800 
0.654300 
0.654800 
0.654800 
0.654900 
0.655000 
0.655400 
0.656500 
0.656700 
0.656800 
0.657100 
0.657200 
0.657500 
0.658000 
0.658000 
0.658800 
0.659000 
0.659100 
0.659200 
0.659400 
0.659600 
0.659800 
0.659900 
0.660500 
0.662000 
0.662200 
0.662300 
0.662700 
0.662700 
0.663500 
0.663600 
0.663800 
0.665000 
0.665100 
0.665200 
0.666200 
0.666400 
0.666900 
0.667800 
0.668000 
0.668100 
0.668500 
0.668700 
0.669600 
0.669900 
0.671200 
0.671400 
0.671500 
0.672500 
0.672700 
0.672700 
0.672800 
0.673100 
0.673200 
0.673400 
0.673700 
0.673900 
0.674000 
0.674400 
0.675000 
0.675800 
0.676400 
0.676500 
0.676800 
0.677000 
0.677200 
0.677200 
0.678300 
0.678400 
0.679900 
0.680600 
0.680600 
0.680800 
0.681400 
0.681600 
0.682300 
0.683100 
0.683200 
0.683600 
0.683800 
0.684000 
0.684500 
0.684900 
0.685200 
0.685400 
0.685500 
0.685500 
0.685600 
0.686400 
0.686600 
0.687000 
0.687100 
0.688500 
0.688500 
0.688800 
0.689600 
0.689700 
0.689900 
0.689900 
0.690400 
0.690600 
0.690900 
0.690900 
0.691000 
0.691400 
0.691400 
0.691400 
0.691500 
0.691600 
0.691600 
0.691600 
0.691700 
0.691700 
0.692200 
0.692400 
0.692800 
0.692800 
0.693300 
0.693500 
0.693600 
0.694400 
0.694500 
0.694500 
0.694600 
0.694700 
0.694900 
0.694900 
0.695100 
0.695100 
0.695400 
0.695500 
0.695600 
0.696100 
0.696300 
0.696900 
0.697200 
0.697200 
0.697600 
0.700200 
0.701600 
0.701700 
0.701800 
0.701800 
0.702300 
0.702300 
0.703200 
0.703300 
0.703300 
0.705800 
0.706800 
0.706900 
0.707400 
0.707400 
0.707600 
0.709200 
0.709500 
0.709500 
0.709600 
0.709600 
0.710400 
0.710600 
0.710600 
0.711700 
0.711900 
0.712000 
0.712100 
0.712200 
0.712700 
0.712800 
0.713200 
0.713400 
0.713400 
0.713500 
0.714500 
0.714500 
0.715100 
0.715400 
0.715500 
0.716000 
0.716600 
0.716600 
0.716700 
0.716800 
0.716800 
0.716900 
0.717200 
0.717600 
0.718800 
0.719100 
0.719100 
0.719300 
0.719400 
0.719400 
0.719500 
0.719500 
0.719700 
0.720000 
0.720200 
0.720300 
0.720500 
0.720700 
0.720900 
0.721300 
0.721900 
0.722500 
0.722600 
0.722900 
0.722900 
0.723300 
0.723400 
0.723800 
0.723900 
0.724200 
0.724300 
0.724400 
0.724400 
0.724700 
0.724800 
0.724900 
0.725000 
0.725300 
0.725500 
0.725600 
0.725600 
0.726000 
0.726200 
0.726200 
0.726300 
0.726400 
0.726700 
0.727000 
0.727000 
0.727000 
0.727100 
0.727200 
0.727700 
0.727800 
0.728200 
0.728400 
0.728600 
0.728700 
0.729300 
0.729300 
0.729500 
0.729500 
0.729600 
0.730400 
0.730400 
0.730600 
0.730700 
0.731600 
0.731700 
0.731900 
0.732900 
0.733700 
0.733700 
0.734200 
0.734700 
0.734800 
0.734800 
0.735800 
0.736000 
0.736100 
0.736300 
0.736600 
0.737200 
0.737200 
0.737500 
0.737700 
0.738200 
0.738500 
0.738800 
0.738900 
0.739400 
0.739800 
0.739900 
0.740200 
0.740400 
0.740500 
0.740600 
0.740700 
0.740800 
0.740900 
0.741100 
0.741100 
0.741600 
0.741800 
0.742000 
0.742100 
0.742300 
0.742300 
0.742700 
0.743300 
0.743700 
0.743700 
0.744100 
0.744100 
0.744500 
0.744700 
0.744800 
0.745300 
0.745600 
0.746200 
0.746500 
0.746600 
0.746700 
0.746800 
0.747100 
0.747100 
0.747200 
0.747600 
0.747700 
0.748800 
0.748900 
0.749300 
0.749500 
0.750200 
0.750900 
0.751200 
0.751300 
0.751900 
0.752300 
0.753200 
0.753900 
0.754300 
0.754400 
0.754600 
0.754900 
0.755200 
0.755400 
0.755800 
0.756200 
0.756200 
0.756400 
0.756400 
0.756500 
0.756500 
0.756600 
0.757100 
0.757200 
0.757200 
0.757500 
0.757500 
0.757700 
0.757900 
0.758300 
0.759900 
0.760000 
0.760200 
0.763100 
0.764000 
0.764000 
0.764500 
0.764800 
0.765100 
0.765300 
0.765300 
0.765400 
0.765700 
0.766500 
0.766600 
0.766700 
0.766900 
0.767300 
0.767300 
0.767400 
0.767700 
0.768200 
0.768500 
0.768600 
0.769000 
0.769500 
0.769500 
0.769900 
0.770000 
0.770200 
0.771300 
0.771400 
0.771800 
0.772200 
0.772600 
0.772900 
0.773000 
0.773800 
0.773900 
0.774000 
0.774100 
0.774300 
0.775700 
0.775900 
0.776300 
0.776700 
0.776800 
0.776800 
0.777100 
0.777700 
0.777900 
0.778000 
0.778300 
0.778900 
0.778900 
0.779600 
0.779800 
0.779900 
0.780100 
0.780900 
0.781800 
0.781900 
0.782200 
0.782300 
0.782700 
0.782800 
0.783000 
0.783100 
0.784100 
0.784700 
0.784900 
0.785200 
0.785200 
0.786100 
0.786600 
0.786800 
0.787400 
0.787600 
0.787700 
0.787800 
0.788100 
0.788200 
0.788800 
0.788900 
0.789700 
0.789700 
0.789700 
0.789800 
0.790300 
0.790700 
0.791400 
0.792100 
0.792400 
0.792700 
0.792800 
0.793300 
0.793400 
0.793500 
0.793500 
0.793600 
0.793700 
0.793900 
0.794000 
0.794500 
0.794900 
0.795100 
0.795300 
0.795700 
0.796200 
0.796300 
0.796400 
0.796400 
0.796900 
0.797600 
0.798300 
0.799100 
0.799300 
0.800400 
0.800600 
0.800700 
0.801500 
0.801500 
0.801900 
0.802400 
0.802500 
0.802600 
0.802700 
0.802800 
0.803000 
0.803100 
0.803400 
0.804200 
0.805200 
0.805800 
0.805900 
0.806100 
0.806100 
0.806300 
0.806700 
0.807200 
0.807600 
0.807700 
0.808300 
0.809300 
0.809400 
0.809600 
0.809700 
0.809900 
0.810100 
0.810100 
0.810400 
0.810400 
0.811000 
0.811300 
0.811500 
0.811500 
0.811700 
0.811800 
0.811900 
0.811900 
0.811900 
0.811900 
0.812000 
0.812300 
0.813000 
0.813100 
0.813200 
0.813200 
0.813300 
0.813300 
0.813500 
0.813500 
0.813900 
0.813900 
0.814200 
0.814400 
0.814400 
0.815700 
0.815800 
0.815900 
0.815900 
0.816000 
0.816100 
0.816900 
0.816900 
0.817100 
0.817900 
0.817900 
0.818700 
0.818800 
0.818900 
0.819000 
0.819300 
0.819700 
0.819900 
0.820000 
0.820000 
0.820100 
0.820200 
0.820200 
0.820700 
0.821200 
0.821200 
0.821200 
0.821300 
0.821500 
0.821600 
0.822100 
0.822200 
0.822300 
0.823100 
0.823200 
0.823200 
0.823800 
0.823900 
0.824000 
0.824200 
0.825500 
0.825700 
0.825800 
0.826100 
0.826200 
0.826500 
0.826600 
0.826700 
0.827300 
0.827300 
0.827600 
0.827600 
0.828300 
0.828600 
0.828600 
0.828600 
0.828800 
0.829500 
0.830200 
0.831000 
0.831300 
0.831700 
0.831800 
0.832500 
0.832600 
0.832900 
0.833000 
0.833100 
0.833100 
0.833600 
0.833800 
0.834000 
0.834100 
0.834300 
0.834800 
0.835000 
0.835100 
0.835300 
0.835400 
0.835500 
0.837100 
0.837500 
0.837700 
0.838300 
0.838400 
0.838700 
0.838800 
0.838800 
0.838900 
0.839300 
0.839500 
0.839700 
0.840200 
0.840600 
0.841100 
0.841200 
0.841300 
0.841400 
0.841400 
0.841800 
0.841900 
0.841900 
0.842300 
0.842400 
0.842500 
0.842900 
0.843700 
0.843900 
0.844000 
0.844000 
0.844000 
0.844100 
0.844100 
0.844200 
0.844400 
0.844700 
0.844800 
0.845000 
0.845400 
0.845500 
0.845500 
0.845600 
0.845800 
0.846100 
0.846500 
0.848800 
0.849900 
0.850200 
0.850300 
0.850300 
0.850700 
0.850800 
0.850900 
0.851000 
0.851300 
0.852400 
0.853200 
0.854200 
0.854200 
0.855800 
0.856400 
0.856600 
0.856900 
0.857100 
0.857200 
0.857600 
0.857900 
0.858200 
0.859200 
0.859800 
0.860400 
0.860600 
0.861100 
0.861400 
0.861500 
0.862300 
0.862400 
0.862400 
0.862600 
0.863100 
0.863100 
0.863600 
0.864100 
0.864300 
0.865100 
0.865100 
0.865200 
0.865800 
0.865900 
0.866000 
0.866100 
0.866100 
0.866700 
0.866800 
0.866800 
0.866900 
0.867300 
0.868100 
0.868500 
0.869300 
0.869500 
0.869700 
0.870500 
0.870500 
0.870500 
0.870600 
0.870600 
0.870800 
0.871100 
0.871300 
0.871300 
0.871500 
0.871500 
0.871800 
0.872100 
0.872400 
0.872600 
0.872700 
0.872800 
0.872900 
0.873300 
0.873400 
0.873500 
0.873600 
0.873700 
0.873900 
0.874500 
0.874700 
0.874800 
0.875400 
0.876600 
0.876600 
0.876600 
0.877200 
0.877200 
0.877300 
0.877900 
0.877900 
0.878100 
0.878100 
0.878300 
0.878500 
0.879500 
0.879700 
0.880100 
0.880300 
0.880800 
0.881000 
0.881200 
0.881300 
0.881900 
0.882200 
0.882300 
0.882500 
0.882600 
0.882800 
0.882800 
0.883100 
0.883500 
0.883600 
0.883600 
0.883800 
0.884200 
0.884300 
0.884300 
0.884800 
0.884800 
0.884800 
0.885500 
0.885700 
0.885700 
0.886100 
0.886200 
0.887700 
0.887900 
0.888000 
0.888600 
0.889000 
0.889300 
0.889400 
0.890200 
0.890600 
0.890800 
0.890900 
0.891000 
0.891000 
0.891300 
0.891400 
0.891400 
0.891400 
0.891400 
0.891500 
0.891800 
0.892200 
0.892200 
0.892500 
0.892600 
0.893400 
0.893700 
0.894200 
0.894600 
0.895400 
0.895800 
0.896200 
0.896300 
0.896700 
0.896700 
0.897000 
0.897900 
0.898000 
0.898000 
0.898700 
0.899000 
0.899000 
0.899100 
0.899200 
0.899400 
0.899900 
0.900100 
0.900300 
0.900500 
0.900600 
0.901200 
0.901300 
0.901700 
0.902000 
0.902100 
0.902200 
0.902400 
0.902500 
0.902600 
0.902900 
0.903100 
0.903500 
0.903500 
0.903800 
0.903900 
0.903900 
0.904200 
0.904300 
0.904400 
0.904400 
0.905100 
0.905400 
0.905500 
0.905500 
0.905500 
0.905800 
0.905900 
0.905900 
0.906000 
0.906000 
0.906300 
0.906400 
0.907200 
0.908100 
0.908200 
0.908200 
0.908700 
0.908900 
0.909000 
0.909200 
0.909400 
0.909600 
0.909800 
0.910400 
0.911400 
0.911500 
0.911600 
0.911600 
0.913100 
0.913400 
0.914200 
0.914200 
0.914600 
0.914800 
0.914800 
0.915500 
0.916200 
0.916600 
0.917200 
0.917600 
0.917700 
0.918500 
0.918900 
0.919000 
0.920300 
0.920600 
0.920700 
0.921100 
0.921200 
0.921600 
0.921800 
0.922600 
0.922800 
0.922800 
0.922900 
0.923200 
0.923800 
0.923900 
0.924300 
0.924600 
0.924800 
0.925500 
0.925600 
0.926600 
0.926900 
0.927000 
0.927400 
0.927600 
0.927600 
0.927800 
0.928200 
0.928300 
0.928600 
0.928800 
0.928900 
0.929400 
0.929500 
0.929500 
0.929600 
0.930100 
0.930200 
0.930500 
0.931100 
0.931200 
0.932200 
0.932300 
0.932300 
0.932700 
0.933000 
0.933200 
0.933600 
0.935000 
0.935700 
0.935900 
0.936400 
0.936600 
0.936600 
0.937400 
0.938500 
0.938700 
0.939300 
0.939700 
0.940100 
0.940200 
0.940700 
0.940900 
0.941200 
0.941300 
0.941400 
0.941400 
0.941800 
0.942100 
0.942400 
0.943300 
0.943700 
0.943900 
0.944100 
0.944200 
0.944800 
0.944800 
0.945000 
0.945500 
0.945700 
0.945900 
0.946000 
0.946300 
0.946500 
0.946700 
0.946700 
0.946700 
0.947300 
0.947400 
0.947700 
0.948200 
0.948200 
0.948400 
0.948700 
0.949000 
0.949100 
0.949100 
0.949100 
0.949300 
0.949500 
0.949500 
0.949600 
0.949800 
0.949900 
0.949900 
0.950100 
0.950500 
0.950600 
0.950700 
0.950700 
0.950900 
0.951600 
0.951900 
0.952400 
0.952500 
0.952600 
0.952600 
0.952700 
0.952800 
0.952900 
0.953000 
0.953400 
0.953500 
0.953600 
0.954200 
0.954300 
0.954700 
0.954800 
0.955200 
0.955300 
0.955400 
0.955800 
0.955800 
0.956000 
0.956400 
0.956500 
0.956700 
0.956900 
0.957000 
0.957100 
0.957700 
0.957800 
0.958400 
0.958800 
0.959000 
0.959400 
0.959500 
0.959500 
0.959800 
0.959900 
0.960300 
0.960700 
0.960900 
0.962400 
0.963200 
0.963400 
0.963400 
0.963900 
0.963900 
0.963900 
0.964300 
0.965400 
0.965500 
0.965600 
0.965600 
0.965600 
0.966100 
0.966500 
0.966700 
0.967100 
0.967100 
0.967600 
0.968700 
0.968900 
0.969100 
0.969500 
0.969600 
0.970000 
0.970900 
0.971300 
0.971300 
0.971700 
0.972100 
0.972100 
0.972300 
0.972300 
0.972700 
0.973000 
0.973100 
0.973400 
0.973700 
0.973800 
0.974200 
0.974600 
0.974800 
0.975900 
0.976100 
0.976500 
0.976800 
0.976800 
0.977000 
0.977300 
0.977800 
0.977900 
0.977900 
0.978200 
0.978500 
0.978600 
0.979000 
0.979500 
0.980900 
0.981000 
0.981100 
0.981200 
0.981300 
0.981700 
0.982300 
0.982400 
0.982400 
0.982400 
0.982600 
0.982600 
0.983500 
0.984000 
0.984600 
0.984700 
0.984700 
0.985000 
0.986000 
0.986200 
0.986400 
0.987100 
0.987200 
0.987800 
0.987800 
0.989100 
0.989300 
0.989800 
0.989900 
0.989900 
0.990100 
0.990600 
0.990700 
0.991400 
0.992600 
0.992900 
0.993000 
0.993700 
0.994800 
0.995400 
0.995500 
0.996100 
0.996400 
0.996500 
0.996600 
0.996800 
0.996900 
0.997000 
0.997400 
0.997800 
0.997900 
0.998400 
0.998800 
0.999300 
0.999400 
0.999500 
1.000000 
1.000400 
1.000600 
1.000600 
1.000900 
1.000900 
1.001200 
1.001200 
1.001900 
1.002000 
1.002300 
1.003000 
1.003200 
1.003300 
1.003500 
1.004400 
1.004500 
1.004600 
1.004900 
1.005100 
1.005500 
1.005500 
1.006200 
1.006400 
1.006800 
1.007100 
1.007200 
1.007400 
1.007900 
1.007900 
1.007900 
1.008000 
1.008000 
1.008400 
1.009000 
1.009500 
1.009600 
1.009700 
1.009800 
1.009900 
1.011000 
1.011200 
1.011300 
1.011300 
1.012300 
1.013200 
1.014100 
1.014200 
1.014600 
1.014700 
1.014700 
1.015000 
1.015900 
1.016100 
1.016400 
1.016600 
1.016600 
1.016900 
1.017000 
1.017200 
1.017200 
1.017200 
1.017300 
1.017500 
1.017600 
1.017700 
1.018200 
1.018500 
1.018800 
1.019400 
1.019900 
1.020500 
1.020600 
1.020800 
1.020800 
1.021000 
1.021200 
1.021400 
1.021700 
1.021900 
1.022000 
1.022100 
1.022600 
1.023800 
1.023800 
1.023900 
1.024900 
1.025200 
1.025300 
1.025400 
1.025800 
1.026000 
1.026200 
1.026300 
1.026300 
1.026500 
1.027300 
1.027300 
1.027400 
1.027800 
1.029100 
1.029200 
1.029400 
1.029700 
1.029900 
1.030700 
1.030700 
1.031000 
1.031300 
1.031500 
1.031900 
1.032200 
1.032300 
1.032400 
1.032700 
1.032800 
1.033700 
1.033700 
1.033900 
1.034100 
1.034200 
1.034300 
1.034400 
1.035700 
1.036400 
1.036400 
1.036600 
1.036900 
1.037100 
1.037200 
1.038800 
1.039000 
1.039000 
1.039100 
1.039400 
1.040000 
1.040100 
1.040100 
1.040200 
1.040500 
1.040800 
1.041000 
1.041600 
1.041700 
1.041700 
1.042400 
1.042800 
1.042800 
1.043400 
1.043600 
1.044400 
1.045300 
1.045300 
1.045400 
1.045600 
1.045700 
1.045700 
1.046500 
1.047800 
1.047900 
1.048000 
1.048200 
1.048400 
1.048600 
1.048600 
1.048800 
1.048900 
1.049300 
1.049300 
1.049400 
1.049600 
1.049700 
1.050500 
1.051300 
1.052700 
1.052700 
1.053400 
1.053900 
1.054300 
1.054500 
1.054900 
1.055600 
1.057600 
1.057700 
1.057700 
1.057900 
1.058100 
1.058100 
1.058900 
1.059000 
1.059100 
1.059500 
1.059600 
1.059700 
1.059800 
1.060000 
1.060200 
1.061200 
1.061400 
1.061500 
1.062100 
1.062300 
1.062800 
1.063600 
1.064000 
1.064000 
1.064200 
1.064200 
1.064500 
1.065100 
1.065200 
1.065500 
1.065700 
1.066700 
1.066800 
1.067000 
1.067100 
1.067600 
1.068200 
1.068500 
1.068600 
1.068700 
1.068800 
1.069000 
1.069100 
1.069400 
1.069500 
1.069700 
1.069800 
1.070200 
1.070300 
1.070400 
1.070700 
1.070700 
1.070900 
1.071100 
1.071300 
1.072500 
1.072700 
1.072700 
1.073100 
1.073500 
1.073600 
1.073800 
1.073900 
1.073900 
1.074100 
1.074400 
1.074800 
1.074900 
1.074900 
1.075100 
1.075300 
1.075400 
1.075500 
1.075600 
1.075900 
1.075900 
1.076000 
1.076100 
1.076100 
1.076400 
1.076500 
1.076800 
1.077100 
1.077400 
1.077700 
1.078000 
1.078800 
1.079000 
1.079000 
1.079500 
1.079500 
1.079700 
1.079700 
1.080200 
1.080300 
1.081200 
1.081300 
1.081400 
1.081400 
1.082500 
1.082600 
1.082900 
1.083100 
1.083300 
1.083600 
1.083700 
1.083900 
1.084000 
1.084400 
1.084900 
1.085200 
1.085200 
1.085500 
1.086000 
1.086100 
1.086400 
1.087000 
1.087300 
1.088000 
1.088200 
1.088400 
1.088900 
1.089000 
1.089100 
1.089100 
1.089200 
1.089200 
1.089400 
1.089600 
1.089800 
1.090300 
1.090500 
1.091100 
1.091200 
1.091300 
1.092200 
1.092300 
1.092300 
1.092400 
1.092900 
1.092900 
1.093000 
1.093500 
1.093600 
1.094300 
1.094800 
1.094900 
1.095400 
1.095600 
1.095800 
1.096800 
1.096800 
1.097000 
1.097200 
1.097300 
1.097300 
1.097600 
1.097800 
1.097900 
1.098200 
1.098200 
1.099100 
1.099200 
1.099900 
1.100400 
1.100600 
1.102100 
1.102400 
1.102600 
1.103100 
1.103100 
1.103900 
1.104100 
1.104200 
1.104500 
1.105100 
1.105100 
1.105900 
1.106100 
1.106400 
1.106500 
1.106600 
1.106800 
1.107100 
1.107200 
1.107400 
1.108100 
1.108100 
1.108200 
1.108300 
1.108800 
1.109200 
1.109300 
1.109500 
1.110600 
1.110800 
1.110900 
1.111500 
1.112300 
1.113000 
1.114300 
1.115300 
1.115400 
1.115500 
1.115500 
1.116000 
1.116200 
1.116800 
1.117100 
1.117100 
1.117600 
1.118000 
1.118200 
1.118400 
1.118400 
1.118800 
1.119300 
1.119600 
1.119700 
1.119800 
1.120400 
1.120800 
1.121200 
1.121500 
1.121600 
1.121700 
1.122400 
1.122900 
1.123100 
1.123100 
1.123400 
1.123900 
1.124000 
1.124700 
1.125000 
1.125100 
1.125500 
1.125500 
1.125600 
1.125700 
1.126000 
1.126300 
1.126300 
1.126500 
1.126600 
1.126800 
1.126800 
1.127400 
1.128500 
1.129400 
1.131000 
1.131700 
1.131700 
1.131900 
1.132100 
1.132900 
1.133700 
1.133800 
1.134100 
1.134100 
1.134100 
1.135000 
1.135100 
1.135200 
1.136200 
1.136500 
1.136900 
1.137000 
1.137100 
1.137300 
1.137500 
1.138000 
1.139000 
1.139400 
1.139600 
1.139900 
1.140100 
1.140300 
1.140300 
1.141200 
1.141500 
1.141700 
1.141900 
1.142100 
1.142100 
1.142800 
1.143100 
1.144300 
1.144500 
1.144600 
1.144600 
1.144800 
1.145000 
1.145000 
1.145500 
1.146100 
1.146600 
1.146800 
1.146900 
1.147900 
1.147900 
1.148100 
1.149800 
1.150200 
1.150500 
1.150600 
1.150800 
1.151100 
1.151300 
1.151400 
1.151600 
1.151700 
1.152400 
1.153300 
1.153400 
1.153800 
1.154000 
1.154000 
1.154100 
1.154200 
1.154300 
1.155000 
1.155300 
1.155600 
1.155700 
1.155900 
1.157000 
1.157100 
1.157400 
1.157800 
1.158200 
1.158300 
1.158400 
1.159300 
1.159800 
1.159800 
1.160000 
1.160100 
1.160300 
1.160500 
1.160500 
1.160600 
1.160600 
1.161000 
1.161400 
1.161400 
1.161600 
1.162100 
1.162600 
1.163000 
1.163200 
1.163600 
1.163800 
1.164200 
1.164300 
1.164600 
1.164700 
1.164800 
1.165100 
1.165300 
1.165400 
1.165800 
1.165900 
1.166100 
1.166500 
1.166600 
1.166800 
1.167100 
1.167300 
1.167400 
1.167400 
1.167600 
1.167800 
1.167900 
1.168200 
1.168200 
1.168300 
1.168500 
1.168700 
1.168700 
1.169100 
1.169800 
1.170000 
1.170100 
1.170300 
1.170800 
1.171000 
1.171300 
1.171500 
1.171500 
1.171600 
1.171900 
1.172000 
1.172100 
1.172800 
1.173100 
1.173500 
1.173800 
1.174900 
1.175800 
1.176200 
1.177000 
1.177200 
1.177700 
1.177800 
1.178000 
1.178700 
1.179400 
1.180200 
1.180600 
1.181000 
1.181100 
1.181200 
1.181200 
1.181500 
1.181700 
1.182300 
1.183000 
1.183800 
1.184300 
1.184600 
1.184900 
1.185400 
1.185400 
1.185500 
1.186000 
1.186100 
1.186300 
1.186900 
1.187100 
1.187200 
1.187700 
1.188400 
1.188400 
1.188600 
1.188700 
1.189400 
1.189600 
1.190000 
1.190100 
1.190200 
1.190400 
1.190500 
1.190600 
1.191900 
1.192100 
1.192300 
1.192300 
1.192300 
1.192400 
1.193200 
1.193600 
1.193900 
1.193900 
1.194100 
1.195000 
1.195100 
1.196200 
1.196300 
1.196400 
1.196500 
1.196800 
1.197500 
1.197600 
1.197700 
1.197900 
1.198000 
1.198000 
1.198300 
1.198300 
1.198500 
1.198700 
1.198700 
1.198800 
1.198900 
1.199200 
1.199500 
1.199500 
1.199800 
1.201700 
1.202100 
1.202400 
1.202600 
1.202800 
1.203000 
1.203500 
1.204100 
1.204600 
1.204700 
1.205200 
1.205400 
1.205600 
1.205800 
1.205900 
1.206000 
1.206000 
1.206000 
1.206100 
1.206100 
1.206100 
1.206300 
1.206400 
1.206700 
1.206800 
1.206900 
1.207300 
1.207300 
1.208000 
1.208100 
1.208300 
1.210300 
1.210300 
1.210800 
1.211300 
1.212100 
1.212100 
1.212100 
1.212400 
1.212600 
1.213400 
1.213600 
1.213800 
1.213900 
1.213900 
1.214500 
1.215000 
1.215100 
1.215200 
1.215300 
1.215400 
1.215800 
1.215800 
1.216100 
1.216800 
1.216800 
1.216900 
1.217300 
1.217400 
1.217500 
1.217700 
1.218300 
1.218900 
1.219000 
1.219500 
1.219600 
1.219900 
1.220400 
1.220500 
1.220600 
1.220800 
1.221100 
1.221400 
1.221500 
1.221900 
1.222200 
1.222200 
1.222900 
1.223000 
1.223100 
1.223700 
1.224100 
1.224400 
1.224400 
1.224500 
1.224700 
1.225100 
1.225200 
1.225300 
1.225300 
1.225500 
1.225500 
1.226100 
1.227000 
1.227100 
1.227200 
1.227700 
1.228700 
1.228800 
1.229300 
1.229400 
1.229600 
1.229600 
1.230500 
1.230800 
1.231100 
1.231300 
1.231400 
1.232400 
1.232400 
1.232500 
1.232800 
1.233500 
1.233600 
1.233600 
1.234000 
1.234300 
1.234400 
1.234600 
1.235000 
1.235400 
1.235600 
1.235900 
1.236500 
1.236600 
1.236800 
1.237300 
1.237300 
1.237900 
1.238000 
1.238300 
1.238600 
1.238800 
1.238900 
1.239000 
1.239200 
1.239200 
1.239500 
1.239700 
1.240600 
1.242100 
1.242600 
1.242600 
1.242800 
1.243600 
1.244800 
1.245500 
1.245600 
1.246300 
1.247200 
1.247600 
1.248300 
1.248400 
1.249400 
1.249500 
1.249600 
1.249700 
1.250200 
1.251000 
1.251700 
1.251900 
1.252200 
1.252400 
1.253000 
1.253200 
1.253300 
1.253600 
1.253900 
1.253900 
1.254100 
1.255100 
1.256100 
1.256200 
1.256600 
1.256900 
1.257000 
1.257500 
1.257600 
1.258300 
1.259200 
1.259900 
1.260500 
1.261000 
1.261300 
1.261700 
1.262200 
1.262700 
1.262900 
1.263000 
1.263300 
1.263400 
1.264000 
1.264700 
1.265000 
1.265200 
1.265700 
1.265900 
1.266000 
1.266100 
1.266500 
1.266600 
1.267000 
1.267200 
1.267700 
1.267800 
1.268000 
1.268000 
1.268100 
1.268200 
1.268300 
1.268500 
1.268900 
1.269100 
1.269200 
1.269800 
1.269900 
1.270300 
1.270400 
1.270500 
1.271000 
1.271500 
1.271500 
1.271500 
1.271700 
1.272000 
1.272400 
1.272900 
1.273700 
1.274800 
1.275100 
1.275100 
1.276700 
1.276800 
1.277500 
1.277500 
1.277800 
1.279200 
1.279900 
1.281300 
1.281500 
1.281600 
1.282000 
1.282200 
1.282400 
1.282500 
1.282500 
1.282700 
1.283700 
1.283800 
1.284500 
1.284500 
1.284600 
1.284900 
1.285100 
1.285100 
1.285300 
1.285700 
1.286400 
1.286500 
1.286900 
1.287400 
1.287600 
1.287600 
1.287700 
1.287800 
1.287800 
1.288000 
1.288200 
1.288300 
1.289600 
1.289900 
1.290000 
1.290400 
1.290600 
1.290600 
1.290900 
1.291100 
1.291300 
1.291500 
1.291700 
1.291800 
1.292100 
1.292300 
1.292300 
1.293300 
1.293600 
1.293700 
1.294100 
1.294200 
1.294300 
1.294700 
1.295700 
1.296700 
1.296900 
1.297400 
1.297400 
1.297700 
1.297700 
1.297900 
1.298500 
1.299400 
1.299500 
1.299700 
1.300100 
1.300300 
1.300700 
1.300900 
1.301000 
1.301000 
1.301500 
1.301500 
1.301600 
1.301600 
1.302000 
1.303000 
1.303400 
1.303700 
1.303900 
1.304500 
1.305000 
1.305400 
1.306100 
1.306200 
1.306300 
1.306300 
1.306400 
1.306500 
1.306900 
1.308600 
1.309900 
1.310200 
1.310400 
1.311000 
1.311700 
1.312000 
1.312100 
1.312200 
1.312200 
1.312800 
1.312900 
1.313200 
1.313200 
1.313300 
1.313400 
1.313900 
1.314400 
1.314900 
1.314900 
1.315000 
1.315400 
1.315400 
1.315500 
1.315600 
1.315700 
1.316000 
1.316900 
1.317200 
1.317200 
1.317300 
1.317300 
1.317400 
1.317900 
1.317900 
1.318000 
1.318200 
1.318400 
1.318600 
1.318700 
1.319100 
1.319100 
1.319100 
1.319400 
1.319700 
1.319800 
1.320400 
1.320400 
1.320800 
1.321100 
1.321400 
1.321400 
1.321500 
1.322400 
1.322500 
1.323100 
1.323300 
1.323800 
1.323800 
1.324900 
1.325200 
1.325300 
1.325500 
1.326700 
1.326900 
1.327200 
1.327500 
1.328000 
1.328100 
1.328300 
1.328400 
1.328900 
1.329300 
1.329400 
1.329500 
1.329600 
1.329700 
1.329900 
1.329900 
1.330000 
1.330800 
1.330900 
1.331000 
1.331100 
1.331200 
1.332000 
1.332200 
1.332200 
1.332300 
1.333000 
1.333400 
1.333500 
1.333600 
1.334200 
1.334200 
1.334400 
1.334700 
1.334700 
1.334800 
1.334800 
1.334800 
1.335200 
1.335500 
1.335700 
1.336400 
1.337700 
1.337700 
1.338400 
1.338700 
1.338700 
1.339200 
1.339400 
1.339700 
1.339700 
1.340100 
1.340200 
1.340200 
1.340300 
1.340800 
1.341100 
1.341200 
1.341200 
1.341400 
1.341700 
1.341800 
1.341900 
1.342000 
1.342300 
1.342600 
1.342700 
1.342800 
1.342800 
1.343000 
1.343000 
1.343300 
1.343700 
1.343700 
1.343900 
1.343900 
1.344000 
1.344000 
1.344100 
1.346100 
1.346500 
1.346600 
1.346800 
1.346800 
1.347000 
1.347100 
1.347400 
1.347600 
1.347900 
1.348000 
1.348200 
1.348300 
1.349800 
1.349800 
1.349900 
1.350100 
1.350400 
1.350500 
1.350700 
1.350900 
1.351500 
1.351800 
1.351800 
1.351900 
1.352300 
1.352500 
1.352900 
1.353500 
1.353700 
1.353700 
1.354700 
1.354700 
1.354900 
1.355000 
1.355200 
1.357200 
1.357400 
1.357600 
1.358000 
1.358700 
1.358800 
1.359100 
1.359100 
1.359200 
1.359300 
1.359700 
1.360000 
1.360500 
1.360600 
1.361300 
1.361300 
1.361800 
1.361900 
1.362200 
1.362800 
1.363100 
1.364200 
1.364400 
1.364700 
1.365400 
1.365700 
1.366300 
1.366400 
1.366400 
1.366600 
1.367400 
1.368000 
1.368600 
1.368700 
1.368900 
1.368900 
1.368900 
1.369400 
1.369600 
1.369900 
1.370300 
1.370500 
1.370800 
1.371100 
1.371200 
1.371300 
1.371500 
1.371800 
1.372000 
1.372400 
1.372800 
1.373000 
1.373400 
1.373500 
1.373800 
1.374700 
1.374900 
1.375100 
1.375300 
1.375400 
1.375800 
1.375800 
1.376100 
1.376400 
1.376500 
1.376700 
1.376900 
1.377000 
1.377500 
1.378000 
1.378100 
1.378800 
1.378900 
1.379000 
1.379200 
1.379400 
1.379500 
1.380100 
1.380400 
1.380800 
1.381300 
1.381500 
1.381500 
1.381600 
1.381700 
1.381700 
1.382100 
1.382200 
1.383000 
1.383900 
1.384200 
1.384200 
1.384600 
1.384800 
1.385200 
1.385800 
1.386200 
1.386300 
1.386600 
1.387000 
1.387500 
1.387500 
1.387800 
1.388100 
1.389500 
1.390000 
1.390300 
1.390700 
1.390800 
1.390900 
1.391900 
1.392400 
1.392500 
1.392500 
1.392700 
1.392700 
1.393400 
1.394500 
1.394600 
1.394800 
1.395200 
1.395500 
1.395800 
1.395900 
1.397100 
1.397200 
1.397400 
1.397800 
1.398200 
1.398200 
1.398700 
1.398800 
1.399100 
1.399300 
1.399400 
1.399500 
1.399900 
1.400100 
1.400200 
1.400400 
1.400500 
1.400700 
1.400700 
1.401000 
1.401700 
1.401900 
1.402400 
1.402600 
1.402600 
1.402800 
1.402800 
1.402800 
1.403300 
1.403600 
1.403900 
1.405100 
1.405200 
1.405200 
1.405800 
1.406200 
1.406200 
1.407000 
1.408400 
1.409600 
1.410200 
1.410600 
1.410700 
1.410800 
1.411300 
1.411500 
1.411500 
1.411600 
1.412500 
1.412800 
1.413000 
1.413000 
1.413000 
1.413700 
1.414300 
1.414400 
1.414500 
1.415600 
1.415600 
1.415900 
1.416400 
1.416500 
1.416600 
1.416800 
1.417100 
1.417700 
1.417800 
1.418500 
1.418500 
1.419300 
1.420200 
1.420200 
1.420300 
1.420700 
1.420800 
1.420800 
1.421300 
1.422100 
1.422200 
1.422400 
1.423400 
1.423700 
1.423700 
1.424100 
1.424100 
1.424200 
1.425100 
1.425900 
1.426000 
1.426400 
1.426900 
1.426900 
1.427100 
1.427300 
1.427600 
1.428000 
1.428000 
1.428000 
1.428100 
1.428400 
1.429000 
1.429200 
1.429300 
1.429800 
1.430100 
1.430300 
1.430600 
1.430600 
1.430700 
1.430900 
1.430900 
1.431100 
1.431200 
1.431800 
1.432000 
1.432300 
1.432500 
1.432700 
1.432700 
1.433700 
1.433700 
1.434000 
1.434000 
1.434400 
1.434500 
1.434600 
1.434900 
1.435100 
1.435500 
1.435800 
1.437100 
1.437300 
1.437400 
1.437900 
1.437900 
1.438100 
1.438300 
1.439500 
1.439800 
1.439900 
1.440100 
1.440500 
1.440900 
1.441000 
1.441100 
1.441600 
1.442400 
1.442800 
1.444000 
1.444200 
1.444200 
1.445100 
1.445600 
1.446300 
1.447000 
1.447300 
1.447900 
1.448300 
1.448700 
1.448700 
1.448900 
1.448900 
1.449400 
1.449800 
1.450000 
1.450300 
1.450500 
1.450700 
1.450900 
1.451000 
1.451700 
1.451800 
1.453000 
1.453400 
1.453500 
1.453600 
1.453700 
1.454100 
1.454200 
1.454500 
1.454600 
1.454700 
1.455200 
1.455400 
1.455700 
1.456200 
1.456300 
1.456500 
1.456800 
1.457600 
1.458100 
1.459200 
1.459600 
1.459700 
1.459900 
1.460100 
1.460200 
1.460300 
1.460900 
1.460900 
1.461000 
1.461300 
1.461700 
1.461800 
1.462000 
1.462400 
1.462500 
1.462900 
1.463300 
1.464300 
1.464300 
1.464400 
1.465000 
1.465100 
1.465300 
1.465300 
1.465400 
1.465500 
1.465500 
1.465800 
1.466700 
1.466700 
1.466800 
1.467000 
1.467200 
1.467200 
1.467900 
1.468500 
1.468700 
1.469000 
1.469000 
1.469200 
1.469700 
1.469900 
1.469900 
1.470300 
1.470400 
1.471000 
1.471000 
1.471500 
1.472600 
1.473500 
1.473600 
1.473800 
1.473800 
1.474100 
1.474300 
1.474400 
1.474400 
1.474400 
1.474800 
1.475600 
1.475700 
1.476100 
1.476800 
1.477500 
1.477600 
1.478100 
1.478400 
1.479400 
1.479600 
1.479700 
1.480000 
1.480200 
1.480300 
1.480700 
1.481100 
1.481300 
1.481400 
1.481400 
1.481500 
1.481900 
1.481900 
1.482200 
1.483400 
1.483400 
1.483400 
1.484000 
1.484000 
1.484900 
1.485600 
1.486500 
1.486600 
1.487400 
1.487400 
1.487500 
1.487800 
1.487900 
1.488000 
1.488400 
1.488900 
1.489000 
1.490000 
1.490100 
1.491800 
1.491900 
1.492500 
1.493000 
1.493000 
1.493300 
1.493500 
1.493800 
1.493800 
1.493900 
1.493900 
1.494000 
1.494000 
1.494100 
1.494200 
1.494400 
1.494600 
1.494900 
1.495000 
1.495000 
1.495300 
1.495800 
1.496400 
1.496700 
1.496700 
1.496800 
1.497100 
1.497200 
1.497400 
1.497500 
1.497800 
1.498500 
1.499300 
1.500900 
1.501000 
1.501400 
1.502500 
1.502600 
1.502900 
1.503100 
1.503200 
1.503300 
1.503400 
1.503500 
1.503700 
1.503700 
1.503800 
1.504100 
1.504600 
1.505500 
1.506000 
1.506100 
1.507200 
1.507800 
1.507800 
1.508100 
1.508300 
1.508800 
1.509300 
1.509600 
1.509700 
1.510000 
1.510300 
1.510400 
1.510600 
1.510700 
1.511000 
1.511200 
1.511500 
1.511700 
1.511700 
1.511700 
1.512000 
1.512000 
1.512200 
1.512900 
1.513200 
1.513500 
1.513500 
1.514000 
1.514300 
1.514400 
1.514900 
1.515100 
1.515200 
1.515400 
1.515800 
1.515900 
1.516300 
1.516400 
1.516600 
1.517300 
1.517400 
1.517800 
1.518600 
1.519300 
1.519600 
1.519900 
1.520100 
1.520400 
1.521000 
1.521200 
1.522200 
1.523300 
1.523400 
1.523500 
1.524300 
1.524400 
1.524500 
1.524700 
1.526200 
1.526300 
1.527000 
1.527200 
1.527500 
1.527600 
1.527700 
1.527800 
1.527800 
1.528500 
1.528700 
1.528800 
1.529300 
1.529800 
1.530100 
1.530700 
1.530800 
1.531400 
1.531500 
1.531500 
1.531600 
1.531900 
1.532000 
1.532100 
1.532200 
1.532500 
1.532500 
1.532600 
1.532700 
1.533300 
1.533300 
1.533400 
1.533400 
1.533600 
1.533800 
1.533900 
1.534300 
1.534500 
1.534600 
1.534900 
1.535000 
1.535600 
1.535600 
1.536200 
1.536700 
1.537000 
1.537000 
1.537700 
1.538100 
1.538600 
1.539300 
1.539600 
1.540100 
1.540400 
1.540500 
1.540500 
1.540900 
1.541000 
1.541100 
1.541500 
1.541500 
1.541800 
1.541800 
1.541800 
1.542100 
1.542600 
1.542800 
1.542900 
1.543100 
1.543100 
1.543900 
1.543900 
1.544000 
1.545900 
1.546000 
1.546400 
1.546500 
1.547200 
1.547500 
1.547500 
1.548300 
1.548400 
1.549000 
1.549000 
1.549300 
1.549500 
1.549700 
1.549900 
1.550000 
1.550400 
1.552000 
1.552200 
1.552400 
1.552700 
1.553600 
1.554500 
1.554600 
1.554900 
1.555100 
1.555300 
1.555800 
1.556400 
1.556500 
1.556500 
1.556600 
1.557000 
1.557000 
1.557000 
1.557000 
1.557400 
1.557600 
1.558300 
1.558400 
1.558600 
1.558800 
1.558900 
1.559600 
1.559800 
1.560000 
1.560600 
1.561000 
1.561200 
1.561400 
1.561800 
1.562300 
1.562400 
1.563500 
1.563600 
1.564000 
1.564000 
1.564000 
1.564200 
1.564400 
1.564600 
1.565000 
1.565100 
1.565100 
1.565200 
1.565500 
1.565800 
1.565900 
1.566900 
1.567000 
1.567300 
1.567400 
1.568400 
1.568700 
1.568800 
1.569200 
1.569300 
1.569700 
1.569900 
1.569900 
1.570200 
1.570400 
1.570500 
1.570500 
1.571100 
1.571900 
1.571900 
1.572200 
1.572800 
1.572800 
1.573300 
1.574000 
1.574600 
1.574900 
1.575600 
1.577000 
1.577600 
1.577600 
1.577700 
1.578300 
1.578500 
1.578500 
1.579200 
1.579800 
1.579900 
1.581000 
1.581200 
1.581600 
1.581700 
1.582100 
1.582100 
1.582700 
1.582800 
1.583000 
1.583300 
1.583400 
1.584100 
1.584200 
1.584300 
1.584400 
1.585800 
1.585800 
1.585800 
1.585900 
1.586000 
1.586100 
1.586200 
1.586400 
1.586500 
1.586600 
1.586700 
1.587000 
1.587300 
1.587500 
1.587800 
1.587900 
1.588000 
1.588300 
1.588300 
1.588300 
1.588800 
1.588900 
1.589300 
1.589400 
1.589600 
1.589700 
1.591100 
1.591100 
1.591500 
1.593000 
1.593300 
1.593700 
1.593800 
1.593800 
1.594100 
1.594300 
1.594400 
1.594500 
1.594900 
1.594900 
1.595300 
1.595300 
1.596100 
1.596500 
1.596700 
1.597100 
1.597500 
1.598300 
1.598500 
1.598700 
1.598700 
1.599100 
1.599400 
1.599900 
1.600200 
1.600600 
1.600700 
1.600800 
1.601400 
1.601500 
1.601600 
1.601700 
1.601800 
1.601900 
1.602300 
1.602700 
1.602900 
1.603300 
1.603500 
1.603700 
1.603900 
1.604200 
1.604400 
1.604400 
1.604500 
1.604800 
1.604900 
1.605100 
1.605300 
1.605300 
1.605300 
1.605800 
1.606100 
1.606300 
1.606500 
1.607000 
1.607100 
1.607100 
1.607200 
1.607600 
1.607600 
1.607800 
1.608400 
1.608500 
1.608700 
1.608800 
1.608800 
1.609000 
1.609200 
1.609300 
1.609300 
1.609500 
1.610000 
1.610200 
1.610500 
1.612800 
1.613500 
1.613600 
1.613700 
1.614000 
1.614000 
1.614400 
1.615100 
1.615300 
1.615800 
1.615900 
1.616500 
1.616600 
1.616800 
1.617200 
1.617500 
1.618300 
1.618600 
1.618600 
1.618700 
1.618800 
1.620000 
1.621600 
1.621800 
1.622100 
1.622200 
1.623100 
1.623500 
1.624300 
1.624300 
1.624400 
1.624400 
1.624500 
1.624800 
1.625000 
1.625300 
1.625400 
1.625600 
1.626200 
1.626600 
1.626600 
1.627200 
1.627300 
1.627600 
1.627800 
1.628300 
1.628800 
1.629000 
1.629400 
1.629400 
1.629400 
1.630200 
1.630200 
1.631000 
1.631200 
1.631400 
1.631500 
1.631500 
1.631600 
1.631700 
1.632200 
1.632600 
1.633700 
1.633900 
1.634000 
1.634100 
1.634400 
1.634400 
1.634500 
1.635000 
1.635700 
1.635900 
1.636300 
1.636400 
1.636700 
1.636800 
1.637600 
1.637700 
1.638200 
1.638300 
1.638700 
1.638900 
1.639100 
1.639600 
1.639700 
1.640100 
1.640600 
1.640700 
1.640900 
1.640900 
1.641000 
1.641000 
1.641100 
1.641100 
1.641400 
1.641600 
1.642100 
1.642300 
1.643300 
1.643400 
1.643500 
1.643600 
1.643700 
1.644000 
1.644500 
1.645200 
1.645200 
1.645500 
1.645600 
1.645800 
1.646300 
1.646700 
1.646900 
1.647400 
1.648100 
1.648100 
1.648200 
1.648500 
1.649100 
1.649200 
1.649800 
1.650600 
1.650800 
1.651200 
1.651500 
1.651800 
1.652400 
1.652600 
1.652700 
1.653000 
1.653900 
1.654100 
1.654200 
1.654400 
1.654600 
1.654700 
1.654800 
1.654900 
1.655700 
1.656300 
1.657200 
1.657300 
1.657400 
1.657600 
1.657700 
1.658300 
1.658900 
1.659100 
1.659100 
1.659400 
1.659700 
1.659800 
1.660200 
1.661000 
1.661800 
1.661800 
1.662500 
1.662500 
1.662600 
1.663000 
1.663000 
1.663100 
1.663800 
1.663900 
1.664300 
1.664500 
1.665700 
1.665800 
1.666200 
1.667100 
1.667200 
1.667700 
1.668000 
1.668300 
1.668600 
1.668900 
1.669600 
1.670100 
1.670300 
1.670600 
1.670800 
1.671800 
1.672300 
1.672600 
1.673200 
1.673300 
1.673600 
1.673700 
1.673700 
1.673800 
1.674000 
1.674600 
1.674600 
1.674700 
1.675100 
1.675500 
1.676200 
1.676300 
1.676400 
1.676500 
1.676600 
1.676600 
1.677300 
1.677400 
1.677600 
1.677800 
1.678000 
1.678200 
1.678600 
1.678800 
1.678900 
1.679300 
1.679800 
1.680000 
1.680200 
1.680700 
1.681300 
1.681500 
1.681500 
1.682500 
1.682900 
1.683500 
1.683600 
1.685500 
1.686900 
1.687200 
1.688400 
1.688500 
1.688900 
1.689300 
1.690300 
1.690400 
1.690900 
1.691000 
1.691100 
1.691600 
1.692200 
1.693600 
1.693800 
1.694100 
1.694800 
1.695100 
1.695100 
1.695100 
1.695300 
1.695400 
1.695700 
1.695800 
1.696100 
1.696100 
1.696200 
1.696300 
1.696400 
1.696500 
1.697100 
1.697100 
1.697700 
1.697900 
1.698600 
1.698700 
1.698900 
1.699100 
1.699200 
1.699300 
1.699500 
1.699600 
1.699800 
1.700100 
1.700100 
1.700200 
1.700600 
1.700700 
1.701000 
1.701000 
1.701100 
1.701200 
1.701300 
1.701500 
1.701700 
1.702000 
1.702300 
1.702400 
1.702500 
1.702700 
1.703000 
1.703500 
1.704100 
1.704200 
1.704600 
1.704600 
1.704800 
1.705000 
1.705000 
1.705200 
1.705200 
1.705300 
1.705400 
1.705600 
1.705700 
1.705800 
1.706000 
1.706000 
1.706200 
1.706200 
1.706700 
1.706800 
1.707800 
1.708000 
1.708600 
1.709000 
1.709100 
1.709200 
1.709400 
1.709500 
1.710100 
1.710200 
1.711000 
1.711700 
1.711800 
1.712400 
1.712700 
1.713400 
1.714300 
1.715000 
1.715200 
1.715500 
1.715500 
1.715600 
1.716100 
1.716600 
1.716900 
1.717000 
1.717500 
1.717600 
1.718900 
1.719400 
1.719600 
1.719700 
1.719800 
1.719800 
1.720100 
1.720100 
1.720100 
1.720500 
1.720700 
1.720700 
1.721000 
1.721000 
1.721100 
1.721500 
1.721600 
1.721900 
1.722100 
1.722500 
1.722700 
1.723100 
1.723600 
1.724700 
1.725000 
1.725000 
1.725100 
1.726000 
1.726900 
1.727300 
1.727300 
1.727500 
1.728300 
1.728700 
1.728800 
1.728900 
1.728900 
1.729400 
1.729600 
1.729800 
1.730600 
1.730900 
1.731400 
1.731900 
1.732300 
1.732800 
1.733000 
1.733800 
1.734300 
1.734500 
1.734600 
1.734900 
1.735900 
1.736300 
1.736400 
1.736600 
1.736900 
1.737500 
1.737600 
1.737700 
1.737900 
1.737900 
1.738200 
1.740500 
1.740500 
1.740600 
1.740700 
1.740800 
1.740900 
1.741000 
1.741600 
1.741900 
1.742000 
1.742100 
1.742900 
1.743200 
1.743400 
1.743400 
1.744000 
1.744700 
1.745000 
1.745500 
1.746600 
1.746900 
1.747000 
1.747100 
1.747100 
1.747300 
1.748100 
1.748600 
1.749000 
1.749300 
1.750100 
1.750600 
1.750600 
1.750600 
1.750700 
1.751100 
1.751300 
1.751400 
1.751800 
1.752000 
1.752300 
1.753900 
1.754000 
1.754200 
1.755100 
1.755500 
1.755500 
1.755600 
1.756300 
1.756300 
1.756700 
1.757700 
1.757800 
1.758300 
1.758300 
1.758300 
1.758500 
1.758600 
1.758600 
1.758800 
1.759400 
1.759500 
1.759800 
1.759900 
1.759900 
1.760000 
1.760500 
1.760500 
1.760600 
1.760700 
1.760900 
1.761000 
1.761700 
1.762100 
1.762600 
1.762800 
1.763600 
1.763600 
1.763700 
1.763900 
1.765200 
1.765900 
1.766100 
1.766400 
1.767500 
1.767800 
1.767800 
1.767900 
1.768200 
1.768300 
1.768600 
1.769100 
1.769100 
1.769800 
1.769800 
1.770200 
1.770300 
1.770600 
1.770900 
1.771000 
1.771200 
1.771400 
1.771800 
1.772200 
1.772200 
1.772900 
1.772900 
1.772900 
1.773100 
1.773100 
1.773200 
1.773500 
1.774500 
1.774600 
1.775100 
1.775300 
1.775400 
1.775500 
1.775700 
1.776100 
1.776200 
1.776800 
1.777300 
1.777600 
1.777700 
1.777800 
1.777900 
1.778700 
1.779000 
1.779100 
1.779100 
1.779300 
1.779300 
1.779300 
1.779400 
1.779700 
1.779700 
1.779800 
1.780500 
1.780700 
1.780700 
1.780900 
1.781100 
1.781200 
1.781200 
1.782500 
1.782600 
1.783000 
1.783600 
1.784200 
1.784400 
1.784700 
1.784800 
1.785900 
1.786000 
1.786900 
1.787300 
1.787900 
1.788100 
1.788400 
1.789900 
1.790100 
1.790300 
1.790600 
1.790800 
1.790900 
1.791900 
1.792000 
1.792100 
1.792300 
1.792300 
1.792500 
1.792700 
1.792800 
1.792900 
1.793000 
1.793000 
1.793000 
1.793100 
1.793400 
1.793800 
1.794100 
1.794100 
1.794100 
1.795300 
1.795400 
1.796300 
1.796400 
1.796400 
1.796500 
1.797200 
1.797600 
1.798200 
1.798500 
1.798800 
1.799200 
1.799900 
1.800300 
1.801100 
1.802000 
1.802100 
1.803300 
1.804300 
1.804700 
1.805200 
1.806100 
1.806200 
1.806500 
1.807100 
1.807300 
1.808600 
1.809000 
1.809300 
1.810500 
1.810800 
1.810900 
1.811000 
1.811000 
1.811000 
1.811100 
1.811400 
1.811800 
1.811800 
1.811900 
1.812000 
1.812700 
1.812700 
1.812800 
1.813400 
1.813500 
1.813500 
1.813900 
1.813900 
1.814300 
1.814300 
1.814500 
1.814900 
1.816200 
1.816600 
1.816700 
1.816900 
1.817600 
1.817700 
1.817900 
1.817900 
1.818600 
1.818800 
1.818900 
1.819400 
1.819500 
1.819700 
1.819700 
1.819800 
1.820000 
1.820400 
1.820600 
1.821000 
1.821500 
1.821600 
1.822000 
1.822100 
1.822100 
1.822100 
1.822200 
1.822700 
1.823100 
1.823100 
1.823300 
1.823500 
1.823600 
1.823700 
1.823900 
1.824000 
1.824500 
1.824900 
1.825000 
1.825100 
1.825900 
1.826700 
1.826800 
1.827500 
1.828700 
1.829000 
1.829100 
1.829600 
1.829900 
1.830100 
1.830200 
1.830300 
1.830400 
1.830600 
1.830800 
1.831300 
1.831300 
1.831300 
1.831300 
1.831600 
1.831700 
1.832300 
1.832400 
1.833100 
1.833200 
1.833400 
1.833600 
1.833600 
1.833800 
1.834800 
1.835400 
1.835500 
1.835700 
1.836100 
1.836100 
1.836600 
1.837300 
1.837700 
1.838000 
1.839000 
1.839700 
1.840000 
1.840400 
1.840400 
1.840700 
1.841000 
1.841000 
1.841500 
1.841600 
1.841700 
1.842100 
1.842200 
1.843200 
1.843500 
1.843800 
1.843900 
1.844300 
1.845100 
1.845700 
1.846000 
1.846300 
1.846400 
1.846400 
1.846500 
1.846700 
1.846800 
1.847000 
1.847000 
1.847100 
1.848400 
1.848500 
1.848600 
1.849300 
1.850000 
1.850100 
1.850200 
1.850400 
1.850500 
1.851000 
1.851300 
1.851400 
1.851700 
1.852800 
1.853700 
1.853900 
1.854000 
1.854100 
1.854600 
1.855300 
1.855400 
1.855400 
1.856600 
1.856700 
1.856800 
1.857200 
1.857700 
1.858200 
1.858700 
1.858900 
1.858900 
1.859100 
1.859700 
1.859700 
1.860800 
1.861000 
1.861200 
1.861800 
1.862000 
1.863700 
1.863800 
1.864400 
1.864400 
1.864700 
1.864800 
1.865600 
1.865700 
1.866700 
1.867200 
1.867600 
1.867600 
1.867800 
1.868100 
1.868200 
1.869100 
1.869500 
1.869900 
1.870400 
1.870600 
1.871000 
1.871000 
1.871000 
1.871500 
1.871500 
1.871700 
1.871800 
1.872400 
1.872400 
1.872400 
1.872600 
1.873100 
1.873600 
1.873800 
1.874200 
1.874200 
1.874500 
1.874500 
1.874800 
1.874800 
1.874900 
1.874900 
1.875700 
1.876300 
1.876600 
1.876700 
1.877000 
1.877100 
1.877300 
1.877900 
1.878000 
1.878200 
1.878600 
1.879000 
1.879000 
1.879200 
1.879400 
1.879500 
1.880100 
1.880400 
1.880500 
1.881000 
1.881100 
1.882400 
1.882500 
1.882500 
1.882800 
1.883000 
1.883000 
1.883400 
1.883900 
1.884000 
1.884000 
1.884500 
1.884800 
1.885300 
1.885500 
1.885700 
1.885700 
1.886500 
1.886700 
1.887200 
1.887500 
1.887600 
1.887700 
1.888100 
1.888100 
1.889400 
1.889400 
1.889500 
1.889600 
1.889800 
1.889900 
1.890000 
1.890300 
1.890800 
1.891000 
1.891000 
1.891100 
1.891100 
1.891800 
1.891900 
1.892700 
1.893000 
1.893000 
1.893100 
1.893400 
1.893800 
1.893900 
1.894500 
1.894900 
1.895100 
1.895100 
1.895100 
1.895100 
1.895600 
1.895700 
1.896200 
1.896300 
1.896400 
1.897000 
1.897500 
1.897700 
1.898100 
1.898500 
1.899000 
1.899100 
1.899300 
1.899400 
1.899400 
1.900300 
1.900400 
1.900400 
1.900700 
1.901000 
1.901000 
1.901700 
1.904100 
1.904400 
1.904900 
1.905000 
1.905100 
1.905100 
1.905300 
1.905900 
1.906000 
1.906500 
1.906600 
1.907600 
1.907700 
1.908200 
1.908800 
1.909100 
1.909400 
1.910100 
1.910400 
1.911600 
1.911700 
1.911800 
1.913200 
1.913800 
1.914200 
1.914200 
1.914300 
1.914500 
1.914500 
1.914800 
1.914900 
1.915000 
1.915100 
1.915100 
1.915200 
1.915300 
1.915700 
1.916300 
1.916600 
1.916600 
1.916900 
1.917000 
1.917000 
1.917400 
1.917600 
1.918300 
1.918600 
1.918700 
1.919700 
1.919900 
1.920100 
1.920400 
1.921100 
1.921700 
1.921900 
1.922500 
1.922700 
1.922800 
1.923800 
1.924600 
1.924700 
1.925300 
1.925700 
1.926000 
1.926100 
1.926600 
1.926800 
1.927100 
1.927100 
1.927200 
1.927800 
1.928300 
1.928700 
1.928900 
1.929400 
1.929600 
1.929800 
1.930000 
1.930100 
1.930200 
1.930300 
1.930500 
1.930800 
1.931400 
1.931500 
1.931900 
1.932300 
1.932500 
1.932600 
1.932800 
1.932900 
1.932900 
1.933300 
1.933400 
1.933400 
1.933600 
1.933900 
1.934000 
1.934100 
1.934100 
1.934500 
1.935700 
1.935800 
1.936000 
1.936000 
1.937700 
1.937800 
1.937800 
1.938700 
1.938700 
1.939000 
1.939100 
1.939700 
1.939700 
1.940500 
1.941200 
1.941800 
1.942300 
1.942500 
1.942600 
1.942900 
1.943100 
1.943400 
1.943500 
1.944100 
1.944900 
1.945400 
1.945800 
1.946100 
1.946400 
1.946900 
1.947200 
1.947400 
1.947500 
1.948300 
1.948700 
1.949200 
1.949300 
1.949400 
1.949600 
1.949900 
1.950200 
1.950400 
1.951000 
1.951200 
1.951600 
1.952300 
1.952700 
1.953100 
1.953700 
1.954000 
1.954000 
1.954100 
1.954300 
1.955000 
1.955000 
1.955100 
1.955200 
1.955300 
1.955800 
1.956000 
1.956000 
1.956100 
1.956100 
1.956400 
1.956400 
1.956800 
1.957300 
1.957800 
1.958300 
1.958800 
1.959100 
1.959200 
1.959500 
1.959600 
1.959700 
1.960200 
1.960600 
1.960800 
1.960800 
1.961200 
1.961200 
1.961600 
1.961800 
1.961900 
1.962200 
1.962500 
1.962700 
1.962700 
1.962900 
1.963400 
1.963400 
1.963500 
1.963800 
1.963900 
1.964000 
1.964100 
1.964100 
1.964100 
1.964600 
1.964800 
1.964900 
1.964900 
1.965100 
1.965400 
1.966200 
1.966300 
1.966900 
1.966900 
1.967000 
1.967300 
1.967500 
1.968200 
1.968200 
1.968600 
1.968800 
1.969200 
1.969300 
1.969600 
1.969900 
1.970400 
1.970800 
1.971300 
1.972100 
1.972200 
1.972400 
1.972500 
1.973300 
1.974100 
1.974400 
1.974500 
1.974500 
1.975000 
1.975100 
1.975700 
1.975800 
1.976400 
1.976700 
1.976900 
1.977000 
1.977400 
1.978000 
1.978000 
1.978200 
1.978200 
1.979600 
1.979600 
1.979800 
1.980700 
1.981900 
1.982600 
1.982600 
1.982700 
1.982700 
1.983500 
1.983500 
1.984200 
1.984600 
1.984800 
1.984900 
1.984900 
1.985200 
1.985500 
1.986000 
1.986500 
1.987200 
1.987500 
1.987600 
1.987800 
1.988100 
1.988100 
1.988100 
1.988700 
1.988800 
1.988800 
1.988800 
1.988900 
1.988900 
1.989200 
1.989800 
1.989800 
1.989900 
1.990200 
1.990400 
1.990500 
1.990600 
1.990600 
1.990700 
1.990700 
1.991100 
1.991300 
1.991300 
1.991600 
1.991900 
1.991900 
1.992200 
1.992200 
1.992200 
1.992300 
1.992400 
1.992500 
1.993000 
1.993300 
1.993300 
1.993400 
1.993500 
1.993500 
1.993600 
1.994300 
1.994600 
1.994700 
1.994800 
1.994800 
1.995000 
1.995000 
1.995000 
1.995200 
1.995600 
1.995800 
1.996000 
1.996600 
1.996800 
1.997000 
1.997800 
1.997900 
1.998000 
1.998000 
1.998600 
1.998800 
1.999300 
1.999900 
2.000000 
2.000000 
2.000000 
2.000200 
2.000500 
2.000500 
2.001100 
2.001200 
2.001500 
2.001700 
2.001700 
2.001800 
2.001900 
2.001900 
2.002200 
2.002500 
2.002900 
2.003000 
2.003100 
2.003200 
2.003800 
2.003900 
2.004100 
2.004600 
2.004700 
2.005100 
2.005300 
2.005400 
2.005800 
2.005900 
2.006200 
2.007300 
2.007800 
2.008100 
2.008400 
2.008600 
2.009500 
2.009600 
2.009800 
2.010100 
2.010400 
2.010700 
2.011200 
2.012200 
2.012300 
2.012400 
2.012800 
2.013200 
2.013400 
2.014100 
2.015200 
2.015200 
2.015700 
2.016300 
2.016400 
2.016800 
2.017000 
2.017200 
2.017400 
2.017500 
2.017500 
2.018100 
2.018300 
2.018400 
2.018500 
2.018600 
2.018700 
2.019000 
2.019000 
2.019400 
2.020100 
2.020400 
2.021000 
2.021700 
2.022400 
2.022800 
2.024100 
2.024200 
2.024600 
2.024600 
2.025200 
2.025700 
2.025800 
2.026500 
2.026700 
2.027600 
2.028100 
2.028300 
2.028300 
2.028800 
2.029000 
2.029300 
2.029600 
2.030100 
2.030200 
2.030500 
2.030800 
2.030900 
2.030900 
2.031000 
2.031300 
2.031700 
2.031800 
2.032000 
2.032100 
2.032800 
2.032900 
2.033100 
2.033200 
2.033400 
2.033700 
2.033800 
2.034400 
2.034800 
2.034900 
2.035300 
2.035400 
2.035600 
2.036000 
2.036900 
2.037000 
2.038000 
2.038000 
2.038600 
2.038600 
2.038900 
2.039500 
2.039800 
2.039800 
2.039900 
2.041200 
2.041200 
2.041600 
2.041700 
2.041800 
2.041900 
2.042000 
2.042100 
2.042100 
2.042400 
2.042500 
2.043000 
2.043400 
2.044000 
2.044600 
2.045000 
2.045200 
2.045400 
2.045400 
2.045600 
2.045900 
2.046800 
2.047000 
2.047200 
2.047500 
2.047500 
2.048000 
2.048200 
2.048200 
2.048600 
2.048800 
2.048800 
2.049000 
2.049200 
2.049200 
2.049300 
2.049400 
2.049500 
2.049700 
2.049900 
2.050100 
2.050100 
2.050500 
2.050600 
2.050900 
2.051000 
2.051100 
2.051600 
2.051600 
2.051600 
2.051700 
2.052000 
2.052600 
2.052900 
2.053900 
2.054000 
2.054100 
2.054100 
2.054600 
2.054900 
2.055600 
2.055800 
2.056200 
2.057800 
2.058200 
2.058300 
2.058500 
2.058600 
2.058600 
2.058700 
2.059200 
2.059300 
2.059400 
2.060400 
2.060400 
2.060600 
2.060900 
2.061200 
2.061400 
2.062000 
2.062800 
2.062900 
2.062900 
2.063100 
2.063100 
2.063200 
2.063500 
2.063700 
2.064800 
2.065000 
2.065000 
2.065200 
2.065500 
2.065900 
2.066000 
2.066400 
2.066500 
2.066700 
2.067200 
2.067300 
2.067700 
2.068100 
2.068100 
2.068200 
2.068600 
2.068900 
2.069300 
2.069400 
2.070200 
2.070400 
2.070700 
2.071200 
2.072600 
2.073000 
2.073000 
2.074100 
2.074300 
2.075500 
2.075500 
2.075600 
2.075700 
2.075900 
2.075900 
2.076200 
2.076900 
2.077100 
2.077300 
2.078300 
2.078500 
2.078600 
2.078700 
2.079000 
2.079700 
2.080100 
2.080200 
2.080500 
2.080500 
2.080800 
2.080800 
2.080900 
2.080900 
2.081300 
2.081400 
2.081500 
2.081600 
2.081700 
2.081800 
2.081800 
2.082300 
2.082900 
2.083000 
2.083000 
2.083500 
2.084800 
2.085000 
2.085000 
2.085200 
2.085200 
2.085200 
2.085600 
2.085700 
2.086000 
2.086500 
2.086900 
2.087100 
2.088200 
2.088200 
2.088500 
2.088600 
2.088700 
2.089100 
2.089300 
2.089400 
2.089600 
2.089900 
2.090000 
2.090200 
2.090400 
2.090500 
2.091300 
2.091300 
2.091600 
2.091700 
2.091700 
2.091800 
2.092000 
2.092200 
2.092400 
2.092700 
2.092800 
2.093000 
2.093000 
2.093200 
2.093300 
2.093300 
2.093500 
2.094000 
2.094100 
2.094600 
2.094800 
2.094900 
2.095200 
2.095500 
2.095600 
2.096200 
2.096200 
2.096300 
2.096500 
2.096600 
2.097000 
2.097200 
2.097300 
2.097700 
2.097900 
2.098700 
2.098800 
2.099100 
2.099100 
2.099500 
2.099800 
2.099900 
2.100100 
2.100200 
2.100500 
2.100500 
2.101100 
2.101200 
2.101400 
2.101500 
2.101500 
2.101600 
2.101700 
2.102300 
2.104100 
2.104300 
2.105500 
2.106000 
2.106800 
2.108100 
2.109100 
2.109200 
2.109600 
2.109700 
2.109900 
2.110500 
2.110500 
2.110800 
2.111400 
2.112100 
2.112300 
2.112600 
2.113600 
2.113600 
2.114700 
2.115100 
2.115200 
2.116100 
2.116100 
2.116800 
2.117100 
2.117200 
2.117200 
2.118000 
2.118000 
2.118500 
2.118800 
2.119200 
2.120400 
2.120600 
2.120800 
2.121200 
2.121400 
2.121500 
2.121900 
2.122000 
2.122700 
2.122800 
2.123100 
2.123300 
2.123500 
2.124500 
2.124600 
2.125100 
2.125200 
2.125700 
2.125900 
2.126400 
2.126500 
2.126800 
2.126900 
2.127500 
2.127600 
2.127700 
2.127900 
2.128400 
2.129000 
2.129400 
2.129700 
2.129800 
2.130100 
2.130200 
2.131000 
2.131500 
2.131700 
2.131700 
2.131800 
2.132400 
2.132800 
2.132800 
2.133400 
2.133600 
2.133700 
2.134200 
2.134300 
2.134700 
2.135200 
2.135700 
2.136000 
2.136500 
2.136500 
2.136900 
2.137000 
2.137100 
2.137200 
2.137300 
2.137600 
2.138200 
2.139100 
2.139800 
2.139900 
2.141100 
2.141200 
2.141500 
2.141600 
2.141800 
2.142300 
2.142300 
2.142300 
2.142400 
2.142900 
2.142900 
2.144100 
2.144200 
2.144300 
2.144400 
2.144400 
2.144400 
2.144700 
2.146000 
2.146000 
2.146100 
2.146200 
2.146300 
2.146300 
2.147100 
2.147300 
2.147500 
2.147600 
2.147600 
2.147800 
2.147800 
2.147900 
2.148100 
2.148600 
2.148600 
2.148600 
2.150300 
2.150400 
2.150500 
2.150500 
2.150700 
2.151100 
2.151400 
2.151900 
2.152300 
2.152400 
2.152500 
2.152500 
2.152600 
2.153100 
2.154000 
2.154400 
2.154800 
2.155100 
2.156700 
2.156800 
2.157300 
2.157500 
2.157700 
2.157800 
2.157800 
2.158000 
2.158200 
2.158400 
2.158500 
2.159100 
2.159200 
2.159600 
2.159700 
2.159800 
2.160100 
2.160200 
2.160600 
2.160800 
2.161300 
2.161500 
2.161500 
2.161600 
2.162100 
2.162300 
2.162400 
2.162800 
2.163000 
2.163300 
2.163400 
2.164000 
2.164400 
2.164900 
2.165000 
2.165000 
2.165400 
2.165500 
2.165500 
2.166300 
2.166500 
2.167100 
2.168200 
2.168300 
2.169200 
2.169200 
2.169500 
2.169800 
2.170300 
2.170400 
2.170600 
2.170600 
2.171000 
2.171500 
2.171700 
2.171900 
2.172000 
2.172600 
2.173400 
2.173500 
2.173700 
2.173900 
2.174400 
2.174500 
2.175200 
2.175400 
2.175900 
2.176000 
2.176300 
2.176500 
2.176600 
2.176800 
2.177000 
2.177900 
2.178600 
2.178700 
2.178800 
2.179100 
2.179300 
2.179700 
2.179800 
2.180000 
2.180300 
2.180400 
2.180700 
2.180800 
2.180900 
2.181000 
2.181100 
2.182100 
2.182400 
2.182500 
2.182500 
2.182500 
2.183100 
2.183200 
2.183400 
2.183500 
2.183800 
2.183800 
2.183900 
2.183900 
2.184200 
2.184200 
2.184200 
2.184500 
2.184500 
2.184600 
2.184800 
2.185000 
2.185400 
2.186000 
2.186100 
2.186300 
2.186600 
2.187300 
2.187500 
2.187500 
2.187800 
2.188600 
2.188700 
2.188900 
2.189000 
2.189000 
2.189200 
2.189700 
2.190800 
2.191500 
2.191600 
2.191700 
2.192000 
2.192700 
2.192800 
2.192900 
2.193100 
2.193600 
2.194200 
2.194600 
2.194700 
2.194800 
2.194900 
2.195800 
2.196200 
2.197000 
2.197000 
2.197100 
2.197400 
2.197900 
2.197900 
2.198500 
2.198900 
2.199200 
2.199500 
2.199600 
2.199700 
2.199700 
2.199900 
2.200000 
2.200000 
2.200100 
2.200400 
2.200800 
2.201100 
2.201700 
2.201900 
2.202000 
2.202000 
2.202300 
2.202700 
2.202800 
2.203000 
2.203600 
2.203600 
2.204500 
2.204500 
2.204500 
2.204800 
2.205200 
2.205300 
2.205500 
2.205600 
2.206200 
2.206700 
2.206900 
2.207100 
2.207200 
2.207300 
2.207600 
2.208000 
2.208100 
2.208100 
2.208600 
2.209000 
2.209200 
2.209500 
2.209700 
2.209700 
2.210100 
2.210600 
2.211100 
2.211400 
2.212100 
2.212700 
2.212800 
2.213000 
2.213100 
2.213500 
2.213700 
2.214200 
2.214300 
2.214800 
2.215300 
2.215600 
2.215900 
2.216200 
2.216500 
2.217300 
2.217400 
2.217700 
2.218000 
2.219100 
2.219200 
2.220300 
2.220500 
2.220600 
2.221000 
2.221200 
2.221400 
2.221700 
2.222000 
2.222400 
2.222600 
2.222700 
2.222800 
2.223200 
2.223900 
2.224000 
2.224100 
2.226000 
2.226600 
2.226900 
2.227900 
2.227900 
2.228000 
2.228700 
2.230300 
2.230400 
2.230700 
2.231100 
2.231300 
2.231600 
2.231800 
2.231900 
2.232400 
2.233200 
2.233400 
2.233500 
2.233600 
2.234700 
2.235000 
2.235600 
2.235600 
2.236900 
2.237300 
2.237500 
2.237500 
2.237600 
2.238500 
2.238600 
2.238700 
2.238800 
2.239500 
2.240000 
2.240100 
2.240600 
2.240600 
2.240800 
2.241100 
2.241200 
2.241400 
2.241800 
2.242200 
2.242600 
2.242900 
2.243000 
2.243800 
2.244100 
2.244200 
2.244400 
2.244900 
2.245600 
2.245600 
2.245900 
2.245900 
2.246100 
2.246300 
2.246300 
2.246400 
2.246800 
2.247900 
2.249200 
2.249300 
2.249500 
2.250400 
2.250700 
2.250800 
2.251100 
2.251200 
2.252100 
2.252500 
2.252600 
2.252700 
2.253800 
2.253900 
2.253900 
2.253900 
2.254200 
2.254300 
2.255100 
2.255200 
2.255300 
2.255300 
2.255400 
2.255400 
2.256400 
2.257000 
2.257200 
2.257200 
2.257400 
2.257600 
2.257900 
2.259100 
2.259300 
2.260200 
2.260300 
2.260300 
2.260700 
2.261000 
2.261100 
2.261200 
2.261300 
2.262300 
2.262900 
2.263000 
2.263100 
2.263200 
2.263200 
2.263300 
2.263400 
2.263500 
2.264200 
2.264800 
2.265300 
2.265700 
2.266600 
2.266600 
2.266700 
2.266800 
2.266800 
2.266900 
2.267300 
2.267700 
2.267900 
2.268600 
2.269400 
2.269800 
2.270400 
2.270400 
2.270500 
2.271100 
2.271200 
2.271700 
2.271800 
2.272400 
2.273400 
2.273600 
2.273800 
2.273900 
2.273900 
2.275400 
2.275800 
2.275900 
2.276100 
2.276100 
2.276600 
2.276700 
2.277200 
2.277900 
2.278500 
2.278500 
2.279000 
2.279400 
2.280400 
2.281300 
2.281300 
2.281400 
2.281500 
2.281600 
2.282900 
2.283000 
2.283200 
2.283600 
2.283700 
2.283800 
2.283900 
2.283900 
2.284600 
2.284800 
2.284800 
2.285000 
2.285100 
2.285800 
2.285900 
2.286300 
2.286300 
2.287000 
2.287400 
2.288400 
2.288600 
2.288900 
2.289000 
2.289100 
2.289300 
2.289700 
2.290300 
2.290400 
2.290400 
2.290600 
2.290900 
2.291200 
2.291200 
2.291800 
2.291900 
2.292000 
2.292200 
2.292300 
2.292700 
2.292800 
2.292900 
2.293100 
2.293700 
2.293900 
2.294000 
2.294400 
2.295300 
2.295700 
2.296300 
2.297000 
2.297300 
2.299100 
2.299600 
2.299600 
2.300000 
2.300400 
2.300800 
2.301000 
2.301100 
2.301300 
2.301400 
2.301600 
2.301900 
2.302200 
2.302600 
2.302700 
2.303100 
2.303100 
2.303200 
2.303300 
2.303400 
2.303500 
2.304100 
2.304300 
2.304400 
2.304800 
2.305400 
2.305500 
2.305600 
2.305700 
2.306200 
2.306300 
2.306600 
2.306700 
2.307000 
2.307400 
2.308200 
2.308500 
2.308500 
2.308600 
2.308700 
2.309100 
2.309700 
2.310000 
2.310200 
2.310500 
2.310600 
2.311100 
2.311100 
2.311100 
2.311200 
2.311900 
2.312500 
2.312500 
2.313100 
2.313300 
2.313500 
2.313700 
2.313900 
2.314200 
2.314300 
2.314300 
2.314800 
2.314800 
2.314900 
2.315100 
2.316000 
2.316200 
2.316500 
2.316600 
2.316800 
2.317000 
2.317100 
2.317500 
2.317600 
2.317900 
2.317900 
2.318200 
2.318700 
2.318700 
2.318800 
2.318900 
2.318900 
2.319400 
2.319600 
2.319800 
2.320300 
2.320600 
2.320900 
2.320900 
2.321300 
2.321600 
2.321700 
2.321700 
2.322100 
2.322200 
2.322300 
2.322400 
2.322900 
2.323200 
2.323600 
2.323800 
2.324000 
2.324100 
2.324400 
2.326100 
2.326200 
2.326200 
2.326800 
2.326800 
2.326900 
2.327600 
2.328500 
2.329100 
2.329200 
2.329300 
2.329400 
2.330500 
2.330600 
2.330900 
2.331000 
2.331200 
2.331800 
2.332100 
2.332100 
2.332300 
2.332400 
2.332500 
2.332700 
2.333600 
2.334200 
2.334200 
2.334500 
2.334900 
2.335400 
2.335500 
2.335900 
2.336100 
2.336600 
2.336900 
2.337100 
2.337500 
2.338500 
2.339200 
2.339200 
2.339300 
2.339700 
2.339900 
2.340000 
2.340800 
2.341400 
2.342200 
2.342300 
2.343000 
2.343300 
2.343700 
2.343800 
2.344200 
2.344900 
2.344900 
2.344900 
2.345000 
2.345000 
2.345400 
2.345900 
2.346500 
2.346900 
2.346900 
2.347000 
2.347300 
2.347500 
2.347600 
2.347700 
2.347800 
2.348000 
2.348300 
2.348900 
2.348900 
2.349000 
2.349300 
2.349900 
2.350900 
2.351100 
2.351200 
2.352300 
2.352800 
2.352900 
2.353100 
2.353100 
2.353400 
2.353500 
2.353900 
2.354000 
2.354000 
2.354200 
2.354400 
2.354400 
2.354600 
2.356200 
2.356200 
2.356500 
2.356800 
2.357800 
2.357900 
2.358100 
2.358200 
2.358200 
2.358200 
2.358500 
2.359000 
2.359100 
2.359500 
2.359500 
2.359500 
2.359700 
2.360000 
2.360600 
2.361100 
2.361100 
2.361200 
2.362800 
2.363000 
2.363200 
2.363700 
2.363800 
2.363800 
2.364500 
2.365200 
2.366000 
2.366000 
2.366100 
2.366300 
2.367400 
2.367900 
2.368100 
2.368200 
2.368300 
2.368500 
2.368500 
2.368700 
2.369100 
2.369700 
2.370600 
2.371000 
2.371100 
2.371300 
2.371400 
2.372100 
2.372300 
2.372500 
2.372600 
2.373200 
2.373500 
2.373800 
2.374500 
2.374500 
2.375000 
2.375200 
2.375500 
2.375600 
2.375600 
2.376000 
2.376500 
2.377100 
2.377200 
2.377800 
2.378100 
2.378100 
2.378400 
2.378500 
2.378600 
2.378700 
2.379200 
2.379800 
2.380300 
2.380500 
2.380700 
2.381200 
2.381400 
2.382300 
2.382500 
2.384400 
2.385000 
2.385200 
2.385500 
2.386100 
2.386200 
2.386900 
2.387100 
2.388200 
2.388200 
2.388900 
2.389600 
2.389600 
2.389900 
2.390000 
2.390100 
2.391600 
2.392700 
2.393100 
2.393300 
2.393600 
2.393800 
2.394100 
2.394400 
2.395000 
2.395100 
2.395700 
2.395800 
2.396000 
2.396300 
2.396500 
2.397500 
2.398000 
2.398300 
2.398400 
2.398500 
2.398500 
2.398500 
2.398700 
2.399300 
2.399400 
2.399700 
2.400100 
2.400500 
2.400800 
2.400800 
2.401000 
2.401100 
2.401700 
2.402000 
2.402000 
2.402100 
2.402700 
2.403100 
2.403400 
2.403500 
2.403700 
2.403700 
2.403700 
2.403800 
2.403900 
2.404100 
2.404200 
2.404500 
2.404600 
2.404700 
2.405200 
2.405400 
2.405900 
2.406200 
2.406200 
2.407200 
2.407300 
2.407600 
2.407700 
2.408300 
2.408300 
2.408400 
2.408800 
2.409600 
2.410200 
2.410600 
2.411000 
2.411200 
2.411500 
2.412200 
2.412600 
2.412900 
2.413200 
2.414100 
2.414200 
2.414800 
2.415000 
2.415000 
2.415200 
2.416200 
2.416700 
2.417000 
2.417300 
2.417600 
2.417700 
2.418400 
2.419000 
2.419000 
2.419300 
2.419900 
2.420000 
2.420700 
2.421200 
2.421800 
2.421800 
2.422200 
2.422300 
2.422400 
2.422800 
2.422800 
2.422900 
2.423600 
2.423600 
2.423700 
2.423800 
2.423900 
2.424300 
2.424400 
2.424400 
2.424800 
2.425400 
2.426700 
2.427000 
2.427000 
2.427500 
2.428200 
2.428600 
2.428800 
2.429000 
2.429000 
2.429200 
2.429200 
2.430000 
2.430100 
2.430200 
2.430400 
2.430800 
2.431100 
2.431400 
2.431500 
2.432000 
2.432100 
2.432200 
2.432200 
2.432300 
2.432700 
2.433300 
2.433400 
2.433500 
2.433700 
2.433800 
2.434300 
2.434500 
2.434900 
2.435100 
2.435300 
2.435500 
2.435900 
2.436800 
2.436900 
2.437000 
2.437100 
2.437800 
2.438200 
2.438500 
2.439100 
2.439300 
2.439400 
2.439800 
2.439800 
2.440100 
2.440100 
2.440300 
2.440400 
2.440400 
2.440500 
2.440900 
2.440900 
2.441100 
2.441600 
2.441900 
2.442400 
2.442700 
2.442700 
2.444600 
2.444900 
2.445800 
2.445900 
2.445900 
2.446100 
2.446600 
2.446700 
2.446800 
2.447100 
2.447200 
2.447300 
2.447700 
2.448200 
2.448600 
2.448600 
2.449000 
2.449400 
2.449700 
2.449800 
2.450800 
2.450800 
2.450900 
2.450900 
2.451200 
2.451300 
2.451800 
2.452100 
2.452100 
2.452200 
2.452200 
2.452300 
2.452300 
2.453700 
2.453800 
2.453900 
2.454000 
2.454500 
2.454900 
2.455000 
2.455300 
2.455700 
2.455700 
2.455800 
2.455800 
2.456200 
2.457000 
2.457100 
2.457300 
2.457500 
2.457700 
2.457700 
2.458000 
2.458300 
2.458400 
2.458600 
2.458900 
2.459400 
2.459400 
2.459800 
2.459800 
2.460300 
2.460900 
2.461600 
2.461700 
2.462100 
2.462400 
2.463100 
2.463700 
2.464500 
2.464700 
2.464700 
2.465400 
2.466300 
2.466900 
2.466900 
2.467700 
2.468000 
2.468000 
2.468100 
2.468300 
2.469500 
2.471200 
2.471900 
2.472600 
2.472800 
2.473500 
2.473600 
2.473900 
2.474000 
2.474100 
2.474300 
2.474400 
2.474700 
2.474900 
2.475000 
2.476100 
2.476100 
2.476500 
2.476500 
2.477300 
2.477400 
2.477500 
2.477700 
2.477900 
2.478000 
2.478200 
2.478300 
2.478300 
2.478500 
2.478900 
2.478900 
2.479300 
2.479400 
2.479500 
2.479800 
2.480300 
2.480300 
2.480900 
2.481900 
2.481900 
2.481900 
2.482000 
2.482100 
2.482900 
2.483000 
2.483100 
2.483400 
2.483700 
2.483800 
2.483900 
2.483900 
2.484000 
2.484100 
2.484100 
2.484300 
2.484300 
2.484600 
2.484800 
2.485200 
2.485200 
2.485300 
2.485500 
2.485700 
2.486200 
2.486300 
2.486400 
2.486500 
2.486600 
2.486700 
2.487000 
2.487100 
2.487100 
2.487100 
2.487400 
2.487500 
2.487900 
2.488000 
2.488200 
2.488200 
2.488400 
2.488500 
2.488600 
2.488800 
2.489300 
2.489300 
2.490100 
2.490200 
2.490300 
2.490400 
2.491400 
2.491600 
2.491700 
2.491700 
2.492000 
2.493000 
2.493200 
2.493300 
2.493500 
2.493800 
2.494300 
2.494800 
2.495200 
2.495400 
2.495600 
2.495800 
2.495900 
2.496100 
2.496300 
2.496500 
2.496600 
2.496700 
2.497100 
2.497400 
2.497400 
2.497600 
2.497600 
2.497600 
2.497600 
2.497900 
2.498200 
2.498300 
2.499100 
2.499100 
2.500100 
2.500700 
2.500700 
2.501500 
2.501700 
2.501900 
2.502000 
2.502400 
2.503800 
2.504100 
2.504200 
2.504500 
2.505200 
2.505300 
2.506400 
2.506700 
2.507900 
2.508000 
2.508500 
2.508600 
2.508700 
2.511000 
2.511200 
2.511400 
2.511900 
2.512100 
2.512100 
2.512900 
2.513600 
2.514600 
2.514900 
2.515200 
2.516100 
2.516200 
2.516200 
2.516400 
2.516600 
2.516800 
2.517000 
2.517100 
2.517700 
2.517700 
2.517900 
2.518300 
2.518500 
2.519100 
2.519400 
2.519800 
2.519800 
2.520000 
2.520100 
2.520100 
2.521100 
2.521900 
2.521900 
2.522000 
2.522500 
2.522500 
2.522900 
2.523000 
2.523100 
2.523100 
2.523100 
2.523900 
2.524000 
2.524800 
2.524800 
2.524900 
2.525100 
2.525700 
2.526600 
2.527200 
2.527400 
2.528200 
2.528400 
2.528900 
2.529300 
2.529500 
2.529600 
2.529600 
2.529700 
2.529700 
2.529700 
2.529800 
2.531500 
2.531600 
2.531700 
2.531800 
2.531800 
2.533300 
2.533300 
2.533500 
2.533500 
2.533600 
2.534300 
2.534400 
2.535800 
2.535900 
2.536400 
2.536800 
2.537000 
2.537200 
2.537800 
2.538000 
2.538300 
2.538600 
2.538600 
2.539100 
2.539200 
2.539400 
2.539500 
2.539700 
2.540600 
2.540900 
2.541300 
2.541900 
2.542500 
2.542600 
2.542600 
2.542600 
2.542700 
2.542800 
2.543200 
2.543200 
2.543700 
2.544400 
2.544400 
2.545500 
2.545800 
2.545900 
2.546400 
2.546500 
2.548300 
2.549000 
2.549000 
2.549200 
2.550500 
2.550600 
2.550700 
2.551200 
2.551400 
2.551500 
2.551800 
2.552300 
2.552500 
2.552500 
2.553100 
2.553300 
2.553600 
2.554500 
2.554700 
2.555000 
2.555200 
2.555200 
2.555200 
2.555900 
2.556300 
2.556800 
2.556900 
2.557500 
2.557700 
2.557700 
2.558500 
2.558500 
2.558600 
2.558800 
2.558800 
2.558800 
2.559200 
2.559300 
2.559500 
2.559600 
2.560700 
2.560800 
2.560900 
2.561100 
2.561200 
2.562000 
2.562100 
2.562200 
2.562200 
2.562400 
2.562600 
2.563000 
2.563700 
2.563700 
2.563800 
2.564200 
2.564400 
2.565300 
2.565500 
2.565700 
2.565700 
2.565800 
2.566200 
2.566400 
2.566500 
2.566600 
2.567300 
2.567500 
2.567600 
2.568000 
2.568200 
2.568200 
2.568400 
2.568600 
2.568900 
2.569100 
2.569400 
2.569500 
2.570100 
2.570100 
2.570500 
2.570900 
2.571000 
2.571100 
2.571500 
2.571500 
2.572300 
2.572500 
2.572600 
2.572900 
2.572900 
2.573000 
2.573300 
2.573800 
2.574000 
2.574400 
2.574600 
2.574700 
2.574900 
2.575000 
2.575200 
2.575600 
2.576200 
2.576400 
2.576500 
2.576800 
2.577300 
2.578100 
2.578500 
2.578500 
2.578700 
2.578900 
2.579000 
2.579200 
2.579300 
2.579400 
2.580100 
2.580200 
2.580400 
2.580600 
2.581000 
2.581100 
2.581200 
2.581500 
2.581600 
2.581700 
2.581700 
2.582900 
2.583200 
2.583900 
2.584700 
2.584800 
2.585500 
2.586300 
2.586300 
2.587000 
2.587600 
2.588300 
2.588700 
2.588900 
2.589000 
2.589600 
2.590100 
2.590300 
2.590900 
2.591400 
2.591700 
2.591700 
2.591800 
2.591800 
2.591900 
2.592300 
2.592500 
2.593000 
2.593100 
2.593200 
2.594000 
2.594400 
2.594700 
2.595600 
2.596200 
2.596500 
2.597600 
2.597700 
2.597800 
2.598500 
2.598600 
2.598700 
2.598800 
2.599200 
2.599500 
2.599500 
2.599600 
2.599700 
2.600100 
2.600100 
2.600200 
2.600200 
2.600200 
2.600400 
2.600500 
2.600600 
2.601000 
2.601300 
2.601500 
2.601700 
2.602200 
2.602200 
2.602600 
2.603400 
2.603500 
2.603500 
2.603800 
2.603800 
2.604100 
2.604600 
2.604600 
2.605500 
2.605700 
2.606000 
2.606000 
2.606100 
2.606500 
2.606600 
2.606900 
2.606900 
2.607000 
2.608000 
2.608100 
2.608100 
2.608400 
2.608700 
2.610400 
2.610700 
2.610700 
2.610900 
2.611000 
2.611100 
2.611300 
2.611600 
2.611700 
2.611900 
2.612100 
2.612500 
2.612800 
2.612900 
2.613200 
2.613300 
2.613600 
2.613800 
2.613900 
2.614600 
2.614700 
2.615700 
2.615900 
2.616100 
2.616500 
2.616500 
2.616700 
2.616900 
2.617400 
2.618000 
2.618500 
2.619000 
2.619200 
2.619700 
2.620200 
2.620800 
2.621100 
2.621200 
2.621200 
2.622300 
2.622500 
2.622900 
2.623300 
2.623700 
2.623800 
2.624700 
2.625000 
2.625200 
2.625900 
2.626000 
2.626300 
2.627100 
2.627200 
2.627500 
2.628000 
2.628400 
2.628500 
2.629000 
2.629100 
2.629100 
2.629300 
2.629900 
2.629900 
2.629900 
2.629900 
2.630000 
2.631500 
2.631700 
2.632300 
2.632500 
2.633100 
2.633500 
2.633800 
2.634300 
2.634600 
2.634600 
2.634900 
2.635500 
2.636100 
2.636300 
2.636300 
2.636400 
2.636600 
2.636900 
2.637100 
2.638200 
2.638300 
2.639600 
2.639800 
2.639900 
2.640900 
2.641000 
2.641100 
2.641200 
2.641200 
2.641400 
2.641600 
2.642600 
2.642700 
2.642800 
2.642900 
2.643100 
2.644000 
2.644200 
2.645000 
2.645700 
2.645800 
2.645800 
2.645900 
2.646200 
2.646600 
2.646800 
2.646900 
2.647100 
2.647400 
2.647900 
2.648000 
2.648400 
2.648400 
2.649000 
2.649000 
2.649000 
2.649300 
2.649700 
2.649800 
2.650000 
2.651200 
2.651200 
2.651800 
2.651900 
2.652100 
2.652100 
2.652600 
2.652700 
2.652700 
2.653400 
2.653700 
2.653900 
2.654500 
2.654600 
2.655300 
2.655700 
2.656200 
2.656300 
2.656900 
2.657300 
2.657600 
2.657600 
2.657800 
2.658000 
2.658400 
2.658600 
2.658800 
2.659600 
2.659700 
2.659700 
2.660200 
2.660400 
2.660500 
2.660600 
2.660900 
2.661300 
2.661900 
2.662200 
2.662600 
2.662900 
2.662900 
2.663200 
2.663300 
2.663500 
2.663600 
2.666100 
2.666200 
2.666500 
2.666800 
2.667100 
2.667200 
2.667300 
2.667600 
2.667700 
2.668900 
2.669000 
2.669200 
2.669200 
2.669600 
2.669700 
2.669800 
2.670200 
2.670500 
2.670600 
2.670900 
2.670900 
2.671000 
2.671200 
2.671500 
2.671500 
2.671500 
2.672800 
2.673300 
2.673800 
2.673900 
2.674100 
2.674600 
2.674700 
2.674700 
2.674700 
2.675000 
2.675000 
2.675700 
2.675800 
2.676400 
2.676400 
2.676500 
2.676700 
2.677300 
2.677300 
2.677700 
2.677800 
2.677900 
2.678100 
2.678200 
2.678300 
2.678500 
2.678800 
2.679000 
2.679500 
2.679600 
2.680100 
2.680100 
2.680200 
2.680600 
2.680700 
2.680800 
2.681100 
2.683300 
2.683600 
2.684200 
2.684500 
2.685300 
2.685500 
2.685600 
2.685600 
2.685800 
2.685800 
2.686300 
2.686800 
2.687400 
2.687600 
2.687800 
2.687800 
2.688000 
2.688100 
2.688600 
2.688600 
2.688700 
2.688800 
2.689500 
2.689600 
2.689800 
2.689900 
2.690200 
2.690400 
2.690900 
2.691200 
2.691700 
2.691800 
2.692100 
2.692800 
2.692900 
2.693000 
2.693200 
2.693300 
2.693600 
2.694100 
2.694400 
2.694400 
2.694500 
2.694600 
2.694700 
2.694700 
2.695000 
2.695400 
2.695800 
2.695800 
2.695900 
2.696000 
2.696400 
2.696400 
2.696500 
2.697000 
2.697600 
2.697600 
2.697700 
2.697900 
2.698400 
2.698500 
2.698700 
2.698900 
2.699800 
2.700200 
2.701200 
2.701400 
2.702900 
2.702900 
2.703000 
2.703000 
2.703100 
2.705400 
2.705900 
2.707100 
2.707300 
2.707500 
2.707600 
2.707600 
2.707700 
2.707700 
2.707700 
2.707800 
2.707900 
2.708900 
2.709100 
2.709600 
2.709700 
2.710000 
2.710000 
2.710100 
2.710300 
2.710500 
2.710800 
2.711200 
2.711300 
2.711300 
2.711500 
2.711700 
2.711700 
2.711900 
2.712000 
2.712900 
2.713100 
2.713100 
2.713700 
2.714200 
2.714300 
2.714300 
2.714400 
2.715100 
2.715300 
2.715700 
2.716400 
2.716400 
2.716700 
2.716700 
2.717500 
2.717500 
2.718000 
2.718100 
2.718200 
2.719100 
2.719600 
2.720000 
2.720300 
2.720700 
2.720700 
2.721100 
2.722000 
2.722100 
2.722600 
2.723100 
2.723700 
2.723800 
2.724000 
2.724400 
2.724500 
2.724500 
2.724600 
2.725000 
2.725000 
2.725400 
2.725900 
2.726600 
2.727100 
2.727100 
2.727400 
2.727700 
2.727800 
2.727800 
2.728500 
2.728500 
2.728600 
2.728600 
2.729400 
2.729700 
2.729700 
2.729900 
2.730100 
2.730400 
2.731100 
2.731500 
2.732000 
2.732100 
2.732300 
2.733000 
2.733500 
2.733700 
2.734500 
2.735200 
2.735300 
2.735500 
2.736200 
2.736800 
2.736900 
2.737000 
2.737200 
2.737400 
2.737500 
2.737500 
2.737500 
2.738100 
2.738200 
2.738200 
2.738400 
2.738500 
2.739000 
2.739100 
2.739500 
2.740400 
2.740600 
2.741000 
2.741000 
2.741200 
2.741600 
2.741800 
2.741900 
2.741900 
2.741900 
2.742000 
2.742300 
2.742400 
2.744100 
2.744200 
2.744600 
2.744700 
2.745000 
2.745000 
2.745100 
2.745100 
2.745200 
2.745800 
2.746000 
2.746700 
2.747900 
2.748100 
2.748700 
2.748900 
2.749100 
2.750100 
2.750100 
2.750200 
2.751300 
2.751300 
2.751800 
2.751900 
2.751900 
2.751900 
2.752000 
2.752300 
2.752700 
2.752800 
2.752900 
2.753000 
2.753100 
2.753500 
2.753700 
2.754100 
2.754500 
2.754600 
2.754900 
2.755000 
2.755100 
2.755100 
2.755100 
2.755200 
2.755200 
2.755300 
2.755700 
2.755700 
2.755800 
2.755900 
2.755900 
2.756000 
2.756100 
2.756100 
2.756100 
2.756400 
2.756900 
2.757500 
2.757700 
2.757800 
2.758200 
2.758400 
2.758600 
2.758700 
2.759100 
2.759200 
2.759200 
2.759300 
2.759700 
2.759700 
2.759900 
2.760000 
2.760100 
2.760300 
2.760400 
2.760500 
2.760900 
2.761200 
2.761600 
2.761800 
2.761800 
2.762100 
2.762300 
2.762400 
2.762800 
2.763100 
2.763300 
2.763400 
2.763500 
2.763600 
2.764600 
2.764700 
2.765000 
2.765800 
2.765800 
2.765900 
2.765900 
2.766400 
2.766900 
2.767000 
2.767500 
2.767600 
2.768700 
2.769300 
2.769300 
2.769600 
2.770000 
2.770100 
2.770100 
2.771100 
2.771400 
2.772300 
2.773100 
2.774200 
2.774500 
2.774900 
2.775100 
2.775500 
2.775800 
2.776100 
2.777500 
2.777600 
2.777700 
2.778000 
2.778400 
2.778700 
2.779100 
2.779100 
2.779200 
2.779700 
2.779800 
2.780600 
2.780800 
2.780800 
2.780900 
2.782000 
2.782100 
2.782300 
2.782500 
2.782900 
2.783000 
2.783400 
2.783900 
2.784700 
2.784700 
2.784800 
2.785300 
2.786200 
2.786200 
2.786200 
2.786300 
2.786800 
2.786900 
2.787500 
2.788200 
2.788500 
2.788600 
2.789800 
2.790300 
2.791000 
2.791200 
2.791900 
2.792700 
2.792900 
2.793300 
2.793400 
2.793500 
2.793700 
2.793900 
2.793900 
2.793900 
2.794000 
2.794000 
2.794000 
2.794200 
2.794300 
2.794400 
2.794700 
2.794800 
2.795300 
2.795400 
2.795500 
2.795700 
2.795900 
2.796000 
2.796000 
2.796100 
2.797600 
2.797800 
2.798300 
2.798600 
2.798900 
2.799200 
2.799300 
2.799400 
2.799500 
2.799600 
2.800000 
2.800300 
2.800500 
2.800600 
2.800900 
2.801200 
2.802000 
2.802800 
2.803000 
2.803400 
2.804000 
2.804200 
2.804400 
2.804700 
2.804800 
2.805000 
2.805200 
2.806000 
2.806200 
2.806600 
2.806700 
2.806800 
2.808200 
2.808500 
2.808800 
2.809500 
2.809900 
2.810100 
2.810500 
2.810700 
2.810800 
2.811200 
2.812000 
2.812200 
2.812200 
2.812200 
2.812300 
2.812500 
2.812600 
2.813000 
2.813300 
2.813700 
2.815700 
2.815800 
2.816300 
2.816600 
2.816700 
2.817300 
2.817400 
2.818100 
2.818200 
2.818900 
2.820600 
2.820600 
2.821000 
2.821200 
2.821200 
2.822000 
2.822300 
2.822500 
2.822700 
2.823100 
2.824000 
2.824200 
2.824600 
2.824700 
2.825600 
2.825700 
2.825700 
2.825800 
2.826000 
2.826100 
2.826300 
2.826800 
2.827800 
2.828000 
2.828100 
2.828300 
2.829000 
2.829100 
2.829100 
2.829600 
2.829700 
2.830000 
2.830000 
2.830300 
2.830700 
2.831800 
2.831900 
2.832100 
2.832400 
2.832700 
2.833200 
2.833600 
2.833800 
2.834000 
2.834000 
2.834100 
2.834100 
2.834500 
2.834600 
2.835000 
2.836500 
2.837200 
2.837400 
2.837500 
2.838800 
2.839300 
2.840700 
2.841600 
2.841900 
2.842400 
2.843000 
2.843000 
2.843300 
2.843300 
2.843800 
2.844100 
2.844400 
2.844500 
2.844600 
2.845300 
2.845600 
2.845700 
2.845700 
2.846600 
2.846800 
2.847100 
2.847100 
2.847700 
2.847800 
2.847800 
2.847900 
2.847900 
2.848000 
2.848700 
2.848800 
2.849000 
2.849200 
2.849300 
2.849600 
2.850000 
2.850300 
2.850900 
2.851000 
2.851100 
2.851600 
2.851900 
2.852000 
2.852200 
2.852200 
2.852600 
2.852900 
2.853000 
2.853600 
2.853600 
2.853600 
2.853700 
2.853800 
2.854100 
2.854300 
2.854500 
2.854900 
2.855000 
2.855100 
2.855400 
2.855400 
2.855800 
2.856300 
2.856300 
2.857100 
2.857500 
2.858100 
2.858200 
2.858500 
2.858600 
2.858600 
2.858700 
2.858700 
2.859000 
2.859000 
2.859100 
2.859400 
2.860300 
2.860800 
2.861700 
2.861800 
2.862200 
2.862300 
2.862400 
2.862700 
2.862900 
2.863800 
2.863900 
2.864100 
2.864100 
2.864900 
2.865000 
2.865000 
2.865800 
2.866200 
2.866600 
2.866700 
2.866900 
2.867100 
2.867800 
2.867800 
2.868100 
2.868500 
2.868800 
2.868800 
2.869000 
2.869100 
2.869500 
2.869500 
2.869900 
2.869900 
2.870900 
2.871400 
2.871400 
2.872000 
2.872100 
2.872200 
2.872400 
2.872600 
2.872600 
2.872900 
2.873000 
2.873200 
2.873400 
2.873600 
2.874200 
2.874200 
2.874300 
2.874400 
2.874400 
2.874400 
2.874700 
2.874700 
2.876800 
2.876900 
2.876900 
2.877200 
2.877500 
2.877900 
2.878200 
2.878600 
2.878800 
2.879000 
2.879000 
2.879400 
2.879600 
2.880300 
2.880300 
2.880400 
2.881000 
2.882000 
2.882300 
2.882600 
2.882600 
2.883800 
2.883800 
2.884000 
2.884500 
2.884500 
2.884600 
2.884700 
2.885200 
2.886000 
2.886000 
2.887300 
2.887700 
2.888100 
2.888700 
2.888900 
2.889000 
2.889000 
2.889100 
2.889300 
2.889800 
2.890500 
2.890600 
2.890900 
2.891600 
2.891700 
2.892600 
2.893100 
2.893200 
2.893400 
2.894100 
2.894100 
2.894300 
2.894400 
2.894400 
2.894600 
2.894700 
2.894800 
2.894900 
2.895100 
2.895200 
2.896300 
2.896500 
2.896900 
2.897100 
2.897100 
2.897300 
2.897800 
2.898500 
2.898600 
2.898600 
2.899300 
2.899600 
2.899900 
2.900000 
2.900000 
2.900200 
2.900900 
2.901100 
2.901700 
2.902000 
2.902200 
2.902700 
2.902800 
2.902900 
2.903100 
2.903400 
2.903500 
2.903700 
2.903700 
2.903900 
2.904000 
2.904000 
2.904400 
2.904800 
2.905000 
2.905100 
2.905700 
2.906200 
2.906600 
2.907100 
2.907200 
2.907200 
2.907600 
2.908000 
2.908600 
2.908700 
2.909300 
2.909400 
2.910000 
2.910300 
2.910800 
2.910800 
2.910900 
2.911200 
2.911800 
2.912800 
2.913000 
2.913000 
2.913400 
2.913400 
2.913500 
2.913900 
2.914000 
2.914400 
2.914400 
2.914900 
2.915300 
2.915700 
2.915800 
2.916200 
2.916400 
2.916600 
2.916800 
2.916800 
2.917600 
2.918100 
2.918200 
2.918500 
2.919100 
2.919100 
2.919400 
2.919500 
2.919600 
2.919900 
2.920600 
2.920600 
2.921200 
2.921400 
2.921900 
2.922000 
2.922200 
2.922300 
2.922800 
2.923400 
2.924200 
2.924300 
2.924300 
2.924500 
2.925100 
2.925300 
2.925400 
2.925900 
2.926300 
2.926400 
2.926600 
2.926700 
2.926900 
2.926900 
2.927100 
2.927100 
2.927200 
2.927400 
2.927600 
2.927800 
2.928000 
2.928200 
2.928200 
2.928500 
2.928500 
2.928600 
2.928800 
2.929000 
2.929300 
2.929400 
2.930500 
2.930700 
2.931000 
2.931200 
2.931900 
2.932000 
2.932000 
2.932300 
2.932400 
2.933000 
2.933100 
2.933200 
2.933200 
2.933400 
2.933500 
2.934100 
2.935000 
2.935200 
2.935300 
2.935400 
2.936100 
2.936300 
2.936500 
2.938000 
2.938100 
2.938200 
2.938200 
2.938600 
2.939300 
2.939500 
2.939600 
2.939600 
2.939700 
2.939900 
2.940500 
2.940800 
2.941800 
2.941900 
2.942400 
2.942400 
2.944200 
2.945200 
2.945700 
2.945700 
2.946800 
2.946900 
2.948000 
2.948500 
2.948900 
2.948900 
2.949200 
2.949600 
2.949700 
2.949700 
2.949800 
2.950200 
2.950600 
2.950600 
2.951000 
2.951100 
2.951900 
2.952000 
2.952600 
2.952900 
2.953600 
2.954800 
2.955100 
2.955200 
2.955400 
2.955800 
2.956400 
2.956700 
2.957400 
2.958600 
2.958600 
2.958800 
2.958900 
2.959000 
2.959600 
2.960000 
2.960300 
2.960300 
2.960500 
2.960500 
2.960600 
2.961400 
2.961700 
2.963600 
2.963800 
2.964200 
2.964200 
2.965000 
2.966000 
2.967000 
2.967100 
2.968200 
2.968300 
2.968300 
2.968500 
2.968800 
2.968900 
2.969300 
2.969800 
2.970700 
2.970800 
2.970900 
2.971000 
2.971300 
2.971500 
2.971600 
2.972100 
2.972300 
2.973200 
2.973300 
2.973400 
2.973400 
2.974000 
2.975000 
2.975100 
2.975900 
2.976100 
2.976300 
2.976900 
2.977000 
2.977000 
2.977300 
2.977800 
2.978100 
2.978400 
2.978500 
2.978700 
2.978700 
2.979000 
2.979200 
2.979300 
2.979600 
2.979700 
2.979900 
2.980400 
2.980500 
2.980700 
2.981700 
2.981800 
2.981800 
2.981900 
2.982100 
2.982800 
2.983100 
2.983200 
2.983200 
2.983300 
2.983600 
2.983700 
2.983800 
2.983800 
2.984000 
2.984200 
2.984600 
2.984800 
2.984900 
2.984900 
2.985200 
2.985200 
2.985300 
2.985800 
2.985900 
2.985900 
2.986200 
2.986300 
2.986300 
2.986700 
2.986800 
2.987000 
2.987100 
2.987200 
2.987300 
2.988000 
2.988200 
2.988300 
2.988400 
2.988700 
2.988700 
2.989400 
2.989800 
2.989900 
2.990300 
2.990300 
2.990700 
2.990700 
2.991300 
2.991500 
2.992000 
2.992000 
2.992200 
2.993500 
2.994200 
2.994900 
2.995000 
2.995000 
2.995400 
2.995700 
2.995700 
2.995700 
2.996200 
2.996300 
2.996600 
2.996700 
2.996700 
2.997100 
2.997400 
2.997700 
2.998000 
2.998000 
2.998000 
2.998400 
2.998500 
2.998500 
2.998800 
2.998800 
2.999100 
2.999400 
2.999600 
