14 
16 
11 
5 
15 
9 
6 
14 
16 
14 
6 
14 
15 
6 
16 
14 
2 
14 
10 
6 
8 
12 
16 
10 
15 
17 
2 
6 
12 
10 
9 
14 
12 
16 
14 
10 
6 
2 
4 
10 
6 
8 
2 
8 
14 
6 
16 
11 
3 
18 
3 
14 
6 
9 
16 
10 
14 
3 
16 
10 
12 
2 
6 
1 
7 
11 
14 
6 
10 
16 
1 
2 
12 
0 
15 
8 
12 
5 
14 
16 
7 
14 
15 
12 
6 
16 
14 
12 
14 
6 
12 
16 
15 
12 
14 
2 
12 
16 
10 
17 
2 
5 
12 
14 
12 
16 
12 
17 
0 
12 
13 
6 
2 
8 
9 
6 
14 
12 
6 
14 
12 
7 
8 
10 
12 
2 
16 
6 
9 
2 
12 
4 
14 
8 
16 
9 
12 
16 
6 
15 
12 
2 
8 
14 
12 
18 
16 
5 
10 
2 
14 
9 
12 
18 
14 
12 
6 
9 
18 
13 
6 
14 
2 
12 
6 
14 
10 
12 
2 
12 
0 
6 
4 
15 
14 
6 
8 
4 
16 
6 
3 
17 
12 
16 
1 
14 
6 
0 
12 
8 
4 
11 
15 
0 
13 
17 
10 
12 
14 
10 
5 
12 
16 
8 
6 
4 
2 
14 
12 
16 
8 
9 
4 
6 
16 
2 
0 
12 
4 
14 
12 
10 
6 
16 
8 
14 
13 
15 
12 
10 
2 
0 
7 
12 
6 
17 
16 
8 
0 
14 
6 
12 
14 
9 
13 
8 
16 
12 
2 
17 
14 
6 
12 
14 
8 
14 
3 
16 
12 
10 
18 
8 
14 
12 
14 
12 
16 
4 
18 
11 
16 
2 
14 
6 
15 
2 
6 
17 
14 
15 
12 
8 
14 
6 
10 
8 
12 
13 
9 
6 
16 
12 
2 
15 
3 
14 
6 
12 
9 
10 
16 
14 
7 
12 
0 
14 
2 
7 
10 
13 
4 
15 
16 
5 
10 
6 
4 
12 
16 
9 
3 
12 
7 
12 
6 
2 
14 
7 
10 
3 
12 
13 
14 
12 
9 
12 
8 
14 
8 
12 
14 
9 
10 
15 
2 
14 
0 
12 
17 
2 
1 
6 
3 
16 
5 
12 
9 
8 
6 
17 
16 
15 
7 
14 
12 
13 
4 
9 
12 
16 
14 
10 
8 
14 
3 
6 
12 
4 
17 
11 
8 
12 
14 
2 
13 
2 
14 
9 
4 
0 
2 
14 
18 
12 
10 
2 
14 
3 
6 
2 
8 
15 
12 
13 
6 
14 
