0.042800 
0.047800 
0.052300 
0.059900 
0.068300 
0.069300 
0.091900 
0.101000 
0.107600 
0.109800 
0.117000 
0.134000 
0.136900 
0.144800 
0.145500 
0.148300 
0.153800 
0.170800 
0.173900 
0.181300 
0.192400 
0.198700 
0.204000 
0.217100 
0.224100 
0.240200 
0.245300 
0.250700 
0.251000 
0.259100 
0.268300 
0.273900 
0.277300 
0.282800 
0.287900 
0.297300 
0.304800 
0.309900 
0.316300 
0.320600 
0.354600 
0.357600 
0.362400 
0.377700 
0.385600 
0.391000 
0.407800 
0.431300 
0.441400 
0.442500 
0.449200 
0.464700 
0.472500 
0.476000 
0.482300 
0.489500 
0.493700 
0.498500 
0.498600 
0.502800 
0.505600 
0.515900 
0.517500 
0.522100 
0.522300 
0.529800 
0.536200 
0.544700 
0.545600 
0.552100 
0.556600 
0.577200 
0.587200 
0.593500 
0.642000 
0.644800 
0.649600 
0.656500 
0.666700 
0.682100 
0.691200 
0.714500 
0.754100 
0.756500 
0.768200 
0.774900 
0.775200 
0.778000 
0.780400 
0.782400 
0.794100 
0.801500 
0.809500 
0.821700 
0.825200 
0.835200 
0.845500 
0.847700 
0.861600 
0.867500 
0.867700 
0.871600 
0.900100 
0.902400 
0.909300 
0.914900 
0.917300 
0.920100 
0.925000 
0.928500 
0.929800 
0.932000 
0.932100 
0.934300 
0.943900 
0.971600 
0.982300 
0.988000 
1.002700 
1.006000 
1.013800 
1.032200 
1.041800 
1.061500 
1.064900 
1.078900 
1.082200 
1.084200 
1.085700 
1.090800 
1.122600 
1.125600 
1.142100 
1.143000 
1.155100 
1.170400 
1.172300 
1.185900 
1.230000 
1.234500 
1.242800 
1.244100 
1.246100 
1.252900 
1.254900 
1.258600 
1.265200 
1.271100 
1.272500 
1.284300 
1.288800 
1.291000 
1.300300 
1.302200 
1.304200 
1.309300 
1.326200 
1.326900 
1.329800 
1.345800 
1.351200 
1.352600 
1.360400 
1.368100 
1.386900 
1.398400 
1.403100 
1.412000 
1.421900 
1.441300 
1.455700 
1.460900 
1.461000 
1.461700 
1.464600 
1.470400 
1.474000 
1.482700 
1.502200 
1.503100 
1.504300 
1.511100 
1.525000 
1.529500 
1.535100 
1.544200 
1.550800 
1.558800 
1.560800 
1.563300 
1.565300 
1.570000 
1.572600 
1.572600 
1.583100 
1.584700 
1.590000 
1.602700 
1.607200 
1.619000 
1.622700 
1.635300 
1.645600 
1.651500 
1.651800 
1.678100 
1.684400 
1.688500 
1.696400 
1.700400 
1.706800 
1.737300 
1.749300 
1.750100 
1.759600 
1.760600 
1.771700 
1.772800 
1.774600 
1.794200 
1.803700 
1.837300 
1.865400 
1.867000 
1.871000 
1.872100 
1.876000 
1.892500 
1.894800 
1.902100 
1.905200 
1.912000 
1.914000 
1.918900 
1.923500 
1.933400 
1.942800 
1.950900 
1.952600 
1.964000 
1.965500 
1.968900 
1.977200 
1.978000 
1.979500 
1.982300 
1.987400 
1.998600 
2.009500 
2.018500 
2.023400 
2.024800 
2.030200 
2.034200 
2.040500 
2.045900 
2.072200 
2.075400 
2.086900 
2.093500 
2.098800 
2.100400 
2.109800 
2.118500 
2.118500 
2.138200 
2.146100 
2.147000 
2.148300 
2.154100 
2.161200 
2.175700 
2.187900 
2.190800 
2.194600 
2.196700 
2.207200 
2.215300 
2.240400 
2.255400 
2.258000 
2.262900 
2.270500 
2.283200 
2.295900 
2.306600 
2.314100 
2.329100 
2.332700 
2.334700 
2.341100 
2.342600 
2.393200 
2.401500 
2.402800 
2.420700 
2.421600 
2.447300 
2.452700 
2.457000 
2.463400 
2.473000 
2.484700 
2.493200 
2.496600 
2.502800 
2.507700 
2.510300 
2.519700 
2.528500 
2.528800 
2.556000 
2.573400 
2.574900 
2.579300 
2.580300 
2.584800 
2.586100 
2.602000 
2.618400 
2.626900 
2.627800 
2.641600 
2.646600 
2.657900 
2.664800 
2.678300 
2.696400 
2.723200 
2.725700 
2.755900 
2.763300 
2.763800 
2.767400 
2.770900 
2.778300 
2.788500 
2.811400 
2.816900 
2.825000 
2.836800 
2.842300 
2.857000 
2.874100 
2.875700 
2.875900 
2.885000 
2.887600 
2.896900 
2.900300 
2.912300 
2.921700 
2.923800 
2.929000 
2.932500 
2.933700 
2.941100 
2.942800 
2.947400 
2.954000 
2.974200 
2.988100 
2.994600 
