0.043800 
0.048000 
0.052000 
0.052200 
0.054100 
0.054500 
0.065900 
0.076000 
0.086300 
0.090700 
0.095200 
0.103900 
0.108100 
0.110900 
0.112500 
0.115400 
0.115500 
0.121300 
0.127000 
0.128800 
0.131800 
0.133300 
0.140100 
0.148500 
0.154000 
0.154200 
0.157400 
0.158900 
0.159800 
0.164100 
0.164700 
0.168400 
0.168600 
0.172700 
0.173300 
0.187700 
0.187900 
0.188100 
0.190500 
0.190600 
0.192200 
0.201600 
0.204700 
0.207000 
0.207200 
0.209300 
0.210000 
0.216200 
0.226700 
0.228800 
0.229100 
0.234100 
0.235800 
0.236900 
0.239000 
0.247400 
0.247500 
0.253400 
0.253800 
0.254400 
0.256300 
0.258400 
0.272600 
0.283800 
0.284100 
0.285000 
0.289800 
0.289900 
0.292900 
0.297100 
0.309000 
0.317700 
0.318800 
0.321000 
0.334100 
0.344900 
0.346400 
0.347600 
0.349900 
0.352700 
0.354400 
0.359800 
0.366100 
0.368300 
0.372100 
0.374200 
0.382600 
0.386700 
0.398900 
0.402400 
0.403300 
0.408800 
0.411200 
0.417400 
0.421700 
0.425700 
0.428800 
0.428900 
0.431900 
0.441400 
0.448500 
0.449300 
0.474000 
0.474200 
0.475400 
0.483100 
0.484300 
0.485700 
0.486000 
0.490200 
0.492700 
0.494000 
0.514800 
0.517900 
0.526200 
0.528700 
0.529200 
0.530300 
0.533200 
0.533300 
0.536000 
0.536800 
0.550300 
0.554000 
0.560400 
0.563700 
0.571100 
0.574800 
0.576000 
0.584900 
0.586500 
0.589200 
0.592700 
0.595100 
0.597600 
0.598900 
0.598900 
0.605200 
0.606700 
0.613400 
0.620400 
0.620600 
0.621300 
0.622000 
0.622100 
0.627600 
0.644100 
0.645800 
0.647500 
0.649300 
0.650700 
0.657900 
0.668500 
0.669100 
0.681400 
0.681800 
0.682000 
0.682000 
0.686100 
0.698600 
0.698900 
0.704000 
0.704800 
0.710400 
0.710600 
0.710600 
0.711100 
0.717700 
0.718600 
0.720300 
0.722900 
0.724600 
0.724700 
0.725600 
0.740300 
0.743700 
0.746300 
0.753700 
0.760300 
0.764600 
0.766900 
0.770500 
0.775300 
0.776400 
0.778200 
0.780600 
0.781100 
0.783400 
0.786500 
0.786600 
0.800300 
0.800500 
0.800700 
0.804700 
0.811100 
0.813900 
0.815900 
0.816800 
0.817300 
0.826700 
0.829700 
0.830700 
0.835300 
0.836200 
0.837100 
0.839000 
0.839400 
0.843700 
0.845400 
0.848400 
0.848900 
0.849400 
0.852600 
0.853500 
0.861700 
0.869000 
0.871700 
0.876500 
0.881500 
0.884000 
0.884500 
0.885400 
0.887600 
0.890100 
0.901200 
0.905900 
0.912600 
0.913600 
0.919700 
0.921100 
0.922200 
0.923400 
0.925900 
0.926200 
0.926700 
0.933100 
0.933400 
0.941300 
0.951400 
0.952300 
0.952400 
0.956200 
0.956300 
0.960100 
0.975900 
0.979900 
0.980000 
0.983600 
0.989200 
0.991600 
0.997200 
0.998800 
1.000300 
1.001000 
1.002900 
1.011900 
1.012900 
1.013700 
1.013900 
1.017600 
1.019100 
1.019800 
1.021100 
1.022200 
1.027000 
1.031300 
1.034500 
1.036800 
1.041500 
1.042600 
1.056100 
1.068500 
1.071500 
1.074800 
1.076700 
1.080200 
1.081600 
1.086800 
1.087800 
1.088500 
1.095700 
1.096600 
1.101200 
1.108000 
1.116400 
1.117700 
1.118600 
1.122000 
1.125200 
1.126500 
1.126500 
1.137400 
1.141000 
1.144300 
1.145200 
1.153200 
1.155400 
1.156200 
1.160500 
1.161300 
1.164700 
1.180800 
1.183100 
1.183200 
1.186100 
1.190400 
1.190700 
1.196000 
1.197300 
1.204800 
1.207500 
1.208800 
1.211800 
1.214400 
1.218400 
1.224600 
1.228800 
1.228900 
1.238500 
1.242400 
1.242700 
1.245700 
1.257000 
1.258200 
1.260400 
1.270100 
1.273100 
1.274600 
1.274600 
1.278200 
1.286100 
1.286200 
1.298200 
1.302800 
1.307600 
1.309300 
1.311700 
1.318200 
1.323100 
1.323700 
1.324600 
1.329300 
1.332400 
1.335800 
1.336500 
1.341800 
1.342100 
1.342700 
1.344300 
1.351900 
1.372800 
1.378700 
1.383800 
1.388600 
1.392500 
1.392600 
1.394900 
1.402700 
1.409000 
1.411700 
1.421300 
1.423100 
1.423800 
1.431000 
1.439800 
1.440800 
1.442200 
1.443800 
1.448600 
1.459100 
1.462900 
1.469000 
1.476400 
1.478700 
1.482300 
1.482700 
1.493600 
1.493700 
1.495100 
1.498400 
1.499900 
1.505400 
1.509200 
1.510200 
1.526800 
1.532100 
1.535300 
1.537700 
1.541900 
1.550200 
1.550600 
1.552400 
1.553100 
1.554400 
1.555500 
1.565500 
1.565800 
1.571800 
1.572500 
1.576300 
1.577200 
1.578000 
1.580400 
1.583800 
1.586300 
1.588900 
1.593500 
1.597800 
1.600900 
1.601700 
1.602800 
1.604700 
1.608600 
1.611700 
1.612600 
1.634900 
1.636000 
1.636100 
1.636400 
1.640100 
1.640400 
1.640500 
1.646900 
1.648000 
1.657100 
1.660700 
1.664800 
1.665000 
1.671300 
1.672000 
1.676400 
1.677000 
1.678300 
1.680500 
1.682400 
1.684300 
1.687200 
1.688100 
1.690600 
1.693700 
1.702200 
1.702700 
1.708800 
1.712100 
1.714900 
1.718500 
1.718500 
1.720000 
1.726800 
1.729600 
1.744000 
1.751100 
1.751200 
1.752400 
1.761500 
1.761800 
1.765500 
1.765700 
1.765800 
1.766600 
1.771400 
1.777400 
1.777900 
1.778100 
1.778600 
1.778800 
1.782800 
1.785600 
1.786700 
1.798300 
1.798500 
1.802000 
1.803800 
1.805200 
1.805400 
1.811400 
1.811900 
1.812300 
1.817300 
1.821200 
1.823600 
1.824300 
1.827700 
1.833200 
1.833800 
1.835500 
1.838300 
1.838600 
1.839900 
1.844700 
1.845300 
1.851500 
1.851500 
1.856100 
1.857100 
1.857700 
1.861800 
1.864000 
1.864700 
1.873800 
1.874900 
1.876600 
1.882700 
1.883400 
1.893600 
1.894100 
1.897200 
1.897700 
1.900700 
1.901600 
1.901700 
1.905700 
1.913200 
1.918700 
1.919400 
1.930400 
1.933100 
1.933500 
1.937300 
1.937500 
1.937500 
1.937700 
1.940700 
1.942500 
1.950300 
1.950400 
1.950900 
1.951700 
1.954100 
1.955800 
1.962000 
1.962200 
1.964500 
1.965600 
1.966300 
1.966400 
1.975000 
1.979000 
1.980800 
1.981700 
1.986700 
1.989800 
1.990000 
1.995700 
2.000400 
2.005900 
2.007000 
2.013500 
2.014200 
2.020700 
2.026200 
2.027700 
2.029200 
2.032900 
2.042800 
2.043300 
2.043400 
2.054400 
2.054800 
2.056100 
2.059900 
2.065700 
2.067400 
2.070000 
2.071200 
2.074400 
2.083300 
2.090000 
2.090000 
2.091200 
2.092100 
2.094800 
2.099700 
2.103000 
2.105600 
2.119600 
2.121300 
2.121600 
2.122800 
2.122900 
2.125600 
2.129500 
2.139700 
2.140800 
2.141800 
2.144800 
2.145600 
2.149900 
2.152900 
2.153200 
2.159200 
2.163400 
2.165400 
2.175300 
2.176500 
2.178600 
2.181500 
2.183000 
2.183800 
2.192900 
2.202500 
2.202600 
2.206400 
2.211300 
2.211300 
2.213000 
2.213900 
2.228500 
2.234500 
2.244700 
2.254000 
2.258400 
2.259200 
2.261300 
2.263700 
2.264100 
2.266900 
2.270500 
2.274400 
2.277600 
2.278100 
2.290300 
2.292100 
2.299400 
2.299800 
2.303100 
2.304200 
2.305000 
2.308400 
2.314600 
2.315700 
2.317700 
2.325200 
2.327400 
2.338800 
2.343900 
2.351000 
2.354200 
2.360000 
2.360200 
2.361500 
2.362200 
2.371000 
2.374200 
2.378000 
2.378300 
2.379100 
2.379800 
2.382200 
2.384500 
2.385800 
2.390100 
2.394000 
2.398700 
2.399100 
2.401900 
2.408300 
2.408900 
2.409700 
2.411000 
2.412300 
2.412500 
2.413200 
2.419400 
2.422100 
2.422200 
2.422800 
2.426100 
2.429000 
2.433700 
2.438100 
2.438600 
2.441700 
2.447400 
2.451800 
2.455300 
2.457100 
2.457500 
2.462600 
2.463400 
2.465500 
2.466400 
2.469500 
2.470500 
2.474400 
2.474500 
2.475600 
2.482700 
2.489400 
2.489400 
2.490700 
2.492400 
2.495300 
2.500200 
2.500900 
2.501400 
2.504400 
2.504900 
2.507400 
2.515800 
2.526400 
2.529000 
2.529800 
2.532400 
2.533300 
2.535100 
2.535700 
2.546200 
2.547100 
2.547200 
2.548500 
2.552400 
2.554500 
2.556300 
2.556900 
2.557700 
2.560500 
2.562800 
2.572100 
2.575800 
2.580400 
2.581000 
2.591800 
2.594100 
2.599000 
2.600300 
2.604400 
2.606500 
2.606500 
2.609100 
2.616400 
2.616500 
2.617000 
2.617100 
2.623500 
2.624000 
2.629200 
2.633200 
2.637500 
2.637600 
2.639800 
2.644400 
2.645900 
2.651400 
2.659500 
2.659800 
2.662400 
2.664700 
2.675500 
2.675600 
2.676400 
2.679100 
2.686100 
2.689900 
2.693900 
2.694200 
2.695200 
2.701300 
2.703500 
2.713600 
2.715100 
2.724300 
2.726400 
2.726900 
2.731900 
2.731900 
2.732800 
2.734000 
2.737300 
2.741700 
2.742100 
2.746100 
2.748500 
2.750400 
2.750700 
2.753200 
2.763500 
2.768700 
2.769500 
2.769800 
2.769900 
2.770100 
2.770200 
2.771800 
2.774300 
2.779600 
2.783600 
2.786500 
2.787600 
2.789100 
2.795100 
2.797100 
2.799500 
2.803100 
2.804300 
2.805600 
2.808400 
2.808900 
2.809300 
2.814300 
2.817000 
2.821000 
2.828500 
2.829900 
2.830200 
2.833900 
2.837500 
2.846000 
2.848100 
2.850600 
2.851100 
2.855300 
2.862000 
2.862300 
2.863800 
2.864100 
2.865300 
2.866400 
2.867600 
2.869200 
2.870900 
2.872500 
2.873500 
2.896800 
2.902200 
2.906500 
2.908100 
2.908800 
2.909700 
2.910100 
2.911600 
2.912100 
2.918300 
2.925800 
2.930000 
2.934700 
2.936800 
2.938000 
2.943100 
2.945100 
2.947200 
2.947300 
2.965900 
2.968100 
2.972700 
2.973900 
2.974600 
2.978100 
2.978500 
2.979300 
2.985200 
2.992900 
2.992900 
2.995900 
2.997800 
