0.016100 
0.048800 
0.049700 
0.084200 
0.096300 
0.112700 
0.128500 
0.146300 
0.153300 
0.158800 
0.177800 
0.271000 
0.286400 
0.307400 
0.323500 
0.327400 
0.336300 
0.371200 
0.380000 
0.383200 
0.385000 
0.394700 
0.407500 
0.437500 
0.468300 
0.482500 
0.490000 
0.512400 
0.547000 
0.570600 
0.574400 
0.580300 
0.591700 
0.634900 
0.643300 
0.647600 
0.651700 
0.665600 
0.716000 
0.767500 
0.776500 
0.792500 
0.833300 
0.836700 
0.864100 
0.903200 
0.913200 
0.931600 
0.934100 
0.949500 
0.951800 
0.969300 
0.980200 
1.008700 
1.025400 
1.028000 
1.030200 
1.035400 
1.050100 
1.063300 
1.075400 
1.078500 
1.089900 
1.122000 
1.136000 
1.149900 
1.156200 
1.210400 
1.250300 
1.252400 
1.277100 
1.293400 
1.327400 
1.363400 
1.369600 
1.398500 
1.402400 
1.405400 
1.418900 
1.428500 
1.441900 
1.443000 
1.447700 
1.468900 
1.488000 
1.489900 
1.502300 
1.540700 
1.542900 
1.567400 
1.569200 
1.572700 
1.582400 
1.613400 
1.647900 
1.671600 
1.673300 
1.673400 
1.701900 
1.731000 
1.731000 
1.751300 
1.766800 
1.774500 
1.800400 
1.816700 
1.852800 
1.874500 
1.900400 
1.905600 
1.907600 
1.975300 
2.000700 
2.009800 
2.048200 
2.061700 
2.063000 
2.063800 
2.097800 
2.099400 
2.102000 
2.107800 
2.141200 
2.159500 
2.185900 
2.195400 
2.198600 
2.219800 
2.230300 
2.242000 
2.287900 
2.294500 
2.312600 
2.325600 
2.344500 
2.349600 
2.367700 
2.368200 
2.379400 
2.380000 
2.383100 
2.398600 
2.423600 
2.429900 
2.430400 
2.439400 
2.454500 
2.454700 
2.465700 
2.466800 
2.480600 
2.523900 
2.532700 
2.538200 
2.580200 
2.582100 
2.587200 
2.592800 
2.600500 
2.604800 
2.624000 
2.635800 
2.650600 
2.661000 
2.673000 
2.693400 
2.703000 
2.741600 
2.751400 
2.779700 
2.783500 
2.784600 
2.791500 
2.805500 
2.807700 
2.844400 
2.849000 
2.877500 
2.887000 
2.893900 
2.952300 
2.971600 
2.973300 
2.989500 
2.994100 
