0.016800 
0.021400 
0.022800 
0.025600 
0.028800 
0.032800 
0.033700 
0.034400 
0.036000 
0.037000 
0.037900 
0.038600 
0.039200 
0.042000 
0.042600 
0.044300 
0.044900 
0.045500 
0.046300 
0.047300 
0.048100 
0.051300 
0.054300 
0.054500 
0.055000 
0.055200 
0.055600 
0.056200 
0.057800 
0.057800 
0.058400 
0.058800 
0.059800 
0.060500 
0.061500 
0.064100 
0.064300 
0.066100 
0.066100 
0.068900 
0.069100 
0.069300 
0.070000 
0.071400 
0.071600 
0.071800 
0.073300 
0.075700 
0.076200 
0.076600 
0.077000 
0.077200 
0.077800 
0.077900 
0.077900 
0.077900 
0.078000 
0.079400 
0.080400 
0.080500 
0.081700 
0.081700 
0.082900 
0.083100 
0.083300 
0.084600 
0.084700 
0.084900 
0.085300 
0.086200 
0.086200 
0.086800 
0.086800 
0.087500 
0.090100 
0.090900 
0.090900 
0.092600 
0.092800 
0.093400 
0.093500 
0.095700 
0.095800 
0.096500 
0.097200 
0.099100 
0.099600 
0.099700 
0.102400 
0.102700 
0.102800 
0.102800 
0.104700 
0.104700 
0.106400 
0.108700 
0.110600 
0.111100 
0.111500 
0.111700 
0.111700 
0.113000 
0.114700 
0.114900 
0.116100 
0.116500 
0.117900 
0.120100 
0.120700 
0.121500 
0.121600 
0.121700 
0.122400 
0.122500 
0.124100 
0.124700 
0.126100 
0.126200 
0.128200 
0.128800 
0.131100 
0.131200 
0.131400 
0.131400 
0.131700 
0.132400 
0.132500 
0.133500 
0.134200 
0.136700 
0.136800 
0.137000 
0.137000 
0.137200 
0.139300 
0.139400 
0.140200 
0.141100 
0.142400 
0.142600 
0.142700 
0.143800 
0.144500 
0.144500 
0.144700 
0.144900 
0.146000 
0.146900 
0.147800 
0.148000 
0.148500 
0.148500 
0.149000 
0.149700 
0.150900 
0.151300 
0.153100 
0.154500 
0.154900 
0.155600 
0.157800 
0.158300 
0.158500 
0.160400 
0.160600 
0.160700 
0.161800 
0.163500 
0.164500 
0.165700 
0.166300 
0.168100 
0.169000 
0.169200 
0.169500 
0.169900 
0.169900 
0.171100 
0.171700 
0.173000 
0.173200 
0.174300 
0.174500 
0.175500 
0.175700 
0.176500 
0.177000 
0.177200 
0.177600 
0.178100 
0.179400 
0.180400 
0.180500 
0.180600 
0.180800 
0.181000 
0.183200 
0.183500 
0.183600 
0.186700 
0.187200 
0.188800 
0.189300 
0.189400 
0.191900 
0.194500 
0.196900 
0.197400 
0.197700 
0.198000 
0.198200 
0.199000 
0.201000 
0.201200 
0.201800 
0.202400 
0.202600 
0.202700 
0.204700 
0.205000 
0.205500 
0.207300 
0.207400 
0.207800 
0.208000 
0.209900 
0.210500 
0.210900 
0.211600 
0.212000 
0.212800 
0.214200 
0.214600 
0.214700 
0.215400 
0.217200 
0.217700 
0.217700 
0.219100 
0.220000 
0.220200 
0.220900 
0.222800 
0.223100 
0.224300 
0.224500 
0.225200 
0.226600 
0.228800 
0.229900 
0.230200 
0.230400 
0.231000 
0.231800 
0.232300 
0.235300 
0.235500 
0.235700 
0.235800 
0.236600 
0.238700 
0.238800 
0.239500 
0.241300 
0.241500 
0.242800 
0.242900 
0.243200 
0.243400 
0.243800 
0.244500 
0.244800 
0.245100 
0.245200 
0.246300 
0.247200 
0.247400 
0.247600 
0.247800 
0.248300 
0.248800 
0.249700 
0.250300 
0.251400 
0.252200 
0.252800 
0.254200 
0.256300 
0.256300 
0.256500 
0.256700 
0.257100 
0.258000 
0.258500 
0.258900 
0.259400 
0.260300 
0.260800 
0.261800 
0.262000 
0.262200 
0.262200 
0.262700 
0.262900 
0.265900 
0.266100 
0.266800 
0.266900 
0.267000 
0.267800 
0.268600 
0.270100 
0.271000 
0.273100 
0.273300 
0.273600 
0.273900 
0.274400 
0.274900 
0.275500 
0.277400 
0.282100 
0.283000 
0.283100 
0.283900 
0.285300 
0.285300 
0.285600 
0.286400 
0.286400 
0.287300 
0.287300 
0.288600 
0.291200 
0.291300 
0.291900 
0.293100 
0.294900 
0.295100 
0.298300 
0.298400 
0.299100 
0.300200 
0.300700 
0.300700 
0.300800 
0.301700 
0.303200 
0.303600 
0.304300 
0.305300 
0.305700 
0.306000 
0.306100 
0.306400 
0.307000 
0.308800 
0.309800 
0.310600 
0.310600 
0.310800 
0.311000 
0.311500 
0.311600 
0.312100 
0.312200 
0.315000 
0.316300 
0.316800 
0.318000 
0.319000 
0.319500 
0.324100 
0.324800 
0.324900 
0.326300 
0.327000 
0.327100 
0.327100 
0.327900 
0.328300 
0.328300 
0.329400 
0.329500 
0.332600 
0.332900 
0.333100 
0.333500 
0.333900 
0.334000 
0.334100 
0.334100 
0.334900 
0.335500 
0.337400 
0.337500 
0.337700 
0.340700 
0.341000 
0.342100 
0.342300 
0.342700 
0.343100 
0.343400 
0.344400 
0.345200 
0.345300 
0.346300 
0.346800 
0.347100 
0.347300 
0.347500 
0.349600 
0.349900 
0.351600 
0.351900 
0.352400 
0.352600 
0.352600 
0.353300 
0.354500 
0.354600 
0.355100 
0.355900 
0.356200 
0.356500 
0.356600 
0.356900 
0.356900 
0.357400 
0.357700 
0.359000 
0.359200 
0.359900 
0.360300 
0.362000 
0.363700 
0.364400 
0.364600 
0.365300 
0.365400 
0.366000 
0.367300 
0.368600 
0.369000 
0.369900 
0.370300 
0.372100 
0.372400 
0.373000 
0.373600 
0.374000 
0.375900 
0.376500 
0.377600 
0.378600 
0.378700 
0.380000 
0.380400 
0.380500 
0.380500 
0.380800 
0.381100 
0.382400 
0.382800 
0.383200 
0.383900 
0.386900 
0.387100 
0.387500 
0.389100 
0.389200 
0.391300 
0.391400 
0.392100 
0.392100 
0.393200 
0.393500 
0.394200 
0.397200 
0.397400 
0.397800 
0.398000 
0.398100 
0.398500 
0.398900 
0.399600 
0.400500 
0.400500 
0.400600 
0.401600 
0.402100 
0.402800 
0.403500 
0.404300 
0.404500 
0.404900 
0.405200 
0.405400 
0.406000 
0.407100 
0.407200 
0.407600 
0.409900 
0.410600 
0.412200 
0.412600 
0.413200 
0.413300 
0.415500 
0.415700 
0.417400 
0.417800 
0.418900 
0.419600 
0.420400 
0.420600 
0.421500 
0.425700 
0.427100 
0.427300 
0.427700 
0.427900 
0.428200 
0.428400 
0.429100 
0.429300 
0.429400 
0.430600 
0.431900 
0.433100 
0.433400 
0.433400 
0.434400 
0.435100 
0.435900 
0.435900 
0.437100 
0.437700 
0.438700 
0.439600 
0.440300 
0.440500 
0.441300 
0.441700 
0.441800 
0.444400 
0.444700 
0.446000 
0.446100 
0.446200 
0.446900 
0.447400 
0.447400 
0.447500 
0.448400 
0.448700 
0.448800 
0.449800 
0.451500 
0.452100 
0.452400 
0.452700 
0.452900 
0.452900 
0.453500 
0.453500 
0.454100 
0.455400 
0.455500 
0.456700 
0.457400 
0.457600 
0.457900 
0.457900 
0.458500 
0.459400 
0.461300 
0.461600 
0.461900 
0.462200 
0.463300 
0.464600 
0.464800 
0.465600 
0.467000 
0.467200 
0.467800 
0.468000 
0.472200 
0.472700 
0.475200 
0.475200 
0.475200 
0.477000 
0.477200 
0.477300 
0.478400 
0.478900 
0.480500 
0.481000 
0.481000 
0.482800 
0.483200 
0.484600 
0.485400 
0.486300 
0.488200 
0.488800 
0.489000 
0.490200 
0.490300 
0.491000 
0.492100 
0.493600 
0.494800 
0.496100 
0.496100 
0.496700 
0.498100 
0.498300 
0.498800 
0.499800 
0.500000 
0.500300 
0.500900 
0.501000 
0.502700 
0.504200 
0.506400 
0.506500 
0.506700 
0.506800 
0.507000 
0.507800 
0.508200 
0.510600 
0.511100 
0.511300 
0.511400 
0.511900 
0.512100 
0.512400 
0.512400 
0.512700 
0.513100 
0.513600 
0.514600 
0.515500 
0.515600 
0.517700 
0.518500 
0.518600 
0.518800 
0.518900 
0.519100 
0.519400 
0.520500 
0.520800 
0.523200 
0.524400 
0.526000 
0.526400 
0.527000 
0.527000 
0.527500 
0.527800 
0.528500 
0.529600 
0.530500 
0.532400 
0.533000 
0.534000 
0.535300 
0.536000 
0.537500 
0.539400 
0.539500 
0.540600 
0.541000 
0.541100 
0.542300 
0.543300 
0.543400 
0.544400 
0.545300 
0.545500 
0.545500 
0.545500 
0.546200 
0.546900 
0.547100 
0.547400 
0.548200 
0.548200 
0.548700 
0.550600 
0.550700 
0.550700 
0.551500 
0.551900 
0.552800 
0.553300 
0.553600 
0.555900 
0.557100 
0.557900 
0.559000 
0.559300 
0.559400 
0.559800 
0.561200 
0.561500 
0.562200 
0.562700 
0.563500 
0.563600 
0.563900 
0.564300 
0.564400 
0.564500 
0.565800 
0.566000 
0.567900 
0.568000 
0.568600 
0.568800 
0.570300 
0.570600 
0.572500 
0.573400 
0.573400 
0.573700 
0.575400 
0.575400 
0.576000 
0.578000 
0.578500 
0.579900 
0.581100 
0.583800 
0.584300 
0.584700 
0.585300 
0.585900 
0.586600 
0.587800 
0.588000 
0.589000 
0.591700 
0.591700 
0.592000 
0.595700 
0.596900 
0.597100 
0.598200 
0.599600 
0.600500 
0.600600 
0.600700 
0.600700 
0.601800 
0.602200 
0.602800 
0.603000 
0.604100 
0.604300 
0.604800 
0.605500 
0.606600 
0.607400 
0.608200 
0.608200 
0.608400 
0.608900 
0.610200 
0.611600 
0.611900 
0.613000 
0.615000 
0.615600 
0.616000 
0.616100 
0.617300 
0.618500 
0.619200 
0.620300 
0.620500 
0.622400 
0.622400 
0.623500 
0.624200 
0.624400 
0.625300 
0.625600 
0.628600 
0.630600 
0.631900 
0.631900 
0.632000 
0.633700 
0.634300 
0.636700 
0.636800 
0.636800 
0.638000 
0.638400 
0.638500 
0.638600 
0.638900 
0.639500 
0.639900 
0.640700 
0.642100 
0.642500 
0.642900 
0.643000 
0.643200 
0.645200 
0.646000 
0.646300 
0.647200 
0.648900 
0.649100 
0.649300 
0.649800 
0.650300 
0.650800 
0.651000 
0.651500 
0.654000 
0.654500 
0.655100 
0.655400 
0.657000 
0.657200 
0.657400 
0.658000 
0.658100 
0.658400 
0.659200 
0.659400 
0.660700 
0.660900 
0.662300 
0.662400 
0.662800 
0.663100 
0.665100 
0.665100 
0.666100 
0.666200 
0.666200 
0.666900 
0.669000 
0.669100 
0.669600 
0.669900 
0.671200 
0.671600 
0.672600 
0.672800 
0.673400 
0.674200 
0.674600 
0.675100 
0.675400 
0.676600 
0.677200 
0.678200 
0.678300 
0.679000 
0.679200 
0.679800 
0.679900 
0.682900 
0.682900 
0.683000 
0.683600 
0.685000 
0.685400 
0.685800 
0.687400 
0.687500 
0.687800 
0.688500 
0.689300 
0.689600 
0.689600 
0.689700 
0.689800 
0.693100 
0.693800 
0.695600 
0.695800 
0.695800 
0.696000 
0.696700 
0.698200 
0.699000 
0.699400 
0.702500 
0.703000 
0.703500 
0.706000 
0.706000 
0.707400 
0.709000 
0.709800 
0.711000 
0.711000 
0.711200 
0.711800 
0.712200 
0.712700 
0.713500 
0.714600 
0.716500 
0.718800 
0.719500 
0.721000 
0.722400 
0.723100 
0.723400 
0.723700 
0.723700 
0.725100 
0.728000 
0.728200 
0.728500 
0.728900 
0.729100 
0.729500 
0.729900 
0.730600 
0.730600 
0.731000 
0.732200 
0.735100 
0.736700 
0.737600 
0.738300 
0.740300 
0.740500 
0.741600 
0.742100 
0.742400 
0.743000 
0.743400 
0.744100 
0.745100 
0.745900 
0.746700 
0.746800 
0.747100 
0.747500 
0.747600 
0.747700 
0.747700 
0.747900 
0.749000 
0.750100 
0.750500 
0.751900 
0.752400 
0.753000 
0.753600 
0.753600 
0.753800 
0.753800 
0.754100 
0.754300 
0.754400 
0.754500 
0.755900 
0.756200 
0.757400 
0.758000 
0.758100 
0.759800 
0.760800 
0.761000 
0.764000 
0.764300 
0.765300 
0.765600 
0.765900 
0.766700 
0.768400 
0.768400 
0.768900 
0.770400 
0.771300 
0.771700 
0.771700 
0.774700 
0.774900 
0.775800 
0.776800 
0.778000 
0.778400 
0.779300 
0.779500 
0.779700 
0.779800 
0.780100 
0.782900 
0.785300 
0.786300 
0.786800 
0.786900 
0.787300 
0.788900 
0.789900 
0.790500 
0.792100 
0.792800 
0.793000 
0.793400 
0.794200 
0.794400 
0.797000 
0.797400 
0.798100 
0.798100 
0.798500 
0.800400 
0.800600 
0.800900 
0.801200 
0.802000 
0.802200 
0.802300 
0.802400 
0.805200 
0.806100 
0.808200 
0.810900 
0.811500 
0.811600 
0.811700 
0.811800 
0.811900 
0.812300 
0.813500 
0.814100 
0.814600 
0.815900 
0.815900 
0.816000 
0.817400 
0.818200 
0.818300 
0.818700 
0.818800 
0.819600 
0.820300 
0.821100 
0.821100 
0.822600 
0.823200 
0.823200 
0.825000 
0.825500 
0.826400 
0.829800 
0.830100 
0.831400 
0.832800 
0.835000 
0.835000 
0.835300 
0.837100 
0.837300 
0.838800 
0.840100 
0.840200 
0.840300 
0.840300 
0.841000 
0.843300 
0.843600 
0.844400 
0.844900 
0.847200 
0.847900 
0.848900 
0.849300 
0.849600 
0.849600 
0.850000 
0.850100 
0.850800 
0.850900 
0.851300 
0.853000 
0.853000 
0.854100 
0.855000 
0.858600 
0.860000 
0.861200 
0.864000 
0.864900 
0.866300 
0.866300 
0.866500 
0.866700 
0.869900 
0.870000 
0.870800 
0.872400 
0.874700 
0.875400 
0.875700 
0.876100 
0.876300 
0.877100 
0.877600 
0.877600 
0.877600 
0.877800 
0.878200 
0.879300 
0.882700 
0.882800 
0.883400 
0.883400 
0.885700 
0.885800 
0.886400 
0.886700 
0.887600 
0.887900 
0.888100 
0.888600 
0.888700 
0.890100 
0.891700 
0.893100 
0.893400 
0.894300 
0.894700 
0.894800 
0.894900 
0.895000 
0.895000 
0.895100 
0.895400 
0.896100 
0.896800 
0.899200 
0.899700 
0.900000 
0.901000 
0.901000 
0.901600 
0.901800 
0.902500 
0.902500 
0.902800 
0.904000 
0.904800 
0.907100 
0.907300 
0.909000 
0.909000 
0.909500 
0.909500 
0.909700 
0.910500 
0.913300 
0.913500 
0.914900 
0.915300 
0.916400 
0.916900 
0.916900 
0.916900 
0.917700 
0.918700 
0.918900 
0.919800 
0.919900 
0.920700 
0.920800 
0.921700 
0.921700 
0.921900 
0.922100 
0.922800 
0.922900 
0.923600 
0.924000 
0.924100 
0.924300 
0.924700 
0.925900 
0.926000 
0.929400 
0.930800 
0.931700 
0.932100 
0.933100 
0.933200 
0.933600 
0.934000 
0.935300 
0.935500 
0.936000 
0.936900 
0.937100 
0.939400 
0.942800 
0.945900 
0.946200 
0.946200 
0.947800 
0.948800 
0.949000 
0.949800 
0.950200 
0.950600 
0.950700 
0.952200 
0.952800 
0.952900 
0.953300 
0.953400 
0.953800 
0.953800 
0.954000 
0.954100 
0.956300 
0.956700 
0.958000 
0.958700 
0.959100 
0.959300 
0.959900 
0.960400 
0.960600 
0.961400 
0.961500 
0.963700 
0.964400 
0.964900 
0.965500 
0.966300 
0.968400 
0.968800 
0.969300 
0.970800 
0.971500 
0.971500 
0.973000 
0.973300 
0.974200 
0.974700 
0.976000 
0.977200 
0.977800 
0.978500 
0.979100 
0.979300 
0.979400 
0.979400 
0.981000 
0.981100 
0.982800 
0.983000 
0.983400 
0.983600 
0.984200 
0.986200 
0.986700 
0.987000 
0.987500 
0.987600 
0.991300 
0.991600 
0.991800 
0.992900 
0.992900 
0.993300 
0.994200 
0.994400 
0.994400 
0.995900 
0.995900 
0.996000 
0.996500 
0.998500 
0.999200 
0.999400 
0.999700 
1.000100 
1.001800 
1.002900 
1.003900 
1.004800 
1.004900 
1.005800 
1.006200 
1.008900 
1.010400 
1.011300 
1.011600 
1.014600 
1.014700 
1.015200 
1.015600 
1.015800 
1.015900 
1.015900 
1.016200 
1.017600 
1.018000 
1.018200 
1.018800 
1.020600 
1.021900 
1.022500 
1.023400 
1.023800 
1.025300 
1.026300 
1.026500 
1.026800 
1.028600 
1.028600 
1.028800 
1.029300 
1.029800 
1.030100 
1.030500 
1.031000 
1.032000 
1.032100 
1.033200 
1.035000 
1.035600 
1.035800 
1.036000 
1.036600 
1.036900 
1.037600 
1.038900 
1.039300 
1.039400 
1.039700 
1.041200 
1.041900 
1.043000 
1.045800 
1.047300 
1.049300 
1.049400 
1.050500 
1.050700 
1.050700 
1.051100 
1.051600 
1.051800 
1.052100 
1.052900 
1.053400 
1.053400 
1.054900 
1.055700 
1.055900 
1.057000 
1.057000 
1.057600 
1.058400 
1.059400 
1.060000 
1.060500 
1.061200 
1.061400 
1.061600 
1.062500 
1.063200 
1.064500 
1.064600 
1.066700 
1.067000 
1.067200 
1.067500 
1.068100 
1.068100 
1.070900 
1.073300 
1.073700 
1.075500 
1.075800 
1.076000 
1.076200 
1.077500 
1.077700 
1.078800 
1.080500 
1.081100 
1.082600 
1.082700 
1.084100 
1.085100 
1.086000 
1.086000 
1.088700 
1.091100 
1.091200 
1.091300 
1.091800 
1.092000 
1.092000 
1.092400 
1.092700 
1.094400 
1.094600 
1.094800 
1.095100 
1.096200 
1.096600 
1.097600 
1.097800 
1.097900 
1.097900 
1.098900 
1.099000 
1.099600 
1.100800 
1.101400 
1.102300 
1.102400 
1.103300 
1.103800 
1.104100 
1.105800 
1.107400 
1.107800 
1.109300 
1.110100 
1.111000 
1.111000 
1.111600 
1.112700 
1.112900 
1.113000 
1.113600 
1.114100 
1.114300 
1.114300 
1.116400 
1.116600 
1.117600 
1.117900 
1.119000 
1.121600 
1.122400 
1.122700 
1.123100 
1.127400 
1.127600 
1.130100 
1.130200 
1.131400 
1.132600 
1.133600 
1.133800 
1.135800 
1.137400 
1.137800 
1.138000 
1.138600 
1.138600 
1.138600 
1.138700 
1.139900 
1.140100 
1.140700 
1.141000 
1.141500 
1.142700 
1.147100 
1.147500 
1.149400 
1.150200 
1.150700 
1.152900 
1.153300 
1.153500 
1.154200 
1.154400 
1.155600 
1.155900 
1.155900 
1.156700 
1.157100 
1.158200 
1.158300 
1.159000 
1.160700 
1.161900 
1.165400 
1.166300 
1.166500 
1.167600 
1.167800 
1.167800 
1.169200 
1.169700 
1.169800 
1.170300 
1.171000 
1.171300 
1.171400 
1.171900 
1.171900 
1.172000 
1.173200 
1.173300 
1.174400 
1.175000 
1.175200 
1.176100 
1.176700 
1.177100 
1.179000 
1.181400 
1.188400 
1.189600 
1.191200 
1.191500 
1.191500 
1.191600 
1.192200 
1.192200 
1.192400 
1.192900 
1.193400 
1.193700 
1.195000 
1.195300 
1.195400 
1.197500 
1.199500 
1.202500 
1.204300 
1.204400 
1.204700 
1.206400 
1.206500 
1.206900 
1.207200 
1.207300 
1.207400 
1.209200 
1.209700 
1.212000 
1.213000 
1.213300 
1.213700 
1.214400 
1.214900 
1.214900 
1.215500 
1.217200 
1.217400 
1.217700 
1.217700 
1.218400 
1.218700 
1.219600 
1.220600 
1.220600 
1.224100 
1.224400 
1.225400 
1.226900 
1.228400 
1.229700 
1.231300 
1.232500 
1.232800 
1.233900 
1.234800 
1.235500 
1.235900 
1.238200 
1.238200 
1.238500 
1.240500 
1.242800 
1.243300 
1.243500 
1.243900 
1.244200 
1.245000 
1.245800 
1.246400 
1.246500 
1.248000 
1.249000 
1.250500 
1.250600 
1.252800 
1.253700 
1.253800 
1.254100 
1.254200 
1.254600 
1.255500 
1.256200 
1.256300 
1.256400 
1.258400 
1.260000 
1.260100 
1.262000 
1.262000 
1.263700 
1.264300 
1.264800 
1.265500 
1.266500 
1.268000 
1.271800 
1.273100 
1.273100 
1.274300 
1.275000 
1.275700 
1.276200 
1.276300 
1.277300 
1.277300 
1.278000 
1.278000 
1.278900 
1.280000 
1.281500 
1.281500 
1.283100 
1.283800 
1.285300 
1.285800 
1.288200 
1.288300 
1.288800 
1.289400 
1.289500 
1.289600 
1.290000 
1.292900 
1.293200 
1.293700 
1.294400 
1.294600 
1.295300 
1.295700 
1.299000 
1.300600 
1.301100 
1.302400 
1.302900 
1.307200 
1.307500 
1.309600 
1.311500 
1.311600 
1.312000 
1.312500 
1.312800 
1.315600 
1.316600 
1.317100 
1.318100 
1.318200 
1.318300 
1.320200 
1.321000 
1.322000 
1.322900 
1.323800 
1.323900 
1.326500 
1.327400 
1.328400 
1.328600 
1.329500 
1.333500 
1.333600 
1.333600 
1.333800 
1.334300 
1.334900 
1.335200 
1.335600 
1.335700 
1.336000 
1.336500 
1.337600 
1.338000 
1.338800 
1.340300 
1.341300 
1.341500 
1.342100 
1.342500 
1.343000 
1.343400 
1.343900 
1.343900 
1.344600 
1.344900 
1.344900 
1.345400 
1.347000 
1.347000 
1.348100 
1.349500 
1.349700 
1.350200 
1.350600 
1.352300 
1.352900 
1.353200 
1.353500 
1.355500 
1.355500 
1.356000 
1.356700 
1.356700 
1.358900 
1.360100 
1.360600 
1.361100 
1.361300 
1.362800 
1.366100 
1.366300 
1.367900 
1.368800 
1.369600 
1.370000 
1.371000 
1.371500 
1.371600 
1.371700 
1.371800 
1.372500 
1.372700 
1.373700 
1.374200 
1.374800 
1.375400 
1.376100 
1.376900 
1.378000 
1.378300 
1.378300 
1.379300 
1.379400 
1.380000 
1.380500 
1.381000 
1.381000 
1.383500 
1.384000 
1.384700 
1.387100 
1.387900 
1.388400 
1.388700 
1.388900 
1.389200 
1.390000 
1.392300 
1.392500 
1.394500 
1.394800 
1.395600 
1.395600 
1.396300 
1.396700 
1.396900 
1.397700 
1.397800 
1.398300 
1.399700 
1.399800 
1.399900 
1.400300 
1.401100 
1.402200 
1.405300 
1.405400 
1.405600 
1.406600 
1.407500 
1.408200 
1.408500 
1.409700 
1.410300 
1.410800 
1.412200 
1.412700 
1.413300 
1.414700 
1.414900 
1.415900 
1.416300 
1.418100 
1.418500 
1.418800 
1.418900 
1.421100 
1.421300 
1.422000 
1.422200 
1.422200 
1.423100 
1.424100 
1.424800 
1.425000 
1.425100 
1.426600 
1.429800 
1.429800 
1.429900 
1.431300 
1.431400 
1.431500 
1.433800 
1.433800 
1.438600 
1.438700 
1.439400 
1.439500 
1.441300 
1.441700 
1.441800 
1.442000 
1.442800 
1.442900 
1.443400 
1.445900 
1.447300 
1.447800 
1.448500 
1.449400 
1.449900 
1.451200 
1.452500 
1.452700 
1.452800 
1.453200 
1.453700 
1.454000 
1.455000 
1.456000 
1.456400 
1.459100 
1.459600 
1.462400 
1.462800 
1.463200 
1.464100 
1.464100 
1.465000 
1.465200 
1.465300 
1.466700 
1.467100 
1.467400 
1.467900 
1.468100 
1.468900 
1.469100 
1.471500 
1.472100 
1.472200 
1.472700 
1.472900 
1.472900 
1.473300 
1.474900 
1.476100 
1.476200 
1.478300 
1.478600 
1.480700 
1.485700 
1.485800 
1.485800 
1.486800 
1.487000 
1.487100 
1.487400 
1.488200 
1.488600 
1.488800 
1.489600 
1.490400 
1.492000 
1.492600 
1.494100 
1.495800 
1.498800 
1.499600 
1.499900 
1.499900 
1.503100 
1.504200 
1.504600 
1.505300 
1.505800 
1.507400 
1.508300 
1.508400 
1.508700 
1.509800 
1.511100 
1.511600 
1.512300 
1.513400 
1.513600 
1.514100 
1.514500 
1.515800 
1.516500 
1.516900 
1.517300 
1.518900 
1.519700 
1.520600 
1.522000 
1.522100 
1.522400 
1.522500 
1.522700 
1.523400 
1.523500 
1.524700 
1.525900 
1.530000 
1.531100 
1.531200 
1.532600 
1.532600 
1.534200 
1.535500 
1.535900 
1.536400 
1.538800 
1.539300 
1.539400 
1.541600 
1.542100 
1.542600 
1.543000 
1.543000 
1.543400 
1.545600 
1.549200 
1.549700 
1.550600 
1.550900 
1.552200 
1.554200 
1.554300 
1.554500 
1.555600 
1.556900 
1.557100 
1.557700 
1.557700 
1.557900 
1.559800 
1.560000 
1.560200 
1.560600 
1.561400 
1.562300 
1.562700 
1.570300 
1.570400 
1.570700 
1.570800 
1.570800 
1.573900 
1.574000 
1.574500 
1.574700 
1.574800 
1.575500 
1.576200 
1.577400 
1.579100 
1.580400 
1.581500 
1.582100 
1.583000 
1.583300 
1.583800 
1.584000 
1.584200 
1.585000 
1.585600 
1.586300 
1.587200 
1.589000 
1.591200 
1.591300 
1.594000 
1.594100 
1.594500 
1.596500 
1.598600 
1.599600 
1.602100 
1.603000 
1.603100 
1.605000 
1.605600 
1.605700 
1.606400 
1.606400 
1.606700 
1.607800 
1.608000 
1.608100 
1.608600 
1.609500 
1.609900 
1.610000 
1.610300 
1.610800 
1.611000 
1.611800 
1.612100 
1.612700 
1.613000 
1.613700 
1.614700 
1.616400 
1.617700 
1.618700 
1.620500 
1.621000 
1.621600 
1.621800 
1.621900 
1.623300 
1.623400 
1.624000 
1.624100 
1.624600 
1.625000 
1.626000 
1.627200 
1.627700 
1.628400 
1.628700 
1.631600 
1.632000 
1.632800 
1.634400 
1.635600 
1.636300 
1.636800 
1.638400 
1.639700 
1.640600 
1.640900 
1.641100 
1.641200 
1.641300 
1.646800 
1.647300 
1.647500 
1.648400 
1.649700 
1.649700 
1.650100 
1.650400 
1.650900 
1.652300 
1.655900 
1.656300 
1.656400 
1.656500 
1.656700 
1.656700 
1.657400 
1.657600 
1.659500 
1.659900 
1.660300 
1.660400 
1.662100 
1.662600 
1.663200 
1.663200 
1.663300 
1.663300 
1.663500 
1.663900 
1.664800 
1.664800 
1.665200 
1.668200 
1.668500 
1.668500 
1.671400 
1.672000 
1.672600 
1.672700 
1.674900 
1.676200 
1.676700 
1.677100 
1.677700 
1.677900 
1.678500 
1.679300 
1.679400 
1.680300 
1.680400 
1.680600 
1.681400 
1.681400 
1.682500 
1.682600 
1.682900 
1.683800 
1.684900 
1.685000 
1.685800 
1.686600 
1.687300 
1.688100 
1.689100 
1.689400 
1.689800 
1.690600 
1.690800 
1.693100 
1.693700 
1.695800 
1.697800 
1.698000 
1.698300 
1.699000 
1.699500 
1.700500 
1.700600 
1.701100 
1.705000 
1.706600 
1.708400 
1.708800 
1.710100 
1.710700 
1.710800 
1.710900 
1.711000 
1.711600 
1.712500 
1.713000 
1.713300 
1.714000 
1.715300 
1.715500 
1.716100 
1.716400 
1.716400 
1.719900 
1.719900 
1.720100 
1.720400 
1.722000 
1.724400 
1.725800 
1.727800 
1.728600 
1.729500 
1.730100 
1.730500 
1.731200 
1.731800 
1.732100 
1.733800 
1.734500 
1.735200 
1.736800 
1.737300 
1.738000 
1.738400 
1.738900 
1.739800 
1.740700 
1.740800 
1.741800 
1.742000 
1.742500 
1.743400 
1.743800 
1.744000 
1.745400 
1.745600 
1.746100 
1.746400 
1.747700 
1.747800 
1.747800 
1.748900 
1.750000 
1.750700 
1.750800 
1.751300 
1.751700 
1.751900 
1.752100 
1.753000 
1.753000 
1.754100 
1.755300 
1.755600 
1.757800 
1.759400 
1.761500 
1.763400 
1.765800 
1.766000 
1.768100 
1.769300 
1.770400 
1.771500 
1.771900 
1.772100 
1.772300 
1.772400 
1.772600 
1.772900 
1.772900 
1.775000 
1.775700 
1.776500 
1.776500 
1.777200 
1.777400 
1.778500 
1.779200 
1.780200 
1.780500 
1.781100 
1.782100 
1.782400 
1.782800 
1.784100 
1.786800 
1.787000 
1.787000 
1.787100 
1.788700 
1.789100 
1.790100 
1.790100 
1.790100 
1.790900 
1.790900 
1.791100 
1.791500 
1.793000 
1.793300 
1.793700 
1.796900 
1.799800 
1.799800 
1.800300 
1.800400 
1.800600 
1.801200 
1.803900 
1.805500 
1.805800 
1.805900 
1.806400 
1.806700 
1.807000 
1.809100 
1.809200 
1.809300 
1.809500 
1.810300 
1.810400 
1.811300 
1.811400 
1.812200 
1.812300 
1.813500 
1.814900 
1.815800 
1.816600 
1.818200 
1.818300 
1.818500 
1.818800 
1.819100 
1.819900 
1.819900 
1.820400 
1.821000 
1.821400 
1.821500 
1.821700 
1.824200 
1.826600 
1.827600 
1.827600 
1.828600 
1.829300 
1.829300 
1.830200 
1.830800 
1.830800 
1.831800 
1.832200 
1.833000 
1.833700 
1.835200 
1.835400 
1.836000 
1.836600 
1.836600 
1.836800 
1.837700 
1.838600 
1.840300 
1.841000 
1.843700 
1.844500 
1.845100 
1.845200 
1.845700 
1.845800 
1.846400 
1.846800 
1.847300 
1.847600 
1.848200 
1.849500 
1.850900 
1.853800 
1.854500 
1.855200 
1.855700 
1.856500 
1.857300 
1.857400 
1.858100 
1.858200 
1.858500 
1.858700 
1.860600 
1.861200 
1.862300 
1.863000 
1.863900 
1.864300 
1.864700 
1.865100 
1.867400 
1.867700 
1.869400 
1.872200 
1.873700 
1.875200 
1.875300 
1.877200 
1.877300 
1.878300 
1.878400 
1.878800 
1.880100 
1.884400 
1.884900 
1.885300 
1.885800 
1.886100 
1.888200 
1.888600 
1.888900 
1.889100 
1.889600 
1.889800 
1.890200 
1.891800 
1.892000 
1.892100 
1.892200 
1.893000 
1.893800 
1.893900 
1.894200 
1.896200 
1.896900 
1.897000 
1.897200 
1.897900 
1.899700 
1.900000 
1.901100 
1.901500 
1.903600 
1.903900 
1.904400 
1.905700 
1.906200 
1.906200 
1.906600 
1.907500 
1.907900 
1.908300 
1.908400 
1.908600 
1.908900 
1.909500 
1.910600 
1.910900 
1.913000 
1.914200 
1.914900 
1.915000 
1.916500 
1.916600 
1.916900 
1.917000 
1.917500 
1.917800 
1.918100 
1.918500 
1.918800 
1.919100 
1.919800 
1.922500 
1.925400 
1.926500 
1.927000 
1.927200 
1.928200 
1.928300 
1.928300 
1.928700 
1.929300 
1.929300 
1.930300 
1.930900 
1.931000 
1.931400 
1.931500 
1.932100 
1.933200 
1.933800 
1.934600 
1.934800 
1.935000 
1.939400 
1.939500 
1.939900 
1.940700 
1.941300 
1.941400 
1.941600 
1.942800 
1.945300 
1.945400 
1.946000 
1.948100 
1.948200 
1.948700 
1.948700 
1.950200 
1.951000 
1.951400 
1.951900 
1.952100 
1.952500 
1.952700 
1.953400 
1.953500 
1.953700 
1.954700 
1.955300 
1.956700 
1.956700 
1.957900 
1.958000 
1.958100 
1.958600 
1.958700 
1.959300 
1.960900 
1.962900 
1.962900 
1.964000 
1.964800 
1.965500 
1.970700 
1.971600 
1.972000 
1.972000 
1.974200 
1.974200 
1.974300 
1.974700 
1.974700 
1.976100 
1.976200 
1.977100 
1.977100 
1.977300 
1.979700 
1.979700 
1.980900 
1.981300 
1.981700 
1.982400 
1.982500 
1.982700 
1.983700 
1.985800 
1.986500 
1.987900 
1.988500 
1.989400 
1.991700 
1.992300 
1.992500 
1.993900 
1.993900 
1.995200 
1.997300 
1.998000 
1.998200 
1.998600 
1.999300 
2.000400 
2.000600 
2.001700 
2.002000 
2.003800 
2.003800 
2.004600 
2.006400 
2.006800 
2.008000 
2.008100 
2.008900 
2.009300 
2.009800 
2.010500 
2.010700 
2.010700 
2.011100 
2.011500 
2.012300 
2.013700 
2.014000 
2.014600 
2.015000 
2.015400 
2.015500 
2.015800 
2.016700 
2.017400 
2.017400 
2.017500 
2.017600 
2.018200 
2.018200 
2.018400 
2.018400 
2.018600 
2.018900 
2.019100 
2.019400 
2.020000 
2.020400 
2.020500 
2.021800 
2.023000 
2.023100 
2.023700 
2.024100 
2.024400 
2.025100 
2.027800 
2.028500 
2.029400 
2.029700 
2.030000 
2.030100 
2.030300 
2.030400 
2.031800 
2.032300 
2.033500 
2.033900 
2.033900 
2.035400 
2.036100 
2.037300 
2.037600 
2.038000 
2.040900 
2.041500 
2.043200 
2.043700 
2.044400 
2.044900 
2.045000 
2.045500 
2.046400 
2.046600 
2.046700 
2.049600 
2.049900 
2.051400 
2.052500 
2.054700 
2.054900 
2.056400 
2.056400 
2.056700 
2.057500 
2.058400 
2.058500 
2.058900 
2.059100 
2.059100 
2.059800 
2.060100 
2.062900 
2.063200 
2.063800 
2.066500 
2.067600 
2.070500 
2.071200 
2.071600 
2.071600 
2.071600 
2.074600 
2.075200 
2.075600 
2.075900 
2.076600 
2.079100 
2.082500 
2.084000 
2.084500 
2.084600 
2.084700 
2.085900 
2.087900 
2.089800 
2.089900 
2.090100 
2.091200 
2.091200 
2.092800 
2.094000 
2.094400 
2.095100 
2.095300 
2.095500 
2.095800 
2.096700 
2.097700 
2.100100 
2.100200 
2.100400 
2.100400 
2.101300 
2.101400 
2.102000 
2.105900 
2.106000 
2.106200 
2.107600 
2.107800 
2.108700 
2.111400 
2.111500 
2.112000 
2.112100 
2.113800 
2.114900 
2.115800 
2.116400 
2.117600 
2.117700 
2.119000 
2.119400 
2.119700 
2.120000 
2.120300 
2.120600 
2.121000 
2.121200 
2.121300 
2.121700 
2.121900 
2.122400 
2.122800 
2.124200 
2.125300 
2.126100 
2.126800 
2.127500 
2.129700 
2.130800 
2.132500 
2.133000 
2.133000 
2.133200 
2.133300 
2.133400 
2.136500 
2.137000 
2.143300 
2.144900 
2.145900 
2.146000 
2.146500 
2.147000 
2.149000 
2.151100 
2.151600 
2.151600 
2.151600 
2.152500 
2.153300 
2.154500 
2.155600 
2.156300 
2.157500 
2.157800 
2.157900 
2.158300 
2.158300 
2.158400 
2.158900 
2.159000 
2.159100 
2.159300 
2.159500 
2.160000 
2.162000 
2.162100 
2.162400 
2.162600 
2.163400 
2.164100 
2.165200 
2.165500 
2.165800 
2.167700 
2.168100 
2.169100 
2.169800 
2.170300 
2.174200 
2.175900 
2.176100 
2.177800 
2.178300 
2.181200 
2.181400 
2.181400 
2.181800 
2.184200 
2.184300 
2.184800 
2.185300 
2.186600 
2.186700 
2.188000 
2.188000 
2.188500 
2.189500 
2.190000 
2.190600 
2.192300 
2.192800 
2.193000 
2.193300 
2.194200 
2.197700 
2.197900 
2.198700 
2.199600 
2.199700 
2.200100 
2.201500 
2.202100 
2.203000 
2.204500 
2.205100 
2.206500 
2.207500 
2.207600 
2.210600 
2.211600 
2.212000 
2.212100 
2.212500 
2.213200 
2.213900 
2.214300 
2.214900 
2.215000 
2.215900 
2.216700 
2.219200 
2.221100 
2.223100 
2.223600 
2.224100 
2.224200 
2.225200 
2.225400 
2.225400 
2.226100 
2.226200 
2.226800 
2.227300 
2.227600 
2.228800 
2.229100 
2.229300 
2.230700 
2.231400 
2.232200 
2.233400 
2.234000 
2.234900 
2.235600 
2.235700 
2.236400 
2.236900 
2.237800 
2.238400 
2.238900 
2.241200 
2.241800 
2.242700 
2.243200 
2.246100 
2.247000 
2.247200 
2.248600 
2.249600 
2.249800 
2.250000 
2.251700 
2.251900 
2.252000 
2.252100 
2.252300 
2.252400 
2.252700 
2.252800 
2.253900 
2.254200 
2.254700 
2.255300 
2.257700 
2.258800 
2.259200 
2.260000 
2.260800 
2.262600 
2.263600 
2.264100 
2.264300 
2.264500 
2.264900 
2.265000 
2.266100 
2.266200 
2.266400 
2.266500 
2.267300 
2.268800 
2.269100 
2.269200 
2.269500 
2.270000 
2.270600 
2.272100 
2.273300 
2.273400 
2.274100 
2.274700 
2.275000 
2.275700 
2.276700 
2.276800 
2.277100 
2.277800 
2.279000 
2.279400 
2.279500 
2.280300 
2.282700 
2.284900 
2.285600 
2.285800 
2.286300 
2.286800 
2.287500 
2.288300 
2.288700 
2.288900 
2.289700 
2.289800 
2.291900 
2.292200 
2.293200 
2.293200 
2.293900 
2.294900 
2.295600 
2.296200 
2.300000 
2.302100 
2.302300 
2.302700 
2.304300 
2.307000 
2.309100 
2.309400 
2.309500 
2.311400 
2.311900 
2.312100 
2.312500 
2.312800 
2.313700 
2.314400 
2.314500 
2.314800 
2.315400 
2.317100 
2.317700 
2.317800 
2.318500 
2.318800 
2.319000 
2.319000 
2.319400 
2.319700 
2.320100 
2.320500 
2.321200 
2.323900 
2.323900 
2.324700 
2.324900 
2.324900 
2.325200 
2.325400 
2.325700 
2.326000 
2.326600 
2.326700 
2.326900 
2.327700 
2.331200 
2.332600 
2.335100 
2.335200 
2.335300 
2.336400 
2.336600 
2.337000 
2.337700 
2.338200 
2.338300 
2.340000 
2.342300 
2.343700 
2.344100 
2.344100 
2.345200 
2.346400 
2.348300 
2.348300 
2.348600 
2.349100 
2.349800 
2.350100 
2.351200 
2.352200 
2.353200 
2.353900 
2.354200 
2.354900 
2.355400 
2.356200 
2.356300 
2.356600 
2.357700 
2.358500 
2.358500 
2.359000 
2.359300 
2.361100 
2.361500 
2.361500 
2.361600 
2.364600 
2.367600 
2.367900 
2.369300 
2.369600 
2.370400 
2.371300 
2.372100 
2.372800 
2.374900 
2.375900 
2.376600 
2.377000 
2.377600 
2.378100 
2.378100 
2.378100 
2.378400 
2.380300 
2.381200 
2.382200 
2.383400 
2.383500 
2.384500 
2.384500 
2.385100 
2.386300 
2.386500 
2.388600 
2.388700 
2.389400 
2.390500 
2.390600 
2.390800 
2.392100 
2.393100 
2.393800 
2.394100 
2.395000 
2.398500 
2.399800 
2.400100 
2.401700 
2.402100 
2.402600 
2.402700 
2.402800 
2.404300 
2.405400 
2.406100 
2.407600 
2.408600 
2.408800 
2.412100 
2.413000 
2.415100 
2.415800 
2.416400 
2.417100 
2.417200 
2.419400 
2.419700 
2.420200 
2.421600 
2.423100 
2.423300 
2.426400 
2.427000 
2.427400 
2.429600 
2.429700 
2.430700 
2.432100 
2.432500 
2.432700 
2.432900 
2.433900 
2.434300 
2.434900 
2.435100 
2.435400 
2.435600 
2.436400 
2.437100 
2.437100 
2.437300 
2.438400 
2.440300 
2.440700 
2.441100 
2.441900 
2.442200 
2.442800 
2.442900 
2.443600 
2.444400 
2.444600 
2.446000 
2.446000 
2.446100 
2.446800 
2.447700 
2.448000 
2.448900 
2.449800 
2.450100 
2.450700 
2.451700 
2.454300 
2.455700 
2.455800 
2.456700 
2.456800 
2.459400 
2.459600 
2.460100 
2.461300 
2.461700 
2.461900 
2.462100 
2.464500 
2.464700 
2.465400 
2.466400 
2.468500 
2.469000 
2.469200 
2.470100 
2.471100 
2.471100 
2.471200 
2.471700 
2.471700 
2.472500 
2.473700 
2.474400 
2.474800 
2.476300 
2.476800 
2.477000 
2.477100 
2.477600 
2.477700 
2.477800 
2.481900 
2.481900 
2.483200 
2.483800 
2.484100 
2.485600 
2.486300 
2.486600 
2.487000 
2.487700 
2.487900 
2.488800 
2.489200 
2.489500 
2.490800 
2.491000 
2.492200 
2.492400 
2.493600 
2.494200 
2.494600 
2.494900 
2.496000 
2.497900 
2.498200 
2.500600 
2.501000 
2.501000 
2.503100 
2.503300 
2.504700 
2.505000 
2.506300 
2.507100 
2.507300 
2.509200 
2.509900 
2.511400 
2.513200 
2.513500 
2.513600 
2.513800 
2.515000 
2.515500 
2.515800 
2.516000 
2.517300 
2.517400 
2.517700 
2.518900 
2.519000 
2.519900 
2.520000 
2.521600 
2.522100 
2.522200 
2.523900 
2.525500 
2.525900 
2.527100 
2.527300 
2.527300 
2.527600 
2.529100 
2.531400 
2.532800 
2.533600 
2.533700 
2.533900 
2.534300 
2.535700 
2.536600 
2.536800 
2.537800 
2.537800 
2.538600 
2.539200 
2.539400 
2.539700 
2.541000 
2.541400 
2.541700 
2.542400 
2.544000 
2.546800 
2.547500 
2.549900 
2.550200 
2.550800 
2.552700 
2.552800 
2.554200 
2.555000 
2.555000 
2.555400 
2.556500 
2.556600 
2.559400 
2.560500 
2.561000 
2.561100 
2.561700 
2.562300 
2.562700 
2.563100 
2.563200 
2.563700 
2.563900 
2.564400 
2.564500 
2.564800 
2.566800 
2.568100 
2.568900 
2.569400 
2.571800 
2.572400 
2.572500 
2.573600 
2.573800 
2.574600 
2.574800 
2.575500 
2.575900 
2.576100 
2.577300 
2.577400 
2.577400 
2.577500 
2.579300 
2.579700 
2.579700 
2.580500 
2.580700 
2.580700 
2.582800 
2.584000 
2.584000 
2.584100 
2.584800 
2.587000 
2.587000 
2.588800 
2.591200 
2.591900 
2.593200 
2.595100 
2.596800 
2.596900 
2.597100 
2.597300 
2.597500 
2.599200 
2.599300 
2.599500 
2.603000 
2.603100 
2.603600 
2.604100 
2.604100 
2.605300 
2.606300 
2.607000 
2.609800 
2.611200 
2.612300 
2.613100 
2.613200 
2.615600 
2.616600 
2.616800 
2.617400 
2.618000 
2.618600 
2.619900 
2.620300 
2.621300 
2.621500 
2.622100 
2.623000 
2.623600 
2.623700 
2.624100 
2.624300 
2.624800 
2.625700 
2.625900 
2.626500 
2.626600 
2.627400 
2.627900 
2.627900 
2.628100 
2.628300 
2.628600 
2.628700 
2.628800 
2.629000 
2.629400 
2.629800 
2.630300 
2.633600 
2.634400 
2.635800 
2.636500 
2.637200 
2.638200 
2.638900 
2.639800 
2.639800 
2.640400 
2.641900 
2.642900 
2.643200 
2.643600 
2.643800 
2.645600 
2.647300 
2.649900 
2.649900 
2.650200 
2.650800 
2.651600 
2.653100 
2.653200 
2.653800 
2.654300 
2.655700 
2.658700 
2.660200 
2.660800 
2.661100 
2.661500 
2.662200 
2.663100 
2.663600 
2.663800 
2.664300 
2.664500 
2.665800 
2.666400 
2.667900 
2.668500 
2.669500 
2.669800 
2.669900 
2.670100 
2.670400 
2.671300 
2.672400 
2.674300 
2.674600 
2.674800 
2.675900 
2.675900 
2.676600 
2.676600 
2.678100 
2.678500 
2.678700 
2.683200 
2.684400 
2.684600 
2.687100 
2.687200 
2.687400 
2.688100 
2.689300 
2.690600 
2.691300 
2.692300 
2.693200 
2.694000 
2.694100 
2.694600 
2.694700 
2.695200 
2.695900 
2.696200 
2.696900 
2.698000 
2.698300 
2.698700 
2.700000 
2.701100 
2.701100 
2.701700 
2.701800 
2.702800 
2.703300 
2.705300 
2.705500 
2.706400 
2.706700 
2.708000 
2.708200 
2.708600 
2.708800 
2.709700 
2.711300 
2.712100 
2.712700 
2.713100 
2.714300 
2.715200 
2.715900 
2.718200 
2.718800 
2.719100 
2.720400 
2.720800 
2.721600 
2.722300 
2.723100 
2.723300 
2.723600 
2.724800 
2.725400 
2.727900 
2.727900 
2.729000 
2.730000 
2.730300 
2.731000 
2.732300 
2.733000 
2.733300 
2.733500 
2.733800 
2.734700 
2.735600 
2.736000 
2.737100 
2.737200 
2.737700 
2.738200 
2.739000 
2.739000 
2.739200 
2.740700 
2.743000 
2.743500 
2.744300 
2.744400 
2.745500 
2.748400 
2.750200 
2.750300 
2.751600 
2.752300 
2.753100 
2.753500 
2.755000 
2.755100 
2.755100 
2.756600 
2.757500 
2.758400 
2.759300 
2.759400 
2.759600 
2.761700 
2.762000 
2.762900 
2.763600 
2.764400 
2.764800 
2.764900 
2.765100 
2.766500 
2.767000 
2.768300 
2.769100 
2.769100 
2.770400 
2.773600 
2.773800 
2.774200 
2.778400 
2.778500 
2.779300 
2.780100 
2.780300 
2.781400 
2.781900 
2.783700 
2.783800 
2.783900 
2.783900 
2.784200 
2.785200 
2.785200 
2.785400 
2.786200 
2.786900 
2.788100 
2.789900 
2.791200 
2.791400 
2.793000 
2.793300 
2.794300 
2.797200 
2.797300 
2.797600 
2.798100 
2.799200 
2.799600 
2.799900 
2.800300 
2.800400 
2.801800 
2.802700 
2.804200 
2.805000 
2.805000 
2.805700 
2.806300 
2.808000 
2.808200 
2.809000 
2.809500 
2.810300 
2.812200 
2.813000 
2.815100 
2.815400 
2.815400 
2.816400 
2.816700 
2.818800 
2.819200 
2.819600 
2.823900 
2.826900 
2.828100 
2.828600 
2.828600 
2.828700 
2.828700 
2.829000 
2.829800 
2.830500 
2.832000 
2.832500 
2.832500 
2.834700 
2.835100 
2.836400 
2.836700 
2.836700 
2.836800 
2.837200 
2.837900 
2.838300 
2.840400 
2.840800 
2.841400 
2.841500 
2.843000 
2.843800 
2.844800 
2.846400 
2.846500 
2.846700 
2.848100 
2.849300 
2.849700 
2.849800 
2.851700 
2.852600 
2.855300 
2.857000 
2.857500 
2.857800 
2.858100 
2.858100 
2.858400 
2.858600 
2.858600 
2.858600 
2.858700 
2.858900 
2.859700 
2.860300 
2.861200 
2.861300 
2.864100 
2.864900 
2.866800 
2.869500 
2.870400 
2.873200 
2.874700 
2.875600 
2.875900 
2.876200 
2.877100 
2.877400 
2.877600 
2.877700 
2.877900 
2.878200 
2.878900 
2.879000 
2.880000 
2.880300 
2.880600 
2.881200 
2.881200 
2.881600 
2.881700 
2.881700 
2.882700 
2.883000 
2.885000 
2.885100 
2.886000 
2.886500 
2.886600 
2.888700 
2.888800 
2.890500 
2.891500 
2.892500 
2.893600 
2.895100 
2.896300 
2.896500 
2.898100 
2.898400 
2.899300 
2.899400 
2.900800 
2.901500 
2.901800 
2.902700 
2.903800 
2.904200 
2.904900 
2.905300 
2.906400 
2.906500 
2.908800 
2.908900 
2.909100 
2.911300 
2.913300 
2.915500 
2.915700 
2.915700 
2.917000 
2.917200 
2.917600 
2.917700 
2.918300 
2.919000 
2.919300 
2.919500 
2.919800 
2.920200 
2.920500 
2.921200 
2.921600 
2.922300 
2.922600 
2.923500 
2.923600 
2.924600 
2.925700 
2.927400 
2.928200 
2.929200 
2.929600 
2.930500 
2.932000 
2.932000 
2.933800 
2.937400 
2.938900 
2.939000 
2.939200 
2.940200 
2.941000 
2.941500 
2.943000 
2.943000 
2.944000 
2.944900 
2.945000 
2.946100 
2.946700 
2.947800 
2.949000 
2.949000 
2.949600 
2.949900 
2.950400 
2.950500 
2.951600 
2.951800 
2.951900 
2.952200 
2.955300 
2.956500 
2.956500 
2.957800 
2.957800 
2.959000 
2.959100 
2.959800 
2.960400 
2.961400 
2.963000 
2.963400 
2.964300 
2.964600 
2.966000 
2.966800 
2.967500 
2.969200 
2.971200 
2.971500 
2.972600 
2.974600 
2.974700 
2.974800 
2.975500 
2.975800 
2.978400 
2.979500 
2.980200 
2.980400 
2.981900 
2.982700 
2.983700 
2.985100 
2.987900 
2.988300 
2.988500 
2.989000 
2.989200 
2.989300 
2.989500 
2.989800 
2.991300 
2.991800 
2.992700 
2.993000 
2.994400 
2.994700 
2.995300 
2.996000 
2.996700 
2.996800 
2.999800 
