72 
59 
28 
63 
50 
26 
11 
86 
98 
84 
51 
53 
66 
2 
40 
74 
92 
89 
25 
44 
6 
77 
33 
9 
67 
10 
87 
31 
24 
14 
79 
85 
99 
80 
27 
18 
70 
71 
88 
1 
97 
41 
75 
39 
0 
4 
45 
86 
96 
7 
2 
100 
58 
73 
28 
42 
53 
84 
49 
35 
15 
57 
60 
31 
22 
40 
8 
27 
11 
16 
93 
59 
77 
90 
64 
21 
38 
63 
20 
67 
96 
44 
47 
10 
29 
45 
85 
24 
72 
74 
13 
101 
53 
75 
66 
4 
88 
1 
73 
49 
31 
81 
83 
52 
79 
28 
34 
51 
82 
70 
8 
77 
44 
92 
58 
15 
64 
63 
10 
101 
67 
18 
16 
78 
9 
95 
40 
3 
100 
5 
37 
20 
42 
35 
22 
74 
39 
94 
13 
60 
45 
71 
81 
72 
61 
14 
96 
83 
76 
17 
8 
28 
16 
38 
7 
15 
81 
1 
36 
35 
82 
85 
40 
84 
97 
75 
79 
37 
99 
20 
77 
29 
58 
100 
98 
41 
18 
81 
54 
95 
10 
24 
6 
49 
8 
43 
88 
70 
47 
16 
53 
33 
91 
67 
101 
56 
27 
74 
42 
97 
51 
81 
2 
34 
72 
44 
71 
59 
78 
63 
95 
17 
57 
4 
88 
65 
58 
94 
9 
40 
93 
79 
15 
18 
47 
84 
67 
66 
36 
35 
89 
16 
37 
92 
98 
10 
30 
22 
39 
57 
61 
75 
12 
51 
64 
17 
58 
4 
82 
96 
74 
81 
3 
2 
41 
66 
59 
86 
1 
94 
72 
53 
13 
93 
36 
57 
20 
10 
67 
30 
29 
16 
17 
84 
24 
46 
92 
35 
89 
63 
18 
88 
47 
54 
34 
15 
1 
31 
75 
40 
32 
94 
29 
38 
10 
8 
42 
77 
45 
3 
82 
13 
41 
98 
85 
16 
95 
33 
51 
28 
81 
17 
65 
57 
44 
55 
63 
2 
78 
22 
66 
4 
84 
11 
62 
93 
80 
73 
74 
86 
35 
52 
53 
29 
95 
64 
100 
32 
38 
15 
96 
34 
50 
82 
85 
89 
68 
77 
9 
14 
5 
43 
11 
83 
72 
45 
10 
81 
40 
36 
6 
35 
2 
62 
101 
8 
18 
80 
3 
94 
42 
76 
20 
22 
7 
66 
100 
59 
13 
27 
70 
79 
57 
71 
31 
86 
19 
4 
38 
44 
52 
92 
29 
95 
24 
39 
41 
98 
63 
89 
35 
34 
94 
45 
15 
72 
0 
30 
64 
4 
8 
99 
18 
78 
42 
73 
67 
77 
17 
14 
59 
1 
10 
9 
90 
44 
58 
27 
21 
23 
29 
69 
20 
81 
101 
6 
35 
47 
51 
66 
34 
41 
84 
94 
36 
93 
74 
3 
16 
13 
28 
79 
75 
62 
96 
73 
85 
37 
99 
55 
57 
32 
71 
63 
80 
59 
72 
17 
8 
67 
29 
27 
31 
7 
33 
12 
54 
10 
35 
38 
65 
5 
30 
90 
95 
3 
21 
6 
13 
86 
44 
23 
78 
47 
79 
77 
81 
20 
74 
14 
16 
46 
51 
18 
27 
58 
52 
37 
65 
7 
28 
24 
62 
95 
15 
8 
42 
98 
70 
22 
63 
87 
1 
80 
64 
33 
35 
92 
57 
17 
67 
5 
29 
83 
81 
31 
79 
100 
30 
0 
90 
53 
56 
44 
94 
9 
74 
36 
66 
75 
93 
51 
10 
86 
34 
46 
2 
78 
95 
45 
21 
8 
67 
77 
1 
99 
20 
28 
64 
7 
41 
49 
29 
9 
38 
75 
71 
70 
51 
4 
57 
58 
88 
14 
84 
18 
59 
69 
3 
27 
37 
89 
65 
17 
48 
44 
77 
23 
31 
74 
9 
94 
33 
95 
24 
98 
93 
34 
83 
65 
64 
67 
97 
18 
45 
66 
75 
85 
58 
4 
73 
2 
8 
13 
11 
41 
5 
47 
52 
16 
99 
28 
38 
24 
21 
14 
92 
36 
20 
37 
80 
96 
39 
40 
15 
70 
69 
55 
79 
62 
86 
88 
78 
87 
35 
100 
49 
43 
51 
31 
59 
9 
22 
77 
3 
94 
17 
93 
27 
10 
4 
71 
99 
14 
75 
0 
45 
16 
63 
21 
73 
53 
84 
82 
61 
47 
67 
74 
92 
38 
44 
33 
96 
52 
8 
51 
59 
78 
49 
37 
94 
50 
21 
95 
7 
2 
56 
58 
97 
80 
34 
16 
15 
99 
18 
4 
28 
22 
66 
47 
83 
32 
88 
8 
45 
81 
36 
75 
71 
100 
46 
41 
84 
7 
92 
35 
62 
30 
18 
21 
44 
29 
78 
73 
27 
52 
13 
0 
17 
100 
42 
96 
90 
34 
99 
26 
72 
94 
69 
24 
2 
47 
38 
97 
88 
67 
49 
55 
75 
3 
8 
22 
59 
23 
80 
20 
30 
21 
58 
87 
29 
14 
11 
15 
66 
28 
5 
96 
74 
16 
57 
44 
52 
71 
100 
77 
65 
27 
70 
31 
40 
45 
5 
18 
35 
76 
98 
67 
41 
101 
78 
75 
13 
7 
84 
80 
89 
49 
2 
42 
12 
24 
29 
88 
38 
72 
51 
73 
94 
59 
17 
50 
1 
34 
66 
30 
84 
68 
44 
46 
14 
29 
100 
33 
81 
27 
4 
35 
92 
75 
101 
67 
22 
57 
54 
69 
5 
58 
80 
13 
70 
42 
48 
78 
88 
65 
49 
7 
9 
24 
3 
66 
8 
47 
68 
39 
100 
51 
84 
86 
52 
94 
75 
18 
14 
79 
82 
4 
36 
22 
63 
33 
99 
73 
74 
96 
29 
40 
81 
47 
20 
48 
5 
34 
8 
2 
84 
58 
31 
57 
71 
95 
89 
64 
15 
28 
37 
86 
83 
36 
16 
67 
98 
69 
44 
3 
24 
55 
87 
61 
59 
70 
99 
41 
85 
6 
93 
7 
66 
88 
73 
51 
62 
95 
47 
53 
86 
77 
44 
22 
14 
54 
38 
29 
34 
17 
58 
90 
25 
45 
67 
98 
18 
95 
31 
88 
75 
8 
48 
24 
33 
2 
21 
36 
81 
78 
49 
59 
15 
97 
35 
12 
87 
64 
82 
10 
79 
9 
93 
84 
28 
73 
34 
92 
66 
96 
36 
42 
52 
38 
39 
85 
11 
40 
16 
21 
81 
32 
24 
70 
12 
97 
89 
41 
17 
29 
83 
31 
1 
80 
52 
95 
20 
62 
78 
79 
71 
58 
86 
8 
77 
33 
30 
101 
2 
34 
98 
88 
18 
76 
5 
59 
15 
4 
96 
49 
12 
94 
81 
82 
45 
65 
72 
38 
89 
50 
24 
51 
0 
71 
57 
75 
35 
47 
67 
84 
29 
42 
97 
83 
36 
86 
4 
14 
44 
0 
31 
72 
46 
33 
93 
56 
80 
45 
62 
27 
49 
77 
63 
7 
13 
73 
66 
88 
96 
64 
34 
78 
16 
79 
57 
85 
51 
81 
100 
35 
61 
8 
12 
42 
76 
89 
9 
62 
67 
95 
40 
13 
27 
20 
82 
0 
33 
98 
37 
77 
4 
99 
41 
52 
11 
86 
31 
29 
45 
47 
81 
84 
38 
74 
54 
35 
8 
50 
15 
30 
78 
36 
73 
64 
82 
95 
57 
66 
53 
85 
100 
33 
58 
99 
92 
71 
7 
3 
28 
48 
4 
10 
32 
39 
93 
83 
56 
8 
16 
15 
27 
9 
35 
98 
72 
0 
70 
11 
21 
2 
80 
45 
52 
97 
42 
67 
37 
81 
36 
44 
61 
92 
71 
78 
40 
73 
41 
94 
34 
48 
95 
47 
20 
0 
93 
4 
50 
66 
83 
27 
64 
49 
30 
63 
67 
45 
87 
86 
71 
22 
51 
34 
29 
94 
75 
39 
52 
68 
57 
38 
4 
1 
77 
91 
35 
18 
96 
20 
92 
100 
45 
42 
53 
16 
73 
41 
13 
34 
40 
17 
33 
80 
70 
78 
99 
62 
88 
93 
9 
84 
29 
79 
47 
67 
3 
30 
35 
4 
37 
49 
90 
46 
13 
8 
83 
66 
64 
65 
100 
44 
15 
99 
77 
95 
80 
38 
62 
71 
0 
20 
3 
2 
21 
19 
28 
43 
34 
31 
52 
96 
12 
35 
44 
69 
29 
74 
78 
94 
18 
75 
85 
86 
4 
2 
79 
93 
64 
7 
80 
27 
65 
37 
63 
13 
5 
81 
40 
25 
73 
51 
83 
38 
46 
30 
11 
95 
57 
3 
34 
92 
59 
27 
77 
71 
14 
58 
43 
35 
88 
62 
96 
76 
8 
99 
28 
4 
45 
85 
83 
29 
17 
67 
80 
51 
20 
41 
18 
82 
97 
70 
74 
11 
37 
65 
46 
73 
81 
31 
52 
72 
2 
50 
90 
86 
78 
63 
47 
95 
7 
59 
94 
54 
13 
44 
96 
100 
53 
79 
38 
27 
20 
39 
51 
45 
4 
64 
42 
92 
98 
35 
24 
75 
87 
15 
67 
80 
101 
62 
41 
99 
89 
3 
88 
18 
32 
10 
36 
33 
28 
60 
57 
83 
93 
69 
52 
38 
74 
45 
44 
37 
11 
42 
8 
96 
27 
15 
12 
46 
78 
65 
62 
58 
4 
20 
73 
66 
99 
63 
101 
41 
67 
34 
24 
1 
72 
95 
40 
3 
80 
7 
19 
57 
92 
94 
75 
13 
59 
88 
68 
84 
61 
31 
49 
36 
14 
47 
77 
8 
10 
73 
97 
93 
71 
29 
52 
78 
27 
51 
38 
2 
72 
1 
13 
62 
80 
7 
65 
81 
21 
98 
92 
99 
28 
35 
15 
49 
100 
24 
64 
67 
71 
95 
77 
45 
96 
36 
22 
63 
93 
4 
66 
20 
34 
69 
31 
73 
54 
40 
33 
50 
10 
92 
52 
77 
99 
72 
58 
98 
74 
75 
27 
39 
64 
13 
57 
61 
35 
80 
51 
63 
22 
86 
83 
93 
78 
20 
89 
73 
67 
87 
29 
18 
2 
37 
65 
30 
3 
44 
15 
81 
62 
26 
40 
47 
69 
99 
41 
8 
96 
66 
10 
70 
75 
34 
36 
39 
4 
59 
17 
77 
67 
55 
94 
38 
52 
35 
46 
92 
45 
22 
0 
88 
83 
85 
72 
3 
73 
20 
51 
63 
8 
87 
79 
89 
101 
44 
100 
70 
74 
21 
66 
80 
41 
29 
31 
27 
10 
48 
62 
37 
96 
98 
15 
42 
81 
76 
71 
35 
55 
67 
2 
75 
34 
0 
82 
65 
22 
1 
70 
18 
7 
8 
83 
63 
49 
16 
38 
31 
78 
24 
40 
51 
32 
29 
34 
84 
88 
14 
61 
56 
17 
72 
95 
96 
89 
70 
2 
75 
58 
100 
32 
94 
5 
59 
83 
42 
98 
11 
34 
13 
28 
10 
45 
15 
96 
62 
101 
33 
52 
44 
20 
47 
67 
40 
74 
37 
36 
80 
99 
48 
8 
83 
7 
79 
35 
87 
76 
57 
96 
41 
66 
81 
85 
21 
3 
93 
78 
4 
63 
98 
32 
10 
13 
58 
9 
100 
33 
64 
92 
71 
45 
17 
36 
49 
86 
30 
80 
40 
5 
47 
35 
77 
28 
29 
57 
83 
88 
11 
99 
44 
58 
67 
31 
48 
85 
15 
8 
33 
84 
4 
62 
93 
24 
37 
27 
83 
81 
98 
16 
29 
10 
20 
91 
43 
40 
53 
71 
63 
7 
79 
67 
95 
47 
18 
21 
77 
17 
45 
2 
62 
0 
74 
44 
24 
35 
80 
52 
12 
9 
3 
96 
22 
48 
85 
81 
5 
89 
37 
100 
83 
87 
56 
31 
99 
77 
42 
75 
14 
88 
67 
27 
98 
58 
21 
95 
97 
53 
35 
94 
36 
73 
78 
15 
20 
44 
45 
29 
71 
2 
4 
31 
34 
7 
1 
101 
47 
86 
64 
68 
37 
57 
83 
10 
13 
97 
59 
51 
93 
30 
92 
62 
28 
74 
38 
35 
73 
91 
33 
94 
80 
8 
78 
45 
19 
65 
17 
75 
46 
52 
3 
100 
79 
56 
55 
41 
95 
12 
13 
1 
96 
47 
22 
84 
10 
21 
85 
20 
64 
62 
82 
27 
77 
31 
53 
14 
24 
92 
86 
66 
83 
93 
34 
63 
48 
44 
7 
59 
55 
89 
98 
51 
81 
97 
71 
11 
100 
35 
85 
47 
79 
80 
37 
73 
17 
75 
28 
45 
88 
65 
27 
