0.020300 
0.036500 
0.048400 
0.051900 
0.053200 
0.058100 
0.061000 
0.062900 
0.071700 
0.093700 
0.098400 
0.102000 
0.130900 
0.146200 
0.150200 
0.151600 
0.153600 
0.153600 
0.168400 
0.174100 
0.175300 
0.176400 
0.184700 
0.193600 
0.194600 
0.204500 
0.204800 
0.219300 
0.228200 
0.229000 
0.230800 
0.233200 
0.240300 
0.254300 
0.257500 
0.267100 
0.267600 
0.279300 
0.280300 
0.285800 
0.291500 
0.292300 
0.293600 
0.307900 
0.309300 
0.312000 
0.325800 
0.332200 
0.334700 
0.335500 
0.336200 
0.338500 
0.347300 
0.354200 
0.356800 
0.357100 
0.357200 
0.359100 
0.359700 
0.364700 
0.382300 
0.384300 
0.387500 
0.397100 
0.399400 
0.403000 
0.405000 
0.407600 
0.409700 
0.422800 
0.430000 
0.430100 
0.432800 
0.433400 
0.434300 
0.439100 
0.458700 
0.462400 
0.462900 
0.467300 
0.468300 
0.473500 
0.477800 
0.487200 
0.489700 
0.496200 
0.497900 
0.505700 
0.507100 
0.508300 
0.512800 
0.518500 
0.522200 
0.525700 
0.527500 
0.529800 
0.537600 
0.543800 
0.552700 
0.554000 
0.554500 
0.558400 
0.560700 
0.562300 
0.565500 
0.565600 
0.577200 
0.581200 
0.589200 
0.590100 
0.590900 
0.593300 
0.601600 
0.610100 
0.610200 
0.612300 
0.622000 
0.628500 
0.630900 
0.635300 
0.637400 
0.639600 
0.650100 
0.653200 
0.658700 
0.663800 
0.667900 
0.669400 
0.677700 
0.679000 
0.686600 
0.702700 
0.703700 
0.713000 
0.715700 
0.715800 
0.719500 
0.721300 
0.727600 
0.736100 
0.737500 
0.738900 
0.746200 
0.748000 
0.761100 
0.765500 
0.766600 
0.770200 
0.778200 
0.785100 
0.785400 
0.785800 
0.792900 
0.798200 
0.807500 
0.807600 
0.812700 
0.814100 
0.830500 
0.831500 
0.832200 
0.844000 
0.844500 
0.850500 
0.853100 
0.853700 
0.858700 
0.864300 
0.871600 
0.872900 
0.878600 
0.884000 
0.884200 
0.886700 
0.891000 
0.902200 
0.904900 
0.908900 
0.915400 
0.918600 
0.921300 
0.921800 
0.937700 
0.938100 
0.939900 
0.949700 
0.951300 
0.954900 
0.956100 
0.961400 
0.962200 
0.971000 
0.971900 
0.972100 
0.972200 
0.986000 
0.986500 
0.988000 
0.997300 
1.000700 
1.004900 
1.010300 
1.013900 
1.014100 
1.028600 
1.030200 
1.035300 
1.037800 
1.042600 
1.044200 
1.051700 
1.052900 
1.067800 
1.067900 
1.072300 
1.072800 
1.088700 
1.098800 
1.106300 
1.107200 
1.108200 
1.112700 
1.115000 
1.118600 
1.120900 
1.131000 
1.133900 
1.136300 
1.146300 
1.149300 
1.158100 
1.166800 
1.167000 
1.168300 
1.169100 
1.174500 
1.176000 
1.181000 
1.181700 
1.187700 
1.197600 
1.201500 
1.203100 
1.203600 
1.207700 
1.211000 
1.222400 
1.225400 
1.225500 
1.228600 
1.233500 
1.241500 
1.242800 
1.244700 
1.246600 
1.247500 
1.265800 
1.277700 
1.284800 
1.286200 
1.292900 
1.306100 
1.306900 
1.307000 
1.311200 
1.320900 
1.322200 
1.323400 
1.329400 
1.331900 
1.337900 
1.344600 
1.345300 
1.349800 
1.353700 
1.368800 
1.370900 
1.372400 
1.376200 
1.382200 
1.386400 
1.392500 
1.398500 
1.401100 
1.401300 
1.405900 
1.408800 
1.410900 
1.421900 
1.429400 
1.430200 
1.431300 
1.432200 
1.435100 
1.435800 
1.441400 
1.445100 
1.454200 
1.463500 
1.463600 
1.465600 
1.470600 
1.478900 
1.479200 
1.483500 
1.498400 
1.505400 
1.507600 
1.508200 
1.508200 
1.510700 
1.521600 
1.525200 
1.525700 
1.525800 
1.529400 
1.538600 
1.539600 
1.542700 
1.543200 
1.548500 
1.549000 
1.555700 
1.558800 
1.559800 
1.574300 
1.577800 
1.578100 
1.581200 
1.581300 
1.590000 
1.594000 
1.594700 
1.597500 
1.605400 
1.605700 
1.615800 
1.618100 
1.632100 
1.635100 
1.636000 
1.638500 
1.640300 
1.641200 
1.644600 
1.650200 
1.658900 
1.665200 
1.667900 
1.668100 
1.669000 
1.670700 
1.676800 
1.689100 
1.689300 
1.690300 
1.691000 
1.702000 
1.710400 
1.717900 
1.719900 
1.730200 
1.742400 
1.743400 
1.745000 
1.749900 
1.755200 
1.760700 
1.767700 
1.798600 
1.803300 
1.814400 
1.815400 
1.825500 
1.832700 
1.838700 
1.840800 
1.856300 
1.856300 
1.868900 
1.871900 
1.874300 
1.875400 
1.887300 
1.890900 
1.901600 
1.903500 
1.915100 
1.920700 
1.926900 
1.930600 
1.933900 
1.936400 
1.942400 
1.947500 
1.955100 
1.960600 
1.969000 
1.970400 
1.975800 
1.975800 
1.977000 
1.986100 
1.986600 
1.987600 
1.988600 
1.988700 
1.990900 
2.005600 
2.007700 
2.009800 
2.012000 
2.014900 
2.021200 
2.027200 
2.031900 
2.035100 
2.038300 
2.053800 
2.055800 
2.057600 
2.062600 
2.073900 
2.075600 
2.076500 
2.082000 
2.084900 
2.087900 
2.091000 
2.095700 
2.099900 
2.102100 
2.115200 
2.117400 
2.117900 
2.121200 
2.131900 
2.133200 
2.135000 
2.138400 
2.139200 
2.150200 
2.150900 
2.159800 
2.166200 
2.169300 
2.172900 
2.173100 
2.173100 
2.176100 
2.192900 
2.196800 
2.206800 
2.207100 
2.208900 
2.218000 
2.219900 
2.220400 
2.229500 
2.234100 
2.241700 
2.242700 
2.245400 
2.251600 
2.254100 
2.255300 
2.263800 
2.264400 
2.279400 
2.279900 
2.290700 
2.293600 
2.294500 
2.294700 
2.296000 
2.298500 
2.308300 
2.314100 
2.317000 
2.318500 
2.319400 
2.325600 
2.330100 
2.335800 
2.346300 
2.348900 
2.350000 
2.352600 
2.359000 
2.363000 
2.374100 
2.377800 
2.383700 
2.395400 
2.396500 
2.400400 
2.405800 
2.413200 
2.417900 
2.418000 
2.428500 
2.437400 
2.437700 
2.439900 
2.446800 
2.450700 
2.457800 
2.462600 
2.469000 
2.471800 
2.480000 
2.489000 
2.489700 
2.501100 
2.502400 
2.504500 
2.507800 
2.510300 
2.514200 
2.518600 
2.523000 
2.523100 
2.527400 
2.540800 
2.545200 
2.551000 
2.565100 
2.565800 
2.570700 
2.577300 
2.585000 
2.585800 
2.588200 
2.597700 
2.599300 
2.610700 
2.616000 
2.618900 
2.622800 
2.624800 
2.630100 
2.644100 
2.647800 
2.651900 
2.656100 
2.666200 
2.669300 
2.677000 
2.678700 
2.700800 
2.701400 
2.703500 
2.709200 
2.714800 
2.717400 
2.724900 
2.725500 
2.743000 
2.744300 
2.758000 
2.760500 
2.764100 
2.770600 
2.772000 
2.783900 
2.788800 
2.789700 
2.789800 
2.805500 
2.807200 
2.809300 
2.822700 
2.835700 
2.838000 
2.845900 
2.852500 
2.856100 
2.862000 
2.868500 
2.868900 
2.878700 
2.881700 
2.887700 
2.891100 
2.898700 
2.901000 
2.909600 
2.932600 
2.934800 
2.939700 
2.940700 
2.957600 
2.959400 
2.974700 
2.984900 
2.985200 
2.992500 
2.995900 
2.999200 
