0.030700 
0.032200 
0.058700 
0.062800 
0.063900 
0.065100 
0.075000 
0.077700 
0.077800 
0.083900 
0.085800 
0.087200 
0.088900 
0.088900 
0.096000 
0.097100 
0.104300 
0.104400 
0.108700 
0.109800 
0.118900 
0.119600 
0.131500 
0.139300 
0.148900 
0.151800 
0.157600 
0.159300 
0.159600 
0.159800 
0.161200 
0.161700 
0.161900 
0.180300 
0.184500 
0.185300 
0.187500 
0.190400 
0.193600 
0.193700 
0.195800 
0.204800 
0.204900 
0.208100 
0.210600 
0.210900 
0.211600 
0.212300 
0.215600 
0.216900 
0.229500 
0.236200 
0.240600 
0.242500 
0.246300 
0.253600 
0.257100 
0.258200 
0.260700 
0.262900 
0.264500 
0.273000 
0.273700 
0.275900 
0.281500 
0.292300 
0.297100 
0.297300 
0.298800 
0.300600 
0.303400 
0.307200 
0.312200 
0.314400 
0.320400 
0.324300 
0.326700 
0.332800 
0.342900 
0.343100 
0.346400 
0.350600 
0.370500 
0.373100 
0.374700 
0.379900 
0.386100 
0.386500 
0.390400 
0.395900 
0.403700 
0.403900 
0.410900 
0.420200 
0.424100 
0.428100 
0.429900 
0.436500 
0.437200 
0.447300 
0.453000 
0.462500 
0.469900 
0.473100 
0.474100 
0.478200 
0.479200 
0.482000 
0.483900 
0.486700 
0.488400 
0.489800 
0.492300 
0.493800 
0.495100 
0.499900 
0.504200 
0.505300 
0.507700 
0.508000 
0.509900 
0.510000 
0.512400 
0.512800 
0.514500 
0.521700 
0.525400 
0.529000 
0.530900 
0.533600 
0.537300 
0.549900 
0.554100 
0.562900 
0.571700 
0.571900 
0.573000 
0.576300 
0.584500 
0.585500 
0.586200 
0.588500 
0.588500 
0.592100 
0.596200 
0.597500 
0.599400 
0.601700 
0.603200 
0.613600 
0.615400 
0.622000 
0.623000 
0.623000 
0.626200 
0.634700 
0.639100 
0.645900 
0.646300 
0.646400 
0.647300 
0.647300 
0.650000 
0.659600 
0.672600 
0.679900 
0.681500 
0.684500 
0.692900 
0.694100 
0.695400 
0.696700 
0.699800 
0.710100 
0.712300 
0.719300 
0.724100 
0.725100 
0.726100 
0.726100 
0.726500 
0.728500 
0.736400 
0.741000 
0.745100 
0.749600 
0.751600 
0.751900 
0.752900 
0.753800 
0.754400 
0.766100 
0.769000 
0.778800 
0.780300 
0.781600 
0.786400 
0.802300 
0.803500 
0.806100 
0.807300 
0.812600 
0.812600 
0.816000 
0.818200 
0.821900 
0.837800 
0.838600 
0.840800 
0.843200 
0.844700 
0.844900 
0.849400 
0.851100 
0.853600 
0.853700 
0.863100 
0.868000 
0.869100 
0.879300 
0.883200 
0.883400 
0.885900 
0.888100 
0.895600 
0.897400 
0.899000 
0.900900 
0.915000 
0.919500 
0.919700 
0.929100 
0.932700 
0.941000 
0.943000 
0.943300 
0.944400 
0.945000 
0.949200 
0.952800 
0.970900 
0.975800 
0.978700 
0.984400 
0.987200 
0.992000 
0.992200 
0.995200 
1.000900 
1.008200 
1.009600 
1.010500 
1.021800 
1.030700 
1.036000 
1.045700 
1.047000 
1.049100 
1.049100 
1.056100 
1.057100 
1.058700 
1.061400 
1.063400 
1.064200 
1.067000 
1.071400 
1.073100 
1.074100 
1.075000 
1.081100 
1.085600 
1.087000 
1.087500 
1.096600 
1.105400 
1.122100 
1.123000 
1.123800 
1.133200 
1.134000 
1.143800 
1.148000 
1.149500 
1.150400 
1.156000 
1.165600 
1.179600 
1.179800 
1.180900 
1.185600 
1.187600 
1.189300 
1.193100 
1.201700 
1.201800 
1.207100 
1.211300 
1.214900 
1.230100 
1.231500 
1.231700 
1.232500 
1.235600 
1.237100 
1.238700 
1.246000 
1.247100 
1.248200 
1.255500 
1.257800 
1.264900 
1.276400 
1.277800 
1.278600 
1.285100 
1.290400 
1.298500 
1.298500 
1.300200 
1.304000 
1.305800 
1.308000 
1.309800 
1.314300 
1.320500 
1.324700 
1.325400 
1.330200 
1.353500 
1.356000 
1.359900 
1.365000 
1.368700 
1.372400 
1.373000 
1.374700 
1.376700 
1.379700 
1.383800 
1.387700 
1.395800 
1.396200 
1.400700 
1.404400 
1.407900 
1.409600 
1.410400 
1.417500 
1.418100 
1.421100 
1.434300 
1.436000 
1.440800 
1.447800 
1.448900 
1.450500 
1.451600 
1.451900 
1.453400 
1.457200 
1.459600 
1.471800 
1.472800 
1.480500 
1.483700 
1.484700 
1.495900 
1.499500 
1.503500 
1.503600 
1.505900 
1.511300 
1.517900 
1.518100 
1.519600 
1.520600 
1.523400 
1.524400 
1.528100 
1.530100 
1.532200 
1.533800 
1.534600 
1.535100 
1.537200 
1.543000 
1.544800 
1.553100 
1.555400 
1.559300 
1.560000 
1.565600 
1.567000 
1.567400 
1.585600 
1.591900 
1.595900 
1.609400 
1.616900 
1.618000 
1.618700 
1.620300 
1.624900 
1.626800 
1.627600 
1.628600 
1.630400 
1.631700 
1.632300 
1.647800 
1.652200 
1.653000 
1.656500 
1.662300 
1.666900 
1.674800 
1.675000 
1.678600 
1.681600 
1.681900 
1.697200 
1.698300 
1.698400 
1.699600 
1.702000 
1.702300 
1.703500 
1.707500 
1.709700 
1.712500 
1.716100 
1.718100 
1.719500 
1.720400 
1.725000 
1.728400 
1.736600 
1.743500 
1.744200 
1.745800 
1.747400 
1.748100 
1.754000 
1.755500 
1.756700 
1.766000 
1.772000 
1.776900 
1.780600 
1.780900 
1.783900 
1.784700 
1.786200 
1.787600 
1.792900 
1.798200 
1.800800 
1.803800 
1.804000 
1.809100 
1.809600 
1.810000 
1.810700 
1.818600 
1.822200 
1.826100 
1.826400 
1.828700 
1.831200 
1.835500 
1.837300 
1.841300 
1.844700 
1.847500 
1.855100 
1.856100 
1.859500 
1.859500 
1.864100 
1.866100 
1.866500 
1.872500 
1.874100 
1.880900 
1.882100 
1.898600 
1.900500 
1.902000 
1.905900 
1.907200 
1.908700 
1.909700 
1.917000 
1.919500 
1.924700 
1.934300 
1.934400 
1.946000 
1.948100 
1.948500 
1.950500 
1.955000 
1.956000 
1.974500 
1.980200 
1.984000 
1.988000 
1.990400 
1.993300 
1.994700 
1.999000 
2.005300 
2.006300 
2.008400 
2.011100 
2.012400 
2.015200 
2.017100 
2.027400 
2.032600 
2.033400 
2.035500 
2.037700 
2.047800 
2.049600 
2.050500 
2.053100 
2.054300 
2.070000 
2.070500 
2.075000 
2.076400 
2.077900 
2.081000 
2.084700 
2.089000 
2.089600 
2.095800 
2.097400 
2.098300 
2.103900 
2.116200 
2.121100 
2.126000 
2.127100 
2.134000 
2.135900 
2.141000 
2.146300 
2.146900 
2.147400 
2.156600 
2.159200 
2.159900 
2.160400 
2.165600 
2.170900 
2.173800 
2.177200 
2.181400 
2.185600 
2.188400 
2.193200 
2.194200 
2.196300 
2.198700 
2.199200 
2.200100 
2.210700 
2.211200 
2.211200 
2.211500 
2.213500 
2.215300 
2.219300 
2.219500 
2.221900 
2.222800 
2.226000 
2.243000 
2.249200 
2.250300 
2.251800 
2.254200 
2.258100 
2.266000 
2.266900 
2.277600 
2.283800 
2.286300 
2.286600 
2.288400 
2.289400 
2.295100 
2.302400 
2.304700 
2.305700 
2.309000 
2.313600 
2.316800 
2.317400 
2.323000 
2.335000 
2.337600 
2.346000 
2.348000 
2.349900 
2.351000 
2.353300 
2.355300 
2.355600 
2.356500 
2.358900 
2.360400 
2.362100 
2.366100 
2.366300 
2.368100 
2.368700 
2.371300 
2.382100 
2.382900 
2.383400 
2.391600 
2.395100 
2.399900 
2.404200 
2.405400 
2.414100 
2.414500 
2.415700 
2.416600 
2.420300 
2.423500 
2.425700 
2.433000 
2.443700 
2.444700 
2.446300 
2.451500 
2.453100 
2.457800 
2.460900 
2.464400 
2.464600 
2.468800 
2.471600 
2.474000 
2.477600 
2.479600 
2.492800 
2.493300 
2.498500 
2.499800 
2.503300 
2.515000 
2.522700 
2.525300 
2.532700 
2.534200 
2.548600 
2.550000 
2.550600 
2.565300 
2.567900 
2.570100 
2.577300 
2.585300 
2.595700 
2.597900 
2.600200 
2.601600 
2.610100 
2.611300 
2.620100 
2.628700 
2.628800 
2.633200 
2.636500 
2.643000 
2.643300 
2.643400 
2.644800 
2.651700 
2.654100 
2.655900 
2.659600 
2.660400 
2.670200 
2.674200 
2.676600 
2.679100 
2.681000 
2.683700 
2.688700 
2.691400 
2.691900 
2.695200 
2.698000 
2.706600 
2.708000 
2.708200 
2.711500 
2.723400 
2.724100 
2.731200 
2.735100 
2.738100 
2.738200 
2.741500 
2.741700 
2.744000 
2.744900 
2.746600 
2.755700 
2.758000 
2.765300 
2.765300 
2.765700 
2.769900 
2.770400 
2.777800 
2.779200 
2.783100 
2.787200 
2.788500 
2.788900 
2.792200 
2.793400 
2.796800 
2.803400 
2.808900 
2.810600 
2.814800 
2.826700 
2.826700 
2.839700 
2.842600 
2.846500 
2.847100 
2.847700 
2.849100 
2.852100 
2.857400 
2.858600 
2.859000 
2.860100 
2.861300 
2.865400 
2.872500 
2.873000 
2.878800 
2.883800 
2.884700 
2.887200 
2.887700 
2.888500 
2.888800 
2.895800 
2.896500 
2.896900 
2.903900 
2.908900 
2.910800 
2.917900 
2.918600 
2.921000 
2.921500 
2.923300 
2.923600 
2.942800 
2.946300 
2.949500 
2.950000 
2.951200 
2.957800 
2.958400 
2.960800 
2.966300 
2.973900 
2.974400 
2.982000 
2.995700 
2.998200 
2.998900 
