45 
42 
57 
61 
14 
54 
24 
60 
46 
64 
1 
19 
0 
20 
62 
52 
14 
44 
5 
4 
25 
18 
47 
7 
32 
41 
61 
17 
43 
41 
4 
64 
31 
22 
55 
51 
27 
45 
54 
33 
6 
29 
55 
8 
1 
24 
49 
25 
18 
2 
44 
11 
21 
56 
50 
5 
61 
20 
16 
3 
10 
15 
48 
44 
53 
33 
60 
64 
19 
41 
25 
52 
40 
50 
15 
57 
22 
40 
45 
53 
64 
60 
17 
31 
25 
5 
11 
33 
49 
43 
56 
50 
13 
41 
20 
30 
1 
4 
12 
27 
16 
39 
9 
56 
25 
50 
44 
6 
41 
40 
29 
33 
31 
61 
41 
48 
19 
49 
15 
46 
51 
50 
63 
12 
47 
61 
41 
49 
14 
31 
48 
34 
55 
30 
28 
20 
50 
42 
38 
6 
12 
61 
4 
14 
56 
13 
20 
41 
45 
34 
40 
44 
48 
1 
4 
29 
14 
25 
56 
37 
8 
63 
64 
38 
41 
6 
15 
4 
1 
17 
54 
56 
64 
29 
26 
5 
60 
10 
30 
15 
55 
20 
44 
17 
26 
54 
42 
0 
14 
46 
59 
53 
13 
1 
3 
36 
52 
10 
60 
19 
59 
45 
13 
2 
29 
15 
22 
58 
35 
11 
27 
32 
6 
51 
20 
64 
41 
48 
54 
61 
5 
26 
30 
49 
6 
13 
15 
44 
18 
62 
54 
2 
53 
6 
37 
3 
45 
52 
47 
54 
1 
34 
22 
64 
31 
18 
35 
50 
30 
27 
61 
62 
10 
8 
51 
59 
36 
44 
6 
29 
55 
64 
38 
41 
13 
58 
37 
63 
18 
21 
4 
50 
47 
29 
8 
46 
41 
14 
1 
17 
58 
34 
32 
45 
64 
3 
28 
43 
38 
2 
44 
62 
47 
61 
56 
8 
10 
31 
46 
50 
21 
41 
3 
27 
28 
6 
46 
51 
42 
48 
17 
50 
20 
56 
29 
62 
61 
8 
13 
49 
46 
24 
3 
41 
56 
60 
22 
37 
47 
14 
18 
33 
5 
57 
51 
21 
20 
50 
10 
6 
13 
0 
30 
39 
38 
58 
26 
17 
8 
56 
4 
47 
2 
34 
25 
42 
37 
36 
46 
56 
44 
43 
2 
22 
58 
33 
10 
9 
61 
60 
24 
3 
17 
2 
4 
46 
6 
14 
62 
48 
60 
33 
8 
54 
55 
43 
59 
18 
29 
57 
15 
6 
31 
26 
24 
45 
7 
46 
62 
19 
50 
6 
36 
54 
35 
39 
1 
45 
2 
20 
10 
48 
61 
50 
56 
39 
62 
40 
51 
1 
54 
59 
41 
39 
49 
32 
9 
47 
64 
5 
44 
45 
36 
35 
28 
52 
2 
17 
29 
58 
20 
56 
40 
54 
8 
38 
62 
7 
57 
16 
13 
46 
15 
47 
11 
23 
33 
36 
37 
50 
43 
6 
54 
8 
44 
21 
34 
0 
61 
41 
58 
14 
62 
5 
48 
55 
44 
28 
1 
31 
46 
39 
4 
62 
6 
3 
20 
25 
38 
4 
1 
33 
19 
43 
63 
45 
62 
55 
5 
21 
11 
7 
50 
49 
4 
31 
48 
36 
27 
28 
58 
33 
63 
15 
62 
41 
6 
2 
14 
35 
48 
60 
9 
37 
21 
17 
1 
13 
39 
38 
8 
0 
33 
44 
36 
64 
14 
24 
54 
20 
17 
62 
55 
46 
22 
27 
3 
6 
15 
38 
51 
44 
14 
18 
55 
47 
24 
28 
49 
63 
17 
21 
40 
36 
25 
62 
10 
4 
31 
56 
0 
3 
17 
20 
54 
52 
21 
29 
49 
19 
37 
48 
8 
46 
40 
64 
50 
45 
4 
6 
38 
55 
14 
61 
18 
52 
35 
34 
14 
6 
50 
28 
39 
5 
29 
41 
43 
61 
17 
60 
62 
20 
22 
37 
27 
33 
64 
50 
20 
6 
26 
36 
10 
9 
2 
1 
11 
7 
56 
53 
44 
35 
64 
33 
0 
5 
16 
10 
54 
38 
60 
53 
8 
47 
19 
18 
24 
27 
25 
17 
38 
32 
57 
44 
4 
64 
15 
54 
40 
62 
36 
4 
59 
50 
26 
20 
1 
11 
7 
6 
30 
41 
29 
32 
57 
26 
50 
31 
2 
37 
55 
21 
34 
24 
42 
60 
5 
64 
50 
49 
31 
46 
41 
28 
13 
14 
43 
20 
19 
17 
24 
25 
60 
36 
62 
4 
51 
6 
1 
30 
56 
58 
59 
2 
8 
0 
6 
25 
12 
48 
53 
50 
40 
16 
46 
18 
59 
4 
20 
21 
39 
36 
32 
41 
54 
25 
55 
1 
19 
49 
16 
37 
62 
24 
50 
44 
8 
53 
13 
18 
50 
29 
56 
4 
12 
44 
15 
38 
1 
36 
9 
47 
49 
21 
3 
45 
13 
43 
35 
29 
33 
34 
44 
17 
26 
25 
45 
15 
42 
62 
14 
64 
20 
24 
3 
48 
29 
34 
1 
39 
41 
44 
35 
46 
17 
4 
30 
0 
37 
47 
60 
8 
33 
48 
18 
10 
6 
49 
51 
31 
36 
13 
4 
54 
15 
40 
14 
22 
60 
9 
25 
18 
62 
50 
19 
36 
8 
64 
30 
51 
41 
50 
33 
7 
44 
2 
25 
38 
11 
31 
40 
64 
47 
30 
4 
24 
26 
45 
53 
0 
27 
14 
3 
39 
9 
4 
52 
7 
41 
22 
15 
35 
32 
47 
2 
64 
4 
61 
35 
29 
11 
2 
58 
15 
36 
62 
6 
8 
48 
11 
47 
37 
6 
17 
41 
13 
19 
54 
46 
25 
38 
7 
3 
12 
53 
44 
46 
56 
34 
9 
2 
5 
52 
47 
20 
45 
60 
58 
6 
18 
33 
23 
52 
62 
29 
4 
43 
22 
1 
24 
3 
6 
47 
39 
52 
5 
15 
4 
34 
45 
60 
51 
26 
38 
30 
55 
50 
45 
36 
25 
37 
64 
11 
8 
47 
51 
4 
22 
54 
63 
44 
24 
13 
47 
6 
27 
48 
38 
9 
37 
31 
4 
60 
44 
8 
39 
50 
16 
17 
21 
10 
30 
47 
14 
63 
29 
19 
25 
56 
26 
1 
5 
44 
4 
6 
3 
46 
30 
28 
40 
13 
31 
62 
1 
47 
50 
22 
54 
11 
41 
45 
10 
20 
27 
6 
21 
8 
34 
45 
36 
53 
50 
28 
49 
14 
22 
29 
55 
50 
64 
63 
15 
5 
48 
6 
61 
10 
29 
8 
34 
26 
2 
40 
50 
55 
8 
29 
42 
41 
15 
64 
0 
10 
57 
18 
20 
3 
51 
18 
55 
26 
25 
28 
58 
2 
63 
39 
60 
33 
17 
6 
12 
18 
5 
52 
8 
35 
10 
56 
12 
46 
3 
59 
45 
41 
28 
36 
48 
54 
64 
19 
13 
30 
0 
26 
46 
44 
15 
5 
48 
38 
10 
3 
6 
59 
31 
18 
7 
42 
50 
17 
0 
64 
21 
36 
54 
23 
57 
30 
28 
6 
61 
52 
56 
62 
8 
27 
34 
59 
44 
32 
50 
22 
64 
31 
29 
42 
24 
18 
44 
45 
55 
17 
23 
47 
1 
27 
42 
31 
39 
19 
5 
61 
38 
41 
58 
18 
21 
2 
45 
64 
51 
48 
56 
33 
28 
30 
44 
49 
39 
61 
38 
6 
30 
51 
46 
6 
28 
44 
54 
47 
50 
10 
55 
41 
21 
45 
1 
22 
61 
30 
29 
54 
6 
50 
28 
46 
8 
42 
20 
31 
38 
50 
5 
3 
41 
56 
57 
0 
62 
56 
25 
53 
6 
42 
5 
52 
39 
50 
29 
31 
2 
8 
28 
52 
36 
33 
60 
5 
51 
0 
3 
2 
8 
29 
31 
62 
1 
20 
48 
61 
24 
36 
18 
4 
41 
2 
39 
54 
46 
48 
30 
11 
28 
21 
64 
5 
54 
41 
53 
45 
9 
4 
21 
6 
14 
47 
48 
28 
17 
33 
18 
37 
55 
50 
43 
34 
38 
59 
15 
4 
23 
12 
64 
47 
13 
20 
57 
44 
62 
39 
35 
49 
17 
57 
64 
22 
55 
46 
26 
39 
36 
13 
21 
33 
7 
30 
29 
25 
64 
59 
43 
57 
10 
27 
42 
0 
51 
37 
61 
38 
48 
31 
23 
47 
14 
55 
56 
3 
6 
57 
50 
62 
21 
61 
34 
15 
30 
48 
25 
42 
60 
36 
8 
52 
29 
46 
30 
21 
18 
47 
62 
50 
20 
32 
63 
33 
37 
30 
29 
50 
55 
64 
38 
13 
58 
24 
36 
54 
37 
44 
49 
60 
35 
30 
26 
8 
28 
17 
54 
39 
4 
5 
35 
34 
47 
38 
41 
48 
56 
37 
8 
19 
6 
2 
21 
49 
45 
14 
5 
29 
9 
3 
60 
33 
17 
41 
31 
58 
54 
53 
6 
27 
36 
60 
22 
48 
29 
6 
39 
43 
9 
41 
31 
13 
8 
25 
44 
4 
35 
33 
51 
41 
50 
62 
55 
29 
39 
6 
38 
15 
41 
29 
39 
16 
10 
14 
33 
50 
54 
13 
4 
20 
56 
46 
18 
6 
1 
53 
20 
26 
36 
5 
38 
16 
41 
56 
2 
14 
51 
64 
8 
10 
27 
29 
20 
35 
4 
27 
37 
16 
61 
33 
52 
14 
6 
60 
57 
58 
24 
8 
9 
15 
56 
17 
18 
35 
38 
54 
26 
6 
5 
0 
32 
59 
2 
61 
47 
49 
36 
33 
21 
41 
44 
48 
52 
6 
49 
18 
23 
64 
32 
26 
54 
58 
52 
62 
6 
9 
18 
33 
5 
21 
47 
30 
10 
27 
44 
4 
6 
8 
20 
3 
40 
29 
56 
52 
60 
25 
49 
15 
22 
45 
26 
4 
32 
34 
50 
39 
10 
30 
25 
52 
47 
31 
28 
14 
60 
64 
36 
41 
13 
62 
15 
44 
40 
50 
12 
64 
49 
36 
2 
13 
7 
10 
25 
8 
33 
6 
20 
14 
58 
61 
28 
55 
40 
60 
22 
10 
21 
3 
5 
4 
14 
42 
8 
26 
15 
16 
13 
35 
56 
62 
46 
64 
6 
41 
2 
12 
47 
44 
21 
50 
20 
31 
38 
4 
33 
57 
2 
44 
64 
6 
25 
54 
39 
35 
2 
64 
63 
36 
4 
55 
17 
56 
32 
26 
46 
44 
20 
54 
8 
27 
47 
62 
59 
41 
28 
36 
10 
34 
23 
30 
25 
38 
19 
50 
54 
4 
32 
26 
8 
64 
49 
56 
63 
13 
20 
6 
56 
33 
3 
1 
32 
54 
15 
58 
52 
11 
25 
27 
26 
34 
4 
29 
24 
62 
44 
45 
47 
46 
64 
43 
12 
33 
2 
23 
39 
31 
11 
54 
25 
62 
3 
22 
41 
46 
37 
64 
5 
23 
20 
36 
33 
43 
39 
8 
10 
30 
7 
55 
13 
58 
54 
40 
4 
2 
31 
37 
26 
51 
29 
50 
21 
52 
31 
1 
39 
11 
30 
36 
25 
27 
31 
44 
50 
60 
0 
8 
53 
45 
3 
19 
24 
11 
56 
6 
22 
36 
54 
17 
61 
43 
46 
21 
50 
56 
47 
14 
40 
55 
53 
29 
12 
46 
36 
50 
2 
24 
18 
9 
44 
58 
17 
25 
10 
60 
61 
63 
47 
50 
3 
54 
56 
11 
18 
12 
62 
28 
36 
8 
54 
64 
10 
19 
37 
18 
24 
41 
30 
32 
39 
54 
8 
46 
22 
49 
41 
25 
1 
27 
31 
47 
48 
59 
17 
15 
44 
46 
20 
42 
47 
44 
8 
46 
38 
16 
12 
6 
35 
55 
15 
42 
4 
41 
45 
64 
50 
0 
38 
19 
29 
55 
38 
8 
23 
39 
34 
26 
45 
63 
