0.032800 
0.052000 
0.073700 
0.087000 
0.095200 
0.111000 
0.127200 
0.139700 
0.147600 
0.172900 
0.195000 
0.200300 
0.201900 
0.204000 
0.232500 
0.243700 
0.255400 
0.258300 
0.304400 
0.354100 
0.363100 
0.363800 
0.366000 
0.366800 
0.381900 
0.395800 
0.398900 
0.407500 
0.450700 
0.452800 
0.479000 
0.535500 
0.543100 
0.578100 
0.583400 
0.605100 
0.623100 
0.623800 
0.628200 
0.647500 
0.654000 
0.678000 
0.684600 
0.694600 
0.706100 
0.709900 
0.716100 
0.717400 
0.731500 
0.745200 
0.751400 
0.759900 
0.761400 
0.781600 
0.781800 
0.793700 
0.814000 
0.818200 
0.825600 
0.843100 
0.859200 
0.861100 
0.864300 
0.892200 
0.899800 
0.914200 
0.918400 
0.925300 
0.934900 
0.964600 
0.969000 
0.974800 
0.977100 
0.983600 
0.999900 
1.005000 
1.012400 
1.056900 
1.063000 
1.065200 
1.067400 
1.074700 
1.093600 
1.095400 
1.095700 
1.100200 
1.100600 
1.107900 
1.117400 
1.129100 
1.138700 
1.188100 
1.202400 
1.207300 
1.213500 
1.219500 
1.235200 
1.242700 
1.276600 
1.288100 
1.288200 
1.292400 
1.295800 
1.309100 
1.309400 
1.311200 
1.312600 
1.314500 
1.340300 
1.356300 
1.369500 
1.388500 
1.416000 
1.435800 
1.451400 
1.467200 
1.469300 
1.474700 
1.475600 
1.541000 
1.558100 
1.570600 
1.571500 
1.574400 
1.607400 
1.607800 
1.655900 
1.656300 
1.702900 
1.713600 
1.714600 
1.718700 
1.731000 
1.733800 
1.747700 
1.773400 
1.774400 
1.785700 
1.788700 
1.805500 
1.813300 
1.824200 
1.854400 
1.863400 
1.880500 
1.890200 
1.891700 
1.901200 
1.912300 
1.935100 
1.950700 
1.959700 
2.000900 
2.038900 
2.055100 
2.063400 
2.081000 
2.087400 
2.135600 
2.169000 
2.169800 
2.182800 
2.188300 
2.203000 
2.219400 
2.233600 
2.245600 
2.259800 
2.273800 
2.276700 
2.285400 
2.299900 
2.309000 
2.322900 
2.355700 
2.357600 
2.369700 
2.371500 
2.376100 
2.389100 
2.398000 
2.421800 
2.458900 
2.483500 
2.510900 
2.570100 
2.573900 
2.642900 
2.652700 
2.662600 
2.689600 
2.707500 
2.711300 
2.721400 
2.726700 
2.730100 
2.756200 
2.792400 
2.794400 
2.795400 
2.832800 
2.845500 
2.853600 
2.863300 
2.863600 
2.879300 
2.883400 
2.902700 
2.916700 
2.918100 
2.935700 
2.954300 
2.966500 
2.981400 
2.986600 
