0
39
16
8
39
4
27
0
29
22
3
3
1
50
51
60
27
24
51
6
26
17
39
35
39
69
24
8
12
65
2
3
24
28
46
69
3
4
28
38
30
8
74
41
0
40
33
49
33
41
15
15
38
45
41
25
16
26
38
37
85
19
8
45
41
17
1
20
7
10
19
34
0
29
9
39
95
32
70
14
20
44
31
55
39
43
35
66
81
21
19
60
42
14
9
38
29
3
33
5
6
35
56
30
8
16
12
36
43
8
32
27
31
51
2
21
26
36
4
25
44
15
12
38
27
49
3
0
33
49
53
53
31
33
51
29
53
32
57
63
50
40
48
48
2
66
70
75
46
10
8
59
7
8
32
5
50
31
3
51
0
36
0
43
56
17
7
1
47
12
23
23
49
5
27
10
75
58
40
44
38
9
26
36
44
62
29
52
31
30
32
39
11
1
67
15
26
27
15
8
58
41
25
10
22
17
56
68
47
81
14
10
15
32
60
25
3
3
2
0
29
46
8
55
35
31
29
25
22
53
16
32
29
41
29
73
38
4
3
4
10
63
41
56
46
56
52
36
58
5
6
50
1
42
82
44
50
33
26
79
38
12
60
74
45
26
26
0
37
41
16
19
39
25
12
27
29
18
66
30
18
44
23
37
36
40
34
57
9
52
16
59
1
39
28
10
12
59
39
42
0
15
6
71
46
6
19
43
43
67
85
5
32
12
24
4
46
4
49
2
28
26
73
60
57
5
20
49
50
43
42
22
54
11
0
1
7
32
17
59
63
55
42
30
24
13
45
25
29
13
36
40
25
61
42
47
44
1
3
1
1
72
37
43
40
11
70
39
9
34
8
65
8
96
15
32
26
16
52
25
66
52
20
12
44
15
0
0
1
58
11
1
37
22
68
41
18
42
18
61
24
39
83
27
38
21
14
14
58
15
64
49
79
42
59
61
45
0
0
15
32
17
24
59
61
21
61
20
66
2
0
55
25
18
18
36
44
21
46
51
44
0
61
18
27
27
38
50
29
52
23
27
39
32
16
28
15
8
10
47
30
52
25
51
12
43
51
38
1
6
24
12
35
42
2
2
68
27
54
19
76
11
48
37
40
20
6
30
72
63
47
5
21
12
4
4
35
1
26
30
21
47
53
38
9
18
8
32
48
32
79
54
58
5
64
70
29
26
60
47
12
29
89
38
47
69
30
53
58
26
2
56
64
22
48
20
48
47
47
28
18
4
32
17
21
1
10
1
11
15
48
54
31
9
21
23
39
9
21
22
8
7
67
35
55
38
19
65
53
24
30
7
1
38
5
29
29
34
83
27
54
11
2
62
14
50
9
10
68
5
17
0
9
62
22
58
16
22
50
33
23
29
7
67
43
13
28
33
43
63
16
35
33
8
27
44
60
49
66
34
3
51
23
2
37
37
27
26
55
21
17
25
5
2
0
6
23
12
44
74
31
14
88
31
25
31
54
49
23
23
38
2
52
32
76
9
60
6
6
50
40
4
46
4
8
66
12
42
49
46
88
51
25
63
33
63
4
21
23
78
46
33
34
70
59
20
54
61
44
8
64
47
1
0
37
51
32
3
19
31
46
12
27
8
41
30
4
3
25
27
13
10
10
39
58
21
4
4
23
56
43
25
26
1
1
34
44
56
6
30
24
64
23
11
0
40
21
34
71
62
13
43
5
34
37
54
28
45
22
38
36
6
53
30
50
23
8
25
68
36
41
14
0
34
6
7
35
15
9
0
2
33
19
29
16
60
42
59
51
44
29
45
9
56
0
65
7
5
37
87
33
29
44
18
43
70
11
82
59
19
36
14
31
56
11
67
49
21
6
5
11
20
11
75
78
10
46
46
3
35
28
49
20
100
1
4
52
50
38
24
5
3
27
61
58
59
27
11
53
72
80
46
57
52
47
58
6
26
1
48
2
71
46
11
16
52
48
34
5
1
8
40
59
11
24
20
6
30
26
34
31
53
12
32
8
5
20
33
32
36
37
4
1
36
45
16
32
0
48
6
53
21
28
6
12
23
78
32
23
11
1
25
98
5
15
61
31
8
36
26
16
10
55
9
8
28
19
49
39
60
48
47
6
40
46
16
40
81
68
3
22
18
78
56
72
87
62
71
47
10
35
0
55
32
38
47
17
55
83
19
0
8
31
27
78
27
62
7
12
13
56
62
8
6
39
40
37
21
17
27
35
9
28
7
24
5
16
31
3
49
8
5
26
0
27
66
41
45
4
9
37
57
38
4
6
46
16
15
21
43
48
21
1
68
13
6
0
16
41
53
39
29
49
42
56
12
65
30
12
29
10
9
23
17
33
24
1
11
8
26
9
5
59
30
46
52
47
42
38
25
13
10
2
37
55
50
28
55
95
36
47
27
1
14
4
47
62
5
43
22
35
58
3
38
2
55
43
42
60
18
59
7
7
64
19
41
42
27
38
0
33
63
47
2
45
0
9
46
50
48
71
74
34
35
39
4
49
24
25
59
39
4
44
41
22
21
58
26
53
15
1
35
28
10
56
14
57
39
24
36
40
44
59
37
59
4
12
29
4
15
55
43
58
47
59
30
19
43
15
42
22
29
42
59
62
36
50
45
21
5
31
30
3
38
38
27
20
6
43
44
9
24
58
0
35
28
7
59
2
41
83
71
51
5
67
35
55
5
17
91
41
6
10
45
16
47
48
59
27
58
6
20
1
70
19
18
10
14
33
4
11
64
11
32
36
17
57
37
53
5
38
0
10
3
33
47
66
47
0
25
40
28
79
41
9
64
4
34
81
70
0
11
39
82
28
56
3
33
10
26
24
12
46
21
13
13
45
74
45
37
38
53
17
8
23
62
4
16
62
50
3
69
5
