0.050600 
0.127700 
0.183800 
0.301100 
0.338600 
0.348100 
0.397000 
0.403000 
0.437300 
0.456500 
0.472300 
0.542100 
0.590600 
0.598600 
0.610300 
0.657300 
0.684100 
0.730900 
0.762000 
0.792800 
0.916200 
1.029800 
1.056100 
1.059300 
1.070700 
1.133700 
1.180400 
1.199700 
1.214900 
1.293700 
1.294000 
1.299000 
1.394600 
1.401900 
1.437600 
1.524700 
1.534200 
1.537200 
1.552200 
1.556900 
1.572000 
1.572500 
1.579400 
1.584700 
1.599900 
1.600200 
1.600900 
1.603600 
1.615300 
1.619000 
1.623200 
1.625500 
1.631200 
1.638500 
1.652800 
1.661100 
1.661300 
1.663800 
1.683800 
1.688400 
1.689300 
1.699000 
1.711500 
1.713600 
1.713800 
1.728900 
1.742500 
1.748300 
1.751100 
1.761200 
1.766000 
1.777800 
1.780500 
1.781400 
1.785700 
1.791900 
1.795800 
1.803800 
1.816700 
1.821300 
1.827100 
1.829600 
1.830400 
1.845900 
1.852400 
1.860000 
1.873000 
1.875400 
1.877000 
1.877800 
1.891500 
1.895000 
1.907900 
1.914700 
1.917800 
1.924900 
1.928800 
1.935600 
1.937800 
1.938100 
1.938200 
1.942000 
1.945000 
1.962500 
1.968300 
1.973900 
1.978600 
1.982000 
1.985100 
1.990100 
1.990700 
1.992100 
2.007500 
2.014000 
2.015300 
2.028900 
2.031100 
2.033200 
2.033400 
2.041000 
2.045300 
2.045300 
2.053000 
2.060900 
2.076000 
2.076300 
2.076900 
2.089500 
2.098700 
2.101100 
2.103700 
2.114300 
2.115400 
2.118300 
2.118800 
2.132600 
2.136900 
2.144200 
2.148900 
2.149000 
2.152100 
2.152500 
2.157100 
2.159000 
2.164300 
2.172600 
2.200400 
2.202900 
2.206700 
2.230100 
2.233200 
2.234900 
2.236300 
2.236300 
2.238200 
2.239600 
2.240100 
2.246400 
2.265200 
2.266000 
2.272800 
2.275000 
2.277100 
2.278300 
2.283400 
2.297200 
2.307100 
2.311500 
2.314000 
2.333500 
2.335500 
2.346400 
2.349000 
2.349700 
2.351500 
2.352100 
2.356800 
2.370800 
2.374200 
2.377500 
2.380400 
2.382800 
2.397000 
2.416000 
2.417400 
2.433600 
2.434100 
2.434600 
2.435100 
2.437000 
2.450500 
2.458400 
2.461500 
2.465400 
2.465600 
2.481100 
2.481900 
2.491100 
2.494100 
2.500800 
2.502300 
2.516800 
2.518100 
2.530700 
2.535000 
2.543800 
2.546700 
2.549700 
2.556000 
2.561400 
2.573500 
2.574300 
2.578400 
2.583700 
2.590500 
2.591500 
2.600600 
2.602400 
2.612500 
2.625100 
2.627500 
2.646900 
2.647500 
2.648300 
2.679700 
2.682400 
2.689000 
2.701700 
2.702100 
2.709700 
2.711800 
2.711900 
2.711900 
2.713100 
2.715000 
2.718300 
2.719300 
2.725100 
2.725900 
2.731600 
2.736100 
2.749200 
2.750700 
2.754200 
2.773400 
2.778200 
2.784000 
2.788600 
2.788800 
2.794700 
2.796100 
2.802800 
2.809700 
2.814800 
2.816600 
2.824700 
2.834100 
2.836600 
2.844800 
2.847300 
2.855000 
2.866600 
2.881800 
2.887300 
2.895400 
2.902300 
2.904900 
2.905000 
2.905500 
2.915300 
2.916700 
2.922200 
2.926400 
2.941800 
2.943600 
2.946400 
2.946700 
2.962500 
2.981400 
2.986300 
2.993200 
2.997800 
