28 
12 
32 
51 
23 
18 
25 
17 
24 
0 
39 
9 
51 
19 
49 
10 
29 
18 
13 
37 
41 
40 
21 
44 
10 
35 
37 
33 
44 
17 
49 
21 
9 
2 
32 
29 
5 
2 
10 
11 
30 
37 
9 
41 
29 
44 
14 
49 
10 
26 
21 
47 
8 
3 
12 
25 
49 
43 
32 
50 
37 
40 
24 
52 
21 
20 
27 
35 
30 
17 
24 
44 
6 
35 
7 
38 
37 
49 
23 
17 
26 
14 
16 
19 
26 
15 
2 
20 
30 
10 
23 
1 
48 
4 
24 
12 
41 
51 
39 
20 
13 
28 
37 
1 
19 
4 
9 
10 
13 
46 
11 
52 
30 
49 
23 
24 
2 
29 
39 
6 
8 
1 
33 
47 
37 
45 
18 
50 
39 
23 
29 
47 
4 
25 
40 
31 
30 
23 
32 
45 
50 
2 
30 
21 
24 
34 
4 
13 
40 
1 
32 
24 
27 
47 
2 
20 
15 
29 
33 
51 
13 
41 
11 
34 
22 
19 
49 
12 
51 
38 
50 
36 
16 
33 
37 
4 
33 
11 
38 
46 
52 
44 
26 
36 
8 
33 
24 
35 
5 
13 
2 
32 
33 
44 
37 
16 
29 
7 
15 
26 
41 
36 
8 
47 
17 
29 
23 
13 
8 
24 
3 
21 
28 
48 
37 
13 
50 
47 
11 
40 
7 
15 
6 
24 
2 
39 
51 
21 
50 
32 
49 
43 
19 
28 
36 
27 
23 
18 
32 
52 
42 
40 
37 
29 
24 
8 
4 
17 
5 
50 
6 
3 
8 
37 
29 
36 
51 
13 
35 
31 
28 
44 
15 
43 
48 
49 
35 
12 
33 
20 
10 
41 
23 
1 
48 
39 
16 
21 
41 
44 
1 
24 
32 
50 
7 
47 
48 
28 
1 
41 
30 
48 
24 
10 
21 
39 
50 
37 
30 
43 
42 
31 
40 
12 
0 
8 
52 
40 
44 
34 
3 
31 
48 
40 
27 
44 
30 
24 
19 
7 
51 
37 
41 
32 
30 
2 
9 
14 
27 
11 
8 
46 
27 
13 
10 
50 
32 
52 
48 
49 
26 
18 
19 
2 
4 
40 
46 
8 
20 
15 
16 
13 
33 
23 
26 
46 
9 
41 
35 
29 
31 
13 
43 
40 
29 
5 
21 
23 
18 
37 
31 
16 
40 
48 
13 
44 
2 
