0.035000 
0.065300 
0.078800 
0.090600 
0.092400 
0.119700 
0.137700 
0.139700 
0.155100 
0.159500 
0.162000 
0.171500 
0.176000 
0.188500 
0.189400 
0.191300 
0.195800 
0.196200 
0.209300 
0.212900 
0.222600 
0.243500 
0.257600 
0.259300 
0.259700 
0.259900 
0.267400 
0.278900 
0.282700 
0.285300 
0.292600 
0.305300 
0.308300 
0.309000 
0.309700 
0.313600 
0.334300 
0.337000 
0.346000 
0.352700 
0.354000 
0.361300 
0.379800 
0.387300 
0.411600 
0.412900 
0.420900 
0.425700 
0.429800 
0.440000 
0.452500 
0.453900 
0.454700 
0.464100 
0.467000 
0.467200 
0.481100 
0.483800 
0.491400 
0.498300 
0.500600 
0.508300 
0.508700 
0.514000 
0.517200 
0.533700 
0.535400 
0.553200 
0.571600 
0.574200 
0.585400 
0.585900 
0.587000 
0.589500 
0.590300 
0.596800 
0.597800 
0.603300 
0.606200 
0.622900 
0.627700 
0.628500 
0.646300 
0.649000 
0.649000 
0.650100 
0.663300 
0.674600 
0.699600 
0.707200 
0.708600 
0.709800 
0.725800 
0.729600 
0.739000 
0.747200 
0.753500 
0.753500 
0.754200 
0.755600 
0.769600 
0.804800 
0.805700 
0.813300 
0.819200 
0.839500 
0.847800 
0.851500 
0.855000 
0.864300 
0.868400 
0.870100 
0.882100 
0.889100 
0.889200 
0.901000 
0.945000 
0.954700 
0.955600 
0.964700 
0.975800 
0.979100 
0.986000 
0.998200 
1.010000 
1.012900 
1.020300 
1.047600 
1.049200 
1.058800 
1.061100 
1.062900 
1.068000 
1.073900 
1.076300 
1.078400 
1.082500 
1.083200 
1.088900 
1.133800 
1.135900 
1.138300 
1.160500 
1.162800 
1.166800 
1.193200 
1.200700 
1.211000 
1.226500 
1.235500 
1.239400 
1.247100 
1.259700 
1.265800 
1.280100 
1.292000 
1.308400 
1.316600 
1.322600 
1.324600 
1.325400 
1.328500 
1.334900 
1.373800 
1.374700 
1.374800 
1.378500 
1.380000 
1.392900 
1.414200 
1.416100 
1.443000 
1.449300 
1.450400 
1.458900 
1.459400 
1.472200 
1.519700 
1.521800 
1.525500 
1.532100 
1.532300 
1.533200 
1.536800 
1.543900 
1.546700 
1.548100 
1.554900 
1.557300 
1.560800 
1.580800 
1.581900 
1.586100 
1.595300 
1.618200 
1.619000 
1.621800 
1.632200 
1.641900 
1.654600 
1.674000 
1.685100 
1.687100 
1.693700 
1.694100 
1.697900 
1.701000 
1.703300 
1.703500 
1.710800 
1.713200 
1.733100 
1.733400 
1.748300 
1.750000 
1.753800 
1.761400 
1.762000 
1.769500 
1.783500 
1.785200 
1.791700 
1.803100 
1.807300 
1.811700 
1.822800 
1.829100 
1.832700 
1.843100 
1.845400 
1.848600 
1.848700 
1.856000 
1.859600 
1.860300 
1.861700 
1.873200 
1.875100 
1.881300 
1.881600 
1.883100 
1.883500 
1.899300 
1.913800 
1.936300 
1.939700 
1.943000 
1.950400 
1.956000 
1.957100 
1.970200 
1.979900 
1.983700 
2.016200 
2.016600 
2.051000 
2.078900 
2.079200 
2.091500 
2.095600 
2.102800 
2.103900 
2.107300 
2.116400 
2.130300 
2.132300 
2.147500 
2.159100 
2.163400 
2.181400 
2.182500 
2.183900 
2.190600 
2.195100 
2.199800 
2.201500 
2.212100 
2.213000 
2.213400 
2.221900 
2.222000 
2.251700 
2.257800 
2.262600 
2.293600 
2.295400 
2.302700 
2.303200 
2.314300 
2.316700 
2.316800 
2.318800 
2.319200 
2.339600 
2.348600 
2.353600 
2.358600 
2.363900 
2.364800 
2.367800 
2.368700 
2.371800 
2.383700 
2.390300 
2.395500 
2.395600 
2.397000 
2.407400 
2.408600 
2.417200 
2.422600 
2.425000 
2.427100 
2.451200 
2.466100 
2.470100 
2.473000 
2.482800 
2.500700 
2.523100 
2.529500 
2.532000 
2.533300 
2.535200 
2.550000 
2.552400 
2.552900 
2.576800 
2.586400 
2.596600 
2.596600 
2.601300 
2.611300 
2.611300 
2.638000 
2.654800 
2.673200 
2.673800 
2.674900 
2.681900 
2.683800 
2.701000 
2.711200 
2.711400 
2.712700 
2.723500 
2.731000 
2.738000 
2.743500 
2.748400 
2.755700 
2.756400 
2.762800 
2.769000 
2.778600 
2.780200 
2.794000 
2.794300 
2.808600 
2.813100 
2.848500 
2.848500 
2.852700 
2.865500 
2.877900 
2.887700 
2.912300 
2.918400 
2.925200 
2.940000 
2.945600 
2.959500 
2.963200 
2.965700 
2.982900 
2.984500 
2.985400 
