0.032800 
0.051300 
0.086900 
0.088100 
0.095000 
0.111000 
0.133700 
0.142300 
0.147600 
0.155400 
0.172900 
0.193200 
0.194900 
0.201000 
0.201800 
0.203900 
0.206700 
0.243600 
0.255400 
0.258200 
0.265400 
0.304400 
0.352400 
0.363100 
0.363600 
0.366800 
0.381800 
0.395600 
0.399200 
0.411300 
0.432100 
0.449000 
0.450300 
0.453400 
0.468900 
0.535000 
0.543200 
0.579100 
0.583400 
0.603400 
0.611900 
0.623400 
0.628100 
0.638500 
0.645800 
0.647500 
0.678100 
0.679700 
0.684800 
0.694600 
0.705900 
0.709900 
0.731700 
0.745600 
0.758800 
0.761400 
0.781100 
0.781600 
0.786200 
0.814200 
0.818400 
0.825500 
0.838200 
0.839500 
0.859300 
0.861600 
0.880500 
0.895100 
0.911400 
0.919100 
0.925300 
0.934900 
0.953900 
0.956900 
0.965200 
0.969000 
0.974800 
0.977100 
0.983700 
1.004400 
1.005400 
1.010500 
1.056700 
1.057000 
1.066100 
1.074100 
1.077700 
1.089400 
1.091000 
1.095700 
1.095900 
1.100200 
1.101300 
1.108100 
1.118600 
1.127600 
1.138700 
1.188200 
1.202400 
1.207600 
1.213500 
1.219500 
1.235200 
1.242500 
1.287900 
1.288000 
1.292300 
1.293200 
1.308500 
1.309400 
1.311200 
1.312000 
1.314500 
1.340200 
1.356200 
1.369200 
1.400700 
1.415900 
1.446900 
1.451200 
1.465300 
1.467300 
1.469300 
1.475200 
1.476200 
1.541300 
1.555100 
1.570700 
1.571800 
1.574400 
1.607400 
1.607600 
1.655800 
1.656200 
1.710000 
1.713500 
1.718700 
1.721200 
1.730200 
1.733900 
1.736200 
1.747000 
1.773000 
1.774500 
1.788000 
1.807500 
1.813100 
1.824200 
1.854400 
1.863600 
1.880700 
1.890400 
1.891600 
1.901300 
1.912300 
1.935100 
1.951000 
1.959700 
2.012600 
2.039700 
2.063300 
2.065400 
2.081100 
2.128100 
2.135500 
2.168400 
2.169800 
2.183500 
2.187600 
2.202800 
2.205000 
2.219500 
2.233600 
2.245600 
2.259400 
2.273700 
2.276500 
2.285700 
2.299400 
2.309000 
2.324500 
2.352900 
2.353900 
2.360300 
2.369700 
2.371400 
2.389000 
2.398200 
2.458800 
2.466300 
2.483400 
2.510900 
2.544900 
2.570200 
2.573900 
2.608300 
2.618700 
2.625300 
2.642000 
2.652700 
2.662500 
2.689100 
2.693400 
2.707600 
2.710900 
2.721300 
2.726200 
2.730300 
2.739800 
2.756000 
2.772700 
2.792700 
2.794400 
2.832800 
2.853100 
2.863100 
2.863500 
2.902600 
2.918100 
2.980100 
2.986300 
