169 
211 
586 
775 
214 
278 
125 
1167 
148 
735 
590 
658 
23 
17 
1014 
149 
1173 
699 
780 
717 
138 
428 
123 
325 
501 
1234 
662 
951 
812 
473 
1038 
347 
898 
640 
32 
873 
284 
775 
144 
999 
63 
617 
719 
892 
1068 
1163 
557 
1031 
876 
393 
390 
15 
54 
978 
627 
1224 
232 
692 
270 
559 
204 
529 
300 
1188 
10 
680 
1209 
800 
1174 
130 
821 
658 
412 
965 
493 
598 
125 
586 
23 
362 
176 
954 
854 
73 
234 
861 
690 
563 
106 
165 
219 
363 
1027 
432 
750 
1 
867 
627 
571 
69 
847 
642 
1194 
420 
1234 
710 
668 
329 
604 
170 
501 
910 
1099 
799 
1092 
94 
769 
644 
263 
298 
1043 
61 
303 
183 
440 
934 
85 
570 
1056 
1213 
108 
321 
435 
584 
130 
292 
626 
747 
560 
1080 
735 
564 
928 
281 
1151 
416 
40 
654 
96 
221 
230 
1083 
174 
713 
1172 
123 
672 
553 
0 
512 
1096 
507 
1043 
138 
71 
294 
738 
877 
925 
957 
558 
812 
740 
859 
458 
270 
536 
923 
117 
401 
677 
437 
340 
969 
243 
813 
208 
976 
268 
72 
744 
55 
344 
893 
825 
940 
482 
61 
207 
1193 
441 
972 
1105 
899 
1182 
1031 
612 
84 
1213 
1225 
910 
585 
1023 
189 
784 
628 
43 
640 
1234 
87 
373 
144 
393 
586 
1014 
1167 
924 
1045 
715 
91 
1192 
1138 
795 
833 
729 
435 
135 
940 
493 
879 
408 
1017 
63 
1113 
450 
625 
366 
19 
331 
745 
355 
1009 
812 
870 
125 
730 
207 
149 
622 
586 
1048 
503 
800 
639 
816 
228 
112 
409 
431 
674 
1234 
1145 
740 
735 
1097 
898 
233 
1185 
312 
763 
1125 
141 
126 
420 
1221 
653 
700 
0 
982 
1159 
123 
1036 
499 
313 
51 
389 
812 
843 
85 
211 
975 
626 
1116 
1043 
355 
536 
717 
1027 
1042 
322 
103 
145 
167 
838 
467 
255 
180 
702 
1108 
31 
878 
1045 
231 
222 
275 
1221 
299 
775 
1233 
981 
1213 
801 
536 
1043 
50 
478 
474 
21 
1194 
350 
1124 
586 
1076 
777 
1127 
740 
306 
49 
219 
501 
719 
738 
710 
790 
1098 
733 
235 
781 
976 
204 
375 
506 
131 
627 
1060 
921 
459 
393 
757 
183 
68 
488 
299 
344 
1109 
529 
257 
482 
189 
825 
813 
713 
408 
923 
869 
623 
1153 
925 
451 
1118 
999 
534 
820 
745 
661 
1194 
193 
501 
811 
684 
84 
28 
462 
386 
23 
871 
1055 
1021 
40 
439 
1174 
1070 
187 
440 
803 
769 
78 
780 
940 
801 
263 
541 
657 
17 
719 
208 
377 
926 
1126 
300 
786 
141 
2 
999 
315 
740 
411 
812 
209 
1151 
699 
519 
84 
137 
27 
931 
917 
123 
892 
142 
717 
50 
779 
1048 
890 
975 
1034 
108 
731 
1165 
28 
653 
269 
786 
877 
95 
409 
233 
559 
8 
889 
388 
1143 
402 
738 
1067 
781 
640 
704 
310 
697 
81 
737 
673 
862 
1030 
1084 
941 
201 
431 
1163 
513 
488 
1155 
484 
449 
645 
106 
7 
1038 
462 
851 
182 
932 
482 
211 
130 
501 
159 
1127 
329 
1027 
300 
363 
1060 
453 
945 
1169 
366 
586 
17 
169 
920 
294 
825 
1233 
423 
1032 
1203 
47 
476 
873 
901 
49 
428 
443 
237 
1167 
245 
1047 
198 
812 
1124 
758 
681 
923 
1078 
1092 
257 
846 
941 
292 
208 
905 
715 
651 
228 
214 
658 
1180 
1213 
896 
40 
586 
966 
106 
34 
329 
700 
921 
244 
424 
145 
180 
1217 
237 
871 
1062 
151 
134 
1060 
1185 
912 
502 
769 
189 
372 
757 
213 
617 
87 
723 
898 
1128 
388 
973 
971 
354 
920 
34 
30 
608 
872 
1131 
429 
1233 
586 
841 
1056 
129 
1141 
496 
292 
541 
1122 
1 
816 
908 
44 
11 
610 
1178 
892 
285 
230 
1029 
150 
802 
553 
790 
921 
737 
775 
42 
957 
215 
63 
622 
821 
774 
40 
1027 
551 
1082 
78 
1139 
612 
940 
700 
1059 
999 
478 
84 
586 
208 
813 
1030 
124 
559 
55 
624 
226 
421 
582 
653 
909 
1214 
23 
302 
428 
2 
880 
212 
862 
560 
745 
203 
204 
661 
1025 
1039 
796 
69 
298 
0 
1093 
1209 
466 
1124 
1127 
14 
137 
1185 
189 
1224 
715 
519 
415 
123 
767 
58 
781 
278 
1233 
1221 
332 
345 
608 
590 
300 
738 
898 
627 
699 
779 
1068 
264 
400 
687 
851 
73 
258 
1207 
933 
651 
698 
125 
451 
1062 
958 
178 
1169 
972 
1141 
1050 
760 
918 
1109 
637 
586 
573 
432 
726 
23 
268 
780 
270 
51 
6 
462 
602 
21 
411 
221 
230 
321 
181 
1186 
1213 
263 
308 
258 
210 
757 
329 
1110 
982 
501 
1173 
1171 
658 
401 
715 
243 
928 
34 
702 
482 
201 
1003 
393 
676 
159 
1221 
1013 
305 
351 
1178 
577 
215 
71 
431 
781 
843 
172 
878 
935 
1234 
370 
300 
349 
347 
600 
294 
1158 
1056 
1086 
567 
141 
962 
940 
423 
677 
799 
548 
363 
771 
1192 
106 
95 
949 
219 
1151 
51 
212 
798 
420 
1009 
1080 
206 
1111 
973 
1059 
812 
401 
449 
284 
493 
849 
15 
641 
352 
32 
1214 
851 
44 
207 
390 
627 
994 
815 
874 
609 
933 
347 
378 
763 
837 
604 
439 
733 
608 
211 
641 
1110 
144 
651 
421 
774 
15 
769 
210 
248 
543 
1018 
1011 
548 
355 
719 
796 
478 
435 
1234 
201 
496 
492 
728 
771 
1031 
246 
581 
657 
1155 
584 
751 
473 
31 
844 
827 
490 
519 
715 
843 
1173 
306 
935 
641 
335 
1110 
36 
559 
1187 
999 
143 
781 
892 
416 
211 
243 
133 
203 
333 
867 
692 
923 
110 
528 
1185 
501 
370 
1156 
546 
1011 
558 
904 
144 
1172 
988 
837 
453 
571 
14 
21 
1124 
467 
327 
223 
1234 
1105 
1107 
1141 
294 
935 
534 
612 
1019 
395 
37 
861 
341 
516 
586 
912 
963 
98 
7 
243 
427 
127 
178 
388 
540 
606 
463 
15 
40 
1177 
894 
640 
51 
1113 
401 
590 
847 
1205 
1033 
598 
875 
1150 
71 
285 
159 
1149 
1153 
41 
354 
1053 
308 
481 
892 
713 
292 
1066 
108 
145 
1235 
719 
1068 
546 
130 
551 
919 
208 
867 
70 
761 
184 
329 
499 
341 
270 
412 
0 
566 
1169 
261 
524 
726 
438 
775 
1109 
369 
1020 
584 
926 
1050 
1167 
817 
1122 
945 
386 
999 
758 
212 
571 
1062 
1207 
1141 
1124 
176 
590 
