0.021800 
0.026000 
0.029400 
0.029500 
0.030300 
0.030600 
0.031000 
0.031500 
0.037500 
0.038400 
0.040000 
0.040500 
0.041200 
0.042700 
0.043500 
0.043600 
0.044900 
0.045300 
0.046500 
0.048300 
0.050700 
0.051000 
0.051700 
0.053000 
0.055000 
0.055400 
0.055500 
0.055600 
0.056300 
0.058600 
0.059300 
0.060700 
0.061700 
0.064000 
0.064000 
0.064400 
0.064800 
0.065400 
0.068600 
0.068800 
0.069500 
0.070000 
0.073800 
0.075700 
0.076800 
0.077300 
0.078000 
0.078300 
0.080500 
0.082200 
0.082800 
0.082800 
0.082900 
0.087100 
0.095200 
0.097300 
0.097700 
0.098400 
0.098900 
0.099500 
0.110100 
0.112200 
0.113900 
0.119500 
0.121600 
0.124500 
0.128200 
0.128600 
0.128700 
0.130500 
0.138900 
0.142500 
0.146200 
0.147600 
0.148700 
0.149600 
0.152700 
0.152900 
0.154000 
0.155800 
0.157100 
0.159700 
0.159700 
0.161300 
0.164200 
0.164700 
0.165900 
0.167600 
0.168100 
0.168400 
0.172200 
0.172300 
0.173500 
0.174500 
0.175500 
0.176000 
0.179000 
0.180100 
0.180300 
0.185000 
0.185300 
0.188100 
0.188800 
0.191300 
0.192800 
0.195300 
0.195400 
0.198500 
0.201400 
0.201800 
0.205800 
0.210200 
0.212000 
0.212100 
0.212800 
0.213600 
0.213700 
0.214100 
0.215300 
0.219100 
0.220000 
0.222300 
0.227200 
0.230400 
0.232400 
0.233600 
0.244700 
0.247400 
0.248200 
0.250300 
0.250900 
0.252700 
0.255300 
0.256300 
0.259300 
0.259300 
0.260200 
0.263600 
0.265500 
0.265700 
0.276700 
0.277200 
0.277300 
0.278300 
0.279200 
0.281100 
0.283300 
0.283400 
0.287100 
0.287700 
0.288000 
0.289000 
0.292500 
0.295600 
0.298800 
0.299400 
0.301000 
0.303100 
0.303200 
0.304100 
0.305300 
0.308900 
0.310500 
0.310900 
0.314800 
0.316100 
0.316800 
0.317800 
0.318700 
0.324800 
0.326600 
0.328700 
0.329900 
0.330100 
0.340100 
0.340400 
0.340600 
0.343200 
0.345000 
0.345500 
0.346500 
0.347000 
0.347100 
0.348300 
0.348800 
0.351100 
0.355300 
0.355500 
0.355700 
0.359000 
0.359300 
0.361500 
0.362800 
0.363400 
0.367100 
0.367400 
0.368000 
0.371700 
0.379200 
0.379600 
0.382800 
0.386700 
0.388400 
0.390900 
0.394600 
0.395900 
0.396100 
0.396500 
0.397300 
0.397500 
0.397700 
0.402600 
0.405000 
0.405600 
0.407300 
0.408800 
0.409200 
0.409800 
0.412100 
0.414500 
0.414700 
0.415600 
0.416300 
0.417100 
0.417800 
0.418600 
0.419500 
0.420500 
0.422700 
0.426200 
0.427400 
0.428600 
0.428900 
0.429500 
0.430400 
0.431100 
0.431600 
0.432700 
0.432800 
0.433800 
0.433900 
0.434400 
0.437900 
0.441700 
0.443900 
0.445100 
0.446800 
0.448200 
0.459900 
0.465300 
0.465300 
0.466600 
0.467200 
0.467900 
0.471800 
0.474100 
0.474300 
0.475300 
0.475700 
0.477800 
0.481900 
0.484600 
0.486400 
0.487800 
0.488400 
0.490600 
0.490600 
0.490900 
0.496800 
0.500300 
0.500900 
0.501400 
0.501400 
0.502100 
0.502100 
0.504600 
0.506400 
0.507200 
0.510500 
0.511000 
0.511500 
0.512800 
0.513900 
0.514600 
0.515100 
0.516500 
0.520000 
0.521200 
0.523400 
0.526500 
0.532000 
0.535000 
0.536400 
0.538000 
0.539000 
0.539100 
0.542800 
0.544700 
0.555800 
0.558800 
0.559100 
0.560300 
0.560500 
0.560600 
0.560900 
0.566300 
0.567000 
0.568000 
0.572500 
0.573200 
0.573400 
0.574500 
0.574600 
0.577200 
0.578700 
0.581800 
0.583100 
0.583600 
0.584200 
0.585900 
0.588100 
0.589700 
0.594500 
0.595200 
0.598000 
0.602400 
0.605300 
0.608200 
0.608400 
0.610300 
0.622400 
0.624400 
0.624800 
0.624800 
0.626000 
0.627800 
0.631500 
0.631600 
0.635100 
0.635600 
0.636500 
0.638500 
0.640300 
0.641800 
0.644300 
0.645200 
0.649000 
0.650900 
0.653600 
0.655300 
0.655600 
0.657100 
0.662300 
0.663100 
0.664400 
0.665000 
0.665200 
0.666300 
0.670400 
0.671200 
0.671400 
0.672400 
0.676500 
0.677100 
0.679500 
0.680200 
0.681300 
0.682000 
0.683900 
0.684400 
0.684700 
0.691600 
0.691900 
0.692800 
0.692900 
0.694000 
0.694300 
0.694400 
0.696100 
0.701800 
0.704600 
0.704700 
0.706400 
0.710000 
0.713100 
0.714900 
0.717100 
0.721600 
0.722600 
0.723200 
0.724200 
0.726200 
0.727100 
0.733300 
0.736400 
0.737600 
0.741400 
0.746100 
0.747300 
0.749700 
0.751100 
0.753200 
0.754400 
0.755000 
0.761300 
0.762300 
0.765600 
0.767900 
0.768100 
0.768200 
0.769900 
0.770000 
0.770100 
0.770700 
0.771300 
0.774100 
0.775000 
0.776600 
0.778600 
0.779600 
0.780600 
0.786900 
0.789400 
0.790000 
0.790100 
0.791500 
0.792400 
0.797800 
0.798600 
0.800300 
0.801800 
0.803500 
0.803700 
0.812700 
0.814400 
0.814500 
0.814900 
0.819200 
0.819200 
0.819600 
0.819900 
0.820600 
0.825700 
0.829200 
0.830700 
0.830800 
0.834700 
0.835500 
0.835900 
0.836500 
0.838900 
0.839500 
0.840800 
0.842600 
0.843800 
0.844800 
0.847900 
0.848400 
0.848900 
0.851000 
0.855100 
0.857600 
0.862300 
0.866200 
0.872700 
0.877700 
0.879400 
0.879900 
0.883200 
0.888000 
0.888100 
0.888200 
0.889000 
0.890100 
0.890400 
0.891400 
0.895000 
0.895200 
0.899700 
0.899900 
0.900600 
0.900900 
0.902100 
0.903700 
0.903900 
0.904600 
0.907000 
0.912000 
0.912100 
0.913900 
0.915000 
0.915000 
0.916700 
0.923300 
0.923500 
0.924300 
0.926000 
0.928400 
0.928400 
0.930000 
0.930500 
0.930700 
0.932400 
0.934700 
0.940800 
0.941100 
0.946800 
0.947600 
0.949800 
0.953200 
0.953700 
0.956700 
0.957100 
0.959500 
0.962700 
0.963300 
0.967600 
0.969400 
0.970500 
0.971500 
0.972700 
0.973900 
0.974500 
0.974600 
0.975600 
0.979400 
0.979500 
0.979800 
0.980600 
0.983100 
0.984300 
0.986000 
0.986900 
0.987000 
0.989500 
0.990100 
0.993700 
0.994800 
0.996300 
0.997400 
0.999400 
0.999700 
0.999900 
1.001700 
1.003500 
1.007100 
1.007900 
1.008300 
1.011000 
1.011900 
1.022700 
1.022800 
1.025900 
1.029600 
1.035400 
1.036300 
1.037600 
1.037900 
1.038500 
1.041800 
1.042700 
1.043000 
1.043000 
1.043600 
1.045500 
1.045600 
1.049400 
1.051900 
1.055900 
1.056700 
1.059400 
1.060500 
1.061300 
1.061700 
1.068600 
1.069400 
1.070700 
1.070900 
1.072000 
1.076100 
1.079200 
1.080500 
1.080600 
1.081100 
1.084300 
1.085600 
1.092000 
1.094400 
1.096900 
1.097000 
1.097100 
1.097200 
1.098200 
1.098400 
1.099100 
1.099500 
1.101100 
1.101500 
1.104100 
1.105800 
1.107400 
1.108800 
1.110600 
1.111400 
1.113900 
1.117400 
1.117800 
1.119400 
1.119900 
1.120400 
1.124500 
1.125700 
1.126300 
1.127900 
1.128900 
1.129000 
1.132500 
1.134900 
1.134900 
1.136100 
1.136700 
1.136800 
1.136900 
1.139200 
1.139300 
1.142500 
1.144700 
1.147500 
1.151000 
1.154400 
1.155000 
1.155200 
1.161800 
1.164500 
1.164800 
1.165700 
1.167800 
1.169500 
1.169900 
1.172300 
1.173300 
1.174600 
1.175300 
1.176600 
1.180200 
1.186400 
1.187200 
1.187600 
1.189900 
1.190400 
1.190800 
1.197000 
1.197200 
1.197900 
1.198700 
1.199300 
1.201600 
1.201700 
1.202500 
1.203900 
1.204300 
1.205700 
1.209200 
1.209500 
1.210100 
1.215700 
1.216300 
1.217100 
1.219000 
1.220700 
1.223000 
1.223300 
1.225400 
1.226600 
1.227000 
1.227300 
1.227300 
1.228500 
1.228700 
1.230600 
1.234700 
1.234900 
1.237000 
1.238100 
1.242300 
1.244000 
1.245500 
1.245600 
1.248600 
1.249100 
1.254100 
1.256800 
1.258000 
1.258400 
1.258900 
1.259100 
1.259700 
1.261200 
1.261800 
1.263300 
1.264800 
1.265000 
1.265300 
1.266200 
1.270900 
1.275100 
1.275900 
1.277500 
1.278000 
1.280200 
1.280300 
1.281800 
1.282100 
1.283800 
1.284700 
1.285300 
1.286100 
1.286600 
1.287900 
1.288300 
1.288700 
1.292300 
1.292500 
1.293400 
1.293700 
1.301100 
1.304400 
1.304600 
1.304700 
1.305100 
1.307600 
1.307800 
1.307900 
1.310400 
1.310800 
1.311900 
1.312200 
1.314000 
1.316000 
1.318200 
1.319600 
1.322300 
1.323100 
1.326100 
1.328900 
1.331400 
1.333600 
1.338400 
1.341300 
1.342200 
1.343900 
1.344300 
1.344600 
1.349400 
1.349800 
1.352400 
1.352800 
1.353000 
1.354000 
1.360200 
1.360500 
1.364500 
1.365000 
1.366000 
1.366200 
1.367100 
1.368200 
1.373000 
1.373200 
1.375900 
1.376400 
1.378600 
1.379000 
1.379400 
1.383300 
1.386000 
1.386100 
1.387700 
1.388000 
1.393900 
1.394200 
1.397700 
1.398400 
1.403000 
1.403200 
1.403500 
1.403800 
1.404500 
1.405500 
1.408200 
1.410700 
1.414000 
1.415100 
1.421500 
1.422400 
1.423500 
1.424100 
1.428300 
1.428400 
1.429900 
1.432600 
1.433500 
1.435000 
1.438400 
1.439300 
1.440800 
1.443300 
1.444200 
1.445600 
1.445700 
1.446500 
1.446500 
1.446500 
1.446600 
1.446600 
1.446900 
1.450500 
1.451900 
1.462300 
1.464800 
1.466100 
1.469100 
1.470800 
1.471000 
1.471700 
1.472300 
1.472800 
1.480200 
1.481200 
1.483200 
1.484100 
1.487800 
1.488000 
1.488900 
1.489100 
1.489300 
1.490200 
1.493000 
1.494200 
1.494300 
1.495500 
1.495900 
1.496900 
1.497500 
1.500800 
1.502700 
1.504700 
1.505100 
1.505200 
1.506300 
1.506600 
1.508900 
1.509400 
1.510000 
1.511200 
1.511400 
1.522500 
1.523200 
1.523800 
1.524400 
1.524600 
1.526600 
1.527300 
1.528700 
1.530600 
1.531400 
1.532400 
1.537400 
1.538000 
1.538600 
1.540500 
1.544500 
1.546400 
1.548500 
1.548600 
1.550300 
1.551300 
1.552400 
1.552600 
1.553900 
1.557700 
1.564300 
1.564500 
1.565200 
1.566300 
1.566400 
1.566700 
1.568900 
1.574100 
1.575000 
1.576200 
1.576200 
1.578400 
1.579500 
1.579600 
1.579900 
1.579900 
1.580800 
1.581100 
1.585000 
1.588200 
1.588300 
1.588800 
1.589500 
1.593400 
1.595300 
1.597300 
1.597600 
1.604600 
1.605600 
1.606400 
1.612000 
1.614700 
1.615100 
1.617800 
1.619200 
1.620700 
1.621500 
1.622400 
1.624600 
1.625400 
1.627200 
1.632200 
1.633800 
1.639000 
1.639600 
1.639600 
1.639700 
1.640000 
1.641100 
1.641200 
1.643500 
1.651100 
1.651900 
1.653100 
1.655000 
1.657000 
1.658500 
1.659300 
1.660500 
1.660600 
1.662200 
1.662200 
1.662400 
1.665700 
1.666200 
1.667900 
1.670300 
1.670800 
1.673300 
1.673800 
1.674300 
1.675500 
1.677300 
1.678700 
1.679800 
1.683000 
1.683100 
1.690700 
1.693100 
1.693100 
1.693700 
1.695400 
1.696000 
1.704100 
1.705400 
1.717300 
1.717500 
1.719700 
1.720500 
1.722700 
1.725700 
1.729200 
1.730400 
1.730700 
1.732800 
1.735400 
1.735600 
1.736200 
1.736400 
1.736700 
1.737200 
1.744400 
1.744900 
1.744900 
1.745800 
1.746900 
1.748600 
1.751100 
1.751500 
1.751500 
1.757900 
1.758000 
1.760900 
1.766200 
1.769100 
1.770700 
1.771000 
1.772500 
1.774700 
1.774800 
1.776600 
1.777400 
1.779600 
1.779700 
1.780200 
1.784200 
1.786800 
1.788100 
1.788700 
1.791300 
1.791700 
1.793900 
1.794800 
1.800100 
1.801100 
1.801700 
1.802900 
1.807300 
1.807400 
1.807700 
1.808000 
1.808500 
1.812000 
1.816800 
1.819000 
1.820200 
1.826600 
1.827900 
1.828000 
1.837000 
1.837600 
1.838800 
1.841300 
1.841300 
1.841600 
1.841700 
1.843600 
1.846900 
1.847100 
1.848000 
1.850400 
1.850500 
1.850800 
1.854900 
1.858700 
1.860500 
1.861800 
1.863000 
1.864400 
1.867400 
1.873200 
1.874200 
1.876200 
1.876600 
1.880700 
1.882700 
1.883500 
1.886300 
1.888500 
1.889600 
1.889700 
1.892100 
1.893000 
1.893100 
1.895100 
1.895800 
1.896000 
1.900000 
1.903300 
1.905400 
1.917200 
1.920700 
1.920700 
1.929100 
1.934900 
1.935100 
1.937400 
1.938900 
1.945000 
1.945000 
1.948100 
1.950100 
1.963000 
1.965300 
1.965700 
1.966200 
1.974900 
1.976400 
1.976700 
1.977500 
1.978800 
1.979400 
1.986200 
1.987200 
1.990900 
1.991100 
1.991300 
1.994200 
1.994800 
1.996400 
1.997300 
1.997300 
1.997400 
1.997800 
1.999900 
2.001600 
2.002500 
2.005200 
2.009900 
2.011100 
2.011200 
2.012300 
2.012900 
2.013800 
2.016900 
2.017100 
2.024400 
2.028000 
2.028400 
2.029200 
2.030900 
2.032400 
2.033200 
2.033300 
2.033700 
2.034300 
2.037900 
2.039000 
2.040700 
2.042700 
2.047300 
2.054300 
2.055700 
2.057000 
2.061000 
2.062400 
2.064800 
2.071600 
2.075500 
2.075700 
2.077400 
2.079400 
2.080200 
2.080400 
2.087300 
2.090100 
2.091900 
2.097200 
2.098200 
2.100900 
2.105100 
2.110000 
2.110700 
2.112900 
2.113200 
2.114300 
2.114300 
2.118100 
2.119100 
2.119500 
2.119600 
2.119800 
2.123100 
2.125300 
2.125500 
2.126200 
2.128300 
2.131100 
2.137500 
2.140800 
2.141100 
2.141300 
2.146400 
2.147100 
2.148700 
2.149400 
2.155600 
2.156400 
2.159800 
2.162300 
2.163900 
2.164600 
2.166800 
2.168200 
2.170300 
2.174200 
2.182900 
2.183100 
2.184500 
2.193000 
2.193300 
2.195100 
2.201400 
2.203100 
2.206500 
2.206700 
2.207600 
2.207700 
2.210800 
2.210800 
2.211100 
2.212500 
2.215200 
2.215800 
2.216800 
2.221900 
2.222100 
2.223800 
2.225000 
2.226800 
2.227800 
2.229300 
2.231300 
2.232600 
2.236700 
2.238900 
2.239300 
2.247500 
2.249700 
2.254200 
2.255300 
2.260700 
2.261500 
2.264100 
2.265000 
2.265400 
2.266700 
2.269300 
2.271800 
2.273000 
2.274200 
2.276600 
2.277000 
2.277100 
2.286700 
2.289600 
2.290300 
2.292200 
2.292600 
2.292700 
2.292900 
2.294000 
2.294000 
2.297700 
2.300100 
2.301200 
2.301500 
2.302200 
2.304400 
2.305600 
2.307300 
2.308600 
2.309800 
2.310400 
2.310900 
2.313100 
2.313600 
2.316200 
2.316500 
2.320300 
2.325200 
2.327300 
2.329500 
2.331100 
2.332500 
2.333600 
2.337100 
2.338400 
2.341600 
2.341700 
2.345200 
2.346000 
2.351000 
2.351800 
2.352100 
2.352300 
2.352900 
2.353800 
2.361600 
2.364000 
2.367900 
2.371200 
2.374400 
2.375700 
2.377900 
2.378000 
2.379700 
2.380200 
2.381900 
2.382300 
2.382600 
2.384600 
2.385200 
2.386300 
2.386500 
2.387100 
2.394300 
2.400800 
2.405200 
2.408600 
2.411300 
2.412600 
2.416000 
2.416100 
2.416500 
2.417900 
2.420100 
2.420800 
2.420900 
2.421500 
2.422700 
2.424500 
2.424600 
2.425800 
2.426000 
2.426600 
2.427400 
2.428000 
2.428100 
2.428800 
2.430300 
2.430400 
2.431000 
2.432400 
2.432500 
2.433000 
2.433400 
2.433800 
2.443000 
2.445200 
2.446200 
2.449100 
2.453000 
2.453100 
2.456400 
2.456400 
2.456600 
2.457200 
2.457400 
2.465000 
2.466300 
2.467600 
2.470100 
2.470300 
2.470300 
2.473000 
2.473500 
2.473700 
2.474900 
2.478300 
2.479800 
2.484200 
2.485800 
2.487400 
2.491200 
2.491200 
2.492200 
2.493700 
2.496100 
2.500500 
2.501700 
2.503700 
2.504300 
2.506300 
2.507200 
2.508100 
2.510200 
2.512600 
2.512800 
2.513200 
2.515600 
2.515700 
2.521000 
2.521100 
2.522600 
2.522700 
2.524700 
2.525200 
2.527400 
2.527700 
2.527900 
2.532600 
2.535000 
2.538200 
2.541200 
2.542000 
2.543300 
2.547500 
2.548700 
2.550000 
2.554300 
2.560200 
2.561500 
2.563600 
2.565300 
2.567800 
2.571300 
2.573000 
2.574600 
2.574800 
2.575600 
2.576100 
2.576700 
2.583800 
2.586600 
2.589100 
2.597500 
2.597600 
2.600700 
2.602100 
2.603100 
2.605000 
2.608400 
2.609900 
2.611700 
2.613000 
2.616400 
2.618400 
2.618800 
2.620400 
2.620500 
2.623200 
2.624200 
2.626300 
2.626300 
2.627500 
2.627700 
2.640000 
2.640100 
2.642800 
2.643300 
2.644000 
2.645900 
2.648700 
2.650700 
2.650700 
2.653300 
2.653600 
2.654200 
2.655700 
2.656100 
2.656400 
2.656500 
2.659100 
2.661200 
2.661500 
2.662700 
2.664200 
2.664200 
2.665100 
2.668400 
2.669200 
2.670400 
2.673200 
2.673300 
2.676500 
2.678000 
2.679800 
2.683600 
2.684000 
2.684600 
2.690000 
2.690600 
2.692900 
2.694800 
2.695800 
2.703600 
2.704800 
2.705400 
2.709200 
2.709800 
2.710100 
2.715400 
2.715400 
2.717800 
2.720300 
2.720500 
2.721100 
2.722200 
2.725100 
2.725100 
2.730100 
2.732700 
2.734100 
2.735500 
2.740200 
2.743500 
2.744100 
2.744600 
2.748000 
2.752200 
2.754200 
2.757200 
2.757500 
2.759700 
2.760300 
2.762700 
2.765900 
2.766200 
2.767000 
2.769100 
2.769600 
2.770900 
2.775600 
2.779500 
2.780100 
2.781600 
2.782900 
2.784000 
2.784100 
2.785600 
2.790100 
2.790500 
2.792300 
2.798300 
2.800200 
2.801100 
2.802600 
2.809500 
2.814700 
2.817900 
2.818000 
2.818000 
2.818500 
2.819200 
2.820700 
2.820800 
2.821600 
2.824400 
2.825700 
2.825800 
2.827300 
2.828200 
2.829900 
2.831100 
2.831400 
2.832900 
2.833000 
2.833800 
2.835200 
2.836100 
2.836300 
2.836500 
2.841100 
2.841800 
2.843800 
2.845900 
2.846600 
2.849000 
2.852100 
2.852400 
2.852500 
2.858700 
2.860500 
2.862600 
2.863200 
2.863400 
2.867700 
2.869300 
2.872900 
2.873900 
2.878300 
2.879800 
2.880300 
2.886100 
2.894300 
2.894400 
2.894400 
2.894700 
2.896100 
2.898600 
2.899400 
2.903200 
2.910100 
2.911400 
2.914600 
2.915200 
2.915400 
2.915900 
2.916000 
2.916200 
2.921300 
2.922600 
2.923000 
2.923100 
2.924200 
2.927700 
2.930300 
2.932400 
2.933200 
2.934000 
2.935200 
2.939400 
2.944000 
2.945200 
2.947900 
2.948100 
2.948800 
2.950500 
2.951500 
2.952200 
2.952600 
2.954700 
2.955800 
2.955800 
2.956900 
2.957400 
2.958100 
2.959800 
2.962700 
2.963800 
2.966200 
2.966600 
2.966600 
2.967400 
2.968800 
2.969600 
2.971200 
2.972900 
2.974100 
2.974700 
2.977200 
2.977300 
2.979700 
2.980800 
2.981100 
2.981100 
2.982500 
2.983400 
2.984300 
2.989000 
2.991800 
2.991900 
2.992400 
2.993100 
2.996400 
2.997800 
2.998800 
