320 
211 
586 
775 
169 
278 
695 
214 
735 
313 
658 
534 
23 
149 
717 
337 
699 
138 
780 
516 
123 
428 
662 
1234 
812 
1089 
443 
116 
617 
1113 
898 
563 
1038 
640 
557 
873 
775 
144 
999 
798 
63 
892 
719 
815 
1163 
1068 
393 
44 
978 
15 
627 
692 
559 
586 
800 
453 
821 
1174 
1209 
965 
493 
362 
125 
954 
854 
23 
234 
861 
700 
432 
690 
165 
219 
1027 
750 
1 
867 
791 
847 
642 
1194 
1234 
710 
420 
668 
329 
135 
41 
1092 
94 
769 
644 
490 
61 
1017 
440 
1055 
965 
1043 
934 
85 
1056 
347 
321 
303 
435 
499 
292 
130 
108 
626 
747 
923 
275 
953 
843 
550 
416 
40 
654 
230 
1083 
221 
672 
553 
1096 
462 
138 
151 
294 
740 
29 
1043 
923 
401 
641 
677 
1171 
586 
744 
825 
482 
55 
1193 
207 
441 
1105 
1031 
1157 
910 
784 
640 
1234 
373 
144 
393 
263 
77 
1034 
1014 
1045 
1052 
1173 
715 
1167 
91 
354 
1134 
135 
435 
462 
879 
408 
493 
1017 
625 
366 
577 
678 
1009 
812 
331 
125 
207 
586 
511 
800 
892 
112 
816 
409 
923 
1234 
431 
496 
1145 
651 
740 
393 
843 
1097 
898 
1173 
700 
1007 
335 
1185 
141 
126 
373 
275 
1221 
653 
953 
982 
123 
1050 
499 
698 
51 
536 
812 
843 
85 
731 
318 
211 
421 
1116 
355 
1043 
717 
1042 
180 
167 
372 
1025 
618 
467 
838 
702 
1108 
231 
942 
878 
395 
1045 
222 
393 
275 
1221 
316 
775 
981 
1043 
1213 
536 
586 
617 
1124 
1194 
1076 
777 
50 
740 
474 
1127 
501 
710 
719 
1096 
1017 
219 
235 
781 
909 
204 
131 
1060 
921 
733 
299 
68 
1034 
958 
344 
257 
529 
482 
189 
1234 
151 
700 
825 
713 
869 
1153 
534 
892 
923 
745 
14 
1194 
501 
439 
462 
1055 
854 
40 
1026 
23 
1174 
811 
1124 
393 
843 
440 
898 
78 
560 
1234 
780 
263 
657 
719 
377 
677 
80 
17 
1126 
744 
1034 
2 
999 
209 
627 
185 
428 
533 
27 
931 
586 
731 
892 
123 
142 
50 
557 
890 
1055 
812 
159 
108 
717 
1048 
942 
347 
100 
1163 
28 
653 
269 
393 
409 
95 
634 
1221 
786 
781 
559 
1143 
388 
738 
640 
255 
791 
878 
704 
825 
182 
713 
737 
889 
862 
1030 
40 
201 
941 
7 
1084 
2 
462 
231 
617 
513 
316 
449 
1038 
812 
273 
932 
851 
482 
130 
586 
484 
211 
329 
645 
159 
1033 
1027 
453 
1169 
17 
366 
825 
1203 
423 
393 
476 
245 
258 
248 
443 
1124 
1167 
373 
237 
1047 
377 
681 
923 
758 
1103 
812 
1092 
257 
1028 
586 
292 
1034 
208 
715 
651 
214 
228 
613 
672 
1180 
179 
1213 
896 
89 
106 
34 
700 
329 
1198 
921 
912 
476 
778 
244 
180 
1217 
145 
758 
335 
557 
733 
713 
151 
134 
1185 
372 
1060 
221 
189 
617 
898 
1128 
393 
211 
971 
586 
354 
1086 
920 
34 
1173 
608 
429 
151 
1056 
129 
1141 
44 
496 
292 
144 
453 
816 
1 
306 
242 
908 
843 
1178 
700 
185 
409 
275 
775 
150 
536 
802 
553 
713 
892 
42 
586 
1007 
774 
40 
63 
622 
1218 
1027 
909 
1082 
612 
84 
208 
1030 
124 
421 
55 
940 
582 
874 
653 
393 
1214 
226 
428 
2 
560 
473 
203 
212 
1185 
1039 
1025 
74 
0 
181 
189 
1124 
14 
999 
815 
634 
791 
1224 
715 
636 
462 
123 
415 
617 
528 
781 
278 
1221 
586 
1233 
608 
965 
627 
700 
898 
1234 
1068 
779 
400 
851 
1107 
687 
14 
258 
73 
651 
125 
698 
1062 
203 
178 
1166 
972 
1048 
1141 
892 
1050 
918 
1109 
268 
726 
780 
678 
898 
270 
6 
1007 
51 
462 
106 
999 
230 
700 
1186 
263 
781 
900 
329 
1034 
758 
210 
1173 
1171 
658 
292 
130 
401 
482 
702 
393 
159 
1221 
462 
351 
843 
71 
586 
878 
935 
781 
1234 
300 
892 
347 
533 
733 
1086 
953 
141 
1185 
677 
363 
617 
1192 
95 
1034 
949 
275 
1151 
869 
778 
41 
212 
798 
206 
973 
1059 
812 
1080 
965 
678 
1221 
1163 
15 
29 
1214 
851 
44 
208 
390 
994 
627 
815 
692 
874 
933 
378 
1050 
641 
733 
347 
211 
955 
586 
651 
421 
144 
482 
774 
1055 
15 
137 
1018 
335 
548 
719 
1234 
496 
769 
1031 
601 
851 
473 
965 
844 
827 
584 
490 
80 
715 
476 
1173 
586 
867 
781 
559 
999 
892 
211 
203 
923 
1185 
528 
370 
501 
129 
558 
1124 
74 
988 
453 
292 
715 
327 
935 
1234 
1105 
1107 
14 
1141 
294 
450 
1019 
178 
733 
861 
395 
586 
516 
7 
341 
651 
127 
700 
540 
388 
463 
40 
894 
677 
847 
640 
590 
598 
731 
71 
482 
892 
1149 
285 
421 
586 
1180 
437 
713 
292 
1235 
130 
719 
678 
208 
546 
551 
373 
462 
605 
329 
761 
341 
1020 
802 
412 
1108 
0 
1169 
524 
726 
438 
369 
775 
584 
1050 
926 
817 
1167 
945 
999 
386 
1141 
1017 
212 
563 
571 
496 
