0.071900 
0.074100 
0.080900 
0.084400 
0.084600 
0.087100 
0.092300 
0.092300 
0.092900 
0.093900 
0.094500 
0.094900 
0.108900 
0.110000 
0.112100 
0.122400 
0.124000 
0.124900 
0.129700 
0.130900 
0.143500 
0.144600 
0.146800 
0.149700 
0.159300 
0.169600 
0.173400 
0.178100 
0.178300 
0.180000 
0.181000 
0.182200 
0.184500 
0.184900 
0.185000 
0.186400 
0.208500 
0.209400 
0.221500 
0.221800 
0.222600 
0.223100 
0.225300 
0.231900 
0.238300 
0.239200 
0.239200 
0.244600 
0.246200 
0.258500 
0.262800 
0.266900 
0.267500 
0.277400 
0.277900 
0.284600 
0.289000 
0.296800 
0.297000 
0.299900 
0.309400 
0.314200 
0.322500 
0.326500 
0.328200 
0.328800 
0.329100 
0.336200 
0.344100 
0.347700 
0.356100 
0.362200 
0.363200 
0.369300 
0.370300 
0.372000 
0.377300 
0.378700 
0.388700 
0.389000 
0.390400 
0.394000 
0.398600 
0.404600 
0.409200 
0.415200 
0.424400 
0.428400 
0.437700 
0.439700 
0.441000 
0.441400 
0.446200 
0.446600 
0.461200 
0.464300 
0.465400 
0.472800 
0.477800 
0.478000 
0.479500 
0.490800 
0.493600 
0.495200 
0.497500 
0.511400 
0.513000 
0.515100 
0.518300 
0.534600 
0.541700 
0.545900 
0.551500 
0.552900 
0.556600 
0.578800 
0.579000 
0.580700 
0.585000 
0.585400 
0.586400 
0.587000 
0.592000 
0.593000 
0.597700 
0.605300 
0.610000 
0.615600 
0.619000 
0.619700 
0.620200 
0.622600 
0.643900 
0.644900 
0.647700 
0.651500 
0.652500 
0.655500 
0.659200 
0.663200 
0.669300 
0.672900 
0.675000 
0.676600 
0.678600 
0.697700 
0.700000 
0.701600 
0.703100 
0.705500 
0.719700 
0.722000 
0.725000 
0.725100 
0.726900 
0.729500 
0.730800 
0.732500 
0.742600 
0.744300 
0.749200 
0.751600 
0.754500 
0.756500 
0.761200 
0.762500 
0.763100 
0.763100 
0.763100 
0.765300 
0.765300 
0.766100 
0.768000 
0.771200 
0.774100 
0.774400 
0.776600 
0.786400 
0.790300 
0.795500 
0.811000 
0.818600 
0.826300 
0.828500 
0.832300 
0.833500 
0.833800 
0.834400 
0.839400 
0.839500 
0.840600 
0.840700 
0.845100 
0.845300 
0.850700 
0.853200 
0.858800 
0.861700 
0.862400 
0.864400 
0.872300 
0.872600 
0.873400 
0.873600 
0.873800 
0.880700 
0.880800 
0.886400 
0.890600 
0.891700 
0.897700 
0.907100 
0.910200 
0.911400 
0.914800 
0.921100 
0.924700 
0.926400 
0.927100 
0.928000 
0.928300 
0.928600 
0.939000 
0.940200 
0.941400 
0.943500 
0.959800 
0.965800 
0.968100 
0.976600 
0.981700 
0.989600 
1.000400 
1.000900 
1.002600 
1.003300 
1.005500 
1.011700 
1.015200 
1.020400 
1.034300 
1.037400 
1.039500 
1.043400 
1.045500 
1.047600 
1.054600 
1.057300 
1.058400 
1.059000 
1.060900 
1.060900 
1.064400 
1.065400 
1.066300 
1.072900 
1.073200 
1.074100 
1.087000 
1.090000 
1.093100 
1.094300 
1.102000 
1.102700 
1.103300 
1.105000 
1.116700 
1.117600 
1.118700 
1.122000 
1.123000 
1.132800 
1.133100 
1.133900 
1.135500 
1.141900 
1.142800 
1.142800 
1.145900 
1.149700 
1.151300 
1.157700 
1.175500 
1.185100 
1.201900 
1.207300 
1.207700 
1.208100 
1.213200 
1.222700 
1.223600 
1.232400 
1.232500 
1.233300 
1.236500 
1.237500 
1.237700 
1.243300 
1.244300 
1.247500 
1.264000 
1.264900 
1.277000 
1.284500 
1.292100 
1.293600 
1.295900 
1.299200 
1.300500 
1.303700 
1.309500 
1.311100 
1.314900 
1.317800 
1.323000 
1.331800 
1.336200 
1.337200 
1.342500 
1.356000 
1.356500 
1.356800 
1.360500 
1.366000 
1.368600 
1.369600 
1.371200 
1.374400 
1.376800 
1.379900 
1.386200 
1.387000 
1.395100 
1.404400 
1.413100 
1.415600 
1.419200 
1.419700 
1.431300 
1.433100 
1.434100 
1.437400 
1.442200 
1.451100 
1.456100 
1.460300 
1.463100 
1.471700 
1.488500 
1.494000 
1.495800 
1.495900 
1.496300 
1.497600 
1.499900 
1.501700 
1.505800 
1.507100 
1.517700 
1.518600 
1.522600 
1.524000 
1.531300 
1.537600 
1.542600 
1.551200 
1.552000 
1.552000 
1.558500 
1.561000 
1.561500 
1.561900 
1.562200 
1.569700 
1.574500 
1.583300 
1.584300 
1.585600 
1.591200 
1.593400 
1.594900 
1.597900 
1.601700 
1.606500 
1.606500 
1.613400 
1.616700 
1.623800 
1.631000 
1.631500 
1.638300 
1.640400 
1.641000 
1.647100 
1.662900 
1.664900 
1.668300 
1.673200 
1.678100 
1.678700 
1.679200 
1.687100 
1.690200 
1.693400 
1.698500 
1.701600 
1.702500 
1.704600 
1.705500 
1.722300 
1.728100 
1.736500 
1.740400 
1.742600 
1.745100 
1.745700 
1.750400 
1.761700 
1.764300 
1.765300 
1.772400 
1.774500 
1.775700 
1.775700 
1.779600 
1.785700 
1.793100 
1.803600 
1.804400 
1.806500 
1.810100 
1.813000 
1.815500 
1.819000 
1.820800 
1.821600 
1.829500 
1.837200 
1.837300 
1.839100 
1.841000 
1.841300 
1.841400 
1.843700 
1.847400 
1.848200 
1.851900 
1.853500 
1.855300 
1.855800 
1.857300 
1.860500 
1.863400 
1.877200 
1.878600 
1.879700 
1.884300 
1.887400 
1.888900 
1.890900 
1.892500 
1.894200 
1.896600 
1.897300 
1.900200 
1.902400 
1.903500 
1.905000 
1.908700 
1.915800 
1.918300 
1.919700 
1.922000 
1.926800 
1.928400 
1.930800 
1.930800 
1.931500 
1.936100 
1.937800 
1.939300 
1.941500 
1.945800 
1.948900 
1.950000 
1.953400 
1.954100 
1.954700 
1.961100 
1.969600 
1.970500 
1.981900 
1.983800 
1.987300 
1.988100 
1.988800 
1.994700 
2.002500 
2.003200 
2.005200 
2.005500 
2.006600 
2.007900 
2.010100 
2.016500 
2.021000 
2.029400 
2.031500 
2.032400 
2.034600 
2.036400 
2.037900 
2.038400 
2.051100 
2.053400 
2.053700 
2.059900 
2.059900 
2.060900 
2.062700 
2.063900 
2.063900 
2.082000 
2.095100 
2.099000 
2.103100 
2.103200 
2.103900 
2.104900 
2.106800 
2.108900 
2.110300 
2.112000 
2.112700 
2.112900 
2.114100 
2.116700 
2.117100 
2.119700 
2.121100 
2.128500 
2.129800 
2.133800 
2.134900 
2.136900 
2.136900 
2.139800 
2.140900 
2.142900 
2.146300 
2.147500 
2.147900 
2.151100 
2.154100 
2.158900 
2.162600 
2.166700 
2.168500 
2.169800 
2.172500 
2.176300 
2.178700 
2.180400 
2.181500 
2.182700 
2.183600 
2.184400 
2.188600 
2.190500 
2.191400 
2.192000 
2.197000 
2.198200 
2.203000 
2.206900 
2.217500 
2.225900 
2.228700 
2.234700 
2.234800 
2.237400 
2.238500 
2.240500 
2.242800 
2.246000 
2.246500 
2.251500 
2.257500 
2.263600 
2.266100 
2.266400 
2.267800 
2.271100 
2.271100 
2.278400 
2.279100 
2.279600 
2.280400 
2.282600 
2.289100 
2.295800 
2.296800 
2.300400 
2.301100 
2.302400 
2.303100 
2.310400 
2.319200 
2.324100 
2.333300 
2.337000 
2.338200 
2.345000 
2.345900 
2.353100 
2.353900 
2.358200 
2.362000 
2.364100 
2.377700 
2.378400 
2.380600 
2.384600 
2.385400 
2.385800 
2.390500 
2.394400 
2.399500 
2.402900 
2.413000 
2.415800 
2.419400 
2.424300 
2.442100 
2.446700 
2.453200 
2.453900 
2.456900 
2.460700 
2.463600 
2.463800 
2.464600 
2.473000 
2.473900 
2.475100 
2.477700 
2.480400 
2.480500 
2.486100 
2.487000 
2.490800 
2.491400 
2.492700 
2.498500 
2.500300 
2.500800 
2.505400 
2.509800 
2.510900 
2.512400 
2.517200 
2.528600 
2.531100 
2.532400 
2.533000 
2.534200 
2.538300 
2.538900 
2.539300 
2.539500 
2.539800 
2.544900 
2.548400 
2.557200 
2.562900 
2.566000 
2.567800 
2.567900 
2.568100 
2.574200 
2.580500 
2.593100 
2.598900 
2.599700 
2.607900 
2.608200 
2.609300 
2.610400 
2.610700 
2.613300 
2.616400 
2.620600 
2.621700 
2.622700 
2.624900 
2.633100 
2.633400 
2.634700 
2.635800 
2.636400 
2.641600 
2.643300 
2.647100 
2.659900 
2.665000 
2.666800 
2.673800 
2.683100 
2.686900 
2.686900 
2.687100 
2.689000 
2.691100 
2.696200 
2.696200 
2.699300 
2.700000 
2.705500 
2.709200 
2.710200 
2.711200 
2.712500 
2.716600 
2.719900 
2.720000 
2.723900 
2.726500 
2.727300 
2.733500 
2.736100 
2.739400 
2.740700 
2.742500 
2.743600 
2.744000 
2.747800 
2.758900 
2.759500 
2.761800 
2.766000 
2.773500 
2.780300 
2.787500 
2.797500 
2.804400 
2.804400 
2.805400 
2.810700 
2.817400 
2.819100 
2.827500 
2.831200 
2.834400 
2.859400 
2.866700 
2.870800 
2.875800 
2.881100 
2.883700 
2.884800 
2.885600 
2.888200 
2.890400 
2.894300 
2.897000 
2.897300 
2.898500 
2.911000 
2.914800 
2.914900 
2.920000 
2.921000 
2.921800 
2.926100 
2.928600 
2.930500 
2.931500 
2.938800 
2.943200 
2.945300 
2.949500 
2.950800 
2.954100 
2.954600 
2.959100 
2.959200 
2.960600 
2.963400 
2.965400 
2.965900 
2.969700 
2.977400 
2.978000 
2.979100 
2.982400 
2.982900 
2.983800 
2.984400 
2.984400 
2.985700 
2.986300 
2.987300 
2.993500 
2.993700 
