37 
10 
12 
49 
11 
29 
19 
47 
17 
9 
61 
30 
25 
17 
14 
54 
9 
64 
8 
35 
32 
59 
16 
4 
9 
13 
19 
52 
17 
27 
32 
13 
7 
63 
15 
57 
30 
63 
51 
61 
45 
34 
47 
13 
50 
47 
62 
35 
2 
1 
18 
27 
9 
0 
46 
24 
17 
23 
61 
11 
57 
61 
31 
9 
6 
20 
55 
5 
28 
14 
46 
9 
13 
34 
55 
35 
14 
17 
0 
28 
27 
37 
40 
23 
16 
20 
57 
61 
35 
48 
23 
29 
57 
21 
14 
51 
33 
55 
31 
22 
61 
62 
36 
6 
40 
55 
0 
48 
30 
17 
57 
34 
11 
32 
61 
24 
7 
9 
28 
54 
61 
7 
5 
62 
6 
53 
47 
43 
42 
2 
58 
51 
31 
55 
20 
61 
63 
45 
17 
16 
50 
49 
39 
33 
17 
38 
21 
27 
35 
9 
51 
20 
28 
32 
30 
6 
24 
62 
33 
42 
9 
10 
27 
1 
51 
38 
2 
50 
13 
51 
1 
9 
52 
16 
62 
32 
0 
33 
24 
9 
2 
17 
54 
19 
51 
20 
27 
0 
52 
9 
31 
18 
34 
45 
40 
24 
59 
7 
17 
31 
38 
47 
59 
30 
18 
29 
52 
47 
5 
42 
7 
32 
2 
30 
48 
11 
57 
41 
7 
59 
17 
49 
16 
63 
38 
0 
40 
53 
21 
7 
59 
61 
53 
15 
19 
10 
24 
17 
0 
35 
16 
18 
2 
55 
44 
62 
41 
31 
29 
15 
54 
9 
14 
12 
17 
11 
4 
33 
52 
7 
36 
27 
30 
22 
50 
2 
57 
13 
49 
11 
61 
62 
19 
32 
27 
34 
55 
50 
9 
10 
31 
51 
45 
60 
61 
14 
59 
11 
31 
62 
57 
16 
52 
46 
37 
9 
49 
61 
18 
21 
17 
60 
55 
9 
29 
39 
0 
36 
32 
2 
24 
47 
44 
31 
16 
14 
57 
61 
30 
9 
48 
51 
32 
56 
60 
12 
34 
30 
0 
49 
2 
13 
17 
59 
48 
0 
26 
31 
57 
48 
9 
15 
10 
17 
13 
2 
28 
15 
10 
31 
11 
47 
32 
58 
20 
59 
30 
51 
17 
61 
55 
35 
17 
32 
27 
9 
49 
0 
7 
31 
55 
62 
10 
22 
11 
57 
16 
0 
58 
7 
6 
21 
38 
25 
28 
9 
48 
59 
51 
34 
8 
57 
32 
9 
33 
31 
37 
61 
16 
40 
29 
45 
51 
43 
20 
61 
17 
30 
60 
31 
45 
47 
43 
62 
37 
16 
52 
21 
2 
28 
49 
31 
38 
61 
50 
7 
17 
16 
45 
29 
62 
0 
51 
59 
60 
34 
51 
15 
48 
6 
55 
8 
9 
51 
5 
56 
14 
11 
40 
51 
17 
6 
21 
15 
49 
32 
64 
37 
54 
58 
17 
63 
51 
52 
49 
64 
17 
61 
19 
60 
1 
41 
4 
61 
40 
21 
54 
8 
31 
17 
39 
10 
9 
48 
51 
18 
35 
6 
52 
9 
63 
13 
36 
49 
19 
64 
52 
51 
21 
31 
61 
35 
6 
0 
46 
15 
45 
61 
56 
37 
2 
11 
0 
23 
14 
47 
17 
51 
62 
61 
34 
17 
10 
47 
48 
59 
20 
9 
12 
21 
51 
31 
18 
8 
32 
16 
63 
15 
9 
60 
55 
32 
36 
35 
2 
59 
14 
45 
48 
42 
4 
32 
19 
34 
36 
21 
29 
57 
62 
2 
9 
0 
59 
22 
12 
40 
62 
45 
23 
58 
44 
9 
38 
17 
45 
34 
6 
30 
42 
52 
47 
13 
36 
35 
63 
14 
8 
17 
20 
19 
52 
15 
31 
19 
62 
18 
58 
34 
51 
32 
37 
33 
15 
41 
17 
31 
9 
33 
51 
16 
56 
12 
34 
0 
17 
60 
51 
15 
31 
35 
39 
29 
10 
48 
14 
31 
12 
51 
17 
9 
42 
34 
18 
29 
33 
1 
40 
17 
48 
51 
56 
62 
9 
55 
38 
63 
48 
35 
24 
42 
32 
0 
52 
41 
51 
13 
24 
55 
33 
11 
31 
59 
21 
0 
51 
52 
45 
58 
47 
18 
9 
17 
23 
43 
2 
8 
18 
39 
62 
40 
19 
5 
9 
57 
59 
39 
32 
21 
35 
32 
59 
11 
27 
0 
18 
17 
0 
13 
54 
51 
2 
16 
19 
39 
21 
35 
57 
55 
59 
15 
60 
45 
4 
6 
50 
9 
28 
17 
61 
52 
37 
2 
28 
61 
10 
37 
59 
52 
33 
12 
22 
60 
47 
7 
9 
32 
15 
17 
31 
20 
40 
63 
0 
47 
12 
19 
58 
20 
1 
27 
49 
40 
28 
48 
9 
15 
52 
51 
48 
46 
32 
57 
55 
12 
61 
62 
19 
17 
44 
51 
41 
58 
59 
47 
6 
11 
52 
17 
9 
58 
32 
48 
28 
41 
51 
62 
31 
18 
0 
47 
17 
9 
62 
2 
35 
23 
0 
12 
18 
55 
16 
19 
31 
9 
51 
48 
0 
47 
5 
15 
24 
13 
34 
39 
28 
9 
23 
36 
33 
22 
10 
40 
58 
38 
55 
43 
29 
25 
16 
48 
30 
13 
59 
10 
48 
47 
41 
32 
17 
1 
9 
51 
10 
8 
59 
34 
31 
0 
55 
46 
1 
2 
52 
48 
40 
25 
18 
37 
12 
9 
51 
16 
40 
63 
51 
27 
40 
19 
48 
32 
13 
18 
1 
29 
16 
48 
6 
17 
41 
58 
9 
3 
18 
53 
13 
60 
19 
21 
35 
32 
27 
13 
51 
8 
62 
30 
18 
41 
15 
29 
14 
10 
49 
22 
48 
51 
32 
53 
43 
58 
9 
24 
38 
17 
21 
39 
6 
11 
49 
55 
37 
53 
22 
10 
51 
36 
47 
27 
48 
43 
56 
23 
16 
35 
61 
33 
22 
9 
16 
31 
20 
49 
21 
13 
58 
0 
6 
2 
59 
42 
12 
38 
5 
21 
0 
51 
29 
49 
37 
64 
16 
49 
58 
57 
40 
51 
58 
15 
9 
59 
17 
20 
8 
0 
35 
19 
6 
8 
9 
35 
12 
63 
19 
55 
47 
37 
56 
48 
51 
