0.021000 
0.021400 
0.022600 
0.022700 
0.023800 
0.024600 
0.025100 
0.025800 
0.026100 
0.027100 
0.027300 
0.027400 
0.027500 
0.027600 
0.027700 
0.028000 
0.028400 
0.028800 
0.029900 
0.030000 
0.030000 
0.030400 
0.030800 
0.030800 
0.031100 
0.031400 
0.031500 
0.031700 
0.032300 
0.032300 
0.032300 
0.032500 
0.032800 
0.033500 
0.034100 
0.034200 
0.034700 
0.035400 
0.035600 
0.035900 
0.036000 
0.036400 
0.036500 
0.036500 
0.036800 
0.037700 
0.038100 
0.038200 
0.038500 
0.038600 
0.039200 
0.039200 
0.039300 
0.039400 
0.039500 
0.040000 
0.040300 
0.040800 
0.041000 
0.041200 
0.041600 
0.042300 
0.043100 
0.043300 
0.043400 
0.043600 
0.043900 
0.044000 
0.044000 
0.044500 
0.044500 
0.044700 
0.044900 
0.045000 
0.045000 
0.045000 
0.046000 
0.046300 
0.047700 
0.048300 
0.051200 
0.053100 
0.053800 
0.054100 
0.054200 
0.054400 
0.054700 
0.054900 
0.054900 
0.055100 
0.055200 
0.055800 
0.056000 
0.057100 
0.057300 
0.057400 
0.057600 
0.058200 
0.058300 
0.058400 
0.058700 
0.058900 
0.059700 
0.059700 
0.060000 
0.060100 
0.061000 
0.061000 
0.061800 
0.062000 
0.062600 
0.063200 
0.063500 
0.063600 
0.063700 
0.063800 
0.063900 
0.064900 
0.065500 
0.065600 
0.066000 
0.066000 
0.066600 
0.068200 
0.069000 
0.069200 
0.069400 
0.070800 
0.070800 
0.071300 
0.071600 
0.071700 
0.071800 
0.072200 
0.073900 
0.076100 
0.076800 
0.076900 
0.077500 
0.078600 
0.079400 
0.079500 
0.079900 
0.080000 
0.080100 
0.081400 
0.081500 
0.082200 
0.082600 
0.082700 
0.082900 
0.083200 
0.084700 
0.086900 
0.087700 
0.087900 
0.088300 
0.088400 
0.088600 
0.090400 
0.091300 
0.092500 
0.092800 
0.093600 
0.094500 
0.094700 
0.095000 
0.095000 
0.096200 
0.096200 
0.096200 
0.096700 
0.097100 
0.097200 
0.097700 
0.098000 
0.098100 
0.098400 
0.098500 
0.098600 
0.099900 
0.100000 
0.100700 
0.100800 
0.101000 
0.101000 
0.102300 
0.102400 
0.102900 
0.103600 
0.105900 
0.106700 
0.107600 
0.107800 
0.107900 
0.109000 
0.109200 
0.110300 
0.110400 
0.110800 
0.110900 
0.111900 
0.112000 
0.112600 
0.113400 
0.113800 
0.114400 
0.114900 
0.115800 
0.115900 
0.116500 
0.116700 
0.117500 
0.118700 
0.119400 
0.120200 
0.120400 
0.120700 
0.121600 
0.121600 
0.121900 
0.122700 
0.123100 
0.123200 
0.123300 
0.123500 
0.123600 
0.124000 
0.124000 
0.124600 
0.124900 
0.125000 
0.125400 
0.126400 
0.126500 
0.127800 
0.127900 
0.127900 
0.128000 
0.128000 
0.128000 
0.128600 
0.128800 
0.130100 
0.130400 
0.130600 
0.130800 
0.131900 
0.132200 
0.136200 
0.136300 
0.136800 
0.138100 
0.138500 
0.138600 
0.139200 
0.140900 
0.141300 
0.141300 
0.141300 
0.141600 
0.142200 
0.143700 
0.144200 
0.145400 
0.145500 
0.145700 
0.146400 
0.146600 
0.147100 
0.147200 
0.147200 
0.147500 
0.148300 
0.149100 
0.149300 
0.149700 
0.149800 
0.150800 
0.151500 
0.152200 
0.152300 
0.152600 
0.153500 
0.154000 
0.154300 
0.155200 
0.156000 
0.156000 
0.156700 
0.156900 
0.159100 
0.159500 
0.159900 
0.162300 
0.162600 
0.162700 
0.163300 
0.163500 
0.163900 
0.164300 
0.168800 
0.169100 
0.170500 
0.170700 
0.170900 
0.171400 
0.172100 
0.173600 
0.173800 
0.174100 
0.174300 
0.174400 
0.174800 
0.175000 
0.175100 
0.175400 
0.176200 
0.176300 
0.176400 
0.176400 
0.177900 
0.178100 
0.178500 
0.179200 
0.179700 
0.183400 
0.184100 
0.186300 
0.186400 
0.186400 
0.186900 
0.187600 
0.187900 
0.188200 
0.188900 
0.189300 
0.190500 
0.190800 
0.191000 
0.191100 
0.191300 
0.191500 
0.191800 
0.191900 
0.192500 
0.193400 
0.194500 
0.194800 
0.195900 
0.197000 
0.199700 
0.200000 
0.200900 
0.201300 
0.202300 
0.203600 
0.203600 
0.205300 
0.205800 
0.206200 
0.206200 
0.206500 
0.206600 
0.207900 
0.208900 
0.209600 
0.209700 
0.211000 
0.211300 
0.212000 
0.212200 
0.213900 
0.214100 
0.214700 
0.215400 
0.215500 
0.215800 
0.216700 
0.217000 
0.217100 
0.217800 
0.218100 
0.218900 
0.218900 
0.219100 
0.219500 
0.219800 
0.220900 
0.221500 
0.221700 
0.222700 
0.223200 
0.224400 
0.225300 
0.225600 
0.227300 
0.228700 
0.228900 
0.231000 
0.231000 
0.231800 
0.232200 
0.232200 
0.234100 
0.234400 
0.234500 
0.235100 
0.235300 
0.237500 
0.237700 
0.237800 
0.237900 
0.238100 
0.239600 
0.240000 
0.240000 
0.242200 
0.243200 
0.244500 
0.244800 
0.246400 
0.246600 
0.246600 
0.247200 
0.247500 
0.248200 
0.248400 
0.248800 
0.248800 
0.249000 
0.249700 
0.250900 
0.251300 
0.253000 
0.254400 
0.255000 
0.255200 
0.256100 
0.259700 
0.260300 
0.263200 
0.263500 
0.263900 
0.264400 
0.265600 
0.266200 
0.267100 
0.267400 
0.270900 
0.271300 
0.271700 
0.272700 
0.273000 
0.273600 
0.273700 
0.273900 
0.274400 
0.274500 
0.274600 
0.276500 
0.277200 
0.278500 
0.279800 
0.280800 
0.281100 
0.281500 
0.283200 
0.283900 
0.284200 
0.284700 
0.284800 
0.285500 
0.285600 
0.286100 
0.286300 
0.286400 
0.286400 
0.286600 
0.286800 
0.286900 
0.287200 
0.287300 
0.287800 
0.288000 
0.288600 
0.289500 
0.289900 
0.290700 
0.290900 
0.291100 
0.292900 
0.293200 
0.293500 
0.293800 
0.297000 
0.298000 
0.298500 
0.298600 
0.299100 
0.299700 
0.300500 
0.301000 
0.302200 
0.302600 
0.302900 
0.303500 
0.303800 
0.304700 
0.304800 
0.305000 
0.305200 
0.305800 
0.305900 
0.306400 
0.306800 
0.307600 
0.308400 
0.308500 
0.308600 
0.308800 
0.308900 
0.309100 
0.309600 
0.309800 
0.309900 
0.311300 
0.311600 
0.312400 
0.313400 
0.313400 
0.314400 
0.314500 
0.314600 
0.314700 
0.315100 
0.315200 
0.315800 
0.315900 
0.315900 
0.316100 
0.316200 
0.316300 
0.316300 
0.316800 
0.317900 
0.318000 
0.318000 
0.318100 
0.318200 
0.318900 
0.319300 
0.319300 
0.319500 
0.319500 
0.319600 
0.320600 
0.320600 
0.320800 
0.322600 
0.322900 
0.323300 
0.323600 
0.323600 
0.323900 
0.324000 
0.324200 
0.324400 
0.325000 
0.325500 
0.326900 
0.326900 
0.327000 
0.327300 
0.327700 
0.328800 
0.328900 
0.329100 
0.329200 
0.329600 
0.330300 
0.330400 
0.330500 
0.330800 
0.331300 
0.331700 
0.331800 
0.332100 
0.332500 
0.332900 
0.334700 
0.334800 
0.334800 
0.335800 
0.336700 
0.337700 
0.337800 
0.337900 
0.339700 
0.342600 
0.343400 
0.344100 
0.344200 
0.344900 
0.345000 
0.345600 
0.345800 
0.346900 
0.347300 
0.347800 
0.347800 
0.348500 
0.349300 
0.349500 
0.350800 
0.351800 
0.352200 
0.352500 
0.352600 
0.352700 
0.353500 
0.353900 
0.353900 
0.354000 
0.354400 
0.354400 
0.354700 
0.355500 
0.355700 
0.355800 
0.355800 
0.356100 
0.356200 
0.357300 
0.357500 
0.358100 
0.358700 
0.359400 
0.359600 
0.359700 
0.360500 
0.360900 
0.362600 
0.362600 
0.362600 
0.363000 
0.363900 
0.363900 
0.364200 
0.365000 
0.366500 
0.366800 
0.368200 
0.368900 
0.370200 
0.371100 
0.372100 
0.372600 
0.373400 
0.374800 
0.375600 
0.376800 
0.376900 
0.377200 
0.378700 
0.378800 
0.378900 
0.379300 
0.379500 
0.380000 
0.380400 
0.380400 
0.380400 
0.381000 
0.381800 
0.382200 
0.382400 
0.382500 
0.383800 
0.384100 
0.384600 
0.384700 
0.385000 
0.385900 
0.386200 
0.386200 
0.386500 
0.386600 
0.387700 
0.387900 
0.389300 
0.389500 
0.389800 
0.390400 
0.392500 
0.393500 
0.394000 
0.394700 
0.394700 
0.395000 
0.395400 
0.396500 
0.397500 
0.398100 
0.399100 
0.399900 
0.400000 
0.400300 
0.400700 
0.401800 
0.402100 
0.402400 
0.403600 
0.403800 
0.404100 
0.404700 
0.404900 
0.405300 
0.406300 
0.406700 
0.407900 
0.408200 
0.408500 
0.408500 
0.408600 
0.408600 
0.408800 
0.410800 
0.411300 
0.411900 
0.412000 
0.412200 
0.412600 
0.413400 
0.414800 
0.415300 
0.416700 
0.418200 
0.418800 
0.419900 
0.419900 
0.420000 
0.420100 
0.420600 
0.421100 
0.421600 
0.421600 
0.422800 
0.424600 
0.426400 
0.426800 
0.427100 
0.427300 
0.427900 
0.428000 
0.428700 
0.430800 
0.431100 
0.432200 
0.432400 
0.432700 
0.433600 
0.435500 
0.435600 
0.435900 
0.436300 
0.436700 
0.436900 
0.437400 
0.437600 
0.438200 
0.438400 
0.438700 
0.438900 
0.441200 
0.442700 
0.444100 
0.444600 
0.445500 
0.446600 
0.446800 
0.447200 
0.447200 
0.447400 
0.447600 
0.447700 
0.447800 
0.448100 
0.448100 
0.448300 
0.448600 
0.448800 
0.449700 
0.450300 
0.450800 
0.451100 
0.451500 
0.451700 
0.453200 
0.453300 
0.453700 
0.453900 
0.454900 
0.454900 
0.455800 
0.456800 
0.457200 
0.458800 
0.458800 
0.459200 
0.461700 
0.462500 
0.462500 
0.464000 
0.464000 
0.464200 
0.464900 
0.465800 
0.466900 
0.468200 
0.468300 
0.468700 
0.468900 
0.469600 
0.470000 
0.470500 
0.470500 
0.472500 
0.473400 
0.473600 
0.473800 
0.474000 
0.474900 
0.475200 
0.475500 
0.477300 
0.478500 
0.479400 
0.479500 
0.480600 
0.480800 
0.483500 
0.484000 
0.484600 
0.485300 
0.485800 
0.487100 
0.487200 
0.487400 
0.487600 
0.488800 
0.489200 
0.489600 
0.490100 
0.490800 
0.491200 
0.491200 
0.491700 
0.492500 
0.493400 
0.493500 
0.496500 
0.497300 
0.498200 
0.499000 
0.500000 
0.500400 
0.500600 
0.502200 
0.502500 
0.504200 
0.505400 
0.505500 
0.505900 
0.506500 
0.506600 
0.506900 
0.507500 
0.509200 
0.509600 
0.510400 
0.510500 
0.510600 
0.511200 
0.512000 
0.512100 
0.513200 
0.514200 
0.515800 
0.516300 
0.516500 
0.516500 
0.517200 
0.517400 
0.518000 
0.518100 
0.518300 
0.518900 
0.519700 
0.522700 
0.523700 
0.523800 
0.524700 
0.525300 
0.525600 
0.525800 
0.526900 
0.528900 
0.529200 
0.529700 
0.532600 
0.532900 
0.533500 
0.533800 
0.534700 
0.535300 
0.537300 
0.537900 
0.538600 
0.539200 
0.539300 
0.539400 
0.540200 
0.540500 
0.542100 
0.543200 
0.543500 
0.545500 
0.545800 
0.546100 
0.546100 
0.547000 
0.548700 
0.548900 
0.549000 
0.549000 
0.549000 
0.549200 
0.550200 
0.551000 
0.551100 
0.551800 
0.552500 
0.552600 
0.552900 
0.553500 
0.554100 
0.554100 
0.554200 
0.555400 
0.556200 
0.558200 
0.558400 
0.559000 
0.559400 
0.559800 
0.560500 
0.560700 
0.561300 
0.561600 
0.562000 
0.562300 
0.562800 
0.563900 
0.564000 
0.564000 
0.564400 
0.565700 
0.565900 
0.568300 
0.569500 
0.569600 
0.570700 
0.571200 
0.571600 
0.572300 
0.572400 
0.573600 
0.575000 
0.575100 
0.575900 
0.576300 
0.576500 
0.577200 
0.577800 
0.578700 
0.578700 
0.579800 
0.580200 
0.580600 
0.581000 
0.581800 
0.581900 
0.582200 
0.582200 
0.583300 
0.583700 
0.583700 
0.584800 
0.584900 
0.585000 
0.586500 
0.587900 
0.587900 
0.588700 
0.589100 
0.589200 
0.591000 
0.591600 
0.592500 
0.593200 
0.596400 
0.597800 
0.597800 
0.598300 
0.598300 
0.598500 
0.599200 
0.600500 
0.601600 
0.601900 
0.602200 
0.602500 
0.602500 
0.603500 
0.604400 
0.604800 
0.605100 
0.606100 
0.607900 
0.609200 
0.610600 
0.610900 
0.611300 
0.612100 
0.612300 
0.613000 
0.613300 
0.614000 
0.615800 
0.616300 
0.616900 
0.617100 
0.619300 
0.619800 
0.619800 
0.620900 
0.622900 
0.623000 
0.623800 
0.626400 
0.627100 
0.627500 
0.627500 
0.628000 
0.628200 
0.628400 
0.628400 
0.628600 
0.628700 
0.630800 
0.631600 
0.632000 
0.633400 
0.633600 
0.633900 
0.634200 
0.634400 
0.634500 
0.635200 
0.637200 
0.637400 
0.638000 
0.638800 
0.639000 
0.639200 
0.639500 
0.639800 
0.639900 
0.640700 
0.642600 
0.642800 
0.643800 
0.644300 
0.644300 
0.645000 
0.645500 
0.645700 
0.646400 
0.648800 
0.649100 
0.649200 
0.650400 
0.650700 
0.650700 
0.650800 
0.651500 
0.652600 
0.652900 
0.653400 
0.653700 
0.654000 
0.654200 
0.654300 
0.654500 
0.654900 
0.655100 
0.655200 
0.657000 
0.657000 
0.657400 
0.658800 
0.659200 
0.659300 
0.659500 
0.659700 
0.659700 
0.661500 
0.661800 
0.661900 
0.663600 
0.664200 
0.664900 
0.665000 
0.665300 
0.666700 
0.667500 
0.667900 
0.668300 
0.669100 
0.669600 
0.669700 
0.670000 
0.670100 
0.670700 
0.671000 
0.671100 
0.672400 
0.672800 
0.674000 
0.674100 
0.675600 
0.676900 
0.678400 
0.679700 
0.680600 
0.680700 
0.680700 
0.681100 
0.681400 
0.681800 
0.682300 
0.682500 
0.682700 
0.682800 
0.683700 
0.683800 
0.684000 
0.684600 
0.685000 
0.685800 
0.686000 
0.686100 
0.686600 
0.686700 
0.686800 
0.686900 
0.687200 
0.689500 
0.689500 
0.689900 
0.689900 
0.690000 
0.690100 
0.691100 
0.691600 
0.692300 
0.692600 
0.693000 
0.693400 
0.695100 
0.695600 
0.695900 
0.696300 
0.696500 
0.696500 
0.696800 
0.696900 
0.697500 
0.697800 
0.699000 
0.699000 
0.699200 
0.699500 
0.699700 
0.699700 
0.701000 
0.701000 
0.701400 
0.701800 
0.703300 
0.703500 
0.703800 
0.704000 
0.704700 
0.705000 
0.705500 
0.706400 
0.707300 
0.707500 
0.708000 
0.708100 
0.708200 
0.709600 
0.709800 
0.710100 
0.711600 
0.711700 
0.712100 
0.712600 
0.715400 
0.715600 
0.715600 
0.716400 
0.716700 
0.717600 
0.718300 
0.718300 
0.718900 
0.720100 
0.721200 
0.721700 
0.722100 
0.722700 
0.723200 
0.723800 
0.724300 
0.724400 
0.724800 
0.725600 
0.726200 
0.727300 
0.727400 
0.728000 
0.728000 
0.728500 
0.729000 
0.729900 
0.730500 
0.732700 
0.734200 
0.734300 
0.735500 
0.736000 
0.736400 
0.736500 
0.736900 
0.737300 
0.738200 
0.740100 
0.740500 
0.740900 
0.741000 
0.742600 
0.742800 
0.742900 
0.743500 
0.743700 
0.744600 
0.744900 
0.745000 
0.745100 
0.745300 
0.745400 
0.745700 
0.747000 
0.747300 
0.747500 
0.748900 
0.749400 
0.750600 
0.750800 
0.752100 
0.753200 
0.754000 
0.754100 
0.754700 
0.755500 
0.755600 
0.755700 
0.755900 
0.757700 
0.759100 
0.760200 
0.760200 
0.761500 
0.763100 
0.764000 
0.764000 
0.764400 
0.765500 
0.765800 
0.766200 
0.766300 
0.768000 
0.769000 
0.771500 
0.771800 
0.772500 
0.772900 
0.774800 
0.774900 
0.775100 
0.776100 
0.776100 
0.776500 
0.777300 
0.778100 
0.778600 
0.780200 
0.782400 
0.783300 
0.783900 
0.784800 
0.785900 
0.786700 
0.786900 
0.787100 
0.787200 
0.788000 
0.789300 
0.789800 
0.790000 
0.790500 
0.791900 
0.792100 
0.793400 
0.793600 
0.795000 
0.795000 
0.795100 
0.795700 
0.795800 
0.797800 
0.798100 
0.798800 
0.799100 
0.799600 
0.799800 
0.801000 
0.801300 
0.801800 
0.802200 
0.802200 
0.802700 
0.802800 
0.802900 
0.803000 
0.803200 
0.805100 
0.805700 
0.805800 
0.806100 
0.806900 
0.808200 
0.810000 
0.810500 
0.810600 
0.811600 
0.812100 
0.812200 
0.812900 
0.813400 
0.813500 
0.813500 
0.813700 
0.814300 
0.814800 
0.815100 
0.815200 
0.815300 
0.815500 
0.815800 
0.816700 
0.817400 
0.817600 
0.817700 
0.818400 
0.818600 
0.818700 
0.819000 
0.819200 
0.819200 
0.819500 
0.819700 
0.820300 
0.820700 
0.820900 
0.821700 
0.822000 
0.822000 
0.822500 
0.822700 
0.822800 
0.823700 
0.824000 
0.824500 
0.824800 
0.825200 
0.825300 
0.825300 
0.826500 
0.826700 
0.827800 
0.828000 
0.828600 
0.828800 
0.829200 
0.830100 
0.831900 
0.832500 
0.832900 
0.833000 
0.833200 
0.834600 
0.837100 
0.837900 
0.838400 
0.838500 
0.838800 
0.839000 
0.839300 
0.839600 
0.839700 
0.839900 
0.840500 
0.840900 
0.841100 
0.841300 
0.841800 
0.841900 
0.842000 
0.842600 
0.842900 
0.843500 
0.843600 
0.844200 
0.844500 
0.845400 
0.845600 
0.845900 
0.846100 
0.847300 
0.847600 
0.848600 
0.848700 
0.848800 
0.848900 
0.849100 
0.849600 
0.850200 
0.853000 
0.853900 
0.854400 
0.855000 
0.855300 
0.857100 
0.857600 
0.859400 
0.860200 
0.860400 
0.860800 
0.861300 
0.861700 
0.862600 
0.862600 
0.862900 
0.864100 
0.864400 
0.864500 
0.865600 
0.865600 
0.866400 
0.866800 
0.867100 
0.867400 
0.869600 
0.869900 
0.871000 
0.871300 
0.871500 
0.872500 
0.872700 
0.872800 
0.873600 
0.873700 
0.874000 
0.875300 
0.875500 
0.875500 
0.876200 
0.876700 
0.877600 
0.877600 
0.877700 
0.877800 
0.878300 
0.878300 
0.879700 
0.879900 
0.880300 
0.880400 
0.881200 
0.881200 
0.881400 
0.881800 
0.882500 
0.883000 
0.883300 
0.883500 
0.883600 
0.883900 
0.884000 
0.884200 
0.884500 
0.885900 
0.886000 
0.886100 
0.886700 
0.887000 
0.887200 
0.887500 
0.891000 
0.891200 
0.892900 
0.894100 
0.894300 
0.894900 
0.895300 
0.895600 
0.895600 
0.895900 
0.897900 
0.899400 
0.899500 
0.899700 
0.899800 
0.899800 
0.900100 
0.900800 
0.901100 
0.901200 
0.901500 
0.901700 
0.902300 
0.902600 
0.902700 
0.903200 
0.903200 
0.903500 
0.905800 
0.906200 
0.907700 
0.908100 
0.909300 
0.909800 
0.910700 
0.912500 
0.913900 
0.915100 
0.918200 
0.918300 
0.918400 
0.920600 
0.920700 
0.920900 
0.921000 
0.921300 
0.921900 
0.922500 
0.923000 
0.924100 
0.924500 
0.924600 
0.925000 
0.926600 
0.927300 
0.927400 
0.927500 
0.928100 
0.928700 
0.929000 
0.929200 
0.929500 
0.930000 
0.932000 
0.933400 
0.934000 
0.934200 
0.934300 
0.935700 
0.936800 
0.937200 
0.937700 
0.938400 
0.938500 
0.939400 
0.940200 
0.940500 
0.940600 
0.942000 
0.942100 
0.942300 
0.942300 
0.942700 
0.942800 
0.943400 
0.943400 
0.943600 
0.945100 
0.945100 
0.945200 
0.945400 
0.946400 
0.947000 
0.947100 
0.947800 
0.948000 
0.948800 
0.950500 
0.952300 
0.952600 
0.952700 
0.953400 
0.953500 
0.953700 
0.954300 
0.954500 
0.955200 
0.955600 
0.956500 
0.956600 
0.956600 
0.956600 
0.957900 
0.958600 
0.959300 
0.959800 
0.960000 
0.960000 
0.960200 
0.960800 
0.961000 
0.961800 
0.961800 
0.962200 
0.962400 
0.962700 
0.962800 
0.964400 
0.966600 
0.966700 
0.967700 
0.968000 
0.968800 
0.970800 
0.971200 
0.971400 
0.972900 
0.973200 
0.973500 
0.974000 
0.975900 
0.976100 
0.976300 
0.977100 
0.977400 
0.978400 
0.978600 
0.979100 
0.979100 
0.979200 
0.979500 
0.980000 
0.980300 
0.981000 
0.981200 
0.982400 
0.982600 
0.982700 
0.983000 
0.983000 
0.983100 
0.983200 
0.983400 
0.983500 
0.984500 
0.985500 
0.985600 
0.985600 
0.986000 
0.986000 
0.986600 
0.986800 
0.988000 
0.988200 
0.988600 
0.990100 
0.990800 
0.990900 
0.992200 
0.992800 
0.994100 
0.995400 
0.995400 
0.996600 
0.997000 
0.997100 
0.997100 
0.997300 
0.997300 
0.997400 
0.997600 
0.998800 
0.999100 
0.999400 
0.999700 
0.999700 
1.000800 
1.000800 
1.001100 
1.001600 
1.002000 
1.002500 
1.002600 
1.002700 
1.002900 
1.003200 
1.004000 
1.005000 
1.005100 
1.005400 
1.006500 
1.007500 
1.007500 
1.008500 
1.008500 
1.008500 
1.008700 
1.008900 
1.010600 
1.010600 
1.010900 
1.011200 
1.011400 
1.012700 
1.012900 
1.013200 
1.013300 
1.018100 
1.018400 
1.019700 
1.020600 
1.021300 
1.022700 
1.022700 
1.023000 
1.023100 
1.023900 
1.024400 
1.025200 
1.026000 
1.026300 
1.026400 
1.026400 
1.026400 
1.026900 
1.027300 
1.027400 
1.027500 
1.029800 
1.030000 
1.030100 
1.030600 
1.030900 
1.031600 
1.031600 
1.031800 
1.032900 
1.033200 
1.033500 
1.033500 
1.036500 
1.038100 
1.039400 
1.039600 
1.040100 
1.042500 
1.042600 
1.043300 
1.043700 
1.046400 
1.047100 
1.047100 
1.047400 
1.048500 
1.048700 
1.048800 
1.049700 
1.050800 
1.051600 
1.051600 
1.051800 
1.051800 
1.053100 
1.053200 
1.054300 
1.054900 
1.055000 
1.055500 
1.055800 
1.055800 
1.055800 
1.055900 
1.057000 
1.057300 
1.060800 
1.062600 
1.064500 
1.065300 
1.066100 
1.066500 
1.068700 
1.069500 
1.069700 
1.070400 
1.070900 
1.071900 
1.072600 
1.074700 
1.076800 
1.077300 
1.077800 
1.078600 
1.079100 
1.079700 
1.079800 
1.079900 
1.080400 
1.082000 
1.082300 
1.082300 
1.082900 
1.083200 
1.083600 
1.083800 
1.084700 
1.084700 
1.084900 
1.085100 
1.085600 
1.086100 
1.086300 
1.086400 
1.086400 
1.086600 
1.087300 
1.087700 
1.090200 
1.090200 
1.091300 
1.091400 
1.092100 
1.092300 
1.092600 
1.093100 
1.093300 
1.093800 
1.094000 
1.095000 
1.095000 
1.095200 
1.095800 
1.096100 
1.097300 
1.097400 
1.097600 
1.097900 
1.098200 
1.102100 
1.102700 
1.103300 
1.103900 
1.104100 
1.104900 
1.105600 
1.105800 
1.106100 
1.106200 
1.106900 
1.106900 
1.107300 
1.107900 
1.109200 
1.109500 
1.109700 
1.110700 
1.111000 
1.111400 
1.111600 
1.112900 
1.114700 
1.115600 
1.117300 
1.117900 
1.120200 
1.120700 
1.121000 
1.121400 
1.121800 
1.122300 
1.122400 
1.122700 
1.122900 
1.123400 
1.123600 
1.123700 
1.124300 
1.124500 
1.124800 
1.125600 
1.125700 
1.126200 
1.126400 
1.126500 
1.126700 
1.127300 
1.128000 
1.128900 
1.130200 
1.130700 
1.131000 
1.132200 
1.134300 
1.137400 
1.140300 
1.141300 
1.141600 
1.142400 
1.143400 
1.144000 
1.144200 
1.146500 
1.146700 
1.146700 
1.147000 
1.148300 
1.151100 
1.151100 
1.151700 
1.151700 
1.151700 
1.151900 
1.152000 
1.153100 
1.153600 
1.154200 
1.155000 
1.155200 
1.156700 
1.159000 
1.159500 
1.160000 
1.160200 
1.160300 
1.161500 
1.162300 
1.163200 
1.163400 
1.163400 
1.163600 
1.164000 
1.164000 
1.164700 
1.164800 
1.165200 
1.165900 
1.168600 
1.168600 
1.169600 
1.169600 
1.169700 
1.170000 
1.170100 
1.170600 
1.171200 
1.171600 
1.172000 
1.172100 
1.173100 
1.173200 
1.173600 
1.173800 
1.174200 
1.174600 
1.174600 
1.175200 
1.175500 
1.175800 
1.177400 
1.178200 
1.179700 
1.180100 
1.180300 
1.181000 
1.181400 
1.181500 
1.183000 
1.185400 
1.185500 
1.187000 
1.187800 
1.187800 
1.189700 
1.189800 
1.190400 
1.190900 
1.191000 
1.191200 
1.191200 
1.191600 
1.192900 
1.193100 
1.193200 
1.193900 
1.194500 
1.194900 
1.195300 
1.195300 
1.195400 
1.196100 
1.196400 
1.196500 
1.196600 
1.197600 
1.197900 
1.198800 
1.199500 
1.199900 
1.200700 
1.200800 
1.200800 
1.201100 
1.201800 
1.202300 
1.202900 
1.203100 
1.203200 
1.203400 
1.203600 
1.204600 
1.205300 
1.206700 
1.207100 
1.207400 
1.208100 
1.208200 
1.210100 
1.210100 
1.211000 
1.211300 
1.212600 
1.212800 
1.214800 
1.215200 
1.215900 
1.216500 
1.216700 
1.217300 
1.217300 
1.217500 
1.217600 
1.218300 
1.218400 
1.218700 
1.218800 
1.218800 
1.219100 
1.219400 
1.219400 
1.219600 
1.219600 
1.220100 
1.220100 
1.220400 
1.220600 
1.220700 
1.220800 
1.221100 
1.221200 
1.221700 
1.222500 
1.223800 
1.223800 
1.224000 
1.225900 
1.226100 
1.227200 
1.227300 
1.227300 
1.229200 
1.229400 
1.230200 
1.231100 
1.231300 
1.231600 
1.232500 
1.234600 
1.234800 
1.235000 
1.235700 
1.236600 
1.237300 
1.237900 
1.239000 
1.239100 
1.239300 
1.239600 
1.239900 
1.241100 
1.241300 
1.241500 
1.241700 
1.243300 
1.243600 
1.244500 
1.245500 
1.245600 
1.245600 
1.246700 
1.247200 
1.247700 
1.248600 
1.250900 
1.251100 
1.251100 
1.252300 
1.252400 
1.252400 
1.253100 
1.253200 
1.253300 
1.253700 
1.253800 
1.254900 
1.255000 
1.255600 
1.255800 
1.255800 
1.257400 
1.257500 
1.257700 
1.257800 
1.258400 
1.260200 
1.261800 
1.263800 
1.264700 
1.265700 
1.265700 
1.268100 
1.268700 
1.269500 
1.269600 
1.269600 
1.270400 
1.270900 
1.271400 
1.271500 
1.273900 
1.274200 
1.274900 
1.275000 
1.275300 
1.276000 
1.276300 
1.276700 
1.277100 
1.277200 
1.277400 
1.277800 
1.278000 
1.278400 
1.278500 
1.278600 
1.279100 
1.279800 
1.280300 
1.281900 
1.282300 
1.283900 
1.285300 
1.285500 
1.285500 
1.286000 
1.286200 
1.287300 
1.287500 
1.287600 
1.288400 
1.290600 
1.290600 
1.291300 
1.293700 
1.293900 
1.294100 
1.294100 
1.294200 
1.294200 
1.294900 
1.295200 
1.295700 
1.296500 
1.296700 
1.296700 
1.297500 
1.297800 
1.298500 
1.298900 
1.299200 
1.299500 
1.300800 
1.301600 
1.302000 
1.303300 
1.303600 
1.303900 
1.304400 
1.304900 
1.305900 
1.306100 
1.306100 
1.306200 
1.307100 
1.307200 
1.307200 
1.307600 
1.308100 
1.308600 
1.308900 
1.309500 
1.310600 
1.310900 
1.311200 
1.311400 
1.311600 
1.311900 
1.312800 
1.314100 
1.314500 
1.315100 
1.315300 
1.315700 
1.316100 
1.316800 
1.316900 
1.317900 
1.318400 
1.318600 
1.321200 
1.324600 
1.326200 
1.326400 
1.326500 
1.328200 
1.330000 
1.330300 
1.332100 
1.332200 
1.334300 
1.334500 
1.335300 
1.335900 
1.336900 
1.337200 
1.337400 
1.337900 
1.338400 
1.338900 
1.340200 
1.340600 
1.341500 
1.341700 
1.341900 
1.342200 
1.342300 
1.342400 
1.343100 
1.344000 
1.344400 
1.344600 
1.344800 
1.345000 
1.345300 
1.345400 
1.346400 
1.347000 
1.348100 
1.348400 
1.348500 
1.348600 
1.348900 
1.349100 
1.349200 
1.349600 
1.350500 
1.350500 
1.351000 
1.351500 
1.352200 
1.353700 
1.354100 
1.354400 
1.354500 
1.355300 
1.356000 
1.357600 
1.357800 
1.358000 
1.358500 
1.359100 
1.362300 
1.362300 
1.363300 
1.363600 
1.364300 
1.365300 
1.365600 
1.366700 
1.366800 
1.368300 
1.368400 
1.368600 
1.369500 
1.369900 
1.370600 
1.370800 
1.370900 
1.371300 
1.371700 
1.371800 
1.372300 
1.372800 
1.373600 
1.373800 
1.373800 
1.375600 
1.375900 
1.376800 
1.377100 
1.377600 
1.378000 
1.378100 
1.379000 
1.380400 
1.380400 
1.382200 
1.382300 
1.382500 
1.382700 
1.382800 
1.383100 
1.383300 
1.383600 
1.384700 
1.385100 
1.385900 
1.385900 
1.387300 
1.387400 
1.387600 
1.387700 
1.388500 
1.388600 
1.389200 
1.389700 
1.389700 
1.390100 
1.390100 
1.390800 
1.392400 
1.392800 
1.393200 
1.393600 
1.394100 
1.395600 
1.395700 
1.396200 
1.397000 
1.397600 
1.397600 
1.397900 
1.398700 
1.399400 
1.399500 
1.399800 
1.400400 
1.401600 
1.401600 
1.401900 
1.402500 
1.402700 
1.402900 
1.402900 
1.403800 
1.403900 
1.404200 
1.404700 
1.404800 
1.405300 
1.405800 
1.406500 
1.408000 
1.408700 
1.408800 
1.409800 
1.409900 
1.410400 
1.410500 
1.410600 
1.412000 
1.412200 
1.413500 
1.414000 
1.414400 
1.414900 
1.415400 
1.415600 
1.415700 
1.416300 
1.416400 
1.416800 
1.417300 
1.417700 
1.417800 
1.418000 
1.418300 
1.418600 
1.419000 
1.420500 
1.421500 
1.423000 
1.423300 
1.423300 
1.424100 
1.424200 
1.424700 
1.425300 
1.425900 
1.426700 
1.429000 
1.430700 
1.431300 
1.431400 
1.432000 
1.432300 
1.432400 
1.432500 
1.433100 
1.433300 
1.435000 
1.435100 
1.435400 
1.436100 
1.436600 
1.436700 
1.437000 
1.437700 
1.438000 
1.438500 
1.439000 
1.439200 
1.439600 
1.440000 
1.440500 
1.441000 
1.441000 
1.441500 
1.441800 
1.442700 
1.443000 
1.443000 
1.443100 
1.443200 
1.443400 
1.444400 
1.445100 
1.445200 
1.445400 
1.446000 
1.447100 
1.447200 
1.447300 
1.447600 
1.447800 
1.448500 
1.449300 
1.452100 
1.452600 
1.452700 
1.453200 
1.453200 
1.453500 
1.454000 
1.455400 
1.458900 
1.460800 
1.461600 
1.462300 
1.463600 
1.464400 
1.464800 
1.464800 
1.465100 
1.466100 
1.467100 
1.468300 
1.468500 
1.469100 
1.469600 
1.470800 
1.472000 
1.473000 
1.473700 
1.474600 
1.474600 
1.474700 
1.474900 
1.475100 
1.476300 
1.477200 
1.478400 
1.479000 
1.480100 
1.480600 
1.480700 
1.481400 
1.482000 
1.483100 
1.483100 
1.484000 
1.484100 
1.484400 
1.484600 
1.484800 
1.484900 
1.485100 
1.485400 
1.485900 
1.486100 
1.487400 
1.488300 
1.488600 
1.488800 
1.489000 
1.489200 
1.489800 
1.490200 
1.490400 
1.491600 
1.492100 
1.494000 
1.494500 
1.496300 
1.497100 
1.497100 
1.498000 
1.498200 
1.499000 
1.499500 
1.499800 
1.500500 
1.500900 
1.501000 
1.502500 
1.502800 
1.504800 
1.505200 
1.505400 
1.506300 
1.506500 
1.506700 
1.506900 
1.509400 
1.509400 
1.509400 
1.509600 
1.509800 
1.510200 
1.510400 
1.510600 
1.511300 
1.511400 
1.512500 
1.513200 
1.514200 
1.516300 
1.516500 
1.517000 
1.518100 
1.518200 
1.518900 
1.519400 
1.520800 
1.521200 
1.522000 
1.523000 
1.523100 
1.524100 
1.524400 
1.524500 
1.525500 
1.525700 
1.527100 
1.527800 
1.527800 
1.528100 
1.530500 
1.531000 
1.531300 
1.531900 
1.532400 
1.532900 
1.533300 
1.533400 
1.534200 
1.534400 
1.534400 
1.534600 
1.535200 
1.535400 
1.535900 
1.536000 
1.536500 
1.536600 
1.537100 
1.537100 
1.537200 
1.537300 
1.538900 
1.539100 
1.539900 
1.540800 
1.541300 
1.541800 
1.542400 
1.542500 
1.542800 
1.542900 
1.543300 
1.543400 
1.543900 
1.544300 
1.544500 
1.545400 
1.545500 
1.545900 
1.547000 
1.548000 
1.548200 
1.548500 
1.548600 
1.549100 
1.549500 
1.550000 
1.550400 
1.550800 
1.551600 
1.551700 
1.553200 
1.554400 
1.555000 
1.556000 
1.556200 
1.556300 
1.556700 
1.557100 
1.558000 
1.559400 
1.560500 
1.560600 
1.564800 
1.564800 
1.565000 
1.565000 
1.565300 
1.565400 
1.565500 
1.565600 
1.565800 
1.566000 
1.566800 
1.567000 
1.568600 
1.569000 
1.569500 
1.569600 
1.569700 
1.570600 
1.570800 
1.570800 
1.572000 
1.574700 
1.575000 
1.575300 
1.576300 
1.576500 
1.576800 
1.577200 
1.577200 
1.577700 
1.578000 
1.579300 
1.579900 
1.580100 
1.581400 
1.581600 
1.582200 
1.582400 
1.582900 
1.583400 
1.583700 
1.584300 
1.585400 
1.585900 
1.586700 
1.587500 
1.588200 
1.589600 
1.589800 
1.589900 
1.590300 
1.592600 
1.592700 
1.593200 
1.593400 
1.593900 
1.593900 
1.596700 
1.597500 
1.598200 
1.598200 
1.598300 
1.598500 
1.598500 
1.599900 
1.600800 
1.601700 
1.601700 
1.602000 
1.602100 
1.602400 
1.603000 
1.603100 
1.603700 
1.604100 
1.604900 
1.606200 
1.606200 
1.606500 
1.606900 
1.608600 
1.608800 
1.609600 
1.611900 
1.612200 
1.612400 
1.612500 
1.614000 
1.614200 
1.617200 
1.617900 
1.619400 
1.619800 
1.620400 
1.620800 
1.622100 
1.623400 
1.624600 
1.625700 
1.625900 
1.626500 
1.626900 
1.627700 
1.628000 
1.628200 
1.628600 
1.628700 
1.629000 
1.629500 
1.629600 
1.631000 
1.631100 
1.631300 
1.631700 
1.632200 
1.632300 
1.633500 
1.634300 
1.634500 
1.635200 
1.636300 
1.637500 
1.638000 
1.638300 
1.638700 
1.640400 
1.641100 
1.641400 
1.641900 
1.643100 
1.643200 
1.643500 
1.643600 
1.644000 
1.644900 
1.645100 
1.646900 
1.648000 
1.649000 
1.650100 
1.651700 
1.651800 
1.652700 
1.653000 
1.653600 
1.653700 
1.654000 
1.655800 
1.657100 
1.657500 
1.658100 
1.658800 
1.660800 
1.661500 
1.661800 
1.662600 
1.663600 
1.665000 
1.666900 
1.667200 
1.667900 
1.667900 
1.668500 
1.668500 
1.668900 
1.670700 
1.670800 
1.671700 
1.672000 
1.674000 
1.674600 
1.674800 
1.675100 
1.675300 
1.675500 
1.676600 
1.677000 
1.678800 
1.679500 
1.681100 
1.681500 
1.681600 
1.683600 
1.685200 
1.685500 
1.686400 
1.686800 
1.687500 
1.688600 
1.690200 
1.690400 
1.691200 
1.692600 
1.692900 
1.693800 
1.693800 
1.695100 
1.695500 
1.695900 
1.696200 
1.696600 
1.696900 
1.696900 
1.697000 
1.697200 
1.697300 
1.697600 
1.698300 
1.698500 
1.700200 
1.700200 
1.700300 
1.701000 
1.701300 
1.701900 
1.702000 
1.702900 
1.703200 
1.704400 
1.704700 
1.704700 
1.704800 
1.705400 
1.706900 
1.708600 
1.708900 
1.710200 
1.711700 
1.711700 
1.712600 
1.712800 
1.713700 
1.713900 
1.714100 
1.714200 
1.716300 
1.716400 
1.717300 
1.717700 
1.718400 
1.719900 
1.721300 
1.721300 
1.722800 
1.723000 
1.723600 
1.724900 
1.725900 
1.727200 
1.727700 
1.728400 
1.728700 
1.729300 
1.731200 
1.731200 
1.731500 
1.732200 
1.732200 
1.733200 
1.734000 
1.734200 
1.734200 
1.734200 
1.734300 
1.734900 
1.735000 
1.735500 
1.736700 
1.737300 
1.737400 
1.738600 
1.738800 
1.739500 
1.739900 
1.740100 
1.741800 
1.742800 
1.743100 
1.744300 
1.744700 
1.745100 
1.745400 
1.747200 
1.747200 
1.747300 
1.748300 
1.748300 
1.749100 
1.749100 
1.749600 
1.750200 
1.750600 
1.750700 
1.750800 
1.750800 
1.751000 
1.751000 
1.751400 
1.751500 
1.753700 
1.754100 
1.754200 
1.754400 
1.754800 
1.755400 
1.755500 
1.755600 
1.756000 
1.756900 
1.758600 
1.758700 
1.758800 
1.759000 
1.759600 
1.759900 
1.760100 
1.761300 
1.761700 
1.761800 
1.762500 
1.762700 
1.763300 
1.766100 
1.767000 
1.767100 
1.767300 
1.767900 
1.768600 
1.769100 
1.769800 
1.770100 
1.770700 
1.770800 
1.771400 
1.771700 
1.772500 
1.772500 
1.773100 
1.774500 
1.774700 
1.775600 
1.775700 
1.778100 
1.778200 
1.778300 
1.778400 
1.778600 
1.779100 
1.779800 
1.780100 
1.780600 
1.781500 
1.782300 
1.782900 
1.783000 
1.783900 
1.784000 
1.784300 
1.784700 
1.785900 
1.787900 
1.787900 
1.787900 
1.789400 
1.789500 
1.789700 
1.790800 
1.791800 
1.792000 
1.792300 
1.792400 
1.792700 
1.794000 
1.794100 
1.795200 
1.795800 
1.795900 
1.797500 
1.798300 
1.799100 
1.799400 
1.799700 
1.800000 
1.801200 
1.802300 
1.802800 
1.802800 
1.803600 
1.803700 
1.804300 
1.804900 
1.805700 
1.806700 
1.807500 
1.809500 
1.810200 
1.810200 
1.810500 
1.813300 
1.815000 
1.815500 
1.815800 
1.815900 
1.817100 
1.817300 
1.817400 
1.817700 
1.817900 
1.817900 
1.817900 
1.818100 
1.819600 
1.819600 
1.819900 
1.820000 
1.820900 
1.822300 
1.822400 
1.823900 
1.825500 
1.825700 
1.826200 
1.826900 
1.827200 
1.827900 
1.829000 
1.829700 
1.831100 
1.831800 
1.833300 
1.833600 
1.833700 
1.833900 
1.836000 
1.837300 
1.837900 
1.838200 
1.838800 
1.839300 
1.839400 
1.839500 
1.839600 
1.840400 
1.840500 
1.841200 
1.841900 
1.841900 
1.842400 
1.842900 
1.844000 
1.845000 
1.845500 
1.845600 
1.845900 
1.846100 
1.846200 
1.846200 
1.847200 
1.847500 
1.848000 
1.848900 
1.849200 
1.849300 
1.849800 
1.850600 
1.850700 
1.851300 
1.851300 
1.851400 
1.851600 
1.852800 
1.855000 
1.855400 
1.855500 
1.855600 
1.856000 
1.856300 
1.856900 
1.858000 
1.858300 
1.858400 
1.860400 
1.860700 
1.861500 
1.861500 
1.863100 
1.865500 
1.867200 
1.867700 
1.868700 
1.869600 
1.870100 
1.870300 
1.870500 
1.870800 
1.871100 
1.872400 
1.872500 
1.872500 
1.873000 
1.873300 
1.873300 
1.873500 
1.874400 
1.876400 
1.876500 
1.876800 
1.877600 
1.878300 
1.878400 
1.880500 
1.880900 
1.881500 
1.882000 
1.883100 
1.883900 
1.884400 
1.884600 
1.884700 
1.885000 
1.885700 
1.885700 
1.885800 
1.886400 
1.887000 
1.888500 
1.889000 
1.889700 
1.890500 
1.891200 
1.891700 
1.892900 
1.893400 
1.893500 
1.895300 
1.896400 
1.896400 
1.896700 
1.897800 
1.899800 
1.900200 
1.901400 
1.902000 
1.902700 
1.903200 
1.903900 
1.904200 
1.904300 
1.904500 
1.905200 
1.905200 
1.905300 
1.905900 
1.906200 
1.906700 
1.907800 
1.908000 
1.908100 
1.908800 
1.910400 
1.911000 
1.912000 
1.912100 
1.912500 
1.913000 
1.913300 
1.914100 
1.914300 
1.914400 
1.914600 
1.914600 
1.914800 
1.915400 
1.915500 
1.915900 
1.916500 
1.916900 
1.916900 
1.918700 
1.918700 
1.919100 
1.920400 
1.920700 
1.922200 
1.922600 
1.922700 
1.923000 
1.923400 
1.924700 
1.925000 
1.926800 
1.927600 
1.927900 
1.928000 
1.928300 
1.928900 
1.929200 
1.930500 
1.930900 
1.931100 
1.931900 
1.931900 
1.932200 
1.932200 
1.932200 
1.932500 
1.932800 
1.934100 
1.935100 
1.935700 
1.936200 
1.936300 
1.936900 
1.937900 
1.938600 
1.939000 
1.939900 
1.940300 
1.940800 
1.941300 
1.942900 
1.945000 
1.945700 
1.945900 
1.946400 
1.946600 
1.946700 
1.947600 
1.947700 
1.948900 
1.949200 
1.949400 
1.949600 
1.950200 
1.950300 
1.950800 
1.952000 
1.952100 
1.953700 
1.955200 
1.955600 
1.955700 
1.956300 
1.958000 
1.958700 
1.960300 
1.960500 
1.961400 
1.963000 
1.963700 
1.964300 
1.964700 
1.965100 
1.965400 
1.965600 
1.965600 
1.965900 
1.965900 
1.966000 
1.966100 
1.966400 
1.966800 
1.967400 
1.967600 
1.969300 
1.970400 
1.971300 
1.971900 
1.972100 
1.972800 
1.973300 
1.973700 
1.974500 
1.975400 
1.975700 
1.976300 
1.976800 
1.979000 
1.979700 
1.981000 
1.982000 
1.983300 
1.984400 
1.985500 
1.985700 
1.986600 
1.986800 
1.987100 
1.987500 
1.987500 
1.987500 
1.988200 
1.988600 
1.989000 
1.989100 
1.990300 
1.990800 
1.990900 
1.991100 
1.991900 
1.992300 
1.993200 
1.993700 
1.994100 
1.994300 
1.994500 
1.994800 
1.995500 
1.996500 
1.997300 
2.003000 
2.005100 
2.005600 
2.005700 
2.008000 
2.008200 
2.008400 
2.008800 
2.008900 
2.009500 
2.009800 
2.010400 
2.010600 
2.011600 
2.012200 
2.012400 
2.012800 
2.012800 
2.014100 
2.014400 
2.014800 
2.015400 
2.015500 
2.015600 
2.017000 
2.018200 
2.018500 
2.019800 
2.022300 
2.022600 
2.025700 
2.026000 
2.026800 
2.026900 
2.027800 
2.028000 
2.028300 
2.029400 
2.030600 
2.030800 
2.032500 
2.033100 
2.034900 
2.035300 
2.035600 
2.036500 
2.036600 
2.036800 
2.037900 
2.038000 
2.038900 
2.039600 
2.040300 
2.041700 
2.041800 
2.042200 
2.045700 
2.046200 
2.047200 
2.047800 
2.049100 
2.050300 
2.051100 
2.052000 
2.052600 
2.054100 
2.054400 
2.054600 
2.055100 
2.055500 
2.055800 
2.057500 
2.058300 
2.059700 
2.060500 
2.061600 
2.062300 
2.062500 
2.062700 
2.063600 
2.063900 
2.063900 
2.064700 
2.064800 
2.065100 
2.066300 
2.066400 
2.066800 
2.067200 
2.067300 
2.068400 
2.068500 
2.068800 
2.069600 
2.071500 
2.072500 
2.073800 
2.074600 
2.075800 
2.076400 
2.076500 
2.077400 
2.079000 
2.079500 
2.080000 
2.080100 
2.080200 
2.080400 
2.080600 
2.081600 
2.082400 
2.083800 
2.084200 
2.084300 
2.085400 
2.086300 
2.086800 
2.088200 
2.088400 
2.089000 
2.089000 
2.089800 
2.090700 
2.091100 
2.091300 
2.091400 
2.092400 
2.092800 
2.093900 
2.094000 
2.095100 
2.095200 
2.096300 
2.096500 
2.098000 
2.098200 
2.099300 
2.099400 
2.099700 
2.099900 
2.100100 
2.100300 
2.101700 
2.101700 
2.102100 
2.102200 
2.103100 
2.103500 
2.103600 
2.103700 
2.104100 
2.104400 
2.105100 
2.106200 
2.106800 
2.106900 
2.107300 
2.107300 
2.107800 
2.108700 
2.109100 
2.109500 
2.109800 
2.110300 
2.111000 
2.112700 
2.112900 
2.113100 
2.113100 
2.113900 
2.114000 
2.114200 
2.114900 
2.115000 
2.115200 
2.115500 
2.115800 
2.117000 
2.118000 
2.118100 
2.118100 
2.119400 
2.119700 
2.121000 
2.121900 
2.122000 
2.124200 
2.125800 
2.126200 
2.128900 
2.130300 
2.130600 
2.131500 
2.132500 
2.132500 
2.133600 
2.133700 
2.133800 
2.134200 
2.134400 
2.134700 
2.134800 
2.135400 
2.136100 
2.136300 
2.136800 
2.137400 
2.138400 
2.138800 
2.139900 
2.140000 
2.140000 
2.140100 
2.140200 
2.140300 
2.140300 
2.141300 
2.141300 
2.141700 
2.141900 
2.141900 
2.142300 
2.142700 
2.143100 
2.143700 
2.144100 
2.145100 
2.145300 
2.146300 
2.148900 
2.149800 
2.150100 
2.150200 
2.150700 
2.151300 
2.151400 
2.151700 
2.151700 
2.152000 
2.153100 
2.153300 
2.154600 
2.154700 
2.155400 
2.155600 
2.156300 
2.156800 
2.156900 
2.157200 
2.157200 
2.158900 
2.159300 
2.160200 
2.160400 
2.162300 
2.162400 
2.163800 
2.164700 
2.164800 
2.166600 
2.167200 
2.168100 
2.168500 
2.170000 
2.170200 
2.170800 
2.171100 
2.171200 
2.172900 
2.173000 
2.173100 
2.173600 
2.173800 
2.174000 
2.174400 
2.174900 
2.175100 
2.175900 
2.176000 
2.176500 
2.176600 
2.176800 
2.177900 
2.178300 
2.179400 
2.180300 
2.181000 
2.181800 
2.181900 
2.182200 
2.182500 
2.182500 
2.183500 
2.183900 
2.185700 
2.186200 
2.186500 
2.187100 
2.188500 
2.188500 
2.188800 
2.189600 
2.189600 
2.189600 
2.190800 
2.190900 
2.191000 
2.191200 
2.191400 
2.191900 
2.193400 
2.193400 
2.193900 
2.194700 
2.195100 
2.195200 
2.196200 
2.196800 
2.199200 
2.199900 
2.200900 
2.202200 
2.202400 
2.202900 
2.204100 
2.204500 
2.204600 
2.204700 
2.206200 
2.207400 
2.209100 
2.209500 
2.209900 
2.210900 
2.211500 
2.212500 
2.212600 
2.213000 
2.214500 
2.215800 
2.215800 
2.216300 
2.216500 
2.216500 
2.216500 
2.217300 
2.217500 
2.217800 
2.218000 
2.218100 
2.220200 
2.221100 
2.221800 
2.223300 
2.223500 
2.223800 
2.224000 
2.226400 
2.226400 
2.226400 
2.226700 
2.226800 
2.227200 
2.228600 
2.229500 
2.230400 
2.230700 
2.231300 
2.231300 
2.231300 
2.232100 
2.233400 
2.234100 
2.234200 
2.234300 
2.234400 
2.234800 
2.235500 
2.235800 
2.236000 
2.236100 
2.236500 
2.236900 
2.237700 
2.237800 
2.239800 
2.241100 
2.243000 
2.243000 
2.244300 
2.244400 
2.244800 
2.246300 
2.247300 
2.248400 
2.248700 
2.249200 
2.249600 
2.250300 
2.251700 
2.252100 
2.252300 
2.252700 
2.253800 
2.255400 
2.255400 
2.255500 
2.255700 
2.256600 
2.257400 
2.257500 
2.257700 
2.257800 
2.258500 
2.259100 
2.259600 
2.259700 
2.260800 
2.261100 
2.261800 
2.262400 
2.262400 
2.262500 
2.263200 
2.263500 
2.264100 
2.264100 
2.265200 
2.266400 
2.266800 
2.267200 
2.267300 
2.268400 
2.268500 
2.270000 
2.270400 
2.271400 
2.271600 
2.271700 
2.271900 
2.272700 
2.273200 
2.273200 
2.273500 
2.274000 
2.274500 
2.274500 
2.274500 
2.275500 
2.276500 
2.276500 
2.276500 
2.277600 
2.278500 
2.279600 
2.279600 
2.279800 
2.280000 
2.280200 
2.280600 
2.281500 
2.282400 
2.282500 
2.282900 
2.284100 
2.285200 
2.285900 
2.287700 
2.289200 
2.289800 
2.290100 
2.290200 
2.290600 
2.291000 
2.292000 
2.292300 
2.292800 
2.293200 
2.294200 
2.294700 
2.295100 
2.295700 
2.296100 
2.296200 
2.296500 
2.298700 
2.299100 
2.299200 
2.300900 
2.301600 
2.303000 
2.303300 
2.303700 
2.304500 
2.305200 
2.305300 
2.305300 
2.305800 
2.307500 
2.307800 
2.310400 
2.310400 
2.310900 
2.311200 
2.311200 
2.311200 
2.311500 
2.312200 
2.312800 
2.313500 
2.314000 
2.314300 
2.314900 
2.315700 
2.316800 
2.317300 
2.317500 
2.317900 
2.318100 
2.318200 
2.319400 
2.320900 
2.321400 
2.324300 
2.324500 
2.326200 
2.326300 
2.326300 
2.326400 
2.327100 
2.327100 
2.328000 
2.328600 
2.328700 
2.329600 
2.329600 
2.330400 
2.330500 
2.330700 
2.331100 
2.331200 
2.331800 
2.333100 
2.333300 
2.333300 
2.333700 
2.333900 
2.335000 
2.335500 
2.336900 
2.338000 
2.338500 
2.338600 
2.338600 
2.338900 
2.339200 
2.340500 
2.340800 
2.340900 
2.341000 
2.341200 
2.341400 
2.341800 
2.341800 
2.343200 
2.344800 
2.345100 
2.345200 
2.345200 
2.345800 
2.345800 
2.346200 
2.346800 
2.347800 
2.347900 
2.348400 
2.348700 
2.349300 
2.349300 
2.349400 
2.349500 
2.350100 
2.350300 
2.350600 
2.351400 
2.352700 
2.353400 
2.353400 
2.353600 
2.353600 
2.353900 
2.354000 
2.354300 
2.354400 
2.355400 
2.355900 
2.356700 
2.356800 
2.357200 
2.357900 
2.358000 
2.360300 
2.360600 
2.361900 
2.362600 
2.362700 
2.363100 
2.363500 
2.363500 
2.364000 
2.365100 
2.365200 
2.366400 
2.366900 
2.367200 
2.367500 
2.368900 
2.369000 
2.369000 
2.369400 
2.370200 
2.372900 
2.373200 
2.373400 
2.373900 
2.375200 
2.375700 
2.376600 
2.377500 
2.378700 
2.379700 
2.379800 
2.381600 
2.382600 
2.385200 
2.386600 
2.386800 
2.387200 
2.388000 
2.388800 
2.389600 
2.390000 
2.390000 
2.392200 
2.392300 
2.393100 
2.394500 
2.394600 
2.395200 
2.395300 
2.396800 
2.397800 
2.398600 
2.399600 
2.399600 
2.399600 
2.400300 
2.400700 
2.403300 
2.403500 
2.404300 
2.404300 
2.406300 
2.406700 
2.409800 
2.411100 
2.412400 
2.412700 
2.413900 
2.414200 
2.415200 
2.415600 
2.415700 
2.416200 
2.416500 
2.416700 
2.416900 
2.417300 
2.420600 
2.421200 
2.422000 
2.424500 
2.424700 
2.425200 
2.427400 
2.427400 
2.427500 
2.427500 
2.428400 
2.432800 
2.434400 
2.434500 
2.435000 
2.435200 
2.435500 
2.436100 
2.436600 
2.436600 
2.437100 
2.437100 
2.437300 
2.437400 
2.437700 
2.438100 
2.438300 
2.439000 
2.439100 
2.439100 
2.439200 
2.439800 
2.440200 
2.440300 
2.440300 
2.440300 
2.440900 
2.441500 
2.441500 
2.442100 
2.442300 
2.443400 
2.443400 
2.443800 
2.443800 
2.445100 
2.445400 
2.445500 
2.445800 
2.447000 
2.447400 
2.448400 
2.449400 
2.449900 
2.451500 
2.452300 
2.452500 
2.452700 
2.452700 
2.452900 
2.453500 
2.455600 
2.456400 
2.456600 
2.458000 
2.458200 
2.459900 
2.460800 
2.460900 
2.462100 
2.462600 
2.463100 
2.463500 
2.464100 
2.464400 
2.464400 
2.464600 
2.465500 
2.466500 
2.467200 
2.467600 
2.469400 
2.469400 
2.470100 
2.471000 
2.471600 
2.472000 
2.472100 
2.472400 
2.472700 
2.473200 
2.473600 
2.473800 
2.473900 
2.474100 
2.474800 
2.477000 
2.477600 
2.478800 
2.479700 
2.480200 
2.482500 
2.482700 
2.482700 
2.483800 
2.485400 
2.487100 
2.487300 
2.487500 
2.488000 
2.488100 
2.488300 
2.488300 
2.488700 
2.489600 
2.489600 
2.490300 
2.490400 
2.490600 
2.491400 
2.492000 
2.492100 
2.492400 
2.492400 
2.492900 
2.493100 
2.493400 
2.493900 
2.494000 
2.494300 
2.494900 
2.495300 
2.495600 
2.496000 
2.496300 
2.496500 
2.496500 
2.496800 
2.497400 
2.497800 
2.498500 
2.500100 
2.500200 
2.500600 
2.500900 
2.501000 
2.502200 
2.502700 
2.503800 
2.503900 
2.506400 
2.506900 
2.507600 
2.507800 
2.510400 
2.511400 
2.512000 
2.512400 
2.512800 
2.512900 
2.513900 
2.514000 
2.514700 
2.514700 
2.515800 
2.516200 
2.516400 
2.517000 
2.518400 
2.519200 
2.520700 
2.521500 
2.521600 
2.522300 
2.522500 
2.522800 
2.524000 
2.525100 
2.525100 
2.525400 
2.525900 
2.527200 
2.528900 
2.529100 
2.530100 
2.531100 
2.531500 
2.531600 
2.531700 
2.532100 
2.532900 
2.533000 
2.533300 
2.533800 
2.534100 
2.534500 
2.535000 
2.537600 
2.537700 
2.538500 
2.539000 
2.540600 
2.541400 
2.541800 
2.544100 
2.545100 
2.545400 
2.546400 
2.546500 
2.547600 
2.548800 
2.549100 
2.549500 
2.549600 
2.550000 
2.552100 
2.552200 
2.552400 
2.552500 
2.552800 
2.552800 
2.553700 
2.554500 
2.554800 
2.555100 
2.555100 
2.555900 
2.556000 
2.557000 
2.557700 
2.557900 
2.558100 
2.558400 
2.558700 
2.558900 
2.559400 
2.559800 
2.560200 
2.560400 
2.560500 
2.561300 
2.561500 
2.562600 
2.563800 
2.563800 
2.564000 
2.564000 
2.565800 
2.566700 
2.567700 
2.569000 
2.569400 
2.569600 
2.570000 
2.570000 
2.570400 
2.570900 
2.571200 
2.572700 
2.572900 
2.573100 
2.574100 
2.575000 
2.576000 
2.576000 
2.576200 
2.576800 
2.577500 
2.577800 
2.577800 
2.578100 
2.579300 
2.579400 
2.579400 
2.579500 
2.579700 
2.580200 
2.580500 
2.581700 
2.582000 
2.583200 
2.584700 
2.585000 
2.585200 
2.585300 
2.585400 
2.586600 
2.588300 
2.588300 
2.593100 
2.593700 
2.593800 
2.594900 
2.595900 
2.597000 
2.597400 
2.597800 
2.597800 
2.597800 
2.599200 
2.600100 
2.600800 
2.601300 
2.602400 
2.602800 
2.603700 
2.603900 
2.604900 
2.604900 
2.605400 
2.606300 
2.607400 
2.607400 
2.607700 
2.608600 
2.609300 
2.609600 
2.609700 
2.609700 
2.609900 
2.610000 
2.610200 
2.611100 
2.611800 
2.612300 
2.612800 
2.613300 
2.613800 
2.614800 
2.617300 
2.617700 
2.617700 
2.622500 
2.624200 
2.624500 
2.625500 
2.625900 
2.627100 
2.627100 
2.628200 
2.629400 
2.629500 
2.629600 
2.630500 
2.631500 
2.631500 
2.631700 
2.632400 
2.633300 
2.633900 
2.633900 
2.633900 
2.634000 
2.634100 
2.634800 
2.635000 
2.636400 
2.637000 
2.637500 
2.637800 
2.638300 
2.638500 
2.639100 
2.639300 
2.640500 
2.641000 
2.641500 
2.642300 
2.642500 
2.644300 
2.644400 
2.649200 
2.649700 
2.650700 
2.650700 
2.650700 
2.650700 
2.650900 
2.652600 
2.652600 
2.652900 
2.653300 
2.653900 
2.654400 
2.655400 
2.655600 
2.655600 
2.655800 
2.656500 
2.657200 
2.657200 
2.657300 
2.657400 
2.657600 
2.658400 
2.658500 
2.659100 
2.659100 
2.659800 
2.662200 
2.662700 
2.663200 
2.664000 
2.665100 
2.665200 
2.665600 
2.665900 
2.666300 
2.666400 
2.666900 
2.667300 
2.670000 
2.670600 
2.671200 
2.672600 
2.673400 
2.674000 
2.674300 
2.675500 
2.675800 
2.678200 
2.679000 
2.679700 
2.680200 
2.680300 
2.681000 
2.682200 
2.682800 
2.683300 
2.683500 
2.686600 
2.687700 
2.687800 
2.687900 
2.688000 
2.689000 
2.689700 
2.689900 
2.690500 
2.690500 
2.691300 
2.691800 
2.691900 
2.692600 
2.692800 
2.693300 
2.694100 
2.694300 
2.694500 
2.694600 
2.694700 
2.695700 
2.697800 
2.698000 
2.699000 
2.699900 
2.701200 
2.702300 
2.705200 
2.705700 
2.706100 
2.706500 
2.706700 
2.707100 
2.708200 
2.708600 
2.709400 
2.711300 
2.711300 
2.711400 
2.711700 
2.711800 
2.712200 
2.712200 
2.713000 
2.713400 
2.713800 
2.714100 
2.715800 
2.716700 
2.717400 
2.717900 
2.718400 
2.718700 
2.719000 
2.719200 
2.719300 
2.720100 
2.722000 
2.722300 
2.723700 
2.725900 
2.727800 
2.728000 
2.729100 
2.729800 
2.729900 
2.730200 
2.731300 
2.733100 
2.735200 
2.735200 
2.736000 
2.736300 
2.736700 
2.737200 
2.737700 
2.737900 
2.738200 
2.738500 
2.738900 
2.739800 
2.740100 
2.740300 
2.740900 
2.741300 
2.741600 
2.741800 
2.742100 
2.742700 
2.743300 
2.743500 
2.744300 
2.744500 
2.746600 
2.746600 
2.747300 
2.747600 
2.747900 
2.749100 
2.749500 
2.750000 
2.751400 
2.751600 
2.752500 
2.752600 
2.753900 
2.754100 
2.754900 
2.755600 
2.755600 
2.758500 
2.759300 
2.759600 
2.759800 
2.760000 
2.760000 
2.762300 
2.762900 
2.763300 
2.763300 
2.763700 
2.764900 
2.765100 
2.765100 
2.765600 
2.766000 
2.767200 
2.767800 
2.767900 
2.769100 
2.769400 
2.769500 
2.770500 
2.771400 
2.771400 
2.772800 
2.775100 
2.775400 
2.775400 
2.775900 
2.779600 
2.779800 
2.780200 
2.780300 
2.781100 
2.782400 
2.783500 
2.783700 
2.784600 
2.784600 
2.784800 
2.785200 
2.786200 
2.786400 
2.786700 
2.788100 
2.788100 
2.788800 
2.789100 
2.790000 
2.790500 
2.790700 
2.791600 
2.792100 
2.792500 
2.794100 
2.794300 
2.795000 
2.795600 
2.796700 
2.798000 
2.798100 
2.798500 
2.798700 
2.799300 
2.801700 
2.802800 
2.803000 
2.804100 
2.804200 
2.804600 
2.805600 
2.806300 
2.806300 
2.806300 
2.806800 
2.806900 
2.807100 
2.807500 
2.807700 
2.808200 
2.809800 
2.810700 
2.811000 
2.811900 
2.812000 
2.812400 
2.812600 
2.813000 
2.813200 
2.813600 
2.815700 
2.816300 
2.816300 
2.820100 
2.820900 
2.821100 
2.821400 
2.821700 
2.822300 
2.822400 
2.822700 
2.824000 
2.824300 
2.824500 
2.824800 
2.825400 
2.825800 
2.826500 
2.827000 
2.828300 
2.829200 
2.830300 
2.830600 
2.830700 
2.830900 
2.833000 
2.833700 
2.834200 
2.834300 
2.834400 
2.835000 
2.835100 
2.835600 
2.835700 
2.836000 
2.836100 
2.836100 
2.838200 
2.839200 
2.839700 
2.839700 
2.840000 
2.840500 
2.841000 
2.841800 
2.841800 
2.843300 
2.844000 
2.845400 
2.846100 
2.846700 
2.847500 
2.848600 
2.848700 
2.848900 
2.849400 
2.849700 
2.849700 
2.850000 
2.851500 
2.851600 
2.852300 
2.852900 
2.853400 
2.853700 
2.853800 
2.854500 
2.854800 
2.854800 
2.854900 
2.855600 
2.855600 
2.855700 
2.856400 
2.856700 
2.857000 
2.857900 
2.858900 
2.860000 
2.860100 
2.860200 
2.860700 
2.860700 
2.860800 
2.861200 
2.861600 
2.863000 
2.863000 
2.863200 
2.863400 
2.864700 
2.866600 
2.867300 
2.867500 
2.871900 
2.872900 
2.873700 
2.875500 
2.875900 
2.876000 
2.876300 
2.878100 
2.878400 
2.879400 
2.879500 
2.879800 
2.880500 
2.880700 
2.880800 
2.881000 
2.881300 
2.881300 
2.881500 
2.881700 
2.882200 
2.883000 
2.883400 
2.883800 
2.883900 
2.883900 
2.884500 
2.884600 
2.884600 
2.884600 
2.884700 
2.886400 
2.886700 
2.887500 
2.887900 
2.888400 
2.888800 
2.889700 
2.890000 
2.891300 
2.891400 
2.891600 
2.892900 
2.894000 
2.895800 
2.896100 
2.898300 
2.898700 
2.899300 
2.899900 
2.900000 
2.900100 
2.900200 
2.900700 
2.901400 
2.901500 
2.901800 
2.902200 
2.902300 
2.902500 
2.903400 
2.903400 
2.903600 
2.903700 
2.903800 
2.904100 
2.904700 
2.904800 
2.909400 
2.909500 
2.909700 
2.910100 
2.912500 
2.912600 
2.913000 
2.913300 
2.913600 
2.915000 
2.915300 
2.915900 
2.916400 
2.918400 
2.919700 
2.921700 
2.924400 
2.924400 
2.925000 
2.925600 
2.926800 
2.927400 
2.927500 
2.927600 
2.928100 
2.929300 
2.929700 
2.929900 
2.929900 
2.930200 
2.930300 
2.931400 
2.931500 
2.932200 
2.933300 
2.934300 
2.934400 
2.936000 
2.936300 
2.938000 
2.938200 
2.938800 
2.939100 
2.941000 
2.941000 
2.941700 
2.941900 
2.942000 
2.942200 
2.942300 
2.942700 
2.945000 
2.945900 
2.945900 
2.948300 
2.950500 
2.951600 
2.953000 
2.953700 
2.954000 
2.954100 
2.955600 
2.956000 
2.956300 
2.956800 
2.957200 
2.957400 
2.957500 
2.957700 
2.958200 
2.958400 
2.958700 
2.960100 
2.960900 
2.962100 
2.962900 
2.963300 
2.964000 
2.964200 
2.964400 
2.964500 
2.965400 
2.965800 
2.966400 
2.966800 
2.967400 
2.967900 
2.969300 
2.969400 
2.969500 
2.969600 
2.969700 
2.971300 
2.971400 
2.972200 
2.972400 
2.972700 
2.973100 
2.973600 
2.973700 
2.975100 
2.975200 
2.975200 
2.975400 
2.978400 
2.978800 
2.979900 
2.981200 
2.981300 
2.982100 
2.982300 
2.983000 
2.983500 
2.984300 
2.987700 
2.987900 
2.988600 
2.989100 
2.989500 
2.990400 
2.991100 
2.993000 
2.993800 
2.994100 
2.994600 
2.995800 
2.996500 
2.997400 
2.998900 
2.999500 
