8 
5 
49 
28 
51 
26 
14 
48 
32 
55 
37 
42 
19 
15 
6 
48 
47 
60 
30 
14 
57 
15 
34 
60 
42 
31 
44 
21 
7 
35 
26 
27 
13 
34 
33 
5 
19 
58 
56 
34 
25 
46 
10 
6 
27 
44 
33 
35 
58 
18 
5 
12 
47 
30 
13 
35 
34 
3 
33 
59 
54 
25 
51 
48 
7 
17 
23 
40 
26 
37 
51 
4 
38 
59 
5 
33 
48 
46 
20 
35 
17 
50 
33 
57 
22 
19 
30 
51 
13 
34 
16 
30 
17 
60 
4 
55 
10 
6 
30 
54 
5 
35 
24 
31 
34 
42 
35 
54 
17 
21 
25 
10 
33 
61 
5 
34 
37 
4 
60 
33 
28 
48 
40 
23 
5 
19 
30 
33 
35 
47 
15 
21 
60 
5 
60 
26 
18 
56 
48 
9 
35 
20 
25 
57 
17 
60 
33 
3 
7 
35 
44 
20 
5 
60 
34 
28 
35 
24 
51 
38 
13 
61 
41 
23 
42 
10 
26 
43 
18 
37 
48 
27 
33 
19 
47 
42 
40 
18 
51 
48 
17 
40 
42 
20 
15 
10 
37 
52 
44 
55 
57 
50 
48 
38 
42 
34 
44 
33 
21 
35 
30 
46 
13 
23 
21 
50 
30 
17 
54 
35 
10 
20 
29 
61 
24 
57 
5 
48 
53 
21 
3 
19 
32 
57 
18 
39 
14 
47 
21 
29 
24 
15 
3 
7 
34 
35 
33 
54 
10 
42 
44 
17 
60 
35 
23 
51 
44 
17 
25 
21 
59 
53 
34 
50 
10 
46 
30 
32 
40 
21 
39 
34 
6 
5 
46 
25 
62 
44 
50 
33 
42 
51 
0 
48 
60 
15 
39 
19 
18 
46 
21 
10 
51 
48 
52 
18 
55 
50 
47 
32 
30 
37 
12 
21 
35 
23 
26 
2 
24 
0 
15 
28 
21 
33 
57 
30 
19 
34 
7 
35 
50 
31 
12 
38 
48 
35 
52 
54 
12 
23 
10 
60 
15 
57 
23 
30 
21 
32 
35 
51 
33 
14 
46 
21 
25 
55 
34 
39 
48 
57 
13 
50 
3 
33 
5 
2 
16 
21 
35 
42 
22 
9 
40 
8 
33 
1 
18 
16 
28 
30 
24 
19 
33 
51 
54 
10 
35 
40 
21 
37 
35 
34 
39 
23 
42 
18 
57 
33 
35 
19 
12 
48 
37 
60 
3 
14 
27 
43 
40 
18 
39 
44 
42 
16 
57 
54 
58 
35 
9 
25 
14 
23 
48 
42 
34 
60 
31 
30 
3 
24 
14 
52 
35 
33 
44 
46 
10 
37 
20 
60 
22 
3 
28 
35 
50 
52 
25 
33 
7 
21 
55 
19 
25 
43 
20 
37 
60 
5 
22 
16 
57 
7 
33 
40 
42 
10 
47 
11 
57 
34 
51 
52 
44 
26 
30 
17 
32 
5 
33 
53 
57 
60 
49 
3 
38 
5 
21 
30 
51 
41 
32 
57 
46 
51 
47 
57 
48 
54 
35 
36 
52 
39 
6 
5 
12 
15 
10 
30 
35 
55 
14 
51 
2 
57 
25 
47 
33 
24 
52 
43 
33 
18 
35 
51 
17 
61 
30 
34 
23 
19 
35 
48 
29 
25 
24 
6 
13 
10 
0 
12 
51 
54 
17 
55 
33 
5 
25 
34 
15 
35 
48 
19 
8 
30 
14 
18 
5 
35 
37 
14 
30 
3 
6 
38 
5 
57 
24 
51 
48 
7 
21 
19 
40 
57 
47 
38 
35 
14 
10 
26 
30 
2 
14 
34 
6 
44 
23 
48 
42 
4 
1 
39 
54 
59 
57 
17 
30 
29 
53 
56 
15 
51 
47 
52 
5 
19 
54 
33 
35 
17 
29 
37 
10 
28 
3 
21 
56 
55 
34 
17 
40 
35 
24 
53 
57 
61 
20 
59 
21 
60 
52 
42 
48 
10 
30 
9 
40 
27 
44 
14 
17 
42 
30 
53 
56 
50 
8 
23 
24 
46 
49 
6 
33 
10 
30 
54 
48 
29 
37 
12 
27 
21 
35 
7 
55 
51 
38 
44 
33 
57 
23 
27 
52 
26 
10 
21 
13 
57 
15 
19 
8 
48 
20 
39 
30 
60 
35 
44 
46 
23 
33 
57 
17 
15 
5 
59 
34 
14 
30 
21 
54 
12 
42 
35 
49 
46 
51 
48 
22 
7 
1 
18 
55 
51 
49 
57 
17 
30 
29 
38 
23 
39 
34 
21 
35 
33 
5 
46 
15 
59 
17 
19 
24 
47 
59 
54 
35 
25 
26 
48 
62 
32 
39 
14 
60 
41 
44 
21 
30 
57 
10 
61 
59 
52 
34 
33 
51 
35 
40 
55 
58 
9 
48 
30 
60 
57 
21 
5 
23 
24 
14 
48 
35 
54 
47 
56 
17 
60 
29 
24 
30 
39 
50 
21 
5 
40 
43 
10 
48 
42 
34 
31 
17 
51 
21 
4 
33 
15 
57 
28 
14 
29 
20 
19 
33 
25 
30 
22 
6 
5 
46 
48 
35 
21 
37 
23 
31 
53 
33 
51 
52 
27 
21 
35 
19 
10 
3 
42 
13 
34 
41 
47 
60 
37 
57 
17 
10 
35 
5 
46 
29 
34 
33 
30 
13 
19 
51 
28 
25 
52 
24 
10 
57 
35 
15 
58 
3 
21 
34 
33 
29 
55 
18 
48 
60 
10 
42 
37 
29 
43 
40 
24 
33 
57 
50 
26 
48 
21 
54 
61 
50 
19 
5 
15 
51 
55 
52 
21 
53 
60 
7 
6 
21 
35 
44 
61 
11 
33 
57 
28 
5 
12 
40 
24 
34 
47 
52 
56 
30 
43 
57 
20 
51 
59 
35 
21 
48 
14 
33 
24 
57 
27 
35 
51 
12 
43 
25 
17 
24 
33 
54 
21 
12 
48 
61 
33 
10 
19 
37 
51 
34 
13 
46 
48 
59 
55 
32 
30 
4 
0 
10 
52 
25 
33 
53 
3 
31 
37 
24 
55 
57 
60 
52 
25 
9 
15 
56 
21 
34 
48 
35 
44 
60 
37 
19 
15 
50 
39 
55 
25 
21 
29 
3 
33 
47 
24 
60 
41 
44 
27 
40 
34 
57 
46 
19 
15 
