0.018900 
0.026400 
0.026900 
0.028200 
0.032700 
0.034400 
0.036700 
0.038700 
0.047700 
0.050400 
0.052400 
0.052600 
0.053700 
0.054200 
0.055500 
0.055800 
0.059500 
0.060300 
0.062600 
0.065000 
0.066000 
0.069700 
0.070400 
0.073900 
0.081500 
0.082800 
0.083800 
0.094700 
0.096800 
0.099200 
0.100400 
0.101100 
0.103300 
0.104400 
0.105100 
0.111900 
0.113800 
0.113800 
0.117300 
0.119200 
0.119400 
0.120700 
0.121000 
0.121800 
0.123000 
0.127200 
0.132800 
0.137500 
0.139000 
0.142700 
0.143200 
0.144200 
0.151000 
0.154500 
0.162700 
0.164900 
0.172800 
0.174100 
0.175500 
0.178600 
0.180000 
0.184900 
0.197700 
0.205900 
0.206900 
0.208600 
0.215400 
0.215900 
0.217700 
0.218300 
0.223700 
0.225000 
0.225900 
0.229100 
0.229500 
0.230900 
0.233400 
0.238400 
0.238900 
0.239500 
0.242200 
0.252000 
0.252500 
0.253900 
0.255100 
0.256800 
0.258500 
0.259900 
0.261200 
0.270000 
0.271100 
0.275500 
0.278200 
0.288200 
0.294900 
0.297400 
0.300800 
0.301100 
0.302900 
0.303700 
0.304700 
0.305200 
0.305600 
0.306800 
0.309600 
0.311400 
0.311600 
0.315600 
0.325700 
0.336800 
0.340100 
0.341500 
0.353400 
0.360100 
0.360500 
0.362700 
0.366800 
0.380100 
0.381900 
0.388000 
0.389100 
0.390900 
0.394900 
0.399600 
0.400000 
0.402800 
0.406400 
0.408200 
0.411600 
0.421300 
0.421400 
0.424700 
0.432900 
0.436100 
0.436600 
0.440600 
0.445300 
0.449000 
0.451800 
0.452900 
0.453500 
0.453800 
0.461600 
0.464700 
0.464900 
0.466300 
0.468100 
0.468200 
0.474200 
0.475000 
0.479100 
0.480300 
0.488600 
0.490300 
0.493700 
0.499300 
0.500500 
0.502600 
0.506200 
0.509300 
0.517600 
0.523800 
0.529600 
0.530500 
0.531500 
0.539000 
0.539300 
0.539600 
0.545200 
0.546300 
0.553000 
0.567900 
0.577300 
0.577700 
0.581300 
0.585000 
0.586000 
0.586100 
0.586400 
0.591600 
0.592500 
0.597700 
0.598100 
0.606700 
0.606800 
0.609700 
0.617100 
0.617200 
0.629100 
0.635200 
0.637000 
0.644700 
0.650900 
0.653700 
0.655100 
0.655500 
0.666100 
0.666100 
0.668500 
0.669500 
0.671400 
0.676600 
0.680300 
0.687700 
0.697400 
0.700100 
0.709100 
0.715500 
0.728300 
0.729600 
0.735400 
0.736500 
0.742600 
0.742800 
0.743200 
0.747100 
0.747200 
0.748600 
0.749800 
0.753100 
0.759700 
0.759800 
0.766100 
0.769700 
0.774800 
0.776500 
0.777700 
0.782900 
0.787500 
0.792100 
0.796300 
0.796400 
0.803800 
0.806500 
0.810000 
0.827800 
0.828800 
0.829600 
0.830300 
0.833200 
0.839800 
0.841700 
0.842000 
0.856800 
0.856800 
0.858600 
0.859200 
0.869800 
0.877700 
0.884700 
0.884900 
0.886600 
0.888200 
0.891600 
0.894200 
0.894500 
0.895000 
0.909400 
0.917300 
0.918800 
0.921200 
0.922100 
0.923100 
0.926700 
0.926900 
0.933100 
0.933800 
0.934700 
0.938900 
0.941600 
0.942800 
0.943100 
0.955100 
0.959300 
0.966500 
0.967100 
0.967800 
0.972300 
0.973200 
0.976300 
0.980400 
0.981500 
0.994300 
0.996900 
0.997400 
0.997800 
0.999200 
1.010300 
1.014400 
1.019900 
1.025600 
1.026200 
1.029700 
1.036500 
1.046900 
1.057800 
1.065700 
1.070600 
1.070800 
1.071400 
1.071800 
1.077700 
1.083400 
1.084800 
1.085200 
1.088400 
1.094000 
1.094400 
1.095500 
1.095800 
1.096500 
1.105100 
1.116700 
1.117300 
1.122500 
1.125000 
1.131100 
1.133300 
1.134100 
1.134700 
1.138500 
1.143500 
1.146900 
1.148800 
1.153800 
1.155500 
1.157600 
1.162200 
1.163000 
1.164200 
1.164600 
1.165300 
1.176100 
1.179900 
1.183000 
1.184300 
1.188100 
1.189900 
1.190200 
1.193700 
1.201100 
1.203800 
1.205600 
1.208200 
1.210800 
1.216900 
1.220500 
1.220700 
1.221000 
1.222800 
1.223400 
1.232400 
1.238300 
1.243300 
1.244000 
1.247600 
1.249400 
1.257300 
1.258200 
1.259200 
1.264000 
1.269100 
1.273200 
1.275800 
1.281400 
1.283700 
1.288400 
1.293000 
1.296000 
1.296200 
1.297300 
1.297400 
1.298400 
1.314500 
1.315200 
1.319400 
1.321000 
1.321300 
1.323400 
1.323500 
1.331300 
1.334000 
1.341600 
1.346400 
1.346500 
1.348500 
1.349200 
1.349200 
1.350700 
1.357900 
1.361200 
1.361500 
1.362100 
1.366000 
1.367000 
1.367900 
1.372500 
1.373300 
1.376900 
1.383200 
1.385000 
1.388500 
1.389900 
1.391000 
1.393900 
1.395300 
1.395900 
1.401300 
1.402600 
1.414400 
1.417800 
1.418900 
1.419300 
1.423900 
1.431400 
1.435600 
1.435900 
1.440000 
1.440400 
1.447100 
1.448200 
1.456000 
1.461500 
1.464000 
1.474000 
1.477700 
1.478400 
1.482200 
1.495000 
1.495400 
1.496100 
1.496800 
1.501500 
1.502700 
1.502700 
1.509700 
1.512000 
1.525400 
1.526400 
1.528100 
1.530900 
1.532900 
1.535800 
1.535800 
1.543200 
1.543500 
1.543600 
1.545800 
1.549700 
1.552100 
1.553200 
1.555900 
1.556300 
1.563000 
1.564100 
1.568100 
1.576800 
1.577200 
1.578300 
1.581600 
1.587400 
1.592100 
1.599300 
1.599600 
1.600200 
1.601400 
1.605100 
1.606500 
1.613200 
1.613700 
1.619200 
1.623600 
1.624800 
1.625300 
1.629200 
1.634100 
1.650500 
1.652900 
1.653500 
1.654300 
1.655400 
1.658400 
1.662800 
1.670300 
1.670400 
1.680000 
1.682800 
1.684000 
1.684100 
1.685900 
1.695800 
1.703000 
1.703800 
1.704200 
1.704200 
1.709400 
1.718000 
1.722500 
1.726600 
1.726800 
1.727100 
1.729200 
1.734900 
1.736400 
1.738200 
1.740200 
1.754500 
1.757700 
1.761600 
1.767000 
1.768300 
1.772400 
1.776100 
1.778300 
1.783400 
1.783600 
1.784600 
1.785900 
1.786400 
1.791700 
1.792100 
1.796100 
1.796700 
1.801500 
1.802500 
1.803400 
1.805100 
1.805700 
1.806100 
1.808100 
1.819200 
1.822700 
1.825200 
1.828200 
1.839000 
1.841500 
1.843100 
1.843200 
1.848300 
1.849200 
1.849300 
1.851100 
1.854900 
1.857400 
1.860300 
1.862400 
1.873800 
1.874300 
1.878200 
1.878800 
1.885200 
1.886900 
1.887200 
1.888800 
1.903600 
1.904700 
1.905500 
1.908200 
1.908200 
1.910500 
1.911100 
1.914300 
1.914900 
1.915000 
1.916500 
1.924400 
1.935400 
1.937900 
1.944600 
1.947600 
1.950500 
1.951800 
1.954100 
1.958900 
1.960200 
1.974300 
1.979600 
1.980200 
1.983400 
1.984700 
1.986100 
1.986800 
1.990900 
1.991300 
1.996400 
2.002300 
2.006300 
2.008600 
2.014200 
2.015000 
2.034100 
2.036900 
2.037200 
2.064500 
2.066200 
2.071200 
2.072500 
2.083200 
2.098000 
2.102900 
2.105900 
2.106000 
2.106700 
2.108500 
2.118300 
2.120800 
2.126600 
2.129500 
2.131400 
2.134500 
2.137800 
2.138400 
2.138400 
2.140800 
2.145400 
2.146900 
2.148900 
2.154900 
2.158700 
2.158700 
2.161400 
2.161700 
2.165300 
2.167100 
2.172200 
2.175600 
2.179300 
2.185100 
2.188000 
2.198000 
2.198700 
2.199900 
2.201200 
2.201400 
2.202900 
2.203200 
2.212700 
2.218700 
2.222800 
2.224100 
2.224500 
2.230600 
2.238700 
2.238700 
2.240000 
2.254600 
2.256200 
2.257300 
2.257500 
2.261800 
2.263200 
2.266600 
2.266600 
2.266700 
2.267600 
2.271700 
2.274700 
2.279200 
2.289300 
2.290200 
2.292300 
2.298000 
2.302500 
2.303300 
2.306300 
2.307700 
2.309100 
2.312100 
2.312900 
2.313600 
2.317700 
2.318200 
2.326900 
2.334200 
2.336100 
2.344600 
2.346000 
2.347400 
2.350000 
2.358000 
2.359000 
2.364500 
2.371200 
2.381900 
2.388300 
2.389600 
2.389600 
2.400000 
2.400300 
2.401900 
2.406400 
2.409500 
2.416600 
2.419100 
2.421600 
2.423500 
2.425500 
2.425600 
2.425800 
2.426500 
2.429300 
2.434700 
2.437900 
2.440200 
2.447800 
2.448900 
2.449500 
2.453000 
2.453400 
2.456700 
2.457300 
2.457900 
2.461700 
2.462000 
2.462600 
2.469800 
2.472200 
2.486200 
2.489300 
2.498500 
2.501300 
2.508700 
2.514000 
2.514300 
2.515700 
2.515800 
2.521900 
2.526900 
2.527100 
2.527600 
2.529700 
2.532300 
2.534200 
2.541200 
2.543900 
2.546900 
2.550400 
2.557000 
2.557900 
2.558200 
2.558900 
2.561100 
2.562200 
2.562700 
2.566200 
2.568400 
2.568400 
2.570000 
2.575600 
2.579900 
2.581200 
2.584400 
2.584600 
2.594200 
2.596300 
2.600200 
2.603200 
2.607500 
2.609000 
2.612100 
2.614000 
2.615800 
2.618800 
2.624800 
2.628600 
2.629000 
2.629000 
2.629900 
2.631900 
2.648700 
2.648800 
2.651000 
2.653000 
2.653800 
2.656600 
2.662600 
2.664600 
2.668000 
2.673900 
2.674500 
2.684200 
2.685300 
2.690400 
2.692300 
2.694000 
2.696500 
2.699800 
2.700600 
2.701900 
2.702500 
2.702500 
2.703700 
2.705400 
2.709400 
2.710000 
2.711500 
2.712200 
2.715200 
2.716000 
2.724200 
2.731800 
2.733700 
2.737800 
2.738500 
2.745000 
2.749800 
2.753100 
2.753400 
2.759400 
2.762300 
2.763300 
2.763700 
2.774000 
2.774500 
2.783100 
2.790400 
2.791800 
2.794600 
2.799400 
2.800100 
2.800500 
2.806200 
2.807400 
2.817900 
2.818000 
2.818800 
2.826900 
2.831800 
2.832400 
2.833500 
2.834500 
2.845500 
2.847000 
2.849000 
2.853700 
2.854900 
2.858400 
2.864500 
2.866100 
2.880700 
2.880700 
2.884000 
2.884600 
2.886000 
2.887400 
2.887700 
2.889300 
2.897700 
2.902100 
2.905700 
2.906600 
2.909500 
2.915700 
2.918500 
2.920200 
2.921400 
2.924200 
2.924400 
2.925800 
2.927800 
2.932500 
2.937700 
2.943900 
2.948800 
2.951400 
2.951600 
2.953800 
2.960600 
2.961500 
2.962900 
2.963000 
2.963800 
2.966900 
2.967200 
2.970100 
2.981500 
2.985400 
2.988600 
2.990400 
2.990700 
2.992600 
2.995600 
