0.021000 
0.021400 
0.022600 
0.022700 
0.023800 
0.024700 
0.025300 
0.025900 
0.026600 
0.027400 
0.027400 
0.027600 
0.027800 
0.027900 
0.028300 
0.028500 
0.030200 
0.030500 
0.030900 
0.031000 
0.031300 
0.031600 
0.032000 
0.032600 
0.032700 
0.033200 
0.033500 
0.034000 
0.034400 
0.035500 
0.035500 
0.035700 
0.036100 
0.036500 
0.036500 
0.036600 
0.036700 
0.037800 
0.038200 
0.038400 
0.039100 
0.039200 
0.039700 
0.040000 
0.040000 
0.040500 
0.041100 
0.041100 
0.041200 
0.041400 
0.041700 
0.042500 
0.043200 
0.044000 
0.044400 
0.044600 
0.045000 
0.045200 
0.045200 
0.045200 
0.045400 
0.045500 
0.046700 
0.047700 
0.047900 
0.048100 
0.048400 
0.049000 
0.049200 
0.050100 
0.051600 
0.052500 
0.052600 
0.053100 
0.053200 
0.053200 
0.053700 
0.054100 
0.054100 
0.054200 
0.054500 
0.054600 
0.054600 
0.055000 
0.055100 
0.055800 
0.055800 
0.056100 
0.056100 
0.056300 
0.057100 
0.057300 
0.057500 
0.057700 
0.058300 
0.059000 
0.059200 
0.059500 
0.059900 
0.060000 
0.060300 
0.061300 
0.061300 
0.061900 
0.062000 
0.063100 
0.063300 
0.063500 
0.063500 
0.063800 
0.064300 
0.064600 
0.064800 
0.065500 
0.065700 
0.066000 
0.066000 
0.067000 
0.067200 
0.069300 
0.069500 
0.071500 
0.071600 
0.071800 
0.072300 
0.072400 
0.072400 
0.072500 
0.074600 
0.075100 
0.075800 
0.076300 
0.076400 
0.077000 
0.077100 
0.078000 
0.078000 
0.078000 
0.078100 
0.078400 
0.078700 
0.079200 
0.079600 
0.079600 
0.079600 
0.079700 
0.080900 
0.081000 
0.081200 
0.081200 
0.081300 
0.081400 
0.081800 
0.081900 
0.081900 
0.082300 
0.083500 
0.083700 
0.083800 
0.084100 
0.084900 
0.087900 
0.088200 
0.088600 
0.088800 
0.088800 
0.091100 
0.091300 
0.092400 
0.092800 
0.093100 
0.093400 
0.093500 
0.094000 
0.094500 
0.094600 
0.094800 
0.095500 
0.096000 
0.096300 
0.096300 
0.096900 
0.096900 
0.097800 
0.098100 
0.098400 
0.098600 
0.099200 
0.099400 
0.100300 
0.101300 
0.101300 
0.102300 
0.102700 
0.102800 
0.103700 
0.105200 
0.105700 
0.106400 
0.106600 
0.106600 
0.107300 
0.108000 
0.108200 
0.108300 
0.109000 
0.109000 
0.109100 
0.109700 
0.110400 
0.110500 
0.110800 
0.111000 
0.111800 
0.112500 
0.114000 
0.114800 
0.114900 
0.115100 
0.116000 
0.116400 
0.117900 
0.118500 
0.118600 
0.118800 
0.118900 
0.120700 
0.121200 
0.121500 
0.123300 
0.123600 
0.123600 
0.123700 
0.123800 
0.124600 
0.124600 
0.124900 
0.125000 
0.125600 
0.127200 
0.127800 
0.128100 
0.128300 
0.128700 
0.128800 
0.130000 
0.130100 
0.130400 
0.130800 
0.130900 
0.131500 
0.132100 
0.132800 
0.133000 
0.135300 
0.137000 
0.137300 
0.137700 
0.137900 
0.138000 
0.139100 
0.139300 
0.140900 
0.141000 
0.141100 
0.141400 
0.142100 
0.142500 
0.142600 
0.142800 
0.143000 
0.144000 
0.144200 
0.145300 
0.145700 
0.145900 
0.145900 
0.146500 
0.147300 
0.147400 
0.147500 
0.147700 
0.147700 
0.148500 
0.149700 
0.149800 
0.151500 
0.151800 
0.153700 
0.154500 
0.154800 
0.155100 
0.155200 
0.155200 
0.155200 
0.155500 
0.156000 
0.157300 
0.157400 
0.157600 
0.159200 
0.160000 
0.160400 
0.160500 
0.161900 
0.162500 
0.162600 
0.163000 
0.163600 
0.163700 
0.164300 
0.167000 
0.168300 
0.168800 
0.169500 
0.170200 
0.170300 
0.170700 
0.171000 
0.171800 
0.172300 
0.173300 
0.174200 
0.174200 
0.174300 
0.174300 
0.174900 
0.175000 
0.175400 
0.175800 
0.176200 
0.176400 
0.176900 
0.177000 
0.178100 
0.178100 
0.179000 
0.179000 
0.179200 
0.179200 
0.179300 
0.179500 
0.180800 
0.183300 
0.184600 
0.184600 
0.185700 
0.186700 
0.187300 
0.187400 
0.187500 
0.187500 
0.188200 
0.188800 
0.189300 
0.190000 
0.191100 
0.191100 
0.191300 
0.191300 
0.192000 
0.192400 
0.192600 
0.193500 
0.193600 
0.193600 
0.194100 
0.196800 
0.197100 
0.198100 
0.198500 
0.199800 
0.200100 
0.200600 
0.200600 
0.201300 
0.201800 
0.201900 
0.202700 
0.203100 
0.203300 
0.204500 
0.205200 
0.205500 
0.205500 
0.205800 
0.206000 
0.206100 
0.206100 
0.206700 
0.206900 
0.207500 
0.207800 
0.208800 
0.208900 
0.209700 
0.210000 
0.210400 
0.212100 
0.212500 
0.213800 
0.214100 
0.214300 
0.214600 
0.216000 
0.216000 
0.216000 
0.216500 
0.217200 
0.218200 
0.218700 
0.218900 
0.219100 
0.219600 
0.219700 
0.220000 
0.220200 
0.222300 
0.222500 
0.222800 
0.223400 
0.224100 
0.224400 
0.225300 
0.226300 
0.227500 
0.227800 
0.228200 
0.228200 
0.229600 
0.229600 
0.229900 
0.230200 
0.230600 
0.231100 
0.231800 
0.232000 
0.232200 
0.233300 
0.233900 
0.234000 
0.234100 
0.234700 
0.235200 
0.235400 
0.238300 
0.238900 
0.239000 
0.239200 
0.240300 
0.240400 
0.240500 
0.240600 
0.241900 
0.243800 
0.243900 
0.244300 
0.244900 
0.244900 
0.245600 
0.245700 
0.245700 
0.246400 
0.246400 
0.246700 
0.246900 
0.247200 
0.247600 
0.248600 
0.249100 
0.249300 
0.249400 
0.249500 
0.250100 
0.253000 
0.253500 
0.254800 
0.255200 
0.256000 
0.256300 
0.258300 
0.258600 
0.258700 
0.259500 
0.260000 
0.260200 
0.262300 
0.263800 
0.264000 
0.265000 
0.265300 
0.265900 
0.266700 
0.267100 
0.267200 
0.268300 
0.270200 
0.271000 
0.271900 
0.271900 
0.272300 
0.272900 
0.273100 
0.273200 
0.274200 
0.274200 
0.274800 
0.276000 
0.276100 
0.277000 
0.277200 
0.277500 
0.278400 
0.278400 
0.278400 
0.279100 
0.279600 
0.279900 
0.281000 
0.281100 
0.281900 
0.282800 
0.284300 
0.284900 
0.285100 
0.285500 
0.285500 
0.285600 
0.286000 
0.286300 
0.286600 
0.287300 
0.288600 
0.288900 
0.289200 
0.289600 
0.289800 
0.291100 
0.291300 
0.292100 
0.292900 
0.293100 
0.293600 
0.293600 
0.294000 
0.294000 
0.296500 
0.297300 
0.297500 
0.297600 
0.298600 
0.299600 
0.299800 
0.300000 
0.300000 
0.300500 
0.300800 
0.300900 
0.301100 
0.301300 
0.301600 
0.302300 
0.302800 
0.303300 
0.303500 
0.304000 
0.304200 
0.304500 
0.305400 
0.305600 
0.305700 
0.306000 
0.306200 
0.306600 
0.306900 
0.307700 
0.308200 
0.308300 
0.308400 
0.308500 
0.309100 
0.309200 
0.309300 
0.309500 
0.309700 
0.309800 
0.310900 
0.311900 
0.312000 
0.312600 
0.312700 
0.312900 
0.313400 
0.313700 
0.313900 
0.314100 
0.314600 
0.314700 
0.314700 
0.314700 
0.314900 
0.315100 
0.315800 
0.316200 
0.316200 
0.316400 
0.317600 
0.317700 
0.317900 
0.318000 
0.318100 
0.318300 
0.318500 
0.318600 
0.318700 
0.319000 
0.319600 
0.319700 
0.319800 
0.320100 
0.320900 
0.321000 
0.321600 
0.322000 
0.322000 
0.322900 
0.323400 
0.323600 
0.323700 
0.324500 
0.324800 
0.325100 
0.327200 
0.327300 
0.327800 
0.328000 
0.328900 
0.329000 
0.329200 
0.329300 
0.329500 
0.329600 
0.329700 
0.330100 
0.330600 
0.330600 
0.331100 
0.331500 
0.331600 
0.331800 
0.331900 
0.332100 
0.332300 
0.332600 
0.332700 
0.333800 
0.334400 
0.334900 
0.335600 
0.335800 
0.336500 
0.337900 
0.338100 
0.339200 
0.339200 
0.340000 
0.340700 
0.341900 
0.342700 
0.342800 
0.343800 
0.344000 
0.345300 
0.345700 
0.345700 
0.346500 
0.346900 
0.347000 
0.347600 
0.348200 
0.348800 
0.349100 
0.349200 
0.349500 
0.349900 
0.351100 
0.351200 
0.351500 
0.351800 
0.352000 
0.352000 
0.352800 
0.352900 
0.353000 
0.353000 
0.353500 
0.353500 
0.354100 
0.354400 
0.355700 
0.356200 
0.356300 
0.356600 
0.356600 
0.357600 
0.359600 
0.361000 
0.362300 
0.362400 
0.362800 
0.363000 
0.363200 
0.364000 
0.364800 
0.365200 
0.365600 
0.366200 
0.366500 
0.367000 
0.367600 
0.368000 
0.370300 
0.371100 
0.371600 
0.371800 
0.371800 
0.372800 
0.373800 
0.373900 
0.374300 
0.374300 
0.374900 
0.375500 
0.376200 
0.376300 
0.377000 
0.377000 
0.378000 
0.378000 
0.378000 
0.378200 
0.378800 
0.380000 
0.380100 
0.380400 
0.380700 
0.380900 
0.381200 
0.381700 
0.381900 
0.382100 
0.382100 
0.382600 
0.383500 
0.384000 
0.384100 
0.384100 
0.384200 
0.384600 
0.384700 
0.384700 
0.384900 
0.385200 
0.385600 
0.385800 
0.386200 
0.386400 
0.387100 
0.387700 
0.388000 
0.388100 
0.389100 
0.390500 
0.390900 
0.391500 
0.392100 
0.392700 
0.393000 
0.393500 
0.393600 
0.394000 
0.394400 
0.395100 
0.395300 
0.396500 
0.397200 
0.397900 
0.398200 
0.398700 
0.398700 
0.398900 
0.399400 
0.399400 
0.400000 
0.400200 
0.400600 
0.401900 
0.401900 
0.402000 
0.402000 
0.402400 
0.402800 
0.403400 
0.403700 
0.404200 
0.404400 
0.404500 
0.404900 
0.405000 
0.405300 
0.406000 
0.406200 
0.406200 
0.406300 
0.406600 
0.407100 
0.407900 
0.407900 
0.408000 
0.408200 
0.408300 
0.408700 
0.410400 
0.411100 
0.411600 
0.412100 
0.412200 
0.412300 
0.412300 
0.412800 
0.413700 
0.413700 
0.414200 
0.415600 
0.416100 
0.418600 
0.419000 
0.419200 
0.420700 
0.421200 
0.421300 
0.421700 
0.421800 
0.421900 
0.423000 
0.423800 
0.424500 
0.425300 
0.425700 
0.425800 
0.426200 
0.426400 
0.427000 
0.427900 
0.428800 
0.430400 
0.430900 
0.431100 
0.431700 
0.431900 
0.432600 
0.433200 
0.433800 
0.435400 
0.435700 
0.436000 
0.436400 
0.436800 
0.437100 
0.437300 
0.438200 
0.439200 
0.439500 
0.439600 
0.439700 
0.441500 
0.441500 
0.441600 
0.441600 
0.442800 
0.444800 
0.444800 
0.445900 
0.446800 
0.447500 
0.447800 
0.447900 
0.448200 
0.448500 
0.448600 
0.449900 
0.450600 
0.450700 
0.452600 
0.452700 
0.453000 
0.453300 
0.453400 
0.453600 
0.454200 
0.454900 
0.457600 
0.457800 
0.458100 
0.458400 
0.459100 
0.459700 
0.460100 
0.460200 
0.460500 
0.460900 
0.461200 
0.461400 
0.461600 
0.462600 
0.463400 
0.463800 
0.464000 
0.464100 
0.464600 
0.465400 
0.465700 
0.465900 
0.465900 
0.466000 
0.466400 
0.467700 
0.468500 
0.468600 
0.468800 
0.469300 
0.469500 
0.471400 
0.473000 
0.473200 
0.474600 
0.475300 
0.475700 
0.476400 
0.476800 
0.476900 
0.477000 
0.479000 
0.479300 
0.479300 
0.480000 
0.480000 
0.480700 
0.480900 
0.483500 
0.483600 
0.485800 
0.486000 
0.486900 
0.487100 
0.487200 
0.487300 
0.487700 
0.488400 
0.489600 
0.490300 
0.490500 
0.490700 
0.491000 
0.493300 
0.493400 
0.493700 
0.493800 
0.494100 
0.494400 
0.495800 
0.496400 
0.496700 
0.496900 
0.497800 
0.498300 
0.499300 
0.499900 
0.501300 
0.501800 
0.501900 
0.502000 
0.503600 
0.503900 
0.505500 
0.506000 
0.506000 
0.506500 
0.506600 
0.506600 
0.507700 
0.509200 
0.509400 
0.509700 
0.509900 
0.510000 
0.510500 
0.510800 
0.511000 
0.511400 
0.512200 
0.512900 
0.513600 
0.513700 
0.513700 
0.514900 
0.516500 
0.516800 
0.516900 
0.517000 
0.517300 
0.517500 
0.517900 
0.518000 
0.518000 
0.518100 
0.518600 
0.519400 
0.520200 
0.520400 
0.521500 
0.522200 
0.523300 
0.523800 
0.524600 
0.524700 
0.525100 
0.525200 
0.525200 
0.526300 
0.526700 
0.526900 
0.527700 
0.528500 
0.529600 
0.531600 
0.533000 
0.533200 
0.533200 
0.533200 
0.534100 
0.535000 
0.535100 
0.535600 
0.536500 
0.537000 
0.538400 
0.538500 
0.539500 
0.539800 
0.540100 
0.540600 
0.541600 
0.541900 
0.542800 
0.544200 
0.544300 
0.545300 
0.545400 
0.545600 
0.545600 
0.546300 
0.546300 
0.546300 
0.546500 
0.546600 
0.548000 
0.548500 
0.548500 
0.548700 
0.549000 
0.549000 
0.549300 
0.550900 
0.550900 
0.552000 
0.552900 
0.552900 
0.552900 
0.553300 
0.553400 
0.553600 
0.553800 
0.554500 
0.555300 
0.555600 
0.556000 
0.557000 
0.557800 
0.558100 
0.558300 
0.558800 
0.559100 
0.559400 
0.559800 
0.560100 
0.560600 
0.560700 
0.560900 
0.561300 
0.561400 
0.561600 
0.561700 
0.562500 
0.562800 
0.564200 
0.564200 
0.564400 
0.565000 
0.565300 
0.566700 
0.567200 
0.568100 
0.568800 
0.568900 
0.569200 
0.569900 
0.569900 
0.570600 
0.571400 
0.572600 
0.572700 
0.573300 
0.573800 
0.574200 
0.574400 
0.574800 
0.576500 
0.576800 
0.577400 
0.577500 
0.578100 
0.578700 
0.579200 
0.579900 
0.580100 
0.580700 
0.580700 
0.581100 
0.581500 
0.582400 
0.583800 
0.583900 
0.583900 
0.584100 
0.584200 
0.584700 
0.584800 
0.585300 
0.586000 
0.586300 
0.586700 
0.587600 
0.587600 
0.588900 
0.589000 
0.589000 
0.589100 
0.589500 
0.590100 
0.590600 
0.591800 
0.592800 
0.593200 
0.593300 
0.594400 
0.596300 
0.596500 
0.597700 
0.598000 
0.598100 
0.598100 
0.598800 
0.598900 
0.600200 
0.602300 
0.602900 
0.602900 
0.603200 
0.604400 
0.604700 
0.605800 
0.605900 
0.607000 
0.609500 
0.609600 
0.610500 
0.610500 
0.610900 
0.611200 
0.611300 
0.611700 
0.612200 
0.612300 
0.612400 
0.612500 
0.612900 
0.613800 
0.614900 
0.615600 
0.616200 
0.617700 
0.618400 
0.619200 
0.619300 
0.619900 
0.620300 
0.620700 
0.620900 
0.621900 
0.622200 
0.623500 
0.624400 
0.626700 
0.627000 
0.628000 
0.628600 
0.628700 
0.629100 
0.629200 
0.629400 
0.631300 
0.631400 
0.631600 
0.631800 
0.632000 
0.632400 
0.633300 
0.633600 
0.633700 
0.634000 
0.634100 
0.634400 
0.634700 
0.635000 
0.635200 
0.636000 
0.636100 
0.636300 
0.636700 
0.637400 
0.637400 
0.637500 
0.638700 
0.638700 
0.639000 
0.639300 
0.639400 
0.640200 
0.641400 
0.641600 
0.641700 
0.642000 
0.642500 
0.643200 
0.643500 
0.643500 
0.645300 
0.645300 
0.645600 
0.646500 
0.648700 
0.649300 
0.649300 
0.649900 
0.650000 
0.650300 
0.650600 
0.650600 
0.650800 
0.650800 
0.651700 
0.652100 
0.653500 
0.653700 
0.653800 
0.654300 
0.655100 
0.655200 
0.655300 
0.655500 
0.656900 
0.657000 
0.657500 
0.658100 
0.658900 
0.659300 
0.659400 
0.659500 
0.659700 
0.660200 
0.660200 
0.660500 
0.660600 
0.661300 
0.661900 
0.664100 
0.665200 
0.667300 
0.667400 
0.668400 
0.669100 
0.669200 
0.670000 
0.670000 
0.670000 
0.670100 
0.670900 
0.671100 
0.672400 
0.672700 
0.673500 
0.674800 
0.675800 
0.675900 
0.676300 
0.676400 
0.676500 
0.676900 
0.677900 
0.678400 
0.680000 
0.680600 
0.681100 
0.681300 
0.681300 
0.681400 
0.681700 
0.682100 
0.682400 
0.683000 
0.683000 
0.683200 
0.683500 
0.684000 
0.684000 
0.684400 
0.684600 
0.685300 
0.685800 
0.685800 
0.685900 
0.687100 
0.687400 
0.687700 
0.688000 
0.688100 
0.688400 
0.688500 
0.689000 
0.689000 
0.689600 
0.689700 
0.689800 
0.689900 
0.690100 
0.690400 
0.690500 
0.691500 
0.692100 
0.692200 
0.692400 
0.693400 
0.693900 
0.694000 
0.694400 
0.695000 
0.695300 
0.695500 
0.695600 
0.695800 
0.696700 
0.696900 
0.697200 
0.697200 
0.697500 
0.697600 
0.698400 
0.698500 
0.699000 
0.699100 
0.699500 
0.699600 
0.699700 
0.700800 
0.700900 
0.701000 
0.701000 
0.701100 
0.701200 
0.701700 
0.702000 
0.702300 
0.703300 
0.704400 
0.704600 
0.704900 
0.705900 
0.707900 
0.708000 
0.708200 
0.709000 
0.709300 
0.709700 
0.710500 
0.710700 
0.710800 
0.712500 
0.712700 
0.713400 
0.715400 
0.716400 
0.717500 
0.718100 
0.718200 
0.718300 
0.718500 
0.719900 
0.720200 
0.720400 
0.720500 
0.721100 
0.721200 
0.721600 
0.721700 
0.722100 
0.722100 
0.723200 
0.723400 
0.723600 
0.723800 
0.724500 
0.725500 
0.725500 
0.725900 
0.726300 
0.727200 
0.727400 
0.727700 
0.727900 
0.728600 
0.729000 
0.730000 
0.730300 
0.730300 
0.732600 
0.734600 
0.734600 
0.736200 
0.736700 
0.736800 
0.737600 
0.738000 
0.738000 
0.739200 
0.739200 
0.740000 
0.740500 
0.740800 
0.740800 
0.741000 
0.741100 
0.741200 
0.742400 
0.743500 
0.743800 
0.744300 
0.745000 
0.745200 
0.745200 
0.745300 
0.745800 
0.745900 
0.746100 
0.746800 
0.747900 
0.748300 
0.749000 
0.749100 
0.749300 
0.751700 
0.751900 
0.752400 
0.753400 
0.753800 
0.754200 
0.754600 
0.754600 
0.755200 
0.755200 
0.755400 
0.756300 
0.756500 
0.756600 
0.756700 
0.757000 
0.757800 
0.757900 
0.759500 
0.759600 
0.759900 
0.760100 
0.761500 
0.761800 
0.762300 
0.762900 
0.763000 
0.763100 
0.764600 
0.765300 
0.765300 
0.765900 
0.766500 
0.767700 
0.767900 
0.768100 
0.768300 
0.769000 
0.769000 
0.769700 
0.771800 
0.771900 
0.773200 
0.773400 
0.773800 
0.774100 
0.774600 
0.774700 
0.774700 
0.775000 
0.775400 
0.775600 
0.776300 
0.776600 
0.776800 
0.780300 
0.781000 
0.782000 
0.783200 
0.783400 
0.786000 
0.786900 
0.787300 
0.787400 
0.787700 
0.788400 
0.788500 
0.788500 
0.788800 
0.789200 
0.789800 
0.790300 
0.790800 
0.793000 
0.793200 
0.793300 
0.793600 
0.793900 
0.794800 
0.795200 
0.795400 
0.796100 
0.797700 
0.798200 
0.799100 
0.799500 
0.800900 
0.801500 
0.802100 
0.802200 
0.802500 
0.802500 
0.803000 
0.803400 
0.804600 
0.805100 
0.805300 
0.805300 
0.806200 
0.806300 
0.806800 
0.807300 
0.809500 
0.809900 
0.810200 
0.810200 
0.811000 
0.811600 
0.812100 
0.812400 
0.812500 
0.812600 
0.813000 
0.813400 
0.813900 
0.814900 
0.815600 
0.815700 
0.815800 
0.816100 
0.816400 
0.817300 
0.817400 
0.817800 
0.818200 
0.818600 
0.819500 
0.820600 
0.820700 
0.820900 
0.820900 
0.821900 
0.822000 
0.822200 
0.822600 
0.822800 
0.823300 
0.824200 
0.824300 
0.824400 
0.824600 
0.824600 
0.824800 
0.825100 
0.825700 
0.826000 
0.826000 
0.826400 
0.826700 
0.826800 
0.827200 
0.827500 
0.827700 
0.827900 
0.828200 
0.828300 
0.828500 
0.828500 
0.828900 
0.828900 
0.829700 
0.830500 
0.830600 
0.831600 
0.831700 
0.831800 
0.832400 
0.832900 
0.832900 
0.833500 
0.834200 
0.834500 
0.834600 
0.835900 
0.836200 
0.836400 
0.837100 
0.837300 
0.837800 
0.837800 
0.838700 
0.838800 
0.839300 
0.839500 
0.839600 
0.839700 
0.840200 
0.840500 
0.840600 
0.841300 
0.841400 
0.841500 
0.841500 
0.841700 
0.841900 
0.843400 
0.843400 
0.843900 
0.843900 
0.844200 
0.845100 
0.846500 
0.846700 
0.847100 
0.847500 
0.847600 
0.848700 
0.848700 
0.848900 
0.849800 
0.850200 
0.851200 
0.852600 
0.854000 
0.854100 
0.854500 
0.854800 
0.855000 
0.858900 
0.859700 
0.859800 
0.860800 
0.860900 
0.862600 
0.862600 
0.863300 
0.863400 
0.864500 
0.864700 
0.865800 
0.865900 
0.866300 
0.866500 
0.867300 
0.867900 
0.871000 
0.871200 
0.871800 
0.872300 
0.872300 
0.872600 
0.874000 
0.874600 
0.874700 
0.874800 
0.876400 
0.876600 
0.876700 
0.877300 
0.878100 
0.878100 
0.878100 
0.878400 
0.878600 
0.878700 
0.878900 
0.880000 
0.880200 
0.880300 
0.880600 
0.881100 
0.881600 
0.882100 
0.882700 
0.882700 
0.883000 
0.883200 
0.883300 
0.884100 
0.884300 
0.884800 
0.885300 
0.886000 
0.886200 
0.886600 
0.887400 
0.887600 
0.887700 
0.887800 
0.887900 
0.888800 
0.891900 
0.892000 
0.892300 
0.892700 
0.893400 
0.894500 
0.894600 
0.894800 
0.894800 
0.895600 
0.895800 
0.895900 
0.896000 
0.896500 
0.896800 
0.898200 
0.898700 
0.898900 
0.899500 
0.899800 
0.900300 
0.900300 
0.900800 
0.901000 
0.901100 
0.901500 
0.901600 
0.902100 
0.902500 
0.903000 
0.903000 
0.903200 
0.903200 
0.903600 
0.903900 
0.904600 
0.905900 
0.906100 
0.906200 
0.906700 
0.906700 
0.908300 
0.908900 
0.909000 
0.909200 
0.910700 
0.911000 
0.911100 
0.911200 
0.911400 
0.911600 
0.911900 
0.912400 
0.912400 
0.912700 
0.913300 
0.913300 
0.914000 
0.914500 
0.916200 
0.916300 
0.916900 
0.918300 
0.918500 
0.918700 
0.919200 
0.919800 
0.920000 
0.920600 
0.921200 
0.921200 
0.921300 
0.922000 
0.922600 
0.923100 
0.923900 
0.924400 
0.924700 
0.924700 
0.925500 
0.926300 
0.926600 
0.926800 
0.927000 
0.927000 
0.927200 
0.927800 
0.927900 
0.927900 
0.928300 
0.928800 
0.929000 
0.929300 
0.930000 
0.930000 
0.931700 
0.932800 
0.933500 
0.933600 
0.934100 
0.934700 
0.935800 
0.936700 
0.937600 
0.938000 
0.938100 
0.938300 
0.938400 
0.939300 
0.939500 
0.940400 
0.940600 
0.940800 
0.940900 
0.941100 
0.941500 
0.941600 
0.941600 
0.941900 
0.941900 
0.941900 
0.942500 
0.942600 
0.942700 
0.942900 
0.943400 
0.944700 
0.944700 
0.945000 
0.945400 
0.945600 
0.945900 
0.946000 
0.946300 
0.946600 
0.947000 
0.947400 
0.947800 
0.948600 
0.949100 
0.951100 
0.952000 
0.952100 
0.953100 
0.953400 
0.953500 
0.954200 
0.954600 
0.955600 
0.956300 
0.956400 
0.956400 
0.956900 
0.957900 
0.958600 
0.959500 
0.959800 
0.960100 
0.960100 
0.960200 
0.960400 
0.960900 
0.961200 
0.961400 
0.961500 
0.961500 
0.961600 
0.961600 
0.962000 
0.962200 
0.963600 
0.964200 
0.965400 
0.966100 
0.966400 
0.967400 
0.967400 
0.967800 
0.968600 
0.969400 
0.969500 
0.970200 
0.970900 
0.971100 
0.971200 
0.972200 
0.972200 
0.972600 
0.972800 
0.972900 
0.972900 
0.973400 
0.974700 
0.975100 
0.975400 
0.975500 
0.975600 
0.976800 
0.977100 
0.977400 
0.978200 
0.978400 
0.978800 
0.979300 
0.979600 
0.979700 
0.979700 
0.980600 
0.982100 
0.982400 
0.982500 
0.982900 
0.983000 
0.983100 
0.983100 
0.983600 
0.983900 
0.985500 
0.985800 
0.985800 
0.985900 
0.986600 
0.986800 
0.987000 
0.987100 
0.988000 
0.989000 
0.989600 
0.989600 
0.989700 
0.990200 
0.990400 
0.990700 
0.993100 
0.994000 
0.994500 
0.994600 
0.994900 
0.995000 
0.995100 
0.996000 
0.996100 
0.996200 
0.996500 
0.996700 
0.996700 
0.996900 
0.997300 
0.997600 
0.998100 
0.998300 
0.998500 
0.998600 
0.998600 
0.999300 
0.999600 
0.999900 
1.000100 
1.000600 
1.001300 
1.001400 
1.001700 
1.002000 
1.002200 
1.002600 
1.003400 
1.003600 
1.004400 
1.004600 
1.005100 
1.005200 
1.005600 
1.006600 
1.007800 
1.008100 
1.008900 
1.009000 
1.009500 
1.009800 
1.009900 
1.010200 
1.010700 
1.010800 
1.011000 
1.011600 
1.013000 
1.013300 
1.017000 
1.018400 
1.020600 
1.022100 
1.023000 
1.023000 
1.023600 
1.024500 
1.025000 
1.025000 
1.025600 
1.026100 
1.026200 
1.026500 
1.026700 
1.026900 
1.027300 
1.027300 
1.027400 
1.027400 
1.027500 
1.028200 
1.028200 
1.028900 
1.028900 
1.029700 
1.030000 
1.030000 
1.030500 
1.031800 
1.031800 
1.032000 
1.032100 
1.033000 
1.033100 
1.033300 
1.033500 
1.034800 
1.034800 
1.035000 
1.035200 
1.036300 
1.037300 
1.037800 
1.039000 
1.039000 
1.039400 
1.039900 
1.041100 
1.042300 
1.042800 
1.042800 
1.043200 
1.043600 
1.044500 
1.045900 
1.046000 
1.047000 
1.047300 
1.047500 
1.047900 
1.048800 
1.049100 
1.049300 
1.050200 
1.051500 
1.051800 
1.052000 
1.052000 
1.052200 
1.053200 
1.053600 
1.053600 
1.053900 
1.054200 
1.054300 
1.054700 
1.055000 
1.055400 
1.055700 
1.055900 
1.056500 
1.056600 
1.057200 
1.058100 
1.060000 
1.060000 
1.061700 
1.062500 
1.063000 
1.064800 
1.065400 
1.065500 
1.067200 
1.068000 
1.068500 
1.069500 
1.070300 
1.070400 
1.070700 
1.071300 
1.071400 
1.073100 
1.073600 
1.074300 
1.077200 
1.078100 
1.078300 
1.078700 
1.078800 
1.079100 
1.079600 
1.079700 
1.080100 
1.080500 
1.080800 
1.081200 
1.082000 
1.082600 
1.083500 
1.084000 
1.084100 
1.084800 
1.085400 
1.085400 
1.085900 
1.085900 
1.086200 
1.086300 
1.086400 
1.086400 
1.086500 
1.086800 
1.086800 
1.087200 
1.087300 
1.087400 
1.087400 
1.087600 
1.087800 
1.087800 
1.089500 
1.089800 
1.089800 
1.089900 
1.091400 
1.092900 
1.093100 
1.094000 
1.094100 
1.094400 
1.094700 
1.095600 
1.097900 
1.098500 
1.098800 
1.099100 
1.100400 
1.101000 
1.101100 
1.102600 
1.104000 
1.104100 
1.105200 
1.105900 
1.105900 
1.106400 
1.106500 
1.106900 
1.107100 
1.107300 
1.108500 
1.108700 
1.109900 
1.110000 
1.110400 
1.110800 
1.110800 
1.111000 
1.112100 
1.112700 
1.113500 
1.115000 
1.115100 
1.115500 
1.116800 
1.118000 
1.118400 
1.121000 
1.121700 
1.122000 
1.122600 
1.122600 
1.122700 
1.123100 
1.123200 
1.123800 
1.124200 
1.124400 
1.125200 
1.125400 
1.125400 
1.125500 
1.125900 
1.126000 
1.126000 
1.126400 
1.126700 
1.127500 
1.128300 
1.128500 
1.130500 
1.130600 
1.131500 
1.132200 
1.133400 
1.133600 
1.135200 
1.136600 
1.137600 
1.139700 
1.141400 
1.142100 
1.142100 
1.142700 
1.143700 
1.144000 
1.144600 
1.145800 
1.146300 
1.146500 
1.146500 
1.147500 
1.147600 
1.147800 
1.148200 
1.148400 
1.150400 
1.150900 
1.151000 
1.151700 
1.151800 
1.151900 
1.152100 
1.152700 
1.153100 
1.153500 
1.154400 
1.154800 
1.154900 
1.156400 
1.156600 
1.156700 
1.157100 
1.157300 
1.158100 
1.158400 
1.158600 
1.159400 
1.159900 
1.160100 
1.160500 
1.161100 
1.163800 
1.164100 
1.164600 
1.165000 
1.165200 
1.165300 
1.165700 
1.166100 
1.166700 
1.167400 
1.168000 
1.168000 
1.168400 
1.169000 
1.169700 
1.169900 
1.170000 
1.170100 
1.170300 
1.170500 
1.170900 
1.171800 
1.171900 
1.172000 
1.172200 
1.172700 
1.173000 
1.173100 
1.173100 
1.173500 
1.174300 
1.175600 
1.175800 
1.175900 
1.176300 
1.176600 
1.177400 
1.179100 
1.179100 
1.179300 
1.180400 
1.180600 
1.180600 
1.181500 
1.182800 
1.186000 
1.186400 
1.187200 
1.188700 
1.189800 
1.190500 
1.191100 
1.191200 
1.191500 
1.192000 
1.192800 
1.192900 
1.193100 
1.193200 
1.194700 
1.195000 
1.195300 
1.195400 
1.195400 
1.195800 
1.196000 
1.196200 
1.196400 
1.196500 
1.198300 
1.198300 
1.198300 
1.198900 
1.199300 
1.199500 
1.201300 
1.201400 
1.201400 
1.201800 
1.202400 
1.202500 
1.203100 
1.203400 
1.203600 
1.203600 
1.204200 
1.204400 
1.204600 
1.204600 
1.205300 
1.205600 
1.206300 
1.206300 
1.206800 
1.207000 
1.208000 
1.209000 
1.209400 
1.209600 
1.210200 
1.210400 
1.210500 
1.210900 
1.211100 
1.213600 
1.214500 
1.215400 
1.215900 
1.216800 
1.217000 
1.217300 
1.217800 
1.217900 
1.218200 
1.218200 
1.218300 
1.218800 
1.218800 
1.219100 
1.219400 
1.219600 
1.219700 
1.219700 
1.220100 
1.220300 
1.220300 
1.220800 
1.221100 
1.221500 
1.221900 
1.223800 
1.225700 
1.226100 
1.226800 
1.226800 
1.227300 
1.227800 
1.228100 
1.229200 
1.230200 
1.230500 
1.230900 
1.231400 
1.231500 
1.233700 
1.234100 
1.234500 
1.235400 
1.237100 
1.237300 
1.237800 
1.237800 
1.237900 
1.238000 
1.238500 
1.239300 
1.239500 
1.239600 
1.239900 
1.239900 
1.240900 
1.241900 
1.242100 
1.242200 
1.242200 
1.242300 
1.244200 
1.244500 
1.245600 
1.246600 
1.246800 
1.246900 
1.247300 
1.247800 
1.250000 
1.250200 
1.251100 
1.251100 
1.251200 
1.251300 
1.252100 
1.252500 
1.252500 
1.252800 
1.253000 
1.254800 
1.255100 
1.255100 
1.255400 
1.255600 
1.255900 
1.256900 
1.257700 
1.257900 
1.258900 
1.259300 
1.260000 
1.260600 
1.260800 
1.261400 
1.261500 
1.261900 
1.263400 
1.264400 
1.264500 
1.265300 
1.266000 
1.267900 
1.268500 
1.268600 
1.268700 
1.269100 
1.269600 
1.269800 
1.269900 
1.270100 
1.271400 
1.273100 
1.273500 
1.274200 
1.274700 
1.275100 
1.275600 
1.276100 
1.276400 
1.276700 
1.277200 
1.277400 
1.277500 
1.277900 
1.278100 
1.278200 
1.278600 
1.279100 
1.279100 
1.279700 
1.279700 
1.282500 
1.282900 
1.285000 
1.285700 
1.285800 
1.286100 
1.286500 
1.286600 
1.286800 
1.287500 
1.288700 
1.289800 
1.290000 
1.291000 
1.292200 
1.292700 
1.293400 
1.293400 
1.293700 
1.293800 
1.293900 
1.294000 
1.294200 
1.294500 
1.295200 
1.295600 
1.295700 
1.296100 
1.296200 
1.296300 
1.296300 
1.296600 
1.296700 
1.296800 
1.297300 
1.297300 
1.297500 
1.297600 
1.297700 
1.297900 
1.299500 
1.299600 
1.300000 
1.300200 
1.301500 
1.302700 
1.303100 
1.303200 
1.303500 
1.303600 
1.304100 
1.304400 
1.304600 
1.305600 
1.305700 
1.306300 
1.306500 
1.307100 
1.307100 
1.307600 
1.307900 
1.308400 
1.309200 
1.309200 
1.309600 
1.311000 
1.311400 
1.311700 
1.312000 
1.312200 
1.314300 
1.314500 
1.314800 
1.315300 
1.316400 
1.316700 
1.316900 
1.316900 
1.318400 
1.319400 
1.319500 
1.319800 
1.320500 
1.320800 
1.322400 
1.322800 
1.325600 
1.326100 
1.327000 
1.327200 
1.327500 
1.327700 
1.328200 
1.329300 
1.329700 
1.330300 
1.330400 
1.330600 
1.330900 
1.330900 
1.331000 
1.331500 
1.333300 
1.333400 
1.334600 
1.335900 
1.336600 
1.336800 
1.339600 
1.340600 
1.341100 
1.341500 
1.342300 
1.342400 
1.342600 
1.342800 
1.343400 
1.344400 
1.344400 
1.344900 
1.344900 
1.345100 
1.345200 
1.346000 
1.347800 
1.348000 
1.348100 
1.348600 
1.348800 
1.349000 
1.349600 
1.350000 
1.350400 
1.350500 
1.350600 
1.350700 
1.351900 
1.352200 
1.353600 
1.354700 
1.354900 
1.355100 
1.355400 
1.356000 
1.356200 
1.357800 
1.357800 
1.357800 
1.358500 
1.358600 
1.359200 
1.359300 
1.359400 
1.361300 
1.361600 
1.361900 
1.362300 
1.362700 
1.362800 
1.363600 
1.363600 
1.365000 
1.365000 
1.366200 
1.367000 
1.367000 
1.367500 
1.368500 
1.368500 
1.368700 
1.368800 
1.369200 
1.370000 
1.370100 
1.370400 
1.370500 
1.370600 
1.370900 
1.371400 
1.371500 
1.372000 
1.372300 
1.372500 
1.373500 
1.373600 
1.374100 
1.375600 
1.376400 
1.376600 
1.378100 
1.378200 
1.378400 
1.378500 
1.378500 
1.379500 
1.380300 
1.380800 
1.382000 
1.382300 
1.382800 
1.382900 
1.383100 
1.383500 
1.384000 
1.384100 
1.384700 
1.385200 
1.385200 
1.385900 
1.386700 
1.387300 
1.387700 
1.388000 
1.388100 
1.388300 
1.388900 
1.390000 
1.390000 
1.391000 
1.391400 
1.391400 
1.392200 
1.392300 
1.392300 
1.392600 
1.392700 
1.392800 
1.393300 
1.393400 
1.393500 
1.394100 
1.394200 
1.394600 
1.394800 
1.395100 
1.395500 
1.395800 
1.397400 
1.397400 
1.397700 
1.398200 
1.398700 
1.399200 
1.400300 
1.401700 
1.401900 
1.402300 
1.403600 
1.403700 
1.403800 
1.403900 
1.404000 
1.404300 
1.404700 
1.405300 
1.405400 
1.406600 
1.408300 
1.408500 
1.408500 
1.409100 
1.409700 
1.410100 
1.410500 
1.411400 
1.411400 
1.412100 
1.412300 
1.412600 
1.414600 
1.414900 
1.415900 
1.416300 
1.416300 
1.416500 
1.416900 
1.417300 
1.417600 
1.417600 
1.417900 
1.417900 
1.418100 
1.418200 
1.419200 
1.419800 
1.421800 
1.421900 
1.422900 
1.423300 
1.423400 
1.424100 
1.424100 
1.424400 
1.425000 
1.426000 
1.426300 
1.426400 
1.426500 
1.426600 
1.426900 
1.427000 
1.430200 
1.430300 
1.430900 
1.430900 
1.431100 
1.431100 
1.432200 
1.432300 
1.432500 
1.433000 
1.433400 
1.433600 
1.434200 
1.434500 
1.435000 
1.435700 
1.435900 
1.436000 
1.436100 
1.436300 
1.437000 
1.437400 
1.438100 
1.438500 
1.439200 
1.439600 
1.440100 
1.440400 
1.440500 
1.440900 
1.441100 
1.441300 
1.442700 
1.443800 
1.444700 
1.445300 
1.445700 
1.445900 
1.447500 
1.447500 
1.447800 
1.448200 
1.448300 
1.450400 
1.452100 
1.452300 
1.452700 
1.453100 
1.453700 
1.455800 
1.455900 
1.456300 
1.458700 
1.458900 
1.459700 
1.459800 
1.460900 
1.462500 
1.464700 
1.464900 
1.466100 
1.466200 
1.467200 
1.468700 
1.469200 
1.470100 
1.470900 
1.471200 
1.472200 
1.473100 
1.473900 
1.474400 
1.474400 
1.474700 
1.474700 
1.476900 
1.477200 
1.477500 
1.477700 
1.478400 
1.478400 
1.479400 
1.479800 
1.480000 
1.480500 
1.480500 
1.480600 
1.480600 
1.481300 
1.482000 
1.482700 
1.483200 
1.483300 
1.483600 
1.484300 
1.484500 
1.484600 
1.485000 
1.485100 
1.485300 
1.485400 
1.485500 
1.486500 
1.486800 
1.488100 
1.488400 
1.488700 
1.488800 
1.489000 
1.489800 
1.490300 
1.490400 
1.490600 
1.490700 
1.493400 
1.495200 
1.496400 
1.496500 
1.497200 
1.497400 
1.497800 
1.497800 
1.498200 
1.498700 
1.499000 
1.499100 
1.499600 
1.499900 
1.500100 
1.502100 
1.502600 
1.503700 
1.504100 
1.504900 
1.504900 
1.505100 
1.506500 
1.506600 
1.507500 
1.509000 
1.509700 
1.509700 
1.509800 
1.510300 
1.510400 
1.510900 
1.511500 
1.512600 
1.512600 
1.513300 
1.514400 
1.514600 
1.515700 
1.516600 
1.517100 
1.517900 
1.518200 
1.518400 
1.518400 
1.518700 
1.520200 
1.520700 
1.521900 
1.522200 
1.522400 
1.523200 
1.524100 
1.524500 
1.524800 
1.525200 
1.525500 
1.526200 
1.526400 
1.527500 
1.527900 
1.529500 
1.529600 
1.529900 
1.530600 
1.531200 
1.531200 
1.533300 
1.534000 
1.534100 
1.535200 
1.535400 
1.535400 
1.535400 
1.535500 
1.535500 
1.536400 
1.537000 
1.537100 
1.537300 
1.537600 
1.539500 
1.540900 
1.541300 
1.541300 
1.541600 
1.541600 
1.542700 
1.543400 
1.543500 
1.543800 
1.544300 
1.544500 
1.545800 
1.546400 
1.547300 
1.547500 
1.548400 
1.549200 
1.549400 
1.549900 
1.550400 
1.550500 
1.551100 
1.551100 
1.551200 
1.551400 
1.551700 
1.551900 
1.552900 
1.554400 
1.554700 
1.554900 
1.555300 
1.555900 
1.556300 
1.556500 
1.557500 
1.557900 
1.557900 
1.558200 
1.558800 
1.559400 
1.560500 
1.560900 
1.561400 
1.562100 
1.562200 
1.563300 
1.563700 
1.563900 
1.564800 
1.565100 
1.565100 
1.565100 
1.565500 
1.565600 
1.565800 
1.566200 
1.566200 
1.566600 
1.567300 
1.567800 
1.568600 
1.568700 
1.568800 
1.569200 
1.569300 
1.569800 
1.569900 
1.570700 
1.571100 
1.571700 
1.572000 
1.574600 
1.574900 
1.575000 
1.576200 
1.576300 
1.576300 
1.577100 
1.578800 
1.579800 
1.580000 
1.580400 
1.580400 
1.581200 
1.581500 
1.582100 
1.582400 
1.582600 
1.583800 
1.583900 
1.584100 
1.584600 
1.584700 
1.585300 
1.585500 
1.585600 
1.585900 
1.588500 
1.589400 
1.589800 
1.590000 
1.590800 
1.591600 
1.592200 
1.592400 
1.592900 
1.593000 
1.593300 
1.595100 
1.597600 
1.597900 
1.598000 
1.598500 
1.599100 
1.599800 
1.600500 
1.600700 
1.601400 
1.601600 
1.601800 
1.602100 
1.602900 
1.603800 
1.604000 
1.605100 
1.605200 
1.605400 
1.605800 
1.606100 
1.606600 
1.607600 
1.608000 
1.608500 
1.608800 
1.609000 
1.609200 
1.610800 
1.611300 
1.612200 
1.612400 
1.612900 
1.613700 
1.614400 
1.614400 
1.614400 
1.614500 
1.615200 
1.617800 
1.618200 
1.618400 
1.618800 
1.619600 
1.619700 
1.620700 
1.621900 
1.621900 
1.622200 
1.622300 
1.623400 
1.624100 
1.624400 
1.624600 
1.624700 
1.625100 
1.625700 
1.625700 
1.626300 
1.626900 
1.627300 
1.627400 
1.628200 
1.628300 
1.628400 
1.628600 
1.629200 
1.629300 
1.629800 
1.630000 
1.630100 
1.630700 
1.630700 
1.630800 
1.632100 
1.632500 
1.632900 
1.633900 
1.634800 
1.635200 
1.635400 
1.635800 
1.636100 
1.636400 
1.636600 
1.636900 
1.637500 
1.637700 
1.637700 
1.638000 
1.638500 
1.640500 
1.640500 
1.641800 
1.641900 
1.642100 
1.642400 
1.642800 
1.643300 
1.643700 
1.643900 
1.644400 
1.644700 
1.644800 
1.645100 
1.646500 
1.646700 
1.647000 
1.648000 
1.650600 
1.651100 
1.651200 
1.651700 
1.651900 
1.651900 
1.653000 
1.653300 
1.655600 
1.656000 
1.657100 
1.657200 
1.657900 
1.658000 
1.659100 
1.660100 
1.660900 
1.661200 
1.661300 
1.661600 
1.662600 
1.662900 
1.663000 
1.663600 
1.664400 
1.665300 
1.666400 
1.666600 
1.667100 
1.667400 
1.667700 
1.667800 
1.667900 
1.667900 
1.668300 
1.670000 
1.671100 
1.671600 
1.672500 
1.672800 
1.674500 
1.675300 
1.675300 
1.675500 
1.675700 
1.676300 
1.676500 
1.677200 
1.678700 
1.678800 
1.679300 
1.679300 
1.679800 
1.680200 
1.680500 
1.681300 
1.681500 
1.681500 
1.681700 
1.682200 
1.683200 
1.684300 
1.684400 
1.684600 
1.684700 
1.685000 
1.685300 
1.686200 
1.686300 
1.687300 
1.687900 
1.688700 
1.688700 
1.689900 
1.689900 
1.690400 
1.691100 
1.691400 
1.692600 
1.693000 
1.693500 
1.694000 
1.694400 
1.694700 
1.695100 
1.695500 
1.695600 
1.695800 
1.696300 
1.696700 
1.697000 
1.697300 
1.697400 
1.698200 
1.698300 
1.698300 
1.699100 
1.699900 
1.700000 
1.700200 
1.700500 
1.701000 
1.701200 
1.701600 
1.702700 
1.703300 
1.704000 
1.704600 
1.705100 
1.705200 
1.705500 
1.706100 
1.707100 
1.708500 
1.709200 
1.709300 
1.709600 
1.711900 
1.712400 
1.712600 
1.713700 
1.714300 
1.714400 
1.715800 
1.716400 
1.717100 
1.717100 
1.717600 
1.718300 
1.719900 
1.720300 
1.720500 
1.720700 
1.720700 
1.722400 
1.722900 
1.723500 
1.724600 
1.724800 
1.727100 
1.728600 
1.729100 
1.729200 
1.730800 
1.731400 
1.732300 
1.733000 
1.733200 
1.735000 
1.735300 
1.735500 
1.735500 
1.735700 
1.736000 
1.736000 
1.736500 
1.736600 
1.736700 
1.737300 
1.737500 
1.738300 
1.738500 
1.739100 
1.739200 
1.739800 
1.739900 
1.740100 
1.741300 
1.742200 
1.742600 
1.742700 
1.744300 
1.744700 
1.744700 
1.744800 
1.744800 
1.744900 
1.745100 
1.746600 
1.747100 
1.747500 
1.748500 
1.749000 
1.749800 
1.750100 
1.750300 
1.750400 
1.750600 
1.750800 
1.751000 
1.752200 
1.752800 
1.753700 
1.753700 
1.755400 
1.755500 
1.756100 
1.756300 
1.756800 
1.758300 
1.758400 
1.758500 
1.759100 
1.759200 
1.759600 
1.759600 
1.759700 
1.759900 
1.759900 
1.760200 
1.760500 
1.762200 
1.762300 
1.762500 
1.762500 
1.762800 
1.763300 
1.764300 
1.765600 
1.767100 
1.767800 
1.767800 
1.768600 
1.768600 
1.769500 
1.769600 
1.770400 
1.770500 
1.771000 
1.771800 
1.772400 
1.772700 
1.773900 
1.774100 
1.775300 
1.775600 
1.775800 
1.777000 
1.777100 
1.778400 
1.778400 
1.778500 
1.778800 
1.779500 
1.780200 
1.781500 
1.781900 
1.782100 
1.782300 
1.782600 
1.782900 
1.783800 
1.784300 
1.784400 
1.785700 
1.786900 
1.787200 
1.787600 
1.787800 
1.787900 
1.788400 
1.788600 
1.790100 
1.790200 
1.790400 
1.791000 
1.791400 
1.791400 
1.791500 
1.792000 
1.792700 
1.792800 
1.792800 
1.793100 
1.793400 
1.794700 
1.795300 
1.795500 
1.795500 
1.797000 
1.798000 
1.798200 
1.798800 
1.798900 
1.799200 
1.799200 
1.799600 
1.801700 
1.802600 
1.803100 
1.804200 
1.804900 
1.805400 
1.805800 
1.806100 
1.807200 
1.809200 
1.810000 
1.810700 
1.812700 
1.812800 
1.814100 
1.814600 
1.815400 
1.815900 
1.816800 
1.816800 
1.817200 
1.817200 
1.817200 
1.817400 
1.818000 
1.818500 
1.819600 
1.819900 
1.820000 
1.820300 
1.820300 
1.820900 
1.820900 
1.820900 
1.821300 
1.821300 
1.822800 
1.823100 
1.823300 
1.823300 
1.824500 
1.825200 
1.825200 
1.825300 
1.826200 
1.827100 
1.828300 
1.829100 
1.829500 
1.831100 
1.832500 
1.833000 
1.833200 
1.834400 
1.836400 
1.836500 
1.836900 
1.837300 
1.837600 
1.838100 
1.838100 
1.839100 
1.839600 
1.839800 
1.840500 
1.840600 
1.840900 
1.841000 
1.842000 
1.842500 
1.842800 
1.843900 
1.844100 
1.844200 
1.845900 
1.846200 
1.846300 
1.846300 
1.846800 
1.847100 
1.847500 
1.848500 
1.848800 
1.848900 
1.849000 
1.849900 
1.850300 
1.850500 
1.850600 
1.850700 
1.850900 
1.851500 
1.852100 
1.852500 
1.852500 
1.854500 
1.855500 
1.855800 
1.856100 
1.856300 
1.856700 
1.856800 
1.857800 
1.858000 
1.858100 
1.858500 
1.858800 
1.859300 
1.859600 
1.860200 
1.860500 
1.861200 
1.861600 
1.861700 
1.861900 
1.862300 
1.863400 
1.863900 
1.865300 
1.865500 
1.867300 
1.867500 
1.867700 
1.868900 
1.869200 
1.869200 
1.869400 
1.869700 
1.869800 
1.870100 
1.870600 
1.871300 
1.872200 
1.872200 
1.872800 
1.872900 
1.872900 
1.873400 
1.873900 
1.874000 
1.874700 
1.874900 
1.875300 
1.876700 
1.877400 
1.877500 
1.877900 
1.878600 
1.880500 
1.880600 
1.881300 
1.881700 
1.882100 
1.882600 
1.882800 
1.883600 
1.883600 
1.883800 
1.884000 
1.884200 
1.884300 
1.885100 
1.885200 
1.885300 
1.885400 
1.885500 
1.886400 
1.886800 
1.887000 
1.888700 
1.889300 
1.889500 
1.889600 
1.890100 
1.891400 
1.891600 
1.892600 
1.893500 
1.894100 
1.895000 
1.895500 
1.896600 
1.896900 
1.897300 
1.898000 
1.899100 
1.900100 
1.900200 
1.900500 
1.900600 
1.900600 
1.900600 
1.901900 
1.902200 
1.902300 
1.903100 
1.904100 
1.904300 
1.904600 
1.904600 
1.904800 
1.905100 
1.905100 
1.905100 
1.906000 
1.906400 
1.906500 
1.907100 
1.908600 
1.908800 
1.910700 
1.910900 
1.911300 
1.911900 
1.912100 
1.913200 
1.913200 
1.914100 
1.914400 
1.914400 
1.914700 
1.914900 
1.915300 
1.915400 
1.915500 
1.915500 
1.915900 
1.916100 
1.917100 
1.917600 
1.917900 
1.918500 
1.919000 
1.919400 
1.920000 
1.920200 
1.920600 
1.920800 
1.921300 
1.922100 
1.923400 
1.923500 
1.923600 
1.924300 
1.924500 
1.925200 
1.925300 
1.926300 
1.927000 
1.927100 
1.927300 
1.927400 
1.927900 
1.928100 
1.928800 
1.928900 
1.929300 
1.930100 
1.930200 
1.930900 
1.931300 
1.931500 
1.931500 
1.931800 
1.932000 
1.932000 
1.932500 
1.932500 
1.932700 
1.932900 
1.933200 
1.934000 
1.934500 
1.936000 
1.936400 
1.936500 
1.937800 
1.938200 
1.939200 
1.940500 
1.940600 
1.941300 
1.942600 
1.943200 
1.944100 
1.944600 
1.945500 
1.946000 
1.946000 
1.946300 
1.946700 
1.946700 
1.947400 
1.948900 
1.949700 
1.949700 
1.949700 
1.949900 
1.950600 
1.950900 
1.952000 
1.952500 
1.952800 
1.955200 
1.955500 
1.955500 
1.955500 
1.956500 
1.957100 
1.957300 
1.957500 
1.957600 
1.960300 
1.960400 
1.960800 
1.961300 
1.961400 
1.963000 
1.964500 
1.964700 
1.964700 
1.964700 
1.964900 
1.964900 
1.965000 
1.965500 
1.966000 
1.967000 
1.967100 
1.967200 
1.968000 
1.968500 
1.968900 
1.969500 
1.970600 
1.970600 
1.970800 
1.971500 
1.971800 
1.972400 
1.973900 
1.975200 
1.975500 
1.975900 
1.976600 
1.977500 
1.978700 
1.979700 
1.979700 
1.981300 
1.981500 
1.982200 
1.983800 
1.984400 
1.985200 
1.985200 
1.986700 
1.986800 
1.987500 
1.988200 
1.988600 
1.989600 
1.990800 
1.991100 
1.991900 
1.993300 
1.993300 
1.993800 
1.993900 
1.994100 
1.994200 
1.994200 
1.994400 
1.994700 
1.994800 
1.994900 
1.995700 
1.999500 
2.000400 
2.000900 
2.001300 
2.002200 
2.002300 
2.002900 
2.003000 
2.005200 
2.005500 
2.005900 
2.006600 
2.008000 
2.008800 
2.009100 
2.009300 
2.009500 
2.009500 
2.010300 
2.011000 
2.011100 
2.011300 
2.011400 
2.012400 
2.012500 
2.013900 
2.015000 
2.015400 
2.015400 
2.015500 
2.017500 
2.017600 
2.018500 
2.018600 
2.019600 
2.019600 
2.019800 
2.019900 
2.022100 
2.025500 
2.027100 
2.028200 
2.028400 
2.028500 
2.029200 
2.029300 
2.030000 
2.030400 
2.030800 
2.030900 
2.031200 
2.032600 
2.032700 
2.034900 
2.035400 
2.035800 
2.036200 
2.036200 
2.036500 
2.036700 
2.036800 
2.036800 
2.037000 
2.037600 
2.037700 
2.037800 
2.038600 
2.038900 
2.039500 
2.040000 
2.040500 
2.040600 
2.041400 
2.041400 
2.041800 
2.042100 
2.043800 
2.045200 
2.045700 
2.047700 
2.048000 
2.048600 
2.050400 
2.051100 
2.051600 
2.052700 
2.053200 
2.053700 
2.054400 
2.054500 
2.054900 
2.054900 
2.055000 
2.055100 
2.056700 
2.057700 
2.058100 
2.058500 
2.058800 
2.059400 
2.059800 
2.060200 
2.060500 
2.060800 
2.062200 
2.062200 
2.062200 
2.062600 
2.062800 
2.063000 
2.063400 
2.063500 
2.064500 
2.064900 
2.065200 
2.065900 
2.066800 
2.066900 
2.066900 
2.067400 
2.067600 
2.068800 
2.069300 
2.070200 
2.070700 
2.071400 
2.072300 
2.073600 
2.074000 
2.074300 
2.074400 
2.074400 
2.074700 
2.074800 
2.074800 
2.074900 
2.079900 
2.079900 
2.080500 
2.080500 
2.081400 
2.081600 
2.082900 
2.084100 
2.084200 
2.086600 
2.086900 
2.087100 
2.088000 
2.088000 
2.088800 
2.089700 
2.089900 
2.090500 
2.090500 
2.091000 
2.091000 
2.091800 
2.092300 
2.093700 
2.093800 
2.094200 
2.094600 
2.095300 
2.095300 
2.096600 
2.096600 
2.097700 
2.098300 
2.099500 
2.100300 
2.101100 
2.102300 
2.102700 
2.103000 
2.103500 
2.103600 
2.103600 
2.103700 
2.103700 
2.104000 
2.104300 
2.104300 
2.105000 
2.105200 
2.105400 
2.105800 
2.106100 
2.106400 
2.106400 
2.106900 
2.107000 
2.109000 
2.110200 
2.110900 
2.111200 
2.111400 
2.113000 
2.113700 
2.114200 
2.115100 
2.115200 
2.115300 
2.115700 
2.116700 
2.118100 
2.118200 
2.118800 
2.118800 
2.119400 
2.119500 
2.119900 
2.120200 
2.120700 
2.121400 
2.121400 
2.121500 
2.121900 
2.122200 
2.123100 
2.123700 
2.124500 
2.124700 
2.125700 
2.126100 
2.129000 
2.129300 
2.130000 
2.130200 
2.132400 
2.132700 
2.133400 
2.133600 
2.134400 
2.134600 
2.136300 
2.136400 
2.137900 
2.138000 
2.139000 
2.139000 
2.139300 
2.139500 
2.139700 
2.139700 
2.140100 
2.140100 
2.140100 
2.140500 
2.141300 
2.141400 
2.141700 
2.141700 
2.142000 
2.142200 
2.142500 
2.142600 
2.142600 
2.143100 
2.143100 
2.143400 
2.143600 
2.144100 
2.144100 
2.145000 
2.146600 
2.148700 
2.149100 
2.149300 
2.149600 
2.149600 
2.149800 
2.150100 
2.151500 
2.151600 
2.153100 
2.153500 
2.154500 
2.155000 
2.155400 
2.155600 
2.155600 
2.155700 
2.156400 
2.156500 
2.157800 
2.159700 
2.159800 
2.160600 
2.162000 
2.162300 
2.162500 
2.162600 
2.163700 
2.163900 
2.164300 
2.165000 
2.166200 
2.166800 
2.167100 
2.167200 
2.167600 
2.169500 
2.169800 
2.169800 
2.170300 
2.171100 
2.171100 
2.171300 
2.172100 
2.172300 
2.172400 
2.172700 
2.173600 
2.173900 
2.174300 
2.174700 
2.175100 
2.175200 
2.175700 
2.176100 
2.176700 
2.177100 
2.177600 
2.178000 
2.179900 
2.179900 
2.179900 
2.181000 
2.181500 
2.181600 
2.181600 
2.182400 
2.182700 
2.182900 
2.183000 
2.183500 
2.184300 
2.184500 
2.185300 
2.185600 
2.185700 
2.185800 
2.185900 
2.186900 
2.188800 
2.188900 
2.189800 
2.189800 
2.190300 
2.190900 
2.191100 
2.191400 
2.191600 
2.192400 
2.192500 
2.192600 
2.193100 
2.193800 
2.194000 
2.194100 
2.194300 
2.195900 
2.195900 
2.196600 
2.197400 
2.198700 
2.199600 
2.200200 
2.200800 
2.201800 
2.203000 
2.203700 
2.204100 
2.204300 
2.204900 
2.205700 
2.205800 
2.206700 
2.208100 
2.208800 
2.208800 
2.209300 
2.209700 
2.210800 
2.211000 
2.211600 
2.212200 
2.212400 
2.212700 
2.214900 
2.215400 
2.216000 
2.216500 
2.216500 
2.216600 
2.216700 
2.216900 
2.217400 
2.218200 
2.218700 
2.220400 
2.220800 
2.221300 
2.221500 
2.222300 
2.223700 
2.223800 
2.223900 
2.226500 
2.226600 
2.226900 
2.227800 
2.227900 
2.228000 
2.228200 
2.230500 
2.230700 
2.231500 
2.232800 
2.234200 
2.234400 
2.234500 
2.234900 
2.235000 
2.235200 
2.235500 
2.235800 
2.235900 
2.236200 
2.237600 
2.238400 
2.239100 
2.239400 
2.241500 
2.242100 
2.242500 
2.242600 
2.242800 
2.243000 
2.244000 
2.244400 
2.244500 
2.244600 
2.245000 
2.247800 
2.248000 
2.248600 
2.248900 
2.249100 
2.249200 
2.250200 
2.251700 
2.252400 
2.252600 
2.252800 
2.253300 
2.255000 
2.255300 
2.255500 
2.256000 
2.256300 
2.256600 
2.257400 
2.257500 
2.258300 
2.258800 
2.258900 
2.259000 
2.259200 
2.259500 
2.259600 
2.260400 
2.261100 
2.261700 
2.261700 
2.261900 
2.262000 
2.262200 
2.262600 
2.262900 
2.264000 
2.264100 
2.265300 
2.265900 
2.266200 
2.266400 
2.266800 
2.266900 
2.267100 
2.267500 
2.267900 
2.268700 
2.269800 
2.270600 
2.271100 
2.271600 
2.271700 
2.272300 
2.272900 
2.273200 
2.273400 
2.273900 
2.274500 
2.274700 
2.275000 
2.275400 
2.275600 
2.275800 
2.276100 
2.276400 
2.276400 
2.276500 
2.276800 
2.276900 
2.277100 
2.277200 
2.278700 
2.279000 
2.279400 
2.279500 
2.279600 
2.279900 
2.280000 
2.280100 
2.280600 
2.282200 
2.282700 
2.283000 
2.283600 
2.285200 
2.285800 
2.286600 
2.286800 
2.289200 
2.290400 
2.291000 
2.291800 
2.292000 
2.292500 
2.293300 
2.293800 
2.295300 
2.295300 
2.295600 
2.295900 
2.296200 
2.296600 
2.297200 
2.299300 
2.299900 
2.300100 
2.300900 
2.301000 
2.301300 
2.301700 
2.302000 
2.303000 
2.304100 
2.304900 
2.304900 
2.305200 
2.305300 
2.305300 
2.305800 
2.305900 
2.306400 
2.306600 
2.306600 
2.307700 
2.308300 
2.308700 
2.310200 
2.310500 
2.310600 
2.310700 
2.311000 
2.311900 
2.313000 
2.313500 
2.313800 
2.313800 
2.313900 
2.314200 
2.314400 
2.315600 
2.315700 
2.315700 
2.315800 
2.316400 
2.317100 
2.317400 
2.318600 
2.320400 
2.321500 
2.322000 
2.322500 
2.322600 
2.323200 
2.323500 
2.324100 
2.324200 
2.325100 
2.325700 
2.325900 
2.326400 
2.326600 
2.327100 
2.327200 
2.327500 
2.327700 
2.327800 
2.328700 
2.330200 
2.330500 
2.330700 
2.330900 
2.331700 
2.331700 
2.331800 
2.332200 
2.332500 
2.333300 
2.333900 
2.334300 
2.335100 
2.336100 
2.336200 
2.336300 
2.336600 
2.337800 
2.338300 
2.339100 
2.339700 
2.339700 
2.340800 
2.341300 
2.341700 
2.342100 
2.342700 
2.342900 
2.344500 
2.345000 
2.345100 
2.345200 
2.345600 
2.345800 
2.346200 
2.346400 
2.347200 
2.347700 
2.347900 
2.348100 
2.348200 
2.348200 
2.348700 
2.348900 
2.349000 
2.349500 
2.350400 
2.351700 
2.351800 
2.352700 
2.352800 
2.352900 
2.353200 
2.353700 
2.353800 
2.354400 
2.355200 
2.356100 
2.356300 
2.356900 
2.357400 
2.357900 
2.358400 
2.360300 
2.360600 
2.360900 
2.361900 
2.362000 
2.362100 
2.362700 
2.363500 
2.364100 
2.364400 
2.365000 
2.365200 
2.365700 
2.366200 
2.366500 
2.366900 
2.366900 
2.367900 
2.368800 
2.368800 
2.369500 
2.370000 
2.371800 
2.372900 
2.372900 
2.373300 
2.374100 
2.374300 
2.375500 
2.377400 
2.377600 
2.379200 
2.380300 
2.381900 
2.382700 
2.382900 
2.383000 
2.383100 
2.386800 
2.387300 
2.387400 
2.387900 
2.388000 
2.388100 
2.388100 
2.389100 
2.389300 
2.390100 
2.390100 
2.391900 
2.392700 
2.393000 
2.394900 
2.395000 
2.395600 
2.396600 
2.397000 
2.397000 
2.397800 
2.398100 
2.398200 
2.398700 
2.399800 
2.400300 
2.400700 
2.402300 
2.402600 
2.403400 
2.403500 
2.404000 
2.404100 
2.404300 
2.404500 
2.405100 
2.405300 
2.405500 
2.405900 
2.407200 
2.408700 
2.409200 
2.409700 
2.409700 
2.410800 
2.411100 
2.411600 
2.412900 
2.413100 
2.413900 
2.414800 
2.414900 
2.415800 
2.416000 
2.416000 
2.416200 
2.416700 
2.417100 
2.417200 
2.417200 
2.417400 
2.419800 
2.420000 
2.422300 
2.422400 
2.422400 
2.422400 
2.423800 
2.424300 
2.425000 
2.425200 
2.425700 
2.426300 
2.426300 
2.426900 
2.427600 
2.428500 
2.429000 
2.429300 
2.432500 
2.433200 
2.433200 
2.433900 
2.434200 
2.434600 
2.436200 
2.436400 
2.436700 
2.436900 
2.437100 
2.437400 
2.437600 
2.438500 
2.438700 
2.439100 
2.439200 
2.439300 
2.439800 
2.440000 
2.440400 
2.440800 
2.441200 
2.441600 
2.441700 
2.443100 
2.443200 
2.443900 
2.444900 
2.445100 
2.445300 
2.445500 
2.446200 
2.446200 
2.446200 
2.447000 
2.447300 
2.447400 
2.449000 
2.449100 
2.449300 
2.450300 
2.450600 
2.451000 
2.451100 
2.451200 
2.452100 
2.452700 
2.452800 
2.453000 
2.454300 
2.456100 
2.456800 
2.457600 
2.458200 
2.458300 
2.458400 
2.460500 
2.461900 
2.462400 
2.463000 
2.463100 
2.463200 
2.463800 
2.464100 
2.464300 
2.464300 
2.464800 
2.465500 
2.466100 
2.466500 
2.466800 
2.466800 
2.467100 
2.467400 
2.467600 
2.467700 
2.467800 
2.467900 
2.468000 
2.468300 
2.468500 
2.469000 
2.469100 
2.469300 
2.469400 
2.469700 
2.469800 
2.470100 
2.470400 
2.471300 
2.471500 
2.471800 
2.472400 
2.472400 
2.472900 
2.473800 
2.473800 
2.474000 
2.474900 
2.475700 
2.476100 
2.478200 
2.478800 
2.479200 
2.479400 
2.480100 
2.481100 
2.482200 
2.483500 
2.483500 
2.485000 
2.485200 
2.485300 
2.485400 
2.485700 
2.487200 
2.487500 
2.487600 
2.487800 
2.487800 
2.488000 
2.488300 
2.488700 
2.489800 
2.489800 
2.490200 
2.490500 
2.490900 
2.491100 
2.491600 
2.491800 
2.491900 
2.492300 
2.492800 
2.493300 
2.493600 
2.494200 
2.494700 
2.495000 
2.495100 
2.495300 
2.495800 
2.495900 
2.496400 
2.497000 
2.497200 
2.497500 
2.497700 
2.497800 
2.498100 
2.498200 
2.498200 
2.499600 
2.500200 
2.500300 
2.501000 
2.501200 
2.501400 
2.502700 
2.503200 
2.503400 
2.505000 
2.506400 
2.507100 
2.508100 
2.508200 
2.509100 
2.509100 
2.510500 
2.510600 
2.511900 
2.512300 
2.512600 
2.512900 
2.513300 
2.514200 
2.514400 
2.514500 
2.515000 
2.516400 
2.516800 
2.517100 
2.518100 
2.518400 
2.518400 
2.520500 
2.520800 
2.521000 
2.522400 
2.523500 
2.523700 
2.524400 
2.524800 
2.524900 
2.526300 
2.526900 
2.527500 
2.527600 
2.529000 
2.529100 
2.529700 
2.530900 
2.531000 
2.531800 
2.531900 
2.532500 
2.532700 
2.532900 
2.533200 
2.533300 
2.534000 
2.534100 
2.534100 
2.534200 
2.534500 
2.535000 
2.536700 
2.537300 
2.538100 
2.538100 
2.538800 
2.541800 
2.542100 
2.542300 
2.543800 
2.543900 
2.545200 
2.545500 
2.545600 
2.545900 
2.546200 
2.546600 
2.547800 
2.548400 
2.548500 
2.549000 
2.549100 
2.549400 
2.549600 
2.549800 
2.550300 
2.551700 
2.551900 
2.552000 
2.552500 
2.553100 
2.553400 
2.553400 
2.554200 
2.555600 
2.556000 
2.556000 
2.556000 
2.556400 
2.556800 
2.557200 
2.557600 
2.559400 
2.559500 
2.559800 
2.559900 
2.560100 
2.560500 
2.560500 
2.561000 
2.561100 
2.562800 
2.563200 
2.563600 
2.563800 
2.564200 
2.564600 
2.564700 
2.565400 
2.566300 
2.566900 
2.567200 
2.567400 
2.567900 
2.568800 
2.569000 
2.569100 
2.569500 
2.570500 
2.570700 
2.570800 
2.570900 
2.571400 
2.571500 
2.572700 
2.572900 
2.573100 
2.573300 
2.574100 
2.575700 
2.575900 
2.576200 
2.576400 
2.576600 
2.576800 
2.576800 
2.578300 
2.578400 
2.578800 
2.579200 
2.579400 
2.579700 
2.580000 
2.580700 
2.581700 
2.582800 
2.583600 
2.584700 
2.585100 
2.585100 
2.585500 
2.585600 
2.586300 
2.586700 
2.588100 
2.588300 
2.588900 
2.591800 
2.593400 
2.593500 
2.594100 
2.594300 
2.594600 
2.594600 
2.595600 
2.595900 
2.595900 
2.597300 
2.597300 
2.597400 
2.597500 
2.598200 
2.598900 
2.599300 
2.599400 
2.599700 
2.600300 
2.601000 
2.601500 
2.601600 
2.601600 
2.603800 
2.604200 
2.604700 
2.604900 
2.605000 
2.605300 
2.605500 
2.606500 
2.607200 
2.608300 
2.608700 
2.610200 
2.611000 
2.611800 
2.611800 
2.612400 
2.612700 
2.613300 
2.614100 
2.614200 
2.615400 
2.616500 
2.616900 
2.617700 
2.619800 
2.620800 
2.622200 
2.623400 
2.623500 
2.623700 
2.623700 
2.624500 
2.624800 
2.625400 
2.626500 
2.626800 
2.626900 
2.627200 
2.629100 
2.629500 
2.631400 
2.631700 
2.632100 
2.632200 
2.632800 
2.633100 
2.633200 
2.633400 
2.633800 
2.634300 
2.634400 
2.634900 
2.634900 
2.635100 
2.636100 
2.636100 
2.637700 
2.637900 
2.638400 
2.638700 
2.639000 
2.639900 
2.640400 
2.640500 
2.641000 
2.641500 
2.643600 
2.644500 
2.644500 
2.644500 
2.646100 
2.647800 
2.648500 
2.649200 
2.649300 
2.650200 
2.650600 
2.650800 
2.650900 
2.651100 
2.651500 
2.651800 
2.652500 
2.653000 
2.653600 
2.653800 
2.654500 
2.655300 
2.655400 
2.655500 
2.655600 
2.656400 
2.656500 
2.657000 
2.658000 
2.658500 
2.658800 
2.659200 
2.659400 
2.659700 
2.660300 
2.662000 
2.662900 
2.663000 
2.663400 
2.663700 
2.664100 
2.664700 
2.665200 
2.665400 
2.666200 
2.666200 
2.666600 
2.666700 
2.667000 
2.668900 
2.670500 
2.671100 
2.673300 
2.673500 
2.673500 
2.673800 
2.675300 
2.675600 
2.676200 
2.676500 
2.676900 
2.678300 
2.678500 
2.678800 
2.679600 
2.680600 
2.681800 
2.681900 
2.682400 
2.682700 
2.682800 
2.682900 
2.683400 
2.683500 
2.685300 
2.686100 
2.686500 
2.687300 
2.687600 
2.687700 
2.687800 
2.688700 
2.689100 
2.689200 
2.689400 
2.689500 
2.689600 
2.689700 
2.690700 
2.690800 
2.691000 
2.691100 
2.692600 
2.692700 
2.692800 
2.693000 
2.693200 
2.693400 
2.693500 
2.694200 
2.694200 
2.694200 
2.694800 
2.694900 
2.695100 
2.696300 
2.698600 
2.699200 
2.699600 
2.700600 
2.701300 
2.702700 
2.705200 
2.705200 
2.705400 
2.706700 
2.706800 
2.707400 
2.708000 
2.708500 
2.709500 
2.709500 
2.710500 
2.711000 
2.711100 
2.711600 
2.711600 
2.712400 
2.713500 
2.713700 
2.713700 
2.713700 
2.713800 
2.714700 
2.715200 
2.716000 
2.716800 
2.717200 
2.718000 
2.718000 
2.718300 
2.718400 
2.718700 
2.719000 
2.719900 
2.720200 
2.720300 
2.720700 
2.720900 
2.721300 
2.722600 
2.723900 
2.723900 
2.726000 
2.726100 
2.727700 
2.729200 
2.729200 
2.729800 
2.730000 
2.730300 
2.730400 
2.731100 
2.732700 
2.733200 
2.735500 
2.735500 
2.735900 
2.736000 
2.736200 
2.737700 
2.737700 
2.738400 
2.738800 
2.739200 
2.739200 
2.739900 
2.740400 
2.740800 
2.741400 
2.742500 
2.743200 
2.743800 
2.743900 
2.743900 
2.744600 
2.744800 
2.745000 
2.746400 
2.746700 
2.746900 
2.747000 
2.747100 
2.748200 
2.749100 
2.749400 
2.749600 
2.750100 
2.751100 
2.751200 
2.752800 
2.752800 
2.753500 
2.754900 
2.755000 
2.755400 
2.757100 
2.758200 
2.758800 
2.759500 
2.759500 
2.759700 
2.759800 
2.760000 
2.762300 
2.763000 
2.763200 
2.763700 
2.765000 
2.765000 
2.765100 
2.765700 
2.766900 
2.767000 
2.769200 
2.769600 
2.770900 
2.771100 
2.771200 
2.771400 
2.771900 
2.772200 
2.773000 
2.773600 
2.773800 
2.774100 
2.774600 
2.776200 
2.778800 
2.779600 
2.780100 
2.780800 
2.780900 
2.781100 
2.781200 
2.781300 
2.781500 
2.782100 
2.782800 
2.783700 
2.784200 
2.784800 
2.785600 
2.786200 
2.786500 
2.786600 
2.786900 
2.787400 
2.787400 
2.787800 
2.788600 
2.788800 
2.789400 
2.789500 
2.790100 
2.790600 
2.791200 
2.791500 
2.791600 
2.792000 
2.792500 
2.792800 
2.792900 
2.794300 
2.794400 
2.795400 
2.798500 
2.798700 
2.799800 
2.800100 
2.800200 
2.801300 
2.801800 
2.801800 
2.801900 
2.802400 
2.802700 
2.803500 
2.803800 
2.804500 
2.804500 
2.806000 
2.806000 
2.806300 
2.806600 
2.806900 
2.807500 
2.807700 
2.807800 
2.808100 
2.808100 
2.808500 
2.809000 
2.809000 
2.809600 
2.809600 
2.810700 
2.811400 
2.811800 
2.812100 
2.812300 
2.812800 
2.812900 
2.813800 
2.816100 
2.816300 
2.817100 
2.817400 
2.817600 
2.819400 
2.820600 
2.820800 
2.820800 
2.821200 
2.821500 
2.822000 
2.822300 
2.822700 
2.823400 
2.823400 
2.824200 
2.824300 
2.824400 
2.824500 
2.825200 
2.825600 
2.826600 
2.827700 
2.828500 
2.829000 
2.829500 
2.829600 
2.830100 
2.830300 
2.830500 
2.830800 
2.831100 
2.832200 
2.832500 
2.832600 
2.833800 
2.833800 
2.834500 
2.834600 
2.834900 
2.835000 
2.835100 
2.835200 
2.835400 
2.835400 
2.835600 
2.835900 
2.836400 
2.836500 
2.837700 
2.837900 
2.838000 
2.838100 
2.838900 
2.839100 
2.839200 
2.839700 
2.839800 
2.840000 
2.840200 
2.840700 
2.841000 
2.842200 
2.843700 
2.843800 
2.844400 
2.845200 
2.846000 
2.846100 
2.846600 
2.846900 
2.847100 
2.847700 
2.848200 
2.849000 
2.849400 
2.849600 
2.849700 
2.850400 
2.851100 
2.851500 
2.851600 
2.853000 
2.853100 
2.853200 
2.853300 
2.853600 
2.853800 
2.854200 
2.854200 
2.854700 
2.854900 
2.855300 
2.855400 
2.855600 
2.855700 
2.856400 
2.857900 
2.858000 
2.858600 
2.859100 
2.860000 
2.860000 
2.860000 
2.860500 
2.860700 
2.860700 
2.860800 
2.860900 
2.861100 
2.861500 
2.861500 
2.861900 
2.862600 
2.862700 
2.862700 
2.863600 
2.864100 
2.864700 
2.864700 
2.867000 
2.872800 
2.872900 
2.873400 
2.873800 
2.874000 
2.874300 
2.875500 
2.875700 
2.875800 
2.876100 
2.877000 
2.877200 
2.878200 
2.878400 
2.878600 
2.878700 
2.879000 
2.879100 
2.879300 
2.879400 
2.879500 
2.880300 
2.880400 
2.880400 
2.880400 
2.881300 
2.882200 
2.882400 
2.882700 
2.882800 
2.883100 
2.883500 
2.883900 
2.884000 
2.884000 
2.884000 
2.884300 
2.884400 
2.884500 
2.886200 
2.886800 
2.886900 
2.888200 
2.888300 
2.889900 
2.890200 
2.890500 
2.890600 
2.890700 
2.891000 
2.891200 
2.891800 
2.892600 
2.892800 
2.893200 
2.893300 
2.894000 
2.894000 
2.895800 
2.896200 
2.897300 
2.897400 
2.898800 
2.899100 
2.899400 
2.899400 
2.899800 
2.900600 
2.901300 
2.901500 
2.901800 
2.902200 
2.902200 
2.902300 
2.902400 
2.903600 
2.903800 
2.904000 
2.904500 
2.905300 
2.906700 
2.908000 
2.909100 
2.909300 
2.909400 
2.910100 
2.912600 
2.913100 
2.913200 
2.913400 
2.915000 
2.915100 
2.916600 
2.916600 
2.916900 
2.920700 
2.921400 
2.921900 
2.923700 
2.924300 
2.924500 
2.924500 
2.924900 
2.926100 
2.926800 
2.927000 
2.927700 
2.927700 
2.928300 
2.929500 
2.929500 
2.929600 
2.929600 
2.929700 
2.930000 
2.930600 
2.930600 
2.932000 
2.932600 
2.932900 
2.933600 
2.934200 
2.934600 
2.935800 
2.936000 
2.936200 
2.936500 
2.936900 
2.936900 
2.937900 
2.938200 
2.938300 
2.941400 
2.941700 
2.941800 
2.942000 
2.942100 
2.942500 
2.942500 
2.942900 
2.943000 
2.943200 
2.944700 
2.944700 
2.945300 
2.945500 
2.945600 
2.945800 
2.945900 
2.946200 
2.948100 
2.949900 
2.950800 
2.951200 
2.952600 
2.953300 
2.953800 
2.954100 
2.954200 
2.954200 
2.954900 
2.956000 
2.956000 
2.956200 
2.956500 
2.957200 
2.957300 
2.957400 
2.957500 
2.957800 
2.958200 
2.958500 
2.959100 
2.959600 
2.959900 
2.960000 
2.962100 
2.962300 
2.963000 
2.963100 
2.963400 
2.964400 
2.964500 
2.964800 
2.965200 
2.965600 
2.965600 
2.966400 
2.967000 
2.967200 
2.968000 
2.968400 
2.968600 
2.969100 
2.969100 
2.969500 
2.969900 
2.969900 
2.971400 
2.972300 
2.972400 
2.972800 
2.972800 
2.973200 
2.974100 
2.974900 
2.975300 
2.976200 
2.976300 
2.979100 
2.979600 
2.980200 
2.981000 
2.982100 
2.982700 
2.983200 
2.984200 
2.985000 
2.986500 
2.986500 
2.987600 
2.987900 
2.988800 
2.988900 
2.989000 
2.989200 
2.989700 
2.989900 
2.990200 
2.990300 
2.991400 
2.992800 
2.993100 
2.994200 
2.994800 
2.995300 
2.997100 
2.999000 
