0.019000 
0.025700 
0.027100 
0.031200 
0.032400 
0.032800 
0.036500 
0.043400 
0.045600 
0.046800 
0.047300 
0.052300 
0.052600 
0.053500 
0.053800 
0.054900 
0.056100 
0.059900 
0.060800 
0.066100 
0.066300 
0.069500 
0.069900 
0.078800 
0.079900 
0.080400 
0.082900 
0.086000 
0.087600 
0.093900 
0.094200 
0.095600 
0.097000 
0.098300 
0.100100 
0.100200 
0.104800 
0.108300 
0.110000 
0.111700 
0.118700 
0.119200 
0.120300 
0.120500 
0.122700 
0.123100 
0.126000 
0.127500 
0.132900 
0.141000 
0.142500 
0.142900 
0.146700 
0.154000 
0.162300 
0.163300 
0.171200 
0.174100 
0.174100 
0.178200 
0.179000 
0.179800 
0.182000 
0.185300 
0.188900 
0.194500 
0.195100 
0.201300 
0.203600 
0.205500 
0.215000 
0.217100 
0.218000 
0.220600 
0.221500 
0.223100 
0.226400 
0.229700 
0.230100 
0.238100 
0.238400 
0.239200 
0.243500 
0.251800 
0.252500 
0.256100 
0.257700 
0.258500 
0.258700 
0.259700 
0.268900 
0.272800 
0.276200 
0.279600 
0.285200 
0.286700 
0.287300 
0.288000 
0.288800 
0.291900 
0.296400 
0.298000 
0.298100 
0.299400 
0.300500 
0.303800 
0.306500 
0.310200 
0.311100 
0.311100 
0.311500 
0.312200 
0.317500 
0.325400 
0.325500 
0.328300 
0.336400 
0.336400 
0.338500 
0.341500 
0.342400 
0.343400 
0.344900 
0.353200 
0.353600 
0.354800 
0.355700 
0.359500 
0.363700 
0.366900 
0.379400 
0.380300 
0.381300 
0.382700 
0.389100 
0.389500 
0.389900 
0.394600 
0.397200 
0.399100 
0.399200 
0.407500 
0.409600 
0.411900 
0.412800 
0.415600 
0.424700 
0.432700 
0.433300 
0.434400 
0.437100 
0.437900 
0.448300 
0.451400 
0.451800 
0.452100 
0.453800 
0.455600 
0.457100 
0.461900 
0.463600 
0.464100 
0.465600 
0.468200 
0.469000 
0.475300 
0.475400 
0.477700 
0.478600 
0.480500 
0.488200 
0.489900 
0.491600 
0.494500 
0.500000 
0.500200 
0.500700 
0.502200 
0.507800 
0.513100 
0.519700 
0.519800 
0.522800 
0.523100 
0.525100 
0.528400 
0.530200 
0.539900 
0.543100 
0.545900 
0.552100 
0.566600 
0.573400 
0.577400 
0.581700 
0.581700 
0.582600 
0.583600 
0.583700 
0.584100 
0.585900 
0.587700 
0.591000 
0.598500 
0.600800 
0.602300 
0.607300 
0.611400 
0.613500 
0.617900 
0.621300 
0.623100 
0.632200 
0.633000 
0.637300 
0.640000 
0.645400 
0.650700 
0.654300 
0.654400 
0.661800 
0.665900 
0.666200 
0.666600 
0.667300 
0.671100 
0.674100 
0.677600 
0.679300 
0.683700 
0.685200 
0.697200 
0.699600 
0.701800 
0.702100 
0.702300 
0.713800 
0.718100 
0.726600 
0.730100 
0.732900 
0.735300 
0.742300 
0.745400 
0.746900 
0.747800 
0.748400 
0.748700 
0.749200 
0.752900 
0.754000 
0.754100 
0.758000 
0.759600 
0.761500 
0.765400 
0.774300 
0.774600 
0.774800 
0.776600 
0.777100 
0.782300 
0.785900 
0.788100 
0.792400 
0.792800 
0.795600 
0.796300 
0.799300 
0.803600 
0.805300 
0.809100 
0.823800 
0.828400 
0.829200 
0.831400 
0.832000 
0.833000 
0.840700 
0.841800 
0.842500 
0.843200 
0.845100 
0.852500 
0.852500 
0.859000 
0.860800 
0.864200 
0.868200 
0.869600 
0.876200 
0.882100 
0.885700 
0.887900 
0.891500 
0.894000 
0.895200 
0.895200 
0.904200 
0.904800 
0.905500 
0.909000 
0.915100 
0.917700 
0.917700 
0.918200 
0.919200 
0.921200 
0.922500 
0.922900 
0.932900 
0.933000 
0.935900 
0.939400 
0.942700 
0.943700 
0.944600 
0.953500 
0.954400 
0.958400 
0.966200 
0.967500 
0.971300 
0.976700 
0.977600 
0.980800 
0.991200 
0.992900 
0.996900 
0.997700 
1.000700 
1.005900 
1.008800 
1.011400 
1.012100 
1.013700 
1.020700 
1.030500 
1.032900 
1.034100 
1.034800 
1.039200 
1.041300 
1.047000 
1.050100 
1.054300 
1.057000 
1.058300 
1.062800 
1.062900 
1.064200 
1.067600 
1.068800 
1.070900 
1.071200 
1.071300 
1.075700 
1.076600 
1.082300 
1.082500 
1.085200 
1.086600 
1.088400 
1.094300 
1.094300 
1.095200 
1.098400 
1.098500 
1.104400 
1.106500 
1.109700 
1.116200 
1.130000 
1.131000 
1.132700 
1.133000 
1.133900 
1.134100 
1.143200 
1.146800 
1.149100 
1.150100 
1.150800 
1.160900 
1.161600 
1.163600 
1.164800 
1.165700 
1.174100 
1.174800 
1.179300 
1.180200 
1.184300 
1.184600 
1.187700 
1.189200 
1.190200 
1.191000 
1.194400 
1.200300 
1.200800 
1.205500 
1.207000 
1.216400 
1.216700 
1.220800 
1.221500 
1.222500 
1.231100 
1.232400 
1.237800 
1.243700 
1.248200 
1.248400 
1.248700 
1.250900 
1.252800 
1.253700 
1.256700 
1.257500 
1.258900 
1.261000 
1.264300 
1.267500 
1.267800 
1.276900 
1.283900 
1.287900 
1.289600 
1.291900 
1.295400 
1.296700 
1.297600 
1.298000 
1.298400 
1.298500 
1.301200 
1.303600 
1.311900 
1.314500 
1.314800 
1.318400 
1.320500 
1.322900 
1.323200 
1.325100 
1.328100 
1.330800 
1.334800 
1.336400 
1.339100 
1.349700 
1.350500 
1.350900 
1.350900 
1.353600 
1.357700 
1.358100 
1.359000 
1.361100 
1.362300 
1.363600 
1.366000 
1.372400 
1.373500 
1.376300 
1.376500 
1.382400 
1.382500 
1.383900 
1.387900 
1.390400 
1.391200 
1.393400 
1.396400 
1.396600 
1.403400 
1.415700 
1.418100 
1.418700 
1.423900 
1.431200 
1.434300 
1.436200 
1.438600 
1.439100 
1.439800 
1.445800 
1.447000 
1.448500 
1.452800 
1.455700 
1.459400 
1.460900 
1.462500 
1.463400 
1.463500 
1.473300 
1.476300 
1.476300 
1.477900 
1.480200 
1.486600 
1.488600 
1.495800 
1.496500 
1.501900 
1.502100 
1.502500 
1.503500 
1.507500 
1.509600 
1.517600 
1.520100 
1.525300 
1.527300 
1.527400 
1.529100 
1.534900 
1.538200 
1.544000 
1.546700 
1.551900 
1.553400 
1.554200 
1.559600 
1.560500 
1.563900 
1.566000 
1.567200 
1.567600 
1.569900 
1.571600 
1.577000 
1.577100 
1.577400 
1.579700 
1.584400 
1.585100 
1.586800 
1.593400 
1.594000 
1.603500 
1.604800 
1.605900 
1.606800 
1.611100 
1.617000 
1.620500 
1.621100 
1.624900 
1.625800 
1.627900 
1.630000 
1.633100 
1.635700 
1.650400 
1.651100 
1.655700 
1.657600 
1.666600 
1.667100 
1.669000 
1.673300 
1.676600 
1.676900 
1.682000 
1.683500 
1.683900 
1.687000 
1.695300 
1.701800 
1.703100 
1.705100 
1.709700 
1.719800 
1.722800 
1.726100 
1.729600 
1.730100 
1.734600 
1.735300 
1.735700 
1.737900 
1.741600 
1.746600 
1.750800 
1.759900 
1.760200 
1.760500 
1.766900 
1.767000 
1.769200 
1.769200 
1.775000 
1.780100 
1.780800 
1.782600 
1.783200 
1.785700 
1.786000 
1.787700 
1.789200 
1.793900 
1.801900 
1.801900 
1.802500 
1.804600 
1.805000 
1.805300 
1.820600 
1.823100 
1.824700 
1.833100 
1.834200 
1.835300 
1.838100 
1.842700 
1.847700 
1.849400 
1.850200 
1.850200 
1.854300 
1.857100 
1.860500 
1.862500 
1.877600 
1.878800 
1.878900 
1.879200 
1.883700 
1.886600 
1.888700 
1.889600 
1.893800 
1.894500 
1.895600 
1.901500 
1.906200 
1.907500 
1.908800 
1.909000 
1.913600 
1.915000 
1.915400 
1.917900 
1.919000 
1.928400 
1.935200 
1.941300 
1.941700 
1.945500 
1.945900 
1.946600 
1.951100 
1.959100 
1.960500 
1.961600 
1.965900 
1.968600 
1.972700 
1.973800 
1.979300 
1.979800 
1.980200 
1.983200 
1.983800 
1.986800 
1.987100 
1.990500 
1.990800 
1.993600 
2.002600 
2.009600 
2.010800 
2.011100 
2.013800 
2.015000 
2.016000 
2.016900 
2.020400 
2.027900 
2.034100 
2.036200 
2.061500 
2.062700 
2.065000 
2.067500 
2.067900 
2.068300 
2.072100 
2.072500 
2.082900 
2.085800 
2.098600 
2.102800 
2.103000 
2.104900 
2.108800 
2.112000 
2.117700 
2.120400 
2.124600 
2.134600 
2.135800 
2.137000 
2.142400 
2.143900 
2.146300 
2.148600 
2.149600 
2.156000 
2.157200 
2.157300 
2.158200 
2.158700 
2.159000 
2.165500 
2.166200 
2.167000 
2.169300 
2.169600 
2.171700 
2.171800 
2.175200 
2.181100 
2.181400 
2.183200 
2.184900 
2.185200 
2.199100 
2.201200 
2.201400 
2.202100 
2.203500 
2.205000 
2.207200 
2.211600 
2.212900 
2.217700 
2.221200 
2.222200 
2.223500 
2.230400 
2.231600 
2.233400 
2.238800 
2.239900 
2.250700 
2.256800 
2.260300 
2.260700 
2.263300 
2.265200 
2.266200 
2.270600 
2.275200 
2.277100 
2.279300 
2.288900 
2.289700 
2.292800 
2.294500 
2.305100 
2.305400 
2.308300 
2.309100 
2.309700 
2.311600 
2.311800 
2.312700 
2.312900 
2.313400 
2.318400 
2.321300 
2.325800 
2.334100 
2.343900 
2.345300 
2.345400 
2.347200 
2.352000 
2.363900 
2.369700 
2.383400 
2.387400 
2.389500 
2.389800 
2.390400 
2.396200 
2.399800 
2.400100 
2.401600 
2.402500 
2.403100 
2.404300 
2.405200 
2.406300 
2.406300 
2.412100 
2.412300 
2.414900 
2.418800 
2.421900 
2.422800 
2.422900 
2.425100 
2.426100 
2.426800 
2.434200 
2.438500 
2.439200 
2.450400 
2.452900 
2.456500 
2.458300 
2.461200 
2.461700 
2.463500 
2.470200 
2.470200 
2.478000 
2.488800 
2.489000 
2.490000 
2.493900 
2.497000 
2.498800 
2.502200 
2.507500 
2.512400 
2.513300 
2.514100 
2.515600 
2.516900 
2.518900 
2.521600 
2.521600 
2.525400 
2.529200 
2.532200 
2.534200 
2.534400 
2.534800 
2.536600 
2.537300 
2.545600 
2.547600 
2.548400 
2.555300 
2.556900 
2.556900 
2.558400 
2.560900 
2.561100 
2.561300 
2.565100 
2.566000 
2.568200 
2.569600 
2.574300 
2.575200 
2.575600 
2.580200 
2.584000 
2.588700 
2.593400 
2.594200 
2.599600 
2.601100 
2.601200 
2.601900 
2.605200 
2.607000 
2.614100 
2.618900 
2.627200 
2.628700 
2.629000 
2.629200 
2.632600 
2.637600 
2.649000 
2.649000 
2.649800 
2.652300 
2.658900 
2.660800 
2.662600 
2.664700 
2.666900 
2.667800 
2.673900 
2.680100 
2.680500 
2.683300 
2.683600 
2.683700 
2.685300 
2.691100 
2.691700 
2.695000 
2.697700 
2.699200 
2.700400 
2.701400 
2.701600 
2.702300 
2.703800 
2.709400 
2.709500 
2.710200 
2.710900 
2.715200 
2.729700 
2.729800 
2.737300 
2.738600 
2.740100 
2.744800 
2.745100 
2.748800 
2.749400 
2.749800 
2.751000 
2.753300 
2.761100 
2.763500 
2.763700 
2.765000 
2.770700 
2.776400 
2.783200 
2.790200 
2.791500 
2.796200 
2.796400 
2.796600 
2.797300 
2.800000 
2.803600 
2.807200 
2.809000 
2.814600 
2.816900 
2.822700 
2.824700 
2.828700 
2.831900 
2.833100 
2.833300 
2.833900 
2.836600 
2.837100 
2.837800 
2.840100 
2.845600 
2.846100 
2.847800 
2.854900 
2.857500 
2.860600 
2.864200 
2.865700 
2.866100 
2.870400 
2.878100 
2.884300 
2.884700 
2.884700 
2.885800 
2.886400 
2.887200 
2.888400 
2.898100 
2.902700 
2.904400 
2.906700 
2.908700 
2.911800 
2.913900 
2.914400 
2.919700 
2.923800 
2.930200 
2.933700 
2.938300 
2.938900 
2.943800 
2.948700 
2.949100 
2.952000 
2.953100 
2.953500 
2.953600 
2.959400 
2.960000 
2.960800 
2.961800 
2.963200 
2.963600 
2.967200 
2.967300 
2.967400 
2.969400 
2.970700 
2.986200 
2.989300 
2.989800 
2.991200 
2.993300 
2.994000 
