0.041200 
0.042000 
0.044400 
0.045000 
0.048300 
0.048500 
0.052400 
0.052400 
0.053100 
0.053800 
0.053900 
0.054000 
0.054400 
0.054600 
0.054800 
0.056700 
0.058400 
0.058800 
0.059200 
0.059400 
0.059500 
0.060800 
0.063200 
0.064800 
0.065000 
0.065000 
0.066400 
0.066900 
0.067100 
0.068200 
0.073700 
0.075900 
0.078900 
0.079000 
0.080100 
0.082300 
0.083300 
0.084800 
0.087000 
0.087700 
0.087700 
0.088000 
0.090100 
0.090200 
0.090300 
0.092300 
0.092700 
0.092800 
0.093000 
0.093100 
0.095300 
0.099200 
0.099700 
0.099800 
0.101700 
0.103300 
0.105800 
0.107800 
0.109300 
0.109700 
0.109900 
0.110400 
0.111400 
0.112800 
0.114100 
0.116500 
0.117900 
0.118800 
0.119600 
0.122000 
0.125200 
0.125700 
0.126900 
0.127100 
0.127300 
0.127400 
0.127400 
0.127800 
0.129200 
0.129200 
0.129300 
0.130000 
0.133600 
0.136500 
0.137200 
0.137500 
0.138600 
0.139400 
0.141600 
0.143600 
0.144700 
0.145500 
0.146900 
0.148200 
0.148800 
0.155300 
0.158200 
0.158700 
0.160100 
0.160600 
0.161800 
0.161800 
0.161800 
0.161900 
0.162000 
0.162500 
0.162700 
0.163100 
0.163900 
0.166800 
0.167300 
0.170300 
0.171000 
0.173900 
0.174200 
0.174800 
0.175800 
0.177100 
0.179300 
0.181900 
0.184000 
0.184200 
0.184700 
0.185200 
0.185600 
0.187000 
0.188500 
0.188700 
0.189800 
0.190800 
0.192900 
0.193800 
0.194300 
0.194800 
0.195500 
0.197400 
0.198100 
0.198700 
0.201900 
0.202600 
0.202700 
0.203100 
0.203700 
0.206700 
0.207600 
0.207800 
0.209900 
0.211500 
0.212700 
0.213100 
0.213800 
0.214700 
0.214800 
0.218500 
0.221700 
0.223000 
0.223200 
0.226400 
0.227200 
0.230500 
0.231900 
0.232200 
0.232700 
0.233700 
0.234000 
0.234200 
0.235700 
0.237000 
0.237200 
0.237300 
0.237900 
0.237900 
0.239800 
0.240700 
0.241100 
0.241200 
0.241500 
0.242500 
0.246700 
0.246900 
0.247300 
0.253700 
0.254900 
0.257600 
0.257900 
0.260000 
0.260000 
0.261700 
0.263500 
0.263800 
0.265200 
0.265700 
0.266300 
0.266800 
0.267700 
0.271200 
0.275700 
0.275900 
0.280200 
0.281100 
0.282400 
0.282500 
0.285400 
0.285500 
0.286300 
0.286400 
0.288000 
0.291200 
0.291800 
0.292300 
0.293500 
0.294000 
0.295200 
0.296500 
0.296600 
0.297500 
0.297500 
0.300000 
0.300700 
0.301400 
0.306300 
0.307800 
0.311200 
0.311300 
0.311600 
0.313500 
0.315400 
0.315600 
0.316200 
0.317600 
0.317800 
0.318700 
0.320600 
0.322600 
0.325000 
0.325500 
0.326100 
0.326100 
0.328600 
0.330800 
0.331300 
0.331600 
0.333700 
0.334600 
0.334600 
0.334600 
0.339000 
0.340000 
0.340300 
0.340500 
0.341300 
0.342300 
0.342300 
0.343800 
0.344800 
0.345900 
0.346300 
0.346600 
0.347000 
0.349600 
0.350600 
0.351000 
0.351200 
0.352000 
0.352400 
0.354200 
0.354700 
0.356900 
0.362800 
0.366100 
0.371500 
0.372600 
0.375600 
0.375700 
0.376500 
0.376600 
0.376600 
0.377200 
0.378000 
0.378500 
0.380600 
0.380700 
0.381100 
0.381200 
0.382300 
0.382500 
0.383400 
0.387600 
0.388200 
0.389000 
0.389500 
0.391600 
0.395600 
0.395900 
0.395900 
0.398300 
0.400800 
0.402900 
0.405100 
0.407000 
0.408400 
0.408700 
0.411400 
0.413600 
0.414100 
0.415400 
0.415500 
0.416700 
0.416800 
0.419700 
0.420100 
0.420400 
0.420500 
0.421200 
0.421800 
0.422500 
0.422600 
0.423600 
0.423700 
0.423700 
0.423800 
0.423900 
0.423900 
0.424200 
0.424800 
0.425300 
0.428300 
0.430700 
0.430800 
0.433400 
0.436500 
0.436800 
0.437600 
0.441000 
0.441400 
0.443200 
0.443500 
0.444600 
0.446700 
0.448000 
0.450300 
0.451600 
0.452600 
0.453500 
0.453900 
0.456300 
0.457000 
0.457300 
0.458400 
0.459500 
0.461000 
0.462900 
0.463000 
0.466000 
0.471800 
0.472400 
0.472500 
0.472600 
0.474100 
0.475600 
0.475700 
0.477200 
0.481300 
0.484100 
0.485800 
0.486000 
0.486500 
0.487600 
0.487900 
0.489900 
0.490300 
0.491500 
0.491600 
0.492900 
0.492900 
0.494500 
0.495200 
0.496900 
0.497600 
0.498400 
0.498700 
0.498700 
0.499600 
0.503200 
0.504600 
0.505000 
0.505100 
0.506500 
0.508500 
0.511900 
0.512500 
0.513000 
0.516200 
0.516300 
0.516300 
0.517500 
0.523400 
0.523700 
0.529200 
0.530800 
0.531800 
0.531900 
0.533700 
0.534200 
0.536600 
0.537100 
0.539100 
0.539700 
0.541600 
0.544000 
0.544100 
0.544100 
0.544500 
0.544700 
0.546900 
0.547300 
0.548500 
0.550200 
0.550300 
0.552500 
0.554100 
0.556500 
0.556800 
0.557100 
0.557900 
0.559300 
0.560700 
0.561500 
0.563400 
0.565100 
0.565300 
0.566400 
0.567100 
0.567600 
0.570000 
0.571000 
0.572800 
0.572900 
0.573000 
0.574600 
0.576900 
0.577200 
0.577800 
0.578100 
0.578600 
0.580500 
0.580900 
0.581900 
0.584100 
0.584300 
0.585500 
0.586300 
0.588600 
0.590000 
0.592000 
0.592400 
0.593000 
0.596000 
0.597300 
0.597900 
0.598400 
0.599400 
0.600100 
0.600700 
0.602600 
0.603800 
0.605100 
0.605400 
0.610400 
0.610500 
0.611000 
0.611800 
0.613500 
0.613800 
0.615500 
0.616700 
0.618400 
0.620500 
0.621200 
0.622800 
0.622900 
0.623800 
0.624000 
0.624500 
0.626000 
0.627100 
0.627500 
0.628700 
0.632800 
0.633200 
0.634600 
0.636900 
0.638400 
0.638800 
0.640700 
0.647500 
0.648500 
0.650200 
0.651400 
0.651600 
0.652100 
0.653200 
0.653500 
0.654000 
0.654100 
0.654600 
0.656600 
0.656800 
0.657700 
0.659300 
0.661900 
0.663900 
0.667600 
0.668100 
0.668500 
0.671200 
0.671600 
0.672500 
0.673200 
0.673300 
0.673400 
0.675100 
0.675600 
0.676400 
0.678200 
0.678800 
0.680000 
0.680100 
0.681100 
0.682600 
0.685200 
0.689400 
0.691500 
0.694800 
0.695000 
0.696600 
0.696700 
0.696900 
0.697100 
0.697100 
0.697200 
0.697300 
0.699500 
0.700600 
0.704100 
0.707100 
0.707600 
0.711200 
0.712200 
0.713600 
0.713700 
0.714300 
0.714600 
0.715900 
0.717700 
0.718300 
0.718300 
0.719700 
0.720400 
0.720800 
0.722300 
0.723900 
0.725400 
0.725600 
0.729200 
0.729400 
0.730100 
0.730600 
0.732200 
0.733400 
0.733700 
0.734000 
0.734700 
0.736400 
0.738400 
0.739700 
0.739800 
0.740200 
0.741900 
0.745500 
0.747000 
0.747600 
0.747600 
0.747700 
0.747800 
0.748000 
0.749000 
0.749500 
0.749900 
0.751700 
0.752600 
0.753200 
0.756000 
0.756000 
0.757100 
0.757300 
0.758100 
0.758600 
0.760000 
0.760000 
0.761300 
0.761500 
0.762100 
0.762700 
0.763400 
0.765400 
0.766000 
0.767000 
0.767200 
0.768300 
0.769400 
0.769700 
0.772500 
0.772500 
0.773000 
0.773400 
0.775200 
0.775300 
0.777000 
0.779500 
0.782700 
0.784700 
0.786100 
0.786600 
0.790600 
0.793100 
0.793500 
0.794000 
0.794100 
0.794100 
0.796300 
0.798300 
0.798600 
0.799000 
0.799000 
0.799500 
0.799500 
0.801600 
0.802600 
0.803400 
0.803500 
0.804900 
0.806200 
0.807400 
0.807700 
0.808100 
0.810000 
0.812400 
0.813000 
0.814900 
0.815700 
0.816400 
0.816500 
0.817200 
0.817700 
0.818500 
0.819500 
0.819700 
0.819900 
0.820600 
0.820800 
0.821600 
0.821800 
0.822100 
0.822600 
0.822600 
0.823100 
0.827200 
0.827800 
0.828700 
0.830900 
0.831400 
0.832700 
0.834600 
0.836300 
0.839600 
0.841000 
0.843000 
0.847600 
0.848300 
0.849700 
0.851000 
0.851500 
0.852900 
0.855400 
0.857100 
0.857400 
0.859200 
0.860400 
0.860800 
0.861100 
0.862600 
0.865500 
0.866200 
0.866500 
0.867300 
0.867300 
0.868200 
0.870900 
0.874800 
0.876300 
0.876400 
0.876400 
0.876900 
0.877900 
0.878200 
0.881100 
0.881700 
0.881700 
0.884200 
0.885200 
0.885400 
0.886800 
0.887600 
0.887700 
0.890500 
0.893400 
0.894900 
0.897600 
0.900800 
0.901200 
0.901700 
0.902500 
0.903400 
0.903600 
0.904900 
0.907000 
0.907700 
0.907900 
0.911000 
0.914800 
0.915200 
0.916300 
0.917000 
0.917100 
0.921100 
0.922700 
0.923100 
0.924000 
0.927000 
0.928200 
0.930500 
0.931200 
0.931400 
0.933200 
0.936200 
0.936300 
0.937600 
0.940400 
0.941000 
0.942400 
0.942800 
0.943700 
0.943800 
0.944300 
0.945900 
0.947000 
0.949000 
0.951300 
0.951600 
0.952800 
0.953600 
0.953900 
0.953900 
0.954600 
0.955100 
0.956300 
0.959400 
0.962200 
0.962500 
0.965300 
0.966100 
0.967000 
0.969600 
0.970100 
0.970100 
0.971600 
0.972400 
0.972800 
0.973400 
0.974700 
0.975600 
0.977700 
0.978200 
0.978700 
0.979300 
0.981200 
0.982000 
0.982900 
0.983600 
0.984600 
0.987200 
0.987500 
0.987700 
0.990000 
0.994000 
0.994800 
0.995200 
0.995700 
0.996900 
0.998600 
0.998900 
0.999200 
0.999800 
1.000000 
1.001400 
1.002600 
1.004200 
1.005300 
1.008800 
1.009300 
1.010800 
1.010900 
1.012800 
1.013000 
1.013200 
1.014000 
1.014700 
1.016000 
1.018000 
1.021100 
1.022500 
1.023600 
1.024200 
1.025400 
1.025600 
1.025700 
1.027600 
1.027800 
1.030100 
1.030700 
1.032000 
1.033800 
1.034200 
1.034500 
1.035100 
1.035500 
1.039000 
1.040000 
1.044500 
1.047000 
1.048300 
1.049700 
1.049700 
1.050300 
1.051400 
1.052400 
1.053400 
1.053800 
1.054500 
1.056200 
1.056500 
1.056600 
1.057300 
1.059400 
1.062600 
1.062800 
1.063000 
1.063600 
1.065300 
1.065800 
1.066300 
1.066700 
1.067800 
1.069400 
1.069900 
1.070100 
1.070700 
1.071200 
1.072600 
1.073000 
1.074300 
1.076800 
1.079400 
1.084200 
1.086800 
1.089000 
1.090700 
1.090800 
1.091200 
1.093500 
1.094900 
1.095500 
1.095800 
1.095800 
1.096600 
1.097300 
1.097900 
1.099900 
1.100200 
1.101800 
1.103600 
1.103700 
1.104300 
1.104600 
1.105200 
1.106000 
1.107800 
1.107900 
1.108200 
1.108600 
1.110600 
1.111800 
1.116200 
1.116400 
1.118700 
1.119700 
1.120900 
1.123100 
1.123600 
1.124700 
1.125600 
1.126400 
1.128700 
1.130600 
1.135900 
1.136800 
1.136900 
1.137000 
1.139500 
1.139700 
1.139800 
1.140100 
1.142300 
1.142900 
1.143000 
1.145900 
1.146000 
1.146700 
1.147900 
1.149900 
1.152600 
1.154500 
1.155100 
1.155300 
1.156000 
1.156000 
1.156900 
1.157300 
1.158600 
1.163200 
1.165200 
1.167000 
1.167200 
1.170600 
1.175600 
1.175900 
1.177600 
1.180900 
1.183700 
1.184500 
1.184700 
1.185900 
1.186100 
1.186400 
1.186600 
1.186700 
1.187100 
1.188500 
1.190200 
1.190300 
1.191100 
1.192100 
1.193600 
1.194500 
1.194800 
1.196600 
1.197100 
1.197100 
1.199000 
1.200700 
1.202300 
1.202600 
1.203500 
1.204400 
1.204600 
1.206000 
1.206700 
1.206800 
1.208400 
1.211800 
1.211900 
1.212100 
1.213700 
1.214700 
1.215400 
1.216000 
1.216200 
1.217800 
1.218000 
1.218900 
1.218900 
1.219400 
1.220100 
1.222600 
1.222600 
1.226000 
1.227200 
1.227500 
1.229200 
1.229600 
1.231200 
1.235700 
1.238000 
1.242700 
1.243200 
1.243300 
1.243900 
1.248000 
1.249100 
1.249600 
1.249700 
1.249800 
1.249800 
1.250400 
1.251500 
1.252100 
1.252500 
1.254600 
1.254800 
1.256300 
1.258100 
1.258300 
1.259200 
1.260900 
1.263500 
1.264500 
1.265500 
1.265700 
1.266000 
1.266500 
1.267700 
1.271400 
1.273100 
1.273300 
1.276900 
1.277400 
1.280300 
1.280600 
1.284200 
1.284900 
1.286100 
1.286900 
1.288600 
1.288900 
1.289000 
1.289100 
1.289600 
1.290700 
1.290800 
1.290900 
1.291400 
1.291800 
1.292000 
1.297400 
1.301300 
1.302300 
1.304000 
1.304900 
1.311300 
1.313500 
1.313500 
1.314500 
1.315800 
1.315800 
1.317700 
1.319000 
1.320000 
1.320400 
1.322800 
1.322800 
1.323200 
1.324600 
1.324800 
1.324800 
1.325600 
1.326100 
1.326900 
1.327000 
1.327000 
1.327700 
1.328000 
1.331900 
1.332500 
1.335300 
1.336900 
1.337100 
1.340400 
1.340700 
1.341000 
1.341800 
1.343500 
1.343900 
1.345700 
1.346400 
1.351200 
1.351700 
1.358600 
1.359500 
1.359600 
1.360600 
1.362700 
1.363900 
1.364200 
1.364800 
1.365000 
1.365400 
1.367600 
1.371600 
1.371800 
1.372600 
1.372700 
1.373500 
1.373800 
1.374700 
1.375000 
1.379500 
1.381300 
1.381300 
1.381400 
1.381800 
1.383300 
1.384300 
1.384900 
1.385500 
1.386600 
1.387300 
1.387300 
1.388200 
1.388500 
1.395800 
1.395800 
1.398000 
1.398200 
1.399800 
1.400200 
1.400500 
1.402100 
1.402400 
1.403300 
1.403800 
1.404700 
1.406100 
1.406900 
1.407900 
1.411700 
1.413300 
1.416600 
1.417500 
1.417900 
1.420300 
1.421100 
1.421200 
1.421700 
1.425300 
1.425400 
1.429400 
1.430400 
1.430400 
1.431100 
1.431200 
1.433100 
1.434300 
1.435800 
1.436000 
1.436100 
1.438800 
1.441300 
1.442600 
1.442900 
1.443700 
1.443700 
1.445000 
1.447900 
1.449600 
1.450100 
1.450500 
1.452100 
1.454900 
1.456400 
1.457200 
1.457900 
1.460200 
1.463700 
1.464700 
1.466800 
1.469000 
1.470200 
1.472500 
1.475800 
1.475900 
1.477200 
1.477700 
1.478100 
1.478800 
1.479600 
1.480000 
1.482000 
1.482900 
1.483300 
1.484600 
1.486200 
1.487500 
1.488100 
1.491200 
1.491300 
1.493100 
1.493300 
1.493600 
1.495500 
1.495800 
1.496200 
1.501200 
1.505500 
1.506700 
1.507000 
1.509100 
1.511100 
1.513500 
1.515100 
1.515300 
1.515500 
1.515900 
1.515900 
1.516800 
1.517200 
1.518000 
1.518300 
1.519300 
1.519300 
1.520700 
1.521400 
1.522100 
1.522200 
1.530300 
1.530700 
1.530800 
1.531200 
1.532900 
1.533300 
1.533500 
1.536100 
1.537400 
1.540800 
1.541600 
1.542000 
1.542900 
1.543900 
1.546300 
1.548800 
1.548900 
1.551300 
1.552000 
1.554200 
1.555700 
1.556000 
1.556400 
1.556600 
1.556700 
1.560600 
1.562000 
1.562100 
1.563900 
1.564700 
1.565500 
1.565800 
1.567600 
1.568200 
1.569100 
1.570200 
1.574700 
1.575400 
1.577500 
1.578000 
1.580000 
1.582100 
1.582800 
1.584700 
1.585100 
1.585600 
1.586500 
1.587600 
1.587900 
1.589600 
1.589800 
1.591100 
1.591800 
1.592000 
1.594100 
1.594700 
1.598400 
1.598500 
1.599500 
1.600200 
1.600400 
1.602500 
1.603000 
1.604400 
1.605400 
1.607500 
1.608700 
1.610000 
1.611200 
1.611500 
1.611600 
1.613700 
1.613800 
1.614100 
1.617100 
1.620300 
1.620600 
1.621400 
1.621600 
1.622700 
1.623000 
1.625800 
1.633400 
1.633700 
1.634100 
1.636700 
1.637200 
1.637800 
1.637900 
1.637900 
1.639800 
1.640500 
1.641000 
1.641600 
1.641600 
1.643300 
1.645900 
1.646200 
1.647600 
1.648100 
1.649100 
1.650000 
1.651800 
1.653500 
1.653700 
1.654000 
1.656600 
1.657000 
1.657200 
1.658100 
1.658400 
1.659700 
1.659700 
1.665400 
1.665800 
1.667800 
1.668600 
1.669600 
1.670500 
1.675600 
1.675800 
1.683300 
1.688300 
1.688700 
1.689600 
1.690800 
1.691600 
1.692200 
1.692800 
1.693300 
1.694500 
1.694600 
1.695900 
1.698200 
1.702400 
1.703100 
1.704500 
1.704500 
1.705100 
1.705600 
1.706400 
1.707800 
1.709200 
1.709700 
1.710000 
1.711300 
1.712200 
1.712300 
1.713800 
1.714800 
1.715000 
1.715300 
1.716600 
1.718000 
1.719700 
1.724600 
1.725600 
1.725600 
1.726500 
1.726600 
1.727900 
1.727900 
1.731400 
1.732200 
1.733300 
1.734100 
1.737900 
1.739300 
1.739800 
1.741800 
1.743000 
1.744900 
1.747700 
1.747800 
1.748800 
1.750100 
1.751600 
1.754500 
1.755600 
1.756800 
1.757000 
1.758000 
1.758800 
1.759200 
1.759500 
1.759600 
1.761900 
1.762000 
1.762300 
1.763200 
1.764000 
1.764900 
1.766600 
1.768800 
1.769100 
1.771200 
1.773300 
1.775600 
1.777600 
1.780100 
1.780500 
1.780800 
1.782000 
1.783300 
1.785500 
1.786000 
1.786100 
1.786600 
1.787700 
1.787900 
1.791800 
1.792500 
1.793300 
1.794300 
1.797300 
1.798600 
1.799500 
1.799600 
1.800100 
1.805200 
1.805600 
1.805900 
1.806100 
1.806500 
1.808000 
1.811100 
1.813100 
1.814200 
1.814900 
1.815900 
1.817200 
1.817700 
1.818100 
1.818500 
1.819400 
1.821000 
1.821700 
1.829100 
1.830000 
1.830800 
1.831000 
1.832000 
1.832300 
1.835000 
1.836100 
1.837700 
1.838000 
1.840300 
1.842400 
1.843100 
1.843900 
1.845800 
1.845900 
1.846600 
1.849200 
1.851100 
1.851800 
1.852400 
1.852500 
1.852700 
1.853000 
1.855100 
1.855700 
1.857200 
1.858600 
1.860000 
1.860700 
1.860800 
1.861800 
1.863100 
1.866500 
1.867300 
1.867800 
1.868100 
1.869000 
1.871200 
1.871500 
1.871900 
1.872000 
1.875700 
1.875800 
1.875900 
1.876100 
1.877100 
1.879100 
1.882400 
1.885900 
1.889200 
1.889200 
1.890300 
1.892600 
1.894300 
1.900100 
1.901000 
1.901500 
1.901900 
1.903600 
1.903600 
1.904900 
1.905100 
1.905200 
1.905800 
1.907100 
1.907200 
1.907800 
1.908600 
1.908700 
1.908800 
1.909400 
1.911400 
1.913900 
1.917400 
1.917700 
1.917900 
1.918800 
1.919700 
1.920600 
1.921800 
1.925400 
1.929300 
1.932500 
1.934100 
1.934600 
1.934800 
1.934900 
1.936200 
1.936600 
1.936700 
1.939100 
1.941300 
1.943500 
1.944000 
1.949200 
1.950000 
1.951200 
1.952000 
1.952800 
1.953500 
1.954600 
1.955800 
1.956300 
1.956400 
1.956600 
1.956700 
1.957000 
1.960400 
1.961000 
1.963500 
1.964000 
1.967900 
1.968100 
1.972200 
1.975000 
1.977000 
1.980900 
1.981800 
1.982000 
1.982600 
1.983600 
1.984300 
1.985100 
1.986900 
1.987300 
1.987900 
1.989800 
1.992300 
1.992900 
1.992900 
1.994500 
1.996300 
1.996500 
1.997800 
1.998600 
1.999400 
1.999600 
2.002600 
2.004800 
2.006600 
2.006800 
2.006900 
2.007800 
2.010300 
2.011800 
2.016400 
2.017100 
2.018600 
2.019300 
2.019300 
2.022800 
2.023400 
2.025200 
2.028000 
2.028700 
2.029400 
2.030000 
2.030200 
2.030200 
2.030400 
2.031600 
2.032000 
2.032700 
2.033800 
2.036000 
2.036900 
2.038900 
2.039200 
2.040100 
2.040400 
2.040900 
2.044600 
2.045600 
2.046300 
2.047400 
2.047700 
2.051600 
2.052200 
2.052300 
2.053200 
2.053300 
2.054300 
2.054400 
2.055100 
2.055600 
2.055700 
2.056500 
2.057100 
2.062100 
2.064000 
2.065100 
2.067500 
2.068000 
2.070600 
2.070700 
2.071200 
2.073400 
2.074900 
2.077000 
2.077600 
2.078300 
2.079500 
2.079700 
2.084000 
2.084600 
2.086300 
2.087200 
2.087200 
2.089000 
2.089800 
2.092600 
2.092600 
2.093500 
2.095600 
2.095800 
2.096000 
2.097000 
2.099600 
2.100300 
2.100500 
2.100900 
2.102700 
2.104900 
2.107300 
2.107400 
2.108000 
2.108700 
2.109400 
2.110400 
2.114900 
2.115500 
2.115700 
2.115800 
2.116700 
2.117200 
2.118200 
2.118500 
2.118900 
2.119700 
2.123500 
2.125200 
2.125300 
2.125800 
2.126000 
2.127100 
2.127200 
2.127700 
2.128400 
2.130600 
2.130800 
2.132100 
2.134100 
2.136200 
2.138500 
2.138500 
2.138800 
2.138800 
2.139200 
2.141000 
2.141400 
2.141600 
2.144500 
2.145000 
2.145600 
2.145700 
2.148800 
2.150500 
2.150500 
2.151200 
2.151700 
2.151800 
2.154600 
2.154900 
2.155000 
2.155300 
2.156600 
2.157200 
2.160700 
2.161500 
2.163700 
2.165200 
2.165600 
2.166000 
2.166500 
2.167300 
2.167500 
2.167700 
2.168100 
2.168700 
2.170800 
2.174300 
2.174500 
2.176100 
2.177900 
2.178900 
2.180400 
2.181000 
2.182100 
2.183300 
2.185200 
2.189000 
2.189500 
2.190400 
2.192700 
2.194200 
2.196100 
2.196300 
2.197900 
2.199700 
2.201800 
2.202700 
2.203200 
2.203300 
2.205000 
2.206000 
2.206200 
2.206300 
2.206900 
2.209000 
2.210500 
2.210800 
2.214000 
2.214200 
2.214300 
2.215800 
2.217300 
2.220100 
2.220400 
2.220900 
2.221000 
2.221800 
2.222700 
2.223000 
2.226000 
2.228100 
2.229600 
2.230800 
2.231200 
2.232500 
2.234000 
2.235100 
2.236100 
2.236600 
2.237000 
2.237200 
2.237500 
2.241100 
2.242100 
2.243300 
2.244200 
2.244400 
2.246700 
2.246700 
2.248300 
2.248400 
2.249800 
2.251800 
2.252200 
2.254600 
2.255500 
2.255800 
2.257600 
2.257800 
2.258200 
2.258600 
2.259100 
2.261700 
2.262300 
2.267300 
2.267500 
2.268200 
2.268300 
2.268700 
2.271600 
2.272000 
2.273800 
2.275000 
2.278000 
2.281200 
2.281400 
2.282700 
2.283000 
2.284000 
2.284100 
2.285600 
2.286700 
2.289200 
2.290000 
2.291300 
2.291600 
2.293400 
2.293800 
2.294900 
2.295600 
2.296200 
2.296800 
2.297100 
2.302200 
2.303800 
2.304400 
2.308800 
2.310100 
2.310300 
2.310300 
2.310500 
2.312300 
2.312400 
2.314600 
2.314800 
2.318900 
2.319200 
2.319800 
2.320100 
2.320300 
2.320700 
2.321800 
2.322100 
2.322200 
2.324200 
2.324900 
2.326200 
2.326200 
2.326900 
2.327200 
2.329600 
2.330800 
2.332700 
2.333400 
2.334200 
2.336300 
2.337200 
2.337400 
2.338400 
2.340200 
2.341100 
2.344600 
2.346200 
2.347500 
2.347900 
2.351500 
2.355000 
2.355100 
2.355400 
2.355700 
2.356400 
2.359400 
2.359500 
2.360200 
2.360900 
2.361000 
2.362900 
2.363100 
2.363400 
2.364300 
2.365500 
2.366100 
2.368100 
2.369000 
2.372200 
2.373000 
2.373500 
2.375000 
2.375900 
2.377600 
2.378200 
2.378300 
2.379100 
2.379400 
2.381200 
2.381700 
2.384300 
2.384400 
2.385800 
2.386300 
2.386900 
2.388100 
2.390100 
2.391600 
2.394100 
2.395600 
2.396700 
2.397000 
2.397800 
2.397800 
2.399900 
2.401200 
2.401400 
2.406100 
2.407900 
2.408900 
2.409400 
2.410100 
2.413300 
2.413700 
2.414500 
2.415600 
2.416900 
2.418300 
2.420600 
2.422200 
2.422400 
2.425700 
2.426700 
2.429100 
2.429400 
2.429700 
2.430100 
2.431700 
2.432700 
2.433800 
2.435100 
2.437500 
2.438000 
2.440100 
2.441800 
2.442500 
2.444300 
2.446600 
2.446600 
2.448900 
2.449400 
2.449500 
2.451800 
2.453500 
2.453800 
2.454100 
2.454200 
2.454600 
2.455100 
2.455500 
2.456100 
2.456300 
2.457200 
2.459500 
2.461100 
2.461400 
2.463100 
2.464700 
2.465100 
2.465200 
2.465900 
2.466500 
2.466900 
2.469000 
2.471800 
2.474600 
2.476900 
2.479300 
2.481600 
2.481700 
2.484800 
2.485400 
2.485900 
2.487700 
2.488100 
2.489400 
2.490200 
2.491300 
2.491400 
2.492100 
2.492500 
2.493200 
2.493300 
2.494500 
2.495600 
2.496000 
2.498000 
2.499200 
2.501500 
2.502700 
2.504100 
2.506000 
2.508200 
2.509400 
2.509500 
2.511200 
2.512300 
2.516400 
2.517000 
2.519200 
2.520300 
2.521500 
2.523700 
2.523900 
2.524900 
2.525700 
2.530300 
2.530900 
2.532600 
2.536400 
2.538300 
2.538700 
2.539800 
2.540100 
2.540300 
2.540400 
2.541500 
2.541900 
2.542600 
2.544400 
2.547900 
2.548300 
2.548300 
2.548400 
2.551400 
2.555100 
2.555600 
2.557900 
2.558100 
2.558300 
2.558900 
2.559900 
2.560900 
2.561300 
2.562600 
2.566100 
2.567000 
2.570600 
2.571600 
2.573400 
2.577000 
2.578100 
2.578400 
2.578600 
2.584800 
2.586000 
2.587200 
2.590700 
2.592200 
2.593500 
2.593700 
2.593900 
2.594200 
2.595400 
2.596600 
2.599400 
2.600800 
2.603000 
2.603400 
2.603800 
2.604800 
2.611100 
2.611400 
2.614700 
2.616400 
2.618300 
2.619700 
2.620600 
2.620800 
2.621800 
2.623800 
2.624200 
2.628500 
2.629000 
2.629500 
2.630500 
2.631100 
2.631200 
2.636000 
2.636200 
2.636200 
2.636700 
2.638700 
2.639300 
2.640900 
2.642600 
2.644400 
2.644800 
2.645400 
2.647300 
2.647700 
2.648600 
2.650300 
2.650400 
2.651800 
2.654500 
2.654900 
2.655900 
2.656700 
2.657600 
2.659200 
2.659300 
2.659600 
2.661000 
2.661600 
2.661900 
2.662000 
2.663800 
2.664200 
2.665700 
2.666300 
2.668800 
2.670000 
2.671400 
2.671600 
2.671900 
2.673200 
2.674000 
2.674900 
2.677800 
2.678800 
2.685900 
2.688100 
2.689400 
2.691300 
2.691300 
2.692900 
2.694100 
2.694400 
2.694700 
2.695100 
2.695900 
2.698700 
2.698900 
2.699800 
2.700200 
2.701200 
2.703300 
2.703900 
2.707700 
2.710900 
2.711400 
2.711600 
2.712800 
2.715900 
2.716400 
2.717200 
2.717300 
2.718700 
2.721300 
2.721900 
2.722900 
2.726900 
2.727100 
2.728100 
2.728600 
2.734100 
2.735800 
2.737400 
2.738600 
2.739900 
2.740700 
2.740900 
2.742200 
2.743500 
2.743500 
2.743800 
2.744500 
2.746800 
2.746900 
2.746900 
2.748500 
2.749900 
2.750400 
2.750500 
2.756500 
2.756700 
2.758300 
2.758400 
2.758500 
2.758700 
2.760500 
2.760800 
2.762100 
2.763800 
2.764100 
2.768000 
2.768600 
2.768600 
2.769200 
2.770100 
2.770400 
2.771000 
2.771300 
2.774600 
2.775200 
2.776000 
2.778000 
2.778900 
2.779100 
2.782100 
2.782200 
2.782200 
2.782900 
2.786000 
2.787800 
2.788200 
2.790100 
2.790500 
2.792200 
2.795100 
2.799400 
2.800100 
2.800600 
2.800600 
2.801300 
2.801300 
2.804000 
2.810900 
2.811000 
2.812100 
2.815200 
2.815500 
2.815800 
2.816500 
2.816700 
2.818900 
2.820000 
2.822100 
2.825000 
2.825600 
2.827600 
2.829300 
2.829600 
2.831300 
2.831500 
2.832100 
2.832400 
2.832700 
2.835900 
2.837700 
2.838800 
2.842000 
2.842200 
2.843500 
2.843500 
2.843800 
2.845700 
2.848400 
2.848400 
2.849500 
2.849500 
2.850900 
2.852400 
2.854200 
2.855200 
2.857400 
2.858000 
2.859400 
2.859600 
2.859900 
2.864400 
2.865100 
2.865100 
2.865400 
2.866500 
2.869500 
2.870000 
2.870600 
2.871700 
2.871800 
2.871800 
2.873600 
2.878600 
2.880700 
2.880800 
2.881100 
2.883500 
2.884000 
2.885600 
2.891600 
2.892300 
2.893000 
2.894800 
2.895500 
2.897400 
2.897700 
2.898000 
2.899300 
2.900600 
2.902400 
2.903100 
2.903300 
2.905500 
2.906200 
2.906700 
2.907700 
2.907900 
2.909800 
2.912100 
2.912400 
2.912500 
2.914400 
2.916000 
2.916600 
2.920000 
2.920400 
2.920500 
2.925500 
2.927900 
2.928300 
2.928500 
2.929000 
2.929300 
2.930300 
2.930400 
2.930800 
2.931000 
2.931300 
2.931500 
2.932800 
2.935200 
2.936100 
2.936400 
2.936700 
2.937500 
2.938100 
2.939100 
2.940700 
2.941500 
2.944000 
2.944100 
2.947700 
2.949100 
2.949500 
2.949900 
2.950000 
2.950400 
2.952900 
2.954600 
2.956100 
2.956900 
2.957900 
2.958000 
2.959900 
2.961600 
2.963700 
2.963900 
2.965500 
2.966100 
2.972200 
2.975600 
2.976300 
2.976500 
2.976600 
2.977300 
2.977300 
2.982200 
2.982300 
2.983300 
2.983700 
2.985300 
2.985600 
2.989700 
2.989900 
2.989900 
2.989900 
2.990000 
2.990300 
2.990400 
2.990700 
2.997000 
2.998600 
2.999600 
