0.026200 
0.027100 
0.032700 
0.035400 
0.037000 
0.048200 
0.053300 
0.053400 
0.054200 
0.054900 
0.062200 
0.065600 
0.071100 
0.080700 
0.083400 
0.085500 
0.094300 
0.095200 
0.098900 
0.099800 
0.100400 
0.104700 
0.104900 
0.115100 
0.117100 
0.120500 
0.121600 
0.124800 
0.132900 
0.137700 
0.142300 
0.143900 
0.147800 
0.159200 
0.165000 
0.171000 
0.171000 
0.173400 
0.173400 
0.178300 
0.178600 
0.185300 
0.209600 
0.217600 
0.219600 
0.225300 
0.229300 
0.230600 
0.232200 
0.234900 
0.235600 
0.238100 
0.239200 
0.239500 
0.256900 
0.258100 
0.259400 
0.260700 
0.264600 
0.267000 
0.271000 
0.278500 
0.281200 
0.284600 
0.292800 
0.296900 
0.299600 
0.301400 
0.308500 
0.308700 
0.310600 
0.311200 
0.312100 
0.312500 
0.325100 
0.329400 
0.340800 
0.343500 
0.358400 
0.359600 
0.379600 
0.381700 
0.381800 
0.386000 
0.390800 
0.400100 
0.421400 
0.426300 
0.433600 
0.436400 
0.439900 
0.456200 
0.456500 
0.457000 
0.457600 
0.459100 
0.465200 
0.466000 
0.467800 
0.475200 
0.477700 
0.479300 
0.487100 
0.489300 
0.491600 
0.493800 
0.494100 
0.500700 
0.504200 
0.512100 
0.521800 
0.524400 
0.529000 
0.530400 
0.533900 
0.545700 
0.547000 
0.565800 
0.568100 
0.576600 
0.577000 
0.580800 
0.581300 
0.583400 
0.584800 
0.599800 
0.600900 
0.602400 
0.606100 
0.611400 
0.616800 
0.628500 
0.630200 
0.631800 
0.637400 
0.645600 
0.653900 
0.655300 
0.661600 
0.666600 
0.668300 
0.668900 
0.673900 
0.677500 
0.687100 
0.703100 
0.705300 
0.707900 
0.712800 
0.715600 
0.728000 
0.728700 
0.729200 
0.735800 
0.744200 
0.744800 
0.745500 
0.747400 
0.748400 
0.750500 
0.753400 
0.755900 
0.758600 
0.766600 
0.770500 
0.771200 
0.782600 
0.788400 
0.789500 
0.790900 
0.794500 
0.795700 
0.798800 
0.804500 
0.807500 
0.808400 
0.815200 
0.828700 
0.829600 
0.832100 
0.840000 
0.842500 
0.845000 
0.848600 
0.858200 
0.858500 
0.859300 
0.871300 
0.877900 
0.885100 
0.885300 
0.887200 
0.892900 
0.897500 
0.902700 
0.903100 
0.904100 
0.907200 
0.911300 
0.918700 
0.921800 
0.921900 
0.922100 
0.923300 
0.933100 
0.943000 
0.943800 
0.943900 
0.950600 
0.959300 
0.962300 
0.968400 
0.977600 
0.979800 
0.983100 
0.991200 
0.992300 
0.997600 
0.999000 
0.999200 
1.011600 
1.012900 
1.023900 
1.024300 
1.030300 
1.046000 
1.063800 
1.068400 
1.070400 
1.070400 
1.072100 
1.073100 
1.076100 
1.076600 
1.082900 
1.085000 
1.086100 
1.086200 
1.095200 
1.097000 
1.099300 
1.106000 
1.115800 
1.126300 
1.130700 
1.133400 
1.137700 
1.143900 
1.147800 
1.150500 
1.151000 
1.154000 
1.162900 
1.165100 
1.166500 
1.172100 
1.174000 
1.175700 
1.179900 
1.183600 
1.184500 
1.188000 
1.192700 
1.194500 
1.196800 
1.198600 
1.205400 
1.208800 
1.211300 
1.211400 
1.216800 
1.218600 
1.222200 
1.229200 
1.229600 
1.231100 
1.244900 
1.248500 
1.250400 
1.254800 
1.256400 
1.261100 
1.265500 
1.274200 
1.281900 
1.289400 
1.294800 
1.296700 
1.297000 
1.299300 
1.301000 
1.312000 
1.314600 
1.314900 
1.315100 
1.316000 
1.319100 
1.320600 
1.320800 
1.331700 
1.334700 
1.337400 
1.341400 
1.348800 
1.349300 
1.351000 
1.351200 
1.360100 
1.360900 
1.366600 
1.369200 
1.371000 
1.373400 
1.373500 
1.375100 
1.383200 
1.385600 
1.390500 
1.394600 
1.395500 
1.395500 
1.402000 
1.403800 
1.418300 
1.420100 
1.424200 
1.429100 
1.434500 
1.435500 
1.438600 
1.439900 
1.441200 
1.446800 
1.455300 
1.462300 
1.473900 
1.478900 
1.486200 
1.496500 
1.504900 
1.518000 
1.524000 
1.525800 
1.527200 
1.527600 
1.529300 
1.533000 
1.536900 
1.537900 
1.545400 
1.546300 
1.564300 
1.566200 
1.567400 
1.567900 
1.569700 
1.572100 
1.576500 
1.577700 
1.578500 
1.584000 
1.585100 
1.592500 
1.600400 
1.603300 
1.612900 
1.614400 
1.623000 
1.623000 
1.625900 
1.633200 
1.634800 
1.637900 
1.654000 
1.655100 
1.655300 
1.658500 
1.663800 
1.665500 
1.669800 
1.682700 
1.683500 
1.688300 
1.692200 
1.704800 
1.705300 
1.709500 
1.710400 
1.713500 
1.734200 
1.736600 
1.737900 
1.738800 
1.758500 
1.761600 
1.768900 
1.772200 
1.777800 
1.787600 
1.787600 
1.787700 
1.788400 
1.789900 
1.791100 
1.791800 
1.798700 
1.800400 
1.801600 
1.801600 
1.803800 
1.805900 
1.807400 
1.809400 
1.814800 
1.820100 
1.824400 
1.827400 
1.828600 
1.844600 
1.849300 
1.850000 
1.851500 
1.861000 
1.863200 
1.869200 
1.879200 
1.880600 
1.882600 
1.887500 
1.889400 
1.901200 
1.904100 
1.908300 
1.910800 
1.915300 
1.917000 
1.920500 
1.921300 
1.936600 
1.936700 
1.950400 
1.950800 
1.959300 
1.962500 
1.968000 
1.968500 
1.979300 
1.981500 
1.983500 
1.984200 
1.986800 
1.987200 
1.998300 
2.002600 
2.003400 
2.004800 
2.005700 
2.016400 
2.035000 
2.036200 
2.037400 
2.038000 
2.039000 
2.068200 
2.070200 
2.071500 
2.077000 
2.086900 
2.087800 
2.089100 
2.103500 
2.106100 
2.109200 
2.122400 
2.122500 
2.123600 
2.123800 
2.127500 
2.146500 
2.147700 
2.155300 
2.158500 
2.160100 
2.166900 
2.168600 
2.169800 
2.170100 
2.173600 
2.183400 
2.190100 
2.190200 
2.194000 
2.198000 
2.200100 
2.203600 
2.204900 
2.205500 
2.211300 
2.213500 
2.219400 
2.222300 
2.230400 
2.232400 
2.237200 
2.238000 
2.239100 
2.257400 
2.265200 
2.266300 
2.268100 
2.268200 
2.273300 
2.275400 
2.278200 
2.278900 
2.289600 
2.290900 
2.297100 
2.305100 
2.306800 
2.307800 
2.312400 
2.312500 
2.312900 
2.313100 
2.313100 
2.316200 
2.319300 
2.331500 
2.332100 
2.334300 
2.334900 
2.336000 
2.346800 
2.354900 
2.363500 
2.370400 
2.378700 
2.387100 
2.391700 
2.391800 
2.393700 
2.405600 
2.406900 
2.410500 
2.416400 
2.416900 
2.417000 
2.419400 
2.420900 
2.421400 
2.437400 
2.443100 
2.444600 
2.445900 
2.446500 
2.448700 
2.458700 
2.463400 
2.464000 
2.470300 
2.473100 
2.474000 
2.488800 
2.488800 
2.490400 
2.495700 
2.513600 
2.515900 
2.516100 
2.531400 
2.533400 
2.533500 
2.541700 
2.544400 
2.547500 
2.547600 
2.550100 
2.555100 
2.558000 
2.559100 
2.559200 
2.561200 
2.568600 
2.573700 
2.575300 
2.579700 
2.580000 
2.582600 
2.605200 
2.615700 
2.616300 
2.619700 
2.623800 
2.624400 
2.627500 
2.629000 
2.629300 
2.630400 
2.649000 
2.649800 
2.653400 
2.653800 
2.654600 
2.660100 
2.668600 
2.670400 
2.678000 
2.683300 
2.686900 
2.692900 
2.693800 
2.696100 
2.696200 
2.697500 
2.700600 
2.700700 
2.702100 
2.709100 
2.712200 
2.714500 
2.718200 
2.730400 
2.737000 
2.738700 
2.740800 
2.744900 
2.745100 
2.750800 
2.754100 
2.761700 
2.775100 
2.790900 
2.795400 
2.796200 
2.798500 
2.799700 
2.803100 
2.812700 
2.813800 
2.817400 
2.818200 
2.824600 
2.828400 
2.831200 
2.832200 
2.835900 
2.837000 
2.839300 
2.841800 
2.842200 
2.855200 
2.857700 
2.858300 
2.866100 
2.866500 
2.869800 
2.884000 
2.885500 
2.885700 
2.888100 
2.890500 
2.890700 
2.893500 
2.896400 
2.898200 
2.902000 
2.906400 
2.909600 
2.912500 
2.916300 
2.922200 
2.929000 
2.937300 
2.943500 
2.946300 
2.949000 
2.954000 
2.954400 
2.960700 
2.962500 
2.962700 
2.963000 
2.963900 
2.966500 
2.967900 
2.969000 
2.981800 
2.984800 
2.986800 
2.989100 
2.990900 
2.991600 
2.992800 
