0.021100 
0.021500 
0.023800 
0.024800 
0.025300 
0.027600 
0.032900 
0.034200 
0.036600 
0.036700 
0.039500 
0.040400 
0.041100 
0.042400 
0.043700 
0.044600 
0.048000 
0.050100 
0.053900 
0.055700 
0.064000 
0.066200 
0.066300 
0.068900 
0.072900 
0.073200 
0.077200 
0.080800 
0.081000 
0.081700 
0.083600 
0.084100 
0.084100 
0.088200 
0.090300 
0.090900 
0.096500 
0.098000 
0.104300 
0.105500 
0.107700 
0.109500 
0.109500 
0.110200 
0.110400 
0.110700 
0.110800 
0.112400 
0.118400 
0.123100 
0.127200 
0.128000 
0.128800 
0.131600 
0.132500 
0.133500 
0.135200 
0.139600 
0.140800 
0.146100 
0.147800 
0.148100 
0.148700 
0.150500 
0.151900 
0.154700 
0.156200 
0.158700 
0.159300 
0.159400 
0.159900 
0.160000 
0.165900 
0.166100 
0.168500 
0.168700 
0.170000 
0.172400 
0.172800 
0.173100 
0.173600 
0.178800 
0.179100 
0.181800 
0.183400 
0.186000 
0.186400 
0.186600 
0.190000 
0.190100 
0.190700 
0.191200 
0.192100 
0.192100 
0.198900 
0.199800 
0.200300 
0.205100 
0.205800 
0.207500 
0.207800 
0.210500 
0.210800 
0.213200 
0.213700 
0.214100 
0.216800 
0.217500 
0.219500 
0.220700 
0.221700 
0.222600 
0.226100 
0.228100 
0.228500 
0.228600 
0.228800 
0.230500 
0.234400 
0.235200 
0.239000 
0.241100 
0.241400 
0.241700 
0.242500 
0.243800 
0.245000 
0.245800 
0.247700 
0.248900 
0.250700 
0.255300 
0.259200 
0.260200 
0.262200 
0.263200 
0.265800 
0.267600 
0.273100 
0.274300 
0.274700 
0.277400 
0.279400 
0.280200 
0.280500 
0.281800 
0.282700 
0.282700 
0.284300 
0.284600 
0.286600 
0.287100 
0.287100 
0.292700 
0.300200 
0.300200 
0.300500 
0.302000 
0.302100 
0.303200 
0.303600 
0.303900 
0.306600 
0.307500 
0.315300 
0.316000 
0.319400 
0.322300 
0.328200 
0.329000 
0.329300 
0.330600 
0.332600 
0.337700 
0.337700 
0.339100 
0.339400 
0.343000 
0.343600 
0.345000 
0.346000 
0.352500 
0.354400 
0.355900 
0.356400 
0.358800 
0.361000 
0.362100 
0.363900 
0.369200 
0.374100 
0.375600 
0.376800 
0.379400 
0.379700 
0.379900 
0.380800 
0.380900 
0.382800 
0.391100 
0.392700 
0.395100 
0.395900 
0.400200 
0.404800 
0.407100 
0.408200 
0.410500 
0.411000 
0.411900 
0.414100 
0.415700 
0.420500 
0.422000 
0.422100 
0.425000 
0.427100 
0.430300 
0.430600 
0.437200 
0.437900 
0.438200 
0.438600 
0.439800 
0.440200 
0.440500 
0.442700 
0.446100 
0.452500 
0.452500 
0.452500 
0.452800 
0.456900 
0.457100 
0.457800 
0.458300 
0.459300 
0.461400 
0.461600 
0.461700 
0.462700 
0.463400 
0.464100 
0.464500 
0.466200 
0.468200 
0.469900 
0.471900 
0.472200 
0.473700 
0.474500 
0.475600 
0.479600 
0.490200 
0.491300 
0.491800 
0.492400 
0.494200 
0.494600 
0.495100 
0.495200 
0.498500 
0.498900 
0.504300 
0.504900 
0.506800 
0.508700 
0.509600 
0.511900 
0.512100 
0.513200 
0.513300 
0.514000 
0.519100 
0.520200 
0.522500 
0.531900 
0.533300 
0.533500 
0.535700 
0.538600 
0.540300 
0.540600 
0.541600 
0.541900 
0.543100 
0.544800 
0.544800 
0.556500 
0.557700 
0.558100 
0.559800 
0.561400 
0.566200 
0.567400 
0.572900 
0.574300 
0.575300 
0.576400 
0.580200 
0.580500 
0.581100 
0.583900 
0.584600 
0.585300 
0.588400 
0.594000 
0.595900 
0.599500 
0.601200 
0.601200 
0.602600 
0.604200 
0.604900 
0.609500 
0.609500 
0.609800 
0.610000 
0.613800 
0.614200 
0.616800 
0.621000 
0.622000 
0.622300 
0.623200 
0.627000 
0.627400 
0.627700 
0.629000 
0.630300 
0.631100 
0.634500 
0.636200 
0.637400 
0.643000 
0.644400 
0.645400 
0.651300 
0.651400 
0.651600 
0.653000 
0.653100 
0.658000 
0.658900 
0.659500 
0.659800 
0.659900 
0.663800 
0.664500 
0.668800 
0.669100 
0.673200 
0.678300 
0.678400 
0.679200 
0.682400 
0.683200 
0.683300 
0.683600 
0.684800 
0.686300 
0.687000 
0.688100 
0.692700 
0.693100 
0.693500 
0.694300 
0.694900 
0.700300 
0.702500 
0.702600 
0.702900 
0.705300 
0.710300 
0.710700 
0.711300 
0.712500 
0.713600 
0.716500 
0.717700 
0.717900 
0.719100 
0.719900 
0.728100 
0.729600 
0.731200 
0.733300 
0.735900 
0.740100 
0.742900 
0.745400 
0.746300 
0.747400 
0.748600 
0.749900 
0.752000 
0.754000 
0.757300 
0.760300 
0.761100 
0.765700 
0.768900 
0.769100 
0.770700 
0.773000 
0.773400 
0.776600 
0.779000 
0.782100 
0.782500 
0.782700 
0.783000 
0.787200 
0.791300 
0.793000 
0.796100 
0.800100 
0.801900 
0.803500 
0.804100 
0.805400 
0.805800 
0.809000 
0.809300 
0.814900 
0.815300 
0.818300 
0.818400 
0.824200 
0.828900 
0.830300 
0.832200 
0.834800 
0.836100 
0.838000 
0.838500 
0.840300 
0.841400 
0.842000 
0.846700 
0.850300 
0.850700 
0.855700 
0.856500 
0.858200 
0.859800 
0.861000 
0.861900 
0.864500 
0.869800 
0.870200 
0.871000 
0.872300 
0.873300 
0.873400 
0.878400 
0.882800 
0.883500 
0.889400 
0.889700 
0.890600 
0.892800 
0.896400 
0.900800 
0.901500 
0.904300 
0.905200 
0.908700 
0.909700 
0.912000 
0.913800 
0.915600 
0.915700 
0.915800 
0.915900 
0.919300 
0.921900 
0.923500 
0.923600 
0.924000 
0.924200 
0.925400 
0.927400 
0.933200 
0.934200 
0.935000 
0.941500 
0.943800 
0.947000 
0.947200 
0.948600 
0.955300 
0.957500 
0.957500 
0.959800 
0.959900 
0.961000 
0.961500 
0.962200 
0.966700 
0.966900 
0.971200 
0.974300 
0.975800 
0.975900 
0.978300 
0.979200 
0.984300 
0.988100 
0.988900 
0.993400 
0.995000 
0.995600 
0.996600 
0.996800 
0.997700 
0.997900 
0.998100 
0.998900 
1.020500 
1.024800 
1.025300 
1.027100 
1.027200 
1.030100 
1.030600 
1.030900 
1.031600 
1.031900 
1.035900 
1.038000 
1.039300 
1.042000 
1.045000 
1.049000 
1.051100 
1.052300 
1.054100 
1.055100 
1.058100 
1.058700 
1.064100 
1.068300 
1.071300 
1.075000 
1.076100 
1.076100 
1.076900 
1.081000 
1.081200 
1.082700 
1.090000 
1.091400 
1.091700 
1.094000 
1.097600 
1.098500 
1.100400 
1.100400 
1.100700 
1.100800 
1.103900 
1.103900 
1.104000 
1.105100 
1.105200 
1.105500 
1.107800 
1.108900 
1.112100 
1.116400 
1.117400 
1.122300 
1.125600 
1.126800 
1.132700 
1.134600 
1.136100 
1.138900 
1.141900 
1.143700 
1.144500 
1.144600 
1.145100 
1.148000 
1.149600 
1.149800 
1.150700 
1.150900 
1.152300 
1.152700 
1.153000 
1.153900 
1.156800 
1.159400 
1.161300 
1.167600 
1.168800 
1.170200 
1.171100 
1.171600 
1.172100 
1.177300 
1.178000 
1.183000 
1.185100 
1.185600 
1.186000 
1.187400 
1.189900 
1.190000 
1.190400 
1.191400 
1.193200 
1.194500 
1.194700 
1.202400 
1.205200 
1.205900 
1.207300 
1.209900 
1.213500 
1.217100 
1.218300 
1.219400 
1.222000 
1.224800 
1.226100 
1.226900 
1.228500 
1.229800 
1.230600 
1.230700 
1.231300 
1.234300 
1.234700 
1.236200 
1.237700 
1.237900 
1.246700 
1.246700 
1.248600 
1.248700 
1.251000 
1.251300 
1.253300 
1.254700 
1.254700 
1.256500 
1.257500 
1.263300 
1.264900 
1.266900 
1.269900 
1.269900 
1.270100 
1.275100 
1.275200 
1.277200 
1.277300 
1.277800 
1.287500 
1.290600 
1.293700 
1.293700 
1.294800 
1.295100 
1.297300 
1.300300 
1.300400 
1.304800 
1.305300 
1.306700 
1.307000 
1.309400 
1.314200 
1.315000 
1.315200 
1.315300 
1.317100 
1.318500 
1.324000 
1.324400 
1.327800 
1.332100 
1.332600 
1.334100 
1.335400 
1.335900 
1.338400 
1.338500 
1.343000 
1.344500 
1.351200 
1.353100 
1.355300 
1.355600 
1.355900 
1.356400 
1.363100 
1.363800 
1.365500 
1.367600 
1.369200 
1.372300 
1.372700 
1.373700 
1.373800 
1.380100 
1.380700 
1.381600 
1.383800 
1.384300 
1.384600 
1.384800 
1.385300 
1.390800 
1.393000 
1.395300 
1.395900 
1.399200 
1.403700 
1.404100 
1.404200 
1.407100 
1.412400 
1.414500 
1.415500 
1.417700 
1.417800 
1.419000 
1.419400 
1.419600 
1.424400 
1.424500 
1.424800 
1.426300 
1.427000 
1.429300 
1.430500 
1.430800 
1.431400 
1.432000 
1.433500 
1.437200 
1.438600 
1.440100 
1.441400 
1.442800 
1.444700 
1.445100 
1.448900 
1.450100 
1.451500 
1.452300 
1.453700 
1.454600 
1.454900 
1.455600 
1.457000 
1.462400 
1.464300 
1.465700 
1.468100 
1.468400 
1.468500 
1.475700 
1.478000 
1.479800 
1.483100 
1.487500 
1.490100 
1.493400 
1.494400 
1.494600 
1.495300 
1.495800 
1.497800 
1.499100 
1.502300 
1.502500 
1.503700 
1.505900 
1.506200 
1.510300 
1.518900 
1.520600 
1.520900 
1.521200 
1.523500 
1.525500 
1.529700 
1.532100 
1.532200 
1.534100 
1.535500 
1.537200 
1.538700 
1.538900 
1.539200 
1.542000 
1.543100 
1.550500 
1.550500 
1.551200 
1.551900 
1.553100 
1.554400 
1.555400 
1.557100 
1.565700 
1.569300 
1.570900 
1.571700 
1.572900 
1.573700 
1.574900 
1.577000 
1.584700 
1.585400 
1.589300 
1.592000 
1.593600 
1.594100 
1.594700 
1.603700 
1.605300 
1.605900 
1.607100 
1.609200 
1.611500 
1.615300 
1.617100 
1.619600 
1.621400 
1.624300 
1.626000 
1.628100 
1.629200 
1.630300 
1.633400 
1.636100 
1.639000 
1.639700 
1.640700 
1.642600 
1.648500 
1.650100 
1.652500 
1.656700 
1.657000 
1.660800 
1.662900 
1.663300 
1.666900 
1.667300 
1.667800 
1.667900 
1.670900 
1.673800 
1.675100 
1.676700 
1.679100 
1.679300 
1.680000 
1.681500 
1.683800 
1.686300 
1.689800 
1.691300 
1.693100 
1.696200 
1.697200 
1.701100 
1.701300 
1.702600 
1.703900 
1.704600 
1.704900 
1.706300 
1.707200 
1.707700 
1.709000 
1.709500 
1.716200 
1.717300 
1.718800 
1.720600 
1.724400 
1.725000 
1.731900 
1.732400 
1.733500 
1.735800 
1.737200 
1.737400 
1.737400 
1.738000 
1.739200 
1.739600 
1.746400 
1.747100 
1.748300 
1.749000 
1.749400 
1.749500 
1.751000 
1.752100 
1.752900 
1.753900 
1.755300 
1.756100 
1.762400 
1.766900 
1.768400 
1.769300 
1.770200 
1.770500 
1.770600 
1.775100 
1.776400 
1.778500 
1.778900 
1.779500 
1.779600 
1.780300 
1.782900 
1.788900 
1.791000 
1.793000 
1.794100 
1.794400 
1.794500 
1.796700 
1.800700 
1.800700 
1.805800 
1.810500 
1.810900 
1.813300 
1.816700 
1.818600 
1.819300 
1.822100 
1.822400 
1.822400 
1.822500 
1.823500 
1.824900 
1.825400 
1.825800 
1.827900 
1.829900 
1.830100 
1.830200 
1.832200 
1.833900 
1.834500 
1.838400 
1.849200 
1.849500 
1.849500 
1.854900 
1.855100 
1.856800 
1.857700 
1.858900 
1.862300 
1.863800 
1.865400 
1.866600 
1.869900 
1.871900 
1.872300 
1.873900 
1.874600 
1.878200 
1.882200 
1.883100 
1.887700 
1.889500 
1.889800 
1.892900 
1.893000 
1.894800 
1.899000 
1.900200 
1.901500 
1.902200 
1.903100 
1.906600 
1.906900 
1.909100 
1.910500 
1.915100 
1.915400 
1.915500 
1.916900 
1.917300 
1.917800 
1.918500 
1.918800 
1.919000 
1.920100 
1.923500 
1.925700 
1.926900 
1.928200 
1.930200 
1.930500 
1.932500 
1.933000 
1.933600 
1.935000 
1.935600 
1.938000 
1.938800 
1.939200 
1.939900 
1.941000 
1.942100 
1.945000 
1.949500 
1.949600 
1.951300 
1.954800 
1.954900 
1.957100 
1.958400 
1.959000 
1.962200 
1.963100 
1.965600 
1.966700 
1.969100 
1.970100 
1.970600 
1.972000 
1.974000 
1.977400 
1.978300 
1.978400 
1.980100 
1.980400 
1.981100 
1.981300 
1.982600 
1.984300 
1.985800 
1.987500 
1.988100 
1.989500 
1.990400 
1.991500 
1.993100 
1.993100 
1.993600 
1.994300 
2.000000 
2.000200 
2.003100 
2.004100 
2.009100 
2.013300 
2.016100 
2.016200 
2.023600 
2.024900 
2.028000 
2.028400 
2.028600 
2.029200 
2.029800 
2.032700 
2.035600 
2.037100 
2.038600 
2.041800 
2.042500 
2.044400 
2.046700 
2.048900 
2.051500 
2.052000 
2.056200 
2.057000 
2.057700 
2.060200 
2.060300 
2.062900 
2.063200 
2.066100 
2.066400 
2.067000 
2.068900 
2.072100 
2.073800 
2.074700 
2.075000 
2.076300 
2.079800 
2.081300 
2.082200 
2.082600 
2.082700 
2.083700 
2.092400 
2.093500 
2.095900 
2.096500 
2.099600 
2.099700 
2.100900 
2.102600 
2.102700 
2.102800 
2.103200 
2.103400 
2.103600 
2.104700 
2.107200 
2.113700 
2.116800 
2.116900 
2.118000 
2.118400 
2.119200 
2.119200 
2.119500 
2.119700 
2.119800 
2.121900 
2.122100 
2.122600 
2.123800 
2.123900 
2.124300 
2.129200 
2.129700 
2.130700 
2.131000 
2.131900 
2.135200 
2.137700 
2.139400 
2.139500 
2.139800 
2.140600 
2.142900 
2.149300 
2.151100 
2.153500 
2.155700 
2.161300 
2.162400 
2.164200 
2.164400 
2.170000 
2.173600 
2.174100 
2.176000 
2.177900 
2.179000 
2.179300 
2.180100 
2.180300 
2.180400 
2.185200 
2.188000 
2.188300 
2.188500 
2.188900 
2.190700 
2.192300 
2.192700 
2.193800 
2.194000 
2.195400 
2.199200 
2.199800 
2.202900 
2.204400 
2.205000 
2.205600 
2.206700 
2.208900 
2.210200 
2.212500 
2.213500 
2.215200 
2.218900 
2.219900 
2.221200 
2.221700 
2.224800 
2.233100 
2.233300 
2.234200 
2.238400 
2.240200 
2.241700 
2.244200 
2.244400 
2.245000 
2.247500 
2.250300 
2.252000 
2.252100 
2.253800 
2.254600 
2.254700 
2.254900 
2.258000 
2.260500 
2.262600 
2.263200 
2.264700 
2.269100 
2.269300 
2.271800 
2.273800 
2.277300 
2.281000 
2.282000 
2.283300 
2.283900 
2.284800 
2.286500 
2.287200 
2.287200 
2.288100 
2.290800 
2.290800 
2.293000 
2.300300 
2.300400 
2.302000 
2.302300 
2.304600 
2.305600 
2.308400 
2.309600 
2.309900 
2.315300 
2.317500 
2.319700 
2.320100 
2.321000 
2.322200 
2.323900 
2.324500 
2.326200 
2.330700 
2.333000 
2.333100 
2.335400 
2.337400 
2.337800 
2.339000 
2.339700 
2.340200 
2.342200 
2.342500 
2.343000 
2.345900 
2.348800 
2.354400 
2.355800 
2.355900 
2.356100 
2.358000 
2.358700 
2.360500 
2.362500 
2.366900 
2.370600 
2.372900 
2.374600 
2.375100 
2.380700 
2.387000 
2.388600 
2.389800 
2.390800 
2.393500 
2.394800 
2.395300 
2.397200 
2.397500 
2.398000 
2.398300 
2.399600 
2.402800 
2.404800 
2.408800 
2.409600 
2.413700 
2.413900 
2.416800 
2.418200 
2.418700 
2.423000 
2.423600 
2.424000 
2.426900 
2.427800 
2.431100 
2.432300 
2.433300 
2.435600 
2.436200 
2.442700 
2.443700 
2.444200 
2.446900 
2.448700 
2.450400 
2.453700 
2.459800 
2.461000 
2.461500 
2.463100 
2.464600 
2.466900 
2.467300 
2.472900 
2.475100 
2.475700 
2.480300 
2.483900 
2.485800 
2.486800 
2.487100 
2.487400 
2.492100 
2.496200 
2.497400 
2.497500 
2.501900 
2.504400 
2.506000 
2.506100 
2.506300 
2.506900 
2.507200 
2.515200 
2.515900 
2.521600 
2.521900 
2.523900 
2.524000 
2.528000 
2.528700 
2.531800 
2.536300 
2.536500 
2.539200 
2.539700 
2.539900 
2.540500 
2.540700 
2.542000 
2.547000 
2.552500 
2.556500 
2.556600 
2.558900 
2.561200 
2.561300 
2.562500 
2.563100 
2.563900 
2.564600 
2.564600 
2.570200 
2.574700 
2.575400 
2.575700 
2.576200 
2.576600 
2.579500 
2.581400 
2.582800 
2.584500 
2.585400 
2.586900 
2.587900 
2.591700 
2.598400 
2.600200 
2.600500 
2.603700 
2.605100 
2.605500 
2.607600 
2.607700 
2.608400 
2.610900 
2.611000 
2.612600 
2.614100 
2.617700 
2.621700 
2.622200 
2.623100 
2.624700 
2.632600 
2.635300 
2.636700 
2.637000 
2.641400 
2.641800 
2.646000 
2.646100 
2.646600 
2.647000 
2.647100 
2.649200 
2.649700 
2.650100 
2.653300 
2.654300 
2.657100 
2.659900 
2.660600 
2.664100 
2.667100 
2.667800 
2.669600 
2.671700 
2.673200 
2.673200 
2.673600 
2.674300 
2.676400 
2.677100 
2.678900 
2.679900 
2.683300 
2.686300 
2.691600 
2.693400 
2.694100 
2.694400 
2.694500 
2.695900 
2.698500 
2.700400 
2.703600 
2.703800 
2.705600 
2.708600 
2.710500 
2.711700 
2.713000 
2.713400 
2.713500 
2.717500 
2.717600 
2.719000 
2.726400 
2.729700 
2.730600 
2.733700 
2.734400 
2.737200 
2.739700 
2.740000 
2.741000 
2.743200 
2.743900 
2.745800 
2.746600 
2.746600 
2.746900 
2.747400 
2.748800 
2.749000 
2.749400 
2.753200 
2.753600 
2.758500 
2.758500 
2.758700 
2.760000 
2.763300 
2.763800 
2.767300 
2.769200 
2.769800 
2.773800 
2.779200 
2.779300 
2.780100 
2.780600 
2.781600 
2.781900 
2.785100 
2.786400 
2.790000 
2.794200 
2.798100 
2.798700 
2.799700 
2.800100 
2.801600 
2.808800 
2.812200 
2.812300 
2.817700 
2.820600 
2.821800 
2.822500 
2.823500 
2.824600 
2.825400 
2.825900 
2.827200 
2.829000 
2.834500 
2.835600 
2.837400 
2.841100 
2.846900 
2.847400 
2.849700 
2.851400 
2.851500 
2.852100 
2.853200 
2.855200 
2.863900 
2.864300 
2.867200 
2.868900 
2.871100 
2.871800 
2.875200 
2.876100 
2.876600 
2.876900 
2.878900 
2.879500 
2.888900 
2.892800 
2.895400 
2.897200 
2.898000 
2.900700 
2.902900 
2.905000 
2.907500 
2.910500 
2.910700 
2.913300 
2.914100 
2.914800 
2.918700 
2.918800 
2.919400 
2.922200 
2.923100 
2.924400 
2.925100 
2.925900 
2.928500 
2.933100 
2.934900 
2.935500 
2.935800 
2.936000 
2.938200 
2.938500 
2.941700 
2.942000 
2.945200 
2.947100 
2.947400 
2.951300 
2.953300 
2.954400 
2.954600 
2.954900 
2.959200 
2.960700 
2.965300 
2.965600 
2.966400 
2.968400 
2.970800 
2.971400 
2.973700 
2.974700 
2.977400 
2.978000 
2.980500 
2.980800 
2.983100 
2.983800 
2.987100 
2.988400 
2.989400 
2.991600 
2.993700 
2.994000 
2.995600 
2.999900 
