0
11
3
2
9
4
3
0
4
2
0
0
1
8
5
21
0
0
11
2
2
2
6
5
9
13
0
0
3
9
0
0
16
13
10
28
0
0
2
6
5
5
19
8
1
12
4
10
16
9
9
0
3
7
11
2
2
5
4
8
24
1
0
6
6
5
1
3
3
5
8
4
0
9
4
5
28
3
25
1
4
9
4
8
3
6
6
26
36
5
0
21
12
5
1
7
7
1
9
1
0
8
9
6
1
5
3
6
7
0
3
1
13
8
1
4
0
10
3
4
6
6
2
7
2
9
0
0
6
11
16
19
6
7
15
7
11
6
16
12
15
8
11
10
1
21
12
21
12
0
0
17
2
2
2
2
2
4
1
15
0
9
0
12
13
1
0
0
7
0
2
1
4
0
6
2
16
13
7
4
6
1
2
9
9
10
5
5
2
9
3
13
9
1
11
4
11
3
5
1
13
17
2
1
4
1
5
22
20
31
1
1
1
4
11
3
0
1
0
0
1
7
0
9
7
8
3
4
7
20
2
7
7
4
4
14
6
0
0
0
1
17
3
10
6
8
6
1
11
0
2
9
0
5
18
3
11
3
1
19
12
2
10
11
9
0
6
0
13
3
0
0
4
8
1
5
6
2
22
6
0
14
4
2
10
9
5
10
1
11
2
15
0
5
4
3
0
16
9
12
0
4
4
22
6
0
1
7
12
20
32
0
7
0
1
0
7
6
14
0
2
5
20
34
18
1
4
13
8
8
10
5
17
4
0
0
0
8
0
18
19
10
3
2
0
2
4
7
5
1
3
11
3
17
8
5
7
0
0
0
0
7
10
8
4
1
20
5
3
9
2
11
3
52
1
2
5
2
9
4
29
6
2
2
26
2
0
0
0
11
2
0
1
1
20
6
4
17
2
10
0
13
37
8
16
7
1
5
13
0
22
6
19
2
13
16
7
0
0
2
1
3
1
8
12
4
14
0
11
2
2
7
4
4
3
6
7
0
14
14
8
0
7
2
2
7
8
12
4
7
7
5
8
8
2
3
8
1
0
12
1
12
4
17
10
3
13
4
1
0
8
5
6
10
1
1
11
7
5
4
25
0
11
11
5
5
1
15
10
11
9
1
3
0
1
1
6
2
7
3
5
7
8
3
1
3
1
4
2
4
18
12
14
0
13
17
8
7
11
20
4
3
40
4
10
24
2
12
13
5
1
6
19
6
6
3
8
19
10
2
4
4
6
2
3
0
2
0
1
2
12
12
9
0
9
2
8
0
4
2
1
0
26
4
12
4
5
29
14
3
5
0
1
6
1
2
5
4
36
7
11
3
1
29
5
15
3
0
17
1
2
0
0
18
0
13
1
3
6
7
5
4
2
13
6
3
4
11
5
19
3
6
5
3
1
12
17
8
17
9
1
11
2
0
2
3
0
2
9
3
2
4
1
0
0
1
6
3
8
18
4
1
28
4
1
6
15
16
5
1
3
0
14
10
25
1
21
0
0
9
6
1
4
4
0
24
1
4
19
2
41
18
6
15
5
9
0
12
1
20
6
12
3
14
18
8
18
11
6
0
21
6
0
1
9
24
10
1
2
6
8
1
7
2
5
6
2
0
5
5
4
2
1
6
19
1
2
1
9
6
6
0
5
0
0
5
3
9
0
4
6
26
1
1
0
9
3
5
13
17
2
7
0
6
1
13
4
10
4
5
9
2
11
18
3
4
0
7
31
12
4
1
0
4
1
1
9
2
1
0
0
2
3
1
2
9
8
7
14
6
2
7
2
15
0
16
0
1
4
47
3
14
4
3
8
26
0
27
9
4
14
1
11
8
5
12
7
1
1
0
4
4
2
9
21
1
8
6
1
2
3
7
1
47
1
1
5
13
3
4
1
0
10
11
13
11
4
3
12
14
17
8
18
17
6
9
0
6
0
8
1
19
4
3
4
6
14
5
0
0
2
11
10
0
5
1
0
1
4
3
2
4
2
1
0
0
2
9
5
8
9
0
1
2
10
3
6
0
3
0
8
2
10
0
2
6
16
8
2
4
0
1
43
2
6
7
7
4
10
3
5
0
29
6
2
2
2
19
6
4
10
9
1
13
8
4
3
29
20
1
3
3
19
10
13
29
11
21
17
2
9
0
8
9
3
8
0
15
25
3
0
1
4
1
13
6
15
1
5
5
6
15
0
1
18
7
11
4
0
2
4
3
2
0
4
2
0
1
0
8
1
5
7
0
5
17
13
7
1
5
4
14
7
0
3
6
3
1
5
9
16
1
0
12
3
0
0
1
15
15
8
4
6
4
7
0
8
4
4
7
0
2
11
3
10
5
0
1
1
3
2
0
25
13
7
7
5
14
6
2
5
4
0
14
26
9
2
8
46
10
7
5
0
3
0
14
10
0
3
9
11
18
2
6
3
15
3
4
12
4
11
1
2
16
2
7
10
4
6
0
8
19
10
3
17
0
2
8
8
6
17
20
3
3
5
2
7
1
4
11
4
0
16
4
5
2
18
8
7
4
0
13
11
1
12
2
6
5
5
6
10
10
8
9
31
0
3
4
2
1
19
2
8
2
9
10
8
3
1
19
0
1
2
24
31
7
10
3
6
2
3
4
0
7
2
3
3
7
8
6
2
4
15
0
2
4
0
11
1
13
25
15
21
1
21
3
5
1
5
35
10
1
1
13
4
15
9
13
2
12
1
2
0
12
4
3
2
6
3
1
5
16
2
6
5
1
10
3
5
3
5
0
0
1
9
7
17
7
0
2
0
1
22
5
4
21
2
6
31
28
0
1
3
23
7
9
1
3
0
2
5
0
14
1
3
0
10
28
11
10
7
8
3
6
3
16
0
3
31
13
0
13
0
