0.016100 
0.048300 
0.048600 
0.073700 
0.080000 
0.094100 
0.111100 
0.114300 
0.124300 
0.127400 
0.143000 
0.144500 
0.152700 
0.157400 
0.159200 
0.176900 
0.207900 
0.209700 
0.240500 
0.241300 
0.242900 
0.255600 
0.268000 
0.274300 
0.306100 
0.310300 
0.319600 
0.322700 
0.325600 
0.334900 
0.340400 
0.370600 
0.381200 
0.381600 
0.383300 
0.383500 
0.383500 
0.390900 
0.391000 
0.399300 
0.401900 
0.405500 
0.417700 
0.436000 
0.460700 
0.465400 
0.469300 
0.479500 
0.483400 
0.484100 
0.508300 
0.530800 
0.540200 
0.542700 
0.545800 
0.546000 
0.568000 
0.571900 
0.578000 
0.587100 
0.589200 
0.590900 
0.626400 
0.628200 
0.633500 
0.640500 
0.643500 
0.647600 
0.660200 
0.660800 
0.677500 
0.701400 
0.710900 
0.711300 
0.737000 
0.747700 
0.764200 
0.767000 
0.776100 
0.778900 
0.790000 
0.806800 
0.814100 
0.832200 
0.835700 
0.839500 
0.846500 
0.847000 
0.859100 
0.860800 
0.875900 
0.889500 
0.895100 
0.903100 
0.906700 
0.908400 
0.911500 
0.927000 
0.928300 
0.931400 
0.948700 
0.952100 
0.968100 
0.978900 
0.988300 
0.991000 
1.002600 
1.007700 
1.025000 
1.027300 
1.029700 
1.034500 
1.036800 
1.047600 
1.049300 
1.060500 
1.075000 
1.075700 
1.077900 
1.082000 
1.084200 
1.088000 
1.105300 
1.114200 
1.134300 
1.135300 
1.138800 
1.149900 
1.155200 
1.155700 
1.173700 
1.175200 
1.178500 
1.183200 
1.197800 
1.198700 
1.209600 
1.221900 
1.223100 
1.233300 
1.236700 
1.248800 
1.252000 
1.261300 
1.274000 
1.275400 
1.288500 
1.306200 
1.326400 
1.341100 
1.344900 
1.361000 
1.362800 
1.369300 
1.378200 
1.381100 
1.384500 
1.396800 
1.400300 
1.404300 
1.417800 
1.418300 
1.419400 
1.423600 
1.434600 
1.440300 
1.447200 
1.468300 
1.468500 
1.487700 
1.489100 
1.498300 
1.499700 
1.523500 
1.527500 
1.541000 
1.543400 
1.555300 
1.567300 
1.568000 
1.572700 
1.575300 
1.580200 
1.581800 
1.607700 
1.609600 
1.612100 
1.612900 
1.631300 
1.636800 
1.642200 
1.659900 
1.660300 
1.670500 
1.671000 
1.691400 
1.701900 
1.708300 
1.711200 
1.720000 
1.720600 
1.724400 
1.730800 
1.731000 
1.750100 
1.750800 
1.752100 
1.761600 
1.763200 
1.773400 
1.773500 
1.778500 
1.792400 
1.796900 
1.799800 
1.815400 
1.824200 
1.834700 
1.837500 
1.837500 
1.840100 
1.851100 
1.869500 
1.873200 
1.891800 
1.893000 
1.896400 
1.898200 
1.899100 
1.904900 
1.906900 
1.938500 
1.944300 
1.966700 
1.967000 
1.968400 
1.974200 
1.986300 
1.995700 
1.999600 
2.008900 
2.014800 
2.036700 
2.041100 
2.042400 
2.043200 
2.045800 
2.060100 
2.061200 
2.063800 
2.073700 
2.092600 
2.095300 
2.097300 
2.097700 
2.100800 
2.105500 
2.119400 
2.124400 
2.136700 
2.138600 
2.176100 
2.182800 
2.182900 
2.193500 
2.197600 
2.197900 
2.215000 
2.229300 
2.240500 
2.248100 
2.257100 
2.276000 
2.280100 
2.282000 
2.282700 
2.293800 
2.302500 
2.311000 
2.313500 
2.320800 
2.325100 
2.344500 
2.344900 
2.362200 
2.364700 
2.367500 
2.367600 
2.368300 
2.378200 
2.382700 
2.383000 
2.397700 
2.399700 
2.402700 
2.413200 
2.420800 
2.428300 
2.429000 
2.434400 
2.437900 
2.447100 
2.459800 
2.463100 
2.465000 
2.476900 
2.504600 
2.510700 
2.524900 
2.530600 
2.533900 
2.535200 
2.540300 
2.546400 
2.562300 
2.567200 
2.581400 
2.585100 
2.590800 
2.592500 
2.599700 
2.621400 
2.625300 
2.635300 
2.649800 
2.654800 
2.657100 
2.671800 
2.682100 
2.692800 
2.697600 
2.702100 
2.702200 
2.717900 
2.719800 
2.738500 
2.739700 
2.740300 
2.762700 
2.765500 
2.780000 
2.780300 
2.783000 
2.784200 
2.790800 
2.805800 
2.807800 
2.822500 
2.823700 
2.843400 
2.848400 
2.862700 
2.865300 
2.875500 
2.887500 
2.889500 
2.893600 
2.899900 
2.902300 
2.914400 
2.945800 
2.970000 
2.970300 
2.979000 
2.988500 
2.993200 
