1226 
1116 
472 
1144 
175 
384 
932 
213 
782 
896 
1076 
537 
373 
200 
152 
404 
322 
1227 
1064 
1059 
967 
794 
105 
98 
1183 
1224 
860 
1038 
380 
45 
70 
447 
917 
578 
786 
228 
905 
366 
310 
307 
416 
380 
920 
792 
322 
1016 
176 
1184 
1229 
490 
564 
585 
17 
1119 
341 
555 
290 
53 
518 
1145 
943 
783 
1202 
195 
800 
1035 
752 
363 
1026 
436 
617 
797 
843 
58 
652 
1229 
209 
501 
741 
779 
953 
609 
362 
994 
1249 
794 
1118 
847 
93 
1134 
778 
80 
679 
333 
948 
829 
323 
66 
449 
141 
345 
101 
1167 
97 
954 
351 
390 
341 
920 
877 
729 
850 
1059 
1185 
1237 
408 
905 
74 
91 
826 
79 
1204 
395 
637 
917 
380 
207 
830 
49 
583 
902 
1059 
964 
759 
289 
514 
1048 
1029 
1222 
1216 
41 
660 
884 
568 
599 
125 
510 
544 
558 
1183 
224 
205 
665 
1022 
660 
278 
329 
456 
132 
395 
115 
492 
555 
497 
1082 
694 
1061 
583 
1168 
453 
147 
836 
343 
526 
449 
399 
1167 
1059 
592 
564 
544 
477 
1259 
880 
6 
479 
631 
665 
637 
1170 
242 
1096 
1009 
446 
969 
1121 
843 
739 
709 
1102 
713 
818 
54 
1008 
1003 
98 
920 
1 
534 
214 
616 
130 
1179 
1139 
216 
174 
1229 
463 
490 
1198 
565 
476 
1120 
799 
312 
948 
328 
847 
404 
797 
899 
923 
1144 
722 
1022 
24 
891 
488 
278 
85 
1164 
255 
677 
15 
843 
419 
1227 
1132 
28 
536 
894 
423 
695 
266 
1222 
1170 
103 
492 
151 
399 
514 
1165 
273 
632 
378 
1187 
783 
1121 
671 
1080 
518 
312 
907 
87 
415 
656 
195 
1144 
766 
1169 
48 
289 
288 
164 
998 
739 
718 
25 
142 
913 
543 
371 
1018 
1060 
323 
35 
60 
1136 
961 
75 
579 
73 
76 
660 
407 
1145 
772 
583 
568 
169 
209 
751 
516 
182 
1049 
795 
1123 
1197 
145 
140 
207 
740 
146 
870 
1247 
293 
923 
903 
987 
638 
39 
668 
329 
1240 
307 
398 
805 
1076 
944 
1134 
14 
842 
380 
346 
457 
825 
665 
15 
93 
1155 
212 
1144 
494 
1183 
1148 
813 
498 
556 
4 
322 
781 
905 
509 
1106 
136 
151 
842 
805 
806 
495 
164 
131 
429 
1075 
695 
680 
823 
1161 
243 
301 
113 
1022 
1121 
242 
1228 
376 
567 
568 
518 
802 
1156 
139 
1197 
1202 
838 
1215 
728 
640 
1171 
397 
583 
923 
673 
369 
1219 
597 
616 
514 
380 
456 
902 
251 
1048 
340 
677 
54 
1020 
1112 
1170 
735 
772 
139 
1200 
904 
681 
1224 
373 
463 
646 
106 
461 
1261 
1095 
1069 
37 
32 
399 
13 
672 
528 
1019 
363 
828 
638 
628 
1073 
1144 
480 
35 
254 
416 
645 
384 
836 
760 
1090 
112 
764 
783 
391 
1008 
184 
407 
399 
668 
491 
898 
879 
1120 
1242 
384 
856 
690 
836 
795 
1235 
1102 
567 
556 
902 
497 
151 
1009 
611 
639 
257 
860 
677 
4 
652 
1222 
1233 
617 
135 
686 
575 
74 
957 
759 
1137 
644 
1229 
668 
956 
141 
81 
625 
336 
564 
583 
878 
275 
254 
671 
1240 
795 
1082 
886 
628 
1048 
750 
1076 
329 
915 
1183 
422 
599 
1036 
1122 
1009 
1170 
174 
1197 
1070 
98 
1215 
278 
519 
832 
467 
578 
281 
123 
337 
800 
642 
823 
833 
1139 
1048 
520 
1132 
464 
505 
248 
1234 
877 
151 
985 
580 
83 
912 
198 
1044 
1022 
775 
385 
278 
145 
1183 
75 
552 
845 
329 
1103 
727 
70 
917 
362 
544 
1180 
1233 
1244 
1157 
177 
766 
712 
296 
323 
470 
533 
532 
1185 
752 
145 
731 
1170 
452 
1076 
823 
516 
642 
1183 
442 
1233 
667 
69 
485 
981 
832 
567 
987 
278 
564 
609 
151 
1144 
1197 
402 
1048 
354 
856 
794 
348 
299 
511 
83 
77 
113 
515 
590 
102 
146 
958 
429 
447 
70 
752 
363 
654 
665 
123 
329 
1172 
1167 
961 
1112 
488 
1032 
323 
927 
628 
798 
570 
687 
696 
39 
609 
41 
834 
516 
931 
431 
99 
1136 
840 
281 
567 
449 
1074 
564 
61 
568 
102 
959 
1184 
48 
187 
806 
20 
895 
668 
945 
817 
59 
1073 
74 
1060 
617 
123 
1115 
324 
1189 
1102 
83 
668 
487 
1063 
843 
1171 
814 
80 
1086 
456 
510 
136 
1090 
795 
879 
811 
912 
278 
794 
842 
595 
1158 
902 
823 
466 
1248 
1237 
297 
928 
272 
1014 
112 
855 
1010 
462 
843 
254 
256 
130 
289 
758 
1121 
132 
1120 
810 
609 
722 
108 
35 
1032 
536 
605 
93 
121 
1040 
752 
379 
477 
440 
583 
281 
229 
986 
256 
470 
277 
153 
500 
1183 
945 
1242 
678 
752 
928 
161 
593 
966 
341 
1102 
487 
1144 
42 
1149 
424 
1090 
498 
617 
584 
583 
935 
660 
340 
177 
753 
1117 
797 
804 
741 
436 
801 
157 
841 
663 
330 
340 
613 
665 
74 
1179 
451 
527 
373 
1119 
21 
113 
329 
350 
1225 
719 
823 
1016 
671 
679 
184 
525 
1193 
716 
937 
330 
372 
683 
1259 
948 
483 
139 
524 
228 
808 
785 
606 
560 
146 
1108 
324 
1234 
130 
312 
514 
532 
77 
820 
384 
912 
506 
615 
18 
139 
1183 
282 
678 
35 
310 
896 
61 
1136 
1134 
597 
202 
380 
564 
938 
1073 
353 
442 
272 
956 
71 
191 
18 
180 
394 
404 
1088 
1234 
917 
722 
446 
652 
92 
683 
278 
380 
781 
105 
1096 
665 
628 
1073 
1121 
743 
129 
131 
813 
576 
42 
842 
1139 
1249 
913 
1091 
1062 
501 
714 
248 
895 
1089 
276 
159 
1144 
943 
1106 
989 
221 
70 
952 
485 
363 
714 
878 
663 
517 
1 
477 
1200 
348 
617 
389 
320 
642 
1173 
410 
105 
1240 
1 
1183 
637 
1207 
29 
229 
993 
656 
793 
380 
48 
168 
239 
57 
487 
611 
476 
752 
1035 
802 
895 
1169 
820 
609 
635 
595 
399 
233 
534 
102 
415 
696 
1058 
927 
75 
141 
6 
766 
373 
285 
236 
568 
797 
1070 
1168 
749 
93 
668 
9 
843 
130 
131 
1172 
568 
517 
145 
94 
645 
1073 
895 
783 
731 
924 
64 
404 
877 
266 
1063 
498 
