0.028000 
0.031100 
0.035700 
0.036800 
0.037900 
0.038700 
0.040300 
0.041600 
0.043000 
0.043900 
0.046200 
0.046800 
0.047500 
0.047500 
0.048100 
0.050000 
0.050800 
0.051000 
0.055600 
0.058200 
0.058700 
0.060200 
0.061200 
0.062600 
0.063600 
0.064900 
0.066700 
0.067400 
0.068300 
0.071300 
0.072100 
0.072500 
0.072900 
0.074000 
0.074500 
0.075800 
0.082600 
0.082800 
0.083400 
0.084500 
0.084600 
0.085200 
0.086700 
0.086800 
0.087700 
0.089700 
0.090900 
0.091400 
0.093400 
0.093600 
0.095700 
0.095900 
0.096700 
0.097800 
0.098000 
0.098200 
0.099500 
0.101600 
0.103800 
0.104400 
0.104600 
0.104700 
0.105700 
0.107400 
0.109700 
0.109900 
0.110700 
0.111900 
0.112400 
0.115500 
0.116000 
0.118600 
0.120800 
0.125300 
0.126300 
0.127100 
0.128900 
0.129600 
0.129700 
0.130700 
0.136000 
0.136500 
0.136700 
0.142500 
0.142800 
0.143100 
0.147000 
0.147700 
0.150800 
0.152600 
0.153400 
0.156400 
0.157900 
0.159100 
0.160200 
0.165200 
0.165400 
0.167100 
0.167500 
0.168800 
0.169100 
0.170800 
0.171400 
0.171600 
0.172700 
0.173500 
0.174900 
0.176000 
0.176700 
0.177200 
0.177800 
0.177900 
0.179200 
0.180000 
0.180200 
0.181400 
0.182000 
0.183400 
0.185500 
0.185600 
0.186500 
0.187300 
0.188000 
0.190700 
0.191500 
0.194800 
0.195000 
0.195800 
0.196200 
0.197200 
0.197400 
0.197400 
0.200800 
0.201000 
0.201100 
0.201300 
0.202600 
0.205700 
0.206400 
0.207000 
0.207200 
0.207600 
0.209200 
0.209400 
0.209700 
0.211600 
0.212300 
0.212300 
0.215300 
0.218700 
0.219000 
0.224400 
0.226700 
0.228200 
0.228900 
0.229000 
0.231800 
0.232400 
0.233200 
0.233800 
0.235600 
0.236400 
0.236500 
0.236800 
0.237200 
0.238100 
0.241500 
0.242400 
0.243700 
0.244000 
0.247200 
0.248200 
0.248500 
0.248700 
0.250600 
0.251100 
0.251300 
0.251800 
0.252500 
0.253000 
0.255500 
0.255800 
0.256000 
0.256300 
0.257300 
0.257500 
0.258700 
0.258800 
0.258900 
0.259500 
0.260900 
0.261900 
0.261900 
0.264200 
0.265200 
0.265500 
0.269200 
0.270400 
0.271300 
0.271700 
0.272600 
0.272800 
0.273700 
0.276300 
0.276800 
0.279400 
0.283000 
0.283400 
0.284900 
0.289500 
0.291500 
0.291500 
0.294600 
0.296200 
0.296300 
0.298300 
0.300800 
0.302300 
0.303200 
0.306100 
0.307300 
0.307700 
0.308200 
0.308900 
0.309000 
0.313100 
0.313400 
0.315900 
0.316300 
0.316400 
0.317400 
0.320100 
0.321500 
0.322100 
0.323100 
0.324400 
0.327400 
0.328200 
0.332900 
0.336100 
0.337300 
0.341100 
0.341200 
0.344200 
0.344400 
0.344400 
0.348800 
0.352000 
0.352600 
0.361800 
0.362700 
0.364400 
0.364700 
0.365200 
0.369000 
0.369400 
0.370000 
0.370500 
0.372700 
0.373500 
0.374400 
0.374700 
0.375300 
0.375500 
0.375600 
0.376000 
0.376500 
0.377400 
0.378700 
0.379700 
0.380000 
0.382300 
0.383700 
0.384000 
0.384800 
0.386300 
0.388900 
0.390900 
0.391000 
0.391100 
0.391500 
0.392000 
0.392100 
0.395700 
0.398000 
0.401100 
0.403700 
0.405500 
0.407700 
0.408200 
0.408300 
0.409300 
0.409600 
0.409600 
0.409700 
0.410000 
0.410200 
0.410300 
0.410400 
0.411600 
0.414900 
0.415100 
0.415600 
0.418200 
0.419200 
0.419500 
0.420200 
0.420700 
0.421600 
0.422500 
0.424000 
0.425900 
0.425900 
0.429600 
0.430700 
0.431100 
0.431300 
0.431500 
0.431600 
0.432400 
0.432900 
0.433600 
0.436100 
0.436300 
0.436700 
0.438200 
0.438200 
0.438700 
0.438700 
0.438900 
0.438900 
0.439900 
0.441300 
0.441900 
0.442100 
0.442400 
0.443900 
0.444400 
0.445600 
0.446500 
0.447200 
0.447700 
0.448400 
0.448800 
0.450700 
0.452300 
0.452800 
0.454600 
0.457700 
0.457900 
0.458000 
0.459600 
0.460400 
0.460500 
0.460600 
0.465200 
0.465200 
0.466800 
0.467500 
0.469000 
0.469100 
0.471300 
0.472100 
0.472400 
0.472600 
0.474400 
0.476100 
0.477000 
0.478900 
0.480300 
0.480900 
0.481900 
0.482400 
0.482800 
0.483800 
0.484800 
0.485200 
0.486100 
0.487500 
0.487900 
0.488800 
0.489100 
0.490500 
0.493500 
0.494200 
0.494600 
0.495300 
0.495500 
0.495700 
0.497500 
0.498000 
0.498200 
0.498500 
0.499200 
0.500900 
0.501600 
0.501800 
0.502100 
0.503200 
0.504100 
0.505800 
0.505800 
0.506000 
0.507300 
0.507800 
0.508000 
0.508900 
0.509400 
0.509600 
0.510800 
0.510900 
0.511000 
0.512400 
0.513400 
0.517100 
0.518000 
0.518100 
0.518900 
0.519900 
0.520400 
0.521100 
0.521700 
0.522000 
0.523300 
0.523900 
0.524700 
0.526300 
0.527100 
0.527400 
0.528100 
0.531400 
0.531600 
0.531700 
0.532900 
0.533200 
0.533700 
0.534100 
0.535400 
0.536000 
0.536600 
0.536800 
0.537300 
0.540400 
0.540900 
0.542500 
0.544100 
0.547500 
0.548800 
0.548900 
0.549700 
0.551100 
0.551500 
0.552100 
0.552100 
0.552700 
0.552900 
0.553400 
0.553400 
0.553500 
0.554400 
0.554600 
0.557900 
0.559100 
0.559100 
0.559300 
0.559400 
0.559900 
0.561300 
0.562000 
0.563200 
0.564100 
0.564900 
0.565800 
0.566000 
0.567600 
0.568500 
0.568900 
0.569200 
0.570900 
0.572200 
0.572600 
0.573200 
0.573700 
0.576000 
0.577300 
0.577700 
0.578100 
0.578800 
0.581300 
0.583200 
0.583500 
0.585400 
0.586700 
0.588000 
0.588500 
0.588600 
0.591900 
0.592100 
0.592400 
0.592700 
0.594600 
0.595200 
0.596900 
0.597700 
0.598100 
0.598200 
0.598400 
0.599100 
0.600900 
0.601300 
0.602400 
0.602500 
0.604600 
0.605100 
0.605700 
0.608000 
0.610000 
0.610100 
0.611600 
0.611800 
0.614800 
0.615400 
0.617000 
0.618100 
0.618400 
0.618600 
0.619700 
0.619900 
0.620200 
0.625800 
0.626700 
0.627500 
0.629600 
0.633900 
0.634300 
0.634700 
0.636100 
0.636800 
0.637200 
0.638700 
0.639000 
0.639400 
0.640800 
0.641500 
0.641500 
0.647900 
0.648900 
0.648900 
0.649400 
0.649700 
0.650800 
0.651200 
0.653400 
0.654200 
0.654500 
0.654600 
0.654800 
0.655200 
0.655200 
0.655400 
0.655600 
0.656000 
0.656500 
0.657600 
0.658500 
0.658800 
0.660700 
0.662900 
0.663200 
0.663800 
0.664300 
0.664600 
0.664600 
0.664700 
0.666000 
0.666500 
0.666900 
0.667400 
0.667400 
0.667500 
0.669300 
0.669600 
0.669600 
0.669900 
0.670500 
0.670900 
0.671400 
0.673300 
0.673800 
0.675800 
0.676300 
0.676700 
0.678000 
0.678700 
0.679100 
0.682800 
0.683400 
0.684300 
0.686000 
0.686900 
0.688600 
0.689200 
0.692100 
0.693100 
0.694700 
0.697400 
0.699900 
0.700100 
0.700200 
0.701000 
0.701600 
0.703000 
0.703300 
0.704200 
0.704800 
0.706000 
0.706600 
0.707000 
0.708100 
0.708300 
0.708600 
0.709100 
0.709500 
0.709700 
0.709800 
0.709900 
0.711200 
0.712100 
0.712900 
0.713800 
0.714700 
0.714700 
0.714800 
0.716600 
0.716700 
0.717600 
0.718200 
0.718500 
0.718700 
0.719900 
0.722000 
0.723000 
0.723600 
0.723800 
0.726300 
0.727300 
0.729700 
0.729900 
0.730800 
0.731800 
0.731800 
0.732400 
0.735600 
0.737100 
0.739200 
0.740000 
0.741000 
0.741100 
0.742800 
0.743300 
0.744800 
0.745800 
0.746200 
0.746200 
0.747300 
0.749600 
0.750200 
0.752700 
0.754700 
0.755400 
0.756400 
0.756600 
0.757200 
0.758500 
0.760400 
0.761000 
0.764100 
0.764800 
0.765900 
0.767300 
0.767900 
0.768800 
0.771200 
0.776600 
0.780300 
0.784800 
0.787200 
0.790600 
0.792800 
0.795300 
0.795600 
0.797200 
0.797300 
0.797400 
0.798000 
0.799100 
0.799100 
0.799400 
0.800900 
0.801100 
0.803600 
0.805100 
0.805500 
0.805800 
0.806300 
0.806600 
0.806800 
0.808900 
0.809300 
0.810600 
0.811100 
0.812700 
0.813400 
0.815900 
0.816200 
0.816500 
0.818600 
0.819500 
0.820400 
0.820600 
0.822500 
0.822800 
0.824100 
0.825700 
0.829000 
0.830400 
0.832200 
0.833600 
0.834700 
0.834900 
0.835100 
0.835300 
0.835800 
0.836200 
0.836600 
0.837100 
0.839300 
0.841200 
0.841900 
0.842200 
0.842900 
0.847000 
0.847100 
0.847600 
0.847900 
0.848800 
0.848800 
0.848800 
0.848900 
0.850000 
0.851200 
0.851600 
0.852600 
0.852600 
0.854500 
0.856600 
0.858000 
0.858600 
0.858900 
0.859700 
0.860000 
0.860700 
0.860900 
0.861400 
0.861900 
0.862600 
0.863500 
0.864200 
0.864900 
0.866000 
0.866300 
0.868200 
0.868500 
0.870100 
0.870400 
0.870600 
0.872500 
0.872800 
0.873300 
0.874400 
0.878000 
0.878100 
0.881200 
0.882400 
0.882700 
0.883200 
0.883800 
0.884000 
0.885600 
0.885700 
0.885700 
0.886000 
0.888700 
0.890500 
0.891800 
0.892500 
0.893800 
0.894800 
0.895200 
0.896100 
0.896400 
0.897200 
0.897400 
0.898700 
0.900100 
0.901100 
0.901100 
0.901500 
0.902100 
0.902300 
0.902900 
0.903600 
0.903600 
0.903600 
0.903800 
0.905200 
0.907000 
0.907200 
0.907400 
0.908200 
0.910700 
0.914700 
0.916200 
0.917700 
0.917900 
0.919700 
0.920400 
0.920500 
0.921100 
0.921500 
0.921800 
0.921900 
0.923500 
0.924200 
0.924300 
0.925400 
0.926000 
0.926200 
0.927800 
0.928300 
0.929000 
0.931300 
0.931600 
0.936600 
0.938600 
0.940000 
0.940000 
0.941700 
0.942200 
0.942700 
0.944900 
0.947000 
0.948600 
0.949100 
0.950000 
0.950600 
0.952200 
0.952500 
0.958300 
0.958800 
0.959500 
0.960000 
0.960800 
0.961300 
0.962500 
0.962800 
0.963400 
0.964500 
0.964900 
0.965800 
0.965800 
0.965900 
0.968300 
0.969200 
0.969300 
0.969300 
0.970400 
0.970500 
0.971200 
0.972000 
0.972500 
0.972800 
0.974500 
0.974500 
0.975100 
0.975500 
0.976500 
0.979600 
0.980800 
0.981300 
0.981800 
0.984000 
0.986300 
0.986400 
0.986400 
0.988000 
0.992800 
0.993200 
0.994200 
0.995700 
0.995900 
0.996200 
0.996800 
0.997200 
0.997800 
1.000600 
1.000600 
1.001400 
1.002000 
1.003200 
1.003600 
1.003700 
1.004000 
1.006500 
1.006700 
1.007700 
1.007900 
1.008100 
1.008300 
1.008500 
1.011600 
1.012400 
1.013900 
1.014400 
1.016200 
1.016300 
1.017500 
1.018700 
1.021400 
1.023900 
1.027800 
1.029000 
1.030100 
1.030300 
1.032000 
1.035400 
1.035500 
1.038100 
1.040300 
1.043200 
1.043900 
1.044400 
1.044700 
1.045000 
1.046300 
1.046900 
1.047600 
1.048100 
1.048200 
1.048900 
1.049000 
1.049200 
1.050500 
1.051200 
1.051600 
1.052700 
1.053000 
1.055200 
1.056000 
1.056400 
1.056600 
1.057000 
1.057100 
1.058100 
1.058400 
1.058900 
1.058900 
1.060600 
1.061200 
1.061900 
1.062000 
1.063000 
1.063300 
1.064000 
1.064600 
1.064700 
1.066500 
1.069300 
1.070700 
1.070800 
1.070900 
1.076800 
1.078200 
1.078900 
1.079700 
1.082500 
1.083000 
1.083100 
1.083900 
1.085800 
1.087000 
1.089600 
1.091300 
1.091800 
1.092000 
1.092200 
1.092500 
1.093900 
1.095800 
1.097700 
1.099000 
1.100200 
1.100500 
1.101200 
1.101500 
1.101900 
1.103700 
1.103800 
1.104200 
1.105100 
1.105400 
1.107900 
1.108600 
1.109500 
1.109900 
1.112000 
1.113200 
1.115300 
1.117000 
1.117700 
1.118100 
1.118900 
1.119100 
1.119700 
1.120900 
1.121000 
1.121400 
1.122000 
1.122500 
1.123600 
1.124400 
1.124500 
1.127100 
1.128300 
1.129500 
1.131700 
1.132800 
1.134200 
1.134600 
1.138500 
1.138500 
1.140400 
1.141100 
1.142100 
1.142900 
1.143300 
1.145700 
1.147500 
1.147700 
1.148000 
1.148100 
1.149300 
1.150200 
1.150700 
1.152800 
1.152800 
1.157100 
1.158900 
1.159800 
1.160000 
1.160700 
1.161700 
1.163000 
1.165900 
1.166400 
1.166900 
1.167600 
1.168500 
1.171200 
1.171600 
1.174700 
1.176000 
1.176900 
1.177600 
1.178000 
1.180800 
1.180800 
1.181800 
1.182400 
1.182700 
1.183000 
1.183300 
1.184300 
1.185300 
1.187000 
1.188000 
1.191900 
1.192100 
1.193600 
1.197200 
1.198000 
1.199100 
1.199500 
1.202300 
1.202400 
1.203600 
1.205400 
1.207400 
1.208000 
1.208200 
1.209000 
1.209900 
1.210700 
1.212900 
1.213000 
1.215300 
1.215600 
1.216900 
1.217100 
1.220900 
1.221200 
1.221700 
1.223300 
1.223500 
1.227400 
1.231600 
1.232800 
1.232900 
1.233200 
1.239000 
1.243400 
1.246200 
1.246700 
1.247100 
1.248600 
1.253800 
1.259100 
1.259300 
1.259600 
1.262600 
1.263100 
1.264200 
1.266300 
1.266900 
1.267300 
1.267400 
1.267500 
1.269500 
1.269600 
1.272900 
1.273900 
1.274600 
1.275000 
1.275900 
1.276500 
1.280100 
1.280300 
1.280400 
1.280400 
1.281400 
1.283600 
1.284700 
1.285400 
1.287000 
1.288000 
1.289000 
1.289100 
1.292000 
1.292900 
1.293800 
1.296200 
1.296300 
1.296400 
1.297000 
1.297800 
1.298100 
1.298500 
1.300300 
1.300600 
1.302500 
1.303400 
1.303500 
1.306700 
1.309700 
1.310400 
1.311100 
1.311300 
1.312900 
1.314400 
1.315100 
1.316500 
1.318100 
1.319500 
1.320100 
1.321200 
1.322400 
1.322400 
1.322500 
1.323700 
1.323700 
1.325000 
1.325100 
1.326200 
1.326500 
1.328100 
1.328800 
1.329000 
1.332200 
1.332600 
1.332700 
1.335000 
1.337300 
1.339700 
1.340700 
1.341500 
1.343400 
1.347700 
1.348500 
1.348600 
1.348900 
1.349900 
1.350000 
1.350200 
1.350700 
1.351800 
1.352300 
1.352300 
1.353200 
1.353700 
1.353900 
1.358000 
1.358300 
1.359000 
1.359400 
1.362200 
1.363100 
1.363300 
1.363300 
1.363600 
1.363800 
1.364400 
1.366300 
1.366700 
1.367200 
1.367800 
1.368900 
1.369200 
1.369500 
1.369700 
1.370700 
1.371200 
1.373300 
1.373500 
1.374200 
1.375800 
1.375900 
1.376500 
1.377400 
1.378600 
1.379700 
1.379800 
1.381000 
1.381200 
1.381500 
1.381800 
1.382800 
1.384100 
1.384600 
1.384900 
1.385500 
1.387800 
1.388000 
1.388800 
1.389800 
1.390300 
1.391500 
1.391800 
1.392200 
1.393400 
1.394200 
1.394700 
1.395400 
1.395800 
1.397100 
1.398100 
1.398800 
1.401000 
1.401100 
1.403700 
1.404700 
1.404700 
1.405000 
1.405300 
1.408700 
1.410400 
1.411400 
1.412800 
1.414000 
1.414200 
1.414500 
1.420000 
1.420000 
1.420300 
1.420900 
1.422600 
1.424300 
1.427300 
1.427300 
1.428600 
1.429500 
1.431800 
1.433500 
1.433700 
1.434800 
1.435700 
1.437200 
1.437400 
1.437900 
1.438500 
1.439200 
1.439500 
1.441000 
1.441500 
1.441600 
1.442700 
1.445500 
1.446200 
1.446700 
1.446800 
1.447300 
1.448100 
1.452000 
1.452000 
1.452500 
1.455200 
1.455900 
1.456500 
1.460000 
1.465000 
1.465400 
1.465400 
1.466100 
1.466100 
1.466300 
1.467700 
1.469000 
1.470600 
1.474900 
1.476600 
1.480200 
1.484000 
1.484900 
1.485700 
1.485900 
1.487100 
1.487200 
1.487800 
1.488000 
1.489500 
1.492100 
1.492600 
1.494200 
1.494700 
1.494800 
1.495100 
1.495700 
1.498200 
1.498700 
1.500400 
1.502100 
1.502200 
1.502600 
1.505400 
1.506000 
1.506300 
1.507400 
1.507400 
1.507500 
1.510000 
1.510400 
1.510800 
1.511500 
1.511600 
1.512100 
1.512400 
1.513300 
1.514100 
1.514500 
1.515100 
1.515800 
1.516100 
1.516200 
1.516800 
1.517500 
1.517600 
1.517700 
1.517700 
1.518000 
1.519000 
1.519000 
1.519800 
1.520200 
1.521100 
1.522000 
1.522300 
1.522800 
1.523800 
1.524200 
1.524700 
1.527100 
1.530300 
1.531500 
1.532000 
1.532800 
1.534100 
1.534800 
1.536500 
1.537600 
1.537700 
1.537800 
1.539200 
1.540000 
1.540200 
1.540400 
1.540800 
1.541100 
1.541700 
1.541900 
1.542600 
1.543700 
1.544200 
1.545300 
1.545400 
1.545600 
1.547300 
1.549100 
1.550600 
1.550800 
1.552400 
1.560400 
1.561000 
1.561100 
1.562100 
1.562600 
1.563000 
1.566700 
1.567800 
1.569000 
1.569700 
1.570100 
1.570700 
1.571600 
1.571800 
1.572900 
1.573000 
1.574100 
1.574500 
1.574800 
1.575000 
1.575600 
1.576700 
1.577100 
1.577800 
1.578800 
1.581300 
1.581300 
1.581400 
1.581700 
1.582500 
1.583000 
1.584100 
1.584100 
1.584200 
1.586100 
1.586700 
1.587900 
1.589700 
1.589800 
1.591000 
1.595700 
1.598000 
1.600000 
1.600500 
1.600500 
1.601600 
1.602000 
1.604800 
1.604900 
1.605300 
1.605400 
1.606700 
1.607700 
1.607900 
1.611300 
1.612200 
1.612300 
1.615000 
1.615200 
1.615800 
1.618300 
1.618400 
1.619400 
1.620700 
1.622600 
1.622700 
1.622900 
1.623400 
1.623800 
1.626000 
1.627000 
1.630600 
1.630900 
1.631600 
1.632500 
1.632600 
1.632700 
1.634500 
1.635700 
1.636200 
1.637200 
1.637600 
1.643400 
1.647700 
1.648800 
1.649100 
1.650600 
1.652600 
1.653500 
1.653900 
1.654000 
1.656900 
1.659200 
1.659800 
1.659800 
1.662300 
1.662400 
1.664500 
1.664700 
1.665100 
1.665100 
1.668500 
1.669700 
1.671100 
1.671500 
1.672600 
1.673500 
1.675500 
1.676600 
1.676600 
1.676700 
1.678400 
1.679000 
1.679200 
1.679600 
1.680300 
1.680500 
1.680900 
1.683000 
1.684600 
1.686100 
1.686500 
1.688900 
1.689000 
1.690300 
1.691000 
1.692200 
1.692800 
1.694300 
1.694300 
1.694400 
1.696300 
1.697400 
1.700700 
1.702400 
1.704900 
1.706100 
1.706500 
1.710300 
1.710700 
1.711500 
1.713400 
1.714900 
1.716000 
1.717000 
1.720100 
1.721100 
1.725100 
1.725100 
1.725500 
1.725500 
1.725600 
1.726600 
1.726900 
1.728500 
1.728800 
1.729400 
1.730800 
1.732600 
1.733900 
1.734400 
1.735500 
1.736800 
1.739400 
1.740000 
1.740800 
1.741600 
1.742700 
1.743100 
1.744700 
1.746300 
1.747600 
1.749600 
1.751400 
1.751900 
1.752100 
1.752300 
1.752300 
1.752500 
1.758000 
1.760800 
1.761500 
1.762000 
1.765100 
1.765400 
1.765500 
1.765800 
1.767800 
1.768900 
1.769700 
1.770300 
1.771800 
1.772300 
1.775500 
1.775900 
1.776100 
1.776900 
1.777000 
1.777600 
1.780700 
1.784200 
1.786000 
1.786700 
1.787200 
1.790700 
1.795600 
1.797100 
1.797500 
1.798900 
1.799300 
1.800400 
1.800600 
1.800900 
1.801500 
1.801900 
1.802100 
1.802200 
1.803000 
1.805400 
1.806100 
1.808300 
1.809200 
1.810300 
1.811200 
1.811200 
1.811400 
1.812700 
1.813500 
1.813500 
1.813700 
1.814600 
1.814900 
1.815000 
1.815300 
1.815900 
1.815900 
1.816100 
1.818000 
1.819600 
1.821200 
1.822400 
1.822800 
1.824200 
1.825100 
1.825800 
1.826500 
1.826600 
1.826600 
1.826800 
1.829200 
1.830200 
1.830700 
1.831800 
1.832300 
1.833900 
1.834200 
1.837000 
1.838000 
1.838200 
1.839500 
1.840100 
1.840100 
1.841700 
1.841900 
1.843300 
1.844300 
1.846400 
1.846800 
1.847900 
1.848800 
1.849600 
1.849700 
1.850300 
1.850800 
1.851300 
1.854800 
1.858700 
1.859500 
1.860100 
1.862800 
1.863700 
1.864000 
1.864100 
1.864200 
1.865800 
1.867800 
1.868300 
1.868600 
1.869900 
1.870100 
1.870700 
1.871700 
1.871800 
1.872200 
1.872800 
1.872900 
1.873900 
1.875200 
1.876200 
1.876400 
1.878700 
1.880700 
1.881900 
1.883700 
1.883800 
1.883900 
1.884400 
1.885400 
1.886200 
1.886500 
1.887500 
1.888200 
1.888400 
1.889500 
1.889500 
1.893100 
1.894300 
1.895600 
1.895600 
1.896400 
1.898000 
1.899600 
1.899600 
1.899900 
1.901400 
1.901900 
1.902100 
1.902200 
1.902500 
1.903700 
1.904100 
1.904100 
1.904300 
1.904700 
1.907000 
1.907400 
1.907500 
1.911800 
1.915000 
1.915600 
1.918500 
1.919900 
1.919900 
1.920400 
1.921500 
1.923700 
1.924100 
1.927200 
1.928200 
1.930100 
1.930600 
1.931400 
1.931700 
1.933100 
1.933800 
1.934400 
1.934400 
1.934400 
1.934500 
1.935000 
1.935300 
1.942200 
1.942600 
1.943300 
1.943800 
1.944300 
1.947500 
1.948100 
1.948600 
1.949700 
1.951100 
1.951500 
1.952100 
1.953000 
1.953800 
1.955500 
1.956100 
1.957000 
1.958100 
1.958300 
1.958700 
1.959500 
1.960500 
1.960800 
1.961100 
1.962400 
1.963500 
1.963800 
1.964200 
1.967200 
1.970500 
1.972600 
1.974500 
1.975100 
1.975300 
1.975400 
1.976100 
1.977700 
1.977700 
1.981200 
1.981300 
1.981700 
1.982400 
1.982600 
1.982800 
1.982800 
1.986700 
1.986800 
1.987000 
1.987300 
1.987800 
1.988100 
1.988100 
1.988500 
1.989000 
1.990500 
1.992100 
1.993900 
1.995100 
1.995800 
1.997900 
1.998800 
2.001000 
2.001300 
2.001600 
2.002800 
2.004600 
2.004800 
2.005200 
2.006200 
2.006900 
2.011500 
2.011700 
2.012200 
2.012400 
2.012700 
2.013700 
2.015200 
2.018400 
2.018900 
2.021200 
2.021300 
2.022100 
2.023800 
2.026500 
2.027300 
2.028900 
2.029100 
2.029200 
2.029600 
2.032500 
2.033600 
2.034700 
2.035100 
2.036300 
2.036900 
2.040000 
2.040300 
2.043600 
2.044200 
2.045200 
2.046500 
2.049500 
2.051000 
2.051000 
2.051300 
2.052100 
2.053500 
2.053900 
2.055000 
2.055000 
2.055700 
2.056000 
2.056100 
2.056600 
2.057800 
2.058900 
2.059600 
2.059900 
2.060700 
2.061100 
2.061700 
2.061900 
2.063200 
2.064700 
2.065400 
2.066700 
2.066700 
2.067100 
2.067400 
2.067700 
2.067700 
2.067800 
2.070100 
2.070400 
2.070500 
2.071900 
2.071900 
2.072500 
2.075400 
2.076400 
2.078300 
2.081600 
2.081800 
2.082400 
2.085000 
2.085800 
2.086500 
2.086800 
2.095000 
2.097800 
2.099800 
2.100500 
2.100700 
2.101300 
2.102700 
2.108400 
2.109300 
2.111500 
2.113000 
2.113100 
2.116100 
2.121500 
2.122400 
2.123300 
2.123400 
2.123400 
2.123900 
2.125500 
2.125800 
2.127100 
2.127600 
2.128000 
2.128800 
2.130200 
2.131500 
2.131600 
2.134300 
2.134400 
2.135000 
2.135300 
2.136000 
2.136100 
2.136600 
2.138600 
2.138900 
2.139900 
2.141500 
2.142000 
2.144300 
2.144900 
2.145100 
2.145700 
2.146000 
2.146600 
2.149200 
2.149400 
2.151300 
2.151400 
2.151600 
2.153900 
2.154300 
2.154300 
2.154400 
2.154500 
2.154900 
2.155000 
2.155000 
2.155100 
2.155300 
2.157000 
2.157800 
2.158600 
2.158900 
2.159700 
2.160300 
2.160500 
2.161500 
2.162500 
2.162800 
2.165200 
2.167000 
2.170500 
2.170900 
2.171400 
2.171700 
2.172200 
2.172400 
2.172500 
2.172900 
2.173600 
2.173900 
2.174000 
2.176000 
2.177200 
2.178900 
2.179700 
2.179800 
2.180100 
2.180200 
2.180800 
2.182000 
2.182200 
2.182400 
2.183600 
2.185300 
2.185800 
2.186600 
2.186600 
2.187900 
2.189400 
2.190800 
2.191000 
2.192200 
2.197500 
2.199200 
2.200400 
2.200700 
2.201000 
2.201100 
2.201800 
2.202000 
2.203500 
2.204600 
2.206500 
2.208700 
2.209000 
2.209300 
2.209400 
2.210100 
2.210500 
2.211100 
2.211100 
2.212500 
2.212500 
2.213100 
2.213300 
2.213700 
2.217300 
2.218000 
2.220200 
2.220800 
2.221600 
2.224700 
2.225700 
2.227000 
2.228100 
2.230300 
2.231300 
2.232300 
2.233100 
2.236200 
2.237800 
2.240900 
2.241700 
2.243600 
2.245000 
2.246400 
2.247300 
2.248300 
2.248400 
2.249000 
2.250700 
2.250700 
2.250900 
2.251000 
2.251200 
2.253500 
2.254100 
2.254100 
2.254400 
2.254500 
2.255400 
2.255800 
2.256300 
2.256700 
2.256900 
2.257700 
2.258500 
2.259500 
2.261400 
2.262200 
2.262400 
2.264300 
2.264300 
2.265700 
2.266600 
2.268000 
2.268200 
2.268800 
2.269700 
2.269800 
2.270300 
2.271500 
2.272300 
2.274200 
2.275900 
2.276400 
2.279900 
2.280400 
2.280800 
2.282300 
2.285300 
2.285400 
2.287800 
2.288300 
2.290400 
2.292000 
2.292100 
2.295700 
2.296800 
2.297000 
2.297900 
2.300300 
2.300700 
2.305400 
2.306000 
2.306900 
2.307200 
2.307600 
2.308400 
2.309300 
2.309500 
2.309700 
2.310700 
2.312000 
2.314500 
2.314500 
2.317300 
2.318600 
2.318700 
2.320000 
2.322100 
2.324800 
2.325700 
2.325800 
2.326200 
2.326400 
2.326800 
2.327900 
2.328600 
2.328900 
2.329600 
2.330000 
2.330200 
2.330300 
2.330300 
2.332200 
2.333500 
2.333800 
2.334500 
2.335800 
2.336000 
2.336000 
2.337700 
2.338200 
2.338400 
2.339100 
2.339200 
2.340600 
2.341800 
2.342400 
2.343000 
2.343600 
2.344400 
2.344500 
2.345300 
2.348200 
2.348400 
2.348700 
2.348900 
2.349000 
2.349100 
2.351000 
2.351900 
2.352000 
2.352800 
2.353800 
2.353900 
2.354600 
2.355100 
2.356300 
2.357100 
2.358600 
2.362400 
2.362600 
2.362700 
2.367400 
2.367800 
2.369200 
2.370000 
2.371200 
2.375300 
2.378900 
2.379500 
2.380500 
2.381000 
2.381900 
2.385300 
2.387000 
2.388200 
2.390900 
2.391500 
2.391800 
2.392300 
2.395800 
2.396100 
2.397100 
2.397200 
2.398600 
2.399000 
2.400100 
2.400500 
2.402000 
2.402900 
2.402900 
2.403100 
2.403200 
2.405800 
2.407500 
2.408600 
2.409300 
2.409300 
2.412700 
2.412900 
2.414200 
2.415900 
2.416600 
2.418700 
2.420700 
2.421200 
2.423300 
2.423900 
2.424500 
2.424700 
2.425300 
2.425400 
2.426500 
2.429100 
2.433000 
2.433300 
2.433400 
2.435000 
2.435000 
2.435900 
2.436400 
2.438600 
2.439000 
2.439600 
2.440500 
2.440900 
2.441000 
2.441400 
2.445500 
2.447000 
2.447500 
2.447700 
2.451100 
2.451500 
2.452800 
2.454100 
2.454400 
2.454800 
2.455700 
2.455700 
2.455900 
2.456200 
2.456600 
2.456800 
2.456900 
2.461800 
2.467000 
2.468700 
2.470800 
2.471700 
2.471900 
2.472600 
2.473300 
2.474000 
2.476000 
2.476100 
2.476900 
2.478500 
2.479900 
2.480100 
2.483400 
2.484000 
2.485600 
2.485600 
2.486000 
2.487000 
2.488100 
2.488100 
2.488200 
2.488500 
2.488600 
2.490200 
2.490400 
2.491000 
2.491800 
2.492700 
2.493000 
2.493900 
2.493900 
2.496500 
2.497900 
2.498800 
2.499500 
2.500000 
2.500100 
2.500200 
2.500800 
2.501100 
2.502300 
2.503100 
2.504100 
2.506100 
2.506300 
2.508200 
2.509800 
2.511100 
2.511900 
2.512400 
2.512700 
2.512700 
2.513800 
2.515000 
2.515400 
2.515600 
2.515800 
2.515900 
2.516000 
2.516100 
2.516400 
2.516900 
2.517000 
2.519200 
2.519800 
2.520500 
2.522400 
2.525100 
2.526200 
2.528900 
2.533800 
2.535800 
2.536700 
2.537000 
2.537200 
2.540100 
2.540500 
2.541000 
2.542700 
2.542700 
2.544400 
2.544900 
2.545200 
2.545200 
2.545300 
2.545900 
2.546300 
2.546900 
2.548000 
2.548100 
2.549800 
2.550700 
2.551700 
2.552900 
2.553700 
2.554600 
2.554600 
2.554700 
2.556800 
2.557600 
2.558700 
2.559400 
2.559900 
2.560500 
2.562400 
2.563100 
2.563700 
2.564600 
2.564900 
2.566000 
2.566600 
2.567400 
2.568600 
2.568700 
2.569400 
2.570000 
2.572400 
2.572800 
2.575300 
2.575800 
2.580600 
2.581200 
2.583200 
2.584600 
2.585100 
2.586000 
2.586200 
2.588200 
2.588900 
2.588900 
2.591100 
2.591200 
2.592200 
2.592200 
2.592400 
2.593000 
2.594900 
2.598600 
2.598800 
2.603000 
2.604200 
2.607100 
2.607200 
2.607800 
2.607900 
2.613600 
2.614300 
2.615000 
2.615400 
2.615500 
2.615700 
2.616500 
2.617000 
2.617800 
2.619400 
2.619500 
2.621200 
2.623900 
2.624400 
2.625900 
2.627200 
2.628800 
2.629000 
2.629000 
2.629300 
2.630400 
2.631000 
2.632300 
2.632800 
2.633300 
2.633800 
2.635000 
2.635800 
2.635900 
2.636500 
2.639200 
2.640000 
2.643100 
2.643900 
2.644400 
2.647300 
2.647400 
2.648100 
2.648200 
2.648300 
2.649400 
2.650200 
2.650700 
2.651100 
2.654300 
2.654600 
2.655000 
2.655500 
2.657700 
2.663700 
2.666300 
2.666400 
2.667500 
2.669700 
2.670200 
2.670600 
2.672000 
2.672800 
2.673300 
2.673700 
2.674200 
2.674500 
2.674700 
2.674900 
2.677100 
2.677500 
2.677700 
2.678100 
2.678400 
2.679300 
2.680000 
2.680500 
2.680600 
2.680800 
2.681500 
2.681800 
2.681900 
2.682600 
2.683800 
2.684100 
2.684700 
2.684900 
2.685400 
2.685800 
2.686000 
2.686400 
2.686500 
2.688600 
2.691600 
2.692000 
2.692700 
2.694500 
2.696800 
2.698700 
2.699400 
2.700500 
2.702000 
2.702200 
2.703000 
2.703800 
2.706200 
2.706600 
2.709900 
2.711500 
2.711600 
2.713900 
2.714900 
2.715500 
2.716000 
2.717600 
2.719700 
2.719800 
2.723100 
2.723200 
2.723900 
2.724400 
2.725200 
2.725700 
2.726800 
2.728100 
2.729200 
2.729500 
2.729800 
2.730200 
2.730200 
2.731200 
2.732200 
2.733900 
2.735200 
2.735700 
2.736500 
2.737300 
2.737400 
2.737700 
2.738200 
2.739300 
2.739900 
2.740300 
2.742600 
2.743300 
2.744000 
2.744200 
2.746000 
2.747100 
2.751900 
2.753500 
2.754900 
2.757400 
2.759100 
2.760100 
2.760100 
2.760800 
2.762400 
2.763300 
2.763500 
2.763900 
2.764000 
2.767900 
2.768300 
2.769200 
2.770700 
2.772000 
2.772400 
2.774100 
2.775400 
2.775900 
2.776000 
2.777900 
2.781400 
2.781400 
2.782000 
2.782100 
2.782600 
2.782600 
2.782700 
2.783700 
2.783700 
2.784300 
2.786500 
2.789700 
2.790800 
2.792700 
2.792800 
2.793600 
2.793800 
2.795500 
2.795900 
2.797100 
2.797700 
2.799500 
2.803600 
2.805500 
2.805800 
2.806100 
2.806700 
2.806900 
2.808300 
2.810100 
2.810800 
2.815400 
2.816400 
2.816500 
2.816700 
2.816900 
2.817400 
2.818900 
2.819200 
2.819300 
2.819500 
2.820800 
2.821700 
2.824000 
2.825300 
2.826700 
2.827100 
2.827400 
2.828800 
2.829200 
2.830100 
2.830300 
2.833700 
2.834800 
2.835000 
2.835800 
2.836400 
2.837100 
2.837400 
2.838300 
2.838600 
2.839800 
2.841100 
2.844800 
2.844800 
2.846000 
2.846900 
2.847700 
2.848500 
2.848700 
2.849900 
2.855900 
2.857100 
2.862300 
2.863700 
2.865400 
2.868000 
2.870100 
2.870700 
2.871100 
2.871700 
2.872800 
2.872900 
2.873100 
2.874400 
2.874400 
2.874500 
2.874500 
2.876100 
2.876600 
2.876900 
2.877600 
2.879100 
2.880800 
2.881100 
2.885200 
2.885300 
2.885400 
2.886200 
2.887100 
2.888400 
2.892000 
2.892200 
2.894100 
2.894500 
2.894900 
2.896100 
2.896200 
2.896700 
2.898300 
2.898700 
2.900300 
2.901000 
2.901100 
2.901200 
2.901900 
2.902800 
2.905100 
2.907100 
2.908400 
2.913600 
2.913700 
2.913900 
2.914400 
2.914500 
2.915700 
2.917600 
2.918100 
2.919300 
2.920400 
2.920600 
2.921000 
2.922100 
2.922200 
2.923400 
2.924900 
2.925300 
2.925900 
2.927200 
2.929300 
2.931200 
2.931400 
2.933000 
2.933100 
2.934700 
2.935000 
2.936100 
2.936300 
2.937900 
2.938000 
2.938400 
2.938600 
2.938600 
2.938800 
2.940100 
2.942000 
2.942700 
2.943500 
2.945000 
2.947700 
2.948600 
2.949100 
2.949900 
2.953300 
2.953400 
2.953600 
2.953600 
2.954800 
2.956400 
2.957100 
2.957100 
2.957400 
2.957500 
2.960400 
2.961800 
2.963600 
2.964500 
2.965700 
2.966000 
2.966100 
2.966900 
2.966900 
2.967500 
2.969200 
2.971000 
2.971100 
2.971200 
2.971700 
2.971800 
2.972400 
2.972600 
2.974900 
2.975700 
2.978600 
2.982700 
2.983600 
2.984700 
2.985300 
2.988100 
2.989700 
2.990000 
2.991400 
2.992100 
2.993800 
2.996800 
2.999000 
