0.026000 
0.026300 
0.034000 
0.037600 
0.038000 
0.050700 
0.054400 
0.054600 
0.055100 
0.060400 
0.061200 
0.063100 
0.071600 
0.072200 
0.080300 
0.084800 
0.087400 
0.093700 
0.096700 
0.099400 
0.101400 
0.104400 
0.104700 
0.108200 
0.115300 
0.119400 
0.126400 
0.132400 
0.133100 
0.143600 
0.144400 
0.146400 
0.147600 
0.154100 
0.163300 
0.168900 
0.174600 
0.178600 
0.178600 
0.185900 
0.192100 
0.208300 
0.208700 
0.220700 
0.222700 
0.225100 
0.230000 
0.234800 
0.236800 
0.238700 
0.247700 
0.258200 
0.259400 
0.260900 
0.271600 
0.277100 
0.280600 
0.287500 
0.288200 
0.295300 
0.297100 
0.297700 
0.299600 
0.302600 
0.305200 
0.305400 
0.307800 
0.308100 
0.311900 
0.312200 
0.312800 
0.332800 
0.336300 
0.337700 
0.340600 
0.343400 
0.351600 
0.352100 
0.354000 
0.355300 
0.359200 
0.367500 
0.368300 
0.380400 
0.386200 
0.388500 
0.390000 
0.397500 
0.398900 
0.407300 
0.413100 
0.416100 
0.428400 
0.433700 
0.436400 
0.438000 
0.439300 
0.450000 
0.451400 
0.452300 
0.455200 
0.464200 
0.466100 
0.467100 
0.469500 
0.469900 
0.475300 
0.477600 
0.477800 
0.482300 
0.484900 
0.486700 
0.489500 
0.494300 
0.499300 
0.503700 
0.509600 
0.511700 
0.512600 
0.530100 
0.531400 
0.540400 
0.545300 
0.548800 
0.552600 
0.554300 
0.572300 
0.573900 
0.577300 
0.578800 
0.584300 
0.584700 
0.585100 
0.591400 
0.594000 
0.596900 
0.597400 
0.600300 
0.606700 
0.616300 
0.623700 
0.635800 
0.637300 
0.645400 
0.653600 
0.656200 
0.665800 
0.666400 
0.668100 
0.668500 
0.669400 
0.675000 
0.688300 
0.708900 
0.717400 
0.730300 
0.735800 
0.743500 
0.743600 
0.744100 
0.746500 
0.747800 
0.748800 
0.753900 
0.762200 
0.767900 
0.775500 
0.777900 
0.783500 
0.792300 
0.793000 
0.795600 
0.796400 
0.804300 
0.807900 
0.810000 
0.810700 
0.827500 
0.829200 
0.832500 
0.835800 
0.840500 
0.842900 
0.843200 
0.845100 
0.852100 
0.857500 
0.857900 
0.858400 
0.860100 
0.870400 
0.885400 
0.887900 
0.893300 
0.894600 
0.900300 
0.903300 
0.911600 
0.913400 
0.921100 
0.921700 
0.923100 
0.932500 
0.934600 
0.939100 
0.943700 
0.944700 
0.951700 
0.959400 
0.965700 
0.967600 
0.968600 
0.977200 
0.979200 
0.982500 
0.998200 
1.000500 
1.000700 
1.010500 
1.014700 
1.023400 
1.025000 
1.039300 
1.045700 
1.046200 
1.047300 
1.056500 
1.057100 
1.058000 
1.065000 
1.071200 
1.073700 
1.082200 
1.085100 
1.086500 
1.088200 
1.092600 
1.098300 
1.098300 
1.106000 
1.115700 
1.117200 
1.118300 
1.124300 
1.130200 
1.131500 
1.141700 
1.144300 
1.148000 
1.150500 
1.150700 
1.151800 
1.166800 
1.171700 
1.173500 
1.175000 
1.181400 
1.185100 
1.187700 
1.188700 
1.193800 
1.203400 
1.206700 
1.211900 
1.222400 
1.223700 
1.229400 
1.232500 
1.243700 
1.243900 
1.248800 
1.250600 
1.250800 
1.259700 
1.263600 
1.265600 
1.274400 
1.277700 
1.282900 
1.290100 
1.296400 
1.296600 
1.297600 
1.299000 
1.302800 
1.315000 
1.319600 
1.321200 
1.321600 
1.323900 
1.328200 
1.335300 
1.336400 
1.343800 
1.348800 
1.349200 
1.353600 
1.356000 
1.358400 
1.359500 
1.361500 
1.362300 
1.366200 
1.372000 
1.372400 
1.372700 
1.373900 
1.385100 
1.395900 
1.396500 
1.398800 
1.402500 
1.407000 
1.418200 
1.418400 
1.419100 
1.427000 
1.429800 
1.434800 
1.435800 
1.437200 
1.441500 
1.447500 
1.448600 
1.456400 
1.461700 
1.473500 
1.473600 
1.479200 
1.480800 
1.482100 
1.486700 
1.496600 
1.513200 
1.524200 
1.527000 
1.528000 
1.528100 
1.529700 
1.537000 
1.542200 
1.543700 
1.544600 
1.547700 
1.554600 
1.564400 
1.574100 
1.577400 
1.578400 
1.592800 
1.594300 
1.623800 
1.624600 
1.625300 
1.626300 
1.631200 
1.633800 
1.640000 
1.645700 
1.654400 
1.654500 
1.656200 
1.663900 
1.667000 
1.674200 
1.678700 
1.682700 
1.683800 
1.688900 
1.697500 
1.698200 
1.705000 
1.705200 
1.710300 
1.714200 
1.721400 
1.737000 
1.737700 
1.740000 
1.743000 
1.743300 
1.745200 
1.755100 
1.755800 
1.759400 
1.761400 
1.767800 
1.772800 
1.776300 
1.778300 
1.788200 
1.790300 
1.791700 
1.799600 
1.802900 
1.810700 
1.812900 
1.818600 
1.820900 
1.821200 
1.824600 
1.828600 
1.844700 
1.850400 
1.851600 
1.858300 
1.861600 
1.865600 
1.867500 
1.870400 
1.878700 
1.887600 
1.889100 
1.904300 
1.907300 
1.910300 
1.912500 
1.913900 
1.918200 
1.921800 
1.922700 
1.929400 
1.948300 
1.951600 
1.960000 
1.962700 
1.967000 
1.980000 
1.980500 
1.984200 
1.986800 
1.988100 
2.003000 
2.008500 
2.016700 
2.032300 
2.035300 
2.035700 
2.037600 
2.038700 
2.056300 
2.066600 
2.069200 
2.071400 
2.081400 
2.084700 
2.087100 
2.089300 
2.106400 
2.108800 
2.122900 
2.126900 
2.131600 
2.135600 
2.138800 
2.143100 
2.148400 
2.155400 
2.159700 
2.160400 
2.162200 
2.169700 
2.171800 
2.172000 
2.172400 
2.177800 
2.187900 
2.188800 
2.189900 
2.193000 
2.200400 
2.203300 
2.212200 
2.213500 
2.219600 
2.220600 
2.229300 
2.237700 
2.238100 
2.256700 
2.257800 
2.264800 
2.265900 
2.267800 
2.271900 
2.273200 
2.275300 
2.283800 
2.289000 
2.292100 
2.298400 
2.300900 
2.302400 
2.304400 
2.307700 
2.308100 
2.310100 
2.311600 
2.313400 
2.313900 
2.319400 
2.322500 
2.335000 
2.335700 
2.346200 
2.357200 
2.370700 
2.374800 
2.381500 
2.395800 
2.405500 
2.407300 
2.411500 
2.413100 
2.419400 
2.422300 
2.424800 
2.426500 
2.429500 
2.434300 
2.437400 
2.441100 
2.446000 
2.450100 
2.453600 
2.459000 
2.461500 
2.463100 
2.470000 
2.474000 
2.488300 
2.489100 
2.495900 
2.512200 
2.516700 
2.522500 
2.527200 
2.533400 
2.533600 
2.533800 
2.542300 
2.545100 
2.546400 
2.552900 
2.557700 
2.559900 
2.561600 
2.561700 
2.563400 
2.568700 
2.569700 
2.574800 
2.576000 
2.576900 
2.579700 
2.581800 
2.601900 
2.612200 
2.615200 
2.620000 
2.628500 
2.628700 
2.629600 
2.630000 
2.631300 
2.636600 
2.637800 
2.648700 
2.648800 
2.649800 
2.653800 
2.658900 
2.665300 
2.668900 
2.676500 
2.676900 
2.685800 
2.691400 
2.691900 
2.693000 
2.700300 
2.702100 
2.709900 
2.711600 
2.712100 
2.712700 
2.713400 
2.717000 
2.739800 
2.742800 
2.745700 
2.746400 
2.752600 
2.754400 
2.761400 
2.772100 
2.776100 
2.776600 
2.789300 
2.790900 
2.796800 
2.797100 
2.800500 
2.805600 
2.806500 
2.808400 
2.813200 
2.817600 
2.818600 
2.824900 
2.831300 
2.832700 
2.836000 
2.836900 
2.839000 
2.854000 
2.860100 
2.860100 
2.866500 
2.866700 
2.883100 
2.886600 
2.887900 
2.888200 
2.890200 
2.898400 
2.901900 
2.907200 
2.910700 
2.921900 
2.922600 
2.929800 
2.937700 
2.937800 
2.939500 
2.943400 
2.950600 
2.950700 
2.952000 
2.954200 
2.963000 
2.964200 
2.964200 
2.965500 
2.966700 
2.968300 
2.981600 
2.986500 
2.987400 
2.990900 
2.991300 
2.995800 
2.999400 
