0.017100 
0.018200 
0.019400 
0.019800 
0.020300 
0.021000 
0.021400 
0.022300 
0.022600 
0.022600 
0.022700 
0.023000 
0.023100 
0.023200 
0.023300 
0.023700 
0.024100 
0.024200 
0.024800 
0.025100 
0.025700 
0.025900 
0.025900 
0.026000 
0.026000 
0.026300 
0.026300 
0.026500 
0.026500 
0.027100 
0.027300 
0.027400 
0.027400 
0.027500 
0.027700 
0.027800 
0.027800 
0.027800 
0.028000 
0.028200 
0.028500 
0.028500 
0.029300 
0.029700 
0.029700 
0.029800 
0.029900 
0.030100 
0.030300 
0.030400 
0.030900 
0.031200 
0.031300 
0.031400 
0.031400 
0.031500 
0.031900 
0.032000 
0.032400 
0.032500 
0.032600 
0.032600 
0.032700 
0.032900 
0.033000 
0.033100 
0.033200 
0.033700 
0.033800 
0.033900 
0.033900 
0.034000 
0.034200 
0.034600 
0.034700 
0.035400 
0.035500 
0.035600 
0.036000 
0.036100 
0.036300 
0.036600 
0.036700 
0.036700 
0.036900 
0.037800 
0.037800 
0.037800 
0.038100 
0.038300 
0.038300 
0.038400 
0.039100 
0.039200 
0.039500 
0.039700 
0.039800 
0.040000 
0.040500 
0.040700 
0.040800 
0.040800 
0.041300 
0.041500 
0.041900 
0.042500 
0.042600 
0.042800 
0.043500 
0.043800 
0.043800 
0.043900 
0.044100 
0.044600 
0.045100 
0.045100 
0.045200 
0.045300 
0.045400 
0.045500 
0.045700 
0.045900 
0.046200 
0.046600 
0.046900 
0.047700 
0.048400 
0.048700 
0.048900 
0.048900 
0.048900 
0.049300 
0.049700 
0.049800 
0.050200 
0.050200 
0.050400 
0.051300 
0.051500 
0.051800 
0.052100 
0.052300 
0.052700 
0.053000 
0.053300 
0.053600 
0.053600 
0.053800 
0.053800 
0.054200 
0.054200 
0.054400 
0.054400 
0.054600 
0.054600 
0.054800 
0.054900 
0.055200 
0.055700 
0.056200 
0.056300 
0.056900 
0.056900 
0.057300 
0.057400 
0.057600 
0.058400 
0.059200 
0.059300 
0.059300 
0.059500 
0.059500 
0.060000 
0.060000 
0.060000 
0.060300 
0.060800 
0.061200 
0.061200 
0.061400 
0.062000 
0.062300 
0.062500 
0.062700 
0.062800 
0.063100 
0.063200 
0.063400 
0.063900 
0.063900 
0.064200 
0.064300 
0.064500 
0.065000 
0.065000 
0.065300 
0.065400 
0.065500 
0.066200 
0.066200 
0.066500 
0.067000 
0.067800 
0.067900 
0.068200 
0.068600 
0.069000 
0.069300 
0.069300 
0.069700 
0.070200 
0.070600 
0.070800 
0.071000 
0.071400 
0.071600 
0.072200 
0.072600 
0.072600 
0.072800 
0.072900 
0.074300 
0.074300 
0.075000 
0.075100 
0.075300 
0.075600 
0.075900 
0.076400 
0.076500 
0.076600 
0.076700 
0.077100 
0.077200 
0.077300 
0.077600 
0.078200 
0.078400 
0.078400 
0.079000 
0.079200 
0.079200 
0.079300 
0.079300 
0.079500 
0.079600 
0.079700 
0.079800 
0.079900 
0.080400 
0.080600 
0.081300 
0.081500 
0.081500 
0.081900 
0.082100 
0.082500 
0.082600 
0.083100 
0.083500 
0.084700 
0.084700 
0.084800 
0.085100 
0.085700 
0.087300 
0.087600 
0.088800 
0.088900 
0.089200 
0.089200 
0.089500 
0.089600 
0.089700 
0.089900 
0.089900 
0.090200 
0.090400 
0.090700 
0.090800 
0.090900 
0.091200 
0.092500 
0.092700 
0.092800 
0.093200 
0.093500 
0.093600 
0.094200 
0.095000 
0.095000 
0.095200 
0.095300 
0.095400 
0.095600 
0.095800 
0.096000 
0.096100 
0.096200 
0.096300 
0.096900 
0.097000 
0.097400 
0.098200 
0.098400 
0.098600 
0.099000 
0.099000 
0.099500 
0.099600 
0.099800 
0.100100 
0.101300 
0.101500 
0.102100 
0.102200 
0.102500 
0.102900 
0.103100 
0.103800 
0.105300 
0.105400 
0.106000 
0.106400 
0.106400 
0.106400 
0.106700 
0.106900 
0.107200 
0.107600 
0.108300 
0.108400 
0.108500 
0.108600 
0.108900 
0.108900 
0.109300 
0.109300 
0.109800 
0.110200 
0.110900 
0.111300 
0.112200 
0.112300 
0.112400 
0.113500 
0.114100 
0.114100 
0.114300 
0.114600 
0.114900 
0.114900 
0.115000 
0.115400 
0.115800 
0.116300 
0.116500 
0.117600 
0.117600 
0.117800 
0.118200 
0.118500 
0.119500 
0.120200 
0.120300 
0.120300 
0.121000 
0.121400 
0.122100 
0.122400 
0.122500 
0.122600 
0.122800 
0.123300 
0.123400 
0.123400 
0.124100 
0.124200 
0.124600 
0.124800 
0.125100 
0.125200 
0.125500 
0.125500 
0.125900 
0.126700 
0.126800 
0.127100 
0.128000 
0.128000 
0.128000 
0.128100 
0.128200 
0.128400 
0.128600 
0.128800 
0.128800 
0.129000 
0.129000 
0.129100 
0.129200 
0.129400 
0.129900 
0.130100 
0.130100 
0.130600 
0.130700 
0.131300 
0.131600 
0.131800 
0.132000 
0.132100 
0.132500 
0.133300 
0.133500 
0.133500 
0.134400 
0.135500 
0.136200 
0.136500 
0.136700 
0.136800 
0.136900 
0.137300 
0.137400 
0.138000 
0.138100 
0.138500 
0.138900 
0.139000 
0.139100 
0.139100 
0.139700 
0.140400 
0.140400 
0.140400 
0.140500 
0.140600 
0.141600 
0.141800 
0.142200 
0.142200 
0.142300 
0.142500 
0.142800 
0.142800 
0.143200 
0.143400 
0.143700 
0.144600 
0.145200 
0.145400 
0.145400 
0.145800 
0.146000 
0.146500 
0.146600 
0.146700 
0.147000 
0.147300 
0.147300 
0.147500 
0.147600 
0.147700 
0.147700 
0.148000 
0.148600 
0.148700 
0.148800 
0.149100 
0.149900 
0.150100 
0.151000 
0.151300 
0.151500 
0.151500 
0.151600 
0.151600 
0.151700 
0.151800 
0.152700 
0.152900 
0.153400 
0.153800 
0.154200 
0.155000 
0.155100 
0.155100 
0.155200 
0.155200 
0.155200 
0.155300 
0.155500 
0.155700 
0.157000 
0.157100 
0.157400 
0.157800 
0.158000 
0.158100 
0.158300 
0.158400 
0.159700 
0.159900 
0.160500 
0.161200 
0.161300 
0.162400 
0.162500 
0.162900 
0.163700 
0.163900 
0.164000 
0.164500 
0.164600 
0.166300 
0.166600 
0.168000 
0.168100 
0.168700 
0.168800 
0.168900 
0.169000 
0.169300 
0.169800 
0.170200 
0.170300 
0.170400 
0.170500 
0.170800 
0.170800 
0.170900 
0.171000 
0.171200 
0.171400 
0.171500 
0.171600 
0.171900 
0.171900 
0.173300 
0.173300 
0.173400 
0.173500 
0.173700 
0.173900 
0.174100 
0.174200 
0.174300 
0.174400 
0.174700 
0.174700 
0.175000 
0.175400 
0.175900 
0.176400 
0.176700 
0.176800 
0.176900 
0.177000 
0.177100 
0.177700 
0.177900 
0.177900 
0.178000 
0.178300 
0.178400 
0.178500 
0.178500 
0.178600 
0.178600 
0.178900 
0.179000 
0.179100 
0.179100 
0.179300 
0.179800 
0.180400 
0.180500 
0.181000 
0.182400 
0.183200 
0.183200 
0.183500 
0.184100 
0.184900 
0.185000 
0.185200 
0.186200 
0.186600 
0.186600 
0.186700 
0.187600 
0.187800 
0.187900 
0.188000 
0.188200 
0.188500 
0.188500 
0.188600 
0.189000 
0.189400 
0.189500 
0.189700 
0.190300 
0.190400 
0.190600 
0.190800 
0.190900 
0.190900 
0.191500 
0.191500 
0.191900 
0.192300 
0.192400 
0.192400 
0.193400 
0.194400 
0.196100 
0.196200 
0.196300 
0.196700 
0.198200 
0.199100 
0.199200 
0.199400 
0.199500 
0.199900 
0.200700 
0.200700 
0.201500 
0.201500 
0.202100 
0.202700 
0.202700 
0.202700 
0.203400 
0.203700 
0.203700 
0.203800 
0.204100 
0.204100 
0.204600 
0.205600 
0.205700 
0.205700 
0.206000 
0.206200 
0.206600 
0.206700 
0.207000 
0.207000 
0.207900 
0.208500 
0.208600 
0.208700 
0.209400 
0.209800 
0.209900 
0.210200 
0.210500 
0.210700 
0.210700 
0.210900 
0.211300 
0.211800 
0.211900 
0.213400 
0.213500 
0.214000 
0.214200 
0.215000 
0.215300 
0.216000 
0.216000 
0.216100 
0.216500 
0.216600 
0.217500 
0.217600 
0.217800 
0.218100 
0.218800 
0.218900 
0.218900 
0.219700 
0.219700 
0.220200 
0.220500 
0.221300 
0.221900 
0.222300 
0.222500 
0.222700 
0.223000 
0.223400 
0.224000 
0.224100 
0.224100 
0.224800 
0.225100 
0.225400 
0.225700 
0.225700 
0.226200 
0.226800 
0.226900 
0.227100 
0.227200 
0.227400 
0.227600 
0.227700 
0.227800 
0.227900 
0.228200 
0.228400 
0.228400 
0.228500 
0.228900 
0.230000 
0.230000 
0.230100 
0.230800 
0.231200 
0.231400 
0.231900 
0.231900 
0.232100 
0.232300 
0.232400 
0.232500 
0.232700 
0.233000 
0.233100 
0.233300 
0.233400 
0.233400 
0.233800 
0.233800 
0.234100 
0.234300 
0.234600 
0.235000 
0.235100 
0.235100 
0.235200 
0.235300 
0.235600 
0.235600 
0.237100 
0.237700 
0.238900 
0.239100 
0.240100 
0.240200 
0.240700 
0.240800 
0.240900 
0.241200 
0.241200 
0.241700 
0.243000 
0.243600 
0.244200 
0.244500 
0.245000 
0.245400 
0.245700 
0.245700 
0.245800 
0.245900 
0.246000 
0.246100 
0.246500 
0.246500 
0.246600 
0.246800 
0.247000 
0.247500 
0.248200 
0.248800 
0.249700 
0.249900 
0.250100 
0.250200 
0.250200 
0.250400 
0.251000 
0.251700 
0.251900 
0.252200 
0.252600 
0.253600 
0.254300 
0.254700 
0.254800 
0.254800 
0.255000 
0.255300 
0.255600 
0.255700 
0.256300 
0.259100 
0.259200 
0.259600 
0.260100 
0.260100 
0.260400 
0.260600 
0.261100 
0.261100 
0.262300 
0.263300 
0.263300 
0.263700 
0.263800 
0.264100 
0.265400 
0.266100 
0.266200 
0.266500 
0.266600 
0.267100 
0.267200 
0.267400 
0.267500 
0.268100 
0.269200 
0.269600 
0.270100 
0.271400 
0.271400 
0.271500 
0.272100 
0.272300 
0.273400 
0.273400 
0.273600 
0.273800 
0.274100 
0.274100 
0.274400 
0.274500 
0.274600 
0.274800 
0.275400 
0.275500 
0.276000 
0.276200 
0.277600 
0.277800 
0.277800 
0.278000 
0.278600 
0.279500 
0.279600 
0.279700 
0.280400 
0.280400 
0.281200 
0.281300 
0.281500 
0.281600 
0.281800 
0.281900 
0.282000 
0.282100 
0.282200 
0.282200 
0.282500 
0.282800 
0.282900 
0.283100 
0.283400 
0.284200 
0.284200 
0.284500 
0.284700 
0.284700 
0.284700 
0.284900 
0.285200 
0.285400 
0.285500 
0.286000 
0.286000 
0.286200 
0.286600 
0.286900 
0.287000 
0.287500 
0.287900 
0.288300 
0.288500 
0.288700 
0.289300 
0.289500 
0.289500 
0.289700 
0.289800 
0.289900 
0.290900 
0.292600 
0.293000 
0.293200 
0.293500 
0.293600 
0.293700 
0.294500 
0.294600 
0.296500 
0.297100 
0.297400 
0.297400 
0.297800 
0.298400 
0.298600 
0.299100 
0.299200 
0.299300 
0.299700 
0.300300 
0.300500 
0.301200 
0.301300 
0.301600 
0.301700 
0.302800 
0.302800 
0.303200 
0.303200 
0.303500 
0.303500 
0.303500 
0.304100 
0.304400 
0.304400 
0.304800 
0.304900 
0.305500 
0.305600 
0.306000 
0.306400 
0.307300 
0.307700 
0.308200 
0.308500 
0.308500 
0.308600 
0.308800 
0.308800 
0.308900 
0.309200 
0.309400 
0.309500 
0.309600 
0.310000 
0.310100 
0.310700 
0.311000 
0.311000 
0.311700 
0.312300 
0.312700 
0.313200 
0.313300 
0.313800 
0.314000 
0.314200 
0.314600 
0.314800 
0.315100 
0.315100 
0.315400 
0.315600 
0.315600 
0.315600 
0.315700 
0.315700 
0.316000 
0.316100 
0.316300 
0.316300 
0.316500 
0.316800 
0.317200 
0.317200 
0.317300 
0.317300 
0.317700 
0.318100 
0.318400 
0.318600 
0.318700 
0.318800 
0.318900 
0.319400 
0.319600 
0.319700 
0.319900 
0.319900 
0.320500 
0.321300 
0.321700 
0.322000 
0.322200 
0.323400 
0.323500 
0.323800 
0.323900 
0.323900 
0.324200 
0.324400 
0.324500 
0.324700 
0.325100 
0.325100 
0.326300 
0.326700 
0.327000 
0.327300 
0.327500 
0.327800 
0.327900 
0.328300 
0.328600 
0.329000 
0.329100 
0.329100 
0.329300 
0.329400 
0.329900 
0.330000 
0.330500 
0.330600 
0.330700 
0.331300 
0.331400 
0.331600 
0.331900 
0.332000 
0.332400 
0.332600 
0.333000 
0.334000 
0.334500 
0.334700 
0.334800 
0.335000 
0.335100 
0.335500 
0.336400 
0.336800 
0.336800 
0.336900 
0.337900 
0.338200 
0.339200 
0.339300 
0.339700 
0.339700 
0.341000 
0.341100 
0.342300 
0.342500 
0.342800 
0.343000 
0.343300 
0.343400 
0.344100 
0.344100 
0.344900 
0.345100 
0.345200 
0.346100 
0.346400 
0.346500 
0.346600 
0.346900 
0.347200 
0.347600 
0.347700 
0.347700 
0.348000 
0.348300 
0.348800 
0.348900 
0.349500 
0.349700 
0.349900 
0.350100 
0.350200 
0.350300 
0.350500 
0.350700 
0.351100 
0.351200 
0.351200 
0.351300 
0.351500 
0.352000 
0.352900 
0.352900 
0.353200 
0.353600 
0.353600 
0.353800 
0.354400 
0.354700 
0.354700 
0.354800 
0.354900 
0.355300 
0.355500 
0.355500 
0.356000 
0.356100 
0.356400 
0.356600 
0.356700 
0.357100 
0.357300 
0.357400 
0.357400 
0.357900 
0.358300 
0.358700 
0.358700 
0.359200 
0.359500 
0.359500 
0.359600 
0.360100 
0.360100 
0.360200 
0.360900 
0.361200 
0.361900 
0.362700 
0.362900 
0.363200 
0.363600 
0.363800 
0.364100 
0.364300 
0.365200 
0.365200 
0.365700 
0.365800 
0.367400 
0.367500 
0.367800 
0.368200 
0.370300 
0.370400 
0.370500 
0.370600 
0.371300 
0.371500 
0.371600 
0.372400 
0.372800 
0.373800 
0.374300 
0.374500 
0.374500 
0.374700 
0.374800 
0.374900 
0.375000 
0.375000 
0.375600 
0.375700 
0.376000 
0.376500 
0.377200 
0.377600 
0.377700 
0.377700 
0.377900 
0.377900 
0.378000 
0.379100 
0.379700 
0.379800 
0.380100 
0.380200 
0.380500 
0.380700 
0.380800 
0.380900 
0.381000 
0.381400 
0.381900 
0.382400 
0.382900 
0.383400 
0.383400 
0.383600 
0.383600 
0.383700 
0.383800 
0.383900 
0.383900 
0.384000 
0.384000 
0.384300 
0.384400 
0.384900 
0.384900 
0.385000 
0.385800 
0.386000 
0.386200 
0.386300 
0.387000 
0.387400 
0.387800 
0.387900 
0.388500 
0.388700 
0.389600 
0.389900 
0.390400 
0.391000 
0.391200 
0.391300 
0.391600 
0.392600 
0.392700 
0.393100 
0.393400 
0.393700 
0.394100 
0.394500 
0.394800 
0.395300 
0.395400 
0.395500 
0.395500 
0.395500 
0.395700 
0.395800 
0.396100 
0.396500 
0.396700 
0.396700 
0.397800 
0.398000 
0.398100 
0.398200 
0.398200 
0.398200 
0.398300 
0.398400 
0.398600 
0.398900 
0.399400 
0.400000 
0.400500 
0.400800 
0.400900 
0.401900 
0.402100 
0.402100 
0.402500 
0.403000 
0.403000 
0.403000 
0.403200 
0.403600 
0.403900 
0.404300 
0.404500 
0.405400 
0.405900 
0.406000 
0.406100 
0.406200 
0.406200 
0.406300 
0.406400 
0.406600 
0.406700 
0.406700 
0.406900 
0.406900 
0.407000 
0.407200 
0.407500 
0.407500 
0.407600 
0.408400 
0.408600 
0.408900 
0.409200 
0.409200 
0.409300 
0.409300 
0.409400 
0.410700 
0.410800 
0.410900 
0.410900 
0.411100 
0.411200 
0.411200 
0.411700 
0.411900 
0.412000 
0.412100 
0.412300 
0.413500 
0.413700 
0.413800 
0.413900 
0.414000 
0.414100 
0.414400 
0.416000 
0.416300 
0.416500 
0.416600 
0.416700 
0.416900 
0.417100 
0.417900 
0.418000 
0.418700 
0.418800 
0.419200 
0.419300 
0.420500 
0.420500 
0.421300 
0.421500 
0.421500 
0.421600 
0.422300 
0.422300 
0.422400 
0.422800 
0.422800 
0.422800 
0.423100 
0.423900 
0.424300 
0.424700 
0.424900 
0.425000 
0.426100 
0.426500 
0.427200 
0.427200 
0.427700 
0.427800 
0.427900 
0.427900 
0.428100 
0.428500 
0.428600 
0.428600 
0.428900 
0.429100 
0.429400 
0.430500 
0.430700 
0.431500 
0.431600 
0.432100 
0.433000 
0.433200 
0.434600 
0.434700 
0.434700 
0.434900 
0.435200 
0.435500 
0.436000 
0.436500 
0.437100 
0.437200 
0.437400 
0.437400 
0.437400 
0.437600 
0.437700 
0.437700 
0.438800 
0.439100 
0.439500 
0.439500 
0.440300 
0.441200 
0.441200 
0.441500 
0.441700 
0.441800 
0.442000 
0.444200 
0.445100 
0.445500 
0.445900 
0.446000 
0.446800 
0.446900 
0.446900 
0.447000 
0.448100 
0.448200 
0.448400 
0.448900 
0.449200 
0.449200 
0.449400 
0.450900 
0.451000 
0.451200 
0.452100 
0.452100 
0.452200 
0.452400 
0.454200 
0.454800 
0.455200 
0.456000 
0.456100 
0.456600 
0.457500 
0.457600 
0.458400 
0.458500 
0.458500 
0.458600 
0.458600 
0.458700 
0.458700 
0.459200 
0.459600 
0.459600 
0.459600 
0.459700 
0.460000 
0.460400 
0.460400 
0.461300 
0.461300 
0.461500 
0.462700 
0.463500 
0.464100 
0.464100 
0.464300 
0.464400 
0.464500 
0.464600 
0.464800 
0.465100 
0.465300 
0.465700 
0.465700 
0.465900 
0.465900 
0.465900 
0.466200 
0.466400 
0.466900 
0.466900 
0.467200 
0.467500 
0.467600 
0.467700 
0.467900 
0.468000 
0.468100 
0.468400 
0.468800 
0.468900 
0.469000 
0.469700 
0.470300 
0.470800 
0.471700 
0.472000 
0.473000 
0.473500 
0.473600 
0.473600 
0.473700 
0.473700 
0.474100 
0.474100 
0.474800 
0.475500 
0.476900 
0.477100 
0.477100 
0.477300 
0.477600 
0.478000 
0.478400 
0.478400 
0.478600 
0.478600 
0.478800 
0.479100 
0.479400 
0.479500 
0.479900 
0.479900 
0.480000 
0.480300 
0.480400 
0.480500 
0.481000 
0.482400 
0.482600 
0.482900 
0.483400 
0.484000 
0.484400 
0.484800 
0.484900 
0.485000 
0.486900 
0.487100 
0.487400 
0.487500 
0.487500 
0.487900 
0.488400 
0.488500 
0.488700 
0.489000 
0.490200 
0.490300 
0.491100 
0.492100 
0.492800 
0.493800 
0.494300 
0.494300 
0.494400 
0.494600 
0.494900 
0.495400 
0.496000 
0.496700 
0.497500 
0.498000 
0.498200 
0.498400 
0.498600 
0.498700 
0.499000 
0.499000 
0.499300 
0.499600 
0.500000 
0.500500 
0.500500 
0.500500 
0.500700 
0.501800 
0.502100 
0.502300 
0.503100 
0.503400 
0.503600 
0.503700 
0.504000 
0.504300 
0.504300 
0.505100 
0.505300 
0.505300 
0.505400 
0.505400 
0.505500 
0.505700 
0.505800 
0.506200 
0.506400 
0.506500 
0.506900 
0.506900 
0.506900 
0.507400 
0.507400 
0.508500 
0.509200 
0.509500 
0.510200 
0.510500 
0.510600 
0.511500 
0.512300 
0.512900 
0.513000 
0.513600 
0.515000 
0.515400 
0.516100 
0.516100 
0.517100 
0.517100 
0.517400 
0.517500 
0.517700 
0.517900 
0.518700 
0.519600 
0.519800 
0.519900 
0.520300 
0.520400 
0.520600 
0.520700 
0.521000 
0.521400 
0.522000 
0.522100 
0.522600 
0.522700 
0.522900 
0.524100 
0.524300 
0.524500 
0.524500 
0.524900 
0.525000 
0.525600 
0.525800 
0.525800 
0.525900 
0.526300 
0.526400 
0.526600 
0.527000 
0.527500 
0.529000 
0.529300 
0.529600 
0.530600 
0.530600 
0.531300 
0.531700 
0.532100 
0.532200 
0.532800 
0.532800 
0.533600 
0.534300 
0.534600 
0.534800 
0.535000 
0.535000 
0.535500 
0.535700 
0.535800 
0.536600 
0.536700 
0.537200 
0.537200 
0.537300 
0.538000 
0.538800 
0.540200 
0.540900 
0.542100 
0.542400 
0.542700 
0.543500 
0.543600 
0.544400 
0.544400 
0.544800 
0.544900 
0.545200 
0.545300 
0.546100 
0.546300 
0.546600 
0.546600 
0.547300 
0.547700 
0.547900 
0.549000 
0.549100 
0.549500 
0.549600 
0.549700 
0.550600 
0.550900 
0.551200 
0.551200 
0.551400 
0.551500 
0.551700 
0.551800 
0.551900 
0.552000 
0.552200 
0.552400 
0.553500 
0.553700 
0.554100 
0.554400 
0.554600 
0.554600 
0.555700 
0.556000 
0.556100 
0.557500 
0.557600 
0.557900 
0.558100 
0.558300 
0.558400 
0.558800 
0.560500 
0.561000 
0.561100 
0.561400 
0.561800 
0.562000 
0.562600 
0.562600 
0.562700 
0.562800 
0.562800 
0.563100 
0.564100 
0.564600 
0.564800 
0.565000 
0.565600 
0.565800 
0.567600 
0.568300 
0.568300 
0.568400 
0.568400 
0.568500 
0.568800 
0.568900 
0.568900 
0.569400 
0.569600 
0.569900 
0.570100 
0.570600 
0.571100 
0.571400 
0.571500 
0.572300 
0.572400 
0.572400 
0.572500 
0.572600 
0.572900 
0.573000 
0.573300 
0.573300 
0.574100 
0.574200 
0.574500 
0.574700 
0.574800 
0.575100 
0.575400 
0.575800 
0.577000 
0.577400 
0.577500 
0.577800 
0.578100 
0.578400 
0.578600 
0.578800 
0.579800 
0.580100 
0.580700 
0.580800 
0.580800 
0.581400 
0.581600 
0.582000 
0.582400 
0.582800 
0.583000 
0.583400 
0.583600 
0.584000 
0.584300 
0.584300 
0.584800 
0.584800 
0.585200 
0.585600 
0.585700 
0.585700 
0.586500 
0.587200 
0.587400 
0.587500 
0.587700 
0.587900 
0.588000 
0.588200 
0.588800 
0.589100 
0.589500 
0.589600 
0.590100 
0.590200 
0.590500 
0.590800 
0.591000 
0.591500 
0.591600 
0.591600 
0.591700 
0.593100 
0.594100 
0.594500 
0.595900 
0.596300 
0.596700 
0.597500 
0.597800 
0.597900 
0.598000 
0.598300 
0.598800 
0.598900 
0.598900 
0.599300 
0.600000 
0.600700 
0.601100 
0.601400 
0.602200 
0.602200 
0.602500 
0.602500 
0.602800 
0.603200 
0.603300 
0.603400 
0.603500 
0.605600 
0.605600 
0.606100 
0.606400 
0.606800 
0.608000 
0.610000 
0.611200 
0.611400 
0.611500 
0.612100 
0.612500 
0.612700 
0.612800 
0.612800 
0.612900 
0.612900 
0.613500 
0.614800 
0.614800 
0.615300 
0.615600 
0.615600 
0.616100 
0.616300 
0.616800 
0.616900 
0.617500 
0.618000 
0.618300 
0.618400 
0.619400 
0.619600 
0.619700 
0.619900 
0.621200 
0.621200 
0.622400 
0.622400 
0.622900 
0.623000 
0.623500 
0.625000 
0.625100 
0.625700 
0.625800 
0.626000 
0.626800 
0.627100 
0.627400 
0.627600 
0.627700 
0.627700 
0.627700 
0.627800 
0.627900 
0.628200 
0.628500 
0.628700 
0.629300 
0.629500 
0.629600 
0.630600 
0.630700 
0.631200 
0.631200 
0.631300 
0.631400 
0.631900 
0.632200 
0.632600 
0.633000 
0.633000 
0.633800 
0.634000 
0.634200 
0.634400 
0.634400 
0.634500 
0.635400 
0.635600 
0.635700 
0.635800 
0.636200 
0.636800 
0.637600 
0.638900 
0.639100 
0.639200 
0.639400 
0.639400 
0.639400 
0.639700 
0.639900 
0.640000 
0.640300 
0.640600 
0.640800 
0.641100 
0.641100 
0.642100 
0.642200 
0.642400 
0.643000 
0.643300 
0.643800 
0.643800 
0.643800 
0.643800 
0.644000 
0.644100 
0.644300 
0.645900 
0.646000 
0.646100 
0.646100 
0.646600 
0.646600 
0.646800 
0.647200 
0.647500 
0.648300 
0.648400 
0.649600 
0.650400 
0.650900 
0.651000 
0.651000 
0.651100 
0.651700 
0.651900 
0.652700 
0.652700 
0.653500 
0.653700 
0.653700 
0.654600 
0.654800 
0.654900 
0.655100 
0.655100 
0.655200 
0.655500 
0.655500 
0.655500 
0.656400 
0.656900 
0.657100 
0.657200 
0.657300 
0.657600 
0.657700 
0.657800 
0.657900 
0.658600 
0.658900 
0.659200 
0.659300 
0.659500 
0.659700 
0.659800 
0.659900 
0.660200 
0.660200 
0.660600 
0.661200 
0.661600 
0.662000 
0.663100 
0.663200 
0.663300 
0.664200 
0.664200 
0.664800 
0.665100 
0.665200 
0.665300 
0.665400 
0.665800 
0.665900 
0.666000 
0.666400 
0.666600 
0.666700 
0.666900 
0.667100 
0.667300 
0.667400 
0.667400 
0.667600 
0.668000 
0.668000 
0.668400 
0.668500 
0.668800 
0.669000 
0.669400 
0.669500 
0.669800 
0.669800 
0.669900 
0.670300 
0.670300 
0.670400 
0.670500 
0.670700 
0.671000 
0.671100 
0.671300 
0.671300 
0.671500 
0.672200 
0.673400 
0.673800 
0.674000 
0.674200 
0.674200 
0.674300 
0.675700 
0.676700 
0.676800 
0.676800 
0.676900 
0.677000 
0.677600 
0.678200 
0.678300 
0.678400 
0.678900 
0.679000 
0.679000 
0.679100 
0.680000 
0.680100 
0.680600 
0.680900 
0.681200 
0.681300 
0.681300 
0.681400 
0.681500 
0.682000 
0.682000 
0.682100 
0.682100 
0.682200 
0.682200 
0.682900 
0.682900 
0.683100 
0.683500 
0.683700 
0.683700 
0.683800 
0.683900 
0.684000 
0.684300 
0.685000 
0.685700 
0.686000 
0.687300 
0.687400 
0.687800 
0.688000 
0.688500 
0.688600 
0.689600 
0.689800 
0.689800 
0.689800 
0.689900 
0.690200 
0.690200 
0.690500 
0.691500 
0.691900 
0.692000 
0.692300 
0.692800 
0.692800 
0.693700 
0.693900 
0.694100 
0.694400 
0.694600 
0.694600 
0.695000 
0.695200 
0.695300 
0.695300 
0.695500 
0.695500 
0.695600 
0.696500 
0.696700 
0.696900 
0.696900 
0.697000 
0.697100 
0.698400 
0.698400 
0.699000 
0.699200 
0.699300 
0.699600 
0.699600 
0.699800 
0.699900 
0.700800 
0.700800 
0.700800 
0.701000 
0.702200 
0.702300 
0.702300 
0.703400 
0.703500 
0.703700 
0.703900 
0.704300 
0.704700 
0.704800 
0.704900 
0.705100 
0.705200 
0.705600 
0.705700 
0.706000 
0.706100 
0.707100 
0.707700 
0.708300 
0.708300 
0.708300 
0.709600 
0.710500 
0.711000 
0.711000 
0.711300 
0.712400 
0.713400 
0.714100 
0.714600 
0.714900 
0.715200 
0.715600 
0.715700 
0.715900 
0.716200 
0.716400 
0.716600 
0.716600 
0.716700 
0.716700 
0.717300 
0.718200 
0.718300 
0.718300 
0.718400 
0.718800 
0.719800 
0.719900 
0.719900 
0.720500 
0.720800 
0.721100 
0.721200 
0.721200 
0.721600 
0.721700 
0.721800 
0.721900 
0.722000 
0.722200 
0.722200 
0.722300 
0.722400 
0.722600 
0.723400 
0.723600 
0.723900 
0.723900 
0.724100 
0.724200 
0.724400 
0.724500 
0.724500 
0.725000 
0.725600 
0.725600 
0.725900 
0.726300 
0.726800 
0.727400 
0.728400 
0.729000 
0.729200 
0.729600 
0.729800 
0.730500 
0.731800 
0.732200 
0.733200 
0.734000 
0.734200 
0.734700 
0.735200 
0.735200 
0.735300 
0.735500 
0.735600 
0.736700 
0.737100 
0.737400 
0.737500 
0.737600 
0.737900 
0.738100 
0.739500 
0.739700 
0.740600 
0.740700 
0.740800 
0.741100 
0.741800 
0.741900 
0.742000 
0.742100 
0.743400 
0.743700 
0.743800 
0.743900 
0.744000 
0.744400 
0.745000 
0.745100 
0.745200 
0.746000 
0.746000 
0.746600 
0.746900 
0.747400 
0.747500 
0.747800 
0.747800 
0.748200 
0.749200 
0.749300 
0.749500 
0.749600 
0.750100 
0.750500 
0.750900 
0.751400 
0.751500 
0.751800 
0.751800 
0.752100 
0.752200 
0.752300 
0.752400 
0.752800 
0.753000 
0.754000 
0.754400 
0.754500 
0.754600 
0.754800 
0.755000 
0.755000 
0.755400 
0.755500 
0.755600 
0.756100 
0.756100 
0.756200 
0.756500 
0.756500 
0.757100 
0.757200 
0.757500 
0.757700 
0.757700 
0.758200 
0.758300 
0.758300 
0.759600 
0.759700 
0.759900 
0.759900 
0.760500 
0.762500 
0.762900 
0.762900 
0.763100 
0.764200 
0.764700 
0.765400 
0.766100 
0.766400 
0.766500 
0.766700 
0.766800 
0.767000 
0.767100 
0.768200 
0.768700 
0.769000 
0.769400 
0.769500 
0.769500 
0.769600 
0.769600 
0.770300 
0.770800 
0.770800 
0.771000 
0.772100 
0.772500 
0.772800 
0.773300 
0.773300 
0.773400 
0.773600 
0.773800 
0.774200 
0.774300 
0.774600 
0.774700 
0.774800 
0.775000 
0.775100 
0.775200 
0.775600 
0.775900 
0.777200 
0.777200 
0.777600 
0.778400 
0.780400 
0.780900 
0.781400 
0.781800 
0.781800 
0.781900 
0.782100 
0.782200 
0.783000 
0.783100 
0.783300 
0.783800 
0.785100 
0.785400 
0.785600 
0.786600 
0.786900 
0.787100 
0.787800 
0.788700 
0.788800 
0.789600 
0.789900 
0.790500 
0.791300 
0.791400 
0.791500 
0.791500 
0.791800 
0.792100 
0.793100 
0.793200 
0.793400 
0.793600 
0.794500 
0.794900 
0.795300 
0.795600 
0.796100 
0.796400 
0.797000 
0.797100 
0.797400 
0.797600 
0.798000 
0.798400 
0.798500 
0.798800 
0.799500 
0.799700 
0.800700 
0.800800 
0.801100 
0.801700 
0.802100 
0.802100 
0.802500 
0.802600 
0.803300 
0.803300 
0.803400 
0.804600 
0.804700 
0.804800 
0.805700 
0.805900 
0.806300 
0.806500 
0.806600 
0.807200 
0.807500 
0.807900 
0.808300 
0.808800 
0.808900 
0.809600 
0.809700 
0.810000 
0.810400 
0.810400 
0.810500 
0.810700 
0.811100 
0.811100 
0.811700 
0.811800 
0.811800 
0.811900 
0.812100 
0.812200 
0.812300 
0.812600 
0.812600 
0.813000 
0.813400 
0.813400 
0.813500 
0.814000 
0.814000 
0.814200 
0.814400 
0.814800 
0.815600 
0.815700 
0.815900 
0.815900 
0.816000 
0.816000 
0.816200 
0.816400 
0.816700 
0.817000 
0.817400 
0.817900 
0.818400 
0.818800 
0.819200 
0.819400 
0.819500 
0.819500 
0.819600 
0.819800 
0.820100 
0.820200 
0.820600 
0.820700 
0.820900 
0.822000 
0.822400 
0.822500 
0.822800 
0.823400 
0.823400 
0.824200 
0.824300 
0.825200 
0.825400 
0.825600 
0.825800 
0.826100 
0.826100 
0.826400 
0.826600 
0.826600 
0.827000 
0.827000 
0.827300 
0.827600 
0.828200 
0.828200 
0.828400 
0.828500 
0.828500 
0.828900 
0.829100 
0.829300 
0.829500 
0.829600 
0.830000 
0.830400 
0.830600 
0.830900 
0.830900 
0.831400 
0.831600 
0.831900 
0.832000 
0.832500 
0.832500 
0.832700 
0.832900 
0.833200 
0.833700 
0.834000 
0.834100 
0.834100 
0.834600 
0.834900 
0.835200 
0.835400 
0.835400 
0.835500 
0.835600 
0.835600 
0.835700 
0.836100 
0.836200 
0.837000 
0.837100 
0.837600 
0.837700 
0.837800 
0.837800 
0.838600 
0.838700 
0.839000 
0.839100 
0.839400 
0.839700 
0.839800 
0.840100 
0.840900 
0.841200 
0.841500 
0.841500 
0.841500 
0.841800 
0.842400 
0.842500 
0.842500 
0.843000 
0.843200 
0.843300 
0.843500 
0.843900 
0.844300 
0.845000 
0.845900 
0.847000 
0.847300 
0.847600 
0.847600 
0.847800 
0.849000 
0.849300 
0.849500 
0.849800 
0.849900 
0.850900 
0.851000 
0.851000 
0.851300 
0.851300 
0.851600 
0.852300 
0.853800 
0.854800 
0.854800 
0.854800 
0.855000 
0.855100 
0.855900 
0.856300 
0.856300 
0.857900 
0.858100 
0.858800 
0.859100 
0.859500 
0.861100 
0.861200 
0.862300 
0.862600 
0.863300 
0.863500 
0.863500 
0.863500 
0.863600 
0.864800 
0.864900 
0.865400 
0.865600 
0.865800 
0.865900 
0.865900 
0.865900 
0.866000 
0.866000 
0.866400 
0.866500 
0.866700 
0.866900 
0.866900 
0.867100 
0.867600 
0.868400 
0.868700 
0.869000 
0.869200 
0.869800 
0.870200 
0.870600 
0.871100 
0.871300 
0.871400 
0.871700 
0.871800 
0.872000 
0.872400 
0.872600 
0.872700 
0.872800 
0.874000 
0.874000 
0.874300 
0.874400 
0.874500 
0.874700 
0.874900 
0.875000 
0.875400 
0.876100 
0.876300 
0.876600 
0.877000 
0.877100 
0.877700 
0.877700 
0.878200 
0.878300 
0.878800 
0.879000 
0.879100 
0.879600 
0.880100 
0.880100 
0.880200 
0.880800 
0.882200 
0.882200 
0.882300 
0.883000 
0.883200 
0.883200 
0.883900 
0.884400 
0.884500 
0.884700 
0.885100 
0.885200 
0.885500 
0.885700 
0.886000 
0.886100 
0.886100 
0.886300 
0.886300 
0.886300 
0.886400 
0.886400 
0.886900 
0.886900 
0.888000 
0.888200 
0.888200 
0.888600 
0.888800 
0.889400 
0.890300 
0.890900 
0.890900 
0.891000 
0.891100 
0.892500 
0.893100 
0.894500 
0.894900 
0.895000 
0.895100 
0.895600 
0.895800 
0.895900 
0.895900 
0.896300 
0.896600 
0.897000 
0.897800 
0.898000 
0.898200 
0.898300 
0.898400 
0.898400 
0.898400 
0.898900 
0.899100 
0.899100 
0.899600 
0.899800 
0.899800 
0.900200 
0.900500 
0.900900 
0.901000 
0.901300 
0.901500 
0.901500 
0.901700 
0.902400 
0.902600 
0.902800 
0.903000 
0.903100 
0.903100 
0.903300 
0.903500 
0.903600 
0.903800 
0.904400 
0.904600 
0.904900 
0.905200 
0.905400 
0.905400 
0.905500 
0.906100 
0.906600 
0.906700 
0.907400 
0.907600 
0.908500 
0.909900 
0.910200 
0.910300 
0.910500 
0.911000 
0.911400 
0.911400 
0.911600 
0.911600 
0.911900 
0.912600 
0.912600 
0.912700 
0.912700 
0.912800 
0.913000 
0.913600 
0.913600 
0.914100 
0.915500 
0.915600 
0.916200 
0.916400 
0.916700 
0.917000 
0.918000 
0.918200 
0.918300 
0.918500 
0.919400 
0.919600 
0.919700 
0.919800 
0.919900 
0.920600 
0.920700 
0.921200 
0.921300 
0.922300 
0.922800 
0.922800 
0.922800 
0.923000 
0.923100 
0.923400 
0.923500 
0.923600 
0.923600 
0.923700 
0.924400 
0.924800 
0.925000 
0.925200 
0.925700 
0.925800 
0.926100 
0.926500 
0.926600 
0.926600 
0.926600 
0.927100 
0.927500 
0.927800 
0.928000 
0.928200 
0.928500 
0.928800 
0.929000 
0.929900 
0.930100 
0.930200 
0.930500 
0.930900 
0.931700 
0.932000 
0.932800 
0.933300 
0.933900 
0.934700 
0.935000 
0.935900 
0.935900 
0.936300 
0.936400 
0.937400 
0.938000 
0.938000 
0.938600 
0.938700 
0.939000 
0.939200 
0.939400 
0.939500 
0.940500 
0.940500 
0.940600 
0.940700 
0.941100 
0.941400 
0.941700 
0.941900 
0.942000 
0.942100 
0.942200 
0.942300 
0.942400 
0.942700 
0.942900 
0.943500 
0.943600 
0.943900 
0.944400 
0.944500 
0.944800 
0.945100 
0.945200 
0.945200 
0.945400 
0.946000 
0.946000 
0.946500 
0.946500 
0.946800 
0.947200 
0.947400 
0.947600 
0.948200 
0.948800 
0.949300 
0.949500 
0.949500 
0.950000 
0.950200 
0.950800 
0.950900 
0.951500 
0.951700 
0.951700 
0.951800 
0.951900 
0.952000 
0.952200 
0.952300 
0.952600 
0.953200 
0.953400 
0.953900 
0.954000 
0.954300 
0.955000 
0.955200 
0.955600 
0.955700 
0.956100 
0.956800 
0.957100 
0.958000 
0.958300 
0.958600 
0.958900 
0.959100 
0.959300 
0.959500 
0.960000 
0.960000 
0.960200 
0.960200 
0.960300 
0.960400 
0.960700 
0.960700 
0.961000 
0.961400 
0.961500 
0.961700 
0.961800 
0.962000 
0.962300 
0.962400 
0.962500 
0.963600 
0.963600 
0.963800 
0.964200 
0.964300 
0.964500 
0.964500 
0.964700 
0.965500 
0.966300 
0.966400 
0.966600 
0.966700 
0.967300 
0.967700 
0.968300 
0.969000 
0.969500 
0.969700 
0.970000 
0.970600 
0.970700 
0.971100 
0.971100 
0.971100 
0.971300 
0.971300 
0.971500 
0.971800 
0.971900 
0.972500 
0.972900 
0.973200 
0.973300 
0.973800 
0.974400 
0.975000 
0.975300 
0.975300 
0.976000 
0.976600 
0.976700 
0.977500 
0.977700 
0.978100 
0.978100 
0.978400 
0.978700 
0.979300 
0.979700 
0.980000 
0.980000 
0.980200 
0.980300 
0.980500 
0.980500 
0.981000 
0.981400 
0.981800 
0.982000 
0.982200 
0.982300 
0.982500 
0.982600 
0.982700 
0.982900 
0.982900 
0.983000 
0.983100 
0.983200 
0.983400 
0.983500 
0.983600 
0.983700 
0.984100 
0.984600 
0.985100 
0.985200 
0.986200 
0.986600 
0.986700 
0.986800 
0.987000 
0.987300 
0.987500 
0.988500 
0.988800 
0.988800 
0.988900 
0.989600 
0.989700 
0.990700 
0.991000 
0.991100 
0.991200 
0.992600 
0.993100 
0.993300 
0.993900 
0.993900 
0.994300 
0.994500 
0.994800 
0.994900 
0.995000 
0.995300 
0.995300 
0.995300 
0.995500 
0.995600 
0.995700 
0.995800 
0.996000 
0.996100 
0.996300 
0.996400 
0.996600 
0.996700 
0.997100 
0.997200 
0.997200 
0.997400 
0.997500 
0.997800 
0.997900 
0.998000 
0.998100 
0.998200 
0.998900 
0.998900 
0.999000 
0.999200 
0.999500 
0.999800 
1.000100 
1.000500 
1.000700 
1.001000 
1.001300 
1.001400 
1.001800 
1.001900 
1.002100 
1.002500 
1.002600 
1.002600 
1.002600 
1.003000 
1.003400 
1.003800 
1.004500 
1.004500 
1.004900 
1.005100 
1.005400 
1.005700 
1.005800 
1.006900 
1.007500 
1.008200 
1.008200 
1.008400 
1.008500 
1.009100 
1.009800 
1.009900 
1.010100 
1.010100 
1.010300 
1.010600 
1.011600 
1.012000 
1.012900 
1.013200 
1.013200 
1.013200 
1.016200 
1.016500 
1.016900 
1.017700 
1.017800 
1.017900 
1.018200 
1.018900 
1.019400 
1.020100 
1.022600 
1.022700 
1.022800 
1.022900 
1.023600 
1.023700 
1.024800 
1.025600 
1.026000 
1.026100 
1.026500 
1.026800 
1.027100 
1.027100 
1.027500 
1.027500 
1.027800 
1.028000 
1.028400 
1.028500 
1.028500 
1.028700 
1.028800 
1.029000 
1.029100 
1.029100 
1.029100 
1.029300 
1.029600 
1.030100 
1.030100 
1.030300 
1.031500 
1.032000 
1.032000 
1.032100 
1.032100 
1.032100 
1.032400 
1.032400 
1.032600 
1.032700 
1.033400 
1.033900 
1.033900 
1.034200 
1.034400 
1.035000 
1.035000 
1.035200 
1.035200 
1.036900 
1.037300 
1.038400 
1.039100 
1.039100 
1.039100 
1.039300 
1.039400 
1.040400 
1.040500 
1.041700 
1.042300 
1.042700 
1.042900 
1.043400 
1.044900 
1.045000 
1.045200 
1.045700 
1.045700 
1.045700 
1.046000 
1.046000 
1.046400 
1.046400 
1.047000 
1.047000 
1.047200 
1.047300 
1.047800 
1.048100 
1.048400 
1.049000 
1.049200 
1.049900 
1.049900 
1.050500 
1.050500 
1.050600 
1.050800 
1.051100 
1.051200 
1.051700 
1.052000 
1.052000 
1.052500 
1.053500 
1.053600 
1.054100 
1.054300 
1.054400 
1.054400 
1.054400 
1.054400 
1.054500 
1.054600 
1.054700 
1.055600 
1.055700 
1.056100 
1.056400 
1.056400 
1.056500 
1.056700 
1.056900 
1.057000 
1.057100 
1.058100 
1.058100 
1.058100 
1.058300 
1.058400 
1.058700 
1.059000 
1.060900 
1.061200 
1.061400 
1.062400 
1.062600 
1.062800 
1.062900 
1.063800 
1.064200 
1.065000 
1.065100 
1.066800 
1.067100 
1.067300 
1.067900 
1.068800 
1.069100 
1.069300 
1.070300 
1.070300 
1.070600 
1.070900 
1.071400 
1.071900 
1.073000 
1.073700 
1.073900 
1.075100 
1.075700 
1.076200 
1.077000 
1.077000 
1.077400 
1.078100 
1.078600 
1.079900 
1.080000 
1.080200 
1.080200 
1.080900 
1.081100 
1.082100 
1.082200 
1.082400 
1.082500 
1.083100 
1.083500 
1.083800 
1.084000 
1.084200 
1.084300 
1.084400 
1.084800 
1.085000 
1.085200 
1.085300 
1.085600 
1.085600 
1.085700 
1.086000 
1.086100 
1.086100 
1.086100 
1.086200 
1.086400 
1.086400 
1.086700 
1.086900 
1.086900 
1.087000 
1.087100 
1.087500 
1.087700 
1.088200 
1.088300 
1.088800 
1.089300 
1.089700 
1.089800 
1.089900 
1.090900 
1.091000 
1.091400 
1.091700 
1.091800 
1.092000 
1.092100 
1.092100 
1.092100 
1.092600 
1.092800 
1.093100 
1.093100 
1.095100 
1.095200 
1.095800 
1.095800 
1.096200 
1.096700 
1.097300 
1.098200 
1.098400 
1.098800 
1.099600 
1.099700 
1.100400 
1.100500 
1.101200 
1.101500 
1.101800 
1.102200 
1.102600 
1.102800 
1.102800 
1.103500 
1.103600 
1.103800 
1.103800 
1.104200 
1.104300 
1.104600 
1.104800 
1.105000 
1.105200 
1.105300 
1.106100 
1.106100 
1.106200 
1.106300 
1.106700 
1.107100 
1.107400 
1.107400 
1.107400 
1.107600 
1.108000 
1.108100 
1.108600 
1.108600 
1.108900 
1.109100 
1.109100 
1.109200 
1.109200 
1.109400 
1.109400 
1.109700 
1.109800 
1.109900 
1.109900 
1.110600 
1.110600 
1.111000 
1.111400 
1.111400 
1.111800 
1.112200 
1.112600 
1.112800 
1.113100 
1.113400 
1.113600 
1.114800 
1.115300 
1.115400 
1.115600 
1.115600 
1.116900 
1.118200 
1.118500 
1.118800 
1.119100 
1.119600 
1.120600 
1.120800 
1.121000 
1.121700 
1.121700 
1.122200 
1.122200 
1.122200 
1.122400 
1.122700 
1.122700 
1.122800 
1.123200 
1.123300 
1.123400 
1.123500 
1.123700 
1.123700 
1.124000 
1.124300 
1.124400 
1.124900 
1.125100 
1.125200 
1.125300 
1.125300 
1.125600 
1.125900 
1.126100 
1.126100 
1.126300 
1.127100 
1.127300 
1.127400 
1.127400 
1.127400 
1.127700 
1.128100 
1.128300 
1.128700 
1.129100 
1.129900 
1.130100 
1.130900 
1.132200 
1.132400 
1.132700 
1.132800 
1.132900 
1.132900 
1.134700 
1.135400 
1.135800 
1.136100 
1.136100 
1.136600 
1.136800 
1.137200 
1.138500 
1.139500 
1.139900 
1.140100 
1.140900 
1.141000 
1.141100 
1.141800 
1.142200 
1.142800 
1.143300 
1.143500 
1.143800 
1.144100 
1.144500 
1.144800 
1.145000 
1.146300 
1.147100 
1.147400 
1.147800 
1.147900 
1.148000 
1.148300 
1.148400 
1.148800 
1.149600 
1.150100 
1.150300 
1.150600 
1.150700 
1.150900 
1.151500 
1.151600 
1.151800 
1.152100 
1.152200 
1.152300 
1.153100 
1.153300 
1.153900 
1.154000 
1.154300 
1.154900 
1.155200 
1.155700 
1.155700 
1.155800 
1.156700 
1.156800 
1.156900 
1.157000 
1.157800 
1.158000 
1.158200 
1.158700 
1.158700 
1.159300 
1.160100 
1.160300 
1.160600 
1.160600 
1.160600 
1.160800 
1.161400 
1.161600 
1.161900 
1.162300 
1.162700 
1.163000 
1.163700 
1.164100 
1.164200 
1.164500 
1.164500 
1.164600 
1.164900 
1.165400 
1.165600 
1.166100 
1.166200 
1.166500 
1.166800 
1.167100 
1.167500 
1.167600 
1.168000 
1.168200 
1.168700 
1.168900 
1.168900 
1.169000 
1.169200 
1.169900 
1.170000 
1.170900 
1.170900 
1.171200 
1.172500 
1.172500 
1.172500 
1.172600 
1.172800 
1.172900 
1.173300 
1.173700 
1.173800 
1.174200 
1.174400 
1.174600 
1.174600 
1.174800 
1.175800 
1.175800 
1.176500 
1.176600 
1.176800 
1.177900 
1.178400 
1.178700 
1.178800 
1.179600 
1.179800 
1.180100 
1.180200 
1.180500 
1.180700 
1.180900 
1.181700 
1.181700 
1.182200 
1.182700 
1.182900 
1.183200 
1.183200 
1.183600 
1.184200 
1.184200 
1.184700 
1.184800 
1.185200 
1.185600 
1.185800 
1.186000 
1.186300 
1.186800 
1.187300 
1.187400 
1.188000 
1.188800 
1.189200 
1.189900 
1.190000 
1.190100 
1.190300 
1.190600 
1.190900 
1.190900 
1.191000 
1.191300 
1.191300 
1.191400 
1.191900 
1.192300 
1.192300 
1.192600 
1.192900 
1.194000 
1.195200 
1.195300 
1.195700 
1.195700 
1.195800 
1.195900 
1.196000 
1.196300 
1.196500 
1.196800 
1.197000 
1.197200 
1.197500 
1.197600 
1.197900 
1.198000 
1.198500 
1.198900 
1.199300 
1.199900 
1.199900 
1.200300 
1.200300 
1.200600 
1.200900 
1.201800 
1.202000 
1.202100 
1.202200 
1.202700 
1.202800 
1.202800 
1.202900 
1.203400 
1.203400 
1.203500 
1.203700 
1.204200 
1.204300 
1.204500 
1.204600 
1.204700 
1.205000 
1.205400 
1.205900 
1.206300 
1.206600 
1.206900 
1.207100 
1.207200 
1.207300 
1.207600 
1.207700 
1.208300 
1.208500 
1.208600 
1.208800 
1.208900 
1.209000 
1.209400 
1.209700 
1.209700 
1.209900 
1.210000 
1.210300 
1.210400 
1.210900 
1.211500 
1.211600 
1.212900 
1.212900 
1.213200 
1.214400 
1.214700 
1.214700 
1.215000 
1.215300 
1.215700 
1.216500 
1.216500 
1.216700 
1.216700 
1.216900 
1.216900 
1.217000 
1.218000 
1.218200 
1.218400 
1.218500 
1.218500 
1.219200 
1.219700 
1.219800 
1.219900 
1.220100 
1.220500 
1.220600 
1.220600 
1.220700 
1.220800 
1.220900 
1.221000 
1.221300 
1.221600 
1.221700 
1.222100 
1.222600 
1.222800 
1.223000 
1.223500 
1.223500 
1.224000 
1.224000 
1.224400 
1.224800 
1.224900 
1.224900 
1.225300 
1.225500 
1.225500 
1.225700 
1.225800 
1.226100 
1.226900 
1.227100 
1.227500 
1.229400 
1.229500 
1.229500 
1.229600 
1.229900 
1.230100 
1.230200 
1.230600 
1.230800 
1.231700 
1.232100 
1.232500 
1.232900 
1.232900 
1.232900 
1.234800 
1.238000 
1.238600 
1.238600 
1.238700 
1.238900 
1.239000 
1.239300 
1.239500 
1.239600 
1.239700 
1.239800 
1.241000 
1.241100 
1.241500 
1.242100 
1.242500 
1.242700 
1.243100 
1.244300 
1.244400 
1.245400 
1.245800 
1.246000 
1.246100 
1.246300 
1.246400 
1.246400 
1.246600 
1.247600 
1.248800 
1.249200 
1.249400 
1.250400 
1.251300 
1.251400 
1.251800 
1.252000 
1.252200 
1.252400 
1.252600 
1.252900 
1.253000 
1.253100 
1.253200 
1.253200 
1.253500 
1.254100 
1.254200 
1.254400 
1.255400 
1.255500 
1.255500 
1.255600 
1.255800 
1.255900 
1.256000 
1.256100 
1.256400 
1.256500 
1.256700 
1.257200 
1.257300 
1.257700 
1.257800 
1.257900 
1.258000 
1.258100 
1.258300 
1.258700 
1.259500 
1.260200 
1.260300 
1.260300 
1.260600 
1.260600 
1.260800 
1.261400 
1.261500 
1.261800 
1.263200 
1.263500 
1.264100 
1.264100 
1.264500 
1.264700 
1.265200 
1.265200 
1.265500 
1.265500 
1.265800 
1.266300 
1.266900 
1.267900 
1.268300 
1.268300 
1.268600 
1.269300 
1.269500 
1.269800 
1.269800 
1.270600 
1.270800 
1.270900 
1.271000 
1.272200 
1.272300 
1.273400 
1.274600 
1.274600 
1.274700 
1.274800 
1.274900 
1.275000 
1.275400 
1.275700 
1.276100 
1.276500 
1.277200 
1.277300 
1.277400 
1.277500 
1.277600 
1.278000 
1.278200 
1.278400 
1.279300 
1.280200 
1.280800 
1.281600 
1.282500 
1.282500 
1.282800 
1.282800 
1.283000 
1.284000 
1.284900 
1.285100 
1.285700 
1.285700 
1.286800 
1.286900 
1.287000 
1.287200 
1.287300 
1.287300 
1.287400 
1.287500 
1.287600 
1.287700 
1.288100 
1.288900 
1.289400 
1.290000 
1.290400 
1.291000 
1.291000 
1.291300 
1.291500 
1.291500 
1.292100 
1.292500 
1.293100 
1.294200 
1.294300 
1.294400 
1.294400 
1.294700 
1.294800 
1.294800 
1.294900 
1.295600 
1.295900 
1.295900 
1.296100 
1.296400 
1.296700 
1.296800 
1.297500 
1.297700 
1.297800 
1.298000 
1.298500 
1.298800 
1.298800 
1.299700 
1.300300 
1.300500 
1.300800 
1.301100 
1.303500 
1.304000 
1.304100 
1.304300 
1.304300 
1.304400 
1.304400 
1.304600 
1.304700 
1.305400 
1.305500 
1.305600 
1.305900 
1.306400 
1.306600 
1.306600 
1.307100 
1.307100 
1.307200 
1.307600 
1.307800 
1.308400 
1.308600 
1.309000 
1.309300 
1.309300 
1.309500 
1.310000 
1.310400 
1.310400 
1.310700 
1.310900 
1.311300 
1.311300 
1.311900 
1.312200 
1.312500 
1.313300 
1.313900 
1.314400 
1.315000 
1.315200 
1.315400 
1.315700 
1.316000 
1.316000 
1.316100 
1.316400 
1.316600 
1.316600 
1.316700 
1.316900 
1.317100 
1.317600 
1.317600 
1.317700 
1.318100 
1.318400 
1.318600 
1.318700 
1.319000 
1.319400 
1.319800 
1.319900 
1.320100 
1.320100 
1.320400 
1.321200 
1.321300 
1.321900 
1.322100 
1.322200 
1.322400 
1.322500 
1.324600 
1.324600 
1.325900 
1.326100 
1.326300 
1.326600 
1.326600 
1.326600 
1.327000 
1.327000 
1.328500 
1.328700 
1.328900 
1.328900 
1.329000 
1.329000 
1.329600 
1.329700 
1.330100 
1.330100 
1.330300 
1.330300 
1.330400 
1.330500 
1.330700 
1.330700 
1.330700 
1.330800 
1.331100 
1.331400 
1.331700 
1.331800 
1.331900 
1.332400 
1.332900 
1.333300 
1.333400 
1.334700 
1.334700 
1.335600 
1.335600 
1.336300 
1.336400 
1.336400 
1.337300 
1.337400 
1.337600 
1.338000 
1.338200 
1.338300 
1.338400 
1.338700 
1.338800 
1.340400 
1.340700 
1.340800 
1.340900 
1.341300 
1.341400 
1.341600 
1.342000 
1.342500 
1.342600 
1.343300 
1.344000 
1.344100 
1.344600 
1.344800 
1.345600 
1.345600 
1.346800 
1.347300 
1.347800 
1.347900 
1.348700 
1.348700 
1.349200 
1.349200 
1.349400 
1.349500 
1.349700 
1.349700 
1.349800 
1.349900 
1.350200 
1.350300 
1.350600 
1.350700 
1.351300 
1.351300 
1.351500 
1.351700 
1.351700 
1.351700 
1.351800 
1.351800 
1.351800 
1.352300 
1.353100 
1.354300 
1.354400 
1.355000 
1.355100 
1.355300 
1.355400 
1.355400 
1.355500 
1.356000 
1.356400 
1.356400 
1.356800 
1.357000 
1.357200 
1.358200 
1.358300 
1.358400 
1.358600 
1.359400 
1.359800 
1.362100 
1.362300 
1.363200 
1.363400 
1.363800 
1.364200 
1.364300 
1.365100 
1.365100 
1.365100 
1.366000 
1.366200 
1.367200 
1.367500 
1.367800 
1.367900 
1.368000 
1.368100 
1.368400 
1.368600 
1.368600 
1.368700 
1.369200 
1.369200 
1.369300 
1.369400 
1.369500 
1.369600 
1.369600 
1.370000 
1.370100 
1.370400 
1.370600 
1.371100 
1.372000 
1.372100 
1.372400 
1.372700 
1.372900 
1.373000 
1.373000 
1.373400 
1.373500 
1.373600 
1.373800 
1.374800 
1.375800 
1.376000 
1.376700 
1.377100 
1.377100 
1.377500 
1.378200 
1.378200 
1.378200 
1.378300 
1.378500 
1.378800 
1.380500 
1.381100 
1.381300 
1.381600 
1.381600 
1.382200 
1.382900 
1.383000 
1.383200 
1.383500 
1.383700 
1.383800 
1.384000 
1.384500 
1.385100 
1.385100 
1.385200 
1.386000 
1.386800 
1.386900 
1.387100 
1.387200 
1.387500 
1.387600 
1.387800 
1.387800 
1.388000 
1.388700 
1.388800 
1.389400 
1.389900 
1.390100 
1.390300 
1.390400 
1.390400 
1.391100 
1.391100 
1.391500 
1.391600 
1.391800 
1.392000 
1.392100 
1.392300 
1.393000 
1.393100 
1.393100 
1.393500 
1.393500 
1.393600 
1.393600 
1.393700 
1.393900 
1.394100 
1.394300 
1.394800 
1.394800 
1.394900 
1.395100 
1.396300 
1.396500 
1.396600 
1.397800 
1.399000 
1.400000 
1.400200 
1.400500 
1.400800 
1.401000 
1.401100 
1.401700 
1.402000 
1.402400 
1.402400 
1.402500 
1.402800 
1.402800 
1.403000 
1.404000 
1.404700 
1.404700 
1.405100 
1.405100 
1.405200 
1.405400 
1.406500 
1.407000 
1.407300 
1.407400 
1.408600 
1.408700 
1.409100 
1.409400 
1.409800 
1.410000 
1.410200 
1.410300 
1.410300 
1.410700 
1.411200 
1.411500 
1.411500 
1.411600 
1.412200 
1.412800 
1.413200 
1.413600 
1.414000 
1.414100 
1.414400 
1.414900 
1.415100 
1.415100 
1.415600 
1.415900 
1.416300 
1.416500 
1.416700 
1.416700 
1.416800 
1.416900 
1.417000 
1.417300 
1.417600 
1.417700 
1.417800 
1.418300 
1.418600 
1.418800 
1.418800 
1.419000 
1.419500 
1.419500 
1.420400 
1.420800 
1.421300 
1.421500 
1.422000 
1.422100 
1.422200 
1.422300 
1.423400 
1.423600 
1.423600 
1.423700 
1.424100 
1.424300 
1.424500 
1.424900 
1.425800 
1.425900 
1.426600 
1.427100 
1.428000 
1.428200 
1.428400 
1.429200 
1.429200 
1.429300 
1.429400 
1.429600 
1.429600 
1.429700 
1.429900 
1.430200 
1.430300 
1.431600 
1.432100 
1.432500 
1.433300 
1.434900 
1.435000 
1.435100 
1.435300 
1.435500 
1.435900 
1.436300 
1.436400 
1.436500 
1.436900 
1.437200 
1.437800 
1.438000 
1.438100 
1.438100 
1.438200 
1.438200 
1.439300 
1.439300 
1.439300 
1.439800 
1.439900 
1.440400 
1.440500 
1.440800 
1.441000 
1.441100 
1.441500 
1.441900 
1.442000 
1.442200 
1.442500 
1.442500 
1.443000 
1.443500 
1.444100 
1.444600 
1.444600 
1.445000 
1.445500 
1.445600 
1.445900 
1.446700 
1.447600 
1.447700 
1.448000 
1.448200 
1.448500 
1.449100 
1.450400 
1.451500 
1.452500 
1.452600 
1.453000 
1.453000 
1.453100 
1.454000 
1.455200 
1.455200 
1.455300 
1.456100 
1.456100 
1.457000 
1.458300 
1.458600 
1.458900 
1.459500 
1.459700 
1.459900 
1.460500 
1.460900 
1.461300 
1.462400 
1.462500 
1.462700 
1.463200 
1.463500 
1.463600 
1.464100 
1.464600 
1.464700 
1.465400 
1.465600 
1.465600 
1.465600 
1.465800 
1.466000 
1.466800 
1.467400 
1.468500 
1.468500 
1.470000 
1.470100 
1.470100 
1.470800 
1.471400 
1.471800 
1.472400 
1.472600 
1.472800 
1.472900 
1.473000 
1.474000 
1.474600 
1.474600 
1.474600 
1.474700 
1.474800 
1.475300 
1.475800 
1.476300 
1.476500 
1.476800 
1.477100 
1.477700 
1.477800 
1.478700 
1.478900 
1.479300 
1.479600 
1.480000 
1.480000 
1.480700 
1.481300 
1.481500 
1.481700 
1.482000 
1.482100 
1.482400 
1.483000 
1.483300 
1.483700 
1.483700 
1.483800 
1.484100 
1.484500 
1.484500 
1.484500 
1.484500 
1.484700 
1.484800 
1.484900 
1.485000 
1.485300 
1.485400 
1.485800 
1.485900 
1.486100 
1.486500 
1.487300 
1.487300 
1.487400 
1.487400 
1.487600 
1.487800 
1.488300 
1.488400 
1.488600 
1.488700 
1.489100 
1.489100 
1.489300 
1.489400 
1.489700 
1.489900 
1.489900 
1.490600 
1.491000 
1.491000 
1.491100 
1.491400 
1.492200 
1.492300 
1.492900 
1.493000 
1.493000 
1.494400 
1.494900 
1.495600 
1.496100 
1.496100 
1.496300 
1.496400 
1.496500 
1.496600 
1.496600 
1.496700 
1.497600 
1.498000 
1.498900 
1.498900 
1.499100 
1.499100 
1.499700 
1.500200 
1.500400 
1.500800 
1.501200 
1.501200 
1.501200 
1.501400 
1.502000 
1.502200 
1.504800 
1.505100 
1.505400 
1.505900 
1.507200 
1.507600 
1.508100 
1.508900 
1.509000 
1.509000 
1.509200 
1.509700 
1.510000 
1.510000 
1.510100 
1.510400 
1.510600 
1.510900 
1.511900 
1.512200 
1.512300 
1.513100 
1.513600 
1.513600 
1.514200 
1.514500 
1.515000 
1.515500 
1.515900 
1.516900 
1.516900 
1.516900 
1.517300 
1.517500 
1.517900 
1.518000 
1.519000 
1.519200 
1.519600 
1.519800 
1.520300 
1.521000 
1.521100 
1.521400 
1.521500 
1.521500 
1.522000 
1.522000 
1.522000 
1.522000 
1.522300 
1.522500 
1.522500 
1.522600 
1.522800 
1.523900 
1.524000 
1.524300 
1.524400 
1.524400 
1.524700 
1.524700 
1.525300 
1.526000 
1.526800 
1.526800 
1.526800 
1.527800 
1.528000 
1.528100 
1.528800 
1.530100 
1.530100 
1.530300 
1.530400 
1.530500 
1.530800 
1.531500 
1.531900 
1.533100 
1.533200 
1.533300 
1.533700 
1.534100 
1.534200 
1.534300 
1.534400 
1.534800 
1.534900 
1.535000 
1.535100 
1.535400 
1.535400 
1.535500 
1.535600 
1.535800 
1.535900 
1.537400 
1.537700 
1.537700 
1.538000 
1.538100 
1.538100 
1.539300 
1.539900 
1.540000 
1.540200 
1.540900 
1.541000 
1.541200 
1.541600 
1.541600 
1.541800 
1.542000 
1.542000 
1.542400 
1.542900 
1.543000 
1.543800 
1.543800 
1.543900 
1.543900 
1.544400 
1.544700 
1.544800 
1.545400 
1.545700 
1.546100 
1.546500 
1.546900 
1.547100 
1.547200 
1.547300 
1.547400 
1.547500 
1.547900 
1.548300 
1.548600 
1.548900 
1.549000 
1.549500 
1.549900 
1.550000 
1.550200 
1.550800 
1.550900 
1.550900 
1.551600 
1.551800 
1.551800 
1.552000 
1.552400 
1.552900 
1.554000 
1.554300 
1.554500 
1.555300 
1.555300 
1.556000 
1.556400 
1.556600 
1.556700 
1.556700 
1.556800 
1.557000 
1.557200 
1.557500 
1.557700 
1.557700 
1.557800 
1.557800 
1.558000 
1.559900 
1.560200 
1.560600 
1.561500 
1.562000 
1.562000 
1.562100 
1.562700 
1.563200 
1.563500 
1.564500 
1.564600 
1.564800 
1.564800 
1.564900 
1.565100 
1.565300 
1.565700 
1.566400 
1.566800 
1.567100 
1.567200 
1.568400 
1.568600 
1.568800 
1.569200 
1.569500 
1.569600 
1.569700 
1.570400 
1.570400 
1.570500 
1.570900 
1.571000 
1.571300 
1.571500 
1.571600 
1.572000 
1.572900 
1.573300 
1.574200 
1.574800 
1.575000 
1.575300 
1.575500 
1.576000 
1.576400 
1.576500 
1.577100 
1.577400 
1.578200 
1.578500 
1.578700 
1.578800 
1.578800 
1.579500 
1.579800 
1.579900 
1.580100 
1.580700 
1.580900 
1.581100 
1.582100 
1.582400 
1.582700 
1.582800 
1.582900 
1.583300 
1.583500 
1.583700 
1.583700 
1.583800 
1.584300 
1.585400 
1.585800 
1.585800 
1.586000 
1.586200 
1.586400 
1.586700 
1.587000 
1.587100 
1.587400 
1.588300 
1.588500 
1.589400 
1.589500 
1.590100 
1.591200 
1.591900 
1.592500 
1.592500 
1.592500 
1.592900 
1.593900 
1.594100 
1.595400 
1.595500 
1.595700 
1.596300 
1.596800 
1.597000 
1.597100 
1.597500 
1.597600 
1.597700 
1.597900 
1.598200 
1.598300 
1.598600 
1.598700 
1.599000 
1.599100 
1.599300 
1.600000 
1.600500 
1.601000 
1.601600 
1.601700 
1.601800 
1.601900 
1.602500 
1.602700 
1.603600 
1.603600 
1.603700 
1.604200 
1.604600 
1.604800 
1.605300 
1.605400 
1.605400 
1.605500 
1.606200 
1.606300 
1.606300 
1.606400 
1.606600 
1.607000 
1.608200 
1.608300 
1.608800 
1.608800 
1.608900 
1.609500 
1.609600 
1.609600 
1.610200 
1.610200 
1.610400 
1.610700 
1.611200 
1.611700 
1.612100 
1.612400 
1.612600 
1.613500 
1.613500 
1.614000 
1.614200 
1.614800 
1.614900 
1.617500 
1.617700 
1.618000 
1.618100 
1.618200 
1.618800 
1.619100 
1.619100 
1.619200 
1.619400 
1.619900 
1.620200 
1.620500 
1.620600 
1.620700 
1.621100 
1.622200 
1.622600 
1.622600 
1.623000 
1.623400 
1.623500 
1.623900 
1.623900 
1.624800 
1.624900 
1.625100 
1.625200 
1.625200 
1.625800 
1.626300 
1.626400 
1.626400 
1.626500 
1.626900 
1.627100 
1.627300 
1.628100 
1.628300 
1.629000 
1.629600 
1.629800 
1.630100 
1.630100 
1.630600 
1.630800 
1.630900 
1.631200 
1.631500 
1.631900 
1.632000 
1.632100 
1.632500 
1.633600 
1.633900 
1.635000 
1.635100 
1.635400 
1.635500 
1.635700 
1.636000 
1.636000 
1.636200 
1.636900 
1.636900 
1.637000 
1.637600 
1.637800 
1.638300 
1.638400 
1.639900 
1.640100 
1.640100 
1.641600 
1.641700 
1.641800 
1.641900 
1.642200 
1.642400 
1.642800 
1.643200 
1.643300 
1.643600 
1.643900 
1.644000 
1.644300 
1.644300 
1.644300 
1.644600 
1.644700 
1.644900 
1.644900 
1.645200 
1.645300 
1.646300 
1.647500 
1.647900 
1.647900 
1.647900 
1.648100 
1.648100 
1.648200 
1.649000 
1.649300 
1.650800 
1.651700 
1.652200 
1.652300 
1.652600 
1.655500 
1.655800 
1.656600 
1.657400 
1.657600 
1.657800 
1.658300 
1.658600 
1.658600 
1.658800 
1.659000 
1.659600 
1.659700 
1.659800 
1.659900 
1.660100 
1.660400 
1.660800 
1.660800 
1.661700 
1.662100 
1.662500 
1.662500 
1.663100 
1.663300 
1.663300 
1.663900 
1.664200 
1.664300 
1.666000 
1.666300 
1.666300 
1.666900 
1.666900 
1.667100 
1.667600 
1.667800 
1.668100 
1.668100 
1.668300 
1.668500 
1.668600 
1.669200 
1.669200 
1.669200 
1.669400 
1.669600 
1.669600 
1.669900 
1.670200 
1.671200 
1.671300 
1.672000 
1.672900 
1.673100 
1.675200 
1.675500 
1.675800 
1.675900 
1.676000 
1.676200 
1.677300 
1.677300 
1.677500 
1.677600 
1.677800 
1.677800 
1.678000 
1.678000 
1.679500 
1.680100 
1.680300 
1.680400 
1.680500 
1.680600 
1.680900 
1.681200 
1.681300 
1.681400 
1.681400 
1.682500 
1.682700 
1.683000 
1.683200 
1.683300 
1.683400 
1.684600 
1.684700 
1.684700 
1.685000 
1.685400 
1.686100 
1.686200 
1.686300 
1.687000 
1.688600 
1.688700 
1.688900 
1.689400 
1.689600 
1.689800 
1.690000 
1.690800 
1.691000 
1.691000 
1.691200 
1.691800 
1.692300 
1.692600 
1.692800 
1.693500 
1.693900 
1.695300 
1.695400 
1.695600 
1.695800 
1.696100 
1.696400 
1.696600 
1.696600 
1.696800 
1.696900 
1.697100 
1.697200 
1.697400 
1.697400 
1.697900 
1.698200 
1.698400 
1.698500 
1.698600 
1.698900 
1.699100 
1.699500 
1.699900 
1.700000 
1.700200 
1.700400 
1.700600 
1.701100 
1.701200 
1.701300 
1.701400 
1.702000 
1.702600 
1.703000 
1.703300 
1.703300 
1.703500 
1.703600 
1.704000 
1.704300 
1.704400 
1.704900 
1.705300 
1.706000 
1.706100 
1.706200 
1.706800 
1.706900 
1.707200 
1.707500 
1.707500 
1.707500 
1.707600 
1.707800 
1.707900 
1.708400 
1.708600 
1.709000 
1.710600 
1.711000 
1.711200 
1.711400 
1.711800 
1.711900 
1.712000 
1.712200 
1.713400 
1.713500 
1.714000 
1.714400 
1.717200 
1.717300 
1.717300 
1.717600 
1.717600 
1.718000 
1.718200 
1.718300 
1.719100 
1.719400 
1.719600 
1.719800 
1.720700 
1.721000 
1.721100 
1.721400 
1.721700 
1.722000 
1.722300 
1.722500 
1.722700 
1.723100 
1.723400 
1.724100 
1.724700 
1.724700 
1.724800 
1.725200 
1.725500 
1.725500 
1.725900 
1.726200 
1.726300 
1.727200 
1.728200 
1.728600 
1.729200 
1.729200 
1.730100 
1.731000 
1.731400 
1.731400 
1.731700 
1.732200 
1.733300 
1.733800 
1.734500 
1.734900 
1.735300 
1.735700 
1.735700 
1.736600 
1.736800 
1.736900 
1.737400 
1.737400 
1.737700 
1.738300 
1.738300 
1.738500 
1.738500 
1.738600 
1.738700 
1.738800 
1.738800 
1.739200 
1.739700 
1.739800 
1.739800 
1.740400 
1.742000 
1.742000 
1.742200 
1.742700 
1.742700 
1.742800 
1.743200 
1.743400 
1.743600 
1.744500 
1.744600 
1.744600 
1.744600 
1.745200 
1.745300 
1.745300 
1.745700 
1.746900 
1.746900 
1.747100 
1.747600 
1.747700 
1.748300 
1.748600 
1.748900 
1.749000 
1.749300 
1.749400 
1.749800 
1.750400 
1.750500 
1.750600 
1.750600 
1.750900 
1.751000 
1.751100 
1.751300 
1.751400 
1.751500 
1.751500 
1.751500 
1.751700 
1.751800 
1.751900 
1.752400 
1.753300 
1.754100 
1.754800 
1.755000 
1.755000 
1.755100 
1.755100 
1.755700 
1.755700 
1.755900 
1.756100 
1.756300 
1.756600 
1.756900 
1.757400 
1.757400 
1.757900 
1.758200 
1.758300 
1.758300 
1.758600 
1.759200 
1.759300 
1.759300 
1.759900 
1.760300 
1.760500 
1.762300 
1.762300 
1.762700 
1.762900 
1.763200 
1.763400 
1.765200 
1.765200 
1.765200 
1.765800 
1.765900 
1.766000 
1.766200 
1.766700 
1.767300 
1.767700 
1.767800 
1.768400 
1.768500 
1.768900 
1.770200 
1.770500 
1.771100 
1.771100 
1.773000 
1.773300 
1.773700 
1.773700 
1.773900 
1.774400 
1.774900 
1.774900 
1.775200 
1.775300 
1.775500 
1.775800 
1.775900 
1.776000 
1.776300 
1.776400 
1.776500 
1.776900 
1.777200 
1.777800 
1.777900 
1.778000 
1.778200 
1.778800 
1.778800 
1.779000 
1.780000 
1.780000 
1.780100 
1.780600 
1.780900 
1.781100 
1.781900 
1.782100 
1.782200 
1.782300 
1.782400 
1.783100 
1.783100 
1.783800 
1.784100 
1.784200 
1.784200 
1.785400 
1.785900 
1.786500 
1.786600 
1.787200 
1.787200 
1.787300 
1.787800 
1.787800 
1.788200 
1.788400 
1.788500 
1.788500 
1.788500 
1.788800 
1.788800 
1.789000 
1.789100 
1.789300 
1.789500 
1.790100 
1.790300 
1.790300 
1.790500 
1.790600 
1.790800 
1.790800 
1.791500 
1.791900 
1.791900 
1.792000 
1.792100 
1.792400 
1.792500 
1.792600 
1.792600 
1.792600 
1.792800 
1.792900 
1.793000 
1.793400 
1.793600 
1.793900 
1.794100 
1.794200 
1.795300 
1.795600 
1.796000 
1.796400 
1.797400 
1.797500 
1.797500 
1.797600 
1.797700 
1.799000 
1.799100 
1.799100 
1.799200 
1.799700 
1.800000 
1.800100 
1.800100 
1.800700 
1.801900 
1.802200 
1.802300 
1.802600 
1.802800 
1.803800 
1.804300 
1.804800 
1.805600 
1.805900 
1.806500 
1.807000 
1.807200 
1.808800 
1.808900 
1.809000 
1.809100 
1.809100 
1.809400 
1.809500 
1.810100 
1.810500 
1.810800 
1.811000 
1.811200 
1.812000 
1.812200 
1.812200 
1.812900 
1.812900 
1.813500 
1.813500 
1.813500 
1.813900 
1.814100 
1.814400 
1.814700 
1.814700 
1.815500 
1.815500 
1.815800 
1.815900 
1.816200 
1.816200 
1.816500 
1.816600 
1.817000 
1.817100 
1.817100 
1.817400 
1.817600 
1.817700 
1.818400 
1.818600 
1.818800 
1.818800 
1.819000 
1.819700 
1.820300 
1.820400 
1.820500 
1.821200 
1.821200 
1.821300 
1.821600 
1.821700 
1.821800 
1.821800 
1.822200 
1.823400 
1.823500 
1.823600 
1.824400 
1.824800 
1.824900 
1.825000 
1.825900 
1.825900 
1.826700 
1.827200 
1.827400 
1.827800 
1.828500 
1.828800 
1.829000 
1.829800 
1.830100 
1.831100 
1.831300 
1.832000 
1.832300 
1.833100 
1.833100 
1.833400 
1.833600 
1.833900 
1.834200 
1.836400 
1.836700 
1.836700 
1.836800 
1.837000 
1.837400 
1.837400 
1.837700 
1.838300 
1.838300 
1.838500 
1.838500 
1.838700 
1.838900 
1.838900 
1.838900 
1.839100 
1.839400 
1.839400 
1.839900 
1.840200 
1.840500 
1.841000 
1.841100 
1.841800 
1.841900 
1.841900 
1.842000 
1.842100 
1.842200 
1.842300 
1.842900 
1.843200 
1.843400 
1.843900 
1.843900 
1.843900 
1.844700 
1.845100 
1.845200 
1.845400 
1.846000 
1.846300 
1.846500 
1.846600 
1.846800 
1.846800 
1.847000 
1.847300 
1.847400 
1.847500 
1.847600 
1.847600 
1.848100 
1.848400 
1.848400 
1.848600 
1.848700 
1.848700 
1.848900 
1.849200 
1.849400 
1.849500 
1.850000 
1.850300 
1.850400 
1.851200 
1.851200 
1.851400 
1.851500 
1.851600 
1.851600 
1.851800 
1.852000 
1.852100 
1.852800 
1.852900 
1.853100 
1.853600 
1.854300 
1.854500 
1.854700 
1.855100 
1.855600 
1.855700 
1.855800 
1.855900 
1.856100 
1.856100 
1.856700 
1.856900 
1.857000 
1.857000 
1.858000 
1.858400 
1.858700 
1.858800 
1.859100 
1.859700 
1.859900 
1.860200 
1.860600 
1.861000 
1.861300 
1.861400 
1.861600 
1.862900 
1.863600 
1.863600 
1.863800 
1.865700 
1.865900 
1.866200 
1.867500 
1.867700 
1.868900 
1.869700 
1.869700 
1.869800 
1.869800 
1.870000 
1.870900 
1.871200 
1.871400 
1.871500 
1.871900 
1.872000 
1.872300 
1.872400 
1.872600 
1.872700 
1.872700 
1.872800 
1.873300 
1.873500 
1.873500 
1.873700 
1.874300 
1.874600 
1.874700 
1.874900 
1.875600 
1.875600 
1.875900 
1.877000 
1.877300 
1.877400 
1.877700 
1.878100 
1.878100 
1.878100 
1.879900 
1.879900 
1.880000 
1.880200 
1.880300 
1.880700 
1.880800 
1.881000 
1.881300 
1.881500 
1.882200 
1.882600 
1.882700 
1.882700 
1.883100 
1.884200 
1.884400 
1.884500 
1.884800 
1.884800 
1.884800 
1.884800 
1.885100 
1.885200 
1.885400 
1.885500 
1.886000 
1.886000 
1.886900 
1.887000 
1.887100 
1.888100 
1.888300 
1.888500 
1.888700 
1.888800 
1.890000 
1.890000 
1.890200 
1.891700 
1.893400 
1.893500 
1.894700 
1.895100 
1.895500 
1.895900 
1.896000 
1.896000 
1.897500 
1.898500 
1.899400 
1.899400 
1.900400 
1.900500 
1.901100 
1.901800 
1.901800 
1.902700 
1.902800 
1.903200 
1.903600 
1.904000 
1.904200 
1.904400 
1.904700 
1.905000 
1.905200 
1.905200 
1.905300 
1.905400 
1.905600 
1.906200 
1.906300 
1.906400 
1.906600 
1.906700 
1.906800 
1.906800 
1.907100 
1.907400 
1.908100 
1.908800 
1.909300 
1.909300 
1.910000 
1.910200 
1.910300 
1.910300 
1.910500 
1.911300 
1.911700 
1.912100 
1.912300 
1.912900 
1.912900 
1.913100 
1.913300 
1.913400 
1.914000 
1.914200 
1.914400 
1.914500 
1.915500 
1.915600 
1.915700 
1.916000 
1.916100 
1.916400 
1.916500 
1.916600 
1.916600 
1.916900 
1.917300 
1.917600 
1.917800 
1.918400 
1.918900 
1.919200 
1.919300 
1.919300 
1.919700 
1.919800 
1.920500 
1.920800 
1.921000 
1.921200 
1.921600 
1.922500 
1.922900 
1.923300 
1.923500 
1.924300 
1.924600 
1.925100 
1.926200 
1.927000 
1.927000 
1.927100 
1.927100 
1.927800 
1.928300 
1.928800 
1.929000 
1.929000 
1.930800 
1.930800 
1.931000 
1.931200 
1.931200 
1.931500 
1.931700 
1.931900 
1.932100 
1.932200 
1.932400 
1.932900 
1.933100 
1.934300 
1.935400 
1.935700 
1.936000 
1.936400 
1.936600 
1.936700 
1.936700 
1.937200 
1.937500 
1.937900 
1.937900 
1.939100 
1.939200 
1.939200 
1.939400 
1.939500 
1.939800 
1.940300 
1.940400 
1.940600 
1.941400 
1.941600 
1.941600 
1.942100 
1.942500 
1.942900 
1.943500 
1.944200 
1.944700 
1.944900 
1.944900 
1.945000 
1.945200 
1.945500 
1.945800 
1.946300 
1.946300 
1.947300 
1.947300 
1.948000 
1.948100 
1.948500 
1.948500 
1.948500 
1.948600 
1.948700 
1.948800 
1.948800 
1.949100 
1.949200 
1.949300 
1.949600 
1.950200 
1.950200 
1.950400 
1.950600 
1.950700 
1.950900 
1.951000 
1.951600 
1.951700 
1.951700 
1.951800 
1.951900 
1.952000 
1.952100 
1.952400 
1.952700 
1.952800 
1.952900 
1.953200 
1.953300 
1.953400 
1.953400 
1.954200 
1.954600 
1.955700 
1.956900 
1.957400 
1.957700 
1.959200 
1.960400 
1.960900 
1.961400 
1.961600 
1.963300 
1.963300 
1.963600 
1.963700 
1.963800 
1.963900 
1.964200 
1.964400 
1.964500 
1.964700 
1.964900 
1.965100 
1.965600 
1.965700 
1.965900 
1.966600 
1.966700 
1.966900 
1.967100 
1.967500 
1.967800 
1.968000 
1.968500 
1.969000 
1.969500 
1.969700 
1.970000 
1.970400 
1.970400 
1.970500 
1.970600 
1.970700 
1.971200 
1.971400 
1.971900 
1.972000 
1.972500 
1.973100 
1.973500 
1.974000 
1.974200 
1.974300 
1.974300 
1.974500 
1.974900 
1.975000 
1.975700 
1.975700 
1.975800 
1.976700 
1.977200 
1.977500 
1.978100 
1.978300 
1.978900 
1.979200 
1.979700 
1.979800 
1.979900 
1.980100 
1.981200 
1.981700 
1.982000 
1.982400 
1.983000 
1.983100 
1.983500 
1.983700 
1.984100 
1.984100 
1.984400 
1.984900 
1.984900 
1.985800 
1.986200 
1.986200 
1.986500 
1.986500 
1.986500 
1.986600 
1.987000 
1.987000 
1.987500 
1.987600 
1.987600 
1.987600 
1.988500 
1.989500 
1.989800 
1.989900 
1.990300 
1.990800 
1.991000 
1.991400 
1.991600 
1.992000 
1.992300 
1.992400 
1.992900 
1.993200 
1.993200 
1.993300 
1.993800 
1.993800 
1.993900 
1.994100 
1.994300 
1.994400 
1.994600 
1.995400 
1.995900 
1.996300 
1.996300 
1.996300 
1.997700 
1.998400 
1.998600 
1.998800 
2.000700 
2.000700 
2.001900 
2.002300 
2.002600 
2.003300 
2.003300 
2.004000 
2.004500 
2.004600 
2.004700 
2.005000 
2.005300 
2.005300 
2.005500 
2.005600 
2.005900 
2.006200 
2.007300 
2.007700 
2.009200 
2.009500 
2.009600 
2.009800 
2.009900 
2.010600 
2.010700 
2.010800 
2.011200 
2.011600 
2.011600 
2.011900 
2.012000 
2.012000 
2.012100 
2.012400 
2.012400 
2.012500 
2.012600 
2.014600 
2.015100 
2.015200 
2.015200 
2.015300 
2.015400 
2.015700 
2.016200 
2.016500 
2.017000 
2.017100 
2.017500 
2.018100 
2.018600 
2.018800 
2.018800 
2.018800 
2.019600 
2.019600 
2.020500 
2.020700 
2.021200 
2.021700 
2.021900 
2.023800 
2.023800 
2.025600 
2.025700 
2.026300 
2.026500 
2.026600 
2.026800 
2.027300 
2.027300 
2.027400 
2.028100 
2.028500 
2.029000 
2.029100 
2.029400 
2.029500 
2.030400 
2.030500 
2.030600 
2.030600 
2.030700 
2.030800 
2.032100 
2.032600 
2.034300 
2.034400 
2.034800 
2.036000 
2.036100 
2.036400 
2.036400 
2.036400 
2.036600 
2.036600 
2.036600 
2.037100 
2.037200 
2.037300 
2.037400 
2.037500 
2.037700 
2.037900 
2.038200 
2.038500 
2.038600 
2.038800 
2.038900 
2.039100 
2.039200 
2.039800 
2.040200 
2.040300 
2.040400 
2.041100 
2.041200 
2.041300 
2.041500 
2.041800 
2.041800 
2.042600 
2.043200 
2.043300 
2.043500 
2.043500 
2.043600 
2.044100 
2.044100 
2.044600 
2.044700 
2.045000 
2.045100 
2.045600 
2.045900 
2.046000 
2.046100 
2.046300 
2.047200 
2.047700 
2.048000 
2.048000 
2.048300 
2.048500 
2.049300 
2.049800 
2.050800 
2.051600 
2.051900 
2.052100 
2.052100 
2.052300 
2.052400 
2.052700 
2.053100 
2.053200 
2.053500 
2.053600 
2.053900 
2.054000 
2.054400 
2.054900 
2.055100 
2.055700 
2.055800 
2.056300 
2.056700 
2.057200 
2.057300 
2.057500 
2.058000 
2.058400 
2.058400 
2.058500 
2.058600 
2.059300 
2.060000 
2.060100 
2.060200 
2.060900 
2.061100 
2.062200 
2.062300 
2.062400 
2.062600 
2.062600 
2.062900 
2.063400 
2.064100 
2.064500 
2.064700 
2.064900 
2.065300 
2.065400 
2.065800 
2.065900 
2.066700 
2.066700 
2.066700 
2.067000 
2.067000 
2.067700 
2.067900 
2.067900 
2.068600 
2.068600 
2.069600 
2.069800 
2.070700 
2.071100 
2.071700 
2.072400 
2.072500 
2.072600 
2.073900 
2.074200 
2.074300 
2.074600 
2.074800 
2.075100 
2.075500 
2.075500 
2.075900 
2.076200 
2.077800 
2.078400 
2.078500 
2.078700 
2.078700 
2.078700 
2.078800 
2.078800 
2.079200 
2.079500 
2.080300 
2.080300 
2.081100 
2.081600 
2.082000 
2.082100 
2.082100 
2.083300 
2.083400 
2.083900 
2.084300 
2.084600 
2.085500 
2.086600 
2.086600 
2.086900 
2.087000 
2.087000 
2.087700 
2.088200 
2.088500 
2.088700 
2.089000 
2.089300 
2.089700 
2.089700 
2.089800 
2.090700 
2.090900 
2.091400 
2.091500 
2.091800 
2.091900 
2.092000 
2.094000 
2.094200 
2.094200 
2.094700 
2.095600 
2.095900 
2.096000 
2.096400 
2.097100 
2.097200 
2.097700 
2.098000 
2.098000 
2.098100 
2.098200 
2.098900 
2.099100 
2.099400 
2.100000 
2.100200 
2.101600 
2.101700 
2.102000 
2.102000 
2.102200 
2.102600 
2.102800 
2.102800 
2.102800 
2.103000 
2.103000 
2.103000 
2.103100 
2.103700 
2.104200 
2.104900 
2.105100 
2.105700 
2.105800 
2.106000 
2.106300 
2.107400 
2.107900 
2.108700 
2.108900 
2.109400 
2.109600 
2.109700 
2.110000 
2.110200 
2.110500 
2.110900 
2.111100 
2.111300 
2.111400 
2.111500 
2.111600 
2.112000 
2.112500 
2.112700 
2.112900 
2.113000 
2.113200 
2.113400 
2.113500 
2.113600 
2.113700 
2.114600 
2.114800 
2.115000 
2.115900 
2.116300 
2.116400 
2.116500 
2.116600 
2.117000 
2.117200 
2.117500 
2.117900 
2.117900 
2.117900 
2.118000 
2.118000 
2.118100 
2.118200 
2.118200 
2.118400 
2.118700 
2.119100 
2.119200 
2.119200 
2.119500 
2.119800 
2.120400 
2.121100 
2.122100 
2.122200 
2.122200 
2.122600 
2.122800 
2.123200 
2.123600 
2.124400 
2.124500 
2.124700 
2.125400 
2.126800 
2.127000 
2.127200 
2.127300 
2.128400 
2.129200 
2.129400 
2.129400 
2.129700 
2.129900 
2.130200 
2.130600 
2.131600 
2.132200 
2.132300 
2.132700 
2.132800 
2.132900 
2.133000 
2.133200 
2.133400 
2.133600 
2.133700 
2.133900 
2.133900 
2.134100 
2.134400 
2.134700 
2.135000 
2.135300 
2.135400 
2.135500 
2.136300 
2.136300 
2.136500 
2.137200 
2.138400 
2.138400 
2.138700 
2.138800 
2.139000 
2.139200 
2.139200 
2.139300 
2.139300 
2.139800 
2.140100 
2.140100 
2.140200 
2.140400 
2.140600 
2.140700 
2.140700 
2.141000 
2.141100 
2.141100 
2.141500 
2.141800 
2.141900 
2.142500 
2.142800 
2.143000 
2.143400 
2.143600 
2.143700 
2.144200 
2.144400 
2.144600 
2.145200 
2.145700 
2.145900 
2.145900 
2.146200 
2.146400 
2.146500 
2.146500 
2.147200 
2.147700 
2.148400 
2.148800 
2.149800 
2.150000 
2.150100 
2.150100 
2.150500 
2.151300 
2.151500 
2.152000 
2.152400 
2.152500 
2.153200 
2.153600 
2.153700 
2.153700 
2.154100 
2.154500 
2.155800 
2.156100 
2.156200 
2.156400 
2.156400 
2.156500 
2.156500 
2.156500 
2.156700 
2.157000 
2.157300 
2.157600 
2.157800 
2.158100 
2.158400 
2.158900 
2.159600 
2.159600 
2.160100 
2.160900 
2.161300 
2.161600 
2.161700 
2.162100 
2.162200 
2.162300 
2.162500 
2.162700 
2.162700 
2.162800 
2.164100 
2.164900 
2.165100 
2.165300 
2.165500 
2.165800 
2.166300 
2.166400 
2.166700 
2.166800 
2.166800 
2.167100 
2.167500 
2.167800 
2.167900 
2.168700 
2.168800 
2.169500 
2.169700 
2.170000 
2.170000 
2.170200 
2.170400 
2.170900 
2.171100 
2.171300 
2.171500 
2.171600 
2.172200 
2.172300 
2.172400 
2.172900 
2.173000 
2.173300 
2.173500 
2.173500 
2.174400 
2.174400 
2.175100 
2.175600 
2.176300 
2.177000 
2.177000 
2.177100 
2.177200 
2.177300 
2.177700 
2.177700 
2.178100 
2.178200 
2.178600 
2.179400 
2.179600 
2.180000 
2.180300 
2.180500 
2.180800 
2.181600 
2.181700 
2.181900 
2.181900 
2.182100 
2.182200 
2.182900 
2.183000 
2.183100 
2.183200 
2.183300 
2.183400 
2.183700 
2.184000 
2.184400 
2.184600 
2.184800 
2.185100 
2.185400 
2.185600 
2.185900 
2.186300 
2.187100 
2.187400 
2.187700 
2.188800 
2.188900 
2.189000 
2.189000 
2.189200 
2.189600 
2.190900 
2.191000 
2.191600 
2.191600 
2.191900 
2.192100 
2.192500 
2.192600 
2.193200 
2.193600 
2.193600 
2.194200 
2.194400 
2.194500 
2.194600 
2.194700 
2.195200 
2.195400 
2.195400 
2.195800 
2.196000 
2.196200 
2.196300 
2.196300 
2.198700 
2.199300 
2.199800 
2.199900 
2.199900 
2.200100 
2.200100 
2.200200 
2.200900 
2.202100 
2.202400 
2.202600 
2.203100 
2.203900 
2.204300 
2.204700 
2.205400 
2.205800 
2.206100 
2.206700 
2.207500 
2.207700 
2.207800 
2.208100 
2.208300 
2.208300 
2.208500 
2.208600 
2.208700 
2.208800 
2.209200 
2.209400 
2.210500 
2.210600 
2.210800 
2.210900 
2.211200 
2.211400 
2.211500 
2.212400 
2.212800 
2.213700 
2.213900 
2.215300 
2.215600 
2.215800 
2.215900 
2.216300 
2.216400 
2.216400 
2.216800 
2.216800 
2.217400 
2.217400 
2.218200 
2.218900 
2.219100 
2.219200 
2.219300 
2.219800 
2.219900 
2.220000 
2.220900 
2.221600 
2.222700 
2.223000 
2.223100 
2.223200 
2.223800 
2.224000 
2.224000 
2.224500 
2.224800 
2.225100 
2.225300 
2.226300 
2.226800 
2.226900 
2.227000 
2.227300 
2.227500 
2.227800 
2.227900 
2.228000 
2.228100 
2.228400 
2.228600 
2.229400 
2.230300 
2.230900 
2.231400 
2.232500 
2.232700 
2.232800 
2.232900 
2.233000 
2.233300 
2.233500 
2.233900 
2.234400 
2.234500 
2.234700 
2.235100 
2.235300 
2.235400 
2.235900 
2.236100 
2.236400 
2.236700 
2.237600 
2.237600 
2.237700 
2.238500 
2.239200 
2.239300 
2.240000 
2.240700 
2.241200 
2.241800 
2.242000 
2.242300 
2.242400 
2.242800 
2.243000 
2.243100 
2.243100 
2.243900 
2.244100 
2.244600 
2.244700 
2.244700 
2.245300 
2.245700 
2.245800 
2.246100 
2.246200 
2.246600 
2.247100 
2.247400 
2.247500 
2.247600 
2.247700 
2.247900 
2.248700 
2.248900 
2.249200 
2.249400 
2.249900 
2.250000 
2.250900 
2.251500 
2.251900 
2.252100 
2.253100 
2.253400 
2.253700 
2.254400 
2.254400 
2.255100 
2.255400 
2.255500 
2.255500 
2.255600 
2.255800 
2.256000 
2.256300 
2.256400 
2.256500 
2.256700 
2.257200 
2.257900 
2.258000 
2.258200 
2.259200 
2.259500 
2.260500 
2.260500 
2.260600 
2.260700 
2.260800 
2.260800 
2.261600 
2.261800 
2.261900 
2.262000 
2.262500 
2.262600 
2.262900 
2.263400 
2.264400 
2.264800 
2.264800 
2.265100 
2.265200 
2.265300 
2.265600 
2.265800 
2.265900 
2.266000 
2.266800 
2.267400 
2.267500 
2.267500 
2.268000 
2.268400 
2.269100 
2.269800 
2.269900 
2.270400 
2.270800 
2.271200 
2.271300 
2.271500 
2.271600 
2.271700 
2.272900 
2.273600 
2.273800 
2.274000 
2.274200 
2.274200 
2.274900 
2.274900 
2.275000 
2.275100 
2.275300 
2.275700 
2.275900 
2.276300 
2.276400 
2.276800 
2.276900 
2.277000 
2.277100 
2.277400 
2.277400 
2.277500 
2.277800 
2.277800 
2.278000 
2.278100 
2.278500 
2.278700 
2.279400 
2.279600 
2.279700 
2.280200 
2.281100 
2.281100 
2.281200 
2.281300 
2.281400 
2.281500 
2.281800 
2.281900 
2.282200 
2.282400 
2.282400 
2.282500 
2.283000 
2.283000 
2.283100 
2.283500 
2.284200 
2.285000 
2.285100 
2.285100 
2.285400 
2.285600 
2.285700 
2.287000 
2.287200 
2.287400 
2.287800 
2.288400 
2.288500 
2.288800 
2.289300 
2.290400 
2.290600 
2.291700 
2.291800 
2.292300 
2.292300 
2.292400 
2.293200 
2.293300 
2.293300 
2.293700 
2.294400 
2.295300 
2.295400 
2.295900 
2.296800 
2.297300 
2.297800 
2.297800 
2.298000 
2.298100 
2.298100 
2.298800 
2.298900 
2.299200 
2.300300 
2.301200 
2.301400 
2.301500 
2.301600 
2.301600 
2.301700 
2.303200 
2.304700 
2.304800 
2.304900 
2.305000 
2.305200 
2.305500 
2.305600 
2.306100 
2.306200 
2.307000 
2.307200 
2.307400 
2.307900 
2.308000 
2.308300 
2.308500 
2.308800 
2.309600 
2.309700 
2.310600 
2.311000 
2.311900 
2.312300 
2.312600 
2.313100 
2.313400 
2.313900 
2.314000 
2.314000 
2.314300 
2.314400 
2.314500 
2.315000 
2.315100 
2.315600 
2.315600 
2.315800 
2.316800 
2.317000 
2.317900 
2.318000 
2.318100 
2.318200 
2.318600 
2.318900 
2.319400 
2.319500 
2.320500 
2.321100 
2.322200 
2.322600 
2.323300 
2.323700 
2.323900 
2.323900 
2.324000 
2.324200 
2.324500 
2.324600 
2.324700 
2.326000 
2.326500 
2.326600 
2.326700 
2.327100 
2.327100 
2.327200 
2.327300 
2.327400 
2.327700 
2.327800 
2.328200 
2.328400 
2.328900 
2.329100 
2.329300 
2.329400 
2.330600 
2.331000 
2.331100 
2.331400 
2.331800 
2.331800 
2.332000 
2.332700 
2.333000 
2.333100 
2.333200 
2.333200 
2.333600 
2.333900 
2.334500 
2.334800 
2.335600 
2.335900 
2.336000 
2.336000 
2.337300 
2.338000 
2.338200 
2.338700 
2.339500 
2.339800 
2.340400 
2.340500 
2.341000 
2.341400 
2.341600 
2.342000 
2.342100 
2.342300 
2.342500 
2.343000 
2.343400 
2.343400 
2.343400 
2.343500 
2.343800 
2.344000 
2.344600 
2.344700 
2.344900 
2.344900 
2.344900 
2.345300 
2.345400 
2.345400 
2.345500 
2.345700 
2.346600 
2.346900 
2.346900 
2.347300 
2.347700 
2.347800 
2.347800 
2.348800 
2.349000 
2.349100 
2.349200 
2.349200 
2.349800 
2.350100 
2.350300 
2.350400 
2.350500 
2.350600 
2.350700 
2.351400 
2.351600 
2.352400 
2.352800 
2.353200 
2.353300 
2.353600 
2.353800 
2.354400 
2.354500 
2.354900 
2.354900 
2.355500 
2.355500 
2.356500 
2.356500 
2.356700 
2.356700 
2.356900 
2.357100 
2.357300 
2.358200 
2.358900 
2.360400 
2.360400 
2.360600 
2.360600 
2.360700 
2.361300 
2.362000 
2.362300 
2.362400 
2.362500 
2.362900 
2.363200 
2.363300 
2.363500 
2.363600 
2.363700 
2.364200 
2.364600 
2.364900 
2.365000 
2.365100 
2.365300 
2.365400 
2.365900 
2.366400 
2.366700 
2.366900 
2.368000 
2.368300 
2.368600 
2.368600 
2.369200 
2.369400 
2.369600 
2.370100 
2.371000 
2.371100 
2.371800 
2.371800 
2.372800 
2.373000 
2.373100 
2.373100 
2.373300 
2.373600 
2.373700 
2.373800 
2.373900 
2.374300 
2.374600 
2.374800 
2.375000 
2.375300 
2.375600 
2.376700 
2.376800 
2.378000 
2.378300 
2.378500 
2.378700 
2.379000 
2.379000 
2.380500 
2.381500 
2.381500 
2.381600 
2.382000 
2.382200 
2.382800 
2.383100 
2.384800 
2.384900 
2.385200 
2.385300 
2.385400 
2.385500 
2.387000 
2.387000 
2.387300 
2.388200 
2.388300 
2.388900 
2.389500 
2.389600 
2.390000 
2.390300 
2.391600 
2.391800 
2.392300 
2.392900 
2.394100 
2.394700 
2.395200 
2.395400 
2.395600 
2.396400 
2.397000 
2.397300 
2.397500 
2.398600 
2.398900 
2.399000 
2.400600 
2.400900 
2.401000 
2.401100 
2.401800 
2.402100 
2.402400 
2.402900 
2.403000 
2.403100 
2.403100 
2.403200 
2.403300 
2.403400 
2.403700 
2.403900 
2.403900 
2.404500 
2.405600 
2.406000 
2.406000 
2.406300 
2.407000 
2.407300 
2.407500 
2.410000 
2.410500 
2.411300 
2.412200 
2.412200 
2.412500 
2.412700 
2.413700 
2.413900 
2.414100 
2.414500 
2.415500 
2.415600 
2.415800 
2.416100 
2.416100 
2.416700 
2.417500 
2.417500 
2.418400 
2.418900 
2.420000 
2.420200 
2.420200 
2.420300 
2.420300 
2.420500 
2.420700 
2.421500 
2.422400 
2.422400 
2.422500 
2.422500 
2.422600 
2.422700 
2.423100 
2.423300 
2.423400 
2.423500 
2.423600 
2.424000 
2.424100 
2.424600 
2.424800 
2.425300 
2.425600 
2.426300 
2.426400 
2.426700 
2.426800 
2.426800 
2.427900 
2.428500 
2.429300 
2.429400 
2.429500 
2.430300 
2.431000 
2.431000 
2.431500 
2.431600 
2.432200 
2.432600 
2.432800 
2.433000 
2.433800 
2.434000 
2.434400 
2.434500 
2.435300 
2.435800 
2.436900 
2.437300 
2.437400 
2.437700 
2.437700 
2.437900 
2.438700 
2.438800 
2.438900 
2.439200 
2.439900 
2.440300 
2.440500 
2.440600 
2.440600 
2.441000 
2.441600 
2.441800 
2.441900 
2.442000 
2.442200 
2.442400 
2.442600 
2.442600 
2.443200 
2.443200 
2.443300 
2.443400 
2.443700 
2.445200 
2.445200 
2.445400 
2.445500 
2.445500 
2.445600 
2.445800 
2.446800 
2.446900 
2.446900 
2.447100 
2.447100 
2.447800 
2.448500 
2.448600 
2.448900 
2.449700 
2.449800 
2.450400 
2.450500 
2.451200 
2.451300 
2.451900 
2.452200 
2.452400 
2.452500 
2.452700 
2.452800 
2.453000 
2.453100 
2.453100 
2.453400 
2.453400 
2.453500 
2.453500 
2.454200 
2.454300 
2.455300 
2.455800 
2.456000 
2.456500 
2.457800 
2.458300 
2.459200 
2.459500 
2.459600 
2.459800 
2.460600 
2.460800 
2.461100 
2.462300 
2.462500 
2.462600 
2.462800 
2.463200 
2.463400 
2.464000 
2.464400 
2.464600 
2.465200 
2.465200 
2.466300 
2.466800 
2.466900 
2.467000 
2.467000 
2.467400 
2.467800 
2.468000 
2.468400 
2.468400 
2.468700 
2.469200 
2.469300 
2.469600 
2.469700 
2.470000 
2.470300 
2.470600 
2.470700 
2.470700 
2.471100 
2.471400 
2.471500 
2.471700 
2.471900 
2.472100 
2.472100 
2.472300 
2.472400 
2.473900 
2.473900 
2.474000 
2.474000 
2.474200 
2.474200 
2.474400 
2.474800 
2.475100 
2.475200 
2.476000 
2.476300 
2.476600 
2.476700 
2.476700 
2.476700 
2.478400 
2.478700 
2.479300 
2.479500 
2.480000 
2.480100 
2.480400 
2.480500 
2.482100 
2.482400 
2.483000 
2.484200 
2.484700 
2.485000 
2.485500 
2.485800 
2.486800 
2.487500 
2.487500 
2.487900 
2.488000 
2.488000 
2.488200 
2.488300 
2.488600 
2.489000 
2.489300 
2.489300 
2.489800 
2.490400 
2.490800 
2.491000 
2.491000 
2.491300 
2.491500 
2.491700 
2.491700 
2.491800 
2.492000 
2.492000 
2.492400 
2.492500 
2.492800 
2.493000 
2.493300 
2.493500 
2.493600 
2.493800 
2.494100 
2.494500 
2.494600 
2.494600 
2.495100 
2.495500 
2.495700 
2.496400 
2.496700 
2.497000 
2.497100 
2.497700 
2.497800 
2.497800 
2.498000 
2.498000 
2.498300 
2.498500 
2.499800 
2.499900 
2.500200 
2.500300 
2.501800 
2.502300 
2.502400 
2.502700 
2.502800 
2.503000 
2.503600 
2.503800 
2.504100 
2.504200 
2.504600 
2.504700 
2.505000 
2.505400 
2.506400 
2.507100 
2.507400 
2.507500 
2.508100 
2.508800 
2.509000 
2.509200 
2.510400 
2.510400 
2.512100 
2.512600 
2.512900 
2.513100 
2.513200 
2.514400 
2.514400 
2.514700 
2.514900 
2.515400 
2.515600 
2.515600 
2.516800 
2.517000 
2.517600 
2.517900 
2.518000 
2.518500 
2.518900 
2.519200 
2.519300 
2.520900 
2.521200 
2.522100 
2.522600 
2.523200 
2.523600 
2.523700 
2.523800 
2.524200 
2.524400 
2.524600 
2.524900 
2.524900 
2.525200 
2.525200 
2.525500 
2.526300 
2.526300 
2.526400 
2.526600 
2.526800 
2.527000 
2.527800 
2.528300 
2.529000 
2.529300 
2.529600 
2.529600 
2.530200 
2.531200 
2.531500 
2.532300 
2.532400 
2.532400 
2.532900 
2.532900 
2.533100 
2.534400 
2.534900 
2.535400 
2.535600 
2.535800 
2.536100 
2.538200 
2.538700 
2.538900 
2.539200 
2.539200 
2.539200 
2.540900 
2.541200 
2.541600 
2.541600 
2.542600 
2.542700 
2.542900 
2.543000 
2.543600 
2.543800 
2.544100 
2.544700 
2.544800 
2.545200 
2.545300 
2.545800 
2.546300 
2.546500 
2.546800 
2.546900 
2.547800 
2.547900 
2.548300 
2.548800 
2.548900 
2.549200 
2.549300 
2.549300 
2.549400 
2.549500 
2.549500 
2.549500 
2.549800 
2.550700 
2.550700 
2.551200 
2.551600 
2.552200 
2.552300 
2.552600 
2.552800 
2.552800 
2.552900 
2.553000 
2.553600 
2.553800 
2.554400 
2.555400 
2.555400 
2.555500 
2.555500 
2.555700 
2.555900 
2.556500 
2.556600 
2.557000 
2.557000 
2.557300 
2.557500 
2.558300 
2.559200 
2.559800 
2.560000 
2.560000 
2.560100 
2.560700 
2.561100 
2.561300 
2.561300 
2.561600 
2.561700 
2.562300 
2.562300 
2.563000 
2.563200 
2.563800 
2.564000 
2.564400 
2.564500 
2.564900 
2.564900 
2.565400 
2.565600 
2.565900 
2.565900 
2.566100 
2.566300 
2.567000 
2.567300 
2.567500 
2.567800 
2.567900 
2.567900 
2.568300 
2.568500 
2.568900 
2.569100 
2.569200 
2.569500 
2.569900 
2.569900 
2.570000 
2.570300 
2.570700 
2.570700 
2.570900 
2.571000 
2.571100 
2.571600 
2.571700 
2.571800 
2.572100 
2.572100 
2.572100 
2.573200 
2.573600 
2.574100 
2.575700 
2.575900 
2.576200 
2.576500 
2.576500 
2.576700 
2.577200 
2.577300 
2.577400 
2.578100 
2.578200 
2.578200 
2.579200 
2.579300 
2.579400 
2.580900 
2.580900 
2.581000 
2.581000 
2.581900 
2.582100 
2.582600 
2.584000 
2.584100 
2.584700 
2.585300 
2.585700 
2.585800 
2.585900 
2.587300 
2.587800 
2.588400 
2.588800 
2.588900 
2.589200 
2.589500 
2.589600 
2.590200 
2.590800 
2.591400 
2.591700 
2.592100 
2.592200 
2.593400 
2.593600 
2.594500 
2.594700 
2.594800 
2.595100 
2.595300 
2.595700 
2.595700 
2.596000 
2.596300 
2.596600 
2.597200 
2.597300 
2.597400 
2.597800 
2.598500 
2.598500 
2.598700 
2.599200 
2.599500 
2.599700 
2.600200 
2.600600 
2.600700 
2.601000 
2.601000 
2.602300 
2.602500 
2.602600 
2.602600 
2.603400 
2.603700 
2.604200 
2.604400 
2.604900 
2.605600 
2.606900 
2.607000 
2.607100 
2.607700 
2.608100 
2.608200 
2.609900 
2.610200 
2.610500 
2.610700 
2.611000 
2.611000 
2.611200 
2.611300 
2.611300 
2.611500 
2.611800 
2.611800 
2.611900 
2.612100 
2.612100 
2.612100 
2.612800 
2.613000 
2.613300 
2.613600 
2.613900 
2.614300 
2.614300 
2.614600 
2.614700 
2.615000 
2.616000 
2.616300 
2.616500 
2.616600 
2.616700 
2.616700 
2.616800 
2.616900 
2.617800 
2.618100 
2.618500 
2.618500 
2.619200 
2.619300 
2.620200 
2.620300 
2.621100 
2.621200 
2.621500 
2.621800 
2.622400 
2.622500 
2.623100 
2.623700 
2.623800 
2.623800 
2.623900 
2.624100 
2.624700 
2.625500 
2.626500 
2.627000 
2.627400 
2.627900 
2.628800 
2.629100 
2.629300 
2.629600 
2.630400 
2.631100 
2.631800 
2.631900 
2.632000 
2.632100 
2.632300 
2.633000 
2.633300 
2.633300 
2.633400 
2.633600 
2.634600 
2.634700 
2.634700 
2.634800 
2.634800 
2.635100 
2.635200 
2.635700 
2.635800 
2.636100 
2.636300 
2.636300 
2.636500 
2.637400 
2.637500 
2.637600 
2.638500 
2.638500 
2.638700 
2.638800 
2.638900 
2.639000 
2.640100 
2.640400 
2.641400 
2.641400 
2.641800 
2.642400 
2.642600 
2.643200 
2.643300 
2.644200 
2.644500 
2.645100 
2.645200 
2.645900 
2.646800 
2.647000 
2.648500 
2.648600 
2.649100 
2.649200 
2.649700 
2.650400 
2.650800 
2.650800 
2.651100 
2.651500 
2.651600 
2.652100 
2.652600 
2.652700 
2.653500 
2.653800 
2.654100 
2.654400 
2.654500 
2.654600 
2.654600 
2.655700 
2.656400 
2.656600 
2.657000 
2.657100 
2.657700 
2.657800 
2.659000 
2.659100 
2.659300 
2.659400 
2.659800 
2.659800 
2.660200 
2.660900 
2.662100 
2.662200 
2.662200 
2.662500 
2.662800 
2.663000 
2.663700 
2.663900 
2.664000 
2.664200 
2.664200 
2.664600 
2.665700 
2.666100 
2.666400 
2.666500 
2.666500 
2.666900 
2.667300 
2.668800 
2.669800 
2.671000 
2.671300 
2.671300 
2.671400 
2.671500 
2.671600 
2.671700 
2.671800 
2.671900 
2.672200 
2.672300 
2.672500 
2.672500 
2.673000 
2.673500 
2.674800 
2.675700 
2.675700 
2.676400 
2.676500 
2.677000 
2.677100 
2.677300 
2.677500 
2.678400 
2.678700 
2.679100 
2.679900 
2.679900 
2.680000 
2.680100 
2.680300 
2.680700 
2.680900 
2.681000 
2.681200 
2.681800 
2.681900 
2.682200 
2.682800 
2.683700 
2.683900 
2.684600 
2.684900 
2.685900 
2.686000 
2.686500 
2.686600 
2.687300 
2.687300 
2.687400 
2.687600 
2.687600 
2.688200 
2.688600 
2.688700 
2.689100 
2.689200 
2.689800 
2.689900 
2.690500 
2.691000 
2.691000 
2.691300 
2.691700 
2.692000 
2.692500 
2.692600 
2.692800 
2.693000 
2.693200 
2.693600 
2.693600 
2.693900 
2.694500 
2.694700 
2.694800 
2.695200 
2.696400 
2.696700 
2.697000 
2.697100 
2.697200 
2.698100 
2.698100 
2.698300 
2.699100 
2.699800 
2.700300 
2.700500 
2.700900 
2.701700 
2.701800 
2.702600 
2.704100 
2.704300 
2.705500 
2.706100 
2.706100 
2.706600 
2.706900 
2.706900 
2.707200 
2.707500 
2.707600 
2.707900 
2.707900 
2.708300 
2.708900 
2.709100 
2.709500 
2.710000 
2.710600 
2.710700 
2.710700 
2.711300 
2.711500 
2.711700 
2.711800 
2.712900 
2.713700 
2.713800 
2.714000 
2.714400 
2.714800 
2.714900 
2.715200 
2.715300 
2.715300 
2.715400 
2.715900 
2.715900 
2.716100 
2.716200 
2.716700 
2.717400 
2.717400 
2.717500 
2.718100 
2.718500 
2.718500 
2.718600 
2.719100 
2.719200 
2.719200 
2.720500 
2.720600 
2.721600 
2.722300 
2.723700 
2.724800 
2.724800 
2.725100 
2.725100 
2.725300 
2.726100 
2.726500 
2.726900 
2.726900 
2.728300 
2.728500 
2.728600 
2.729000 
2.729200 
2.729300 
2.729800 
2.729900 
2.730100 
2.730800 
2.730800 
2.732000 
2.732600 
2.733100 
2.733100 
2.733600 
2.734700 
2.735300 
2.735600 
2.736600 
2.736600 
2.736600 
2.736700 
2.736800 
2.737000 
2.737200 
2.737400 
2.737700 
2.737700 
2.738300 
2.738500 
2.739000 
2.739600 
2.739700 
2.739900 
2.740100 
2.740100 
2.740300 
2.740500 
2.740700 
2.742100 
2.742400 
2.743500 
2.744200 
2.744500 
2.744700 
2.745400 
2.745500 
2.746400 
2.746900 
2.747100 
2.747800 
2.748400 
2.748600 
2.748700 
2.749000 
2.749100 
2.749700 
2.750600 
2.751100 
2.751400 
2.752100 
2.752300 
2.752500 
2.752600 
2.752900 
2.753100 
2.753200 
2.753300 
2.753600 
2.753700 
2.754000 
2.754300 
2.754800 
2.755100 
2.756100 
2.756200 
2.756300 
2.756400 
2.757000 
2.757200 
2.757400 
2.758800 
2.759100 
2.759200 
2.759800 
2.759800 
2.759800 
2.760000 
2.760200 
2.760400 
2.761000 
2.761200 
2.761900 
2.762000 
2.762200 
2.762300 
2.762700 
2.764300 
2.764400 
2.765500 
2.765600 
2.765900 
2.766100 
2.766200 
2.766800 
2.767600 
2.767600 
2.767800 
2.767900 
2.769900 
2.770300 
2.770400 
2.770600 
2.770800 
2.771200 
2.771900 
2.772200 
2.773200 
2.773200 
2.773600 
2.775100 
2.775100 
2.777200 
2.777600 
2.778700 
2.779400 
2.779400 
2.779600 
2.779900 
2.780200 
2.780300 
2.780700 
2.780800 
2.780900 
2.781500 
2.781700 
2.781900 
2.782700 
2.783000 
2.783300 
2.783400 
2.783800 
2.784200 
2.784200 
2.784400 
2.786100 
2.786400 
2.786700 
2.787100 
2.787200 
2.787500 
2.787800 
2.789000 
2.789600 
2.789700 
2.789800 
2.790800 
2.791100 
2.791200 
2.791500 
2.791700 
2.791900 
2.792300 
2.792300 
2.792800 
2.792900 
2.793200 
2.793600 
2.793800 
2.794300 
2.794700 
2.795000 
2.795300 
2.795300 
2.795600 
2.795900 
2.796000 
2.796400 
2.796700 
2.796900 
2.797500 
2.798100 
2.798400 
2.798800 
2.799700 
2.800000 
2.800400 
2.801700 
2.802200 
2.802300 
2.802400 
2.802600 
2.803600 
2.803600 
2.803700 
2.803800 
2.804000 
2.804000 
2.805600 
2.805700 
2.805800 
2.806300 
2.806300 
2.806400 
2.806400 
2.806500 
2.806800 
2.806900 
2.807200 
2.807300 
2.807700 
2.807900 
2.808100 
2.808200 
2.808300 
2.808600 
2.809200 
2.809200 
2.809600 
2.810000 
2.810300 
2.810500 
2.810900 
2.811000 
2.811000 
2.811500 
2.811900 
2.812000 
2.812900 
2.813000 
2.813200 
2.813400 
2.814000 
2.814500 
2.814700 
2.815500 
2.816400 
2.817100 
2.817200 
2.818300 
2.818400 
2.818500 
2.818800 
2.819300 
2.819600 
2.819700 
2.820500 
2.820900 
2.821200 
2.821300 
2.821600 
2.821800 
2.821800 
2.822000 
2.822100 
2.822700 
2.823100 
2.823100 
2.823400 
2.824000 
2.824300 
2.824400 
2.824700 
2.824800 
2.825100 
2.825200 
2.825500 
2.825600 
2.825700 
2.826200 
2.826700 
2.826700 
2.826900 
2.827800 
2.828700 
2.828700 
2.828900 
2.829200 
2.829400 
2.829800 
2.830200 
2.830200 
2.830300 
2.830400 
2.830500 
2.830600 
2.830700 
2.830800 
2.831100 
2.833500 
2.833800 
2.833900 
2.834600 
2.835000 
2.835300 
2.835300 
2.835400 
2.835500 
2.835500 
2.835500 
2.835600 
2.836000 
2.836100 
2.837000 
2.837100 
2.837300 
2.837300 
2.837500 
2.837700 
2.837700 
2.838300 
2.838400 
2.838600 
2.838900 
2.839100 
2.839100 
2.839400 
2.839400 
2.839600 
2.840100 
2.840600 
2.840700 
2.840800 
2.841100 
2.841100 
2.841300 
2.842700 
2.843000 
2.843900 
2.844000 
2.844100 
2.844300 
2.844600 
2.844700 
2.845000 
2.845100 
2.845600 
2.846100 
2.846500 
2.847200 
2.847200 
2.847500 
2.847700 
2.848000 
2.848200 
2.848300 
2.849400 
2.849500 
2.849600 
2.849700 
2.850600 
2.851300 
2.851500 
2.851700 
2.852200 
2.852300 
2.852500 
2.852900 
2.852900 
2.853000 
2.853500 
2.853900 
2.853900 
2.854000 
2.854500 
2.855500 
2.855600 
2.855700 
2.855700 
2.856500 
2.856700 
2.856900 
2.857400 
2.857900 
2.857900 
2.858000 
2.858000 
2.858300 
2.858800 
2.858900 
2.859000 
2.859100 
2.859500 
2.860200 
2.860400 
2.860600 
2.860700 
2.861200 
2.861500 
2.861700 
2.862000 
2.862800 
2.863000 
2.863100 
2.863500 
2.864600 
2.864800 
2.865000 
2.865000 
2.865300 
2.865700 
2.865900 
2.866000 
2.867200 
2.867700 
2.868200 
2.868700 
2.868700 
2.869100 
2.869200 
2.869600 
2.870400 
2.871500 
2.871800 
2.871800 
2.872600 
2.873100 
2.873800 
2.874200 
2.874700 
2.874800 
2.875600 
2.875900 
2.876100 
2.876100 
2.877000 
2.877000 
2.877100 
2.877600 
2.877700 
2.878100 
2.878500 
2.879300 
2.879400 
2.879400 
2.879500 
2.879700 
2.879800 
2.879800 
2.879900 
2.880000 
2.880000 
2.880100 
2.880500 
2.880600 
2.880600 
2.880700 
2.880700 
2.880900 
2.881200 
2.881200 
2.881300 
2.881400 
2.882000 
2.882200 
2.882800 
2.883200 
2.883200 
2.883700 
2.883700 
2.883900 
2.884800 
2.885100 
2.885100 
2.885200 
2.885500 
2.885900 
2.886400 
2.886700 
2.886900 
2.887000 
2.887000 
2.887200 
2.888700 
2.889700 
2.889800 
2.889900 
2.890200 
2.890600 
2.890600 
2.890600 
2.891100 
2.891200 
2.891400 
2.891900 
2.892200 
2.892400 
2.892400 
2.892600 
2.892700 
2.893200 
2.893300 
2.893600 
2.893800 
2.894300 
2.895800 
2.896500 
2.896700 
2.896900 
2.897600 
2.897600 
2.897600 
2.897700 
2.898400 
2.900000 
2.900600 
2.900700 
2.900800 
2.901200 
2.901600 
2.901800 
2.902400 
2.902800 
2.902900 
2.903000 
2.903500 
2.903700 
2.903800 
2.904200 
2.904400 
2.904600 
2.904800 
2.904900 
2.905100 
2.905200 
2.905500 
2.907000 
2.907200 
2.907300 
2.907500 
2.908000 
2.908300 
2.909000 
2.909100 
2.909100 
2.909200 
2.909200 
2.909300 
2.909500 
2.909700 
2.909800 
2.910600 
2.911100 
2.911600 
2.911600 
2.912100 
2.912600 
2.912700 
2.912800 
2.912900 
2.913100 
2.913600 
2.913700 
2.914100 
2.914500 
2.914800 
2.914900 
2.915200 
2.915200 
2.915400 
2.916000 
2.916100 
2.916400 
2.918600 
2.918800 
2.919200 
2.919300 
2.919400 
2.920200 
2.920300 
2.920500 
2.921100 
2.921300 
2.921600 
2.922000 
2.922500 
2.923300 
2.923600 
2.923900 
2.923900 
2.924000 
2.924100 
2.924800 
2.925400 
2.925700 
2.925800 
2.925800 
2.925800 
2.925900 
2.926400 
2.926600 
2.926600 
2.926600 
2.926600 
2.927100 
2.927200 
2.927200 
2.927800 
2.927800 
2.928400 
2.928400 
2.928400 
2.928800 
2.928800 
2.928900 
2.929600 
2.930000 
2.930200 
2.930300 
2.930300 
2.930500 
2.930800 
2.931300 
2.932000 
2.932800 
2.933300 
2.933500 
2.933500 
2.933600 
2.933700 
2.933800 
2.933900 
2.934200 
2.934500 
2.934600 
2.934700 
2.936000 
2.936000 
2.936100 
2.936200 
2.936700 
2.936900 
2.937000 
2.937100 
2.937300 
2.937700 
2.937800 
2.937900 
2.938600 
2.939000 
2.939000 
2.939200 
2.940000 
2.940100 
2.940400 
2.940400 
2.941100 
2.941800 
2.942100 
2.942500 
2.942500 
2.942600 
2.942900 
2.943300 
2.943900 
2.944300 
2.945400 
2.945700 
2.946700 
2.947700 
2.947800 
2.947900 
2.948100 
2.948200 
2.949000 
2.949600 
2.949900 
2.950000 
2.950600 
2.950600 
2.950600 
2.950700 
2.951300 
2.952500 
2.952600 
2.952700 
2.952900 
2.953000 
2.953800 
2.954100 
2.954400 
2.954500 
2.954500 
2.954600 
2.954800 
2.955000 
2.955100 
2.955200 
2.955200 
2.955400 
2.955500 
2.956100 
2.956500 
2.956600 
2.956600 
2.956900 
2.957100 
2.957100 
2.957400 
2.957600 
2.957700 
2.957800 
2.957800 
2.960200 
2.960300 
2.960300 
2.960400 
2.960500 
2.960800 
2.961100 
2.962000 
2.962100 
2.962200 
2.962300 
2.963000 
2.963200 
2.963200 
2.963700 
2.963900 
2.964000 
2.964000 
2.964200 
2.964400 
2.964400 
2.964500 
2.964500 
2.964700 
2.965100 
2.965700 
2.965900 
2.965900 
2.966000 
2.966200 
2.966300 
2.966300 
2.966400 
2.966600 
2.966700 
2.966800 
2.967100 
2.967100 
2.967200 
2.967200 
2.967600 
2.967800 
2.968500 
2.968500 
2.968500 
2.968700 
2.969500 
2.969600 
2.969600 
2.970800 
2.971000 
2.972100 
2.972200 
2.972400 
2.972500 
2.973200 
2.974900 
2.975000 
2.975100 
2.975200 
2.975600 
2.975700 
2.977800 
2.978900 
2.979900 
2.980400 
2.980600 
2.981300 
2.982300 
2.982400 
2.982800 
2.983100 
2.983700 
2.984800 
2.985000 
2.985600 
2.985600 
2.986300 
2.986400 
2.986400 
2.987400 
2.987600 
2.987900 
2.987900 
2.988400 
2.988500 
2.988800 
2.989000 
2.989800 
2.989900 
2.990000 
2.990300 
2.990400 
2.990500 
2.990600 
2.991200 
2.991200 
2.991300 
2.991500 
2.991600 
2.992700 
2.992800 
2.993000 
2.994000 
2.994100 
2.994200 
2.994400 
2.995300 
2.995300 
2.995600 
2.995800 
2.996600 
2.996700 
2.997100 
2.998300 
2.998600 
2.999800 
