445 
258 
1131 
471 
371 
74 
192 
692 
284 
621 
899 
608 
747 
746 
767 
365 
894 
1 
1178 
982 
179 
908 
435 
1038 
709 
227 
895 
943 
1023 
645 
1156 
327 
213 
629 
958 
217 
337 
721 
569 
65 
544 
1068 
950 
524 
193 
405 
429 
69 
779 
479 
921 
24 
860 
796 
402 
583 
517 
1019 
541 
129 
478 
422 
588 
938 
468 
840 
521 
156 
1191 
409 
390 
466 
873 
659 
944 
744 
77 
1036 
1102 
282 
859 
268 
463 
397 
877 
434 
96 
1177 
958 
738 
465 
943 
983 
307 
69 
349 
817 
730 
754 
1101 
113 
578 
264 
486 
1024 
495 
151 
927 
1028 
420 
345 
721 
136 
276 
1081 
162 
86 
115 
1104 
1204 
190 
1090 
681 
1068 
84 
1002 
405 
557 
50 
1111 
1065 
796 
735 
216 
641 
749 
1178 
731 
694 
568 
1000 
182 
608 
485 
456 
562 
193 
729 
938 
1130 
870 
83 
465 
963 
700 
620 
790 
723 
60 
1075 
1176 
706 
588 
944 
268 
173 
276 
1051 
1217 
315 
895 
599 
373 
955 
327 
716 
313 
619 
392 
49 
1111 
1094 
461 
920 
669 
440 
48 
141 
72 
330 
1104 
598 
385 
732 
411 
420 
371 
762 
244 
611 
421 
1084 
19 
586 
450 
565 
840 
29 
1078 
112 
490 
1049 
763 
938 
280 
1178 
478 
556 
948 
369 
1227 
1000 
27 
319 
1160 
1164 
954 
608 
1181 
857 
508 
1015 
184 
626 
159 
988 
383 
703 
61 
1007 
560 
544 
871 
1216 
803 
382 
467 
1234 
856 
891 
346 
1217 
1094 
882 
574 
821 
746 
1036 
131 
525 
899 
1086 
244 
8 
512 
583 
104 
211 
599 
578 
646 
147 
216 
621 
112 
1004 
561 
1136 
820 
807 
173 
146 
453 
463 
913 
1104 
708 
803 
679 
876 
369 
133 
957 
268 
49 
867 
473 
988 
235 
890 
703 
951 
980 
152 
311 
990 
115 
468 
346 
692 
130 
24 
567 
881 
735 
911 
928 
716 
241 
938 
659 
908 
485 
788 
132 
478 
1039 
400 
131 
884 
1213 
251 
90 
1154 
15 
1232 
486 
675 
678 
1000 
1148 
337 
1057 
754 
36 
42 
406 
28 
156 
1123 
1068 
491 
1149 
392 
824 
177 
1136 
407 
891 
212 
493 
943 
172 
1150 
371 
783 
425 
587 
1090 
137 
588 
72 
955 
267 
195 
453 
147 
545 
1212 
616 
760 
566 
74 
871 
1155 
733 
129 
919 
1160 
490 
979 
543 
811 
468 
727 
1151 
544 
1044 
308 
429 
309 
858 
327 
406 
1077 
949 
928 
936 
227 
193 
679 
112 
1144 
942 
853 
367 
22 
753 
596 
516 
9 
563 
504 
223 
141 
216 
1169 
599 
2 
1022 
1007 
938 
434 
276 
609 
1106 
1068 
345 
341 
586 
174 
1136 
790 
791 
922 
14 
873 
1015 
373 
8 
492 
735 
644 
27 
1137 
327 
1104 
409 
1051 
904 
74 
556 
895 
380 
450 
636 
109 
923 
1024 
454 
1220 
943 
177 
586 
17 
364 
448 
314 
713 
30 
78 
356 
150 
490 
828 
86 
1086 
284 
1011 
237 
21 
1155 
1204 
1094 
401 
1042 
22 
104 
497 
748 
906 
558 
819 
550 
749 
616 
430 
1015 
486 
1164 
279 
327 
636 
449 
938 
376 
1040 
478 
993 
879 
1077 
36 
606 
800 
1199 
188 
922 
468 
469 
421 
369 
675 
1165 
112 
130 
820 
1208 
1090 
373 
1038 
217 
762 
600 
632 
267 
803 
816 
990 
1191 
1157 
921 
753 
1039 
1111 
60 
461 
1104 
1024 
828 
510 
1035 
428 
1156 
1137 
1098 
361 
1234 
3 
1149 
412 
847 
1086 
557 
889 
406 
541 
268 
1160 
12 
523 
440 
659 
245 
563 
444 
441 
30 
502 
22 
20 
325 
131 
748 
446 
457 
466 
1075 
1048 
998 
1000 
1176 
327 
981 
230 
158 
533 
129 
728 
506 
799 
608 
622 
811 
1068 
1174 
429 
616 
146 
950 
28 
425 
1199 
1051 
906 
1212 
473 
215 
125 
1081 
1053 
499 
805 
416 
497 
278 
794 
156 
25 
149 
68 
679 
905 
551 
939 
1202 
842 
137 
767 
337 
754 
267 
373 
235 
885 
588 
664 
919 
434 
692 
1162 
949 
75 
915 
486 
946 
286 
760 
766 
126 
1115 
1150 
67 
393 
632 
938 
435 
450 
541 
173 
164 
1076 
389 
466 
616 
972 
351 
583 
951 
1213 
167 
468 
678 
725 
829 
372 
130 
544 
1010 
1142 
327 
933 
1105 
72 
736 
712 
452 
672 
122 
359 
21 
194 
811 
979 
1207 
131 
943 
842 
77 
180 
1086 
210 
619 
566 
698 
14 
1174 
550 
470 
244 
85 
146 
908 
674 
1182 
116 
518 
799 
1021 
1015 
821 
112 
479 
1075 
749 
193 
830 
9 
1165 
22 
188 
944 
78 
860 
49 
69 
1009 
1215 
236 
948 
50 
131 
544 
214 
644 
179 
395 
422 
798 
928 
1221 
252 
793 
970 
137 
628 
189 
561 
328 
924 
586 
435 
264 
791 
325 
174 
1111 
327 
449 
957 
1012 
618 
621 
72 
226 
4 
243 
1234 
364 
293 
837 
197 
622 
571 
963 
982 
1169 
800 
1081 
296 
113 
949 
484 
42 
840 
244 
274 
970 
546 
323 
797 
938 
69 
1055 
802 
857 
508 
193 
13 
129 
429 
796 
541 
101 
532 
770 
995 
946 
783 
433 
1109 
1220 
980 
295 
922 
718 
1004 
606 
884 
779 
1156 
586 
877 
316 
909 
490 
1042 
245 
615 
355 
807 
478 
224 
158 
546 
748 
1185 
1036 
733 
934 
798 
697 
327 
938 
638 
998 
288 
702 
693 
961 
1190 
291 
657 
717 
715 
1054 
1070 
944 
655 
850 
1000 
1077 
781 
49 
249 
641 
907 
337 
1158 
129 
409 
707 
837 
1039 
61 
223 
1002 
434 
569 
1212 
558 
1163 
327 
803 
1075 
1202 
705 
1160 
402 
723 
214 
748 
684 
556 
141 
468 
1161 
1109 
567 
426 
286 
1184 
1165 
576 
308 
1182 
455 
501 
797 
112 
778 
830 
23 
561 
851 
1174 
130 
327 
175 
763 
853 
947 
177 
1011 
227 
294 
800 
187 
559 
793 
318 
38 
479 
284 
1137 
243 
967 
448 
1032 
1020 
932 
447 
961 
1136 
197 
938 
446 
396 
747 
755 
1039 
694 
703 
495 
531 
1169 
1053 
533 
681 
956 
923 
245 
1029 
870 
569 
758 
135 
401 
92 
988 
69 
340 
940 
729 
571 
1165 
386 
555 
129 
1092 
950 
586 
644 
360 
753 
1150 
980 
682 
280 
842 
1086 
468 
641 
999 
563 
695 
307 
690 
156 
1037 
167 
775 
818 
380 
1212 
1025 
544 
348 
794 
389 
1102 
70 
241 
490 
14 
299 
215 
702 
372 
735 
1104 
1055 
536 
953 
1185 
497 
172 
373 
1163 
1000 
69 
508 
1183 
637 
840 
502 
678 
949 
289 
762 
145 
693 
327 
565 
796 
460 
1121 
1103 
315 
1075 
173 
325 
274 
227 
1126 
981 
1217 
921 
998 
67 
723 
116 
1152 
729 
755 
343 
316 
400 
398 
112 
484 
779 
976 
927 
178 
104 
922 
821 
211 
479 
280 
1039 
309 
913 
628 
1155 
1166 
906 
980 
1055 
570 
961 
734 
434 
559 
180 
36 
878 
389 
917 
764 
760 
943 
485 
868 
1124 
282 
78 
167 
517 
960 
781 
72 
49 
603 
1115 
938 
769 
401 
13 
1073 
335 
1154 
1160 
286 
560 
222 
1022 
583 
957 
478 
544 
129 
342 
857 
1081 
279 
911 
689 
692 
468 
126 
61 
1052 
678 
90 
435 
163 
241 
793 
1011 
69 
819 
667 
797 
818 
830 
950 
920 
867 
1057 
696 
322 
980 
739 
982 
600 
703 
421 
376 
1042 
21 
1039 
407 
287 
212 
1053 
729 
550 
636 
479 
137 
510 
579 
86 
842 
567 
485 
675 
1191 
708 
390 
1175 
781 
414 
237 
780 
779 
146 
36 
244 
504 
391 
75 
245 
605 
902 
375 
860 
935 
327 
506 
871 
193 
529 
752 
957 
900 
156 
1028 
690 
236 
858 
794 
473 
264 
597 
569 
173 
260 
117 
174 
45 
729 
576 
844 
1038 
1039 
1000 
840 
48 
889 
1232 
542 
49 
728 
1111 
816 
949 
1155 
244 
919 
212 
1055 
511 
746 
15 
803 
445 
1042 
409 
616 
706 
565 
1050 
26 
599 
327 
812 
719 
763 
284 
811 
193 
743 
1025 
246 
667 
180 
569 
227 
747 
468 
717 
769 
493 
490 
734 
373 
1213 
923 
836 
398 
980 
60 
795 
112 
485 
320 
954 
1104 
590 
884 
692 
685 
948 
631 
443 
1075 
289 
716 
891 
606 
688 
1073 
364 
821 
74 
889 
336 
797 
386 
848 
857 
943 
141 
69 
287 
383 
1068 
274 
464 
19 
201 
1011 
200 
586 
251 
919 
1023 
408 
226 
530 
337 
643 
704 
484 
1090 
970 
799 
559 
276 
625 
737 
174 
260 
109 
794 
587 
152 
604 
49 
193 
249 
1048 
1213 
357 
268 
656 
192 
435 
21 
294 
1193 
907 
949 
980 
942 
22 
1077 
873 
25 
1212 
204 
729 
1191 
8 
713 
300 
726 
836 
981 
375 
1178 
50 
106 
149 
227 
1039 
1060 
566 
421 
717 
495 
851 
1186 
763 
351 
950 
795 
325 
196 
223 
77 
544 
92 
984 
1034 
339 
244 
899 
1174 
238 
1234 
116 
1068 
864 
1212 
779 
932 
307 
963 
1075 
728 
1011 
1006 
267 
242 
455 
1109 
228 
643 
485 
587 
1026 
152 
678 
705 
498 
952 
981 
49 
1017 
969 
341 
431 
69 
715 
812 
1154 
881 
511 
394 
447 
943 
1004 
445 
1038 
1043 
130 
1178 
468 
561 
938 
828 
749 
984 
630 
1045 
1103 
959 
320 
688 
1044 
174 
628 
279 
1097 
853 
870 
1177 
525 
164 
348 
344 
432 
137 
72 
616 
1040 
269 
372 
215 
1015 
803 
31 
408 
506 
976 
367 
1023 
1106 
9 
811 
1039 
510 
586 
884 
1136 
821 
558 
226 
760 
125 
142 
799 
873 
700 
622 
486 
478 
774 
1217 
19 
1109 
3 
465 
61 
796 
373 
858 
981 
380 
842 
990 
289 
633 
952 
1169 
793 
162 
448 
77 
791 
949 
655 
339 
329 
327 
924 
570 
244 
234 
466 
1026 
1212 
1192 
1104 
803 
158 
840 
1044 
563 
161 
525 
728 
521 
1122 
608 
1002 
34 
1123 
447 
105 
691 
223 
440 
356 
1078 
918 
792 
990 
1159 
963 
1150 
146 
72 
752 
570 
558 
1156 
434 
325 
456 
1075 
468 
260 
1067 
618 
545 
812 
793 
421 
48 
899 
300 
490 
769 
795 
327 
180 
401 
811 
970 
735 
903 
296 
409 
876 
563 
700 
21 
1155 
203 
721 
940 
407 
135 
1044 
131 
949 
737 
1053 
628 
495 
702 
843 
1169 
821 
616 
541 
84 
627 
1011 
1104 
464 
928 
397 
1136 
380 
675 
643 
42 
593 
760 
435 
1050 
155 
955 
973 
77 
1202 
1123 
473 
162 
726 
933 
588 
1110 
753 
983 
1003 
346 
938 
257 
749 
922 
487 
95 
887 
275 
803 
49 
120 
170 
370 
817 
