0.016800 
0.021400 
0.022800 
0.025600 
0.028800 
0.032600 
0.032900 
0.033400 
0.034300 
0.035900 
0.036800 
0.037800 
0.038800 
0.038900 
0.042000 
0.043600 
0.044900 
0.046000 
0.046200 
0.047700 
0.047700 
0.052600 
0.054300 
0.055600 
0.056100 
0.057700 
0.058400 
0.059300 
0.059300 
0.059700 
0.059800 
0.060100 
0.061300 
0.064200 
0.064800 
0.066200 
0.068900 
0.069100 
0.069100 
0.069800 
0.071900 
0.073100 
0.073700 
0.076100 
0.076400 
0.077300 
0.077300 
0.077900 
0.078100 
0.080600 
0.081700 
0.081700 
0.081700 
0.082800 
0.083400 
0.084900 
0.085000 
0.085400 
0.085500 
0.086100 
0.086200 
0.086400 
0.086800 
0.088000 
0.089100 
0.091000 
0.092900 
0.093100 
0.095100 
0.095200 
0.095500 
0.095600 
0.096500 
0.099400 
0.101900 
0.102400 
0.102600 
0.102800 
0.103100 
0.103500 
0.104900 
0.110200 
0.112000 
0.116300 
0.119000 
0.120200 
0.120400 
0.121100 
0.122400 
0.122400 
0.123100 
0.124200 
0.125300 
0.127500 
0.128000 
0.129300 
0.129800 
0.131700 
0.131800 
0.132400 
0.132700 
0.134000 
0.134500 
0.135200 
0.135400 
0.137800 
0.138100 
0.140900 
0.142800 
0.143100 
0.143400 
0.143600 
0.143900 
0.144400 
0.145100 
0.147000 
0.147200 
0.148500 
0.148900 
0.149200 
0.150400 
0.151100 
0.152200 
0.153300 
0.155700 
0.156200 
0.158000 
0.159600 
0.161200 
0.161500 
0.163200 
0.163200 
0.164400 
0.168300 
0.168700 
0.170200 
0.170400 
0.170600 
0.171900 
0.173400 
0.173600 
0.174200 
0.177700 
0.178000 
0.178900 
0.179400 
0.180100 
0.180500 
0.183300 
0.185000 
0.186800 
0.187300 
0.187700 
0.188300 
0.189600 
0.190100 
0.190900 
0.191500 
0.192200 
0.192500 
0.198500 
0.198600 
0.201000 
0.201900 
0.202800 
0.205000 
0.206100 
0.207300 
0.207800 
0.208300 
0.208600 
0.210100 
0.211500 
0.212800 
0.214300 
0.215100 
0.215300 
0.215500 
0.215800 
0.215900 
0.217800 
0.220800 
0.221900 
0.222000 
0.222300 
0.222700 
0.223700 
0.224500 
0.225600 
0.226800 
0.227400 
0.229600 
0.230500 
0.231200 
0.231500 
0.231700 
0.233200 
0.236200 
0.236600 
0.238300 
0.241700 
0.242600 
0.243100 
0.243200 
0.243900 
0.244000 
0.244700 
0.245600 
0.246100 
0.248200 
0.248500 
0.248800 
0.250900 
0.252700 
0.253900 
0.254400 
0.254800 
0.256800 
0.257700 
0.258200 
0.258500 
0.261600 
0.262100 
0.263100 
0.263800 
0.264200 
0.265300 
0.265500 
0.267100 
0.267200 
0.267500 
0.268200 
0.268500 
0.270500 
0.272300 
0.272300 
0.273000 
0.273600 
0.274400 
0.274600 
0.274900 
0.277600 
0.277800 
0.282400 
0.283800 
0.284700 
0.285800 
0.286200 
0.287400 
0.287500 
0.287600 
0.292000 
0.293400 
0.294400 
0.295700 
0.296300 
0.296700 
0.297000 
0.298500 
0.299000 
0.300700 
0.300900 
0.301200 
0.301600 
0.302200 
0.303700 
0.304100 
0.305300 
0.305500 
0.311200 
0.311900 
0.311900 
0.312300 
0.312500 
0.312900 
0.313900 
0.315000 
0.316400 
0.317800 
0.319500 
0.319500 
0.325200 
0.325700 
0.326100 
0.326800 
0.327700 
0.329900 
0.331800 
0.332900 
0.333100 
0.333500 
0.334400 
0.334800 
0.336500 
0.338100 
0.338700 
0.339000 
0.339000 
0.341300 
0.341500 
0.342000 
0.342800 
0.343000 
0.345400 
0.345800 
0.346700 
0.347500 
0.349400 
0.350700 
0.350800 
0.352100 
0.352600 
0.353600 
0.353600 
0.355100 
0.356700 
0.357400 
0.357900 
0.358100 
0.358900 
0.359200 
0.359600 
0.360600 
0.361400 
0.362800 
0.365300 
0.365300 
0.365800 
0.366000 
0.366300 
0.366400 
0.369000 
0.369500 
0.370200 
0.370400 
0.373400 
0.373500 
0.376700 
0.377500 
0.377900 
0.378100 
0.379200 
0.379500 
0.380500 
0.382200 
0.382400 
0.382900 
0.383400 
0.386600 
0.388100 
0.388400 
0.389300 
0.390600 
0.393100 
0.394000 
0.394300 
0.396900 
0.397600 
0.398200 
0.400100 
0.402300 
0.402600 
0.402600 
0.403100 
0.403100 
0.403900 
0.405200 
0.405800 
0.408000 
0.408700 
0.410500 
0.411900 
0.412700 
0.412800 
0.413100 
0.413500 
0.414200 
0.415300 
0.417200 
0.417500 
0.420800 
0.421000 
0.421100 
0.421700 
0.423000 
0.423800 
0.427000 
0.427800 
0.428400 
0.428600 
0.431400 
0.434400 
0.435900 
0.436100 
0.437100 
0.437600 
0.437700 
0.438800 
0.439100 
0.440100 
0.441900 
0.443300 
0.443900 
0.444500 
0.444500 
0.444600 
0.446600 
0.447800 
0.448900 
0.450400 
0.451600 
0.451900 
0.453400 
0.453600 
0.453800 
0.454100 
0.455900 
0.457400 
0.457500 
0.457800 
0.458200 
0.459300 
0.459700 
0.461200 
0.461400 
0.462000 
0.462300 
0.462400 
0.462900 
0.462900 
0.465400 
0.467700 
0.467800 
0.470800 
0.473900 
0.475200 
0.475900 
0.477100 
0.477500 
0.478600 
0.478700 
0.479800 
0.480200 
0.482600 
0.482700 
0.485700 
0.485800 
0.486900 
0.487500 
0.488600 
0.490000 
0.490200 
0.490900 
0.492200 
0.492800 
0.494700 
0.495700 
0.496100 
0.496800 
0.497300 
0.498800 
0.500200 
0.500900 
0.502100 
0.502900 
0.507300 
0.507700 
0.510100 
0.510200 
0.511200 
0.511800 
0.512500 
0.512700 
0.512800 
0.512800 
0.513000 
0.513100 
0.514100 
0.514400 
0.514800 
0.516400 
0.517100 
0.518500 
0.519300 
0.519700 
0.519900 
0.520200 
0.524500 
0.526800 
0.526900 
0.528700 
0.528800 
0.529500 
0.531100 
0.531600 
0.533500 
0.533600 
0.536400 
0.538000 
0.539600 
0.539900 
0.540200 
0.541500 
0.541600 
0.542100 
0.542300 
0.542600 
0.545500 
0.546300 
0.547500 
0.548200 
0.548900 
0.550400 
0.551200 
0.553600 
0.554600 
0.555800 
0.556100 
0.556200 
0.557200 
0.557400 
0.558800 
0.559300 
0.559700 
0.562700 
0.562700 
0.562700 
0.562800 
0.563100 
0.563600 
0.563800 
0.563900 
0.564100 
0.564700 
0.564700 
0.566000 
0.568700 
0.569100 
0.569600 
0.574400 
0.575400 
0.576900 
0.577200 
0.579900 
0.581700 
0.582300 
0.586200 
0.587100 
0.589300 
0.592300 
0.592300 
0.595900 
0.597200 
0.599300 
0.600900 
0.601600 
0.601800 
0.602600 
0.603600 
0.605000 
0.606200 
0.606400 
0.607600 
0.608700 
0.609800 
0.612500 
0.614000 
0.615400 
0.616300 
0.618000 
0.618400 
0.620000 
0.621300 
0.622800 
0.623300 
0.624300 
0.625600 
0.626200 
0.626500 
0.628600 
0.633400 
0.634000 
0.635300 
0.636800 
0.637300 
0.637400 
0.639800 
0.640900 
0.641000 
0.642800 
0.642800 
0.643600 
0.644500 
0.644900 
0.646600 
0.647000 
0.647100 
0.647600 
0.648800 
0.649700 
0.650400 
0.651500 
0.651500 
0.653200 
0.656600 
0.657300 
0.657600 
0.658300 
0.659200 
0.659300 
0.660800 
0.660800 
0.661600 
0.663000 
0.663100 
0.665000 
0.665900 
0.667300 
0.668300 
0.669100 
0.669300 
0.669800 
0.671700 
0.672000 
0.672600 
0.673300 
0.674000 
0.674400 
0.675900 
0.676400 
0.676800 
0.678900 
0.679100 
0.680400 
0.681300 
0.681800 
0.681900 
0.683500 
0.685600 
0.688100 
0.689400 
0.690000 
0.690100 
0.692000 
0.692600 
0.694500 
0.695400 
0.695600 
0.696700 
0.696900 
0.697600 
0.698600 
0.699400 
0.702100 
0.702700 
0.703100 
0.703200 
0.705300 
0.709300 
0.709500 
0.710800 
0.711300 
0.711300 
0.713200 
0.714800 
0.716600 
0.717100 
0.719800 
0.721200 
0.722500 
0.723700 
0.725500 
0.728600 
0.729400 
0.729600 
0.730700 
0.730800 
0.731100 
0.737800 
0.738700 
0.738900 
0.740400 
0.741200 
0.741700 
0.744000 
0.745300 
0.745800 
0.745800 
0.746200 
0.746400 
0.748300 
0.748900 
0.752800 
0.752900 
0.753200 
0.753600 
0.753700 
0.754500 
0.754600 
0.754800 
0.755200 
0.756400 
0.756600 
0.758000 
0.758700 
0.760600 
0.761200 
0.763100 
0.764800 
0.765800 
0.766500 
0.768000 
0.769000 
0.769100 
0.769900 
0.770500 
0.771000 
0.772300 
0.774300 
0.775700 
0.776700 
0.777600 
0.777900 
0.778400 
0.780700 
0.782700 
0.783200 
0.784100 
0.787000 
0.789500 
0.790200 
0.790500 
0.792800 
0.792900 
0.794700 
0.794800 
0.797600 
0.798400 
0.800200 
0.801000 
0.801100 
0.801500 
0.801800 
0.802400 
0.802900 
0.803700 
0.805100 
0.810700 
0.811200 
0.811700 
0.812000 
0.812200 
0.814200 
0.815200 
0.815400 
0.815600 
0.817000 
0.817000 
0.818200 
0.818400 
0.818900 
0.819900 
0.820900 
0.821200 
0.821800 
0.822800 
0.823000 
0.823300 
0.826000 
0.827200 
0.829500 
0.831000 
0.833300 
0.834300 
0.835500 
0.836800 
0.837000 
0.838800 
0.839800 
0.841800 
0.842200 
0.843000 
0.844100 
0.845400 
0.847800 
0.850200 
0.851000 
0.851500 
0.853300 
0.853600 
0.853900 
0.854200 
0.855100 
0.855400 
0.856300 
0.858800 
0.860700 
0.861900 
0.864400 
0.865300 
0.866800 
0.867300 
0.867400 
0.870000 
0.871100 
0.872500 
0.873700 
0.874100 
0.875800 
0.876100 
0.876700 
0.877600 
0.878500 
0.879100 
0.879400 
0.879600 
0.882200 
0.885500 
0.885500 
0.886000 
0.886300 
0.887900 
0.888000 
0.888100 
0.888600 
0.889000 
0.892400 
0.893000 
0.893600 
0.895600 
0.895600 
0.896800 
0.898000 
0.900500 
0.901000 
0.901200 
0.901600 
0.902100 
0.902100 
0.903200 
0.903800 
0.904700 
0.908700 
0.909300 
0.909700 
0.909800 
0.909900 
0.910400 
0.915000 
0.916600 
0.916700 
0.916800 
0.917000 
0.917900 
0.918200 
0.918900 
0.921100 
0.922400 
0.923600 
0.923700 
0.923800 
0.924700 
0.924700 
0.924900 
0.925100 
0.925400 
0.925900 
0.926100 
0.927900 
0.933000 
0.934200 
0.935300 
0.936100 
0.936900 
0.939300 
0.942200 
0.947200 
0.947700 
0.947800 
0.947800 
0.949500 
0.950200 
0.950600 
0.951300 
0.952400 
0.952700 
0.953200 
0.953300 
0.955200 
0.957200 
0.957900 
0.959300 
0.960000 
0.962400 
0.963400 
0.964700 
0.964700 
0.965400 
0.966500 
0.966500 
0.966600 
0.967900 
0.968000 
0.971100 
0.971400 
0.973500 
0.975800 
0.975800 
0.976200 
0.978400 
0.978700 
0.979300 
0.979800 
0.980700 
0.981200 
0.983600 
0.984300 
0.984500 
0.984700 
0.986600 
0.987100 
0.987100 
0.987400 
0.988100 
0.992700 
0.993000 
0.993900 
0.994400 
0.995000 
0.995700 
0.996700 
1.000100 
1.001100 
1.001700 
1.002900 
1.003100 
1.004100 
1.004700 
1.006100 
1.006100 
1.006600 
1.007000 
1.007200 
1.011700 
1.013300 
1.014400 
1.015200 
1.017300 
1.018000 
1.018700 
1.019500 
1.019600 
1.025800 
1.029600 
1.029700 
1.030200 
1.030700 
1.030700 
1.031200 
1.032000 
1.032300 
1.035000 
1.035300 
1.036100 
1.036700 
1.036900 
1.038300 
1.038800 
1.039400 
1.040500 
1.040800 
1.042200 
1.043300 
1.046200 
1.046600 
1.047800 
1.048600 
1.051400 
1.051800 
1.052300 
1.052500 
1.052600 
1.053300 
1.053800 
1.054400 
1.055200 
1.055700 
1.055700 
1.057300 
1.057500 
1.058100 
1.059800 
1.060000 
1.060700 
1.061300 
1.062900 
1.065700 
1.067400 
1.067400 
1.068700 
1.068700 
1.068800 
1.073400 
1.075300 
1.078900 
1.082300 
1.083200 
1.084200 
1.084400 
1.084500 
1.086000 
1.088500 
1.089700 
1.090400 
1.091700 
1.093200 
1.094100 
1.094300 
1.095000 
1.095700 
1.096200 
1.096700 
1.098100 
1.098200 
1.102500 
1.103800 
1.104200 
1.104900 
1.107700 
1.109000 
1.109600 
1.110400 
1.110500 
1.110900 
1.111900 
1.112100 
1.115600 
1.116900 
1.119200 
1.119500 
1.120800 
1.121400 
1.124700 
1.124900 
1.125300 
1.126700 
1.128200 
1.130400 
1.133200 
1.133800 
1.136000 
1.138200 
1.138500 
1.139700 
1.140000 
1.141200 
1.142100 
1.142700 
1.145500 
1.146900 
1.150100 
1.151400 
1.155500 
1.156900 
1.157000 
1.157300 
1.158700 
1.158800 
1.158900 
1.159400 
1.160200 
1.160800 
1.162500 
1.164900 
1.168000 
1.169100 
1.169300 
1.170500 
1.171300 
1.172200 
1.172800 
1.174800 
1.175700 
1.176300 
1.176300 
1.176900 
1.180000 
1.182000 
1.187000 
1.188700 
1.192100 
1.193000 
1.193600 
1.193700 
1.194900 
1.196000 
1.198000 
1.198300 
1.198400 
1.199300 
1.200700 
1.201800 
1.205100 
1.207000 
1.207600 
1.208300 
1.210200 
1.211000 
1.211700 
1.211700 
1.213500 
1.213900 
1.214800 
1.215800 
1.215800 
1.216700 
1.217600 
1.218000 
1.219000 
1.219400 
1.220500 
1.221000 
1.221000 
1.223600 
1.226700 
1.231200 
1.231800 
1.233800 
1.234900 
1.235100 
1.236300 
1.238600 
1.240300 
1.241100 
1.244500 
1.245000 
1.246600 
1.247000 
1.251500 
1.252500 
1.253200 
1.254100 
1.254100 
1.254300 
1.254600 
1.255300 
1.255800 
1.255900 
1.261100 
1.262100 
1.264100 
1.264600 
1.266100 
1.266900 
1.268200 
1.268200 
1.269700 
1.274100 
1.274200 
1.275100 
1.278400 
1.279500 
1.280100 
1.280600 
1.281600 
1.282100 
1.282500 
1.283100 
1.286600 
1.288100 
1.288800 
1.289100 
1.290100 
1.290400 
1.292700 
1.292900 
1.293900 
1.294200 
1.295100 
1.296100 
1.296200 
1.300100 
1.302000 
1.302400 
1.307100 
1.307200 
1.307900 
1.312700 
1.312700 
1.313200 
1.316700 
1.317200 
1.318700 
1.320600 
1.320600 
1.324200 
1.324300 
1.324800 
1.325700 
1.327200 
1.328900 
1.329100 
1.333300 
1.334000 
1.335400 
1.335900 
1.336400 
1.341100 
1.341500 
1.342100 
1.342500 
1.342800 
1.343100 
1.343300 
1.343500 
1.344100 
1.346000 
1.347200 
1.348600 
1.352200 
1.354700 
1.355200 
1.356300 
1.356500 
1.356800 
1.357700 
1.360300 
1.360600 
1.360700 
1.361800 
1.363700 
1.366700 
1.367300 
1.368100 
1.368200 
1.371400 
1.371700 
1.373700 
1.373900 
1.374200 
1.374800 
1.374900 
1.375900 
1.376000 
1.376400 
1.377200 
1.378200 
1.380900 
1.380900 
1.383200 
1.383800 
1.384900 
1.387300 
1.388000 
1.389200 
1.390100 
1.391900 
1.393000 
1.393100 
1.394400 
1.395000 
1.396100 
1.396300 
1.398000 
1.398000 
1.400100 
1.400400 
1.401300 
1.402400 
1.404200 
1.404900 
1.405800 
1.407900 
1.410000 
1.413200 
1.414200 
1.415200 
1.415200 
1.417400 
1.418700 
1.419800 
1.420700 
1.422000 
1.422900 
1.423200 
1.423400 
1.423700 
1.425900 
1.427500 
1.430000 
1.431500 
1.431700 
1.431700 
1.434200 
1.437600 
1.438700 
1.439200 
1.442300 
1.443400 
1.445200 
1.447000 
1.447300 
1.448600 
1.448600 
1.450000 
1.450300 
1.453100 
1.453200 
1.454100 
1.455300 
1.456100 
1.456700 
1.457200 
1.459400 
1.459400 
1.459900 
1.460700 
1.463900 
1.464100 
1.464400 
1.465800 
1.467800 
1.468000 
1.469300 
1.469800 
1.470500 
1.471100 
1.471800 
1.473200 
1.476100 
1.478800 
1.478900 
1.481500 
1.484700 
1.485400 
1.485800 
1.486700 
1.487500 
1.489000 
1.489000 
1.492300 
1.494900 
1.495900 
1.497900 
1.500200 
1.501200 
1.504000 
1.504900 
1.505400 
1.509000 
1.509300 
1.510000 
1.511100 
1.511600 
1.512300 
1.514100 
1.514500 
1.516000 
1.516200 
1.517500 
1.518100 
1.519700 
1.521500 
1.531900 
1.531900 
1.533300 
1.535300 
1.535900 
1.535900 
1.538900 
1.539700 
1.539800 
1.540100 
1.541000 
1.541600 
1.542600 
1.543500 
1.544300 
1.545600 
1.551900 
1.552100 
1.552500 
1.552700 
1.553100 
1.554100 
1.556000 
1.557600 
1.559300 
1.560100 
1.560800 
1.561200 
1.561400 
1.562600 
1.569800 
1.570900 
1.571400 
1.572400 
1.575900 
1.576500 
1.577400 
1.579700 
1.580400 
1.581100 
1.581200 
1.582700 
1.583600 
1.583700 
1.584100 
1.585800 
1.586500 
1.588500 
1.591600 
1.595100 
1.595400 
1.596900 
1.598000 
1.599100 
1.601500 
1.601700 
1.602100 
1.603000 
1.603700 
1.606400 
1.606900 
1.608300 
1.608800 
1.609700 
1.611200 
1.611500 
1.611600 
1.612600 
1.616500 
1.620100 
1.621200 
1.622000 
1.622900 
1.623100 
1.623100 
1.625000 
1.626200 
1.628100 
1.628400 
1.629000 
1.629600 
1.632900 
1.633300 
1.634300 
1.634400 
1.636200 
1.636300 
1.638600 
1.638700 
1.641400 
1.641600 
1.647300 
1.647900 
1.650000 
1.650100 
1.650900 
1.651500 
1.654100 
1.654300 
1.657000 
1.657800 
1.658500 
1.659700 
1.659800 
1.660500 
1.660600 
1.661400 
1.662700 
1.663400 
1.663500 
1.663600 
1.664000 
1.664900 
1.665400 
1.665800 
1.665900 
1.668100 
1.672900 
1.673000 
1.673000 
1.676600 
1.678100 
1.678300 
1.680000 
1.681000 
1.681400 
1.681500 
1.681900 
1.683300 
1.683300 
1.683500 
1.684300 
1.684900 
1.685400 
1.687400 
1.687700 
1.688600 
1.688900 
1.690200 
1.693300 
1.697700 
1.698400 
1.698900 
1.699200 
1.700300 
1.702500 
1.705400 
1.708500 
1.709700 
1.710400 
1.710700 
1.711400 
1.712600 
1.714200 
1.714500 
1.715300 
1.716000 
1.716700 
1.717500 
1.718300 
1.718900 
1.720000 
1.720300 
1.722300 
1.722400 
1.724600 
1.725300 
1.725400 
1.726800 
1.731100 
1.731300 
1.732400 
1.732500 
1.732600 
1.733000 
1.735600 
1.737600 
1.737900 
1.738600 
1.741100 
1.742600 
1.743300 
1.743700 
1.745800 
1.747200 
1.747500 
1.747900 
1.750400 
1.751800 
1.752200 
1.752500 
1.752600 
1.753200 
1.753500 
1.756500 
1.764900 
1.766000 
1.767200 
1.769200 
1.769600 
1.770800 
1.772000 
1.772500 
1.772800 
1.774900 
1.775600 
1.775800 
1.776400 
1.777100 
1.777200 
1.779700 
1.779700 
1.782100 
1.782400 
1.784500 
1.786000 
1.786000 
1.787100 
1.787200 
1.790200 
1.790300 
1.791300 
1.793100 
1.794300 
1.794400 
1.798700 
1.799700 
1.800700 
1.801200 
1.802000 
1.804700 
1.806200 
1.808500 
1.808700 
1.809600 
1.811000 
1.815100 
1.816400 
1.818800 
1.821700 
1.822100 
1.822400 
1.822400 
1.822600 
1.823800 
1.824400 
1.825700 
1.826300 
1.827600 
1.828400 
1.828600 
1.829000 
1.829100 
1.829500 
1.829900 
1.830400 
1.831200 
1.832500 
1.835100 
1.835500 
1.835700 
1.836200 
1.837300 
1.838000 
1.839800 
1.840300 
1.842000 
1.845400 
1.845500 
1.846100 
1.848000 
1.849800 
1.850700 
1.852300 
1.854300 
1.856100 
1.857500 
1.858800 
1.859300 
1.860800 
1.863200 
1.863300 
1.863300 
1.863600 
1.864000 
1.864400 
1.864900 
1.865300 
1.865700 
1.866300 
1.868200 
1.871200 
1.871700 
1.873000 
1.876500 
1.877800 
1.878300 
1.878600 
1.878800 
1.879100 
1.879400 
1.879500 
1.882300 
1.882800 
1.885500 
1.886500 
1.888300 
1.889300 
1.890700 
1.890800 
1.892000 
1.893500 
1.894100 
1.894500 
1.896000 
1.896600 
1.896900 
1.897900 
1.898200 
1.899300 
1.900300 
1.901700 
1.903700 
1.905400 
1.906600 
1.907300 
1.908800 
1.909200 
1.909700 
1.910000 
1.910900 
1.911100 
1.913400 
1.916100 
1.916200 
1.916500 
1.917300 
1.917500 
1.917600 
1.918500 
1.918800 
1.918800 
1.919300 
1.922000 
1.923100 
1.924400 
1.924700 
1.926900 
1.927300 
1.927800 
1.927800 
1.929300 
1.929700 
1.929800 
1.932100 
1.932900 
1.933700 
1.934100 
1.935200 
1.936000 
1.936500 
1.939500 
1.940200 
1.940300 
1.941600 
1.941700 
1.944300 
1.945800 
1.947400 
1.947700 
1.951600 
1.951900 
1.952400 
1.953400 
1.954000 
1.954800 
1.956000 
1.957800 
1.958500 
1.958700 
1.958800 
1.959000 
1.959200 
1.960100 
1.961200 
1.964200 
1.964300 
1.964800 
1.968600 
1.969200 
1.970900 
1.972100 
1.974000 
1.974800 
1.975000 
1.975200 
1.977400 
1.977600 
1.980300 
1.982100 
1.982400 
1.982600 
1.983900 
1.987200 
1.989200 
1.990400 
1.992700 
1.992900 
1.994200 
1.996600 
1.999300 
2.000000 
2.000200 
2.000900 
2.004700 
2.006400 
2.008800 
2.009800 
2.010000 
2.010000 
2.010200 
2.010500 
2.010900 
2.011000 
2.013700 
2.014300 
2.015000 
2.015000 
2.015200 
2.015300 
2.015800 
2.016800 
2.016800 
2.017500 
2.017500 
2.018100 
2.018300 
2.018500 
2.018700 
2.018700 
2.019000 
2.019000 
2.019100 
2.019300 
2.020200 
2.020600 
2.021000 
2.023600 
2.023700 
2.023900 
2.024300 
2.024400 
2.025100 
2.028000 
2.028700 
2.030500 
2.031200 
2.031900 
2.033400 
2.034400 
2.035900 
2.037100 
2.038000 
2.038400 
2.042100 
2.043100 
2.043500 
2.044600 
2.047400 
2.048200 
2.048200 
2.050100 
2.050300 
2.051300 
2.051700 
2.052400 
2.054400 
2.055100 
2.057000 
2.057700 
2.058700 
2.058800 
2.060000 
2.061200 
2.062100 
2.062400 
2.067100 
2.070400 
2.070800 
2.072000 
2.072400 
2.074000 
2.075400 
2.076300 
2.078900 
2.082000 
2.083100 
2.085000 
2.087100 
2.090100 
2.091700 
2.092200 
2.092800 
2.092800 
2.095600 
2.096500 
2.096800 
2.101500 
2.101600 
2.101700 
2.102400 
2.106500 
2.106800 
2.107100 
2.108000 
2.108100 
2.109400 
2.109600 
2.109600 
2.111800 
2.112200 
2.113400 
2.113500 
2.117000 
2.118300 
2.120000 
2.120800 
2.120900 
2.121100 
2.121200 
2.121900 
2.122300 
2.126200 
2.126400 
2.126800 
2.127100 
2.128600 
2.129500 
2.130000 
2.131900 
2.133100 
2.133300 
2.137600 
2.139700 
2.141500 
2.146100 
2.146200 
2.147400 
2.148200 
2.149000 
2.151200 
2.152100 
2.155400 
2.155500 
2.156500 
2.157300 
2.157400 
2.158400 
2.159100 
2.159500 
2.159900 
2.160000 
2.160100 
2.160600 
2.161700 
2.163300 
2.164700 
2.165600 
2.165800 
2.166100 
2.166100 
2.167600 
2.168600 
2.174400 
2.175500 
2.175900 
2.178400 
2.178700 
2.180300 
2.181700 
2.187900 
2.190300 
2.190300 
2.192700 
2.193600 
2.194100 
2.195500 
2.198100 
2.199200 
2.199600 
2.200300 
2.200700 
2.201400 
2.203500 
2.204100 
2.206400 
2.206700 
2.207300 
2.207400 
2.207700 
2.208500 
2.210100 
2.210600 
2.212000 
2.212600 
2.214000 
2.214100 
2.214200 
2.214900 
2.215200 
2.220500 
2.221200 
2.222000 
2.223100 
2.224200 
2.225700 
2.226000 
2.226000 
2.226600 
2.227300 
2.227400 
2.227400 
2.229400 
2.229400 
2.230200 
2.231600 
2.235500 
2.235800 
2.237000 
2.238800 
2.239200 
2.239900 
2.240100 
2.243000 
2.244800 
2.246200 
2.250300 
2.250400 
2.251400 
2.252100 
2.252600 
2.253600 
2.254900 
2.255200 
2.255400 
2.255700 
2.255900 
2.255900 
2.256900 
2.257700 
2.258700 
2.259000 
2.259600 
2.261400 
2.263600 
2.264000 
2.265100 
2.265800 
2.266400 
2.268500 
2.268700 
2.269700 
2.270100 
2.271400 
2.273000 
2.275300 
2.276700 
2.277300 
2.280000 
2.282700 
2.285400 
2.286200 
2.286800 
2.287500 
2.289300 
2.290000 
2.291900 
2.292200 
2.293400 
2.294100 
2.295900 
2.297500 
2.300400 
2.300800 
2.302000 
2.302600 
2.302600 
2.302800 
2.304900 
2.308800 
2.309100 
2.312500 
2.312700 
2.313800 
2.314600 
2.314800 
2.316400 
2.317300 
2.319400 
2.319500 
2.319600 
2.319800 
2.320000 
2.320100 
2.321800 
2.322100 
2.323200 
2.323400 
2.324000 
2.324000 
2.327400 
2.328400 
2.331900 
2.332100 
2.333200 
2.334900 
2.335300 
2.336500 
2.336900 
2.337800 
2.337900 
2.338300 
2.339700 
2.342100 
2.344300 
2.344500 
2.345900 
2.346200 
2.347900 
2.348400 
2.348600 
2.348900 
2.349300 
2.353300 
2.354300 
2.354400 
2.357000 
2.358800 
2.359000 
2.360800 
2.360800 
2.361600 
2.362400 
2.364400 
2.367000 
2.369000 
2.370200 
2.371200 
2.372100 
2.373000 
2.373300 
2.374100 
2.377900 
2.378300 
2.379100 
2.379800 
2.381000 
2.382600 
2.383500 
2.384000 
2.385200 
2.387500 
2.389200 
2.389500 
2.389600 
2.390500 
2.392400 
2.393300 
2.393800 
2.394200 
2.395100 
2.397800 
2.399200 
2.399400 
2.400300 
2.402300 
2.403700 
2.406200 
2.407900 
2.408800 
2.413100 
2.416300 
2.417600 
2.418800 
2.419500 
2.419700 
2.420800 
2.422500 
2.424200 
2.427000 
2.427600 
2.429200 
2.430900 
2.431800 
2.432400 
2.432600 
2.433300 
2.435900 
2.437400 
2.438000 
2.438100 
2.438500 
2.439000 
2.440600 
2.442300 
2.442300 
2.444700 
2.446200 
2.446900 
2.447400 
2.448200 
2.450400 
2.451800 
2.454300 
2.455000 
2.456600 
2.456700 
2.457800 
2.458900 
2.459400 
2.460100 
2.460400 
2.461200 
2.462200 
2.465100 
2.465200 
2.465800 
2.466600 
2.468300 
2.468600 
2.469000 
2.471800 
2.471800 
2.472900 
2.473700 
2.474800 
2.477200 
2.477400 
2.477700 
2.478100 
2.484200 
2.484500 
2.484600 
2.485500 
2.486500 
2.487500 
2.488700 
2.488900 
2.490200 
2.490400 
2.490900 
2.492700 
2.494400 
2.496400 
2.496500 
2.500400 
2.506000 
2.506400 
2.507700 
2.507900 
2.508900 
2.509300 
2.509400 
2.509900 
2.513600 
2.514700 
2.516600 
2.517600 
2.519400 
2.519900 
2.520200 
2.520500 
2.522100 
2.522100 
2.524400 
2.524800 
2.525300 
2.526000 
2.526900 
2.527200 
2.527400 
2.528800 
2.529500 
2.531300 
2.532000 
2.534400 
2.535300 
2.537800 
2.540000 
2.540200 
2.540600 
2.540900 
2.540900 
2.541600 
2.541600 
2.544100 
2.544400 
2.548100 
2.550000 
2.556000 
2.557000 
2.557300 
2.559800 
2.560000 
2.560800 
2.561000 
2.561000 
2.562800 
2.563600 
2.565000 
2.565500 
2.567200 
2.567300 
2.567300 
2.567700 
2.568200 
2.571700 
2.576000 
2.576600 
2.577100 
2.577600 
2.577700 
2.578100 
2.580000 
2.580700 
2.581700 
2.583600 
2.584400 
2.585200 
2.587000 
2.588400 
2.589100 
2.589900 
2.591700 
2.593200 
2.594200 
2.594400 
2.594800 
2.597200 
2.597300 
2.597500 
2.598400 
2.600200 
2.601700 
2.602800 
2.603700 
2.604300 
2.604300 
2.604500 
2.611700 
2.612600 
2.613100 
2.615100 
2.615700 
2.616200 
2.618600 
2.619700 
2.621600 
2.621900 
2.623400 
2.624200 
2.624200 
2.624700 
2.626200 
2.626200 
2.626500 
2.626600 
2.626900 
2.626900 
2.628100 
2.628300 
2.628900 
2.629000 
2.629800 
2.630900 
2.632600 
2.633600 
2.634800 
2.637700 
2.639400 
2.639700 
2.641600 
2.641800 
2.641800 
2.642100 
2.643800 
2.643900 
2.645600 
2.650000 
2.650600 
2.651000 
2.652200 
2.652400 
2.652800 
2.653800 
2.654700 
2.654800 
2.660700 
2.661200 
2.661300 
2.661500 
2.661500 
2.664500 
2.665000 
2.666100 
2.666800 
2.668000 
2.668800 
2.670400 
2.671000 
2.673800 
2.674600 
2.675000 
2.676300 
2.676800 
2.678200 
2.678300 
2.679600 
2.679700 
2.682800 
2.683700 
2.685200 
2.685500 
2.687200 
2.687800 
2.688000 
2.692300 
2.693300 
2.696000 
2.696600 
2.697700 
2.697900 
2.698200 
2.699400 
2.700800 
2.701100 
2.701400 
2.703300 
2.704100 
2.705800 
2.706400 
2.706600 
2.706900 
2.708500 
2.709600 
2.710200 
2.710700 
2.712700 
2.715100 
2.715200 
2.715400 
2.715500 
2.716200 
2.718900 
2.719500 
2.720700 
2.721100 
2.722300 
2.723400 
2.723400 
2.727800 
2.727800 
2.728200 
2.730500 
2.730800 
2.732100 
2.733900 
2.734100 
2.734700 
2.735000 
2.735100 
2.735600 
2.735700 
2.738400 
2.738400 
2.739100 
2.739300 
2.740600 
2.744300 
2.744400 
2.744800 
2.748000 
2.748600 
2.753800 
2.755600 
2.757000 
2.757400 
2.757700 
2.758400 
2.760200 
2.760500 
2.761500 
2.761800 
2.763400 
2.764600 
2.764800 
2.764900 
2.765800 
2.765800 
2.767300 
2.768700 
2.768900 
2.769200 
2.773100 
2.773500 
2.773700 
2.774300 
2.776100 
2.781000 
2.781100 
2.782100 
2.783200 
2.784000 
2.784400 
2.785300 
2.785600 
2.786400 
2.787100 
2.788000 
2.788700 
2.789400 
2.793300 
2.793600 
2.796600 
2.797400 
2.798200 
2.799000 
2.799800 
2.802200 
2.802700 
2.804400 
2.807700 
2.808500 
2.809300 
2.813400 
2.814000 
2.815100 
2.816200 
2.819700 
2.820300 
2.821500 
2.824500 
2.828400 
2.828700 
2.829000 
2.830400 
2.831700 
2.832100 
2.834700 
2.835100 
2.835300 
2.836700 
2.837000 
2.837900 
2.838000 
2.838600 
2.838600 
2.840800 
2.841300 
2.841900 
2.843800 
2.844400 
2.846400 
2.847100 
2.848900 
2.849600 
2.849900 
2.852000 
2.852000 
2.852200 
2.852900 
2.856500 
2.857200 
2.857800 
2.858300 
2.858800 
2.858900 
2.858900 
2.861000 
2.861800 
2.868800 
2.869100 
2.870400 
2.873100 
2.873700 
2.874700 
2.875200 
2.876700 
2.876900 
2.877000 
2.877100 
2.877700 
2.877700 
2.878600 
2.878900 
2.880000 
2.880300 
2.880800 
2.881800 
2.882100 
2.882200 
2.882500 
2.882800 
2.882900 
2.886100 
2.886100 
2.890500 
2.892200 
2.892400 
2.895000 
2.897600 
2.899200 
2.900500 
2.901300 
2.901700 
2.901800 
2.903600 
2.907400 
2.907400 
2.911500 
2.911800 
2.915600 
2.916900 
2.917900 
2.918600 
2.919100 
2.919900 
2.920100 
2.921100 
2.921300 
2.921500 
2.921500 
2.921700 
2.923500 
2.924100 
2.925000 
2.925400 
2.926500 
2.926900 
2.927200 
2.929300 
2.930100 
2.930400 
2.931500 
2.933700 
2.934500 
2.937900 
2.938700 
2.939200 
2.940600 
2.940800 
2.941500 
2.943800 
2.944800 
2.947300 
2.950300 
2.951000 
2.951500 
2.952300 
2.952400 
2.952600 
2.953200 
2.953600 
2.955400 
2.955400 
2.956000 
2.957300 
2.958400 
2.959500 
2.959600 
2.959900 
2.961500 
2.962000 
2.963400 
2.967200 
2.967400 
2.968300 
2.971200 
2.972000 
2.972600 
2.973200 
2.974800 
2.977700 
2.978200 
2.979800 
2.980300 
2.981800 
2.987400 
2.987900 
2.988700 
2.989100 
2.990500 
2.994000 
2.995800 
2.997400 
2.998900 
