0.073000 
0.086000 
0.103800 
0.107200 
0.119500 
0.121300 
0.129800 
0.133900 
0.163400 
0.173500 
0.185700 
0.197600 
0.208200 
0.218500 
0.232700 
0.236300 
0.239400 
0.242700 
0.243500 
0.253600 
0.259900 
0.268400 
0.273800 
0.281300 
0.283100 
0.286700 
0.294600 
0.296400 
0.301300 
0.304800 
0.313900 
0.320400 
0.330800 
0.334000 
0.342400 
0.356600 
0.358700 
0.387100 
0.391500 
0.391700 
0.397000 
0.400500 
0.415000 
0.425000 
0.425300 
0.429100 
0.438100 
0.447800 
0.448000 
0.455800 
0.484300 
0.509300 
0.513300 
0.528100 
0.537500 
0.542200 
0.545200 
0.559300 
0.561500 
0.561900 
0.580800 
0.602100 
0.607800 
0.614400 
0.622500 
0.635100 
0.635600 
0.638200 
0.638300 
0.639200 
0.640800 
0.663400 
0.678500 
0.695600 
0.696300 
0.701800 
0.714800 
0.717700 
0.719900 
0.726700 
0.727300 
0.743200 
0.749000 
0.761500 
0.779000 
0.797500 
0.801800 
0.802600 
0.813900 
0.824000 
0.832700 
0.840100 
0.840400 
0.843800 
0.853100 
0.855000 
0.862100 
0.875000 
0.884200 
0.889200 
0.903800 
0.911400 
0.920100 
0.922800 
0.935900 
0.937200 
0.959600 
0.962700 
0.965400 
0.978700 
0.980100 
0.990000 
1.000900 
1.001500 
1.006700 
1.018000 
1.023500 
1.029500 
1.035800 
1.038600 
1.041200 
1.044600 
1.073700 
1.080000 
1.081700 
1.084600 
1.085500 
1.090000 
1.091000 
1.107600 
1.113800 
1.116600 
1.132400 
1.132900 
1.144200 
1.145800 
1.150400 
1.158300 
1.184000 
1.187900 
1.191000 
1.204700 
1.208400 
1.210600 
1.210700 
1.213600 
1.217600 
1.223100 
1.234400 
1.241000 
1.247500 
1.255600 
1.271000 
1.283500 
1.288100 
1.295900 
1.302200 
1.311600 
1.331100 
1.331100 
1.334300 
1.345700 
1.347000 
1.351300 
1.356600 
1.356600 
1.370300 
1.372300 
1.385200 
1.395300 
1.396100 
1.397500 
1.398700 
1.398900 
1.416000 
1.420500 
1.429200 
1.444300 
1.444500 
1.475100 
1.485300 
1.495700 
1.497700 
1.498200 
1.502100 
1.503900 
1.517900 
1.542800 
1.545300 
1.551400 
1.578000 
1.578100 
1.591700 
1.602600 
1.608300 
1.621100 
1.631400 
1.632700 
1.638100 
1.639300 
1.659500 
1.662200 
1.663700 
1.671000 
1.693900 
1.695900 
1.697400 
1.706900 
1.717200 
1.717900 
1.731600 
1.736600 
1.755500 
1.756600 
1.757700 
1.758100 
1.763100 
1.765300 
1.772600 
1.779700 
1.784400 
1.787300 
1.798000 
1.803400 
1.804700 
1.814000 
1.819800 
1.820100 
1.823000 
1.832500 
1.836200 
1.838600 
1.853800 
1.873300 
1.875900 
1.876200 
1.879500 
1.879700 
1.888300 
1.889200 
1.891000 
1.896500 
1.899500 
1.900700 
1.905900 
1.910100 
1.938600 
1.960300 
1.965200 
1.969900 
1.975400 
1.987900 
1.991000 
1.993100 
1.994900 
2.003900 
2.011400 
2.013500 
2.028300 
2.031900 
2.041200 
2.047500 
2.050100 
2.062900 
2.069700 
2.070200 
2.071700 
2.086800 
2.097100 
2.098900 
2.104900 
2.108500 
2.114900 
2.139400 
2.139600 
2.140200 
2.154600 
2.167100 
2.169600 
2.179900 
2.181500 
2.194000 
2.204100 
2.227900 
2.240300 
2.247200 
2.251200 
2.254700 
2.260300 
2.291500 
2.295000 
2.308300 
2.315600 
2.324000 
2.336400 
2.354900 
2.356200 
2.360100 
2.368400 
2.371800 
2.372300 
2.390400 
2.418600 
2.423400 
2.434100 
2.460200 
2.460800 
2.471500 
2.480200 
2.480400 
2.487200 
2.492900 
2.493500 
2.497700 
2.506700 
2.509100 
2.516300 
2.535800 
2.543200 
2.548800 
2.549600 
2.571700 
2.577700 
2.579900 
2.590900 
2.591800 
2.592500 
2.598500 
2.601100 
2.604100 
2.608200 
2.610600 
2.628100 
2.648000 
2.659600 
2.663900 
2.665300 
2.675900 
2.689500 
2.690000 
2.692600 
2.693600 
2.696000 
2.716900 
2.721700 
2.727000 
2.733600 
2.740200 
2.760600 
2.764900 
2.780200 
2.781100 
2.790900 
2.800100 
2.808300 
2.817900 
2.825200 
2.859400 
2.859800 
2.865200 
2.868900 
2.875700 
2.887600 
2.893300 
2.909600 
2.910900 
2.911900 
2.925300 
2.963000 
2.983600 
2.984000 
2.988200 
2.989400 
2.994400 
2.994400 
2.997200 
2.998400 
