1175 
800 
62 
143 
1244 
413 
1203 
1226 
559 
942 
869 
290 
670 
835 
303 
410 
795 
61 
1108 
1091 
235 
1116 
644 
681 
902 
227 
525 
573 
1191 
1111 
886 
1080 
698 
949 
855 
472 
124 
927 
175 
299 
851 
332 
602 
970 
45 
384 
1047 
1206 
1144 
340 
78 
741 
88 
533 
609 
992 
213 
932 
862 
289 
688 
684 
572 
96 
412 
1229 
53 
253 
782 
995 
1174 
1087 
823 
459 
502 
451 
1251 
670 
308 
987 
438 
960 
1222 
683 
131 
725 
1242 
562 
65 
1099 
797 
1240 
748 
22 
510 
186 
404 
730 
935 
1034 
140 
450 
1106 
427 
884 
1254 
1225 
1124 
687 
798 
373 
515 
922 
488 
896 
527 
578 
30 
939 
241 
147 
789 
1201 
463 
1037 
40 
840 
95 
278 
690 
912 
966 
909 
1033 
512 
655 
839 
1159 
82 
1119 
1228 
477 
583 
112 
1164 
405 
323 
447 
526 
695 
811 
989 
434 
15 
537 
913 
927 
897 
433 
699 
1189 
143 
394 
108 
200 
221 
244 
291 
1019 
429 
1003 
1076 
1193 
998 
1111 
1255 
201 
820 
1186 
580 
191 
192 
759 
87 
776 
714 
933 
1083 
373 
325 
152 
643 
402 
229 
362 
1179 
322 
404 
59 
595 
90 
1055 
1081 
753 
1022 
675 
799 
1059 
32 
88 
528 
1261 
1227 
925 
1025 
1107 
131 
1045 
369 
615 
919 
296 
390 
684 
1048 
849 
484 
569 
253 
661 
281 
1060 
198 
1135 
589 
935 
324 
1170 
517 
931 
967 
353 
794 
841 
532 
98 
621 
1183 
551 
954 
1047 
1038 
562 
823 
489 
840 
557 
45 
568 
966 
775 
1014 
691 
73 
871 
488 
490 
65 
839 
1233 
1117 
194 
947 
1216 
1253 
380 
1058 
83 
248 
538 
1044 
655 
649 
1084 
50 
515 
750 
680 
857 
89 
600 
1042 
803 
70 
47 
190 
186 
447 
214 
439 
354 
1148 
426 
917 
228 
835 
1000 
375 
164 
466 
243 
817 
578 
681 
719 
654 
284 
191 
282 
1147 
573 
290 
254 
259 
1167 
789 
576 
758 
613 
1035 
339 
1145 
737 
1080 
677 
1037 
268 
603 
724 
879 
236 
777 
598 
642 
727 
1082 
56 
529 
714 
415 
145 
461 
779 
373 
605 
307 
197 
330 
1217 
795 
778 
970 
106 
1258 
908 
361 
198 
525 
608 
136 
923 
905 
322 
366 
851 
670 
524 
628 
78 
563 
624 
735 
1059 
920 
973 
583 
310 
961 
1094 
588 
241 
309 
888 
329 
753 
902 
1040 
1146 
1177 
690 
552 
1041 
200 
684 
1162 
34 
814 
774 
856 
1048 
585 
478 
665 
138 
452 
1033 
85 
146 
1081 
107 
306 
819 
394 
1135 
992 
1116 
766 
323 
782 
82 
440 
421 
1102 
293 
1204 
834 
459 
128 
671 
647 
1175 
1055 
862 
1223 
245 
932 
948 
402 
686 
383 
1229 
1228 
287 
912 
1144 
397 
176 
610 
1109 
1172 
88 
1170 
510 
380 
578 
143 
757 
1257 
479 
405 
649 
1061 
593 
965 
416 
262 
1020 
612 
792 
259 
1143 
1209 
793 
185 
251 
1222 
573 
679 
411 
1178 
884 
920 
1251 
1016 
322 
837 
392 
196 
551 
995 
480 
516 
172 
675 
901 
407 
1208 
999 
896 
823 
1179 
404 
125 
895 
461 
415 
580 
303 
670 
142 
1124 
1184 
205 
1047 
871 
1049 
509 
695 
1032 
232 
87 
490 
876 
428 
567 
720 
570 
799 
832 
778 
1233 
48 
674 
281 
25 
1068 
47 
1258 
803 
700 
789 
361 
1135 
1087 
148 
1051 
209 
145 
1099 
323 
456 
176 
215 
655 
183 
121 
658 
439 
191 
341 
615 
776 
1033 
304 
522 
650 
902 
366 
841 
665 
119 
224 
1119 
949 
1255 
585 
17 
519 
521 
301 
444 
564 
436 
45 
705 
783 
129 
524 
53 
290 
518 
307 
73 
758 
603 
843 
687 
372 
195 
1120 
18 
131 
463 
1247 
178 
652 
1056 
539 
263 
646 
327 
1106 
1179 
84 
373 
1084 
943 
679 
201 
992 
1145 
186 
619 
654 
823 
243 
83 
809 
1076 
1091 
800 
402 
630 
310 
972 
696 
346 
739 
233 
108 
279 
259 
896 
1202 
795 
890 
1227 
1146 
1149 
549 
879 
28 
143 
1229 
86 
808 
1010 
926 
917 
410 
188 
743 
377 
1024 
899 
912 
187 
140 
1223 
565 
789 
1201 
71 
891 
1222 
598 
714 
340 
69 
412 
225 
888 
550 
853 
1035 
1045 
752 
1128 
578 
134 
363 
1259 
834 
380 
120 
184 
617 
500 
613 
921 
767 
98 
343 
23 
191 
414 
253 
642 
185 
85 
710 
1026 
688 
749 
803 
684 
464 
1249 
436 
527 
552 
839 
934 
381 
290 
176 
797 
245 
960 
670 
1186 
1142 
647 
1221 
73 
373 
593 
792 
1228 
131 
138 
232 
244 
702 
1111 
1158 
783 
1094 
478 
1247 
58 
665 
96 
930 
869 
339 
214 
1258 
522 
1040 
402 
676 
204 
1238 
603 
1254 
1060 
446 
1143 
607 
512 
935 
843 
78 
515 
965 
991 
501 
209 
25 
1048 
1159 
814 
183 
1179 
516 
932 
303 
1229 
778 
779 
434 
652 
415 
697 
551 
789 
90 
825 
810 
241 
741 
179 
327 
683 
88 
953 
532 
352 
1241 
713 
43 
400 
994 
1234 
609 
91 
1255 
748 
411 
1041 
1246 
76 
426 
510 
1251 
227 
399 
771 
362 
1049 
403 
588 
942 
1014 
228 
1139 
1088 
519 
826 
1162 
278 
254 
389 
447 
18 
1118 
134 
1261 
1250 
686 
896 
112 
1078 
1119 
310 
794 
42 
902 
13 
323 
396 
956 
1130 
1091 
1249 
738 
1116 
918 
776 
839 
933 
585 
763 
1003 
279 
282 
93 
229 
164 
753 
402 
608 
1024 
1134 
1170 
1013 
54 
136 
480 
947 
32 
313 
684 
823 
484 
912 
242 
778 
598 
89 
573 
985 
1124 
98 
253 
1193 
283 
562 
339 
1044 
679 
1216 
948 
917 
515 
80 
1185 
1080 
55 
208 
532 
800 
639 
1178 
727 
999 
304 
670 
789 
968 
1067 
510 
1017 
518 
990 
1179 
318 
310 
90 
133 
791 
426 
2 
646 
392 
938 
332 
148 
750 
113 
64 
507 
511 
333 
260 
954 
852 
147 
731 
439 
758 
949 
139 
327 
829 
473 
1048 
174 
323 
895 
259 
700 
925 
1261 
403 
542 
187 
1119 
410 
372 
986 
1247 
616 
1034 
603 
1188 
482 
1073 
842 
1049 
354 
653 
940 
1066 
201 
66 
844 
872 
449 
1189 
1127 
440 
797 
306 
263 
227 
60 
141 
569 
885 
514 
1222 
703 
629 
286 
328 
605 
101 
609 
345 
564 
256 
686 
87 
961 
652 
947 
1072 
1204 
340 
1144 
102 
823 
428 
1032 
600 
1120 
562 
687 
1065 
1167 
857 
88 
757 
1033 
972 
25 
480 
589 
287 
254 
1213 
954 
1003 
284 
1061 
192 
867 
91 
852 
291 
942 
351 
1197 
1123 
1055 
785 
377 
380 
164 
225 
813 
1242 
1169 
928 
1076 
1137 
310 
34 
390 
1059 
178 
439 
966 
510 
935 
1225 
372 
1162 
1048 
800 
805 
396 
1259 
673 
274 
347 
670 
341 
408 
1015 
738 
147 
184 
402 
558 
927 
179 
447 
142 
1247 
33 
745 
43 
665 
531 
917 
595 
502 
1228 
719 
775 
255 
554 
621 
1050 
13 
412 
1261 
176 
647 
415 
224 
131 
1251 
424 
414 
423 
1214 
537 
1216 
1257 
891 
646 
1087 
116 
948 
593 
148 
789 
814 
851 
827 
504 
373 
995 
729 
562 
1179 
817 
581 
1148 
908 
128 
454 
524 
797 
478 
737 
618 
758 
371 
1240 
1258 
208 
518 
711 
60 
389 
236 
185 
1124 
583 
1185 
1016 
984 
400 
87 
322 
683 
1237 
1174 
905 
381 
209 
840 
685 
74 
91 
408 
402 
850 
826 
942 
918 
753 
1043 
835 
45 
966 
1225 
727 
839 
1201 
503 
374 
650 
1254 
1037 
452 
730 
673 
1019 
139 
410 
588 
275 
1246 
35 
318 
186 
1102 
259 
616 
1204 
394 
1235 
1189 
342 
896 
395 
759 
1158 
64 
291 
480 
637 
695 
938 
124 
184 
95 
361 
1059 
78 
1048 
948 
32 
893 
1124 
1162 
557 
917 
642 
380 
1145 
145 
720 
567 
563 
176 
1170 
172 
1233 
670 
928 
579 
1139 
747 
303 
669 
933 
814 
76 
1228 
1206 
207 
908 
816 
1111 
512 
50 
215 
741 
323 
40 
209 
996 
8 
73 
934 
578 
830 
46 
49 
59 
453 
583 
902 
48 
639 
535 
204 
843 
1045 
913 
954 
806 
169 
294 
923 
955 
619 
841 
1047 
935 
1093 
327 
1189 
15 
250 
440 
402 
515 
910 
487 
221 
70 
970 
1178 
691 
33 
1090 
424 
1059 
991 
704 
1103 
1201 
1255 
562 
56 
687 
290 
353 
759 
1034 
452 
1123 
205 
463 
253 
964 
1004 
186 
570 
581 
824 
718 
789 
13 
254 
408 
823 
897 
1207 
147 
1048 
462 
522 
984 
121 
714 
675 
289 
580 
1148 
1222 
1193 
131 
525 
927 
45 
65 
514 
849 
185 
840 
397 
1029 
375 
429 
22 
609 
447 
636 
671 
1235 
461 
316 
638 
243 
322 
364 
523 
778 
200 
961 
324 
880 
1008 
1099 
272 
371 
686 
396 
794 
337 
1216 
229 
156 
1247 
1174 
142 
650 
483 
258 
1228 
41 
66 
362 
1071 
222 
611 
518 
268 
753 
902 
280 
87 
466 
940 
512 
76 
1252 
1144 
503 
373 
721 
660 
665 
415 
404 
33 
947 
226 
426 
1139 
302 
928 
932 
125 
23 
190 
554 
4 
1067 
690 
1037 
402 
1073 
884 
1180 
911 
568 
536 
143 
168 
935 
1258 
827 
599 
1178 
777 
230 
642 
630 
558 
303 
309 
857 
260 
367 
966 
956 
510 
654 
847 
224 
1050 
659 
291 
1246 
595 
713 
155 
600 
757 
438 
544 
92 
1126 
480 
328 
985 
323 
722 
927 
1183 
996 
50 
1065 
28 
278 
145 
68 
107 
246 
1022 
506 
743 
1143 
297 
205 
605 
1155 
1090 
528 
1055 
1164 
616 
397 
1114 
939 
473 
1106 
235 
113 
550 
688 
329 
618 
1251 
1048 
665 
868 
330 
301 
1172 
718 
559 
1043 
890 
53 
797 
578 
394 
562 
584 
660 
702 
200 
921 
820 
823 
556 
831 
862 
621 
128 
402 
782 
789 
1201 
1049 
340 
500 
979 
1216 
609 
567 
695 
753 
948 
656 
1016 
1078 
620 
243 
1116 
780 
352 
456 
208 
395 
857 
70 
670 
262 
1010 
737 
27 
642 
64 
384 
758 
895 
138 
365 
673 
492 
1179 
147 
555 
986 
293 
607 
679 
1139 
1061 
532 
406 
908 
497 
225 
1109 
809 
519 
45 
234 
1064 
1185 
115 
284 
453 
461 
1082 
375 
393 
423 
583 
201 
236 
303 
766 
137 
88 
389 
654 
87 
694 
513 
984 
442 
588 
1168 
595 
1137 
232 
299 
1187 
1124 
111 
42 
76 
132 
927 
309 
912 
343 
207 
186 
463 
639 
526 
440 
896 
834 
428 
566 
1175 
401 
744 
932 
1225 
125 
396 
942 
667 
449 
347 
763 
785 
991 
836 
670 
930 
23 
727 
1174 
159 
682 
60 
116 
353 
1048 
415 
1167 
1015 
705 
1009 
1088 
1143 
1146 
1148 
1228 
875 
1091 
731 
259 
455 
399 
46 
592 
933 
708 
1043 
776 
1258 
312 
134 
402 
652 
33 
477 
754 
308 
544 
700 
1172 
408 
279 
527 
827 
564 
995 
107 
915 
1102 
1259 
851 
1179 
1199 
337 
142 
739 
1050 
30 
102 
961 
1135 
1111 
147 
464 
913 
1117 
351 
180 
1014 
947 
902 
90 
789 
269 
278 
58 
829 
301 
235 
622 
880 
956 
164 
804 
323 
242 
48 
747 
6 
1012 
1040 
352 
873 
626 
891 
389 
684 
1090 
317 
1077 
340 
1084 
416 
424 
293 
1061 
1214 
1174 
1034 
243 
935 
1092 
1261 
63 
920 
117 
573 
95 
713 
1189 
530 
479 
467 
846 
330 
711 
1201 
1206 
823 
1018 
122 
294 
936 
282 
459 
375 
519 
480 
1216 
563 
135 
631 
670 
576 
730 
578 
785 
1254 
134 
412 
665 
47 
206 
1065 
274 
637 
1170 
339 
1022 
969 
820 
376 
147 
1187 
367 
690 
136 
607 
886 
337 
1096 
32 
924 
540 
22 
110 
1100 
1224 
322 
557 
642 
1009 
50 
384 
404 
446 
518 
411 
1169 
327 
895 
528 
522 
1003 
438 
902 
855 
558 
138 
402 
1245 
537 
943 
458 
1116 
656 
562 
1084 
1172 
1063 
778 
935 
999 
1081 
1051 
180 
1114 
439 
1102 
1249 
737 
719 
595 
1121 
919 
839 
659 
1217 
679 
795 
741 
515 
912 
1247 
624 
1024 
964 
380 
709 
539 
758 
604 
979 
477 
121 
410 
77 
289 
1067 
739 
415 
1091 
726 
842 
938 
813 
1189 
1258 
828 
529 
956 
607 
933 
1179 
583 
257 
60 
161 
710 
1143 
1246 
690 
893 
45 
432 
713 
1170 
303 
691 
1108 
146 
517 
262 
88 
585 
621 
759 
1048 
1174 
1250 
1228 
461 
229 
338 
344 
223 
818 
1153 
670 
927 
791 
1088 
1092 
1100 
963 
534 
25 
851 
96 
665 
1060 
362 
84 
937 
23 
1055 
1132 
1215 
609 
76 
1148 
1137 
1155 
840 
261 
817 
54 
78 
1003 
1008 
368 
822 
269 
283 
496 
405 
402 
194 
1057 
431 
1027 
322 
669 
309 
241 
985 
522 
375 
1036 
748 
259 
291 
890 
1123 
1197 
1165 
98 
912 
28 
1038 
510 
789 
1167 
312 
135 
156 
373 
515 
343 
961 
1225 
920 
945 
90 
1058 
938 
353 
982 
715 
758 
616 
1 
137 
1229 
214 
738 
416 
778 
1206 
593 
236 
880 
1179 
108 
672 
1050 
341 
323 
130 
757 
190 
351 
473 
503 
87 
553 
599 
588 
463 
833 
187 
743 
287 
1107 
1073 
1139 
927 
902 
1091 
25 
363 
578 
8 
350 
1216 
255 
922 
116 
638 
1174 
297 
200 
1221 
1019 
273 
408 
1251 
340 
92 
60 
679 
320 
1249 
309 
216 
519 
245 
1070 
174 
512 
1143 
486 
403 
347 
1207 
1184 
675 
798 
1232 
739 
228 
45 
298 
145 
1162 
631 
143 
306 
1229 
337 
1077 
426 
490 
120 
1242 
520 
1012 
371 
1198 
231 
1093 
224 
1044 
797 
636 
1060 
326 
1030 
565 
785 
659 
136 
842 
639 
661 
1099 
852 
373 
641 
948 
834 
265 
714 
131 
686 
789 
552 
322 
476 
1208 
1003 
593 
1120 
708 
50 
1076 
142 
209 
595 
579 
420 
1064 
1169 
138 
799 
583 
1259 
392 
312 
328 
839 
935 
1048 
977 
1106 
966 
164 
665 
35 
840 
161 
91 
1122 
465 
1045 
23 
78 
405 
404 
847 
1080 
600 
1201 
87 
327 
43 
285 
54 
899 
1225 
402 
690 
984 
1043 
110 
695 
304 
682 
1102 
235 
457 
282 
835 
642 
1130 
618 
42 
207 
1078 
991 
654 
856 
510 
447 
515 
1134 
906 
725 
591 
670 
727 
96 
281 
933 
923 
1144 
607 
518 
748 
1022 
366 
1166 
133 
645 
377 
84 
1260 
924 
681 
1156 
754 
892 
323 
935 
694 
1024 
1164 
310 
550 
562 
722 
408 
559 
1127 
731 
380 
673 
578 
813 
1179 
112 
538 
412 
517 
522 
1191 
1108 
1098 
456 
528 
88 
278 
309 
648 
24 
891 
1049 
471 
638 
789 
303 
1066 
149 
488 
1157 
884 
902 
573 
445 
881 
206 
849 
85 
1045 
410 
1019 
253 
531 
1070 
255 
425 
257 
75 
313 
1249 
940 
190 
165 
361 
1025 
834 
446 
589 
49 
1173 
1020 
1100 
1216 
411 
1081 
1087 
1089 
1258 
401 
191 
1233 
402 
927 
1060 
362 
788 
677 
117 
259 
1176 
1164 
289 
819 
260 
508 
179 
986 
1206 
376 
323 
291 
15 
94 
1132 
480 
1174 
525 
1063 
1048 
618 
1090 
778 
942 
134 
546 
775 
653 
686 
207 
843 
961 
371 
1259 
877 
1225 
684 
821 
712 
18 
656 
570 
510 
89 
234 
771 
419 
816 
88 
1009 
280 
603 
1228 
351 
715 
187 
1121 
24 
1131 
1061 
902 
343 
373 
632 
955 
908 
1062 
1227 
389 
702 
1116 
511 
851 
713 
532 
567 
926 
1030 
137 
1044 
636 
757 
974 
416 
578 
1 
1120 
1179 
435 
1084 
60 
1178 
670 
1065 
469 
1229 
176 
985 
672 
262 
118 
801 
310 
1165 
813 
168 
205 
341 
522 
569 
1245 
826 
345 
332 
960 
707 
1247 
647 
140 
924 
322 
607 
833 
1106 
380 
1099 
125 
868 
1066 
1135 
13 
220 
789 
609 
76 
28 
401 
483 
717 
456 
424 
654 
229 
536 
408 
650 
739 
949 
276 
639 
894 
402 
695 
766 
1194 
133 
423 
427 
896 
241 
659 
1170 
984 
185 
1130 
1075 
436 
1033 
1176 
163 
266 
246 
432 
361 
1088 
783 
102 
309 
835 
1222 
1187 
1003 
324 
260 
892 
629 
646 
112 
369 
1093 
1252 
484 
583 
1060 
3 
624 
92 
87 
539 
683 
1112 
1043 
523 
806 
259 
642 
482 
103 
1179 
115 
522 
406 
1037 
310 
1162 
1189 
492 
110 
525 
32 
88 
108 
263 
278 
948 
151 
18 
147 
225 
421 
795 
207 
373 
1201 
399 
921 
933 
201 
684 
224 
626 
1171 
1206 
273 
1064 
404 
161 
378 
681 
255 
947 
381 
367 
678 
1157 
146 
752 
295 
935 
995 
86 
323 
1046 
459 
514 
665 
50 
1143 
434 
186 
1259 
839 
312 
1108 
189 
531 
1048 
1010 
361 
411 
1024 
13 
340 
671 
985 
1227 
834 
1187 
902 
528 
1247 
747 
473 
137 
640 
369 
1097 
1129 
567 
603 
908 
192 
177 
439 
1121 
1087 
928 
408 
120 
487 
581 
1069 
783 
105 
537 
1249 
355 
308 
615 
739 
428 
297 
76 
817 
1080 
14 
923 
310 
861 
820 
1065 
1107 
1101 
522 
113 
823 
1172 
1255 
29 
159 
525 
1184 
309 
746 
932 
131 
87 
518 
431 
789 
396 
321 
647 
731 
502 
147 
423 
1051 
493 
312 
1137 
510 
670 
401 
184 
972 
1206 
452 
366 
1088 
347 
410 
916 
32 
1091 
233 
989 
1025 
268 
1037 
1077 
1048 
1146 
703 
802 
209 
1033 
1008 
1099 
44 
194 
804 
276 
354 
1228 
1055 
758 
415 
299 
1164 
515 
956 
170 
88 
621 
907 
179 
948 
595 
706 
917 
1068 
1124 
794 
679 
1044 
461 
538 
733 
682 
285 
416 
28 
618 
656 
835 
610 
862 
380 
426 
479 
879 
287 
1096 
456 
1200 
453 
499 
1247 
874 
904 
145 
129 
921 
1144 
1003 
273 
213 
1169 
669 
1071 
232 
235 
289 
766 
90 
365 
998 
1143 
727 
48 
469 
684 
164 
288 
472 
1225 
797 
935 
856 
134 
991 
102 
578 
1185 
647 
1165 
143 
185 
1156 
135 
25 
1233 
1254 
1038 
317 
201 
718 
959 
1222 
927 
142 
223 
262 
739 
823 
291 
913 
757 
897 
256 
1087 
467 
650 
543 
642 
76 
1255 
1045 
912 
1004 
473 
117 
789 
519 
817 
16 
371 
1061 
558 
748 
1018 
34 
318 
934 
488 
43 
1060 
1102 
695 
189 
400 
244 
328 
699 
816 
399 
323 
1090 
1016 
361 
512 
568 
756 
844 
58 
1120 
536 
45 
236 
832 
131 
1126 
810 
60 
515 
229 
861 
75 
608 
324 
353 
357 
567 
1178 
593 
778 
56 
1108 
96 
671 
714 
35 
264 
1033 
523 
1228 
320 
883 
225 
961 
803 
1231 
935 
1206 
759 
797 
554 
312 
588 
1136 
990 
782 
1210 
646 
1037 
1084 
871 
222 
1189 
852 
407 
1124 
579 
1249 
552 
607 
615 
1148 
397 
424 
656 
278 
1013 
148 
927 
902 
619 
791 
1201 
369 
323 
246 
61 
1035 
176 
500 
287 
856 
878 
995 
310 
835 
702 
1081 
1091 
255 
688 
1159 
834 
275 
890 
1049 
201 
477 
524 
1118 
979 
73 
480 
35 
76 
439 
136 
401 
660 
490 
252 
1224 
389 
410 
1153 
182 
279 
628 
595 
416 
272 
1145 
654 
965 
411 
1198 
647 
242 
366 
670 
839 
1134 
1203 
928 
138 
60 
64 
896 
1128 
1226 
229 
616 
583 
303 
683 
254 
65 
209 
841 
402 
49 
263 
792 
827 
1132 
1144 
169 
501 
642 
1014 
354 
992 
778 
513 
699 
1258 
89 
690 
243 
669 
1248 
603 
789 
147 
640 
192 
207 
164 
1235 
262 
1162 
331 
510 
355 
568 
904 
672 
1234 
538 
751 
600 
684 
1179 
54 
412 
487 
373 
852 
98 
233 
937 
1007 
460 
30 
259 
92 
1116 
88 
876 
883 
291 
516 
942 
124 
565 
656 
967 
384 
1049 
1228 
179 
1123 
1185 
512 
82 
795 
1143 
145 
90 
426 
1068 
201 
1009 
714 
846 
793 
1036 
140 
62 
1061 
822 
724 
447 
121 
387 
670 
1197 
695 
1034 
1137 
1139 
428 
710 
146 
1111 
134 
186 
840 
1167 
804 
1098 
309 
247 
1225 
484 
461 
263 
1165 
515 
1240 
406 
936 
532 
1102 
686 
677 
505 
1059 
362 
996 
41 
849 
551 
679 
209 
106 
197 
578 
1247 
366 
323 
740 
1161 
843 
612 
838 
91 
749 
1078 
464 
964 
981 
1214 
800 
357 
609 
115 
519 
960 
1138 
590 
1108 
196 
588 
262 
803 
842 
241 
823 
806 
278 
654 
463 
682 
1258 
757 
39 
303 
1003 
1045 
489 
787 
811 
681 
777 
797 
791 
297 
994 
754 
870 
1133 
591 
805 
549 
526 
802 
607 
42 
321 
668 
867 
1024 
1157 
713 
146 
1143 
257 
1198 
652 
586 
64 
862 
638 
259 
1228 
670 
1245 
615 
593 
669 
1193 
821 
380 
1124 
78 
412 
34 
642 
778 
1048 
208 
856 
789 
987 
1084 
352 
318 
662 
998 
1010 
1011 
1223 
982 
414 
937 
984 
1013 
298 
59 
691 
639 
375 
143 
814 
939 
1240 
329 
537 
665 
373 
307 
435 
851 
1090 
1115 
200 
398 
827 
902 
935 
151 
1219 
58 
616 
923 
1061 
1076 
709 
87 
805 
578 
705 
245 
852 
139 
932 
783 
183 
299 
450 
291 
1151 
991 
675 
938 
32 
207 
96 
254 
672 
944 
1134 
130 
550 
473 
76 
654 
930 
966 
62 
463 
936 
14 
747 
438 
758 
583 
842 
981 
1135 
890 
1194 
1247 
464 
929 
348 
460 
1032 
695 
948 
1258 
346 
480 
411 
268 
380 
308 
172 
921 
15 
459 
614 
1020 
1126 
795 
684 
518 
680 
1226 
176 
656 
1180 
824 
1028 
801 
147 
825 
1255 
251 
184 
979 
271 
303 
569 
47 
322 
665 
1038 
1037 
670 
502 
1189 
1206 
194 
868 
1198 
947 
209 
1231 
214 
1124 
846 
366 
146 
682 
487 
1011 
415 
778 
1200 
221 
241 
266 
849 
262 
402 
1081 
834 
171 
1047 
1051 
845 
686 
145 
1155 
327 
741 
618 
1048 
29 
200 
615 
447 
98 
612 
177 
568 
956 
1067 
465 
1056 
758 
226 
326 
912 
229 
510 
1210 
927 
1079 
991 
937 
1090 
528 
562 
1096 
135 
192 
1003 
1132 
283 
246 
358 
833 
148 
341 
494 
1122 
32 
995 
1 
1150 
804 
525 
14 
550 
789 
392 
405 
690 
184 
363 
342 
725 
973 
490 
522 
1068 
140 
790 
1185 
1116 
212 
1186 
204 
935 
321 
428 
1061 
593 
791 
459 
1072 
1139 
182 
526 
63 
567 
1144 
1065 
340 
700 
48 
235 
240 
778 
977 
78 
1228 
1246 
263 
532 
1183 
1055 
329 
520 
512 
1084 
598 
382 
957 
797 
1148 
125 
351 
287 
480 
588 
962 
1078 
421 
840 
53 
622 
551 
773 
1050 
1075 
755 
25 
719 
373 
425 
1226 
813 
258 
464 
195 
284 
414 
487 
1251 
282 
861 
704 
156 
380 
503 
322 
106 
1203 
432 
570 
638 
1053 
908 
509 
556 
540 
207 
1197 
4 
461 
1066 
401 
795 
1035 
519 
896 
488 
229 
397 
1157 
758 
684 
961 
955 
1037 
1180 
821 
281 
781 
843 
259 
442 
777 
366 
1048 
905 
1222 
191 
337 
1217 
308 
948 
60 
375 
1210 
1044 
496 
268 
24 
265 
1234 
1034 
1106 
921 
151 
642 
317 
918 
254 
999 
136 
823 
1153 
381 
639 
217 
176 
453 
333 
1024 
1055 
1107 
400 
799 
789 
776 
908 
1228 
834 
73 
117 
94 
1046 
480 
1120 
1250 
805 
1139 
557 
410 
303 
347 
1130 
1084 
992 
1090 
33 
1170 
515 
652 
501 
87 
1233 
241 
679 
206 
1060 
35 
440 
670 
842 
1112 
646 
927 
351 
380 
131 
1073 
897 
284 
763 
1018 
291 
806 
382 
389 
310 
913 
34 
619 
177 
164 
1059 
495 
781 
621 
145 
519 
739 
1134 
816 
327 
429 
1193 
714 
428 
258 
1091 
98 
1008 
132 
242 
281 
1189 
1075 
1251 
695 
263 
1048 
151 
1229 
403 
888 
823 
902 
1225 
680 
113 
1179 
324 
20 
964 
1142 
243 
1161 
937 
690 
323 
1070 
88 
991 
76 
301 
525 
718 
856 
907 
912 
478 
309 
518 
935 
849 
1137 
805 
346 
567 
821 
1228 
373 
1022 
280 
833 
1121 
758 
1222 
45 
339 
880 
1077 
376 
1217 
402 
641 
452 
1182 
1220 
53 
939 
975 
568 
1181 
791 
503 
412 
217 
1164 
789 
522 
927 
306 
709 
1174 
974 
1106 
42 
62 
328 
1215 
332 
802 
220 
842 
584 
917 
90 
626 
1051 
471 
120 
662 
214 
702 
532 
369 
865 
798 
817 
814 
1156 
519 
553 
298 
192 
1050 
1221 
226 
1208 
1202 
342 
310 
902 
513 
566 
1108 
147 
32 
816 
1044 
254 
40 
838 
1197 
231 
783 
795 
893 
278 
835 
87 
904 
932 
840 
692 
861 
75 
194 
731 
843 
924 
1076 
209 
583 
585 
89 
139 
670 
854 
462 
811 
186 
25 
268 
245 
1244 
839 
1008 
714 
794 
1124 
934 
777 
487 
1055 
425 
58 
317 
440 
536 
1240 
542 
162 
1068 
451 
754 
690 
515 
1090 
757 
954 
1088 
189 
758 
1247 
1153 
1175 
350 
233 
1171 
373 
402 
76 
1087 
1089 
1157 
1187 
191 
389 
206 
862 
375 
457 
940 
1082 
1233 
720 
109 
143 
588 
870 
241 
682 
1053 
745 
937 
647 
912 
1167 
463 
640 
327 
135 
253 
476 
212 
802 
911 
480 
831 
264 
442 
1254 
691 
366 
804 
979 
397 
351 
1099 
956 
47 
775 
1022 
665 
923 
670 
888 
935 
823 
1143 
478 
695 
339 
490 
616 
1048 
684 
871 
35 
978 
631 
522 
1100 
1194 
673 
287 
642 
369 
729 
896 
1130 
576 
1235 
68 
598 
224 
688 
1212 
1116 
746 
597 
992 
1037 
512 
348 
455 
340 
690 
263 
1073 
798 
322 
137 
777 
789 
758 
621 
985 
134 
426 
514 
1162 
1246 
94 
354 
380 
161 
1050 
750 
496 
551 
917 
32 
78 
347 
1197 
1185 
54 
1183 
1234 
373 
876 
885 
908 
880 
902 
236 
422 
1055 
172 
1156 
647 
140 
245 
945 
209 
377 
147 
567 
194 
925 
167 
428 
919 
918 
498 
851 
207 
1228 
947 
251 
813 
1255 
709 
1174 
961 
1063 
1215 
88 
308 
1153 
717 
1100 
213 
770 
1012 
414 
721 
46 
18 
303 
554 
1217 
1200 
0 
833 
511 
679 
1229 
552 
835 
955 
1243 
762 
351 
642 
456 
525 
312 
86 
114 
670 
1048 
823 
76 
260 
229 
340 
948 
238 
314 
861 
934 
677 
921 
1099 
691 
753 
680 
92 
154 
1201 
79 
665 
293 
519 
578 
380 
1037 
1121 
297 
1114 
1044 
347 
1161 
412 
480 
522 
695 
178 
310 
35 
488 
224 
337 
550 
1206 
1112 
949 
12 
510 
1034 
505 
298 
463 
539 
1259 
700 
842 
1214 
647 
1004 
295 
1038 
402 
372 
55 
262 
537 
588 
1060 
1189 
686 
1170 
838 
1008 
50 
384 
789 
735 
254 
1235 
1082 
1179 
137 
630 
265 
600 
373 
353 
408 
538 
1216 
589 
896 
1048 
447 
87 
638 
1222 
366 
151 
731 
930 
385 
381 
529 
935 
1117 
411 
1255 
1191 
856 
1142 
932 
943 
266 
606 
605 
745 
800 
1041 
1225 
130 
33 
101 
361 
145 
656 
709 
732 
442 
1043 
772 
971 
303 
502 
346 
685 
928 
1061 
139 
1010 
1180 
1227 
89 
776 
147 
985 
1078 
519 
916 
819 
827 
435 
438 
948 
499 
245 
849 
995 
164 
937 
327 
813 
1200 
562 
646 
496 
823 
1233 
1102 
452 
309 
302 
294 
535 
670 
797 
263 
134 
1047 
904 
933 
1157 
635 
681 
1175 
75 
795 
1147 
77 
618 
718 
1065 
356 
834 
1124 
423 
738 
964 
811 
24 
29 
108 
248 
584 
1106 
1104 
1222 
90 
168 
174 
567 
583 
1229 
820 
284 
528 
1210 
1197 
311 
182 
750 
140 
373 
694 
753 
106 
686 
1142 
1019 
125 
395 
461 
310 
654 
415 
463 
522 
1195 
903 
269 
1189 
60 
378 
639 
384 
928 
615 
369 
845 
189 
998 
1185 
68 
157 
262 
1013 
1247 
323 
367 
902 
347 
278 
1143 
289 
1099 
670 
789 
207 
776 
1261 
588 
1130 
979 
914 
1216 
646 
790 
1060 
1029 
643 
731 
1255 
1127 
362 
1069 
1012 
448 
1112 
982 
1092 
169 
1251 
553 
462 
1179 
1063 
702 
758 
25 
823 
422 
1194 
1250 
611 
672 
361 
600 
650 
404 
562 
1178 
596 
1101 
1169 
948 
940 
203 
852 
1170 
400 
908 
935 
735 
122 
871 
13 
1208 
618 
467 
177 
781 
96 
1091 
447 
377 
431 
656 
1225 
856 
42 
1104 
1019 
745 
569 
923 
947 
366 
628 
363 
579 
299 
694 
1174 
1106 
233 
183 
912 
747 
593 
87 
190 
625 
1172 
108 
999 
82 
638 
332 
414 
563 
1050 
557 
78 
120 
615 
835 
480 
214 
415 
1081 
1235 
472 
257 
603 
779 
902 
90 
927 
394 
226 
518 
851 
621 
445 
885 
323 
209 
1132 
439 
476 
1139 
35 
22 
410 
789 
840 
797 
821 
880 
1133 
51 
1216 
578 
773 
221 
647 
778 
384 
1073 
264 
763 
616 
686 
1096 
459 
161 
1130 
232 
297 
550 
743 
517 
1070 
1144 
1108 
522 
278 
979 
583 
537 
371 
138 
255 
293 
1056 
731 
428 
13 
612 
759 
670 
921 
1242 
145 
1043 
1114 
401 
1033 
84 
416 
45 
874 
849 
134 
1158 
1167 
884 
551 
317 
33 
619 
1143 
897 
1137 
1195 
88 
322 
279 
254 
1068 
871 
942 
76 
402 
684 
480 
1146 
1172 
533 
259 
332 
562 
933 
642 
1048 
309 
1000 
35 
679 
208 
696 
735 
235 
814 
465 
1171 
836 
131 
738 
1182 
523 
557 
991 
807 
1090 
798 
554 
143 
1124 
1216 
229 
510 
775 
822 
823 
251 
241 
760 
327 
384 
519 
538 
1123 
1063 
1106 
893 
638 
958 
112 
654 
223 
568 
289 
783 
206 
209 
361 
690 
615 
800 
1261 
1206 
781 
535 
120 
890 
410 
90 
791 
1185 
912 
610 
1008 
1247 
647 
184 
78 
840 
339 
677 
1044 
273 
785 
905 
129 
324 
526 
581 
1047 
746 
421 
291 
407 
341 
834 
102 
979 
886 
1135 
95 
368 
1033 
739 
328 
525 
564 
323 
1154 
399 
748 
135 
1060 
352 
48 
106 
170 
29 
303 
1118 
1132 
89 
684 
662 
326 
512 
27 
356 
532 
491 
752 
1102 
630 
1225 
34 
797 
514 
827 
476 
898 
121 
861 
531 
879 
674 
1081 
524 
402 
1116 
527 
389 
439 
390 
1003 
176 
52 
557 
1203 
927 
81 
1120 
35 
76 
714 
902 
579 
1242 
151 
447 
192 
668 
856 
378 
906 
403 
68 
384 
690 
143 
1252 
22 
682 
823 
1179 
442 
1162 
702 
675 
104 
806 
842 
1245 
171 
316 
836 
860 
795 
772 
1130 
264 
244 
123 
656 
1133 
1201 
15 
45 
110 
426 
528 
556 
243 
743 
1137 
919 
340 
964 
510 
774 
615 
961 
691 
789 
1153 
636 
381 
537 
992 
1209 
1037 
1174 
132 
1050 
943 
117 
735 
954 
940 
1014 
373 
1235 
567 
654 
853 
1150 
873 
1070 
42 
834 
327 
232 
570 
147 
908 
1247 
134 
256 
412 
1126 
88 
190 
611 
87 
184 
318 
652 
222 
937 
207 
659 
607 
459 
347 
902 
1178 
277 
1192 
639 
98 
245 
261 
1144 
366 
60 
758 
1104 
235 
1176 
95 
794 
1009 
738 
80 
805 
928 
241 
1210 
155 
438 
480 
653 
598 
856 
53 
491 
328 
151 
518 
904 
97 
877 
1194 
81 
420 
1179 
161 
731 
839 
1259 
1099 
679 
1090 
397 
867 
673 
246 
999 
683 
483 
1048 
1121 
1081 
792 
938 
356 
209 
1035 
1185 
133 
225 
257 
739 
1109 
615 
404 
636 
695 
310 
797 
76 
115 
221 
46 
718 
603 
1008 
1043 
715 
146 
529 
1258 
783 
1255 
96 
588 
601 
814 
1045 
1100 
851 
1246 
977 
373 
688 
832 
1248 
348 
456 
709 
1025 
435 
726 
508 
1114 
29 
677 
798 
638 
1047 
1222 
1077 
789 
1201 
45 
1061 
1143 
902 
1193 
4 
681 
91 
1145 
384 
402 
1029 
1056 
190 
1132 
183 
1034 
406 
522 
935 
125 
757 
134 
844 
686 
87 
945 
567 
948 
1162 
1233 
1158 
738 
944 
583 
704 
610 
652 
937 
1028 
23 
323 
519 
894 
670 
407 
201 
1144 
932 
835 
43 
318 
531 
1170 
593 
303 
309 
1016 
912 
949 
617 
39 
927 
60 
1146 
896 
981 
759 
800 
135 
763 
176 
725 
1227 
542 
436 
550 
737 
394 
537 
785 
1105 
186 
684 
1070 
865 
375 
1124 
351 
373 
805 
1172 
304 
636 
642 
773 
575 
860 
1187 
719 
352 
578 
74 
389 
1137 
585 
957 
1235 
1049 
250 
964 
1081 
902 
766 
147 
668 
475 
616 
682 
758 
845 
1100 
484 
1060 
316 
937 
1247 
687 
789 
276 
906 
330 
522 
327 
644 
731 
746 
759 
532 
76 
183 
480 
1229 
378 
123 
1171 
511 
1249 
783 
1005 
643 
991 
513 
523 
321 
600 
95 
852 
1032 
821 
534 
1180 
106 
410 
504 
145 
254 
336 
197 
81 
591 
904 
1261 
851 
856 
53 
1022 
31 
840 
102 
890 
201 
956 
128 
928 
397 
192 
563 
834 
1193 
815 
1044 
272 
625 
141 
971 
1075 
678 
533 
855 
965 
525 
986 
92 
47 
1242 
48 
130 
439 
1061 
681 
112 
798 
58 
207 
739 
662 
323 
686 
823 
562 
700 
263 
1055 
1161 
943 
962 
789 
279 
878 
1106 
1153 
935 
275 
59 
359 
694 
642 
231 
293 
698 
921 
310 
440 
671 
647 
524 
1008 
1013 
876 
138 
550 
421 
339 
1238 
35 
1048 
1043 
1088 
1143 
1091 
1240 
690 
773 
36 
1218 
615 
814 
344 
923 
538 
490 
1170 
131 
209 
1073 
10 
241 
908 
18 
948 
745 
822 
722 
1214 
979 
897 
426 
98 
714 
103 
938 
1016 
639 
618 
940 
392 
1068 
598 
890 
927 
1144 
795 
1029 
402 
886 
869 
1205 
1239 
1123 
286 
1225 
480 
503 
1124 
766 
290 
390 
1167 
987 
750 
617 
1201 
304 
1082 
593 
64 
400 
1174 
381 
626 
628 
351 
802 
579 
1251 
1076 
915 
1094 
557 
329 
791 
936 
71 
268 
1259 
839 
415 
961 
527 
581 
1103 
244 
140 
537 
1183 
259 
1179 
841 
601 
1109 
371 
1248 
949 
1247 
1025 
25 
1111 
15 
266 
422 
327 
665 
1172 
1235 
384 
588 
616 
1055 
206 
576 
687 
322 
522 
1056 
164 
753 
1012 
1122 
1228 
884 
1090 
1048 
254 
374 
309 
749 
63 
937 
759 
902 
578 
339 
88 
788 
974 
1036 
1108 
1070 
207 
745 
136 
214 
925 
845 
373 
235 
82 
758 
684 
1053 
980 
1222 
1009 
185 
765 
1232 
1008 
636 
47 
412 
375 
452 
677 
854 
1130 
562 
647 
53 
995 
1242 
174 
1170 
201 
1193 
686 
1169 
142 
835 
50 
739 
1201 
797 
480 
1197 
1117 
1233 
98 
1215 
178 
789 
992 
1106 
92 
380 
1176 
580 
489 
840 
372 
450 
894 
1258 
62 
1038 
670 
638 
707 
668 
379 
519 
1061 
415 
260 
890 
447 
833 
116 
1044 
832 
1245 
283 
284 
927 
805 
310 
567 
1179 
278 
323 
527 
43 
510 
467 
477 
76 
96 
87 
445 
332 
473 
387 
499 
654 
515 
131 
25 
688 
528 
318 
209 
985 
135 
954 
309 
458 
578 
642 
680 
402 
307 
906 
63 
299 
194 
404 
400 
123 
521 
281 
297 
428 
40 
255 
337 
342 
695 
1050 
897 
279 
681 
785 
198 
394 
479 
682 
800 
164 
231 
361 
110 
303 
211 
502 
1025 
532 
222 
223 
176 
537 
1259 
47 
802 
1087 
370 
243 
496 
68 
713 
106 
791 
823 
146 
373 
415 
846 
991 
737 
937 
200 
23 
141 
488 
646 
1217 
1016 
1234 
259 
1084 
797 
878 
833 
1000 
512 
616 
178 
958 
82 
938 
1069 
312 
652 
478 
778 
961 
777 
1187 
13 
438 
813 
930 
414 
278 
731 
201 
447 
951 
254 
842 
88 
638 
684 
1124 
1249 
1123 
256 
533 
576 
238 
967 
525 
909 
679 
888 
1258 
220 
435 
151 
931 
56 
304 
1005 
310 
1048 
1170 
835 
208 
1228 
76 
840 
1139 
204 
861 
1132 
609 
251 
984 
839 
403 
520 
399 
52 
566 
464 
810 
1037 
92 
974 
416 
140 
877 
902 
1159 
529 
935 
507 
515 
1222 
1109 
910 
688 
536 
1044 
248 
879 
1136 
696 
263 
339 
129 
1261 
514 
522 
207 
262 
537 
354 
649 
1032 
1107 
1130 
307 
134 
519 
675 
366 
890 
937 
54 
934 
404 
413 
654 
502 
593 
1144 
86 
344 
687 
32 
394 
1158 
803 
954 
567 
177 
323 
6 
1040 
744 
402 
509 
851 
1140 
899 
985 
78 
936 
814 
737 
145 
1090 
551 
785 
1039 
659 
673 
245 
440 
151 
1201 
198 
823 
1242 
1174 
361 
795 
1013 
164 
598 
580 
912 
641 
132 
83 
255 
779 
229 
81 
183 
364 
439 
373 
569 
759 
1185 
191 
714 
1135 
515 
642 
758 
533 
504 
877 
1010 
886 
1169 
414 
200 
646 
935 
189 
4 
835 
864 
1044 
1191 
783 
1258 
26 
562 
223 
15 
147 
340 
1124 
948 
1127 
262 
310 
727 
1098 
208 
679 
410 
1033 
1123 
557 
680 
259 
381 
156 
385 
1022 
297 
518 
775 
902 
91 
845 
88 
248 
1187 
463 
76 
962 
615 
550 
668 
778 
309 
45 
481 
595 
246 
137 
1154 
788 
401 
42 
1170 
337 
670 
1183 
278 
176 
320 
280 
838 
75 
438 
145 
1216 
777 
361 
942 
1165 
452 
522 
789 
366 
985 
426 
303 
923 
329 
1014 
709 
1048 
1180 
1103 
552 
1000 
327 
652 
1047 
214 
165 
842 
928 
896 
515 
78 
363 
826 
747 
616 
1096 
677 
376 
510 
129 
663 
323 
392 
447 
396 
369 
856 
763 
70 
878 
931 
1081 
1073 
484 
927 
624 
319 
612 
879 
1147 
703 
742 
1090 
532 
771 
1130 
87 
823 
424 
1043 
32 
135 
1124 
373 
893 
23 
264 
339 
936 
924 
1066 
1206 
362 
991 
275 
917 
593 
440 
155 
260 
557 
570 
287 
1258 
639 
956 
849 
1002 
932 
402 
672 
1108 
533 
201 
394 
1138 
254 
525 
622 
286 
128 
656 
724 
528 
585 
925 
1244 
432 
1233 
22 
326 
384 
322 
177 
733 
755 
88 
507 
1229 
803 
845 
1174 
50 
813 
438 
116 
1173 
318 
488 
890 
1180 
1157 
1033 
902 
1091 
1100 
310 
410 
912 
336 
713 
789 
834 
1235 
13 
1259 
901 
536 
374 
1237 
268 
701 
618 
209 
566 
664 
840 
403 
935 
827 
779 
655 
1189 
355 
675 
964 
652 
123 
851 
478 
487 
91 
466 
961 
524 
68 
409 
407 
948 
712 
323 
954 
864 
966 
766 
580 
352 
113 
231 
1216 
1228 
92 
1178 
1241 
927 
928 
88 
745 
78 
412 
913 
896 
8 
373 
987 
797 
309 
129 
904 
795 
747 
480 
880 
704 
399 
1255 
1124 
234 
1024 
776 
101 
274 
1261 
804 
695 
753 
377 
729 
1247 
138 
1043 
297 
296 
642 
147 
354 
1084 
1081 
502 
522 
519 
303 
1055 
1187 
1210 
686 
971 
384 
821 
962 
532 
1258 
192 
1116 
180 
430 
671 
1161 
200 
616 
323 
1016 
310 
489 
823 
798 
550 
995 
540 
402 
1185 
233 
87 
578 
1193 
204 
639 
1022 
660 
269 
72 
731 
476 
145 
1052 
1086 
1180 
400 
319 
413 
752 
308 
970 
652 
76 
58 
140 
279 
148 
1073 
568 
23 
935 
208 
134 
1048 
255 
1056 
1170 
443 
607 
452 
843 
1076 
461 
1247 
163 
294 
438 
1090 
533 
823 
609 
902 
871 
895 
1169 
332 
516 
1225 
398 
456 
593 
642 
805 
932 
688 
817 
980 
179 
526 
912 
781 
346 
679 
1228 
647 
696 
1094 
567 
1124 
228 
892 
35 
510 
979 
1172 
619 
1158 
442 
1183 
376 
1100 
190 
525 
832 
690 
108 
508 
936 
687 
924 
259 
1144 
1204 
324 
1233 
500 
1121 
684 
984 
1122 
972 
69 
672 
1191 
34 
890 
791 
1174 
1045 
699 
977 
532 
455 
184 
1143 
674 
621 
667 
235 
654 
852 
1091 
485 
7 
174 
1149 
45 
1065 
340 
1162 
749 
1038 
361 
310 
1060 
1179 
111 
131 
522 
962 
844 
50 
263 
426 
93 
564 
86 
339 
29 
1251 
527 
1250 
126 
849 
1197 
278 
3 
833 
622 
880 
1007 
4 
799 
369 
1110 
730 
352 
987 
789 
483 
1044 
225 
1256 
842 
856 
145 
567 
927 
30 
1048 
151 
519 
1081 
373 
299 
970 
751 
992 
609 
412 
981 
155 
587 
1058 
1232 
326 
402 
208 
947 
328 
354 
1144 
472 
595 
776 
516 
71 
862 
755 
937 
1258 
695 
1139 
380 
1169 
439 
35 
77 
1229 
1014 
675 
578 
511 
669 
934 
731 
642 
912 
1037 
502 
735 
156 
1073 
183 
383 
410 
254 
140 
262 
1015 
309 
327 
1228 
647 
1082 
1185 
1089 
384 
1186 
619 
670 
289 
707 
83 
938 
1158 
845 
1193 
176 
665 
394 
747 
129 
550 
295 
961 
347 
168 
130 
76 
245 
869 
148 
800 
840 
1047 
588 
813 
556 
515 
896 
999 
531 
424 
738 
777 
798 
1246 
902 
44 
621 
1209 
1143 
1032 
885 
113 
373 
639 
209 
685 
467 
340 
602 
932 
268 
316 
473 
461 
1090 
694 
1045 
1235 
518 
1034 
557 
163 
722 
1023 
366 
1048 
13 
323 
1114 
1141 
42 
684 
102 
519 
308 
636 
789 
200 
146 
438 
306 
522 
958 
745 
1012 
397 
264 
352 
674 
182 
1123 
1004 
36 
704 
1061 
91 
353 
806 
439 
605 
939 
752 
1132 
447 
774 
849 
14 
329 
670 
241 
1101 
654 
445 
98 
600 
718 
991 
746 
757 
60 
370 
429 
143 
476 
299 
484 
73 
90 
687 
294 
379 
70 
862 
809 
937 
1060 
380 
1175 
580 
363 
926 
303 
1158 
480 
1186 
1194 
998 
1257 
842 
525 
414 
935 
1050 
221 
528 
1229 
1130 
1214 
402 
1172 
201 
852 
229 
564 
986 
1065 
1231 
961 
645 
954 
795 
578 
235 
738 
344 
892 
1171 
1201 
157 
130 
840 
1212 
324 
341 
332 
665 
108 
928 
872 
1235 
65 
593 
134 
178 
109 
517 
477 
373 
832 
767 
209 
841 
890 
1225 
337 
747 
123 
259 
122 
1185 
116 
82 
1167 
835 
991 
273 
145 
776 
758 
1222 
1100 
412 
1099 
781 
1189 
214 
642 
1120 
161 
879 
147 
1247 
562 
87 
1187 
119 
76 
616 
339 
14 
1202 
6 
502 
1191 
956 
52 
1159 
1104 
488 
428 
612 
1112 
609 
484 
91 
1032 
934 
420 
95 
789 
602 
667 
50 
310 
323 
823 
1174 
1036 
712 
714 
464 
653 
567 
927 
1056 
245 
44 
708 
1033 
1221 
798 
588 
1233 
1061 
308 
563 
1123 
390 
235 
1041 
537 
690 
948 
628 
458 
1021 
259 
199 
570 
350 
710 
515 
1255 
977 
517 
1055 
1130 
86 
47 
278 
842 
1038 
598 
88 
687 
309 
695 
820 
254 
697 
576 
1190 
4 
648 
383 
578 
1198 
603 
516 
58 
208 
382 
174 
1000 
78 
1066 
1226 
201 
224 
242 
444 
1017 
270 
1080 
410 
672 
448 
813 
935 
518 
636 
1164 
696 
421 
522 
1082 
1153 
1155 
345 
834 
1014 
996 
196 
884 
1059 
281 
567 
771 
1229 
1196 
1063 
141 
1073 
159 
1070 
880 
1232 
1144 
747 
875 
436 
597 
1173 
125 
715 
405 
39 
551 
187 
609 
499 
229 
652 
391 
802 
207 
562 
670 
840 
998 
1134 
580 
138 
373 
621 
1090 
749 
1076 
407 
423 
1247 
902 
1053 
593 
758 
376 
727 
753 
431 
255 
704 
1099 
42 
857 
1124 
449 
730 
931 
965 
272 
659 
514 
508 
1145 
1233 
823 
1225 
606 
874 
936 
154 
573 
61 
337 
303 
566 
731 
851 
402 
877 
948 
645 
1060 
1257 
608 
254 
964 
99 
459 
47 
1139 
1172 
52 
686 
1104 
1193 
432 
1189 
143 
465 
817 
245 
208 
1259 
564 
839 
118 
590 
552 
309 
735 
679 
750 
1074 
278 
921 
810 
1051 
616 
488 
517 
1084 
1106 
937 
827 
568 
642 
102 
35 
91 
574 
534 
171 
260 
124 
804 
789 
370 
410 
662 
739 
110 
896 
151 
76 
974 
477 
617 
732 
489 
856 
327 
1224 
373 
917 
519 
394 
628 
890 
646 
445 
757 
416 
1077 
470 
131 
1135 
32 
1014 
1143 
959 
48 
1050 
134 
1059 
1119 
256 
187 
283 
981 
691 
1005 
142 
746 
1222 
690 
806 
323 
525 
1229 
609 
1247 
749 
403 
402 
473 
1235 
1124 
163 
1065 
1198 
684 
20 
78 
785 
224 
145 
1010 
1073 
758 
139 
310 
578 
927 
353 
745 
1070 
895 
1170 
912 
902 
465 
855 
439 
241 
1174 
1056 
298 
893 
347 
294 
668 
817 
554 
181 
570 
832 
838 
576 
955 
598 
1179 
1246 
595 
387 
88 
683 
686 
820 
1044 
580 
966 
324 
567 
34 
731 
816 
884 
604 
896 
221 
191 
447 
1210 
426 
512 
332 
208 
1116 
720 
1096 
385 
415 
608 
1114 
1091 
373 
807 
1258 
483 
247 
189 
940 
534 
541 
498 
783 
340 
440 
782 
823 
536 
789 
243 
276 
45 
1193 
1190 
1068 
398 
1081 
436 
1018 
435 
1080 
522 
1112 
539 
323 
282 
74 
1228 
81 
942 
1012 
187 
937 
59 
527 
1159 
229 
87 
330 
1033 
738 
670 
845 
434 
366 
131 
450 
424 
1057 
76 
397 
699 
1167 
279 
714 
130 
776 
151 
1017 
1060 
1208 
371 
912 
73 
135 
1102 
35 
1189 
1222 
917 
974 
1170 
987 
535 
840 
414 
1180 
519 
83 
614 
617 
679 
147 
137 
510 
164 
242 
381 
432 
1115 
603 
855 
1143 
308 
410 
1003 
123 
232 
428 
324 
802 
1255 
838 
427 
758 
566 
943 
924 
186 
372 
961 
461 
309 
621 
827 
1179 
605 
688 
117 
567 
285 
525 
588 
626 
287 
1226 
299 
898 
284 
948 
234 
480 
690 
1090 
405 
683 
1010 
157 
960 
1000 
207 
487 
601 
774 
402 
932 
1261 
843 
1140 
278 
332 
1171 
107 
879 
1063 
60 
1197 
665 
215 
340 
906 
800 
80 
269 
814 
1144 
834 
113 
532 
797 
1086 
654 
1138 
208 
456 
798 
176 
1118 
351 
88 
821 
890 
32 
1187 
1102 
1215 
675 
241 
674 
842 
510 
985 
145 
1194 
1250 
451 
908 
136 
528 
1123 
354 
373 
141 
564 
986 
1258 
274 
183 
789 
1128 
465 
371 
931 
1214 
209 
895 
1106 
857 
259 
523 
840 
917 
9 
578 
1202 
1061 
483 
542 
1172 
477 
324 
1169 
670 
651 
795 
1045 
474 
599 
1145 
903 
902 
322 
745 
131 
832 
395 
618 
1093 
1178 
1229 
1233 
1210 
615 
940 
40 
1124 
199 
839 
999 
799 
877 
1235 
536 
803 
743 
380 
927 
414 
928 
1091 
243 
369 
450 
736 
837 
1114 
58 
307 
841 
522 
78 
517 
212 
308 
515 
1170 
811 
134 
412 
912 
702 
916 
998 
361 
585 
223 
255 
310 
562 
937 
1074 
220 
1068 
892 
1009 
991 
246 
1034 
53 
1247 
121 
1176 
619 
781 
373 
583 
646 
560 
207 
1050 
263 
478 
851 
1112 
1193 
446 
490 
227 
1065 
1184 
601 
127 
694 
902 
194 
853 
87 
466 
397 
340 
684 
679 
426 
1105 
139 
603 
485 
995 
823 
608 
404 
704 
112 
46 
401 
309 
1081 
61 
656 
842 
1048 
284 
578 
879 
211 
399 
1056 
1222 
60 
1169 
35 
552 
1155 
49 
428 
327 
713 
1046 
146 
1111 
378 
488 
15 
678 
890 
1036 
512 
228 
982 
595 
403 
416 
606 
1118 
730 
794 
1130 
317 
964 
489 
570 
683 
759 
33 
1040 
142 
496 
226 
458 
936 
579 
695 
598 
32 
406 
287 
356 
1156 
164 
138 
742 
411 
159 
206 
940 
1032 
130 
297 
339 
384 
283 
551 
303 
912 
588 
302 
528 
205 
323 
126 
484 
279 
1158 
621 
737 
1259 
1099 
1231 
861 
574 
902 
896 
116 
823 
1112 
286 
466 
281 
42 
856 
53 
402 
1247 
95 
1016 
45 
309 
460 
783 
739 
509 
607 
1174 
814 
353 
682 
910 
183 
803 
679 
788 
1215 
92 
875 
686 
156 
50 
401 
415 
41 
1248 
1043 
361 
789 
580 
684 
22 
776 
736 
1014 
189 
805 
352 
511 
847 
1151 
1207 
948 
367 
534 
241 
141 
705 
1109 
1020 
923 
1261 
88 
1091 
747 
306 
1250 
1237 
307 
86 
371 
1149 
834 
1070 
482 
1106 
76 
459 
501 
1081 
985 
87 
245 
843 
1089 
991 
448 
1233 
935 
1045 
1235 
380 
755 
962 
746 
927 
275 
317 
355 
1120 
235 
453 
579 
483 
19 
113 
272 
390 
979 
112 
928 
351 
840 
569 
690 
1123 
192 
1084 
670 
823 
159 
700 
1144 
839 
1228 
956 
791 
410 
554 
36 
1259 
855 
35 
243 
611 
442 
525 
975 
449 
965 
538 
798 
1189 
726 
1014 
137 
428 
268 
29 
593 
1201 
186 
695 
264 
578 
54 
1051 
47 
934 
566 
959 
1000 
323 
648 
451 
1238 
797 
298 
876 
209 
1024 
151 
396 
502 
187 
1047 
140 
1146 
1010 
1153 
416 
512 
90 
902 
742 
558 
462 
964 
562 
310 
787 
254 
1179 
1122 
961 
256 
653 
816 
434 
948 
522 
1036 
527 
827 
1174 
984 
78 
172 
642 
185 
77 
765 
1233 
1247 
258 
148 
551 
678 
1048 
618 
401 
1242 
1123 
95 
120 
439 
789 
1133 
778 
289 
60 
1037 
1258 
228 
1255 
670 
1143 
381 
402 
758 
283 
309 
853 
867 
603 
373 
1094 
542 
821 
118 
1121 
476 
412 
1084 
86 
145 
159 
912 
459 
790 
366 
727 
132 
609 
810 
927 
1106 
1112 
722 
683 
1032 
796 
174 
226 
88 
991 
362 
908 
684 
543 
108 
990 
849 
35 
91 
970 
1081 
308 
560 
605 
550 
1046 
501 
580 
583 
536 
134 
1158 
285 
737 
352 
121 
201 
935 
696 
566 
739 
1014 
937 
73 
1050 
1135 
229 
777 
940 
1099 
146 
272 
251 
1037 
420 
961 
1032 
639 
675 
1078 
173 
578 
1210 
371 
463 
1109 
189 
1258 
310 
147 
1193 
710 
403 
1137 
781 
1163 
410 
616 
917 
48 
1022 
1040 
936 
437 
438 
974 
800 
421 
643 
826 
629 
32 
1048 
999 
1144 
373 
224 
1 
1179 
851 
967 
458 
440 
896 
964 
179 
852 
1117 
811 
1218 
60 
690 
752 
1012 
1000 
473 
1059 
773 
1213 
1089 
665 
747 
1216 
256 
309 
1241 
1215 
674 
857 
923 
379 
1027 
477 
326 
1134 
1170 
672 
442 
1080 
235 
42 
1141 
977 
15 
656 
177 
823 
142 
363 
525 
827 
738 
789 
523 
992 
838 
1249 
813 
980 
1145 
1065 
209 
583 
49 
47 
902 
1010 
1090 
380 
281 
223 
381 
562 
954 
512 
1064 
909 
427 
1203 
318 
196 
1102 
730 
868 
208 
190 
192 
567 
90 
243 
480 
291 
176 
631 
1162 
289 
268 
908 
410 
53 
532 
330 
74 
277 
229 
986 
735 
593 
1014 
904 
1091 
470 
1232 
276 
466 
528 
834 
152 
1074 
1227 
749 
341 
161 
928 
1073 
298 
213 
777 
554 
201 
374 
54 
9 
937 
1156 
256 
76 
308 
206 
1011 
131 
87 
551 
948 
148 
351 
35 
287 
586 
185 
794 
1040 
690 
1229 
647 
935 
503 
1048 
778 
183 
1167 
1114 
476 
163 
966 
339 
699 
332 
686 
433 
1135 
522 
316 
371 
851 
670 
1142 
224 
921 
426 
753 
1258 
1183 
805 
577 
186 
667 
452 
752 
373 
945 
563 
758 
629 
1017 
1067 
542 
1242 
1206 
264 
38 
1251 
880 
492 
646 
147 
323 
1261 
678 
309 
593 
91 
827 
1014 
40 
369 
642 
954 
515 
200 
160 
1153 
654 
590 
1070 
562 
461 
489 
447 
284 
141 
191 
1003 
133 
223 
917 
42 
161 
528 
402 
1101 
552 
341 
310 
1110 
1180 
384 
135 
512 
719 
737 
298 
652 
823 
69 
412 
656 
194 
1012 
1044 
1107 
4 
966 
792 
727 
616 
1102 
789 
726 
1157 
1162 
665 
1056 
488 
1184 
487 
755 
1225 
164 
376 
902 
598 
761 
625 
759 
947 
532 
381 
1144 
1193 
937 
2 
228 
232 
1179 
156 
615 
748 
1130 
1143 
718 
221 
647 
795 
1219 
184 
890 
1048 
1063 
258 
394 
1229 
480 
209 
938 
505 
1043 
690 
32 
912 
183 
738 
174 
318 
607 
154 
1228 
76 
671 
1253 
670 
522 
805 
13 
303 
43 
189 
306 
353 
42 
942 
1209 
339 
246 
310 
798 
147 
308 
177 
29 
1258 
125 
1022 
1210 
424 
753 
926 
389 
639 
88 
245 
201 
387 
695 
935 
143 
1090 
731 
423 
797 
843 
551 
463 
465 
1187 
1061 
482 
901 
502 
292 
1038 
636 
1149 
1249 
1180 
1238 
383 
159 
1156 
151 
923 
1050 
204 
208 
584 
323 
405 
327 
373 
478 
794 
518 
679 
363 
538 
1044 
410 
599 
206 
324 
47 
498 
617 
515 
583 
778 
340 
852 
986 
1170 
702 
840 
660 
1146 
461 
857 
954 
578 
1018 
439 
1123 
1107 
525 
838 
1117 
60 
1233 
749 
244 
526 
1169 
727 
913 
851 
806 
971 
272 
415 
609 
352 
431 
683 
930 
654 
193 
789 
129 
714 
1024 
1174 
191 
673 
480 
529 
804 
753 
928 
1187 
329 
433 
896 
974 
65 
559 
1259 
36 
322 
1252 
528 
827 
797 
1228 
134 
668 
1068 
1120 
927 
1003 
136 
795 
862 
741 
801 
1086 
436 
835 
1122 
176 
768 
979 
535 
53 
616 
1206 
448 
648 
189 
558 
1203 
738 
281 
1258 
1171 
25 
931 
1201 
841 
598 
412 
157 
9 
1048 
371 
466 
1247 
1028 
580 
197 
50 
255 
298 
15 
694 
813 
57 
567 
287 
1056 
534 
59 
397 
512 
560 
606 
765 
231 
739 
130 
124 
373 
190 
1103 
164 
337 
1177 
364 
636 
1035 
201 
663 
665 
113 
394 
330 
78 
521 
1233 
578 
410 
823 
161 
276 
676 
595 
421 
1193 
588 
277 
936 
1092 
502 
1050 
209 
961 
378 
1106 
679 
1008 
1251 
537 
471 
902 
727 
340 
339 
1036 
1189 
1109 
76 
935 
581 
814 
613 
38 
897 
1148 
443 
699 
833 
385 
527 
303 
758 
1179 
609 
449 
501 
1247 
87 
299 
91 
519 
1174 
1185 
53 
583 
134 
81 
532 
991 
1049 
1084 
1119 
525 
458 
670 
1065 
468 
672 
451 
852 
157 
1201 
783 
353 
1124 
414 
627 
128 
309 
1217 
569 
442 
999 
147 
320 
680 
370 
373 
39 
254 
291 
264 
719 
463 
1132 
1014 
538 
138 
1228 
789 
568 
937 
797 
1070 
834 
227 
856 
1175 
593 
562 
1143 
1172 
564 
665 
366 
1032 
1153 
654 
308 
113 
1233 
355 
1225 
229 
29 
1048 
1119 
1213 
32 
1243 
1194 
1073 
1214 
675 
1040 
1086 
34 
524 
1231 
795 
170 
228 
489 
48 
329 
616 
985 
350 
476 
450 
628 
817 
1171 
1102 
823 
310 
895 
902 
192 
506 
944 
1055 
201 
935 
1258 
851 
467 
78 
189 
498 
826 
108 
1138 
588 
1210 
759 
88 
537 
268 
499 
745 
839 
927 
1016 
1001 
1091 
1061 
1255 
607 
1031 
679 
1179 
1201 
422 
297 
1187 
870 
1193 
713 
1020 
139 
1240 
578 
541 
835 
1045 
567 
948 
1059 
820 
906 
777 
264 
671 
323 
991 
440 
83 
303 
158 
209 
328 
1033 
318 
415 
262 
937 
739 
184 
1247 
525 
778 
554 
443 
488 
411 
789 
432 
677 
206 
462 
340 
1106 
758 
570 
919 
1161 
1167 
439 
120 
259 
1003 
60 
384 
135 
309 
640 
260 
144 
962 
1050 
1164 
438 
33 
241 
785 
1251 
684 
330 
22 
716 
1215 
373 
890 
628 
1229 
1111 
647 
1124 
372 
747 
410 
382 
749 
344 
795 
1179 
800 
6 
683 
862 
1206 
947 
1084 
461 
433 
1193 
1142 
483 
1259 
1144 
965 
679 
14 
653 
840 
321 
608 
864 
725 
278 
1067 
177 
838 
948 
1225 
680 
50 
580 
502 
844 
107 
153 
351 
1214 
333 
130 
718 
396 
524 
829 
671 
283 
782 
1061 
199 
797 
759 
771 
76 
412 
206 
92 
318 
985 
122 
103 
327 
378 
253 
654 
652 
791 
937 
139 
228 
888 
354 
414 
465 
1188 
1108 
936 
979 
176 
411 
1056 
808 
369 
1093 
785 
303 
675 
935 
597 
720 
1153 
88 
1143 
1114 
789 
450 
1239 
209 
3 
690 
852 
146 
703 
54 
186 
606 
788 
324 
1135 
1187 
560 
839 
1222 
18 
567 
846 
402 
308 
1229 
178 
263 
25 
232 
565 
536 
389 
254 
301 
454 
902 
1158 
362 
1075 
877 
1104 
522 
1113 
608 
619 
1035 
120 
452 
1202 
626 
762 
1234 
964 
528 
1248 
445 
482 
192 
1129 
355 
1155 
198 
532 
467 
714 
1146 
1033 
145 
1084 
1179 
312 
60 
200 
1076 
1140 
656 
627 
239 
393 
1189 
1176 
642 
77 
1137 
1091 
1005 
1233 
1048 
514 
480 
259 
820 
954 
147 
612 
347 
980 
130 
583 
202 
1247 
443 
851 
131 
413 
1172 
788 
1016 
247 
150 
739 
1153 
785 
440 
942 
1174 
384 
1108 
652 
1098 
646 
870 
537 
88 
948 
67 
45 
943 
157 
1025 
461 
1000 
1028 
1228 
340 
397 
912 
83 
578 
1246 
316 
910 
439 
433 
861 
376 
380 
214 
1193 
1087 
1111 
670 
207 
868 
615 
112 
424 
151 
303 
444 
228 
124 
309 
611 
738 
381 
567 
44 
845 
191 
120 
396 
902 
1038 
952 
164 
653 
175 
988 
827 
123 
519 
932 
588 
1238 
949 
1152 
285 
628 
298 
516 
654 
278 
675 
857 
1184 
522 
703 
1047 
856 
773 
405 
502 
1223 
1241 
310 
531 
18 
1082 
299 
1121 
483 
789 
117 
57 
201 
1198 
86 
1222 
223 
823 
281 
573 
1206 
139 
638 
890 
138 
268 
1154 
662 
1141 
928 
367 
1066 
618 
967 
1178 
1183 
930 
1077 
282 
562 
1187 
1032 
29 
35 
896 
472 
557 
1108 
854 
263 
699 
134 
822 
1143 
85 
1124 
146 
241 
748 
578 
597 
665 
866 
550 
1258 
951 
834 
624 
747 
1134 
253 
1182 
187 
1136 
524 
927 
49 
341 
380 
107 
991 
22 
466 
1120 
382 
375 
1199 
1140 
185 
564 
935 
1073 
73 
1127 
706 
1135 
145 
351 
327 
25 
938 
531 
791 
147 
102 
551 
313 
563 
670 
839 
532 
619 
1003 
645 
164 
1254 
63 
112 
392 
1189 
1044 
71 
803 
945 
402 
813 
767 
919 
54 
835 
442 
512 
381 
183 
309 
631 
322 
254 
444 
763 
446 
1091 
758 
291 
1090 
1238 
272 
738 
677 
785 
956 
1177 
365 
1228 
1222 
931 
394 
398 
18 
579 
435 
347 
1130 
609 
426 
1148 
189 
667 
1172 
304 
708 
458 
373 
573 
408 
639 
811 
1256 
3 
60 
928 
646 
1144 
768 
410 
511 
841 
353 
191 
607 
957 
990 
499 
50 
88 
578 
1008 
522 
685 
262 
482 
1225 
159 
200 
259 
626 
175 
438 
1027 
915 
469 
290 
1251 
679 
221 
180 
433 
484 
902 
585 
724 
340 
839 
1099 
1124 
569 
559 
1036 
691 
958 
177 
1013 
534 
1046 
583 
1037 
654 
777 
727 
702 
1081 
134 
1033 
240 
323 
1170 
404 
780 
820 
1111 
896 
176 
1247 
1088 
528 
92 
1014 
47 
233 
241 
619 
1250 
857 
442 
861 
1201 
25 
375 
783 
1234 
690 
1045 
361 
823 
873 
1141 
151 
1107 
1120 
1252 
916 
81 
1259 
748 
935 
1159 
202 
856 
411 
682 
593 
60 
1222 
1239 
917 
1255 
395 
961 
656 
652 
1203 
145 
9 
88 
902 
1139 
722 
200 
515 
309 
781 
446 
805 
538 
988 
369 
281 
1198 
101 
1008 
92 
843 
1032 
1067 
683 
1002 
221 
408 
1048 
1077 
380 
562 
440 
278 
797 
942 
669 
32 
462 
789 
840 
677 
537 
1248 
577 
394 
123 
303 
402 
480 
880 
235 
939 
133 
264 
1117 
1034 
185 
414 
731 
949 
665 
755 
70 
424 
823 
484 
1258 
726 
1228 
1096 
986 
29 
1144 
125 
670 
53 
614 
836 
310 
828 
967 
901 
1148 
105 
1043 
933 
700 
1249 
1073 
522 
747 
119 
928 
176 
1247 
1259 
411 
775 
713 
244 
543 
849 
550 
567 
996 
309 
283 
531 
1116 
1045 
919 
1102 
628 
627 
640 
186 
838 
95 
373 
307 
552 
778 
230 
109 
1246 
616 
867 
412 
136 
346 
1124 
568 
1158 
1068 
1187 
466 
814 
458 
1159 
1013 
1162 
751 
131 
201 
384 
745 
813 
1224 
607 
679 
25 
129 
1081 
743 
164 
961 
805 
323 
576 
148 
852 
912 
1032 
844 
305 
287 
890 
1195 
81 
842 
110 
644 
1106 
410 
316 
675 
78 
147 
42 
841 
1171 
1232 
135 
795 
403 
1118 
1091 
520 
551 
60 
438 
226 
339 
472 
902 
654 
527 
1070 
172 
1055 
744 
1179 
823 
714 
297 
1077 
1172 
352 
604 
1134 
86 
50 
1062 
581 
1214 
405 
542 
1139 
835 
562 
355 
800 
538 
177 
461 
264 
1008 
758 
326 
755 
291 
526 
303 
738 
783 
1109 
1111 
1248 
47 
1036 
532 
1143 
373 
1037 
501 
565 
754 
895 
1254 
87 
1040 
979 
1022 
522 
725 
944 
699 
414 
488 
22 
332 
1089 
45 
541 
879 
704 
537 
615 
1240 
789 
519 
276 
1144 
35 
440 
450 
883 
1247 
159 
1074 
656 
902 
1194 
452 
1258 
353 
138 
243 
60 
631 
1104 
930 
999 
1158 
402 
753 
318 
605 
665 
43 
1180 
702 
515 
766 
949 
313 
145 
705 
567 
942 
1033 
849 
351 
996 
1229 
739 
611 
948 
283 
1225 
309 
639 
731 
1172 
164 
229 
669 
91 
263 
176 
317 
1187 
190 
654 
747 
1226 
339 
916 
750 
1039 
927 
154 
682 
1106 
823 
943 
80 
861 
1251 
959 
198 
299 
355 
120 
962 
279 
92 
235 
618 
797 
1221 
333 
527 
778 
899 
221 
314 
593 
675 
1081 
1231 
470 
841 
621 
862 
609 
642 
821 
1089 
178 
147 
798 
70 
208 
48 
1014 
511 
522 
745 
952 
1233 
185 
670 
373 
78 
214 
785 
588 
1123 
882 
908 
316 
991 
1087 
1190 
363 
777 
910 
573 
1048 
225 
117 
485 
1027 
472 
253 
569 
517 
816 
13 
865 
583 
440 
528 
378 
1189 
1058 
562 
656 
1126 
447 
557 
646 
1045 
205 
367 
744 
714 
851 
1105 
53 
1112 
200 
380 
890 
49 
758 
466 
262 
1008 
961 
550 
934 
999 
619 
35 
328 
532 
135 
263 
1109 
852 
148 
451 
259 
663 
320 
129 
340 
628 
1 
789 
285 
141 
897 
1135 
477 
1133 
87 
926 
408 
849 
1169 
410 
254 
118 
1124 
902 
389 
241 
348 
1061 
792 
797 
1007 
679 
309 
88 
78 
412 
465 
1255 
1068 
504 
617 
936 
362 
1081 
1017 
229 
495 
1000 
720 
126 
203 
960 
965 
822 
480 
1170 
670 
777 
34 
642 
750 
201 
568 
832 
1036 
1048 
561 
609 
727 
1179 
580 
956 
1053 
1206 
1214 
1146 
507 
1225 
839 
533 
979 
672 
1258 
967 
835 
981 
1009 
1173 
986 
816 
538 
567 
117 
1209 
251 
519 
337 
585 
650 
92 
373 
460 
736 
840 
895 
1083 
327 
647 
330 
464 
147 
225 
308 
410 
176 
105 
15 
779 
889 
537 
447 
174 
1172 
1119 
714 
1124 
1228 
142 
680 
1246 
3 
1050 
1 
1183 
1104 
1210 
1229 
400 
683 
1207 
604 
289 
306 
45 
286 
29 
421 
637 
721 
453 
581 
1193 
88 
183 
161 
966 
588 
948 
869 
854 
896 
616 
310 
932 
35 
382 
53 
1043 
652 
1256 
479 
600 
1099 
579 
934 
364 
1135 
128 
844 
825 
1134 
229 
295 
234 
1227 
363 
1048 
1164 
212 
523 
1247 
303 
510 
687 
834 
840 
753 
202 
670 
798 
40 
656 
638 
993 
54 
890 
789 
858 
201 
380 
318 
603 
34 
487 
459 
48 
402 
1171 
1258 
793 
126 
791 
618 
1075 
179 
223 
1111 
533 
1015 
587 
522 
1061 
239 
1144 
168 
534 
1160 
763 
814 
329 
1065 
76 
1157 
876 
194 
622 
1106 
1161 
803 
1108 
880 
57 
1179 
87 
465 
1169 
354 
1231 
317 
593 
373 
611 
158 
952 
466 
1046 
1146 
513 
792 
938 
704 
754 
251 
1024 
1044 
567 
1158 
172 
301 
313 
438 
812 
88 
599 
1089 
476 
578 
995 
378 
1206 
1008 
1140 
665 
726 
1102 
1000 
933 
520 
551 
679 
322 
690 
159 
297 
389 
548 
1151 
403 
273 
423 
302 
752 
1035 
184 
484 
131 
463 
340 
1205 
411 
820 
460 
1011 
343 
1185 
802 
473 
583 
902 
518 
362 
262 
480 
1228 
50 
1107 
138 
758 
744 
208 
595 
895 
42 
1009 
221 
176 
793 
174 
160 
785 
259 
554 
1135 
562 
1249 
412 
1235 
91 
503 
829 
6 
206 
580 
1216 
609 
557 
255 
931 
635 
233 
600 
14 
514 
1111 
685 
835 
323 
1255 
229 
1045 
1015 
1033 
1226 
384 
291 
399 
438 
567 
440 
1055 
426 
341 
1022 
856 
1134 
1012 
527 
1019 
128 
927 
522 
435 
354 
1096 
187 
1124 
854 
942 
670 
748 
147 
483 
649 
45 
273 
1174 
534 
59 
347 
102 
125 
310 
645 
436 
686 
1041 
696 
415 
886 
289 
1058 
1250 
1172 
683 
13 
339 
604 
1032 
1179 
576 
642 
75 
129 
1008 
159 
789 
783 
480 
246 
164 
735 
1186 
381 
439 
141 
281 
766 
1153 
1044 
322 
98 
1036 
6 
404 
510 
1130 
373 
438 
652 
961 
653 
1048 
730 
402 
619 
60 
1217 
133 
421 
1107 
578 
110 
1087 
221 
682 
85 
434 
915 
425 
43 
518 
822 
253 
496 
797 
1216 
1070 
285 
453 
796 
236 
568 
890 
309 
119 
1242 
477 
1016 
262 
777 
3 
78 
1224 
948 
745 
297 
670 
299 
394 
459 
208 
727 
25 
805 
823 
1088 
83 
259 
46 
1022 
1000 
157 
935 
640 
725 
148 
1258 
1060 
690 
182 
563 
412 
13 
405 
1222 
840 
310 
598 
665 
750 
580 
1073 
562 
616 
1124 
1193 
339 
159 
88 
108 
708 
1238 
749 
1168 
184 
1235 
93 
991 
926 
987 
403 
1174 
139 
1180 
588 
213 
131 
668 
1247 
209 
241 
223 
164 
1162 
1167 
695 
1029 
91 
102 
647 
843 
428 
1044 
557 
1144 
1024 
1038 
126 
107 
328 
327 
600 
528 
864 
1037 
461 
1189 
533 
789 
9 
185 
593 
679 
687 
868 
791 
884 
522 
989 
853 
896 
191 
95 
1203 
1256 
510 
189 
806 
828 
795 
35 
87 
1172 
50 
259 
855 
1010 
1021 
618 
1003 
940 
811 
1244 
130 
480 
568 
942 
70 
1126 
76 
934 
551 
654 
1031 
1129 
235 
299 
886 
145 
1093 
340 
1121 
190 
938 
1234 
192 
401 
120 
1223 
871 
131 
823 
341 
747 
308 
425 
611 
603 
808 
1048 
200 
266 
531 
1012 
1206 
1053 
1084 
1255 
753 
888 
404 
996 
344 
1242 
170 
439 
437 
1025 
380 
419 
1047 
691 
642 
1143 
168 
1225 
714 
1221 
1159 
1247 
45 
181 
94 
228 
241 
488 
532 
25 
1026 
474 
565 
196 
749 
666 
1187 
917 
461 
861 
913 
1254 
400 
1075 
564 
1096 
803 
902 
88 
48 
79 
704 
682 
748 
1065 
1073 
1154 
209 
645 
29 
125 
448 
116 
309 
799 
928 
953 
835 
1193 
783 
69 
665 
129 
776 
877 
147 
278 
954 
809 
1245 
456 
933 
1194 
60 
731 
557 
124 
36 
827 
297 
28 
373 
1032 
880 
406 
215 
1018 
32 
327 
700 
935 
64 
246 
1228 
924 
656 
1220 
412 
969 
404 
511 
567 
965 
1202 
528 
1135 
1165 
285 
324 
797 
717 
593 
789 
857 
380 
601 
686 
42 
1044 
1063 
684 
112 
164 
498 
207 
397 
476 
334 
932 
1108 
35 
1216 
356 
490 
902 
371 
985 
948 
133 
1008 
681 
525 
1162 
