0.036900 
0.046600 
0.048000 
0.051700 
0.053400 
0.072900 
0.073800 
0.093000 
0.099600 
0.102500 
0.102600 
0.115800 
0.132900 
0.144600 
0.147200 
0.148700 
0.152100 
0.153100 
0.169900 
0.177100 
0.178000 
0.182100 
0.192800 
0.194800 
0.207100 
0.215400 
0.223300 
0.230800 
0.231400 
0.245100 
0.247000 
0.260700 
0.261400 
0.261500 
0.263400 
0.280500 
0.282400 
0.283100 
0.292000 
0.294500 
0.295700 
0.300900 
0.309500 
0.312700 
0.326100 
0.336500 
0.336900 
0.336900 
0.338000 
0.353700 
0.354900 
0.357000 
0.357200 
0.360100 
0.383700 
0.390300 
0.393200 
0.395900 
0.403300 
0.408900 
0.412800 
0.421300 
0.422200 
0.422200 
0.429400 
0.434000 
0.435200 
0.438500 
0.442700 
0.460800 
0.461100 
0.461900 
0.462600 
0.463800 
0.478500 
0.486600 
0.492300 
0.496100 
0.500100 
0.506900 
0.509400 
0.509500 
0.520000 
0.523000 
0.525300 
0.526500 
0.530000 
0.530700 
0.543500 
0.549600 
0.555700 
0.558100 
0.562100 
0.563300 
0.567000 
0.590000 
0.590200 
0.590900 
0.591600 
0.592100 
0.599200 
0.603200 
0.612000 
0.616300 
0.624600 
0.630500 
0.631400 
0.634800 
0.650100 
0.654100 
0.656400 
0.666800 
0.669400 
0.677100 
0.679100 
0.702100 
0.711400 
0.712000 
0.717300 
0.719000 
0.721100 
0.726600 
0.736900 
0.738800 
0.743700 
0.748100 
0.761800 
0.767600 
0.771400 
0.776700 
0.785900 
0.786400 
0.790300 
0.797700 
0.799700 
0.807100 
0.814000 
0.818100 
0.827500 
0.831700 
0.834700 
0.852100 
0.855400 
0.859000 
0.861800 
0.864400 
0.877900 
0.880500 
0.885400 
0.891900 
0.903100 
0.904300 
0.909300 
0.920600 
0.924700 
0.926500 
0.926700 
0.938800 
0.944500 
0.946400 
0.950500 
0.952500 
0.961300 
0.968300 
0.971100 
0.974100 
0.974300 
1.001100 
1.001900 
1.008700 
1.014400 
1.022700 
1.039700 
1.039700 
1.041700 
1.051200 
1.052300 
1.066900 
1.070200 
1.095000 
1.096600 
1.098900 
1.108100 
1.109000 
1.117000 
1.119600 
1.132300 
1.134300 
1.137700 
1.138700 
1.159600 
1.171300 
1.174000 
1.175100 
1.180700 
1.182400 
1.198000 
1.198300 
1.200300 
1.203400 
1.207500 
1.228000 
1.229500 
1.232400 
1.234100 
1.240800 
1.245200 
1.247200 
1.251800 
1.267900 
1.275400 
1.282100 
1.301100 
1.305600 
1.306300 
1.316800 
1.317600 
1.322500 
1.332300 
1.338100 
1.343900 
1.345700 
1.351500 
1.352800 
1.354600 
1.367100 
1.367900 
1.373200 
1.376900 
1.387600 
1.388000 
1.397100 
1.403300 
1.403900 
1.406900 
1.410300 
1.425000 
1.429200 
1.432800 
1.435300 
1.436100 
1.440100 
1.454700 
1.457600 
1.461800 
1.464600 
1.465000 
1.483700 
1.499700 
1.503100 
1.504900 
1.508700 
1.509500 
1.510500 
1.511500 
1.524100 
1.526200 
1.526700 
1.530600 
1.540100 
1.542600 
1.548700 
1.552100 
1.558000 
1.559000 
1.572500 
1.578200 
1.587400 
1.590800 
1.593900 
1.594800 
1.597300 
1.605500 
1.606100 
1.607100 
1.620600 
1.622900 
1.627000 
1.636500 
1.639300 
1.639900 
1.641800 
1.642500 
1.651000 
1.659900 
1.665300 
1.666500 
1.668100 
1.668600 
1.689100 
1.690400 
1.697800 
1.701900 
1.714000 
1.719200 
1.719700 
1.728500 
1.743700 
1.745800 
1.752500 
1.759600 
1.762000 
1.767100 
1.793400 
1.800100 
1.802000 
1.815800 
1.820000 
1.838600 
1.841800 
1.852300 
1.871000 
1.872200 
1.873900 
1.884200 
1.887700 
1.903900 
1.907900 
1.925000 
1.936300 
1.938000 
1.942100 
1.945900 
1.954500 
1.961400 
1.975300 
1.976300 
1.977000 
1.979400 
1.980900 
1.981000 
1.989400 
1.990800 
2.005100 
2.011700 
2.015700 
2.018000 
2.018600 
2.025000 
2.028200 
2.035200 
2.035800 
2.061200 
2.062200 
2.079500 
2.079900 
2.080400 
2.082000 
2.086400 
2.086600 
2.103600 
2.107500 
2.112900 
2.115800 
2.118800 
2.121600 
2.123600 
2.135000 
2.144800 
2.145100 
2.158100 
2.160200 
2.169900 
2.172500 
2.173200 
2.177500 
2.192400 
2.199200 
2.199900 
2.206900 
2.208400 
2.216400 
2.220900 
2.229100 
2.230100 
2.240700 
2.242600 
2.245700 
2.251500 
2.256200 
2.260900 
2.265200 
2.272400 
2.279300 
2.279400 
2.293900 
2.295900 
2.296600 
2.301400 
2.305300 
2.309000 
2.312900 
2.319000 
2.327700 
2.330200 
2.334600 
2.337300 
2.343100 
2.349600 
2.352500 
2.355400 
2.356600 
2.360900 
2.375600 
2.377200 
2.379100 
2.383500 
2.395600 
2.396900 
2.401100 
2.411300 
2.430600 
2.436900 
2.438700 
2.447200 
2.456000 
2.469900 
2.479500 
2.481200 
2.481600 
2.484000 
2.495300 
2.499800 
2.501900 
2.505400 
2.506100 
2.512900 
2.513000 
2.519900 
2.527200 
2.541800 
2.550400 
2.552200 
2.565200 
2.565800 
2.574000 
2.579100 
2.585400 
2.597600 
2.598400 
2.611500 
2.615700 
2.624400 
2.635100 
2.636400 
2.646200 
2.665300 
2.667600 
2.673300 
2.674500 
2.676800 
2.702400 
2.704100 
2.710200 
2.718000 
2.727200 
2.742600 
2.758800 
2.759900 
2.764700 
2.772600 
2.774800 
2.787800 
2.790200 
2.794900 
2.802800 
2.807400 
2.811300 
2.813500 
2.827200 
2.827300 
2.836500 
2.844900 
2.849400 
2.856000 
2.864700 
2.869200 
2.870800 
2.886600 
2.891900 
2.898900 
2.910000 
2.917900 
2.933600 
2.940300 
2.943700 
2.955100 
2.955200 
2.959100 
2.967000 
2.978400 
2.984700 
2.985900 
2.993800 
2.994100 
2.999500 
