14 
16 
12 
11 
5 
6 
17 
15 
9 
6 
14 
16 
12 
14 
6 
14 
2 
15 
10 
14 
16 
6 
15 
2 
14 
10 
6 
8 
12 
16 
18 
10 
15 
2 
17 
14 
15 
2 
5 
6 
18 
12 
10 
14 
9 
12 
16 
14 
16 
10 
13 
6 
2 
7 
12 
10 
6 
8 
2 
8 
14 
12 
6 
16 
11 
14 
3 
8 
18 
6 
3 
16 
14 
2 
9 
10 
16 
18 
14 
3 
16 
10 
12 
2 
8 
6 
3 
7 
12 
11 
14 
6 
10 
16 
14 
2 
15 
12 
0 
8 
12 
16 
14 
10 
7 
14 
15 
12 
0 
6 
16 
14 
6 
15 
8 
14 
10 
2 
12 
18 
16 
6 
15 
12 
14 
2 
12 
16 
4 
15 
10 
17 
2 
5 
14 
12 
8 
12 
16 
2 
12 
17 
7 
0 
18 
14 
12 
4 
13 
15 
6 
16 
14 
8 
2 
9 
6 
14 
12 
14 
6 
12 
7 
8 
10 
12 
2 
14 
8 
16 
7 
6 
9 
11 
2 
12 
4 
14 
8 
16 
9 
12 
18 
16 
6 
14 
15 
12 
8 
2 
12 
14 
10 
18 
16 
14 
10 
15 
2 
12 
14 
2 
9 
12 
18 
14 
4 
6 
12 
9 
18 
13 
17 
14 
6 
0 
14 
12 
10 
15 
6 
12 
14 
2 
10 
3 
12 
0 
2 
14 
8 
6 
4 
15 
14 
6 
14 
8 
4 
2 
6 
10 
16 
12 
17 
6 
15 
14 
10 
9 
0 
12 
16 
8 
2 
4 
17 
14 
11 
15 
0 
6 
17 
10 
16 
12 
14 
14 
9 
10 
6 
12 
18 
8 
16 
2 
14 
6 
12 
4 
9 
14 
2 
16 
8 
7 
12 
14 
9 
6 
2 
16 
12 
0 
14 
12 
4 
5 
12 
10 
14 
6 
8 
16 
11 
14 
12 
15 
10 
2 
0 
12 
7 
8 
12 
6 
17 
16 
0 
8 
14 
18 
6 
12 
1 
9 
12 
14 
6 
8 
16 
2 
10 
12 
17 
14 
2 
14 
7 
15 
12 
6 
8 
14 
3 
9 
14 
12 
10 
18 
8 
14 
12 
9 
14 
12 
7 
16 
4 
15 
3 
18 
11 
14 
16 
2 
6 
15 
8 
2 
14 
6 
15 
12 
8 
14 
6 
10 
14 
12 
8 
9 
10 
6 
13 
12 
16 
12 
2 
15 
3 
9 
14 
6 
18 
12 
13 
14 
12 
10 
15 
16 
2 
7 
14 
9 
12 
11 
0 
7 
4 
14 
2 
10 
13 
15 
12 
10 
6 
4 
17 
2 
16 
9 
14 
12 
9 
7 
12 
6 
7 
15 
2 
12 
9 
14 
10 
7 
3 
8 
15 
12 
13 
14 
9 
16 
17 
12 
10 
8 
14 
12 
8 
14 
9 
15 
18 
10 
2 
14 
8 
17 
2 
6 
3 
16 
12 
10 
13 
2 
9 
14 
8 
6 
15 
16 
7 
14 
12 
13 
9 
12 
16 
14 
10 
8 
7 
14 
3 
6 
8 
12 
17 
11 
6 
15 
12 
8 
12 
14 
2 
13 
14 
2 
9 
4 
0 
6 
2 
14 
18 
12 
8 
10 
2 
14 
3 
15 
2 
8 
15 
12 
10 
13 
6 
15 
2 
8 
12 
14 
