26 
25 
13 
9 
26 
1 
22 
7 
24 
13 
11 
9 
26 
18 
6 
17 
19 
22 
12 
8 
25 
22 
26 
6 
0 
17 
9 
12 
5 
2 
1 
22 
26 
13 
17 
25 
18 
19 
9 
26 
22 
13 
8 
25 
3 
12 
23 
20 
1 
26 
22 
17 
10 
8 
22 
25 
26 
12 
1 
14 
18 
10 
6 
13 
26 
25 
22 
6 
16 
26 
17 
7 
3 
18 
12 
19 
6 
26 
25 
22 
13 
18 
19 
26 
22 
12 
19 
26 
6 
7 
9 
8 
25 
14 
22 
17 
26 
12 
11 
0 
22 
25 
26 
19 
20 
6 
17 
18 
26 
25 
22 
19 
26 
12 
22 
15 
8 
25 
26 
6 
7 
10 
12 
0 
25 
22 
26 
15 
26 
12 
25 
19 
7 
20 
22 
18 
2 
3 
22 
25 
21 
6 
26 
3 
19 
13 
22 
12 
26 
17 
20 
8 
25 
22 
26 
25 
12 
24 
17 
19 
6 
18 
26 
25 
26 
13 
22 
7 
26 
20 
25 
22 
0 
19 
25 
26 
6 
18 
7 
13 
8 
26 
10 
17 
22 
12 
7 
15 
19 
22 
20 
0 
6 
26 
25 
3 
17 
9 
12 
10 
18 
26 
22 
26 
19 
6 
25 
17 
0 
8 
22 
26 
18 
22 
6 
26 
9 
22 
25 
21 
5 
19 
26 
13 
8 
26 
22 
6 
15 
4 
7 
25 
9 
19 
22 
26 
12 
25 
20 
18 
26 
13 
9 
19 
8 
22 
14 
3 
25 
26 
19 
12 
18 
22 
7 
26 
6 
19 
22 
14 
2 
25 
26 
3 
9 
26 
12 
7 
22 
21 
19 
5 
6 
26 
3 
13 
12 
26 
19 
8 
7 
25 
21 
20 
26 
22 
8 
12 
25 
19 
15 
26 
20 
22 
2 
25 
6 
26 
19 
17 
12 
26 
13 
6 
22 
8 
1 
19 
26 
4 
25 
10 
7 
14 
22 
12 
19 
25 
20 
3 
9 
26 
22 
17 
12 
26 
8 
0 
22 
26 
25 
19 
20 
7 
22 
6 
26 
12 
18 
19 
14 
26 
9 
10 
22 
17 
0 
6 
25 
26 
19 
5 
10 
22 
3 
12 
26 
25 
6 
19 
22 
26 
3 
13 
25 
8 
26 
6 
14 
7 
22 
26 
25 
22 
19 
18 
8 
6 
12 
26 
18 
19 
22 
17 
26 
25 
8 
19 
6 
22 
21 
12 
26 
9 
26 
6 
25 
22 
26 
21 
0 
8 
13 
10 
19 
26 
22 
25 
12 
20 
5 
8 
26 
12 
22 
6 
25 
26 
7 
22 
9 
26 
6 
12 
17 
8 
21 
19 
22 
12 
25 
26 
20 
6 
22 
0 
11 
25 
3 
26 
13 
18 
22 
16 
25 
21 
12 
19 
26 
6 
8 
26 
22 
25 
12 
3 
26 
7 
14 
12 
26 
22 
25 
6 
13 
8 
12 
9 
26 
25 
13 
20 
19 
26 
3 
8 
6 
7 
12 
22 
10 
19 
21 
25 
26 
25 
8 
17 
22 
19 
9 
26 
1 
13 
3 
12 
22 
6 
26 
25 
14 
18 
22 
17 
19 
26 
18 
22 
20 
6 
25 
26 
9 
15 
3 
22 
8 
18 
2 
25 
26 
22 
12 
6 
9 
19 
25 
20 
8 
26 
22 
7 
14 
26 
18 
11 
25 
22 
13 
6 
26 
19 
18 
21 
25 
0 
26 
10 
7 
25 
12 
6 
22 
9 
23 
26 
19 
25 
7 
17 
24 
21 
6 
22 
3 
18 
12 
26 
22 
13 
12 
26 
25 
10 
19 
22 
6 
12 
26 
7 
19 
22 
6 
25 
13 
26 
12 
1 
19 
22 
18 
3 
25 
8 
26 
20 
0 
7 
19 
26 
13 
22 
15 
6 
25 
22 
26 
12 
22 
26 
18 
25 
13 
6 
19 
22 
26 
1 
0 
8 
12 
3 
20 
18 
22 
26 
19 
25 
0 
17 
12 
13 
7 
22 
8 
26 
18 
25 
19 
14 
12 
11 
26 
3 
18 
6 
4 
22 
10 
7 
26 
25 
20 
18 
13 
22 
19 
26 
0 
6 
23 
3 
26 
22 
26 
20 
22 
17 
12 
26 
25 
7 
8 
6 
9 
10 
3 
25 
22 
12 
26 
19 
26 
12 
17 
22 
8 
26 
3 
18 
25 
7 
13 
20 
19 
6 
26 
25 
8 
22 
20 
7 
9 
12 
4 
6 
26 
13 
22 
12 
25 
17 
26 
22 
9 
6 
26 
25 
22 
7 
0 
26 
22 
12 
19 
25 
15 
9 
13 
26 
17 
22 
18 
25 
19 
21 
12 
26 
23 
9 
22 
6 
14 
25 
26 
7 
22 
19 
8 
18 
6 
26 
13 
4 
22 
12 
21 
25 
17 
23 
6 
22 
14 
19 
25 
1 
12 
26 
22 
13 
17 
18 
8 
7 
25 
26 
11 
6 
19 
2 
26 
6 
25 
19 
12 
1 
21 
3 
26 
10 
22 
12 
6 
25 
26 
13 
19 
8 
22 
12 
22 
26 
7 
5 
25 
26 
22 
20 
14 
0 
18 
25 
2 
8 
12 
26 
22 
6 
19 
3 
25 
26 
22 
0 
17 
12 
26 
6 
8 
13 
7 
22 
15 
24 
26 
25 
6 
19 
9 
26 
25 
12 
3 
22 
6 
10 
22 
