0.047900 
0.055300 
0.061500 
0.081100 
0.092000 
0.107600 
0.111600 
0.123200 
0.129700 
0.135900 
0.137900 
0.138300 
0.157000 
0.158900 
0.212400 
0.213900 
0.217500 
0.224100 
0.242500 
0.245200 
0.268200 
0.271800 
0.278400 
0.278800 
0.287500 
0.290800 
0.294900 
0.316300 
0.324900 
0.325500 
0.329800 
0.330400 
0.340800 
0.346900 
0.350600 
0.373300 
0.374200 
0.385800 
0.388600 
0.391200 
0.394200 
0.397500 
0.398400 
0.411700 
0.428600 
0.462600 
0.471600 
0.479800 
0.514900 
0.517700 
0.518500 
0.531500 
0.541500 
0.567400 
0.576300 
0.584500 
0.590300 
0.606000 
0.610900 
0.611200 
0.613800 
0.626800 
0.631200 
0.639200 
0.640100 
0.640700 
0.642900 
0.644100 
0.649900 
0.650300 
0.656600 
0.670300 
0.674200 
0.684700 
0.713900 
0.724700 
0.726300 
0.726400 
0.742900 
0.746500 
0.756600 
0.767400 
0.768600 
0.776600 
0.780700 
0.783400 
0.847400 
0.850500 
0.863800 
0.878500 
0.886300 
0.897900 
0.901500 
0.906700 
0.911600 
0.912600 
0.915400 
0.932300 
0.938900 
0.947200 
0.952300 
0.957700 
0.959300 
0.977800 
0.989900 
0.995300 
1.005800 
1.014600 
1.020800 
1.048200 
1.082000 
1.088800 
1.089500 
1.106900 
1.119300 
1.122200 
1.123500 
1.159300 
1.160500 
1.168700 
1.171800 
1.171800 
1.176900 
1.195600 
1.207900 
1.210300 
1.211100 
1.217500 
1.240100 
1.247800 
1.256400 
1.263800 
1.267700 
1.280300 
1.297000 
1.301100 
1.309500 
1.311900 
1.324700 
1.329200 
1.331800 
1.351500 
1.363300 
1.384800 
1.403000 
1.411800 
1.437900 
1.438100 
1.442300 
1.451000 
1.462200 
1.468800 
1.475600 
1.486300 
1.487200 
1.487600 
1.501300 
1.503000 
1.541300 
1.550700 
1.551400 
1.556600 
1.557400 
1.559600 
1.599800 
1.611400 
1.615900 
1.621600 
1.622500 
1.646100 
1.651100 
1.682200 
1.693300 
1.700400 
1.724100 
1.741000 
1.741300 
1.745100 
1.752100 
1.755000 
1.756000 
1.756400 
1.768000 
1.770600 
1.779600 
1.781300 
1.790300 
1.801800 
1.806100 
1.811000 
1.825300 
1.832200 
1.847900 
1.849500 
1.849900 
1.854400 
1.868300 
1.876900 
1.892800 
1.903800 
1.915500 
1.938400 
1.945600 
1.950100 
1.957200 
1.975400 
1.977000 
1.985200 
2.010100 
2.016900 
2.018600 
2.043200 
2.049700 
2.050400 
2.060400 
2.074400 
2.093800 
2.104400 
2.113000 
2.113500 
2.116400 
2.116500 
2.123500 
2.131600 
2.137100 
2.146900 
2.148100 
2.148800 
2.156900 
2.162200 
2.175700 
2.184900 
2.189700 
2.190900 
2.192100 
2.195700 
2.214700 
2.219000 
2.223500 
2.227700 
2.239500 
2.239900 
2.255700 
2.270500 
2.285800 
2.295000 
2.306800 
2.311500 
2.329800 
2.330000 
2.342400 
2.355900 
2.366200 
2.369600 
2.375300 
2.384300 
2.403400 
2.407100 
2.431200 
2.433700 
2.457100 
2.462200 
2.467300 
2.473100 
2.481800 
2.493100 
2.510400 
2.511000 
2.520200 
2.521800 
2.534100 
2.542800 
2.544900 
2.584900 
2.592100 
2.597300 
2.600700 
2.601300 
2.601600 
2.616900 
2.619300 
2.624700 
2.635700 
2.639800 
2.655100 
2.667800 
2.676300 
2.702800 
2.714500 
2.718300 
2.737900 
2.742900 
2.768200 
2.772000 
2.786000 
2.787700 
2.791300 
2.807200 
2.810600 
2.825800 
2.826800 
2.830000 
2.843200 
2.846600 
2.847800 
2.862200 
2.865200 
2.865500 
2.867700 
2.867700 
2.869300 
2.887000 
2.900000 
2.905600 
2.906900 
2.916000 
2.926600 
2.929300 
2.939900 
2.942100 
2.946700 
2.959900 
2.962700 
2.983100 
2.997200 
