0.041600 
0.045100 
0.049000 
0.052600 
0.053200 
0.053900 
0.054100 
0.054300 
0.054400 
0.054500 
0.055100 
0.057500 
0.058100 
0.059400 
0.059900 
0.060200 
0.060500 
0.062800 
0.063700 
0.065200 
0.065600 
0.066800 
0.067300 
0.070500 
0.076600 
0.077800 
0.077900 
0.078400 
0.080200 
0.080400 
0.081000 
0.082600 
0.086000 
0.087100 
0.089800 
0.090300 
0.090400 
0.091600 
0.092200 
0.093200 
0.095700 
0.096000 
0.097300 
0.100200 
0.103200 
0.104500 
0.107400 
0.111300 
0.112700 
0.117900 
0.118100 
0.118500 
0.121700 
0.122200 
0.126200 
0.126700 
0.127000 
0.127900 
0.128500 
0.129300 
0.130100 
0.130300 
0.131500 
0.131800 
0.132000 
0.135100 
0.135300 
0.136400 
0.137900 
0.140200 
0.142100 
0.142300 
0.142600 
0.143400 
0.143600 
0.145700 
0.148100 
0.148300 
0.148500 
0.149000 
0.149500 
0.154100 
0.157300 
0.161400 
0.161800 
0.161800 
0.162200 
0.166300 
0.166300 
0.166600 
0.167300 
0.170200 
0.174300 
0.174400 
0.174500 
0.175100 
0.177700 
0.179200 
0.184200 
0.185000 
0.185500 
0.187300 
0.188000 
0.191300 
0.194800 
0.194900 
0.195100 
0.195900 
0.196200 
0.197800 
0.202400 
0.203400 
0.204200 
0.207100 
0.207200 
0.209700 
0.211600 
0.212900 
0.219300 
0.220300 
0.222300 
0.222700 
0.223500 
0.224200 
0.228300 
0.230300 
0.230500 
0.232000 
0.232300 
0.232600 
0.233000 
0.233100 
0.233300 
0.235600 
0.236700 
0.237200 
0.237300 
0.237400 
0.237500 
0.237600 
0.239300 
0.239600 
0.239700 
0.240700 
0.241100 
0.255100 
0.259300 
0.262500 
0.263400 
0.263400 
0.263600 
0.266300 
0.269500 
0.272100 
0.274200 
0.275500 
0.276000 
0.276200 
0.279900 
0.281100 
0.281500 
0.282000 
0.282900 
0.284600 
0.286500 
0.287000 
0.288700 
0.290500 
0.290800 
0.291200 
0.293000 
0.294700 
0.296800 
0.297200 
0.297300 
0.298000 
0.298300 
0.300900 
0.305900 
0.307000 
0.307400 
0.308700 
0.310800 
0.310900 
0.311700 
0.313400 
0.314900 
0.320000 
0.324700 
0.325300 
0.327100 
0.329200 
0.332200 
0.332600 
0.334500 
0.334600 
0.336100 
0.336300 
0.339300 
0.339400 
0.340000 
0.340200 
0.342300 
0.343000 
0.343600 
0.343600 
0.344700 
0.345200 
0.349300 
0.349300 
0.349700 
0.351000 
0.351500 
0.352100 
0.352700 
0.352700 
0.354900 
0.355200 
0.356400 
0.357700 
0.359400 
0.366100 
0.368400 
0.371300 
0.372500 
0.373700 
0.375200 
0.376000 
0.376200 
0.376600 
0.377900 
0.378000 
0.379100 
0.380900 
0.382100 
0.387800 
0.388200 
0.390300 
0.390300 
0.392400 
0.393400 
0.395300 
0.396300 
0.396500 
0.399000 
0.404300 
0.405200 
0.406900 
0.408300 
0.410300 
0.413500 
0.414500 
0.417000 
0.420500 
0.422500 
0.422500 
0.423700 
0.423700 
0.424900 
0.425400 
0.425800 
0.426600 
0.427300 
0.429900 
0.430500 
0.433300 
0.435300 
0.436100 
0.437100 
0.439700 
0.442600 
0.443500 
0.445100 
0.445500 
0.446700 
0.446800 
0.450100 
0.451000 
0.452000 
0.453000 
0.453400 
0.454500 
0.456800 
0.457800 
0.461300 
0.462500 
0.465700 
0.466900 
0.468600 
0.468700 
0.471900 
0.473100 
0.479300 
0.482900 
0.483600 
0.486200 
0.486200 
0.487100 
0.487400 
0.489100 
0.489400 
0.493400 
0.494000 
0.494400 
0.495100 
0.496200 
0.497900 
0.498200 
0.498400 
0.498900 
0.499500 
0.499600 
0.501200 
0.501900 
0.503400 
0.505000 
0.505500 
0.505800 
0.506600 
0.507200 
0.514200 
0.518000 
0.519000 
0.522100 
0.522500 
0.523500 
0.524900 
0.530700 
0.530900 
0.534600 
0.536100 
0.538000 
0.538100 
0.539800 
0.541700 
0.543900 
0.548500 
0.549900 
0.551100 
0.551700 
0.553000 
0.554500 
0.556100 
0.556700 
0.556700 
0.560100 
0.561200 
0.563100 
0.563500 
0.565200 
0.565500 
0.566600 
0.569000 
0.572400 
0.573700 
0.573800 
0.578000 
0.578700 
0.580300 
0.580300 
0.580900 
0.581500 
0.584600 
0.587900 
0.588200 
0.588400 
0.592700 
0.598700 
0.598900 
0.599100 
0.599900 
0.600300 
0.601800 
0.602200 
0.602400 
0.604000 
0.605000 
0.607400 
0.609900 
0.610900 
0.616600 
0.619200 
0.620000 
0.622500 
0.623200 
0.623300 
0.624200 
0.626300 
0.626800 
0.628000 
0.628400 
0.629700 
0.632100 
0.636400 
0.637700 
0.638000 
0.638500 
0.639600 
0.639800 
0.643200 
0.643300 
0.645100 
0.647400 
0.648800 
0.651500 
0.652200 
0.654100 
0.657200 
0.659300 
0.659400 
0.663900 
0.666400 
0.667400 
0.667600 
0.672600 
0.673700 
0.676100 
0.676900 
0.678700 
0.678800 
0.679200 
0.679600 
0.679700 
0.680300 
0.682200 
0.682400 
0.683500 
0.683600 
0.685800 
0.688400 
0.690600 
0.695600 
0.698400 
0.698500 
0.701000 
0.701100 
0.702900 
0.703100 
0.703900 
0.704400 
0.705700 
0.706400 
0.707100 
0.712000 
0.714500 
0.715000 
0.716400 
0.717100 
0.718100 
0.718500 
0.718600 
0.720400 
0.720700 
0.721300 
0.725300 
0.729300 
0.729400 
0.729500 
0.731000 
0.732200 
0.732800 
0.734700 
0.734900 
0.734900 
0.740200 
0.740300 
0.744200 
0.745400 
0.745600 
0.745900 
0.748600 
0.748600 
0.751600 
0.752100 
0.754000 
0.754400 
0.756000 
0.756400 
0.757400 
0.758000 
0.758200 
0.758300 
0.759200 
0.759800 
0.762000 
0.762400 
0.762500 
0.763700 
0.764500 
0.764600 
0.768900 
0.769400 
0.774200 
0.775200 
0.775800 
0.777000 
0.777100 
0.777700 
0.777700 
0.781400 
0.781800 
0.784400 
0.787600 
0.790400 
0.791300 
0.792200 
0.800000 
0.801000 
0.801900 
0.802300 
0.802600 
0.802600 
0.803400 
0.803700 
0.804600 
0.804900 
0.810300 
0.810400 
0.811200 
0.812300 
0.813600 
0.815600 
0.816200 
0.816900 
0.818200 
0.819800 
0.820000 
0.821700 
0.821800 
0.821800 
0.822400 
0.823500 
0.824900 
0.826300 
0.827000 
0.831200 
0.832100 
0.832900 
0.834100 
0.834500 
0.835500 
0.837600 
0.839900 
0.840800 
0.844300 
0.845900 
0.846600 
0.847400 
0.848800 
0.850200 
0.851200 
0.852500 
0.852700 
0.853500 
0.854500 
0.858300 
0.860300 
0.863700 
0.864300 
0.867300 
0.869000 
0.870100 
0.871200 
0.877600 
0.877800 
0.878000 
0.878800 
0.880600 
0.881100 
0.883200 
0.885100 
0.887500 
0.888000 
0.889500 
0.893200 
0.894100 
0.896500 
0.902600 
0.903200 
0.903700 
0.904900 
0.905000 
0.908500 
0.911200 
0.913600 
0.914700 
0.917000 
0.917300 
0.917400 
0.918400 
0.919700 
0.920600 
0.920900 
0.920900 
0.921900 
0.922000 
0.923300 
0.924500 
0.924800 
0.930200 
0.930800 
0.932400 
0.934100 
0.934500 
0.941100 
0.943000 
0.943800 
0.944000 
0.944300 
0.946300 
0.948700 
0.950900 
0.955200 
0.955400 
0.957300 
0.964700 
0.966500 
0.966700 
0.966900 
0.970300 
0.970600 
0.972300 
0.972600 
0.974500 
0.975000 
0.975700 
0.975800 
0.976100 
0.976600 
0.978800 
0.980100 
0.981400 
0.982300 
0.986300 
0.986500 
0.987200 
0.993500 
0.994600 
0.994600 
0.995600 
0.995800 
0.997000 
0.997700 
0.998200 
0.998600 
0.998900 
1.000700 
1.001000 
1.004200 
1.004400 
1.006200 
1.006400 
1.009300 
1.009800 
1.012600 
1.014200 
1.015200 
1.016000 
1.016200 
1.019200 
1.020200 
1.023600 
1.024000 
1.025100 
1.025300 
1.028100 
1.029500 
1.029700 
1.030300 
1.033800 
1.035100 
1.035900 
1.036900 
1.038800 
1.040800 
1.040800 
1.040800 
1.041100 
1.043500 
1.044000 
1.048700 
1.050100 
1.050700 
1.050900 
1.051500 
1.053200 
1.054700 
1.055900 
1.057100 
1.057300 
1.057500 
1.057700 
1.059300 
1.059500 
1.060200 
1.060800 
1.063500 
1.066100 
1.066600 
1.066600 
1.067500 
1.068500 
1.069300 
1.071800 
1.072500 
1.073100 
1.073200 
1.074200 
1.077200 
1.078300 
1.079600 
1.085800 
1.088000 
1.089600 
1.090500 
1.091400 
1.094200 
1.095300 
1.096300 
1.096700 
1.098000 
1.099400 
1.099800 
1.100200 
1.102300 
1.102800 
1.104100 
1.108600 
1.109000 
1.109500 
1.111900 
1.112700 
1.113800 
1.117100 
1.117300 
1.118400 
1.119600 
1.121200 
1.121700 
1.123800 
1.123900 
1.127700 
1.133000 
1.138100 
1.140000 
1.140400 
1.141700 
1.141900 
1.142500 
1.146100 
1.146600 
1.148000 
1.148100 
1.148200 
1.148900 
1.150300 
1.153500 
1.154400 
1.155600 
1.156100 
1.158300 
1.159100 
1.159900 
1.160600 
1.162300 
1.163100 
1.164000 
1.165800 
1.169000 
1.170000 
1.170200 
1.172000 
1.175400 
1.177300 
1.180400 
1.180500 
1.180900 
1.182000 
1.182200 
1.184000 
1.184800 
1.185600 
1.185800 
1.186100 
1.187500 
1.188900 
1.188900 
1.189200 
1.189500 
1.191800 
1.192000 
1.192300 
1.192700 
1.195000 
1.196300 
1.198800 
1.199900 
1.200900 
1.201700 
1.202500 
1.203700 
1.206600 
1.208900 
1.209200 
1.211500 
1.211600 
1.213400 
1.215500 
1.216700 
1.217000 
1.219200 
1.219400 
1.219700 
1.221400 
1.222400 
1.222400 
1.225300 
1.225700 
1.227600 
1.227800 
1.230100 
1.235200 
1.241700 
1.242600 
1.243500 
1.244700 
1.245900 
1.246700 
1.248400 
1.249200 
1.249500 
1.252800 
1.253200 
1.254200 
1.255400 
1.256800 
1.258200 
1.260600 
1.264300 
1.266400 
1.266500 
1.268800 
1.272600 
1.275200 
1.276800 
1.277100 
1.277300 
1.277400 
1.278000 
1.279400 
1.281600 
1.284200 
1.286900 
1.288800 
1.289800 
1.290500 
1.291500 
1.293100 
1.293600 
1.300300 
1.301400 
1.302300 
1.305300 
1.307300 
1.309000 
1.316200 
1.317100 
1.320000 
1.321100 
1.323600 
1.324200 
1.324700 
1.325000 
1.326100 
1.327600 
1.327800 
1.329600 
1.330400 
1.330800 
1.332000 
1.333400 
1.333800 
1.336800 
1.337200 
1.348000 
1.348600 
1.352300 
1.352500 
1.354200 
1.354300 
1.355500 
1.355800 
1.360600 
1.363200 
1.363400 
1.363700 
1.368600 
1.369300 
1.372100 
1.372900 
1.375200 
1.375300 
1.382100 
1.382200 
1.384400 
1.384700 
1.385100 
1.386800 
1.387000 
1.387100 
1.388300 
1.389400 
1.390300 
1.392100 
1.396300 
1.397200 
1.398400 
1.398700 
1.400000 
1.401800 
1.402200 
1.402700 
1.403200 
1.403700 
1.404600 
1.406700 
1.407700 
1.410000 
1.411300 
1.413800 
1.416600 
1.417400 
1.422600 
1.422800 
1.423700 
1.423800 
1.426900 
1.427500 
1.427800 
1.430700 
1.431400 
1.432900 
1.436100 
1.437600 
1.440200 
1.440400 
1.440500 
1.441600 
1.444100 
1.444300 
1.444600 
1.445100 
1.447600 
1.448800 
1.451400 
1.451600 
1.453500 
1.454100 
1.454600 
1.463500 
1.468700 
1.471800 
1.471800 
1.472000 
1.473700 
1.475400 
1.478700 
1.479000 
1.479100 
1.479100 
1.479700 
1.482800 
1.484100 
1.485000 
1.486000 
1.487400 
1.487800 
1.489200 
1.490100 
1.490400 
1.490800 
1.495100 
1.499100 
1.500000 
1.503900 
1.504600 
1.507800 
1.510200 
1.510400 
1.512700 
1.513700 
1.515300 
1.519000 
1.521100 
1.522000 
1.523800 
1.524900 
1.527500 
1.529500 
1.532000 
1.532800 
1.533200 
1.534000 
1.535800 
1.536400 
1.537200 
1.537600 
1.538100 
1.538100 
1.538200 
1.539700 
1.540800 
1.544200 
1.547700 
1.549800 
1.551400 
1.553600 
1.555000 
1.557500 
1.558800 
1.562200 
1.563800 
1.564500 
1.564700 
1.565400 
1.565900 
1.566500 
1.568100 
1.569600 
1.570000 
1.570000 
1.576300 
1.576700 
1.578900 
1.579000 
1.579500 
1.581100 
1.581800 
1.583300 
1.583500 
1.585000 
1.585200 
1.585700 
1.589000 
1.591900 
1.595600 
1.596900 
1.598600 
1.600500 
1.600800 
1.602100 
1.604900 
1.609300 
1.609900 
1.610600 
1.611700 
1.611800 
1.612300 
1.613400 
1.615500 
1.617500 
1.619000 
1.619200 
1.620000 
1.620000 
1.621400 
1.622400 
1.631800 
1.632400 
1.633300 
1.634500 
1.635800 
1.638100 
1.638200 
1.638300 
1.638600 
1.642700 
1.643400 
1.646300 
1.647500 
1.647900 
1.649200 
1.649300 
1.650900 
1.651800 
1.654700 
1.657200 
1.657200 
1.657500 
1.657800 
1.658600 
1.660800 
1.661100 
1.665500 
1.667800 
1.668100 
1.669800 
1.671200 
1.672300 
1.675100 
1.676000 
1.676400 
1.678900 
1.679500 
1.688300 
1.695000 
1.695700 
1.696000 
1.697100 
1.697900 
1.699400 
1.700900 
1.702800 
1.706400 
1.707300 
1.707600 
1.707900 
1.712000 
1.713700 
1.715200 
1.716400 
1.716600 
1.719100 
1.720300 
1.721100 
1.723500 
1.726000 
1.726700 
1.727400 
1.728200 
1.730100 
1.731300 
1.732500 
1.733300 
1.733900 
1.734000 
1.735200 
1.735800 
1.738700 
1.738800 
1.739400 
1.741100 
1.748200 
1.749200 
1.749500 
1.749600 
1.752200 
1.752700 
1.754500 
1.756500 
1.757200 
1.758100 
1.758900 
1.759200 
1.760000 
1.762400 
1.762900 
1.764300 
1.766600 
1.768600 
1.769200 
1.773400 
1.773900 
1.774100 
1.774600 
1.778000 
1.778100 
1.778500 
1.779400 
1.779800 
1.782400 
1.784000 
1.785700 
1.786300 
1.787200 
1.787400 
1.787800 
1.789400 
1.793800 
1.798800 
1.799300 
1.799900 
1.801000 
1.802600 
1.804000 
1.805400 
1.805900 
1.809300 
1.810200 
1.810400 
1.810500 
1.812200 
1.812900 
1.817000 
1.817400 
1.818400 
1.818500 
1.819300 
1.819400 
1.822800 
1.823500 
1.823700 
1.829900 
1.830700 
1.831000 
1.831400 
1.834600 
1.836100 
1.837300 
1.840100 
1.843400 
1.845100 
1.846200 
1.847800 
1.848100 
1.852400 
1.852700 
1.853500 
1.853700 
1.854000 
1.858900 
1.859500 
1.861800 
1.862500 
1.862700 
1.865700 
1.868400 
1.869200 
1.869600 
1.872600 
1.872800 
1.872900 
1.874000 
1.874000 
1.877600 
1.878400 
1.881300 
1.882100 
1.886800 
1.891900 
1.891900 
1.892300 
1.893600 
1.894600 
1.898000 
1.899800 
1.901700 
1.905000 
1.905000 
1.905200 
1.909000 
1.909500 
1.910100 
1.911200 
1.911500 
1.912200 
1.914700 
1.920700 
1.921100 
1.922500 
1.924600 
1.925400 
1.927600 
1.929500 
1.929500 
1.931600 
1.931700 
1.936100 
1.936400 
1.938300 
1.939000 
1.939100 
1.941800 
1.942000 
1.943500 
1.946200 
1.949000 
1.949200 
1.949700 
1.949800 
1.952300 
1.954600 
1.955100 
1.956100 
1.958600 
1.964800 
1.965600 
1.967600 
1.967700 
1.968600 
1.970800 
1.973500 
1.976200 
1.978900 
1.979200 
1.980800 
1.980900 
1.985500 
1.987700 
1.987900 
1.988800 
1.995700 
1.997200 
1.998500 
1.998800 
1.999200 
2.004200 
2.006100 
2.007700 
2.008300 
2.010200 
2.010300 
2.013700 
2.015100 
2.016500 
2.017600 
2.017700 
2.022200 
2.026400 
2.030100 
2.031100 
2.033200 
2.033200 
2.033600 
2.036100 
2.037600 
2.039900 
2.040400 
2.041400 
2.042500 
2.046300 
2.051500 
2.053300 
2.053700 
2.055000 
2.055000 
2.055300 
2.056900 
2.060400 
2.063200 
2.067600 
2.068300 
2.068800 
2.069800 
2.070300 
2.071000 
2.072600 
2.074000 
2.077900 
2.079100 
2.079300 
2.081000 
2.081000 
2.084100 
2.084600 
2.085600 
2.088400 
2.090200 
2.090900 
2.092900 
2.094700 
2.096800 
2.096900 
2.097100 
2.098000 
2.101300 
2.101500 
2.104600 
2.105000 
2.107300 
2.108500 
2.108600 
2.109000 
2.109300 
2.110400 
2.112200 
2.113600 
2.115900 
2.116000 
2.117800 
2.119400 
2.120300 
2.120400 
2.122100 
2.123600 
2.127200 
2.127300 
2.128300 
2.129100 
2.131300 
2.131400 
2.132000 
2.134100 
2.135000 
2.135500 
2.136500 
2.139000 
2.139300 
2.140600 
2.142300 
2.142400 
2.144500 
2.145000 
2.145700 
2.146600 
2.146700 
2.149900 
2.151100 
2.151400 
2.152500 
2.153100 
2.154400 
2.154700 
2.158600 
2.160200 
2.160500 
2.163000 
2.164900 
2.165600 
2.166500 
2.166600 
2.167600 
2.167800 
2.169200 
2.169400 
2.172500 
2.174500 
2.176000 
2.177400 
2.177700 
2.184100 
2.188100 
2.189100 
2.190100 
2.190500 
2.192800 
2.195500 
2.196900 
2.197500 
2.198700 
2.201200 
2.202000 
2.202700 
2.204800 
2.206200 
2.209300 
2.209800 
2.210700 
2.211300 
2.214500 
2.215200 
2.216300 
2.216700 
2.221400 
2.223100 
2.224400 
2.225900 
2.229300 
2.231300 
2.231600 
2.233100 
2.233200 
2.233900 
2.236100 
2.236500 
2.236900 
2.238800 
2.238900 
2.239000 
2.242500 
2.242600 
2.243300 
2.244700 
2.244700 
2.244900 
2.246900 
2.247100 
2.247200 
2.247900 
2.248500 
2.251000 
2.254600 
2.254600 
2.255900 
2.256000 
2.258500 
2.259300 
2.259700 
2.266200 
2.266900 
2.267500 
2.268900 
2.270800 
2.271500 
2.271600 
2.277600 
2.281400 
2.281900 
2.282600 
2.284100 
2.284300 
2.286000 
2.286200 
2.293000 
2.293200 
2.295800 
2.299100 
2.301400 
2.302800 
2.303800 
2.303800 
2.304100 
2.304900 
2.306200 
2.306300 
2.307300 
2.310200 
2.311900 
2.312300 
2.313900 
2.315600 
2.316600 
2.316800 
2.318500 
2.319900 
2.320200 
2.322500 
2.329200 
2.332400 
2.332700 
2.333200 
2.333900 
2.334600 
2.337800 
2.342100 
2.342400 
2.344600 
2.346300 
2.351200 
2.351800 
2.352300 
2.355600 
2.356600 
2.356800 
2.358200 
2.358500 
2.358700 
2.360700 
2.361000 
2.361400 
2.361700 
2.361700 
2.362800 
2.363600 
2.363800 
2.364800 
2.367000 
2.368000 
2.369900 
2.370300 
2.371600 
2.372100 
2.373100 
2.373900 
2.374300 
2.374500 
2.375200 
2.377500 
2.378500 
2.379700 
2.385100 
2.385300 
2.385400 
2.386400 
2.387400 
2.388500 
2.389700 
2.390800 
2.394600 
2.395300 
2.396800 
2.398400 
2.398800 
2.402300 
2.402500 
2.404400 
2.407200 
2.407200 
2.414000 
2.414500 
2.416700 
2.417200 
2.419200 
2.419800 
2.422700 
2.426500 
2.428400 
2.428500 
2.428600 
2.429200 
2.432300 
2.432300 
2.435300 
2.441600 
2.444200 
2.445300 
2.449300 
2.450800 
2.452500 
2.453900 
2.454000 
2.454400 
2.455600 
2.457500 
2.458500 
2.461100 
2.463600 
2.463700 
2.464500 
2.465800 
2.465900 
2.466600 
2.468200 
2.468600 
2.470600 
2.471100 
2.472500 
2.472600 
2.473200 
2.474800 
2.476700 
2.483000 
2.483600 
2.485800 
2.487700 
2.488900 
2.492200 
2.492300 
2.492400 
2.493100 
2.493500 
2.493500 
2.493800 
2.494500 
2.496000 
2.496100 
2.499100 
2.499700 
2.504700 
2.506600 
2.511500 
2.513900 
2.516200 
2.517000 
2.517900 
2.518000 
2.521300 
2.523500 
2.523900 
2.524500 
2.525000 
2.527400 
2.527800 
2.528700 
2.530200 
2.530700 
2.537200 
2.538900 
2.538900 
2.540400 
2.541800 
2.542700 
2.543300 
2.543300 
2.543400 
2.543900 
2.545800 
2.553900 
2.556300 
2.561500 
2.562100 
2.562200 
2.566600 
2.567600 
2.569500 
2.571100 
2.574000 
2.574200 
2.578400 
2.579700 
2.579800 
2.584000 
2.584200 
2.585600 
2.591000 
2.593500 
2.595100 
2.596000 
2.596300 
2.600500 
2.600800 
2.601000 
2.604000 
2.604600 
2.605300 
2.609400 
2.611900 
2.613600 
2.618200 
2.618500 
2.618600 
2.626300 
2.626700 
2.626800 
2.629000 
2.629600 
2.630100 
2.632000 
2.632200 
2.634100 
2.639500 
2.641100 
2.643000 
2.643900 
2.645500 
2.647900 
2.648100 
2.648600 
2.649400 
2.651100 
2.651500 
2.651800 
2.654300 
2.655800 
2.659000 
2.659100 
2.660300 
2.660600 
2.660700 
2.661700 
2.663800 
2.666200 
2.668100 
2.671300 
2.671500 
2.674800 
2.678400 
2.679900 
2.683000 
2.686400 
2.689800 
2.690000 
2.691200 
2.691600 
2.693700 
2.694100 
2.694500 
2.694600 
2.694800 
2.696000 
2.696000 
2.696800 
2.698300 
2.698700 
2.700600 
2.702100 
2.702500 
2.703600 
2.705400 
2.710800 
2.711600 
2.712100 
2.715200 
2.716600 
2.716700 
2.720800 
2.721500 
2.722000 
2.722000 
2.727000 
2.729700 
2.730200 
2.731800 
2.732600 
2.735700 
2.736900 
2.738800 
2.741100 
2.744700 
2.748400 
2.749500 
2.758100 
2.759200 
2.759700 
2.761500 
2.761600 
2.762300 
2.762500 
2.763700 
2.767900 
2.768600 
2.769000 
2.769000 
2.771600 
2.772400 
2.772600 
2.772900 
2.776600 
2.777200 
2.778500 
2.779200 
2.779200 
2.786100 
2.786300 
2.787600 
2.791400 
2.793900 
2.794900 
2.801200 
2.801700 
2.801700 
2.802500 
2.803100 
2.805200 
2.807000 
2.807900 
2.808000 
2.808600 
2.810900 
2.811500 
2.811800 
2.813400 
2.815100 
2.816200 
2.817600 
2.818300 
2.819000 
2.819700 
2.820700 
2.821500 
2.827100 
2.831300 
2.832000 
2.832200 
2.836400 
2.838200 
2.838300 
2.839000 
2.839200 
2.845900 
2.847000 
2.847600 
2.847800 
2.847800 
2.848200 
2.852900 
2.853900 
2.854500 
2.861100 
2.861900 
2.862100 
2.863500 
2.864600 
2.865700 
2.865900 
2.867100 
2.871300 
2.872700 
2.873900 
2.877700 
2.878200 
2.879000 
2.883200 
2.884400 
2.888600 
2.892100 
2.893600 
2.896400 
2.897400 
2.898900 
2.898900 
2.899500 
2.899800 
2.900800 
2.904100 
2.904700 
2.907300 
2.907600 
2.909700 
2.909900 
2.912000 
2.912800 
2.914000 
2.914800 
2.915400 
2.915500 
2.916800 
2.919600 
2.919900 
2.925500 
2.926700 
2.927000 
2.927100 
2.929800 
2.930000 
2.930700 
2.931400 
2.931400 
2.932000 
2.933100 
2.936300 
2.937000 
2.938600 
2.940200 
2.940700 
2.943800 
2.944600 
2.945300 
2.945700 
2.948300 
2.950600 
2.950700 
2.952100 
2.953700 
2.953800 
2.959000 
2.959200 
2.959500 
2.960400 
2.966800 
2.966900 
2.970800 
2.972200 
2.974300 
2.976100 
2.976300 
2.977100 
2.977800 
2.978300 
2.978900 
2.979900 
2.980900 
2.982800 
2.986600 
2.988800 
2.988900 
2.989300 
2.989700 
2.989800 
2.992300 
2.998100 
2.999700 
