12 
2 
32 
51 
23 
21 
17 
3 
24 
49 
39 
51 
10 
29 
11 
51 
29 
37 
41 
40 
4 
21 
44 
24 
12 
35 
33 
2 
44 
17 
21 
32 
12 
29 
10 
2 
5 
11 
30 
29 
2 
9 
10 
41 
3 
29 
44 
21 
12 
8 
3 
22 
32 
43 
32 
40 
24 
52 
21 
29 
27 
35 
17 
30 
41 
44 
24 
6 
3 
35 
7 
10 
49 
23 
26 
15 
2 
34 
1 
30 
10 
23 
48 
12 
4 
24 
2 
51 
4 
20 
39 
49 
29 
1 
11 
4 
10 
46 
30 
49 
2 
29 
24 
11 
39 
6 
8 
29 
33 
46 
39 
29 
23 
4 
47 
40 
36 
30 
23 
4 
32 
2 
30 
21 
34 
4 
1 
29 
40 
32 
2 
20 
15 
29 
4 
21 
33 
51 
41 
11 
22 
34 
12 
51 
4 
29 
36 
12 
16 
33 
4 
39 
33 
11 
38 
2 
46 
52 
44 
29 
36 
35 
33 
23 
44 
2 
4 
32 
24 
43 
22 
33 
37 
29 
15 
26 
41 
2 
36 
8 
29 
4 
17 
33 
29 
23 
10 
8 
3 
21 
48 
37 
13 
11 
40 
6 
2 
15 
39 
24 
51 
49 
32 
43 
19 
2 
36 
21 
23 
18 
32 
40 
29 
4 
22 
8 
24 
29 
49 
32 
6 
3 
29 
2 
37 
4 
51 
34 
13 
35 
44 
28 
2 
10 
15 
43 
31 
12 
35 
49 
33 
20 
11 
2 
41 
39 
17 
29 
48 
16 
21 
41 
44 
1 
32 
29 
7 
47 
25 
30 
4 
48 
10 
21 
39 
36 
30 
43 
29 
40 
31 
11 
12 
8 
52 
40 
44 
29 
34 
30 
3 
31 
48 
40 
3 
30 
24 
12 
19 
7 
51 
41 
32 
30 
2 
52 
11 
8 
46 
30 
27 
10 
32 
52 
49 
48 
19 
2 
4 
33 
46 
20 
8 
16 
11 
23 
41 
35 
29 
40 
43 
29 
21 
41 
23 
18 
12 
37 
40 
22 
2 
