0.038400 
0.046800 
0.047700 
0.047900 
0.050200 
0.050500 
0.052600 
0.056400 
0.060700 
0.063700 
0.065800 
0.066700 
0.070400 
0.074200 
0.074400 
0.074500 
0.080000 
0.080400 
0.082900 
0.083300 
0.085100 
0.086000 
0.090500 
0.096900 
0.098200 
0.100000 
0.108900 
0.114200 
0.119200 
0.119600 
0.120200 
0.122200 
0.124700 
0.126400 
0.128800 
0.131400 
0.131800 
0.133300 
0.135300 
0.135400 
0.136100 
0.136800 
0.137500 
0.138100 
0.138700 
0.140600 
0.148000 
0.149300 
0.149800 
0.150300 
0.154200 
0.154800 
0.157600 
0.161600 
0.162900 
0.163900 
0.164500 
0.166300 
0.168300 
0.170500 
0.172800 
0.179900 
0.180100 
0.180200 
0.182100 
0.188100 
0.191800 
0.192700 
0.194300 
0.196500 
0.197500 
0.198700 
0.198800 
0.202000 
0.202700 
0.203000 
0.207500 
0.207700 
0.209800 
0.210600 
0.212200 
0.212300 
0.217000 
0.218800 
0.220900 
0.226400 
0.226800 
0.226900 
0.227500 
0.231300 
0.239000 
0.240300 
0.243400 
0.244200 
0.246000 
0.246000 
0.247000 
0.251400 
0.252100 
0.252100 
0.252600 
0.252600 
0.255500 
0.256500 
0.257300 
0.257400 
0.258100 
0.258800 
0.259000 
0.260500 
0.266500 
0.276400 
0.281100 
0.285500 
0.285700 
0.288200 
0.289800 
0.290600 
0.291400 
0.291500 
0.293700 
0.295300 
0.295900 
0.297500 
0.297700 
0.297700 
0.299500 
0.299900 
0.300200 
0.301200 
0.304500 
0.305000 
0.305100 
0.306100 
0.308900 
0.309500 
0.312800 
0.313000 
0.314900 
0.315200 
0.316400 
0.316500 
0.316600 
0.316800 
0.317500 
0.317600 
0.319100 
0.319300 
0.320300 
0.322900 
0.324000 
0.325100 
0.335600 
0.337800 
0.339500 
0.343200 
0.344700 
0.346200 
0.348600 
0.350500 
0.351700 
0.352700 
0.355200 
0.358100 
0.358400 
0.359100 
0.362200 
0.364600 
0.365500 
0.366600 
0.368700 
0.369100 
0.369300 
0.369400 
0.370000 
0.373000 
0.376400 
0.377900 
0.379700 
0.381100 
0.381400 
0.381600 
0.383100 
0.384000 
0.389500 
0.392200 
0.395800 
0.400600 
0.402900 
0.406900 
0.408800 
0.410700 
0.414400 
0.414600 
0.415400 
0.418700 
0.423500 
0.426400 
0.428100 
0.429700 
0.432900 
0.433100 
0.433900 
0.436300 
0.438200 
0.445300 
0.445500 
0.445800 
0.446300 
0.448100 
0.448700 
0.452400 
0.454300 
0.454600 
0.458300 
0.462600 
0.462700 
0.463400 
0.463600 
0.464100 
0.465900 
0.467200 
0.467700 
0.474800 
0.477000 
0.477500 
0.477700 
0.481300 
0.483200 
0.483600 
0.485400 
0.487000 
0.487200 
0.487300 
0.490200 
0.492500 
0.499900 
0.501000 
0.501800 
0.507900 
0.508700 
0.513900 
0.514200 
0.515500 
0.517600 
0.517700 
0.519600 
0.519800 
0.520100 
0.521100 
0.521400 
0.522100 
0.523200 
0.523200 
0.528500 
0.532200 
0.541800 
0.542900 
0.544600 
0.546100 
0.546900 
0.548200 
0.552200 
0.552700 
0.553600 
0.555200 
0.556300 
0.556800 
0.558500 
0.563900 
0.566600 
0.568000 
0.568000 
0.569000 
0.571300 
0.572600 
0.573700 
0.574800 
0.578600 
0.581300 
0.582200 
0.585300 
0.585600 
0.592800 
0.596400 
0.596600 
0.597500 
0.599800 
0.600100 
0.600400 
0.600700 
0.606100 
0.606200 
0.606400 
0.608400 
0.609600 
0.610200 
0.610200 
0.613600 
0.616100 
0.617300 
0.621100 
0.627700 
0.628200 
0.630900 
0.631600 
0.632800 
0.634400 
0.636300 
0.639800 
0.639800 
0.641600 
0.647200 
0.647500 
0.649600 
0.649900 
0.654700 
0.656400 
0.658200 
0.661100 
0.661900 
0.663400 
0.664600 
0.664800 
0.666600 
0.667100 
0.667900 
0.672600 
0.673400 
0.676400 
0.677800 
0.678600 
0.679300 
0.683900 
0.686400 
0.688300 
0.688500 
0.692400 
0.694100 
0.694900 
0.696300 
0.697200 
0.700500 
0.710300 
0.712700 
0.716000 
0.718000 
0.721700 
0.721700 
0.722500 
0.726100 
0.726100 
0.726200 
0.728600 
0.730900 
0.732600 
0.733200 
0.733500 
0.735400 
0.736400 
0.741900 
0.743000 
0.743000 
0.746100 
0.749000 
0.749400 
0.752400 
0.753100 
0.753300 
0.754500 
0.754700 
0.755100 
0.757600 
0.757800 
0.759400 
0.760200 
0.760300 
0.763600 
0.765500 
0.765700 
0.766100 
0.771200 
0.774200 
0.774400 
0.777600 
0.779500 
0.782600 
0.782800 
0.783400 
0.783500 
0.785500 
0.786300 
0.788000 
0.790300 
0.794600 
0.797600 
0.800600 
0.803100 
0.808200 
0.808500 
0.808500 
0.809400 
0.812000 
0.812700 
0.813100 
0.815800 
0.818700 
0.819300 
0.821400 
0.821800 
0.822600 
0.823000 
0.823700 
0.824900 
0.828400 
0.835000 
0.836000 
0.836200 
0.838300 
0.841900 
0.843300 
0.844800 
0.846300 
0.847100 
0.847700 
0.848100 
0.850600 
0.850900 
0.853200 
0.856100 
0.856900 
0.860000 
0.862000 
0.866000 
0.866300 
0.872500 
0.873800 
0.877200 
0.877700 
0.879900 
0.882600 
0.885800 
0.889600 
0.890900 
0.891100 
0.891100 
0.893000 
0.896100 
0.896700 
0.899900 
0.901500 
0.903700 
0.904000 
0.913000 
0.915000 
0.919200 
0.919800 
0.923200 
0.924300 
0.925200 
0.927200 
0.927200 
0.928700 
0.929500 
0.929600 
0.930100 
0.930500 
0.931800 
0.934900 
0.935800 
0.937300 
0.939300 
0.939700 
0.941700 
0.947100 
0.953000 
0.959700 
0.959700 
0.960400 
0.964200 
0.965700 
0.968200 
0.970200 
0.970200 
0.975700 
0.980400 
0.980700 
0.980700 
0.982200 
0.983200 
0.983800 
0.984500 
0.986100 
0.991200 
0.991600 
0.993500 
0.995100 
0.996800 
0.998000 
1.000400 
1.000400 
1.001700 
1.002700 
1.004900 
1.008300 
1.008600 
1.009300 
1.010500 
1.014100 
1.017000 
1.017000 
1.019900 
1.022400 
1.022500 
1.024500 
1.026000 
1.026500 
1.027400 
1.031000 
1.031300 
1.032500 
1.034100 
1.036100 
1.038600 
1.045500 
1.046900 
1.047500 
1.049900 
1.050900 
1.051700 
1.054100 
1.054400 
1.054500 
1.060500 
1.063200 
1.064400 
1.071600 
1.072600 
1.072800 
1.074000 
1.074700 
1.075000 
1.075900 
1.078000 
1.080600 
1.081600 
1.082200 
1.083700 
1.085100 
1.086800 
1.088000 
1.089700 
1.095900 
1.096300 
1.100000 
1.102200 
1.102600 
1.103600 
1.108400 
1.110100 
1.110600 
1.114500 
1.120100 
1.121000 
1.121500 
1.126700 
1.127700 
1.127900 
1.131100 
1.131600 
1.132700 
1.137600 
1.138600 
1.144700 
1.147900 
1.149500 
1.152600 
1.153300 
1.157300 
1.162900 
1.163100 
1.164100 
1.164900 
1.170500 
1.171200 
1.174100 
1.177400 
1.181500 
1.183400 
1.183900 
1.192000 
1.195500 
1.196200 
1.198700 
1.200000 
1.207500 
1.208600 
1.211900 
1.212200 
1.215500 
1.215700 
1.218200 
1.218300 
1.219000 
1.219100 
1.219100 
1.221700 
1.224400 
1.229900 
1.231900 
1.232400 
1.234300 
1.234400 
1.234500 
1.234900 
1.235500 
1.236200 
1.239400 
1.247500 
1.248100 
1.249200 
1.250900 
1.253400 
1.253500 
1.253600 
1.264200 
1.266000 
1.267000 
1.269200 
1.270200 
1.271500 
1.277200 
1.277700 
1.278000 
1.280700 
1.281000 
1.282400 
1.286200 
1.286800 
1.287600 
1.293300 
1.293700 
1.294600 
1.296500 
1.298200 
1.299400 
1.303900 
1.305600 
1.309800 
1.310600 
1.314500 
1.314500 
1.315700 
1.316300 
1.319500 
1.319800 
1.322800 
1.323000 
1.323200 
1.327200 
1.327700 
1.329200 
1.334000 
1.334800 
1.339800 
1.341100 
1.343700 
1.345300 
1.349100 
1.349700 
1.352000 
1.352200 
1.353800 
1.355300 
1.360700 
1.362900 
1.366700 
1.368000 
1.369900 
1.372100 
1.372400 
1.373200 
1.376200 
1.379900 
1.381000 
1.381600 
1.384700 
1.387500 
1.387600 
1.389700 
1.390700 
1.393500 
1.394400 
1.396700 
1.398400 
1.398900 
1.399100 
1.399800 
1.401700 
1.403600 
1.412300 
1.413500 
1.414600 
1.414800 
1.416300 
1.419900 
1.421000 
1.422900 
1.424300 
1.427700 
1.428200 
1.429300 
1.432900 
1.433400 
1.436800 
1.441200 
1.443000 
1.444000 
1.444500 
1.444600 
1.450700 
1.459300 
1.460000 
1.460100 
1.465800 
1.467000 
1.468800 
1.469600 
1.469700 
1.469900 
1.470300 
1.475500 
1.476700 
1.478200 
1.479500 
1.481400 
1.481700 
1.482500 
1.485000 
1.487400 
1.488300 
1.488700 
1.492500 
1.493100 
1.494900 
1.495400 
1.496100 
1.496600 
1.497500 
1.501800 
1.501800 
1.502400 
1.506700 
1.508000 
1.508600 
1.509700 
1.513100 
1.516400 
1.519800 
1.520000 
1.521500 
1.523500 
1.529900 
1.534300 
1.536700 
1.537100 
1.542600 
1.543300 
1.545500 
1.546100 
1.547000 
1.548100 
1.549000 
1.553200 
1.556900 
1.557700 
1.558400 
1.558700 
1.563900 
1.564800 
1.566000 
1.566500 
1.567200 
1.568800 
1.569300 
1.572800 
1.573600 
1.577400 
1.585800 
1.586200 
1.588800 
1.589100 
1.591400 
1.593400 
1.594500 
1.594500 
1.596200 
1.600000 
1.601900 
1.604300 
1.605900 
1.609900 
1.612800 
1.614100 
1.615900 
1.618400 
1.621000 
1.622900 
1.623000 
1.623600 
1.623900 
1.629200 
1.630700 
1.631100 
1.633800 
1.634100 
1.636600 
1.637000 
1.637600 
1.639600 
1.642000 
1.642500 
1.644700 
1.646900 
1.650200 
1.651700 
1.658500 
1.664300 
1.664300 
1.664800 
1.665000 
1.668100 
1.669400 
1.669400 
1.670000 
1.674200 
1.678700 
1.679800 
1.680000 
1.680400 
1.681500 
1.682500 
1.684600 
1.685100 
1.687000 
1.691200 
1.700800 
1.704800 
1.705600 
1.710900 
1.712200 
1.714600 
1.716800 
1.717900 
1.718800 
1.721800 
1.722700 
1.723500 
1.725000 
1.725400 
1.740500 
1.741500 
1.742400 
1.746200 
1.750500 
1.751100 
1.751300 
1.752200 
1.753100 
1.758200 
1.758800 
1.759100 
1.759600 
1.762100 
1.768400 
1.769500 
1.769600 
1.770600 
1.771900 
1.774400 
1.775300 
1.776000 
1.781000 
1.781800 
1.784800 
1.785500 
1.785600 
1.789100 
1.792200 
1.793700 
1.800800 
1.804100 
1.805700 
1.808900 
1.814400 
1.814500 
1.816600 
1.817500 
1.818000 
1.818100 
1.822000 
1.823600 
1.824200 
1.825700 
1.826400 
1.827000 
1.827600 
1.829400 
1.831000 
1.834300 
1.836800 
1.838300 
1.838300 
1.838400 
1.838600 
1.843200 
1.844100 
1.845100 
1.847900 
1.849000 
1.850800 
1.850900 
1.851000 
1.857600 
1.859100 
1.859100 
1.859700 
1.860900 
1.862200 
1.862600 
1.864500 
1.864700 
1.865800 
1.867400 
1.874300 
1.874400 
1.874900 
1.875000 
1.875200 
1.875300 
1.875800 
1.877000 
1.877200 
1.877400 
1.879900 
1.880500 
1.880800 
1.886600 
1.887300 
1.888300 
1.888700 
1.896700 
1.898800 
1.898800 
1.900400 
1.900900 
1.902900 
1.905900 
1.912000 
1.913200 
1.915100 
1.916100 
1.916400 
1.921100 
1.925100 
1.928100 
1.929700 
1.931800 
1.934100 
1.935200 
1.939300 
1.941000 
1.941400 
1.941800 
1.942700 
1.944100 
1.944700 
1.945000 
1.953400 
1.957700 
1.958800 
1.958900 
1.961600 
1.964700 
1.966200 
1.968800 
1.969900 
1.970300 
1.974200 
1.975400 
1.975400 
1.978700 
1.982000 
1.982500 
1.986200 
1.986300 
1.986800 
1.987800 
1.989300 
1.989400 
1.990000 
1.993600 
1.996500 
1.998200 
1.999900 
2.002100 
2.003800 
2.003900 
2.004800 
2.005000 
2.013300 
2.016500 
2.018100 
2.020900 
2.021200 
2.021900 
2.022300 
2.022600 
2.024700 
2.025000 
2.028800 
2.031300 
2.037700 
2.037900 
2.039500 
2.041200 
2.042200 
2.043200 
2.045000 
2.048400 
2.052200 
2.053200 
2.053900 
2.055000 
2.055300 
2.055500 
2.061700 
2.062300 
2.062800 
2.068100 
2.069700 
2.071000 
2.077600 
2.079300 
2.082100 
2.083100 
2.083800 
2.084100 
2.088800 
2.089500 
2.093800 
2.094200 
2.095800 
2.096800 
2.106400 
2.107400 
2.110800 
2.112200 
2.113900 
2.115900 
2.116700 
2.119200 
2.125300 
2.127300 
2.129000 
2.135000 
2.135400 
2.136000 
2.137100 
2.138300 
2.138700 
2.138900 
2.139400 
2.141000 
2.142000 
2.143700 
2.144700 
2.145500 
2.146400 
2.147300 
2.147500 
2.151100 
2.154200 
2.156700 
2.156700 
2.161900 
2.162600 
2.165400 
2.167100 
2.168700 
2.171300 
2.171800 
2.171900 
2.173000 
2.173900 
2.177100 
2.180200 
2.182400 
2.183100 
2.183500 
2.192700 
2.194000 
2.194100 
2.195100 
2.198600 
2.201800 
2.202200 
2.203600 
2.203600 
2.205600 
2.206000 
2.209100 
2.209100 
2.211400 
2.214700 
2.217900 
2.221600 
2.222900 
2.225900 
2.231200 
2.232600 
2.233600 
2.233700 
2.237600 
2.239400 
2.241300 
2.241800 
2.242100 
2.245000 
2.246200 
2.248500 
2.249700 
2.249700 
2.250800 
2.252700 
2.253000 
2.254400 
2.260800 
2.261800 
2.263200 
2.263800 
2.267900 
2.268600 
2.270600 
2.274200 
2.279500 
2.284800 
2.289000 
2.289200 
2.295300 
2.295400 
2.298400 
2.300900 
2.303100 
2.304600 
2.309500 
2.309600 
2.310000 
2.311100 
2.311600 
2.312200 
2.312400 
2.314700 
2.315400 
2.319100 
2.320500 
2.322500 
2.324000 
2.327300 
2.327600 
2.329100 
2.330700 
2.330900 
2.331700 
2.331800 
2.333400 
2.333700 
2.336100 
2.340500 
2.342000 
2.349100 
2.349100 
2.350100 
2.352500 
2.355200 
2.355600 
2.356200 
2.356600 
2.357700 
2.361900 
2.363200 
2.363500 
2.365500 
2.366700 
2.370600 
2.371800 
2.373700 
2.373900 
2.376200 
2.376700 
2.376900 
2.378200 
2.379300 
2.380400 
2.380700 
2.380800 
2.385500 
2.390200 
2.393100 
2.393400 
2.396200 
2.397700 
2.399700 
2.400300 
2.407900 
2.409700 
2.411400 
2.413000 
2.417200 
2.417300 
2.421800 
2.422300 
2.424900 
2.425300 
2.425400 
2.425500 
2.430600 
2.431300 
2.431400 
2.431500 
2.432900 
2.433800 
2.437100 
2.437500 
2.442100 
2.442100 
2.444300 
2.446200 
2.446600 
2.448800 
2.449700 
2.453200 
2.454800 
2.460600 
2.463200 
2.468000 
2.468000 
2.469000 
2.471200 
2.471900 
2.472900 
2.473700 
2.474600 
2.476800 
2.478300 
2.479500 
2.481100 
2.481900 
2.482900 
2.488900 
2.489000 
2.490200 
2.497400 
2.501000 
2.501500 
2.504000 
2.504600 
2.508000 
2.510100 
2.510900 
2.511500 
2.516400 
2.517800 
2.519800 
2.520200 
2.522400 
2.525000 
2.525300 
2.525400 
2.526900 
2.529500 
2.530200 
2.530300 
2.532900 
2.536000 
2.536500 
2.536700 
2.541700 
2.542600 
2.544300 
2.545300 
2.546500 
2.546800 
2.549500 
2.549800 
2.550700 
2.551700 
2.551800 
2.552400 
2.552700 
2.554000 
2.557100 
2.560400 
2.560900 
2.564700 
2.565400 
2.565700 
2.568300 
2.575600 
2.580100 
2.581800 
2.582900 
2.592500 
2.593300 
2.595600 
2.597200 
2.598300 
2.601300 
2.604100 
2.606400 
2.610700 
2.611500 
2.612500 
2.617000 
2.617200 
2.618000 
2.620000 
2.624000 
2.626200 
2.628000 
2.628800 
2.629200 
2.629400 
2.636800 
2.638600 
2.639700 
2.642400 
2.642500 
2.643200 
2.646800 
2.648800 
2.650000 
2.651800 
2.655200 
2.656000 
2.662500 
2.662700 
2.663200 
2.664400 
2.665300 
2.669800 
2.670100 
2.670200 
2.670800 
2.673200 
2.674400 
2.674800 
2.679200 
2.680600 
2.680700 
2.680900 
2.685000 
2.686900 
2.692600 
2.694000 
2.695900 
2.696000 
2.700500 
2.700600 
2.701500 
2.702200 
2.703600 
2.704200 
2.705400 
2.706600 
2.706900 
2.707100 
2.707300 
2.711600 
2.719100 
2.720300 
2.723200 
2.724000 
2.738700 
2.740900 
2.741000 
2.741300 
2.741800 
2.742000 
2.743100 
2.744600 
2.745300 
2.746800 
2.748700 
2.748900 
2.748900 
2.750800 
2.755600 
2.760700 
2.760900 
2.766200 
2.767400 
2.768100 
2.772600 
2.772900 
2.775100 
2.776200 
2.777100 
2.778600 
2.779800 
2.783600 
2.785400 
2.787100 
2.787800 
2.789200 
2.794800 
2.795400 
2.801600 
2.805900 
2.806200 
2.807000 
2.809700 
2.810600 
2.810700 
2.812200 
2.813700 
2.814200 
2.815900 
2.816100 
2.819100 
2.821100 
2.821500 
2.825600 
2.825800 
2.827500 
2.829300 
2.834200 
2.834300 
2.835200 
2.843900 
2.844200 
2.845400 
2.846900 
2.848100 
2.848900 
2.849400 
2.851700 
2.857400 
2.858500 
2.858700 
2.858900 
2.860400 
2.862800 
2.869400 
2.870200 
2.871400 
2.872000 
2.873200 
2.873800 
2.876300 
2.877200 
2.879800 
2.880800 
2.882000 
2.883700 
2.885900 
2.886400 
2.886800 
2.890500 
2.891500 
2.893500 
2.894100 
2.896200 
2.897400 
2.900900 
2.901800 
2.906600 
2.907800 
2.908000 
2.909600 
2.911400 
2.911700 
2.913500 
2.915700 
2.919300 
2.919500 
2.920700 
2.924200 
2.924900 
2.926200 
2.930300 
2.934600 
2.936000 
2.936900 
2.939800 
2.940800 
2.942300 
2.944400 
2.944500 
2.944800 
2.945100 
2.953900 
2.954200 
2.955000 
2.955600 
2.957700 
2.960500 
2.960900 
2.968200 
2.970900 
2.975900 
2.976100 
2.979200 
2.980900 
2.982000 
2.982300 
2.983100 
2.983500 
2.986200 
2.987500 
2.987800 
2.987900 
2.989700 
2.991200 
2.993600 
2.997400 
