72 
62 
71 
58 
1 
57 
8 
90 
54 
79 
64 
80 
44 
45 
40 
50 
67 
14 
84 
27 
10 
34 
75 
69 
51 
26 
85 
78 
21 
42 
67 
51 
0 
72 
44 
75 
35 
45 
51 
86 
15 
49 
71 
6 
87 
69 
26 
95 
40 
32 
0 
19 
20 
27 
38 
86 
37 
49 
39 
68 
47 
67 
17 
8 
9 
13 
89 
3 
45 
29 
56 
75 
31 
43 
46 
39 
41 
1 
8 
11 
4 
2 
24 
86 
82 
7 
62 
46 
68 
39 
20 
31 
77 
86 
29 
71 
22 
90 
17 
10 
95 
77 
33 
74 
45 
57 
29 
17 
1 
6 
88 
2 
93 
31 
35 
84 
28 
53 
58 
86 
11 
43 
77 
6 
47 
93 
90 
15 
27 
96 
33 
50 
60 
92 
76 
37 
71 
29 
85 
12 
33 
35 
72 
57 
38 
6 
16 
48 
73 
70 
89 
15 
63 
87 
83 
1 
40 
0 
52 
85 
49 
39 
82 
17 
63 
16 
67 
69 
34 
46 
58 
54 
59 
17 
1 
61 
25 
9 
42 
27 
37 
71 
80 
97 
40 
12 
50 
26 
1 
45 
39 
29 
15 
63 
82 
84 
68 
58 
48 
94 
75 
93 
1 
4 
68 
78 
89 
83 
18 
3 
43 
9 
87 
32 
64 
93 
12 
52 
56 
91 
53 
35 
39 
22 
38 
59 
45 
1 
19 
14 
23 
96 
10 
40 
92 
36 
1 
93 
8 
38 
71 
65 
42 
17 
6 
41 
64 
39 
43 
72 
81 
70 
18 
25 
2 
44 
95 
37 
65 
9 
52 
90 
38 
71 
45 
12 
42 
30 
51 
33 
40 
13 
61 
45 
24 
57 
82 
81 
79 
3 
90 
0 
38 
15 
6 
56 
48 
19 
5 
68 
66 
27 
23 
14 
37 
67 
78 
35 
6 
17 
15 
3 
75 
22 
55 
71 
82 
68 
76 
29 
50 
58 
93 
94 
19 
26 
18 
80 
22 
90 
91 
46 
86 
61 
60 
44 
41 
89 
35 
79 
8 
72 
0 
13 
47 
74 
14 
29 
66 
37 
56 
96 
3 
1 
76 
90 
49 
54 
29 
8 
61 
70 
86 
69 
6 
73 
78 
16 
38 
70 
67 
47 
37 
49 
51 
92 
48 
10 
90 
74 
73 
83 
89 
58 
32 
34 
45 
0 
91 
21 
23 
56 
88 
41 
80 
79 
20 
53 
77 
87 
11 
39 
7 
57 
51 
22 
29 
92 
71 
68 
78 
88 
11 
35 
77 
2 
25 
32 
48 
42 
29 
44 
54 
75 
87 
8 
0 
30 
3 
60 
35 
4 
50 
70 
2 
36 
14 
18 
29 
92 
74 
95 
81 
44 
91 
54 
38 
77 
87 
34 
7 
30 
74 
1 
65 
62 
0 
4 
76 
23 
24 
86 
12 
43 
22 
26 
54 
78 
90 
35 
74 
63 
91 
95 
79 
17 
76 
70 
25 
78 
64 
89 
53 
77 
15 
54 
47 
58 
45 
82 
86 
27 
95 
87 
15 
59 
52 
7 
34 
11 
38 
35 
5 
0 
26 
74 
60 
53 
34 
88 
50 
44 
51 
88 
18 
3 
10 
84 
69 
52 
60 
81 
59 
97 
87 
21 
44 
0 
34 
73 
51 
91 
60 
71 
72 
32 
56 
35 
88 
21 
5 
59 
94 
97 
78 
51 
75 
83 
44 
17 
91 
40 
64 
32 
96 
22 
82 
0 
4 
35 
79 
39 
27 
75 
17 
48 
90 
93 
40 
61 
64 
6 
73 
62 
2 
87 
29 
32 
60 
95 
22 
35 
6 
18 
97 
67 
86 
4 
41 
81 
45 
30 
31 
17 
27 
60 
71 
73 
68 
0 
47 
34 
88 
67 
19 
69 
38 
5 
34 
85 
29 
22 
17 
81 
30 
75 
82 
40 
43 
3 
44 
73 
56 
85 
79 
82 
68 
69 
34 
22 
41 
46 
85 
6 
89 
28 
39 
29 
4 
33 
84 
68 
15 
20 
81 
53 
16 
32 
75 
80 
45 
48 
43 
83 
1 
65 
89 
8 
72 
28 
92 
9 
71 
21 
87 
34 
17 
74 
45 
33 
58 
62 
69 
35 
96 
32 
90 
6 
31 
67 
70 
2 
22 
19 
41 
88 
57 
32 
78 
76 
45 
92 
48 
91 
15 
94 
5 
88 
14 
89 
68 
64 
52 
1 
34 
74 
24 
45 
95 
25 
17 
11 
56 
68 
48 
14 
15 
32 
53 
88 
89 
16 
47 
68 
5 
50 
25 
3 
34 
19 
2 
70 
76 
56 
15 
92 
67 
71 
90 
77 
69 
43 
47 
53 
32 
4 
44 
39 
37 
63 
25 
58 
96 
24 
12 
32 
50 
35 
56 
14 
57 
43 
76 
20 
31 
48 
75 
87 
49 
24 
69 
82 
25 
56 
39 
71 
21 
0 
43 
46 
1 
81 
55 
49 
8 
74 
34 
56 
89 
30 
81 
96 
48 
3 
94 
31 
78 
71 
76 
41 
70 
30 
8 
58 
65 
96 
39 
0 
87 
60 
49 
82 
84 
81 
92 
19 
25 
9 
53 
93 
74 
43 
34 
47 
37 
67 
86 
14 
77 
87 
53 
90 
82 
48 
32 
17 
55 
83 
31 
61 
11 
84 
5 
41 
54 
27 
86 
21 
59 
9 
63 
48 
88 
94 
69 
1 
23 
62 
66 
0 
27 
48 
54 
64 
4 
53 
97 
90 
15 
18 
65 
44 
59 
85 
66 
82 
20 
22 
55 
71 
40 
29 
47 
68 
49 
4 
83 
76 
17 
38 
3 
60 
2 
93 
59 
54 
61 
20 
90 
30 
82 
14 
69 
1 
58 
45 
18 
95 
88 
15 
66 
24 
39 
73 
76 
67 
10 
35 
21 
29 
12 
9 
45 
54 
13 
69 
23 
86 
72 
6 
66 
8 
49 
22 
18 
30 
34 
11 
25 
46 
47 
16 
27 
28 
71 
63 
42 
1 
48 
27 
14 
28 
86 
29 
97 
69 
85 
16 
71 
65 
56 
60 
5 
74 
11 
14 
8 
47 
9 
90 
21 
76 
38 
35 
77 
83 
25 
80 
34 
41 
5 
96 
47 
44 
85 
84 
20 
94 
91 
90 
64 
81 
14 
53 
2 
24 
44 
48 
4 
39 
54 
94 
81 
95 
78 
48 
67 
24 
13 
63 
37 
19 
39 
30 
92 
65 
46 
2 
49 
0 
40 
27 
97 
60 
86 
70 
21 
46 
73 
36 
67 
65 
85 
34 
71 
1 
5 
4 
7 
96 
39 
38 
82 
75 
3 
40 
58 
88 
68 
55 
20 
27 
26 
56 
38 
82 
76 
86 
66 
42 
26 
85 
83 
30 
35 
2 
62 
5 
6 
60 
39 
29 
55 
53 
49 
35 
78 
91 
5 
71 
61 
93 
48 
21 
14 
8 
72 
36 
76 
86 
42 
60 
87 
83 
47 
78 
7 
40 
18 
3 
79 
31 
84 
16 
71 
53 
39 
90 
35 
22 
2 
53 
92 
78 
45 
81 
83 
33 
80 
95 
65 
25 
7 
32 
58 
11 
91 
77 
30 
29 
65 
44 
15 
9 
47 
38 
14 
39 
96 
64 
40 
89 
0 
46 
31 
55 
51 
47 
20 
27 
92 
85 
59 
44 
73 
60 
75 
76 
63 
39 
38 
78 
67 
28 
34 
14 
26 
1 
29 
56 
15 
58 
23 
59 
27 
97 
85 
3 
53 
16 
42 
52 
61 
48 
24 
49 
86 
39 
44 
35 
45 
58 
8 
92 
41 
60 
93 
0 
65 
89 
79 
67 
15 
58 
30 
1 
63 
76 
2 
50 
74 
8 
66 
63 
18 
14 
70 
75 
84 
80 
25 
93 
48 
37 
31 
22 
78 
21 
40 
61 
86 
56 
72 
60 
43 
83 
46 
21 
87 
37 
78 
31 
4 
77 
42 
75 
58 
67 
50 
84 
32 
71 
17 
26 
8 
41 
60 
20 
69 
47 
84 
41 
11 
86 
64 
15 
67 
93 
73 
53 
80 
35 
16 
57 
68 
62 
36 
64 
31 
14 
25 
8 
49 
15 
75 
54 
29 
17 
22 
65 
61 
26 
93 
33 
97 
82 
3 
86 
13 
81 
53 
72 
7 
12 
58 
54 
24 
44 
36 
92 
42 
13 
89 
90 
7 
26 
32 
66 
17 
93 
58 
20 
60 
16 
4 
17 
24 
36 
67 
3 
91 
13 
37 
97 
56 
66 
74 
95 
26 
61 
93 
81 
37 
62 
47 
40 
16 
74 
59 
7 
26 
24 
17 
49 
61 
22 
77 
90 
7 
93 
31 
94 
48 
44 
23 
26 
14 
87 
34 
5 
84 
35 
82 
42 
20 
75 
6 
90 
0 
43 
30 
87 
26 
80 
2 
50 
55 
91 
8 
21 
17 
84 
86 
71 
78 
63 
45 
29 
93 
58 
89 
75 
70 
81 
90 
94 
37 
27 
76 
38 
72 
7 
61 
94 
1 
3 
56 
31 
44 
32 
89 
0 
50 
67 
83 
44 
92 
48 
21 
50 
39 
69 
75 
37 
42 
13 
0 
15 
45 
17 
21 
65 
26 
34 
39 
93 
16 
36 
73 
7 
49 
56 
24 
61 
54 
3 
22 
68 
8 
80 
45 
51 
19 
40 
60 
48 
44 
45 
91 
0 
38 
37 
95 
29 
81 
88 
50 
47 
61 
46 
84 
78 
41 
40 
60 
56 
13 
37 
73 
25 
46 
14 
60 
91 
4 
75 
56 
11 
6 
1 
41 
17 
0 
54 
50 
11 
4 
9 
62 
58 
48 
69 
75 
25 
55 
17 
21 
87 
6 
78 
60 
5 
97 
61 
70 
79 
47 
3 
1 
92 
37 
25 
34 
69 
80 
10 
12 
2 
5 
59 
40 
16 
74 
33 
53 
46 
77 
61 
71 
42 
7 
12 
87 
85 
88 
26 
24 
95 
94 
86 
96 
41 
61 
83 
45 
9 
44 
7 
