0.031300 
0.032400 
0.059000 
0.059800 
0.062400 
0.065000 
0.074800 
0.077700 
0.077800 
0.084100 
0.087900 
0.088600 
0.095800 
0.096400 
0.104300 
0.104400 
0.108600 
0.112900 
0.119200 
0.127500 
0.132300 
0.139100 
0.144300 
0.148200 
0.151700 
0.152500 
0.159500 
0.161200 
0.161500 
0.162500 
0.167400 
0.170300 
0.171800 
0.174200 
0.175500 
0.179100 
0.183900 
0.184100 
0.188800 
0.193300 
0.202900 
0.204500 
0.205100 
0.208400 
0.212200 
0.215400 
0.216600 
0.217200 
0.224400 
0.229600 
0.235600 
0.239700 
0.241900 
0.246000 
0.249700 
0.252700 
0.253500 
0.257100 
0.257900 
0.260200 
0.260300 
0.267500 
0.270600 
0.272900 
0.273800 
0.276000 
0.278200 
0.280500 
0.294200 
0.295300 
0.297000 
0.298400 
0.299700 
0.304600 
0.304800 
0.305800 
0.311600 
0.312400 
0.314500 
0.320000 
0.323400 
0.326400 
0.334500 
0.342900 
0.343200 
0.345900 
0.349200 
0.350500 
0.352100 
0.364200 
0.370100 
0.374000 
0.379400 
0.385300 
0.386100 
0.389400 
0.394300 
0.399400 
0.403300 
0.408700 
0.411000 
0.419600 
0.424300 
0.428400 
0.430800 
0.436000 
0.448500 
0.450000 
0.451600 
0.461100 
0.461800 
0.463800 
0.467500 
0.474600 
0.477500 
0.480400 
0.481700 
0.484500 
0.484700 
0.486700 
0.489500 
0.491000 
0.493800 
0.494700 
0.495400 
0.499300 
0.504400 
0.508100 
0.508500 
0.509900 
0.510000 
0.511600 
0.512000 
0.515200 
0.524400 
0.528700 
0.530600 
0.534500 
0.535100 
0.547700 
0.553200 
0.562600 
0.571100 
0.571800 
0.575400 
0.577000 
0.584000 
0.584100 
0.585000 
0.585400 
0.585600 
0.591200 
0.593700 
0.595600 
0.595800 
0.596500 
0.600400 
0.609100 
0.612400 
0.613400 
0.614000 
0.616200 
0.621200 
0.621200 
0.623200 
0.639100 
0.640900 
0.641700 
0.642200 
0.645700 
0.647400 
0.649200 
0.652700 
0.658600 
0.661400 
0.670500 
0.671100 
0.675700 
0.676600 
0.681100 
0.681200 
0.686600 
0.692300 
0.694700 
0.696600 
0.697700 
0.701800 
0.707800 
0.710800 
0.712600 
0.718200 
0.723300 
0.723900 
0.724800 
0.725200 
0.725300 
0.725700 
0.729700 
0.736200 
0.740500 
0.741700 
0.744900 
0.749200 
0.751100 
0.752000 
0.752300 
0.752800 
0.766600 
0.766600 
0.768600 
0.771500 
0.776900 
0.783000 
0.786600 
0.792900 
0.801900 
0.803100 
0.806100 
0.807200 
0.810400 
0.810900 
0.816500 
0.818400 
0.822400 
0.832800 
0.836900 
0.838600 
0.838700 
0.840800 
0.841000 
0.841800 
0.842300 
0.842800 
0.844700 
0.846600 
0.847300 
0.851700 
0.854100 
0.866400 
0.866900 
0.867600 
0.873500 
0.879500 
0.881100 
0.882800 
0.883400 
0.885500 
0.886800 
0.897000 
0.898800 
0.899800 
0.908700 
0.914300 
0.916800 
0.918900 
0.930100 
0.940200 
0.942900 
0.944200 
0.948000 
0.949400 
0.950300 
0.954100 
0.959000 
0.965800 
0.968500 
0.975700 
0.980800 
0.980800 
0.981300 
0.982700 
0.983200 
0.985000 
0.993300 
0.998200 
0.999900 
1.000900 
1.007500 
1.011000 
1.013500 
1.027500 
1.029400 
1.029900 
1.030300 
1.035100 
1.035300 
1.043100 
1.045000 
1.047000 
1.048100 
1.050200 
1.055200 
1.058600 
1.060100 
1.061200 
1.063500 
1.070400 
1.073500 
1.074500 
1.079100 
1.080800 
1.081100 
1.087500 
1.088700 
1.090900 
1.101500 
1.112600 
1.115100 
1.115800 
1.124100 
1.132400 
1.134200 
1.135400 
1.137200 
1.142400 
1.143200 
1.145300 
1.146400 
1.146600 
1.149600 
1.151900 
1.156400 
1.162300 
1.168300 
1.171200 
1.172100 
1.174300 
1.174700 
1.181100 
1.181800 
1.187700 
1.189800 
1.192400 
1.196100 
1.198200 
1.201600 
1.206500 
1.210900 
1.212600 
1.216800 
1.222100 
1.223800 
1.232500 
1.233500 
1.235200 
1.235500 
1.237200 
1.239900 
1.244500 
1.246400 
1.247500 
1.249700 
1.250900 
1.258500 
1.259200 
1.261200 
1.264800 
1.269900 
1.270400 
1.273000 
1.276300 
1.279900 
1.285600 
1.285800 
1.286800 
1.291000 
1.291600 
1.292600 
1.298300 
1.298600 
1.298700 
1.300200 
1.305300 
1.313900 
1.314400 
1.318600 
1.320700 
1.321500 
1.322900 
1.325700 
1.327900 
1.330600 
1.334200 
1.336300 
1.342500 
1.346500 
1.353100 
1.354700 
1.356300 
1.358200 
1.359000 
1.359500 
1.371700 
1.373900 
1.374000 
1.374600 
1.384100 
1.384800 
1.386600 
1.391200 
1.397400 
1.399800 
1.403400 
1.407200 
1.407400 
1.408100 
1.411000 
1.413600 
1.417100 
1.422700 
1.427200 
1.433700 
1.439400 
1.441300 
1.446400 
1.447500 
1.448100 
1.449700 
1.450800 
1.452000 
1.454000 
1.454400 
1.457700 
1.457900 
1.466400 
1.469800 
1.481400 
1.482200 
1.485300 
1.486500 
1.488100 
1.499800 
1.501500 
1.501800 
1.504600 
1.505500 
1.510000 
1.510300 
1.517500 
1.519100 
1.520400 
1.523400 
1.523800 
1.529400 
1.531700 
1.532200 
1.532300 
1.534200 
1.535500 
1.535600 
1.542500 
1.547100 
1.549700 
1.550600 
1.555500 
1.560100 
1.562700 
1.566700 
1.575600 
1.579600 
1.584500 
1.585400 
1.593200 
1.595600 
1.599100 
1.615100 
1.617900 
1.618000 
1.619800 
1.621000 
1.623400 
1.626300 
1.626500 
1.628500 
1.629000 
1.630800 
1.632400 
1.637700 
1.643000 
1.645100 
1.655700 
1.663600 
1.667100 
1.670500 
1.670600 
1.673800 
1.676100 
1.679400 
1.680500 
1.682200 
1.687500 
1.694700 
1.696800 
1.700300 
1.700700 
1.702100 
1.703100 
1.707300 
1.708200 
1.710600 
1.712300 
1.715500 
1.724800 
1.726800 
1.730300 
1.733000 
1.735000 
1.741000 
1.742500 
1.743900 
1.746800 
1.753900 
1.754700 
1.755900 
1.757700 
1.758300 
1.765300 
1.766600 
1.772000 
1.772300 
1.773500 
1.774400 
1.782000 
1.783800 
1.784400 
1.787500 
1.789400 
1.791400 
1.794000 
1.800700 
1.801200 
1.803700 
1.806200 
1.807500 
1.808900 
1.809600 
1.810000 
1.810100 
1.813200 
1.814500 
1.820400 
1.820800 
1.822400 
1.825400 
1.830600 
1.835200 
1.844000 
1.847700 
1.848500 
1.852700 
1.856100 
1.856700 
1.857900 
1.858900 
1.859000 
1.865100 
1.866700 
1.868500 
1.871700 
1.879200 
1.883900 
1.888600 
1.891300 
1.892100 
1.893200 
1.894500 
1.896900 
1.897900 
1.900900 
1.906800 
1.907800 
1.908800 
1.909100 
1.916700 
1.920100 
1.920500 
1.924800 
1.925800 
1.933100 
1.933600 
1.933800 
1.934000 
1.936100 
1.943500 
1.948800 
1.955300 
1.955500 
1.956600 
1.960100 
1.967600 
1.969100 
1.973100 
1.978900 
1.979100 
1.980500 
1.986500 
1.993900 
1.995000 
2.001800 
2.005800 
2.007000 
2.012700 
2.014800 
2.015300 
2.020100 
2.023000 
2.025400 
2.025600 
2.028000 
2.028800 
2.033800 
2.036500 
2.037200 
2.047400 
2.047700 
2.047900 
2.050000 
2.052600 
2.066600 
2.068000 
2.069700 
2.072200 
2.073900 
2.076400 
2.077200 
2.080700 
2.083700 
2.085600 
2.094700 
2.096200 
2.097000 
2.101700 
2.106100 
2.108300 
2.110700 
2.110900 
2.116500 
2.118300 
2.124800 
2.126700 
2.129400 
2.132300 
2.137300 
2.140500 
2.144000 
2.146200 
2.146800 
2.147000 
2.151600 
2.157400 
2.160100 
2.160800 
2.161100 
2.166900 
2.167800 
2.168800 
2.177700 
2.183600 
2.184000 
2.185400 
2.188200 
2.191000 
2.193100 
2.193500 
2.195600 
2.198200 
2.201400 
2.206300 
2.208400 
2.208700 
2.215200 
2.215500 
2.219400 
2.219700 
2.220900 
2.222000 
2.224600 
2.226100 
2.226800 
2.232400 
2.233700 
2.236600 
2.237300 
2.249600 
2.250600 
2.258400 
2.264800 
2.264900 
2.272100 
2.273100 
2.277300 
2.280600 
2.280800 
2.281000 
2.285000 
2.286300 
2.288000 
2.288400 
2.289400 
2.291800 
2.295600 
2.300900 
2.303800 
2.305700 
2.306000 
2.306500 
2.307700 
2.313800 
2.314200 
2.314900 
2.318700 
2.319600 
2.320500 
2.324400 
2.331600 
2.332800 
2.333800 
2.346500 
2.348600 
2.350100 
2.353300 
2.355800 
2.356400 
2.356700 
2.359200 
2.361900 
2.364000 
2.364200 
2.366200 
2.368100 
2.368100 
2.370700 
2.381800 
2.383100 
2.383200 
2.385800 
2.389800 
2.392000 
2.392800 
2.400000 
2.403900 
2.404200 
2.404400 
2.405000 
2.415600 
2.416600 
2.418100 
2.419500 
2.423100 
2.424000 
2.425000 
2.433400 
2.434500 
2.438500 
2.438600 
2.446300 
2.450700 
2.453000 
2.453400 
2.458600 
2.459600 
2.467100 
2.467400 
2.471900 
2.479700 
2.481700 
2.481900 
2.489000 
2.493300 
2.500000 
2.500100 
2.502600 
2.507800 
2.522300 
2.525400 
2.527700 
2.531900 
2.532200 
2.545400 
2.546900 
2.547600 
2.549900 
2.563800 
2.569200 
2.576900 
2.580700 
2.582300 
2.586700 
2.588200 
2.593200 
2.596100 
2.599000 
2.601500 
2.608900 
2.610500 
2.618200 
2.621500 
2.632100 
2.638800 
2.641700 
2.642100 
2.645000 
2.645300 
2.646300 
2.651300 
2.654200 
2.658800 
2.659400 
2.665900 
2.666900 
2.670300 
2.671300 
2.674800 
2.677300 
2.679100 
2.679200 
2.679400 
2.681500 
2.682100 
2.684800 
2.685300 
2.686800 
2.690200 
2.691500 
2.693600 
2.697600 
2.705200 
2.705200 
2.706900 
2.708500 
2.708600 
2.715300 
2.716500 
2.718800 
2.723800 
2.730000 
2.731200 
2.736500 
2.738300 
2.740600 
2.742000 
2.743800 
2.747500 
2.749800 
2.755900 
2.756100 
2.757400 
2.757800 
2.758400 
2.760800 
2.762700 
2.763200 
2.765000 
2.767300 
2.769200 
2.778400 
2.781800 
2.787600 
2.788700 
2.788700 
2.788900 
2.794800 
2.797900 
2.798600 
2.804500 
2.805900 
2.807300 
2.808400 
2.808500 
2.808700 
2.823800 
2.825200 
2.827100 
2.839200 
2.846000 
2.846600 
2.847600 
2.847700 
2.848300 
2.853100 
2.853100 
2.854400 
2.856000 
2.862000 
2.863400 
2.865900 
2.872400 
2.873300 
2.874400 
2.882000 
2.884800 
2.885200 
2.887400 
2.887500 
2.888800 
2.893100 
2.894700 
2.898700 
2.911200 
2.911200 
2.920000 
2.921400 
2.922600 
2.929300 
2.934300 
2.936300 
2.943600 
2.949100 
2.949800 
2.952700 
2.952900 
2.957500 
2.957600 
2.958000 
2.959500 
2.962200 
2.962300 
2.963700 
2.966300 
2.974200 
2.981800 
2.982200 
2.986200 
2.997800 
