28 
12 
32 
2 
51 
23 
21 
3 
24 
0 
1 
39 
19 
51 
49 
10 
29 
38 
51 
29 
37 
41 
40 
11 
21 
44 
24 
12 
10 
35 
2 
37 
33 
17 
21 
32 
12 
29 
39 
10 
2 
1 
11 
30 
29 
37 
9 
39 
10 
23 
41 
3 
29 
14 
44 
40 
26 
4 
21 
51 
12 
47 
8 
3 
32 
25 
43 
32 
4 
40 
24 
29 
27 
30 
35 
17 
41 
24 
44 
6 
3 
35 
7 
37 
38 
32 
29 
23 
12 
26 
15 
2 
1 
30 
10 
23 
12 
4 
24 
41 
2 
11 
29 
4 
39 
20 
12 
40 
28 
29 
37 
1 
19 
11 
4 
10 
46 
30 
49 
2 
23 
29 
39 
6 
8 
29 
1 
33 
37 
44 
10 
39 
23 
29 
4 
40 
1 
39 
36 
6 
23 
29 
32 
4 
2 
24 
30 
37 
21 
34 
33 
4 
1 
29 
40 
32 
24 
2 
15 
29 
4 
21 
33 
51 
39 
41 
12 
26 
11 
22 
34 
23 
44 
29 
43 
51 
38 
4 
36 
29 
12 
32 
1 
16 
40 
37 
4 
12 
32 
33 
39 
29 
38 
2 
46 
52 
44 
29 
26 
36 
35 
33 
23 
44 
2 
32 
24 
43 
33 
37 
32 
3 
29 
15 
26 
41 
2 
32 
8 
4 
29 
3 
17 
1 
29 
23 
8 
24 
3 
21 
28 
37 
33 
13 
11 
40 
15 
6 
2 
24 
39 
51 
49 
43 
32 
19 
28 
2 
36 
27 
14 
23 
10 
32 
40 
29 
37 
22 
8 
24 
29 
40 
49 
32 
39 
3 
29 
37 
2 
36 
40 
22 
4 
34 
32 
51 
13 
35 
44 
28 
2 
10 
15 
43 
12 
49 
33 
20 
10 
11 
41 
1 
39 
17 
3 
29 
48 
23 
21 
41 
44 
1 
37 
4 
32 
50 
29 
7 
39 
25 
28 
1 
30 
24 
12 
10 
21 
39 
36 
37 
24 
30 
43 
29 
40 
19 
31 
11 
12 
8 
1 
37 
40 
44 
29 
34 
30 
31 
3 
40 
44 
12 
19 
32 
15 
51 
7 
37 
41 
40 
30 
32 
2 
27 
11 
8 
30 
10 
32 
23 
52 
49 
26 
19 
2 
40 
4 
46 
24 
8 
15 
16 
32 
11 
23 
26 
41 
29 
2 
49 
40 
51 
43 
29 
21 
23 
41 
18 
37 
40 
22 
2 
