162
169
145
157
154
145
163
155
164
163
157
150
159
154
164
160
157
155
159
165
159
161
150
161
159
160
157
162
153
166
155
165
166
147
165
159
158
155
152
162
163
158
157
163
156
156
136
150
161
161
156
169
147
161
164
159
158
145
158
157
152
163
167
158
157
139
151
146
154
159
155
160
163
152
154
162
155
159
152
163
156
160
152
163
154
149
153
164
159
156
158
161
159
167
153
164
164
151
154
147
176
149
162
157
164
162
156
157
163
171
163
163
150
166
143
156
165
156
150
158
154
150
153
154
163
161
158
150
157
157
161
150
155
168
154
155
145
153
166
159
148
164
159
160
153
163
157
162
155
157
162
154
141
154
159
167
163
163
168
156
167
164
163
163
153
161
158
164
152
161
160
157
162
154
154
160
162
158
148
155
155
167
166
155
158
7
3
5
8
3
7
6
6
14
6
2
9
2
3
2
7
7
3
8
5
4
3
7
5
6
8
5
3
6
8
5
8
4
6
1
1
6
1
4
7
5
4
4
5
3
7
7
8
11
3
9
4
7
9
8
4
3
4
3
2
4
9
4
4
6
4
8
4
3
4
3
0
1
4
1
11
2
5
9
6
4
2
7
8
7
10
9
8
8
2
5
3
1
4
2
5
1
12
8
3
6
3
14
15
4
6
10
6
7
3
7
8
1
4
2
3
1
9
7
4
4
1
4
3
10
8
3
3
1
7
9
4
0
9
3
2
3
2
3
9
9
3
8
9
9
4
5
12
5
4
8
3
2
9
2
9
5
6
4
10
1
0
7
10
5
4
6
2
1
7
5
4
10
8
1
3
2
4
4
4
9
9
1
7
7
7
6
2
12
4
4
9
7
5
5
10
4
5
4
7
4
10
7
4
1
9
1
8
7
2
6
7
3
8
7
11
4
4
5
1
7
2
4
11
4
1
3
7
5
4
2
6
12
4
10
1
4
3
8
1
4
12
2
4
11
3
4
4
12
2
9
7
11
14
3
10
5
3
5
4
2
0
2
3
9
5
6
5
1
5
6
5
5
5
0
1
6
6
4
3
5
5
8
3
7
9
9
4
3
1
7
8
4
16
2
3
6
7
10
3
4
4
7
4
3
6
4
2
9
4
2
7
6
5
6
3
4
0
7
2
8
4
6
12
4
5
4
11
6
6
2
5
4
3
3
1
5
17
2
6
2
7
7
0
7
6
9
3
3
2
5
14
4
2
5
3
5
0
14
2
4
7
10
1
10
3
8
2
7
4
1
10
3
7
4
6
9
2
4
6
15
5
2
7
6
2
10
9
6
5
3
11
1
13
9
5
9
9
3
9
5
7
13
1
7
3
6
3
5
12
4
5
5
7
3
3
5
9
1
5
2
5
7
9
7
5
8
7
4
10
6
8
2
2
4
10
3
6
4
3
3
5
7
9
9
15
6
6
6
2
5
4
9
10
5
2
1
6
12
10
5
5
12
5
6
7
3
8
12
7
7
5
11
9
3
6
7
6
6
3
4
4
0
4
2
2
4
6
15
6
1
6
10
2
8
3
7
2
9
5
4
2
1
5
3
3
8
1
3
7
4
5
7
4
14
5
9
3
2
14
3
8
8
3
3
6
10
3
8
4
1
4
5
13
3
3
5
1
5
4
10
10
5
8
2
4
8
6
8
7
0
6
5
5
8
5
