11 
44 
13 
54 
28 
46 
16 
55 
10 
35 
22 
9 
3 
14 
48 
25 
5 
41 
6 
46 
26 
18 
7 
49 
39 
24 
2 
28 
19 
4 
34 
27 
52 
30 
6 
3 
45 
38 
8 
42 
16 
49 
47 
26 
14 
33 
51 
11 
46 
44 
27 
34 
53 
50 
55 
52 
26 
1 
3 
53 
11 
46 
25 
40 
6 
54 
13 
49 
41 
30 
50 
4 
35 
26 
22 
11 
6 
9 
25 
38 
28 
26 
46 
14 
44 
21 
1 
46 
38 
31 
2 
28 
17 
36 
53 
7 
3 
10 
43 
20 
9 
30 
35 
6 
28 
47 
16 
40 
23 
44 
30 
29 
35 
51 
13 
41 
26 
46 
34 
3 
16 
31 
20 
10 
32 
46 
0 
13 
44 
5 
32 
51 
4 
33 
42 
35 
54 
43 
26 
14 
3 
32 
1 
51 
17 
2 
30 
16 
22 
33 
54 
4 
37 
32 
46 
41 
18 
49 
34 
25 
20 
16 
37 
6 
54 
34 
20 
17 
3 
32 
38 
1 
14 
26 
18 
32 
14 
38 
6 
28 
51 
26 
13 
43 
32 
35 
49 
10 
20 
39 
7 
32 
51 
13 
8 
29 
50 
24 
2 
14 
30 
52 
18 
50 
13 
20 
26 
39 
18 
9 
28 
35 
10 
14 
29 
50 
30 
21 
20 
35 
4 
26 
14 
2 
10 
6 
22 
8 
37 
12 
33 
2 
21 
11 
51 
15 
14 
32 
3 
13 
6 
50 
54 
0 
9 
20 
21 
2 
15 
49 
6 
38 
16 
4 
2 
13 
3 
30 
46 
9 
17 
36 
2 
19 
26 
54 
13 
10 
40 
0 
8 
5 
30 
6 
14 
20 
46 
23 
54 
1 
28 
31 
2 
37 
1 
47 
23 
53 
50 
20 
29 
16 
43 
44 
49 
39 
47 
21 
23 
46 
26 
11 
16 
0 
1 
20 
9 
40 
35 
50 
4 
38 
51 
19 
32 
39 
37 
30 
20 
31 
26 
1 
33 
35 
17 
21 
39 
49 
2 
44 
8 
0 
35 
28 
50 
1 
32 
41 
35 
18 
46 
43 
3 
38 
11 
46 
47 
20 
30 
51 
53 
3 
37 
16 
13 
30 
18 
22 
32 
6 
14 
26 
17 
4 
27 
51 
13 
34 
35 
0 
25 
37 
4 
54 
18 
42 
13 
21 
39 
18 
10 
47 
3 
1 
51 
54 
13 
32 
40 
42 
31 
30 
37 
29 
44 
1 
18 
27 
31 
22 
13 
8 
36 
28 
16 
46 
26 
42 
1 
29 
43 
41 
21 
18 
10 
20 
33 
44 
38 
22 
10 
3 
29 
15 
2 
47 
0 
55 
16 
12 
15 
18 
14 
40 
50 
3 
20 
34 
0 
25 
52 
31 
46 
40 
20 
2 
6 
49 
54 
11 
26 
9 
6 
37 
12 
32 
5 
14 
30 
41 
35 
25 
46 
54 
22 
26 
23 
50 
10 
27 
9 
39 
2 
18 
28 
12 
36 
14 
39 
9 
26 
6 
0 
49 
54 
27 
3 
51 
18 
7 
49 
20 
11 
31 
24 
52 
38 
28 
10 
39 
42 
49 
35 
41 
26 
9 
19 
6 
10 
15 
42 
46 
22 
54 
32 
27 
6 
9 
24 
38 
1 
44 
35 
40 
5 
11 
31 
15 
36 
42 
34 
49 
25 
41 
24 
3 
54 
39 
6 
48 
35 
25 
33 
40 
52 
28 
47 
11 
23 
7 
32 
14 
10 
16 
35 
37 
53 
47 
5 
3 
39 
54 
14 
28 
8 
25 
50 
33 
37 
49 
2 
15 
52 
11 
28 
27 
26 
24 
23 
42 
9 
34 
44 
39 
51 
50 
27 
49 
28 
10 
15 
39 
51 
29 
42 
5 
16 
28 
35 
48 
6 
47 
50 
7 
24 
34 
54 
13 
44 
37 
54 
12 
7 
18 
31 
28 
49 
14 
38 
10 
54 
3 
5 
20 
11 
42 
50 
0 
44 
1 
26 
32 
13 
48 
21 
27 
33 
