0.017700 
0.024400 
0.027100 
0.034700 
0.036100 
0.044000 
0.044600 
0.051100 
0.051500 
0.052900 
0.063500 
0.065000 
0.070200 
0.072900 
0.075300 
0.081400 
0.087100 
0.099400 
0.100300 
0.106900 
0.115700 
0.119100 
0.129300 
0.132800 
0.136900 
0.141200 
0.155300 
0.161100 
0.161300 
0.161600 
0.166500 
0.166800 
0.166900 
0.173600 
0.174000 
0.178100 
0.182600 
0.184400 
0.184500 
0.185200 
0.187500 
0.190100 
0.192400 
0.196700 
0.200300 
0.205900 
0.207100 
0.207900 
0.209400 
0.216500 
0.221000 
0.222000 
0.224600 
0.225500 
0.230900 
0.232600 
0.233100 
0.233200 
0.240800 
0.245200 
0.245600 
0.247300 
0.249000 
0.251300 
0.252100 
0.259800 
0.267100 
0.268400 
0.271000 
0.272000 
0.274000 
0.275200 
0.278300 
0.282800 
0.283500 
0.284300 
0.288200 
0.290100 
0.294800 
0.295100 
0.296800 
0.299500 
0.299500 
0.300900 
0.301300 
0.312700 
0.318200 
0.319400 
0.319700 
0.320100 
0.321800 
0.322000 
0.322100 
0.332800 
0.332900 
0.335800 
0.336900 
0.342400 
0.343400 
0.354800 
0.355600 
0.356200 
0.356300 
0.362300 
0.373100 
0.374500 
0.376500 
0.378000 
0.378000 
0.380800 
0.383000 
0.383600 
0.387700 
0.391900 
0.398900 
0.400100 
0.401900 
0.409800 
0.420100 
0.421300 
0.422600 
0.422600 
0.423000 
0.429300 
0.430100 
0.436600 
0.440800 
0.440900 
0.441900 
0.443500 
0.445400 
0.448300 
0.449400 
0.450900 
0.451200 
0.452900 
0.453600 
0.454300 
0.454900 
0.459100 
0.459400 
0.474600 
0.474600 
0.477800 
0.480800 
0.481600 
0.483700 
0.484100 
0.484300 
0.485100 
0.491000 
0.495700 
0.496400 
0.496500 
0.496600 
0.498200 
0.502200 
0.504900 
0.506100 
0.508500 
0.519200 
0.521300 
0.521700 
0.525800 
0.528100 
0.528200 
0.528300 
0.532000 
0.532400 
0.533300 
0.533800 
0.536700 
0.537100 
0.537700 
0.545600 
0.545800 
0.546100 
0.555900 
0.556000 
0.560400 
0.560700 
0.561700 
0.564100 
0.566100 
0.568000 
0.569200 
0.569800 
0.570500 
0.570700 
0.573400 
0.577900 
0.582300 
0.602500 
0.604300 
0.604500 
0.606200 
0.610900 
0.611500 
0.613000 
0.613100 
0.614300 
0.628400 
0.628700 
0.631700 
0.640500 
0.646700 
0.650900 
0.655700 
0.658100 
0.658300 
0.660600 
0.661700 
0.662600 
0.671900 
0.672500 
0.672500 
0.672700 
0.673900 
0.674000 
0.676100 
0.680400 
0.684600 
0.688500 
0.691200 
0.695000 
0.696800 
0.699600 
0.699700 
0.703500 
0.704300 
0.708000 
0.713800 
0.716300 
0.716700 
0.722900 
0.728100 
0.729700 
0.729700 
0.732200 
0.739600 
0.740000 
0.742200 
0.750400 
0.751200 
0.751900 
0.752500 
0.758000 
0.759500 
0.761700 
0.763100 
0.766400 
0.769900 
0.771100 
0.776200 
0.779600 
0.781100 
0.781800 
0.787200 
0.790500 
0.793000 
0.793900 
0.795700 
0.797000 
0.803100 
0.806600 
0.807000 
0.808600 
0.815200 
0.816200 
0.816700 
0.820000 
0.823300 
0.826000 
0.828900 
0.834000 
0.836800 
0.846100 
0.847800 
0.860400 
0.861900 
0.864300 
0.864600 
0.865500 
0.866800 
0.872700 
0.873100 
0.873900 
0.876000 
0.883300 
0.883500 
0.884100 
0.887400 
0.891700 
0.898600 
0.900100 
0.906100 
0.910800 
0.914500 
0.915500 
0.918900 
0.921600 
0.924300 
0.926500 
0.928000 
0.930600 
0.931800 
0.933000 
0.935300 
0.935400 
0.937700 
0.938200 
0.944300 
0.947400 
0.948700 
0.949800 
0.950100 
0.951500 
0.964900 
0.965800 
0.966200 
0.966600 
0.967600 
0.967900 
0.968200 
0.968500 
0.984200 
0.984500 
0.985600 
0.987100 
0.990700 
1.001200 
1.002600 
1.006600 
1.010200 
1.011200 
1.014000 
1.024100 
1.032200 
1.033100 
1.035500 
1.035800 
1.042100 
1.042200 
1.042200 
1.042600 
1.044900 
1.051300 
1.055400 
1.055400 
1.060500 
1.062200 
1.066800 
1.075700 
1.084400 
1.086200 
1.092800 
1.095500 
1.097400 
1.101400 
1.101800 
1.102000 
1.109700 
1.115500 
1.119800 
1.122700 
1.123000 
1.124600 
1.124800 
1.124900 
1.129100 
1.136400 
1.136900 
1.142500 
1.148800 
1.156100 
1.156900 
1.157000 
1.159100 
1.166300 
1.166500 
1.169200 
1.171700 
1.172000 
1.173300 
1.174400 
1.176000 
1.176100 
1.179600 
1.180500 
1.184600 
1.187300 
1.187700 
1.192300 
1.194000 
1.201900 
1.204700 
1.207300 
1.210000 
1.212000 
1.219400 
1.220600 
1.221600 
1.223200 
1.224700 
1.224900 
1.228900 
1.229900 
1.230200 
1.232200 
1.237200 
1.238100 
1.244200 
1.249000 
1.255100 
1.260500 
1.268800 
1.272800 
1.276600 
1.280400 
1.283200 
1.285400 
1.288800 
1.295300 
1.300700 
1.302400 
1.303200 
1.312600 
1.314000 
1.315100 
1.315700 
1.321800 
1.324700 
1.327400 
1.328700 
1.336400 
1.342600 
1.345100 
1.345800 
1.348300 
1.351000 
1.351300 
1.358100 
1.361800 
1.369600 
1.371000 
1.372800 
1.374400 
1.376900 
1.378900 
1.384400 
1.388300 
1.388700 
1.389700 
1.391700 
1.400000 
1.404700 
1.406200 
1.409200 
1.409800 
1.412700 
1.413900 
1.415600 
1.418300 
1.419100 
1.423400 
1.427100 
1.428200 
1.433700 
1.439300 
1.442400 
1.444000 
1.447100 
1.449000 
1.450100 
1.451100 
1.456300 
1.456800 
1.458600 
1.465600 
1.466900 
1.476000 
1.477200 
1.477300 
1.481400 
1.483700 
1.484700 
1.485000 
1.491000 
1.500500 
1.500900 
1.502500 
1.503900 
1.508600 
1.509900 
1.513700 
1.517400 
1.520600 
1.521400 
1.522100 
1.524300 
1.529300 
1.540400 
1.548900 
1.551800 
1.555600 
1.556300 
1.556500 
1.557300 
1.561300 
1.565300 
1.568200 
1.570600 
1.570800 
1.572200 
1.575800 
1.583600 
1.584000 
1.590400 
1.594600 
1.595500 
1.600400 
1.600400 
1.604200 
1.614400 
1.618600 
1.622500 
1.623100 
1.630900 
1.637700 
1.639500 
1.645200 
1.645700 
1.647600 
1.661500 
1.668800 
1.680000 
1.686700 
1.686800 
1.689900 
1.697100 
1.697100 
1.698000 
1.699400 
1.699700 
1.700800 
1.704100 
1.705200 
1.705700 
1.711400 
1.715100 
1.717600 
1.720600 
1.725400 
1.729700 
1.731500 
1.738100 
1.745300 
1.745500 
1.748800 
1.749000 
1.749700 
1.753000 
1.762300 
1.763800 
1.768000 
1.768100 
1.768800 
1.769900 
1.775000 
1.783600 
1.786700 
1.787100 
1.792700 
1.793700 
1.813200 
1.814400 
1.818600 
1.818800 
1.823300 
1.823300 
1.825200 
1.825400 
1.831100 
1.835000 
1.838300 
1.840500 
1.843400 
1.847200 
1.848400 
1.851100 
1.853600 
1.855000 
1.857300 
1.857800 
1.866800 
1.868700 
1.883100 
1.886700 
1.890000 
1.892300 
1.899700 
1.909300 
1.915300 
1.916200 
1.932100 
1.935900 
1.937000 
1.937300 
1.941000 
1.943000 
1.946000 
1.946300 
1.948700 
1.949900 
1.954600 
1.962400 
1.964100 
1.964900 
1.966700 
1.968800 
1.970300 
1.971600 
1.975400 
1.978500 
1.981800 
1.983900 
1.984200 
1.985100 
1.989900 
1.994300 
1.994900 
1.997000 
1.997600 
1.997700 
2.000200 
2.003600 
2.005700 
2.005800 
2.009700 
2.010400 
2.014200 
2.016700 
2.018800 
2.020000 
2.023000 
2.027600 
2.034900 
2.035700 
2.036800 
2.044900 
2.046200 
2.046400 
2.047500 
2.052600 
2.055200 
2.055500 
2.060300 
2.060900 
2.065500 
2.066300 
2.067700 
2.070800 
2.076800 
2.079900 
2.081000 
2.083900 
2.092800 
2.096000 
2.098500 
2.099800 
2.103600 
2.104500 
2.105000 
2.106000 
2.118900 
2.123000 
2.123700 
2.127400 
2.129800 
2.129900 
2.135800 
2.144300 
2.144600 
2.148200 
2.149600 
2.149900 
2.151700 
2.153100 
2.155100 
2.159300 
2.160500 
2.162000 
2.169600 
2.171300 
2.172200 
2.182000 
2.191800 
2.195500 
2.196100 
2.198700 
2.199900 
2.205100 
2.209500 
2.209500 
2.210100 
2.213100 
2.219300 
2.222200 
2.222800 
2.224800 
2.236600 
2.237800 
2.243800 
2.243900 
2.246600 
2.247200 
2.247600 
2.247700 
2.247800 
2.248100 
2.251300 
2.255600 
2.256600 
2.266500 
2.268500 
2.268500 
2.271100 
2.271500 
2.271700 
2.275000 
2.279500 
2.279700 
2.280200 
2.284300 
2.285800 
2.287500 
2.304800 
2.306600 
2.306800 
2.310900 
2.312800 
2.314200 
2.319200 
2.321000 
2.323900 
2.324800 
2.326800 
2.331600 
2.333200 
2.334100 
2.335700 
2.339700 
2.343300 
2.343800 
2.345600 
2.346200 
2.346800 
2.349600 
2.349900 
2.350900 
2.352300 
2.357600 
2.358900 
2.362100 
2.373500 
2.380800 
2.385000 
2.388600 
2.389100 
2.391200 
2.396100 
2.400200 
2.402500 
2.404700 
2.406000 
2.406500 
2.423600 
2.424700 
2.425500 
2.437200 
2.442000 
2.444100 
2.451300 
2.457000 
2.457500 
2.459200 
2.459200 
2.462200 
2.463300 
2.464700 
2.467600 
2.471500 
2.473200 
2.473200 
2.474300 
2.478700 
2.480500 
2.481500 
2.489100 
2.490100 
2.495000 
2.499100 
2.502700 
2.505000 
2.505600 
2.506000 
2.510100 
2.510300 
2.510800 
2.511800 
2.518600 
2.519000 
2.519700 
2.520700 
2.523400 
2.541700 
2.542600 
2.548300 
2.555600 
2.558300 
2.570200 
2.572200 
2.572700 
2.583100 
2.584000 
2.586900 
2.587400 
2.591300 
2.592000 
2.601700 
2.612400 
2.613300 
2.619800 
2.620100 
2.628300 
2.628900 
2.629800 
2.631900 
2.635500 
2.640800 
2.641300 
2.652700 
2.652800 
2.658700 
2.662900 
2.665600 
2.668600 
2.671200 
2.674700 
2.674800 
2.677700 
2.679600 
2.680900 
2.681900 
2.685000 
2.690300 
2.693800 
2.695900 
2.700100 
2.700900 
2.705700 
2.712800 
2.713400 
2.715400 
2.717400 
2.717600 
2.720200 
2.722200 
2.724300 
2.725200 
2.725300 
2.728200 
2.734100 
2.743100 
2.744100 
2.746000 
2.746400 
2.752700 
2.759200 
2.762000 
2.763700 
2.763700 
2.763800 
2.765500 
2.766200 
2.769100 
2.770000 
2.771600 
2.771600 
2.773000 
2.782100 
2.782200 
2.782400 
2.784100 
2.791100 
2.796100 
2.802000 
2.803900 
2.807300 
2.807500 
2.815200 
2.818400 
2.818700 
2.819000 
2.819300 
2.823200 
2.828300 
2.829000 
2.831800 
2.833700 
2.843300 
2.844200 
2.844400 
2.845000 
2.845900 
2.848200 
2.851200 
2.853100 
2.857000 
2.858400 
2.862700 
2.863900 
2.874600 
2.875900 
2.876300 
2.880800 
2.882400 
2.884100 
2.885200 
2.888800 
2.890500 
2.891400 
2.894000 
2.903000 
2.904600 
2.908100 
2.911200 
2.923200 
2.923800 
2.926700 
2.927900 
2.935800 
2.936400 
2.948200 
2.948700 
2.959800 
2.961400 
2.965500 
2.971700 
2.972600 
2.981100 
2.981600 
2.982600 
2.987600 
2.988200 
2.990300 
2.992100 
2.996400 
2.997200 
2.999000 
