0.047800 
0.055500 
0.061600 
0.081200 
0.108300 
0.111800 
0.123000 
0.127200 
0.132300 
0.136300 
0.137900 
0.138200 
0.157300 
0.160100 
0.163900 
0.211100 
0.213600 
0.218400 
0.223700 
0.242600 
0.245300 
0.268600 
0.271800 
0.278800 
0.279300 
0.287500 
0.290700 
0.295600 
0.316200 
0.325100 
0.326100 
0.330800 
0.341300 
0.346800 
0.369900 
0.374300 
0.389400 
0.390600 
0.395300 
0.397000 
0.397600 
0.418500 
0.420700 
0.427200 
0.462300 
0.462400 
0.465700 
0.472200 
0.484900 
0.514700 
0.519300 
0.531200 
0.540900 
0.568100 
0.576600 
0.583000 
0.590200 
0.606400 
0.610800 
0.611100 
0.613900 
0.626700 
0.631300 
0.635100 
0.640500 
0.640800 
0.644200 
0.650200 
0.652600 
0.674300 
0.684100 
0.713600 
0.724700 
0.725500 
0.726400 
0.743100 
0.747600 
0.763100 
0.767800 
0.768600 
0.776700 
0.785500 
0.848100 
0.851500 
0.864000 
0.878700 
0.886400 
0.898100 
0.906700 
0.911200 
0.913200 
0.915200 
0.932400 
0.939800 
0.949200 
0.958400 
0.960600 
0.966800 
0.972600 
0.977700 
0.990200 
0.995300 
1.005900 
1.014600 
1.021100 
1.048700 
1.078900 
1.083300 
1.088900 
1.106800 
1.108200 
1.112400 
1.115200 
1.126500 
1.133400 
1.160200 
1.160800 
1.166300 
1.169600 
1.170400 
1.171900 
1.176800 
1.196200 
1.210300 
1.211000 
1.224900 
1.240000 
1.247800 
1.264200 
1.267800 
1.279300 
1.282400 
1.297400 
1.301100 
1.304000 
1.311800 
1.327900 
1.351400 
1.362000 
1.384200 
1.414500 
1.437900 
1.442200 
1.450500 
1.461900 
1.469100 
1.476000 
1.486200 
1.487200 
1.488000 
1.501800 
1.502800 
1.502800 
1.528500 
1.548400 
1.551600 
1.556300 
1.559700 
1.585100 
1.608500 
1.610500 
1.615900 
1.621700 
1.622900 
1.644900 
1.649400 
1.660700 
1.682400 
1.696000 
1.724200 
1.741100 
1.745000 
1.752100 
1.755200 
1.756100 
1.756500 
1.767900 
1.769900 
1.780000 
1.781300 
1.782700 
1.790100 
1.806700 
1.811900 
1.825500 
1.832400 
1.847600 
1.849200 
1.849600 
1.854900 
1.868600 
1.876900 
1.891900 
1.903900 
1.913800 
1.920000 
1.938600 
1.948100 
1.976000 
1.985200 
2.004500 
2.011000 
2.017900 
2.018700 
2.043400 
2.049800 
2.060400 
2.061300 
2.074200 
2.104300 
2.113000 
2.113300 
2.116400 
2.116500 
2.124200 
2.131600 
2.136400 
2.147200 
2.148000 
2.157200 
2.161300 
2.185900 
2.189800 
2.190400 
2.192000 
2.203900 
2.214800 
2.219000 
2.223500 
2.227600 
2.240100 
2.254800 
2.270500 
2.285800 
2.328700 
2.328900 
2.330000 
2.342400 
2.349800 
2.357100 
2.366200 
2.375600 
2.384500 
2.403500 
2.407400 
2.431400 
2.434100 
2.457200 
2.462200 
2.467400 
2.473100 
2.481900 
2.493000 
2.510400 
2.520900 
2.522100 
2.533100 
2.543000 
2.543500 
2.572200 
2.585000 
2.592200 
2.597500 
2.601800 
2.603500 
2.617200 
2.619900 
2.634800 
2.636300 
2.636500 
2.639800 
2.646700 
2.655300 
2.676400 
2.685200 
2.703100 
2.716400 
2.718300 
2.725700 
2.738100 
2.743500 
2.748100 
2.772100 
2.789500 
2.791500 
2.801000 
2.807200 
2.825700 
2.827300 
2.830100 
2.843300 
2.845100 
2.846900 
2.847800 
2.864900 
2.865000 
2.867800 
2.869500 
2.887000 
2.899100 
2.905800 
2.906400 
2.916500 
2.933400 
2.939900 
2.940600 
2.941800 
2.947100 
2.962700 
2.966700 
2.968500 
2.976800 
2.983800 
