1175 
800 
1244 
1203 
1226 
942 
410 
670 
835 
290 
1108 
303 
1091 
869 
235 
1116 
299 
496 
473 
644 
681 
573 
1113 
1191 
525 
209 
791 
146 
1111 
397 
927 
472 
698 
740 
332 
851 
384 
602 
60 
1144 
1206 
970 
1047 
175 
88 
61 
302 
1124 
121 
533 
340 
741 
213 
992 
609 
932 
289 
688 
862 
511 
904 
1222 
107 
684 
412 
995 
96 
1080 
1229 
1037 
902 
1240 
81 
53 
1119 
782 
459 
823 
1087 
477 
254 
923 
1038 
451 
431 
308 
404 
1174 
572 
670 
1251 
960 
987 
1242 
797 
438 
683 
725 
131 
748 
1044 
510 
140 
562 
22 
1034 
1106 
186 
1225 
935 
922 
527 
991 
1201 
147 
578 
896 
253 
95 
278 
512 
909 
262 
789 
577 
1048 
1154 
690 
839 
1159 
35 
799 
82 
583 
323 
1033 
405 
655 
687 
1156 
1164 
695 
434 
1228 
811 
291 
537 
1021 
897 
913 
927 
373 
108 
699 
1189 
129 
912 
112 
229 
447 
433 
429 
1019 
753 
1076 
394 
200 
668 
1116 
1111 
450 
192 
332 
759 
1165 
87 
580 
820 
244 
776 
325 
1135 
643 
1055 
152 
1083 
1186 
362 
353 
1003 
59 
1081 
404 
595 
201 
1193 
322 
131 
369 
1022 
1059 
966 
684 
1227 
98 
714 
1045 
615 
1124 
1025 
569 
390 
589 
794 
1043 
967 
517 
532 
1261 
105 
1183 
931 
1224 
823 
1047 
622 
248 
489 
1048 
551 
840 
1038 
954 
681 
935 
488 
775 
484 
65 
1014 
255 
691 
1233 
839 
515 
1253 
1216 
194 
45 
791 
842 
1084 
380 
750 
680 
583 
528 
1044 
70 
48 
402 
284 
354 
1000 
191 
447 
43 
917 
857 
214 
228 
339 
141 
164 
375 
817 
835 
282 
1147 
719 
290 
578 
789 
947 
758 
1248 
654 
609 
576 
613 
1145 
268 
677 
670 
1143 
603 
1069 
439 
642 
727 
145 
415 
605 
330 
1217 
778 
795 
1258 
106 
908 
136 
608 
659 
628 
905 
871 
851 
366 
779 
525 
879 
920 
466 
563 
307 
856 
1139 
660 
568 
624 
814 
1094 
241 
961 
163 
310 
588 
552 
902 
888 
1040 
1146 
309 
1024 
753 
78 
583 
679 
34 
146 
25 
85 
1148 
478 
1048 
1033 
138 
1116 
1081 
322 
107 
1135 
1117 
1102 
323 
82 
402 
1204 
766 
293 
932 
440 
834 
671 
1223 
987 
1228 
1175 
1055 
933 
470 
1144 
686 
254 
862 
1229 
508 
757 
797 
397 
610 
383 
176 
647 
1172 
948 
1170 
510 
459 
185 
405 
670 
965 
1109 
649 
981 
1257 
88 
435 
593 
380 
912 
1061 
262 
416 
1124 
373 
690 
612 
259 
399 
793 
1143 
1222 
251 
792 
920 
1251 
1178 
884 
265 
1016 
480 
995 
172 
407 
516 
415 
785 
125 
823 
832 
1179 
1091 
142 
578 
1209 
461 
895 
573 
509 
1049 
896 
1184 
423 
205 
303 
837 
232 
1032 
674 
490 
918 
381 
720 
799 
1047 
789 
1233 
48 
231 
281 
778 
1068 
700 
639 
876 
1135 
148 
209 
323 
814 
47 
341 
1087 
695 
25 
522 
304 
658 
456 
121 
1033 
439 
366 
301 
1119 
585 
665 
191 
521 
192 
1255 
564 
340 
436 
567 
705 
1225 
176 
45 
17 
1012 
404 
615 
73 
1258 
129 
932 
518 
679 
53 
195 
603 
687 
758 
843 
263 
463 
652 
1247 
256 
1056 
992 
646 
363 
539 
1179 
783 
943 
1145 
131 
619 
373 
823 
83 
186 
800 
731 
310 
795 
346 
1000 
696 
768 
331 
766 
279 
981 
1202 
259 
183 
137 
1146 
1043 
28 
1149 
130 
520 
1229 
143 
892 
1010 
410 
743 
917 
926 
936 
789 
1200 
1223 
565 
402 
377 
613 
1222 
714 
201 
670 
412 
752 
1227 
1128 
369 
888 
120 
225 
134 
188 
33 
85 
550 
184 
834 
290 
1259 
48 
598 
552 
896 
98 
921 
767 
935 
191 
710 
363 
332 
414 
749 
1026 
642 
578 
339 
91 
253 
688 
464 
684 
436 
527 
103 
934 
855 
140 
797 
1142 
245 
918 
960 
1221 
1247 
232 
23 
593 
617 
131 
647 
702 
1094 
1186 
138 
1158 
96 
1040 
745 
214 
501 
1143 
204 
603 
15 
1060 
156 
670 
1179 
515 
209 
186 
78 
843 
965 
512 
972 
58 
1048 
25 
991 
607 
1159 
932 
1229 
399 
303 
779 
4 
434 
609 
415 
789 
697 
810 
778 
551 
241 
88 
229 
741 
68 
652 
683 
759 
426 
522 
814 
994 
953 
352 
532 
423 
1082 
510 
347 
362 
839 
583 
411 
713 
1251 
402 
1139 
403 
208 
447 
228 
1250 
389 
1188 
134 
1261 
254 
1118 
519 
537 
1162 
1019 
112 
278 
1078 
1254 
794 
1117 
310 
487 
400 
42 
323 
956 
686 
76 
1111 
1130 
13 
935 
902 
1091 
1112 
982 
93 
483 
763 
619 
113 
1003 
753 
1024 
927 
54 
1134 
164 
245 
1013 
1175 
136 
1214 
696 
339 
394 
947 
823 
791 
1143 
778 
1032 
463 
98 
253 
679 
80 
1124 
573 
515 
1044 
1216 
917 
1185 
55 
318 
1080 
1258 
426 
480 
985 
562 
532 
992 
1229 
1179 
1178 
1144 
1067 
789 
570 
670 
639 
518 
1017 
990 
800 
511 
510 
133 
2 
332 
609 
795 
727 
64 
260 
333 
731 
932 
25 
147 
964 
507 
758 
938 
852 
139 
327 
948 
402 
839 
1048 
829 
473 
578 
174 
895 
323 
700 
259 
501 
954 
403 
921 
542 
925 
1261 
410 
89 
1247 
312 
671 
372 
920 
1073 
603 
1049 
1215 
940 
653 
842 
1066 
354 
844 
1188 
440 
1146 
206 
797 
1075 
1222 
141 
514 
703 
328 
263 
646 
60 
345 
449 
101 
652 
686 
482 
961 
1204 
340 
823 
201 
339 
48 
1056 
439 
945 
1167 
729 
757 
1037 
88 
1033 
1061 
1127 
163 
1032 
972 
480 
87 
917 
1055 
384 
1003 
954 
291 
687 
91 
146 
1208 
1213 
351 
942 
229 
34 
332 
1076 
164 
673 
813 
1242 
310 
380 
1059 
966 
390 
178 
25 
372 
531 
297 
805 
1048 
935 
802 
1172 
198 
1258 
408 
670 
1120 
245 
1259 
184 
955 
142 
341 
402 
33 
927 
447 
595 
745 
665 
775 
1247 
255 
920 
1229 
43 
412 
1178 
415 
621 
423 
937 
1251 
528 
537 
647 
148 
424 
1216 
558 
83 
1087 
483 
1214 
814 
827 
593 
789 
791 
940 
1257 
1144 
562 
729 
995 
525 
628 
373 
1148 
207 
653 
581 
176 
1139 
128 
797 
1179 
524 
646 
1081 
1240 
758 
583 
389 
371 
208 
381 
185 
1124 
711 
518 
236 
618 
905 
318 
1185 
850 
943 
1237 
74 
683 
685 
1228 
1174 
826 
970 
91 
753 
408 
139 
1261 
1043 
1225 
402 
45 
966 
835 
650 
839 
942 
1254 
522 
687 
730 
374 
1019 
35 
342 
1246 
727 
1204 
410 
996 
259 
1189 
394 
64 
616 
759 
395 
1235 
637 
927 
291 
739 
66 
124 
938 
695 
438 
95 
184 
757 
948 
480 
917 
833 
1258 
1048 
1059 
70 
1255 
562 
1162 
642 
878 
893 
1145 
380 
567 
431 
145 
514 
1233 
209 
597 
172 
503 
1111 
817 
1170 
168 
670 
747 
814 
223 
511 
1206 
908 
741 
76 
323 
630 
512 
392 
1201 
49 
583 
830 
934 
669 
59 
816 
207 
639 
588 
902 
843 
578 
1045 
426 
806 
294 
169 
260 
1000 
35 
121 
841 
1047 
402 
15 
120 
1034 
1093 
996 
250 
327 
440 
339 
935 
532 
1189 
500 
424 
970 
487 
910 
1178 
923 
353 
991 
56 
33 
759 
562 
691 
1232 
1059 
253 
795 
964 
835 
1139 
64 
278 
650 
1123 
718 
408 
789 
823 
1124 
525 
824 
1048 
897 
1255 
289 
1193 
1186 
714 
194 
522 
1247 
1046 
1148 
1222 
205 
580 
849 
185 
397 
373 
514 
1214 
375 
316 
609 
1029 
447 
429 
22 
675 
1235 
913 
322 
840 
254 
805 
928 
880 
921 
229 
337 
371 
362 
1228 
1099 
1008 
1216 
142 
184 
1174 
483 
41 
461 
66 
611 
49 
119 
731 
268 
518 
940 
753 
280 
811 
466 
87 
1144 
1252 
660 
85 
76 
1067 
302 
402 
1251 
4 
1021 
226 
23 
1139 
884 
1037 
704 
642 
323 
911 
568 
1180 
599 
1122 
932 
125 
902 
230 
510 
1258 
966 
291 
713 
1246 
595 
537 
536 
438 
480 
544 
558 
927 
1039 
665 
659 
1102 
139 
426 
328 
470 
1126 
996 
28 
730 
224 
1065 
1073 
1183 
107 
1022 
278 
1143 
800 
396 
297 
68 
797 
205 
1055 
1090 
616 
688 
1203 
1045 
1164 
397 
415 
235 
1106 
370 
1048 
550 
329 
1172 
618 
208 
207 
868 
584 
890 
301 
1089 
660 
702 
939 
1000 
832 
53 
831 
556 
823 
583 
862 
849 
128 
394 
402 
782 
1049 
389 
772 
447 
340 
789 
1201 
562 
695 
522 
500 
979 
1216 
548 
753 
243 
456 
200 
520 
948 
609 
70 
376 
395 
857 
780 
262 
511 
1043 
132 
961 
115 
492 
758 
1061 
352 
1179 
1078 
138 
93 
384 
471 
555 
986 
532 
679 
642 
147 
293 
908 
225 
1064 
1139 
757 
1082 
497 
1185 
365 
423 
487 
652 
284 
1116 
670 
137 
766 
654 
737 
1187 
88 
694 
526 
639 
232 
984 
595 
299 
1142 
20 
1124 
91 
583 
791 
111 
76 
42 
1175 
927 
343 
253 
912 
236 
463 
662 
185 
566 
449 
896 
453 
932 
1091 
834 
192 
401 
1225 
942 
125 
396 
347 
235 
930 
23 
673 
159 
1143 
731 
353 
116 
682 
1186 
402 
1048 
1167 
991 
1174 
196 
102 
1088 
415 
49 
705 
105 
421 
455 
63 
708 
1059 
1258 
318 
1102 
1148 
894 
592 
33 
134 
308 
312 
477 
544 
527 
700 
208 
564 
1172 
408 
995 
670 
827 
1058 
384 
107 
1228 
1259 
739 
1050 
245 
851 
913 
1117 
961 
25 
1111 
1135 
142 
30 
259 
342 
180 
729 
1014 
389 
351 
789 
956 
829 
880 
58 
622 
164 
323 
902 
339 
424 
684 
747 
934 
1012 
1040 
301 
60 
6 
1084 
340 
891 
416 
823 
243 
1061 
293 
1034 
514 
1174 
1092 
1261 
920 
117 
1179 
1206 
479 
447 
294 
1201 
320 
282 
122 
242 
713 
480 
1018 
95 
936 
519 
1214 
730 
1216 
297 
525 
711 
412 
32 
1065 
134 
681 
563 
576 
48 
665 
631 
785 
135 
15 
1022 
1154 
637 
1170 
376 
935 
147 
696 
877 
1187 
337 
607 
886 
136 
540 
1096 
22 
642 
522 
384 
411 
50 
446 
518 
402 
1217 
1000 
438 
367 
1135 
855 
537 
943 
1116 
609 
191 
1003 
1084 
902 
1069 
1114 
778 
1225 
264 
310 
595 
1121 
839 
679 
923 
515 
1078 
795 
843 
912 
1247 
410 
562 
964 
709 
1024 
439 
477 
121 
539 
979 
659 
558 
1102 
799 
670 
1091 
842 
739 
289 
726 
415 
1048 
828 
1189 
1143 
1258 
938 
956 
789 
604 
607 
250 
690 
710 
888 
583 
257 
1055 
1100 
348 
691 
432 
60 
1170 
517 
262 
510 
146 
1108 
713 
764 
1179 
1144 
668 
303 
1193 
1228 
971 
42 
488 
791 
461 
229 
937 
927 
818 
28 
214 
1210 
25 
223 
96 
1060 
1132 
665 
192 
933 
1148 
23 
362 
368 
76 
402 
1137 
823 
78 
1197 
817 
54 
384 
1088 
609 
862 
1008 
656 
496 
136 
283 
522 
405 
1027 
431 
1057 
567 
1130 
669 
241 
309 
19 
1036 
748 
260 
289 
291 
1003 
98 
912 
61 
259 
424 
451 
1038 
514 
312 
85 
156 
920 
515 
1225 
353 
473 
1058 
961 
758 
715 
1 
1229 
137 
861 
373 
982 
416 
789 
1206 
534 
616 
236 
323 
757 
1179 
108 
130 
511 
341 
245 
83 
214 
1176 
1049 
599 
463 
588 
1139 
553 
738 
833 
1107 
743 
973 
1091 
476 
593 
25 
578 
670 
1216 
251 
840 
297 
1215 
350 
1217 
363 
585 
922 
638 
1174 
116 
800 
813 
408 
814 
1019 
60 
281 
679 
340 
1251 
200 
1237 
320 
1143 
486 
174 
403 
209 
1207 
512 
87 
278 
347 
739 
1232 
1106 
1162 
798 
1229 
426 
1030 
1077 
415 
120 
927 
231 
371 
1198 
797 
695 
520 
930 
1242 
842 
326 
659 
1060 
1099 
1153 
948 
337 
902 
522 
686 
131 
136 
552 
532 
1208 
92 
565 
789 
351 
381 
1076 
1093 
595 
579 
935 
1120 
142 
476 
708 
1259 
1048 
785 
880 
312 
328 
392 
839 
977 
373 
847 
1044 
35 
966 
161 
1122 
402 
91 
404 
410 
1080 
1130 
1225 
54 
327 
758 
690 
602 
43 
50 
582 
235 
1201 
285 
304 
665 
642 
618 
639 
682 
1078 
207 
510 
81 
52 
583 
447 
856 
110 
655 
1091 
1134 
515 
754 
1156 
906 
1236 
356 
87 
811 
1144 
281 
1022 
366 
923 
282 
45 
133 
702 
933 
489 
681 
673 
1032 
323 
892 
607 
85 
1024 
562 
408 
550 
722 
1164 
731 
648 
412 
829 
654 
112 
578 
750 
538 
1191 
1105 
178 
459 
1179 
748 
174 
24 
440 
511 
268 
1049 
339 
891 
638 
789 
1248 
303 
488 
497 
522 
1048 
573 
88 
310 
902 
206 
935 
940 
1070 
425 
1249 
257 
589 
834 
1258 
872 
49 
42 
255 
402 
1216 
253 
1087 
191 
670 
1122 
1225 
411 
362 
1124 
1233 
1076 
260 
259 
1081 
289 
677 
788 
819 
179 
905 
1206 
1174 
75 
15 
291 
94 
323 
92 
684 
823 
284 
525 
1063 
942 
134 
251 
1132 
961 
653 
1090 
1183 
371 
618 
1144 
83 
207 
843 
485 
656 
771 
695 
234 
18 
510 
1009 
1222 
419 
88 
1228 
24 
603 
480 
546 
758 
1062 
389 
1116 
567 
1048 
373 
1143 
1044 
902 
516 
955 
1030 
416 
1061 
1227 
1084 
1178 
1179 
60 
659 
1229 
262 
28 
435 
1259 
233 
168 
932 
332 
341 
671 
1120 
1247 
140 
789 
522 
826 
833 
76 
220 
609 
536 
483 
401 
266 
647 
276 
353 
717 
639 
1065 
1258 
739 
894 
402 
423 
310 
500 
1130 
191 
1165 
896 
1170 
241 
1075 
163 
185 
695 
1176 
1194 
246 
432 
43 
532 
702 
112 
1088 
668 
908 
1003 
624 
87 
1043 
629 
646 
892 
369 
260 
1106 
583 
829 
1252 
3 
1060 
1222 
539 
731 
806 
778 
652 
642 
670 
103 
115 
482 
1179 
522 
1162 
1189 
492 
525 
552 
406 
32 
948 
795 
225 
263 
18 
108 
518 
426 
151 
278 
207 
381 
399 
684 
224 
921 
147 
273 
339 
378 
947 
161 
681 
146 
200 
255 
86 
678 
373 
752 
514 
1171 
295 
783 
323 
183 
459 
1077 
1196 
1143 
665 
1225 
917 
186 
987 
839 
189 
1048 
361 
473 
1010 
1024 
531 
13 
434 
608 
654 
671 
1227 
340 
1187 
1247 
50 
567 
137 
369 
747 
366 
1129 
939 
603 
932 
1069 
902 
1157 
120 
487 
439 
1087 
177 
732 
1249 
615 
192 
297 
76 
138 
1122 
739 
817 
105 
685 
310 
528 
861 
696 
923 
14 
1101 
1080 
1124 
1121 
823 
354 
522 
159 
1255 
525 
695 
312 
1172 
1253 
29 
38 
1044 
972 
647 
789 
321 
396 
113 
431 
518 
1206 
964 
1051 
746 
423 
87 
510 
731 
32 
410 
268 
691 
989 
1091 
347 
670 
916 
802 
544 
703 
1037 
276 
1008 
209 
1055 
49 
194 
146 
115 
515 
385 
366 
706 
1068 
179 
415 
907 
595 
88 
621 
1143 
679 
1099 
618 
538 
562 
1180 
656 
426 
862 
28 
479 
213 
610 
879 
416 
791 
847 
195 
906 
1096 
1200 
927 
1225 
874 
129 
904 
54 
1094 
245 
639 
1144 
921 
1165 
956 
1003 
273 
421 
1146 
232 
1071 
1169 
766 
1259 
516 
48 
567 
163 
235 
972 
288 
472 
164 
935 
797 
134 
998 
856 
147 
262 
647 
1153 
35 
823 
143 
1228 
1038 
185 
863 
789 
25 
578 
912 
1233 
201 
884 
317 
339 
540 
718 
223 
1222 
356 
142 
959 
425 
739 
1045 
1112 
310 
1103 
256 
913 
131 
102 
835 
1087 
556 
757 
817 
473 
24 
1255 
727 
371 
1061 
1018 
286 
558 
318 
1060 
519 
34 
70 
695 
799 
98 
488 
1102 
328 
699 
402 
905 
366 
361 
650 
756 
720 
832 
323 
60 
810 
1120 
1126 
467 
515 
353 
183 
291 
1044 
511 
778 
1048 
688 
512 
208 
961 
934 
1033 
593 
735 
1143 
1185 
671 
759 
1210 
225 
63 
1229 
1136 
35 
312 
554 
1037 
909 
990 
935 
287 
1206 
397 
878 
1084 
1189 
948 
607 
324 
579 
1124 
615 
424 
1003 
1091 
791 
264 
278 
902 
1201 
619 
702 
369 
604 
656 
148 
500 
995 
275 
1049 
201 
856 
834 
76 
1118 
262 
73 
1178 
410 
1108 
182 
323 
389 
595 
252 
65 
254 
714 
1145 
835 
965 
670 
1134 
411 
839 
60 
660 
354 
64 
138 
263 
583 
896 
1226 
310 
229 
407 
454 
1107 
209 
366 
401 
276 
1144 
402 
938 
1059 
15 
792 
841 
1014 
699 
992 
1248 
1258 
642 
823 
669 
603 
568 
207 
690 
647 
192 
892 
654 
789 
904 
169 
164 
243 
510 
652 
487 
751 
1234 
1233 
795 
24 
480 
331 
165 
353 
355 
54 
98 
1179 
259 
412 
883 
937 
1007 
384 
516 
599 
115 
942 
373 
876 
1116 
86 
536 
101 
1228 
248 
967 
179 
640 
1185 
1049 
92 
1068 
1143 
145 
695 
643 
740 
1229 
1081 
140 
316 
683 
605 
1123 
1036 
1061 
1197 
670 
1139 
659 
1034 
1137 
745 
832 
134 
501 
186 
804 
139 
656 
512 
207 
247 
845 
515 
263 
686 
936 
461 
849 
287 
197 
996 
1225 
1059 
679 
106 
1247 
578 
843 
567 
1161 
684 
366 
767 
428 
838 
612 
532 
146 
964 
696 
800 
609 
657 
262 
960 
1138 
590 
842 
5 
823 
1003 
245 
1258 
463 
757 
241 
806 
1045 
961 
870 
489 
303 
682 
551 
588 
514 
339 
811 
1032 
297 
652 
797 
681 
289 
291 
6 
148 
695 
209 
994 
340 
862 
856 
668 
321 
791 
802 
607 
549 
1143 
713 
257 
586 
1024 
1228 
323 
778 
677 
64 
293 
42 
670 
923 
638 
615 
903 
78 
380 
1048 
412 
34 
987 
318 
789 
662 
1124 
821 
1011 
159 
937 
803 
414 
471 
984 
333 
312 
329 
1013 
939 
691 
298 
447 
795 
375 
1240 
537 
398 
59 
1044 
1076 
307 
259 
1068 
200 
58 
805 
935 
1047 
759 
1061 
827 
639 
932 
139 
472 
700 
183 
299 
1204 
851 
1151 
852 
96 
938 
1145 
87 
1134 
578 
1258 
130 
254 
672 
32 
944 
642 
473 
207 
654 
966 
1232 
1035 
76 
927 
930 
550 
936 
583 
621 
14 
758 
842 
438 
1032 
902 
981 
348 
823 
1247 
1194 
614 
346 
480 
172 
268 
383 
380 
747 
459 
33 
245 
1126 
518 
684 
709 
656 
1180 
1226 
921 
176 
665 
297 
906 
15 
825 
714 
251 
824 
303 
670 
1198 
569 
868 
890 
853 
194 
214 
146 
1124 
322 
947 
1231 
366 
778 
1011 
1142 
49 
1200 
487 
415 
1003 
145 
278 
924 
276 
789 
184 
262 
266 
402 
1051 
834 
845 
1135 
1048 
466 
686 
618 
934 
1139 
446 
98 
209 
764 
200 
29 
447 
1056 
1155 
758 
956 
612 
568 
1075 
1067 
177 
1210 
1111 
690 
528 
465 
1225 
1037 
1132 
341 
148 
833 
1186 
241 
1122 
403 
1150 
937 
804 
760 
1047 
405 
522 
48 
392 
321 
1185 
363 
490 
790 
1044 
212 
1061 
204 
494 
459 
1144 
700 
428 
935 
1068 
63 
240 
1065 
235 
340 
171 
584 
778 
510 
977 
532 
1183 
329 
78 
789 
1084 
520 
397 
1246 
512 
562 
287 
1148 
598 
797 
1055 
480 
588 
13 
1003 
1078 
1253 
351 
1116 
156 
373 
1258 
25 
813 
425 
281 
773 
195 
284 
414 
795 
282 
882 
763 
322 
638 
1157 
32 
1143 
1194 
619 
509 
556 
1059 
936 
498 
758 
4 
262 
229 
1066 
421 
46 
447 
961 
488 
1180 
366 
461 
927 
91 
567 
685 
955 
684 
308 
843 
781 
639 
483 
456 
585 
1048 
259 
442 
905 
1037 
1020 
1222 
1217 
908 
60 
948 
1034 
24 
496 
1210 
777 
558 
1234 
317 
1044 
921 
1106 
1000 
254 
1084 
583 
823 
333 
381 
136 
799 
191 
223 
176 
714 
964 
1228 
522 
550 
835 
840 
789 
1046 
896 
94 
151 
480 
1247 
918 
453 
87 
410 
1250 
501 
33 
842 
1233 
805 
303 
670 
1170 
154 
1225 
120 
408 
284 
519 
944 
185 
987 
34 
1181 
532 
515 
806 
539 
763 
897 
389 
1024 
291 
61 
137 
278 
164 
310 
781 
646 
456 
145 
281 
913 
1059 
1134 
429 
615 
131 
95 
258 
1095 
739 
98 
403 
1091 
1048 
1075 
242 
757 
1189 
1089 
1229 
347 
823 
902 
816 
680 
695 
113 
243 
1161 
966 
964 
665 
301 
690 
482 
88 
511 
979 
208 
323 
718 
1070 
856 
309 
76 
225 
518 
525 
452 
937 
327 
1148 
935 
392 
478 
1228 
59 
93 
1022 
821 
1121 
324 
791 
991 
1032 
402 
41 
583 
805 
880 
1077 
376 
923 
568 
758 
995 
909 
567 
833 
373 
1060 
412 
1181 
217 
789 
522 
1217 
306 
45 
1174 
496 
42 
332 
802 
842 
584 
917 
1124 
662 
865 
604 
817 
1221 
702 
1156 
532 
519 
814 
1050 
342 
601 
192 
1044 
371 
5 
254 
425 
902 
960 
932 
566 
645 
1108 
904 
231 
87 
280 
861 
1225 
843 
795 
731 
1171 
75 
310 
835 
783 
1076 
147 
1215 
1197 
440 
139 
585 
670 
89 
40 
209 
924 
838 
32 
186 
639 
811 
1146 
132 
794 
229 
268 
714 
839 
25 
934 
110 
1055 
1202 
550 
1240 
536 
487 
1068 
754 
189 
515 
690 
1075 
757 
1247 
954 
758 
1070 
402 
233 
668 
940 
1087 
1222 
76 
1084 
677 
206 
862 
1233 
457 
870 
1157 
253 
701 
361 
455 
728 
241 
463 
501 
1167 
351 
640 
745 
124 
476 
802 
366 
1089 
647 
816 
911 
143 
780 
264 
480 
1171 
691 
937 
775 
831 
804 
397 
583 
670 
823 
532 
1022 
48 
684 
1143 
1048 
339 
588 
923 
739 
695 
47 
522 
1036 
1130 
369 
642 
978 
908 
616 
673 
490 
1128 
871 
729 
287 
1219 
574 
576 
35 
661 
738 
688 
746 
373 
1235 
68 
411 
511 
348 
512 
597 
690 
251 
1037 
992 
340 
263 
322 
789 
442 
621 
440 
514 
917 
134 
94 
380 
426 
1162 
78 
32 
1032 
496 
1258 
1183 
1234 
1197 
347 
1246 
422 
209 
567 
614 
880 
1156 
902 
377 
945 
876 
172 
245 
140 
851 
918 
498 
236 
428 
114 
813 
1100 
961 
308 
1063 
46 
213 
510 
1215 
1012 
1174 
1242 
1055 
54 
1153 
88 
1217 
18 
146 
554 
399 
833 
1229 
373 
1243 
1255 
1106 
955 
456 
811 
670 
505 
337 
1048 
260 
823 
394 
86 
314 
318 
340 
229 
159 
680 
775 
677 
107 
665 
238 
753 
717 
743 
92 
1201 
79 
834 
537 
917 
924 
578 
1044 
1068 
525 
1161 
1228 
522 
1114 
1179 
178 
412 
1073 
480 
695 
949 
380 
912 
550 
1206 
647 
1139 
956 
1112 
700 
1020 
1034 
539 
91 
463 
934 
1060 
372 
384 
55 
902 
921 
588 
295 
1189 
297 
1170 
789 
1008 
686 
838 
842 
1142 
1235 
937 
735 
402 
262 
137 
408 
265 
78 
1048 
538 
1216 
896 
397 
403 
447 
1032 
366 
1222 
731 
763 
940 
939 
1117 
935 
510 
638 
835 
101 
1191 
856 
943 
932 
607 
133 
745 
800 
1041 
33 
562 
361 
346 
1194 
732 
139 
740 
709 
373 
130 
1043 
1061 
685 
1180 
772 
371 
1010 
60 
776 
147 
63 
496 
1078 
145 
827 
438 
1102 
813 
646 
928 
823 
327 
1233 
483 
652 
1227 
1106 
302 
233 
904 
964 
1200 
263 
1124 
797 
1047 
681 
795 
1157 
811 
356 
718 
77 
353 
248 
24 
584 
656 
294 
1104 
670 
1229 
933 
174 
567 
937 
1222 
5 
528 
1224 
140 
93 
125 
753 
1210 
684 
1139 
603 
106 
373 
395 
310 
415 
461 
1253 
671 
1019 
384 
463 
522 
639 
378 
1189 
369 
1195 
845 
35 
189 
615 
295 
262 
208 
347 
323 
1143 
168 
289 
1258 
1261 
122 
332 
979 
914 
1095 
646 
1216 
595 
1029 
1112 
998 
435 
758 
137 
731 
789 
448 
1061 
1069 
362 
982 
422 
1127 
1225 
1012 
702 
37 
13 
1063 
576 
1116 
1179 
32 
350 
823 
1077 
1250 
861 
1209 
902 
308 
245 
670 
404 
278 
650 
1228 
1101 
1247 
672 
1194 
60 
596 
42 
1170 
852 
735 
618 
908 
935 
96 
884 
781 
1091 
324 
78 
447 
940 
431 
892 
856 
656 
528 
1019 
694 
619 
1106 
363 
912 
1174 
299 
579 
298 
593 
1048 
415 
190 
638 
82 
108 
1172 
120 
563 
615 
835 
480 
779 
1081 
603 
927 
851 
518 
1225 
885 
1189 
487 
70 
731 
323 
332 
1022 
628 
476 
209 
522 
63 
821 
516 
662 
22 
297 
904 
35 
789 
281 
797 
384 
410 
221 
773 
232 
840 
920 
459 
445 
743 
1130 
550 
492 
1144 
946 
1073 
668 
583 
537 
686 
647 
659 
1037 
371 
517 
871 
577 
656 
1043 
13 
191 
1056 
1242 
763 
138 
578 
428 
434 
1114 
767 
758 
394 
416 
874 
1143 
134 
1167 
33 
1139 
837 
1207 
670 
551 
317 
402 
254 
562 
161 
1000 
480 
642 
88 
439 
1146 
696 
533 
933 
814 
101 
679 
392 
208 
1068 
35 
979 
965 
735 
1033 
836 
235 
599 
798 
248 
1253 
645 
302 
1048 
1216 
143 
1090 
823 
649 
619 
615 
538 
760 
327 
112 
1124 
332 
738 
278 
279 
384 
289 
1063 
568 
638 
523 
783 
1123 
209 
794 
206 
1174 
690 
535 
1261 
1130 
410 
791 
1041 
120 
241 
519 
510 
82 
610 
184 
531 
129 
1247 
341 
1008 
647 
1044 
1108 
852 
339 
525 
407 
102 
324 
273 
328 
785 
912 
1135 
1032 
323 
840 
368 
95 
291 
684 
243 
564 
915 
1154 
399 
1106 
635 
1156 
892 
748 
659 
356 
170 
1118 
1132 
121 
354 
476 
191 
89 
745 
76 
1225 
514 
861 
630 
668 
898 
902 
1102 
1258 
532 
1081 
797 
402 
674 
389 
827 
795 
879 
35 
1120 
81 
52 
1003 
714 
297 
856 
1242 
447 
906 
403 
690 
28 
384 
143 
68 
22 
823 
1179 
215 
842 
702 
806 
731 
836 
527 
556 
834 
176 
1201 
1076 
772 
739 
615 
987 
528 
46 
1150 
1235 
537 
927 
328 
132 
63 
691 
117 
1037 
940 
675 
1153 
1174 
1070 
567 
911 
134 
318 
964 
757 
256 
1247 
908 
147 
700 
184 
902 
652 
327 
98 
207 
1178 
399 
347 
459 
87 
245 
1176 
366 
942 
138 
636 
209 
88 
1044 
373 
277 
261 
491 
241 
653 
928 
738 
1210 
518 
480 
598 
856 
483 
877 
81 
904 
161 
405 
1259 
839 
805 
679 
673 
656 
639 
397 
1048 
246 
146 
384 
356 
758 
110 
1179 
189 
1031 
257 
225 
1157 
823 
404 
1109 
1121 
615 
310 
797 
1139 
500 
718 
603 
715 
735 
1035 
1258 
956 
601 
670 
977 
588 
1020 
1100 
789 
1008 
832 
76 
410 
537 
1246 
671 
1009 
1222 
1248 
709 
998 
638 
115 
348 
1114 
677 
1025 
726 
139 
456 
1075 
1045 
1047 
373 
1077 
562 
1061 
902 
1143 
1201 
95 
876 
1145 
937 
1034 
4 
210 
681 
1056 
302 
402 
757 
183 
1132 
125 
851 
695 
932 
522 
134 
407 
853 
610 
87 
1233 
323 
583 
23 
652 
844 
519 
1158 
1162 
466 
944 
1144 
945 
201 
567 
235 
935 
865 
1011 
835 
318 
384 
686 
43 
940 
303 
918 
304 
60 
912 
800 
1146 
896 
763 
192 
176 
13 
542 
1105 
436 
1216 
684 
186 
5 
375 
1070 
57 
737 
1124 
351 
636 
575 
550 
642 
860 
725 
789 
773 
1187 
1258 
585 
668 
1172 
995 
455 
74 
389 
250 
578 
1081 
957 
902 
927 
937 
964 
1049 
484 
759 
613 
276 
1247 
475 
758 
1137 
771 
1060 
682 
845 
1171 
352 
616 
906 
330 
1229 
604 
48 
183 
903 
731 
123 
522 
532 
746 
1061 
644 
511 
1032 
643 
783 
1180 
321 
1165 
480 
523 
991 
852 
932 
513 
254 
410 
106 
645 
961 
81 
145 
197 
102 
904 
856 
563 
851 
201 
525 
1136 
956 
397 
1044 
815 
47 
678 
141 
1261 
408 
965 
834 
986 
855 
890 
130 
564 
614 
439 
681 
1242 
112 
1065 
789 
58 
323 
686 
625 
823 
1043 
583 
562 
700 
263 
878 
791 
943 
350 
275 
798 
1153 
59 
921 
694 
208 
642 
1008 
594 
698 
670 
671 
1088 
138 
1143 
524 
1091 
1048 
339 
647 
35 
402 
690 
1240 
773 
1170 
538 
814 
584 
731 
802 
241 
209 
714 
36 
979 
1073 
745 
1013 
98 
739 
103 
1214 
639 
1068 
392 
310 
618 
940 
1144 
927 
795 
938 
869 
886 
598 
42 
1239 
286 
1225 
304 
366 
1029 
1016 
134 
766 
1000 
390 
1124 
908 
987 
290 
431 
1167 
1082 
1174 
917 
86 
480 
665 
1076 
1004 
293 
1201 
579 
915 
567 
268 
329 
1251 
1172 
415 
750 
936 
1259 
1103 
839 
535 
1075 
527 
601 
1179 
1183 
1248 
935 
1247 
259 
1094 
628 
422 
371 
384 
266 
1055 
1235 
588 
206 
687 
522 
884 
1056 
892 
1122 
1048 
985 
327 
759 
749 
254 
63 
1036 
104 
1258 
88 
1228 
615 
1108 
1139 
888 
1070 
578 
348 
788 
902 
925 
207 
974 
758 
235 
599 
745 
845 
1146 
1053 
467 
684 
1222 
1232 
1009 
789 
677 
47 
412 
1130 
309 
375 
477 
995 
854 
53 
765 
82 
1170 
647 
174 
686 
201 
1147 
797 
297 
142 
480 
739 
937 
1233 
98 
91 
668 
1215 
730 
178 
1217 
992 
1106 
580 
1176 
1044 
1117 
1038 
397 
487 
450 
372 
906 
489 
1061 
260 
1008 
116 
833 
415 
562 
670 
519 
379 
525 
28 
447 
183 
832 
927 
373 
283 
1179 
310 
323 
716 
43 
278 
567 
96 
510 
25 
835 
473 
332 
608 
921 
654 
515 
688 
785 
186 
338 
856 
1109 
954 
135 
528 
467 
209 
680 
307 
353 
402 
578 
299 
194 
63 
281 
521 
807 
423 
92 
32 
802 
681 
905 
337 
1097 
642 
362 
695 
840 
800 
231 
342 
164 
1172 
496 
223 
502 
479 
1025 
1259 
537 
682 
47 
146 
1087 
823 
415 
1217 
846 
23 
991 
141 
259 
937 
178 
797 
1234 
1069 
878 
1084 
82 
512 
938 
394 
312 
729 
961 
778 
833 
488 
438 
813 
278 
1124 
951 
201 
185 
842 
254 
1024 
684 
256 
920 
208 
713 
638 
1091 
967 
679 
1123 
1158 
1203 
1258 
747 
525 
304 
931 
54 
52 
56 
55 
777 
1048 
297 
339 
551 
662 
1139 
1170 
1176 
1034 
113 
198 
204 
1226 
861 
609 
1000 
1132 
88 
520 
414 
888 
984 
1239 
464 
1114 
839 
681 
680 
507 
566 
810 
1037 
1222 
902 
910 
176 
1159 
1109 
935 
1136 
536 
248 
840 
879 
696 
269 
129 
514 
522 
709 
937 
1032 
785 
1130 
1151 
1261 
646 
140 
207 
529 
537 
1107 
649 
731 
134 
307 
354 
519 
934 
502 
593 
1144 
366 
310 
803 
567 
954 
262 
323 
687 
402 
78 
851 
936 
814 
985 
744 
1039 
659 
1179 
404 
877 
151 
823 
912 
673 
361 
164 
598 
83 
1201 
795 
132 
580 
515 
255 
1185 
779 
229 
183 
245 
81 
439 
373 
781 
569 
639 
714 
1229 
191 
759 
1228 
131 
42 
1022 
4 
533 
1135 
911 
642 
886 
778 
1044 
1010 
979 
200 
797 
189 
15 
562 
864 
327 
890 
414 
99 
504 
1124 
76 
835 
1066 
783 
679 
223 
727 
1098 
340 
972 
410 
254 
401 
758 
1187 
147 
259 
262 
775 
297 
385 
518 
595 
32 
845 
248 
685 
1170 
91 
668 
615 
86 
463 
209 
1043 
1154 
145 
280 
137 
75 
1165 
522 
1216 
163 
1183 
1048 
246 
366 
709 
777 
329 
789 
584 
1180 
1103 
88 
923 
361 
1033 
515 
942 
552 
1047 
45 
1139 
384 
842 
1000 
78 
896 
677 
826 
112 
616 
1142 
129 
447 
392 
663 
323 
763 
624 
60 
369 
931 
484 
928 
823 
101 
927 
263 
339 
177 
70 
532 
1090 
703 
73 
1130 
638 
1225 
771 
902 
1258 
1111 
424 
23 
924 
488 
936 
362 
917 
593 
747 
264 
322 
260 
570 
748 
940 
155 
956 
1124 
402 
932 
394 
672 
278 
849 
622 
286 
525 
254 
528 
585 
128 
432 
656 
1233 
326 
807 
438 
507 
442 
1229 
107 
1174 
518 
201 
803 
50 
813 
1066 
609 
667 
1173 
1043 
410 
1180 
310 
1091 
437 
789 
487 
1157 
912 
902 
1259 
268 
701 
639 
670 
1244 
1235 
566 
1258 
88 
403 
185 
827 
935 
209 
964 
466 
961 
1189 
123 
927 
68 
407 
13 
207 
966 
834 
619 
766 
231 
421 
1216 
954 
580 
1228 
1178 
323 
712 
745 
78 
196 
517 
1247 
797 
987 
795 
522 
675 
480 
704 
412 
399 
747 
1024 
1255 
101 
1261 
653 
234 
146 
521 
753 
377 
729 
297 
642 
138 
113 
1084 
384 
511 
354 
514 
677 
303 
532 
1123 
1161 
129 
1210 
430 
1187 
192 
823 
671 
1107 
200 
686 
616 
310 
470 
578 
995 
1215 
1185 
87 
798 
1000 
533 
233 
660 
204 
1022 
639 
731 
402 
145 
278 
652 
1180 
856 
779 
489 
413 
400 
752 
308 
323 
550 
208 
76 
148 
568 
935 
1258 
970 
340 
1073 
279 
134 
510 
1170 
1056 
567 
1247 
607 
452 
843 
1076 
163 
825 
1048 
438 
892 
823 
332 
516 
1090 
273 
461 
904 
1225 
914 
609 
476 
1222 
688 
647 
805 
585 
932 
642 
525 
679 
862 
650 
1094 
346 
23 
696 
1124 
35 
690 
1172 
979 
619 
1228 
376 
69 
781 
190 
1100 
1158 
442 
936 
725 
268 
259 
844 
687 
1055 
78 
1144 
593 
1060 
684 
1233 
972 
1121 
500 
1204 
1091 
1191 
532 
791 
977 
1045 
1174 
699 
371 
455 
1143 
184 
667 
34 
621 
984 
852 
981 
235 
340 
749 
361 
674 
339 
111 
1038 
1179 
522 
50 
564 
1197 
527 
93 
832 
849 
426 
880 
4 
789 
578 
369 
1044 
3 
155 
987 
483 
278 
609 
15 
1048 
842 
225 
84 
927 
730 
411 
1081 
128 
1232 
299 
970 
402 
373 
412 
567 
1258 
947 
747 
354 
1114 
702 
328 
595 
810 
1229 
776 
912 
856 
71 
77 
934 
675 
695 
1169 
1014 
383 
439 
511 
1139 
519 
208 
823 
669 
731 
112 
937 
326 
642 
735 
794 
1122 
380 
1073 
83 
670 
228 
410 
1167 
262 
254 
297 
647 
289 
1089 
1185 
1186 
384 
603 
1158 
938 
394 
183 
515 
1228 
1193 
665 
845 
309 
789 
140 
241 
327 
347 
961 
130 
531 
800 
395 
1134 
487 
1247 
199 
424 
245 
795 
960 
738 
740 
1045 
902 
207 
1143 
832 
840 
999 
917 
1032 
621 
885 
76 
113 
639 
268 
685 
209 
402 
231 
940 
316 
609 
1034 
518 
1164 
537 
694 
163 
557 
1048 
1144 
172 
366 
142 
909 
684 
578 
42 
323 
1233 
102 
146 
1141 
308 
932 
982 
1114 
483 
438 
964 
1090 
992 
397 
182 
799 
1012 
939 
522 
704 
264 
447 
958 
1061 
674 
1017 
373 
353 
91 
1124 
605 
806 
1258 
910 
670 
1060 
439 
774 
1132 
789 
429 
241 
98 
105 
746 
74 
370 
912 
1175 
201 
299 
178 
757 
476 
294 
60 
687 
70 
937 
1231 
745 
813 
363 
598 
580 
926 
480 
1194 
1257 
525 
532 
1054 
1158 
1221 
528 
414 
221 
1106 
1214 
1093 
229 
961 
934 
1130 
852 
368 
711 
986 
1201 
795 
235 
482 
654 
892 
130 
332 
645 
157 
262 
341 
665 
840 
767 
918 
593 
324 
134 
303 
604 
832 
1041 
273 
1172 
477 
1136 
209 
142 
123 
344 
1222 
122 
991 
517 
82 
835 
758 
1167 
48 
1100 
412 
145 
1185 
161 
1120 
642 
339 
119 
14 
147 
1121 
862 
956 
502 
667 
1191 
1032 
488 
428 
52 
1112 
484 
907 
1159 
1104 
516 
612 
562 
747 
514 
602 
50 
366 
823 
842 
310 
1036 
323 
789 
567 
1174 
653 
146 
714 
878 
927 
65 
1055 
1033 
464 
708 
1056 
259 
690 
798 
750 
245 
1061 
1186 
1183 
795 
537 
563 
1139 
1247 
235 
1123 
308 
588 
628 
948 
129 
1021 
568 
570 
350 
1255 
199 
88 
695 
648 
1076 
687 
348 
578 
4 
920 
1190 
515 
828 
934 
1000 
58 
977 
47 
174 
278 
201 
208 
444 
1066 
576 
1017 
224 
318 
78 
749 
410 
1111 
168 
696 
813 
518 
134 
421 
192 
1164 
1014 
522 
345 
771 
567 
923 
48 
141 
281 
1073 
254 
884 
449 
159 
834 
1144 
1229 
609 
747 
405 
39 
41 
52 
937 
652 
391 
551 
499 
802 
207 
670 
746 
597 
1134 
758 
407 
1198 
423 
753 
138 
1124 
593 
1247 
431 
23 
373 
42 
1145 
1099 
704 
303 
1 
516 
659 
965 
1225 
402 
508 
910 
606 
823 
931 
1143 
463 
337 
154 
877 
195 
514 
61 
851 
840 
731 
948 
99 
366 
459 
376 
482 
964 
668 
857 
1257 
1139 
658 
432 
817 
643 
245 
1189 
839 
1117 
564 
1259 
842 
691 
619 
143 
749 
347 
1074 
201 
118 
810 
1172 
356 
1084 
488 
552 
1106 
517 
35 
568 
102 
827 
117 
278 
171 
642 
124 
260 
662 
789 
917 
410 
574 
896 
151 
974 
732 
327 
394 
1060 
1227 
856 
87 
373 
445 
308 
1184 
28 
902 
416 
470 
48 
558 
1135 
323 
256 
187 
134 
1059 
519 
981 
686 
186 
309 
1222 
785 
525 
1119 
285 
609 
142 
402 
806 
473 
163 
1048 
1229 
78 
139 
20 
1065 
912 
145 
758 
224 
979 
690 
895 
578 
927 
684 
353 
465 
817 
855 
1174 
310 
298 
1056 
745 
332 
739 
181 
570 
668 
1124 
554 
339 
366 
838 
1179 
207 
1068 
598 
1044 
213 
1248 
580 
318 
88 
387 
604 
381 
426 
897 
937 
512 
221 
896 
415 
1073 
191 
1081 
823 
498 
1096 
783 
483 
1193 
243 
340 
789 
323 
247 
276 
1018 
440 
595 
373 
398 
1258 
1222 
385 
436 
1088 
522 
435 
76 
1112 
59 
942 
656 
1228 
1012 
87 
1033 
670 
74 
208 
397 
1021 
832 
699 
424 
912 
450 
974 
1170 
130 
527 
714 
371 
1060 
108 
934 
151 
75 
720 
588 
1189 
35 
434 
535 
683 
987 
917 
1167 
414 
1102 
840 
1180 
517 
83 
123 
807 
324 
617 
432 
410 
1115 
164 
603 
482 
308 
1032 
932 
943 
137 
278 
802 
1143 
1111 
131 
639 
1003 
163 
510 
566 
621 
461 
1179 
1000 
688 
936 
961 
567 
525 
898 
285 
668 
843 
299 
1226 
117 
1139 
1010 
605 
405 
480 
960 
690 
487 
427 
601 
695 
232 
541 
1261 
698 
107 
332 
774 
948 
1144 
215 
60 
1108 
207 
157 
981 
340 
665 
797 
80 
113 
814 
269 
542 
834 
532 
1086 
1150 
456 
654 
1045 
1171 
88 
890 
821 
842 
1187 
1250 
847 
241 
145 
674 
1194 
1215 
451 
351 
354 
140 
141 
183 
136 
984 
1157 
986 
1090 
510 
1258 
789 
274 
1214 
908 
1009 
324 
209 
523 
254 
840 
259 
483 
1106 
1229 
1061 
1148 
795 
670 
371 
823 
1145 
578 
615 
1178 
1124 
1233 
879 
199 
1044 
999 
839 
588 
40 
65 
414 
369 
536 
1102 
307 
381 
811 
1114 
912 
396 
58 
522 
837 
78 
1091 
308 
877 
940 
562 
916 
412 
517 
280 
931 
1059 
906 
991 
702 
585 
223 
499 
310 
927 
1074 
278 
373 
121 
937 
220 
857 
263 
1247 
902 
515 
1034 
42 
9 
246 
432 
1065 
446 
1222 
646 
560 
1176 
851 
583 
1112 
235 
1193 
601 
81 
750 
410 
781 
694 
48 
397 
466 
853 
603 
404 
1105 
679 
139 
279 
450 
485 
112 
732 
309 
1081 
425 
372 
842 
1048 
61 
938 
696 
1056 
552 
399 
60 
578 
421 
1000 
823 
211 
146 
1155 
256 
713 
1118 
512 
428 
1036 
15 
700 
1046 
595 
656 
228 
1130 
964 
488 
208 
730 
489 
33 
683 
1040 
1043 
537 
496 
695 
1156 
1169 
142 
598 
327 
579 
356 
68 
138 
287 
317 
159 
956 
940 
297 
384 
528 
551 
303 
323 
913 
302 
588 
1099 
861 
745 
1158 
902 
1259 
116 
896 
865 
281 
912 
1112 
176 
286 
856 
910 
402 
466 
191 
45 
183 
739 
783 
981 
509 
788 
737 
1174 
460 
1045 
814 
684 
803 
1215 
607 
401 
613 
731 
1248 
415 
789 
736 
580 
823 
705 
50 
22 
103 
879 
241 
511 
1207 
847 
1247 
1061 
1073 
923 
1250 
141 
1091 
306 
307 
1237 
371 
88 
747 
1070 
805 
1081 
1149 
86 
1213 
501 
1106 
1044 
459 
297 
76 
843 
982 
245 
205 
1233 
448 
1089 
340 
755 
87 
275 
130 
1049 
955 
272 
483 
1157 
112 
351 
380 
979 
1014 
719 
1058 
569 
1084 
670 
928 
791 
159 
690 
1144 
991 
700 
839 
1124 
1228 
35 
410 
855 
1123 
611 
956 
554 
449 
964 
1234 
442 
268 
726 
429 
19 
1189 
137 
823 
643 
1000 
1201 
538 
695 
243 
593 
684 
578 
264 
54 
525 
934 
1051 
566 
876 
29 
209 
1178 
396 
1177 
298 
1010 
140 
1047 
1146 
129 
254 
512 
1212 
558 
797 
562 
892 
902 
1122 
373 
843 
522 
752 
787 
948 
185 
827 
1174 
291 
77 
78 
205 
256 
509 
172 
642 
765 
148 
789 
1133 
853 
289 
710 
310 
439 
60 
778 
1045 
1258 
1048 
551 
1075 
82 
1143 
758 
670 
88 
1179 
283 
402 
1037 
1225 
542 
64 
603 
366 
476 
1121 
502 
821 
159 
132 
1233 
927 
362 
1084 
108 
609 
810 
86 
1112 
912 
1247 
5 
908 
683 
722 
35 
410 
1094 
696 
990 
790 
1106 
560 
332 
1032 
207 
970 
1081 
91 
662 
849 
459 
353 
1153 
550 
605 
308 
583 
1046 
536 
501 
134 
1158 
201 
121 
352 
566 
1014 
940 
146 
961 
302 
251 
431 
578 
1067 
1210 
1037 
639 
371 
229 
789 
1258 
189 
781 
935 
309 
147 
310 
48 
917 
103 
936 
1022 
800 
1078 
937 
421 
438 
826 
964 
312 
24 
967 
1144 
1048 
629 
1179 
802 
440 
1117 
999 
668 
838 
60 
851 
1040 
32 
660 
852 
752 
1213 
1000 
473 
665 
643 
333 
747 
773 
15 
1044 
256 
777 
823 
923 
477 
674 
1059 
1215 
235 
442 
1080 
318 
656 
42 
208 
738 
209 
525 
992 
480 
567 
857 
583 
980 
410 
827 
281 
381 
909 
1012 
730 
289 
1170 
192 
291 
986 
268 
176 
1033 
593 
47 
908 
735 
1091 
1183 
229 
276 
902 
904 
834 
1010 
1232 
470 
33 
373 
341 
298 
749 
330 
1073 
466 
54 
554 
76 
201 
690 
277 
1011 
131 
87 
351 
35 
753 
323 
1229 
185 
586 
287 
937 
503 
647 
339 
1048 
476 
183 
629 
223 
935 
921 
376 
163 
778 
308 
966 
699 
686 
797 
564 
224 
1135 
1258 
433 
206 
371 
310 
851 
15 
578 
161 
186 
563 
752 
452 
489 
500 
577 
1242 
1014 
393 
208 
1206 
945 
758 
1067 
426 
410 
264 
1251 
492 
646 
1017 
642 
528 
1261 
91 
515 
954 
593 
369 
1227 
309 
590 
928 
654 
1070 
562 
384 
141 
284 
1174 
1101 
133 
1003 
69 
917 
341 
802 
298 
447 
512 
552 
652 
823 
1157 
402 
4 
135 
412 
719 
1012 
1044 
1107 
538 
966 
789 
1102 
1139 
487 
522 
1225 
363 
1122 
665 
761 
759 
1144 
2 
381 
232 
805 
890 
228 
376 
748 
937 
194 
670 
615 
1048 
156 
647 
1130 
1179 
184 
394 
1219 
480 
168 
221 
1229 
209 
32 
1043 
690 
926 
1143 
183 
154 
702 
912 
318 
607 
102 
174 
208 
671 
339 
1253 
76 
29 
310 
70 
189 
42 
942 
1228 
306 
738 
902 
1209 
303 
353 
1022 
125 
1116 
1210 
177 
753 
308 
147 
1180 
424 
639 
88 
201 
695 
401 
450 
143 
470 
795 
935 
463 
1247 
482 
598 
910 
1149 
1156 
1 
323 
1249 
383 
923 
584 
389 
399 
1172 
402 
405 
498 
673 
518 
794 
373 
47 
679 
538 
1044 
39 
583 
617 
778 
1242 
609 
340 
852 
1090 
843 
709 
537 
461 
917 
660 
967 
1018 
840 
1170 
578 
678 
681 
797 
108 
1187 
1139 
857 
488 
433 
525 
1233 
78 
556 
1258 
60 
248 
749 
954 
1117 
838 
1123 
727 
244 
163 
1144 
431 
789 
714 
129 
1174 
827 
1024 
480 
193 
930 
191 
1107 
683 
329 
559 
134 
352 
668 
753 
1259 
438 
528 
974 
1068 
1120 
412 
1003 
741 
780 
415 
136 
436 
670 
835 
927 
281 
1206 
675 
785 
53 
1203 
448 
687 
690 
738 
439 
558 
804 
25 
1171 
435 
154 
1201 
466 
9 
157 
841 
1048 
598 
371 
567 
15 
691 
813 
197 
1056 
57 
535 
580 
255 
778 
287 
795 
397 
512 
606 
231 
765 
1004 
1103 
616 
928 
844 
146 
130 
739 
1247 
663 
337 
791 
164 
636 
139 
330 
410 
578 
665 
394 
1233 
190 
161 
276 
21 
823 
373 
421 
595 
521 
797 
936 
1106 
48 
1193 
60 
297 
277 
209 
1092 
937 
1258 
658 
78 
752 
403 
679 
119 
961 
603 
537 
61 
339 
471 
583 
1250 
581 
340 
902 
1036 
59 
1251 
935 
1189 
699 
134 
613 
443 
497 
897 
38 
522 
385 
527 
1179 
76 
609 
758 
532 
501 
833 
299 
91 
519 
81 
1185 
565 
525 
1045 
1247 
1084 
1049 
451 
783 
1048 
852 
1065 
1201 
414 
157 
627 
1217 
1175 
670 
1174 
1143 
306 
309 
254 
569 
39 
291 
320 
264 
370 
568 
373 
851 
1132 
463 
719 
1228 
138 
1070 
88 
538 
834 
1161 
1119 
562 
593 
1068 
1032 
632 
366 
353 
308 
1233 
1153 
1214 
1225 
1040 
34 
795 
999 
680 
476 
450 
228 
1171 
329 
350 
1194 
489 
616 
1231 
628 
1102 
895 
310 
113 
170 
823 
1055 
303 
524 
467 
826 
498 
1138 
588 
78 
1258 
268 
759 
944 
839 
927 
789 
537 
902 
745 
1061 
1031 
147 
1091 
870 
1048 
607 
679 
422 
188 
1016 
1201 
578 
541 
1240 
797 
139 
567 
671 
835 
1059 
264 
398 
991 
440 
937 
209 
184 
1179 
323 
525 
432 
739 
778 
415 
554 
1003 
443 
1251 
488 
677 
1033 
1193 
340 
411 
385 
570 
758 
714 
259 
785 
120 
438 
260 
384 
144 
121 
33 
652 
1111 
716 
403 
1215 
22 
800 
1050 
1139 
330 
373 
777 
1229 
1151 
60 
396 
747 
647 
691 
1186 
1225 
372 
795 
1084 
88 
683 
1014 
1206 
21 
257 
433 
1144 
965 
461 
1170 
1233 
483 
1106 
1259 
1074 
653 
1112 
608 
1067 
948 
278 
1142 
725 
838 
1214 
680 
153 
502 
580 
351 
50 
829 
130 
1235 
598 
321 
749 
947 
1143 
1061 
1179 
139 
283 
199 
206 
864 
507 
318 
436 
103 
791 
128 
524 
763 
985 
76 
638 
682 
1087 
412 
253 
1124 
92 
612 
408 
354 
888 
228 
936 
1158 
414 
1108 
752 
979 
303 
671 
675 
785 
411 
1093 
369 
937 
702 
1077 
450 
935 
1114 
451 
808 
1153 
133 
1239 
564 
434 
3 
690 
1152 
209 
381 
826 
852 
248 
324 
847 
402 
54 
301 
146 
389 
1135 
1229 
606 
560 
567 
839 
232 
25 
483 
510 
846 
308 
254 
410 
536 
1222 
703 
454 
1032 
328 
1075 
522 
18 
362 
908 
514 
608 
528 
1113 
1151 
1139 
1037 
588 
532 
482 
747 
445 
342 
1129 
467 
583 
1234 
192 
714 
626 
1146 
60 
1084 
145 
964 
1171 
312 
1076 
355 
595 
239 
1091 
77 
88 
1176 
347 
1044 
1137 
656 
820 
480 
788 
1233 
954 
147 
1140 
130 
1155 
1172 
1247 
443 
247 
373 
1016 
1258 
150 
739 
384 
1098 
652 
1048 
440 
1174 
263 
537 
785 
67 
157 
942 
912 
943 
397 
214 
340 
83 
461 
1246 
643 
861 
433 
376 
578 
1223 
1111 
207 
851 
1000 
112 
254 
1180 
1108 
615 
151 
1228 
444 
868 
303 
645 
120 
381 
567 
670 
902 
653 
845 
396 
242 
519 
738 
191 
827 
516 
932 
1248 
285 
612 
685 
619 
675 
164 
522 
607 
18 
57 
703 
299 
1082 
1121 
1241 
789 
1222 
281 
823 
1184 
201 
223 
638 
1032 
139 
1206 
731 
649 
1066 
662 
563 
1077 
930 
310 
562 
282 
483 
1183 
1187 
611 
1134 
1078 
35 
209 
472 
65 
1103 
208 
29 
896 
557 
584 
268 
1143 
624 
138 
748 
146 
618 
85 
822 
241 
479 
1124 
550 
834 
112 
341 
694 
927 
531 
107 
597 
88 
466 
22 
1120 
991 
610 
1199 
185 
1136 
1108 
168 
564 
654 
668 
1144 
578 
706 
354 
519 
515 
380 
1073 
73 
938 
935 
351 
1135 
532 
791 
978 
375 
839 
102 
313 
1003 
145 
860 
147 
63 
832 
1044 
392 
405 
1217 
164 
402 
353 
813 
54 
502 
510 
767 
835 
923 
442 
512 
446 
631 
254 
309 
758 
444 
1177 
677 
1139 
272 
738 
398 
785 
956 
1222 
811 
130 
18 
1130 
435 
957 
1172 
609 
231 
304 
579 
347 
291 
708 
408 
639 
673 
1091 
60 
3 
159 
48 
410 
646 
511 
1256 
551 
407 
71 
990 
191 
499 
1225 
685 
259 
348 
88 
841 
934 
578 
679 
902 
585 
180 
262 
839 
1124 
992 
484 
569 
522 
1 
700 
928 
1037 
373 
691 
1258 
1081 
394 
777 
727 
134 
690 
562 
654 
534 
1046 
1036 
384 
200 
240 
404 
936 
323 
1094 
241 
702 
1111 
1247 
528 
375 
47 
896 
1033 
1088 
1250 
442 
176 
1201 
861 
489 
361 
1045 
823 
1120 
1107 
207 
916 
81 
1234 
248 
92 
1259 
753 
411 
1139 
935 
60 
917 
1222 
593 
902 
961 
656 
652 
1239 
775 
1203 
1248 
221 
722 
1008 
260 
88 
538 
446 
369 
805 
781 
101 
515 
683 
843 
466 
1032 
920 
408 
795 
233 
1048 
380 
1171 
440 
797 
278 
537 
459 
1077 
679 
789 
820 
939 
880 
1059 
669 
32 
577 
840 
480 
1034 
402 
811 
264 
562 
268 
424 
133 
185 
731 
1117 
394 
895 
70 
462 
823 
986 
1096 
91 
1144 
670 
1229 
143 
1258 
310 
585 
967 
105 
119 
100 
132 
567 
665 
700 
9 
747 
426 
411 
1073 
1148 
1102 
1247 
522 
681 
956 
648 
309 
996 
550 
384 
849 
760 
791 
1045 
412 
176 
766 
838 
628 
186 
297 
552 
1139 
307 
410 
1068 
912 
1124 
568 
1121 
1136 
1031 
346 
1159 
483 
919 
683 
466 
78 
616 
431 
131 
814 
813 
1081 
743 
1013 
842 
129 
607 
961 
1187 
892 
1094 
25 
230 
861 
1032 
745 
373 
844 
1195 
148 
287 
164 
576 
42 
836 
498 
4 
316 
1232 
1118 
795 
201 
1091 
60 
24 
1228 
147 
902 
339 
1106 
527 
172 
1134 
1249 
472 
1055 
1253 
226 
1248 
823 
1044 
695 
1179 
610 
654 
604 
1077 
1214 
182 
1172 
551 
805 
511 
581 
1233 
355 
542 
405 
86 
800 
835 
461 
264 
923 
758 
326 
755 
50 
1178 
291 
343 
1036 
399 
778 
526 
714 
47 
532 
783 
1037 
159 
1139 
1143 
438 
501 
738 
522 
87 
248 
414 
944 
35 
895 
1043 
811 
332 
373 
1089 
276 
1201 
22 
537 
789 
519 
883 
902 
1144 
450 
1247 
1053 
1194 
998 
1258 
151 
452 
1022 
60 
138 
515 
402 
314 
705 
567 
1180 
318 
615 
145 
600 
688 
631 
996 
1229 
611 
352 
766 
1225 
1172 
164 
731 
999 
1248 
654 
91 
353 
339 
885 
927 
943 
1114 
154 
176 
254 
942 
823 
679 
959 
682 
861 
1106 
198 
299 
704 
35 
671 
1221 
263 
797 
235 
92 
593 
527 
229 
355 
221 
1089 
178 
675 
841 
70 
522 
609 
476 
745 
1233 
621 
511 
656 
785 
588 
642 
952 
882 
455 
1039 
1190 
185 
316 
48 
363 
1087 
1048 
117 
225 
528 
485 
569 
472 
1027 
910 
440 
777 
865 
13 
583 
1247 
816 
517 
646 
447 
205 
738 
1105 
932 
1126 
1189 
714 
200 
1125 
397 
49 
466 
262 
50 
550 
878 
961 
78 
532 
758 
135 
451 
852 
999 
129 
1111 
663 
259 
195 
681 
628 
670 
148 
320 
340 
574 
789 
1139 
1 
1135 
285 
897 
477 
410 
1007 
87 
926 
1061 
348 
241 
792 
936 
1058 
389 
679 
1109 
1068 
118 
1081 
412 
309 
269 
956 
362 
1214 
740 
1258 
720 
960 
1124 
229 
1170 
260 
568 
480 
797 
965 
310 
642 
822 
750 
832 
57 
1048 
1248 
34 
1179 
609 
201 
1053 
580 
1000 
519 
979 
1146 
839 
1225 
507 
968 
981 
986 
88 
1009 
1173 
585 
538 
117 
727 
213 
650 
1083 
330 
1209 
410 
147 
373 
308 
15 
92 
105 
1122 
779 
537 
905 
1172 
176 
1207 
1206 
142 
714 
680 
902 
1228 
1246 
1 
402 
1240 
1050 
920 
1183 
1229 
522 
1210 
286 
683 
306 
705 
289 
421 
29 
880 
966 
647 
637 
161 
671 
1117 
721 
896 
927 
35 
932 
1043 
948 
128 
453 
382 
934 
1135 
844 
1099 
670 
1124 
229 
69 
1223 
1134 
363 
1048 
48 
834 
909 
753 
303 
789 
656 
54 
961 
34 
318 
1247 
380 
603 
1061 
1258 
487 
459 
87 
793 
523 
1161 
1075 
179 
1096 
239 
329 
168 
587 
533 
763 
1144 
1160 
876 
814 
890 
88 
1106 
777 
703 
1065 
1179 
803 
1157 
57 
599 
466 
465 
1112 
183 
131 
402 
317 
480 
1046 
1158 
795 
611 
373 
172 
313 
476 
438 
704 
567 
1089 
995 
618 
22 
378 
679 
1140 
812 
1008 
138 
933 
1146 
1000 
726 
107 
520 
690 
159 
551 
1151 
273 
423 
353 
752 
184 
302 
1032 
484 
564 
463 
820 
473 
1011 
1053 
411 
1012 
518 
802 
340 
1185 
919 
460 
1228 
389 
366 
673 
595 
902 
758 
1107 
895 
744 
60 
1142 
785 
1235 
522 
1182 
42 
208 
833 
412 
554 
1061 
362 
562 
1135 
91 
503 
609 
206 
578 
725 
102 
671 
339 
1216 
600 
480 
233 
635 
685 
514 
262 
1111 
835 
323 
255 
384 
438 
291 
567 
399 
341 
426 
78 
527 
927 
354 
1022 
435 
854 
511 
516 
670 
273 
695 
645 
639 
942 
748 
856 
259 
649 
795 
1045 
487 
379 
470 
483 
310 
59 
125 
1068 
696 
534 
141 
668 
686 
956 
415 
1171 
347 
289 
1058 
229 
1250 
683 
961 
1032 
13 
886 
61 
75 
1179 
576 
789 
582 
246 
439 
392 
735 
129 
281 
1153 
394 
642 
1036 
839 
98 
1008 
322 
766 
1186 
402 
438 
1044 
653 
1217 
373 
133 
682 
518 
293 
1048 
110 
221 
915 
25 
640 
425 
1107 
568 
797 
1216 
1055 
421 
208 
285 
450 
1224 
119 
1070 
709 
236 
725 
948 
262 
459 
477 
297 
52 
745 
805 
384 
332 
823 
78 
83 
1088 
447 
46 
182 
1258 
935 
690 
1000 
412 
563 
159 
1222 
310 
405 
1073 
1124 
1193 
225 
339 
562 
665 
708 
522 
616 
747 
1168 
184 
102 
1172 
987 
668 
93 
580 
1167 
1174 
108 
164 
403 
1235 
892 
139 
209 
695 
1029 
256 
681 
843 
107 
673 
842 
1144 
185 
593 
1044 
328 
600 
647 
1037 
727 
428 
1189 
461 
789 
1203 
687 
9 
259 
679 
603 
791 
884 
925 
510 
989 
87 
868 
91 
853 
35 
241 
940 
13 
923 
472 
50 
130 
88 
1126 
145 
670 
299 
196 
201 
568 
480 
618 
1021 
70 
811 
1244 
795 
384 
551 
823 
1031 
131 
1000 
401 
1129 
654 
1093 
120 
1121 
1010 
192 
242 
341 
964 
902 
671 
1223 
308 
340 
1172 
266 
163 
525 
753 
1012 
1053 
356 
886 
1242 
404 
1048 
419 
488 
1225 
1143 
749 
1221 
1047 
168 
48 
181 
228 
1159 
888 
932 
514 
532 
25 
714 
1255 
913 
917 
564 
1187 
1075 
170 
1096 
704 
803 
645 
145 
1154 
1065 
1073 
448 
259 
439 
95 
799 
87 
380 
783 
877 
1180 
69 
465 
665 
241 
129 
309 
1201 
278 
954 
209 
1194 
172 
522 
731 
933 
60 
124 
456 
1032 
487 
642 
827 
880 
463 
215 
297 
1024 
32 
1018 
64 
1228 
656 
700 
327 
924 
935 
663 
412 
511 
404 
797 
965 
324 
1135 
285 
593 
1061 
1179 
601 
42 
498 
686 
902 
1044 
1094 
1063 
1076 
396 
1222 
35 
937 
371 
932 
392 
1216 
208 
536 
350 
489 
356 
133 
1008 
397 
525 
614 
263 
527 
1175 
681 
