59 
32 
8 
59 
58 
23 
7 
82 
38 
52 
58 
8 
74 
83 
36 
15 
61 
88 
39 
47 
18 
34 
9 
29 
20 
85 
56 
94 
91 
49 
45 
1 
54 
12 
70 
90 
40 
95 
84 
77 
26 
91 
61 
87 
48 
70 
22 
81 
14 
47 
42 
61 
52 
92 
33 
54 
11 
56 
90 
61 
43 
80 
57 
20 
53 
26 
27 
36 
81 
59 
2 
77 
51 
63 
76 
53 
61 
19 
54 
2 
60 
36 
70 
68 
61 
51 
84 
68 
36 
81 
24 
44 
94 
24 
91 
12 
95 
3 
59 
2 
86 
93 
61 
2 
29 
68 
50 
59 
59 
58 
27 
95 
6 
53 
40 
0 
72 
18 
9 
49 
2 
4 
64 
3 
42 
19 
95 
36 
68 
90 
83 
8 
28 
20 
3 
57 
89 
47 
64 
41 
51 
89 
68 
16 
8 
58 
86 
57 
94 
16 
89 
44 
74 
31 
61 
2 
16 
24 
91 
15 
56 
30 
84 
54 
15 
67 
18 
81 
57 
3 
83 
36 
12 
66 
62 
25 
91 
80 
70 
15 
2 
64 
7 
41 
14 
3 
54 
65 
27 
78 
80 
8 
40 
30 
90 
14 
33 
18 
14 
64 
89 
11 
86 
1 
89 
88 
6 
16 
89 
50 
31 
48 
24 
47 
8 
