0.035000 
0.064600 
0.066700 
0.088100 
0.090800 
0.092100 
0.096800 
0.105900 
0.115000 
0.123100 
0.131400 
0.139300 
0.152400 
0.161500 
0.162300 
0.166500 
0.176400 
0.185200 
0.188300 
0.188500 
0.188600 
0.190700 
0.208700 
0.208900 
0.209000 
0.212000 
0.216000 
0.235500 
0.238500 
0.255000 
0.258700 
0.259800 
0.260600 
0.275400 
0.276900 
0.284000 
0.291100 
0.292700 
0.298200 
0.301200 
0.303000 
0.308300 
0.312600 
0.322900 
0.326000 
0.327400 
0.337000 
0.345900 
0.357900 
0.377600 
0.386700 
0.391600 
0.410800 
0.410800 
0.411800 
0.420200 
0.427100 
0.428200 
0.438500 
0.452900 
0.456100 
0.456600 
0.458800 
0.463500 
0.464500 
0.466800 
0.480900 
0.483200 
0.488300 
0.496000 
0.499700 
0.500800 
0.506500 
0.507000 
0.508900 
0.510300 
0.516200 
0.517800 
0.532300 
0.540300 
0.549200 
0.554000 
0.571700 
0.573800 
0.576600 
0.585000 
0.585900 
0.587500 
0.588100 
0.588500 
0.597500 
0.598300 
0.601900 
0.606200 
0.610100 
0.619400 
0.622600 
0.623800 
0.630200 
0.639400 
0.646500 
0.646700 
0.647500 
0.649900 
0.661100 
0.663400 
0.672600 
0.698100 
0.699900 
0.700100 
0.704000 
0.704100 
0.725600 
0.725900 
0.726200 
0.728600 
0.738800 
0.739700 
0.746700 
0.748400 
0.750700 
0.752400 
0.753300 
0.769400 
0.778500 
0.803400 
0.805800 
0.809400 
0.825500 
0.838300 
0.839700 
0.842300 
0.847800 
0.851300 
0.852500 
0.854200 
0.856500 
0.863200 
0.868000 
0.868000 
0.873200 
0.880700 
0.882900 
0.886900 
0.888700 
0.900100 
0.900600 
0.901600 
0.930500 
0.932600 
0.934700 
0.936900 
0.943900 
0.944600 
0.948900 
0.955100 
0.964100 
0.975600 
0.992200 
1.000200 
1.009200 
1.014100 
1.022300 
1.031200 
1.048000 
1.050900 
1.058500 
1.058900 
1.059800 
1.061300 
1.073300 
1.073800 
1.075300 
1.080900 
1.089100 
1.101700 
1.133100 
1.135300 
1.139900 
1.146300 
1.149300 
1.151100 
1.151500 
1.157200 
1.197000 
1.198800 
1.200400 
1.208000 
1.211800 
1.221900 
1.225300 
1.231600 
1.238700 
1.245800 
1.246900 
1.258900 
1.263100 
1.275700 
1.278900 
1.280300 
1.281500 
1.296500 
1.298700 
1.307400 
1.308800 
1.315800 
1.320300 
1.325700 
1.327600 
1.336600 
1.355000 
1.366200 
1.373800 
1.374100 
1.384300 
1.403200 
1.413800 
1.416700 
1.439400 
1.440200 
1.441800 
1.447200 
1.449700 
1.450600 
1.450700 
1.451700 
1.453900 
1.459300 
1.471400 
1.490000 
1.502000 
1.506100 
1.514600 
1.514800 
1.521200 
1.523500 
1.524500 
1.531100 
1.536200 
1.546500 
1.550200 
1.557200 
1.560800 
1.561900 
1.563600 
1.566700 
1.582400 
1.594500 
1.596300 
1.610900 
1.617200 
1.618800 
1.619600 
1.621400 
1.627900 
1.629100 
1.631800 
1.642200 
1.653000 
1.673800 
1.679000 
1.681900 
1.682000 
1.686500 
1.697900 
1.700300 
1.701900 
1.703700 
1.704500 
1.705200 
1.710500 
1.712400 
1.719100 
1.731400 
1.733300 
1.742600 
1.746100 
1.748100 
1.751900 
1.754400 
1.764600 
1.768100 
1.778100 
1.781500 
1.784600 
1.792600 
1.797100 
1.801600 
1.803600 
1.807100 
1.813400 
1.821200 
1.826500 
1.837500 
1.845500 
1.848300 
1.849000 
1.854600 
1.855500 
1.859400 
1.859900 
1.861800 
1.865100 
1.866600 
1.874200 
1.878500 
1.881600 
1.882100 
1.883400 
1.898000 
1.898600 
1.913100 
1.914300 
1.919700 
1.925700 
1.938000 
1.942000 
1.948900 
1.955600 
1.956300 
1.968400 
1.975800 
1.975900 
1.983300 
1.994800 
1.995100 
2.003000 
2.013300 
2.013700 
2.015700 
2.028100 
2.035100 
2.038500 
2.048000 
2.051400 
2.064200 
2.070300 
2.078100 
2.078700 
2.084700 
2.090800 
2.095300 
2.097800 
2.106400 
2.113400 
2.115000 
2.117100 
2.126700 
2.132600 
2.147800 
2.148200 
2.148800 
2.160400 
2.164300 
2.171400 
2.175300 
2.178200 
2.180500 
2.188200 
2.189400 
2.190000 
2.192600 
2.194600 
2.195200 
2.199200 
2.211500 
2.215600 
2.220100 
2.221100 
2.222900 
2.226400 
2.235800 
2.238200 
2.251000 
2.266600 
2.277500 
2.287500 
2.289800 
2.292100 
2.292600 
2.294700 
2.313000 
2.313800 
2.317900 
2.318100 
2.318200 
2.320400 
2.322500 
2.339400 
2.347000 
2.353700 
2.363400 
2.363500 
2.366600 
2.366700 
2.368700 
2.369400 
2.372500 
2.382900 
2.383300 
2.392400 
2.395000 
2.396100 
2.407200 
2.415000 
2.425100 
2.427900 
2.431200 
2.434900 
2.452500 
2.453300 
2.453500 
2.456500 
2.465000 
2.468000 
2.470200 
2.472300 
2.482600 
2.501100 
2.521700 
2.529000 
2.532400 
2.533400 
2.534000 
2.549000 
2.550400 
2.557200 
2.572200 
2.575500 
2.591300 
2.595400 
2.596300 
2.599000 
2.601300 
2.610300 
2.611100 
2.619000 
2.623400 
2.638000 
2.638400 
2.645200 
2.654000 
2.654800 
2.655500 
2.660100 
2.662600 
2.668700 
2.671500 
2.678200 
2.680700 
2.683600 
2.689500 
2.691700 
2.706300 
2.709500 
2.710600 
2.712700 
2.721000 
2.731600 
2.742200 
2.743200 
2.747500 
2.749100 
2.754100 
2.755200 
2.763700 
2.768300 
2.773300 
2.778100 
2.789200 
2.793400 
2.800100 
2.806000 
2.807400 
2.808400 
2.818600 
2.827200 
2.848500 
2.855600 
2.858200 
2.862100 
2.864000 
2.866400 
2.871000 
2.878000 
2.879400 
2.885800 
2.887400 
2.912000 
2.919400 
2.921100 
2.923900 
2.924400 
2.934900 
2.935500 
2.946400 
2.949800 
2.950600 
2.952500 
2.960900 
2.962900 
2.981700 
2.982000 
2.983400 
2.985100 
