9 
89 
5 
0 
56 
78 
0 
7 
24 
54 
77 
12 
81 
7 
22 
46 
92 
5 
75 
11 
41 
45 
7 
90 
12 
8 
0 
89 
77 
47 
11 
78 
77 
9 
8 
2 
74 
0 
49 
22 
89 
9 
90 
1 
26 
0 
46 
79 
45 
83 
12 
34 
62 
0 
64 
68 
49 
85 
46 
75 
81 
40 
0 
75 
90 
66 
47 
7 
63 
11 
0 
47 
3 
15 
77 
55 
46 
74 
9 
75 
0 
46 
44 
11 
12 
75 
78 
36 
64 
11 
0 
7 
30 
46 
66 
0 
90 
89 
12 
0 
40 
16 
30 
44 
94 
45 
0 
7 
12 
69 
39 
8 
14 
78 
0 
52 
75 
18 
14 
40 
90 
7 
37 
30 
0 
14 
40 
89 
66 
17 
5 
12 
11 
16 
47 
80 
15 
40 
0 
7 
32 
47 
75 
5 
12 
77 
16 
24 
46 
75 
12 
32 
7 
0 
11 
8 
78 
73 
30 
14 
89 
0 
51 
54 
66 
75 
73 
46 
89 
6 
9 
14 
89 
95 
0 
63 
12 
54 
14 
75 
84 
11 
74 
20 
0 
9 
65 
54 
14 
64 
5 
75 
12 
53 
54 
46 
45 
11 
9 
90 
73 
7 
78 
75 
65 
0 
12 
58 
54 
90 
0 
11 
75 
52 
8 
54 
9 
47 
5 
0 
7 
57 
54 
9 
12 
90 
78 
0 
7 
0 
22 
13 
81 
75 
89 
0 
90 
40 
14 
19 
18 
66 
12 
82 
0 
78 
7 
8 
5 
6 
86 
9 
70 
75 
33 
45 
0 
14 
24 
87 
12 
6 
89 
46 
73 
41 
14 
77 
1 
0 
12 
53 
58 
90 
89 
73 
45 
18 
12 
37 
65 
9 
54 
55 
19 
89 
1 
16 
17 
64 
93 
75 
62 
48 
8 
7 
90 
40 
0 
47 
73 
46 
78 
45 
63 
14 
64 
0 
75 
73 
7 
54 
11 
37 
56 
0 
45 
50 
55 
11 
6 
75 
47 
90 
48 
69 
11 
23 
90 
64 
47 
89 
25 
30 
41 
10 
74 
14 
11 
8 
47 
79 
5 
75 
12 
40 
51 
0 
54 
21 
75 
7 
14 
89 
90 
87 
22 
75 
11 
81 
46 
18 
66 
75 
90 
77 
78 
47 
13 
81 
90 
0 
75 
15 
54 
8 
30 
81 
0 
16 
9 
64 
47 
61 
0 
46 
53 
82 
64 
7 
9 
73 
86 
75 
58 
37 
71 
69 
78 
46 
55 
63 
50 
22 
75 
2 
89 
14 
0 
75 
66 
55 
47 
49 
85 
11 
89 
1 
75 
90 
48 
5 
75 
0 
11 
78 
7 
1 
89 
82 
75 
90 
89 
85 
12 
22 
1 
90 
7 
56 
0 
89 
90 
95 
8 
7 
30 
0 
55 
81 
54 
78 
95 
40 
75 
7 
55 
0 
47 
46 
90 
12 
0 
54 
49 
73 
30 
89 
13 
24 
11 
71 
77 
28 
75 
8 
64 
0 
12 
7 
0 
82 
28 
80 
64 
78 
89 
0 
11 
47 
46 
9 
75 
82 
37 
22 
0 
89 
7 
75 
12 
78 
89 
83 
11 
6 
73 
21 
90 
64 
12 
81 
89 
11 
0 
76 
48 
14 
75 
28 
7 
66 
9 
11 
23 
7 
2 
92 
90 
0 
11 
0 
55 
5 
60 
90 
16 
12 
89 
0 
90 
77 
11 
90 
22 
46 
89 
1 
78 
75 
30 
90 
12 
89 
75 
65 
0 
7 
54 
86 
0 
5 
75 
11 
90 
34 
45 
72 
64 
89 
87 
7 
46 
75 
11 
90 
45 
40 
53 
7 
22 
44 
75 
0 
54 
79 
11 
66 
89 
32 
55 
0 
7 
89 
75 
1 
66 
0 
40 
7 
54 
89 
90 
37 
12 
66 
93 
5 
11 
9 
0 
11 
75 
85 
81 
37 
54 
0 
40 
56 
89 
77 
11 
12 
75 
88 
8 
54 
85 
12 
37 
80 
0 
66 
78 
77 
46 
66 
12 
90 
5 
30 
40 
7 
17 
89 
34 
46 
9 
21 
77 
76 
50 
0 
89 
90 
11 
47 
50 
0 
32 
78 
79 
64 
47 
46 
50 
49 
7 
66 
19 
12 
78 
0 
30 
24 
85 
14 
17 
46 
82 
40 
0 
87 
12 
42 
4 
68 
78 
11 
89 
4 
77 
7 
78 
75 
22 
1 
34 
0 
54 
79 
0 
51 
11 
14 
72 
25 
13 
54 
64 
12 
9 
5 
52 
37 
55 
12 
30 
64 
11 
0 
54 
28 
41 
14 
11 
78 
9 
0 
7 
54 
46 
90 
3 
73 
79 
75 
12 
48 
89 
0 
77 
75 
11 
82 
33 
32 
0 
12 
30 
54 
56 
37 
0 
89 
78 
7 
8 
75 
49 
37 
0 
55 
12 
16 
32 
7 
14 
0 
77 
7 
30 
12 
64 
66 
9 
78 
0 
14 
89 
90 
12 
66 
54 
22 
13 
0 
77 
58 
21 
11 
9 
55 
54 
7 
55 
1 
75 
89 
55 
37 
0 
81 
66 
6 
9 
78 
31 
17 
47 
24 
90 
0 
59 
11 
47 
90 
40 
1 
71 
2 
53 
78 
14 
64 
89 
66 
73 
64 
78 
0 
62 
9 
89 
53 
11 
75 
41 
76 
14 
31 
54 
78 
45 
37 
75 
9 
89 
81 
40 
78 
11 
6 
75 
89 
0 
90 
7 
65 
54 
0 
12 
47 
16 
75 
22 
14 
64 
7 
11 
55 
25 
5 
30 
90 
31 
75 
12 
11 
0 
9 
87 
90 
0 
66 
79 
11 
12 
75 
