0.047300 
0.056100 
0.058600 
0.062900 
0.073500 
0.081500 
0.117900 
0.118000 
0.126700 
0.133700 
0.134200 
0.135700 
0.137800 
0.140800 
0.156800 
0.157300 
0.209200 
0.213900 
0.223400 
0.242400 
0.245200 
0.246600 
0.267500 
0.271900 
0.278700 
0.279700 
0.290600 
0.293400 
0.300600 
0.316600 
0.323600 
0.329700 
0.340000 
0.344200 
0.347800 
0.349100 
0.369900 
0.372500 
0.373600 
0.386100 
0.400000 
0.411500 
0.416200 
0.429600 
0.458100 
0.463300 
0.466900 
0.472100 
0.479100 
0.493900 
0.516600 
0.517300 
0.530800 
0.560200 
0.578100 
0.586500 
0.589500 
0.606800 
0.611000 
0.611400 
0.612900 
0.630900 
0.631000 
0.640100 
0.640700 
0.641000 
0.645800 
0.650400 
0.651800 
0.657200 
0.670700 
0.674700 
0.714200 
0.725000 
0.742400 
0.756000 
0.760700 
0.762100 
0.767500 
0.780300 
0.836200 
0.840100 
0.847900 
0.855000 
0.863200 
0.874700 
0.885200 
0.898100 
0.901000 
0.906800 
0.907800 
0.918100 
0.931600 
0.941200 
0.942900 
0.945000 
0.947200 
0.967100 
0.978600 
0.984500 
0.987800 
0.995300 
1.005700 
1.027900 
1.036500 
1.048400 
1.074000 
1.088500 
1.090200 
1.099900 
1.113700 
1.119800 
1.123100 
1.130900 
1.133000 
1.146300 
1.160600 
1.170200 
1.178000 
1.196000 
1.205700 
1.207300 
1.211200 
1.212600 
1.239600 
1.239700 
1.255500 
1.264100 
1.267800 
1.279000 
1.283000 
1.296600 
1.303800 
1.311900 
1.340800 
1.351700 
1.368700 
1.378600 
1.384500 
1.402700 
1.410800 
1.414400 
1.438300 
1.442900 
1.451700 
1.455700 
1.458000 
1.462600 
1.468600 
1.474600 
1.475400 
1.487200 
1.501600 
1.501700 
1.503000 
1.520400 
1.539300 
1.541200 
1.550100 
1.550400 
1.556500 
1.559400 
1.585400 
1.596800 
1.598600 
1.611300 
1.619100 
1.622100 
1.622300 
1.643100 
1.650300 
1.653800 
1.682300 
1.684200 
1.693000 
1.698800 
1.724300 
1.728200 
1.741000 
1.742100 
1.745400 
1.750400 
1.752000 
1.756300 
1.758300 
1.762300 
1.780100 
1.781400 
1.785300 
1.788200 
1.789200 
1.797000 
1.801500 
1.811700 
1.826300 
1.849000 
1.849400 
1.850300 
1.854800 
1.867900 
1.874600 
1.876500 
1.905200 
1.917100 
1.937100 
1.948300 
1.949500 
1.972900 
1.976900 
1.984200 
1.987700 
2.001300 
2.011600 
2.017800 
2.049800 
2.058700 
2.060700 
2.105200 
2.112400 
2.113100 
2.115600 
2.117200 
2.123500 
2.136300 
2.148200 
2.151600 
2.156900 
2.178000 
2.183500 
2.188800 
2.197300 
2.199900 
2.213600 
2.218200 
2.223600 
2.226000 
2.237800 
2.239800 
2.285700 
2.286800 
2.291300 
2.306900 
2.309300 
2.339300 
2.340800 
2.354200 
2.365000 
2.374600 
2.384800 
2.403000 
2.409400 
2.415000 
2.432000 
2.434200 
2.456800 
2.467900 
2.482400 
2.493400 
2.503900 
2.504000 
2.511200 
2.516200 
2.520100 
2.533900 
2.554400 
2.571300 
2.584000 
2.591800 
2.603400 
2.615600 
2.617000 
2.619300 
2.624600 
2.634500 
2.636100 
2.686500 
2.702500 
2.713200 
2.725300 
2.767800 
2.777400 
2.781500 
2.786300 
2.790600 
2.826900 
2.827500 
2.830400 
2.841800 
2.843500 
2.847200 
2.865200 
2.865500 
2.867700 
2.868200 
2.901000 
2.904300 
2.907900 
2.916700 
2.929000 
2.941400 
2.942300 
2.966600 
2.968500 
2.983300 
