800 
1244 
290 
1226 
835 
303 
410 
1108 
869 
1091 
235 
496 
1116 
573 
1191 
1111 
698 
472 
175 
851 
556 
1144 
1206 
332 
384 
533 
741 
992 
688 
932 
572 
213 
511 
1229 
670 
782 
909 
412 
1087 
654 
1101 
987 
1038 
451 
308 
960 
902 
131 
1240 
797 
562 
823 
1099 
22 
683 
935 
404 
1225 
1106 
527 
186 
140 
40 
896 
510 
1037 
147 
253 
88 
95 
655 
1228 
512 
1159 
799 
583 
687 
15 
477 
373 
161 
1164 
405 
811 
323 
844 
1124 
1033 
927 
537 
229 
912 
913 
699 
129 
244 
96 
200 
447 
753 
1076 
1021 
291 
1111 
1255 
433 
759 
977 
1019 
1165 
776 
580 
87 
152 
1135 
192 
1055 
1059 
1083 
1193 
322 
32 
59 
599 
675 
1022 
925 
394 
1227 
1045 
1025 
390 
589 
404 
198 
201 
502 
794 
967 
353 
615 
324 
105 
242 
532 
931 
98 
1064 
1048 
1183 
1261 
551 
248 
374 
840 
251 
45 
568 
1038 
775 
860 
484 
1014 
691 
871 
505 
380 
1253 
1233 
1216 
83 
196 
1084 
750 
609 
89 
1044 
803 
70 
966 
1252 
354 
190 
917 
447 
214 
947 
1148 
243 
665 
578 
164 
654 
817 
284 
339 
857 
835 
719 
290 
839 
228 
789 
186 
402 
613 
576 
1080 
1035 
315 
1143 
1000 
727 
439 
642 
677 
605 
758 
330 
373 
1217 
1258 
136 
490 
1226 
608 
905 
366 
779 
920 
670 
524 
466 
1119 
583 
973 
310 
33 
1094 
588 
1041 
902 
1146 
1040 
552 
1162 
684 
34 
307 
322 
1116 
1081 
603 
1135 
766 
82 
879 
671 
402 
1144 
686 
1228 
397 
555 
948 
1223 
78 
1170 
1172 
176 
1109 
1257 
380 
405 
435 
981 
248 
912 
965 
416 
593 
88 
862 
259 
185 
792 
628 
251 
1143 
679 
884 
1016 
649 
920 
1178 
1251 
196 
690 
516 
995 
172 
1124 
107 
392 
1209 
407 
1061 
578 
461 
573 
1229 
323 
896 
1179 
1184 
837 
214 
303 
1032 
509 
720 
490 
799 
91 
281 
1099 
480 
1068 
148 
1135 
473 
47 
456 
25 
814 
1087 
304 
522 
121 
705 
21 
665 
301 
1119 
700 
191 
404 
439 
585 
1255 
564 
436 
192 
615 
341 
176 
1258 
932 
45 
73 
832 
1120 
194 
53 
518 
758 
843 
783 
263 
823 
687 
83 
539 
361 
463 
567 
131 
652 
943 
1145 
654 
243 
1033 
372 
679 
373 
195 
279 
619 
402 
800 
966 
768 
795 
739 
778 
1202 
981 
992 
183 
1227 
1149 
1146 
1229 
917 
1200 
366 
565 
33 
789 
410 
201 
377 
71 
412 
714 
69 
670 
225 
888 
1045 
1128 
752 
1035 
134 
101 
310 
380 
834 
188 
184 
363 
613 
921 
290 
191 
767 
896 
98 
48 
617 
710 
464 
414 
749 
1026 
642 
85 
436 
552 
467 
607 
684 
84 
253 
245 
527 
1142 
1247 
232 
593 
702 
131 
138 
1228 
58 
96 
214 
402 
204 
797 
1158 
176 
1222 
244 
603 
1143 
843 
78 
91 
209 
1159 
972 
1060 
814 
1179 
4 
512 
303 
779 
697 
932 
1229 
501 
434 
25 
994 
68 
810 
1048 
88 
741 
652 
778 
759 
683 
522 
953 
1255 
609 
713 
411 
362 
403 
519 
935 
228 
278 
447 
1162 
389 
1261 
134 
1118 
112 
1249 
1254 
76 
400 
794 
42 
1117 
686 
323 
1111 
902 
1091 
918 
93 
483 
113 
763 
753 
608 
402 
1134 
136 
54 
639 
947 
394 
573 
823 
778 
515 
679 
985 
80 
917 
401 
426 
1124 
1185 
1216 
532 
562 
1258 
570 
789 
310 
510 
318 
1017 
800 
791 
646 
2 
727 
260 
332 
990 
938 
148 
64 
89 
333 
731 
507 
948 
147 
954 
829 
323 
1261 
259 
327 
1119 
139 
403 
700 
758 
895 
174 
925 
410 
372 
671 
1247 
964 
66 
940 
653 
1073 
842 
619 
1066 
449 
439 
1048 
844 
440 
1229 
797 
703 
514 
885 
263 
1222 
609 
345 
905 
306 
101 
482 
961 
201 
947 
1144 
1032 
823 
48 
339 
1167 
542 
666 
1033 
97 
88 
1127 
954 
136 
1213 
1055 
687 
1003 
291 
1061 
981 
351 
229 
1197 
942 
928 
1242 
955 
1179 
91 
380 
25 
1059 
390 
178 
673 
966 
372 
510 
1225 
297 
356 
802 
73 
670 
87 
1120 
341 
1172 
310 
33 
198 
447 
775 
745 
665 
1228 
408 
480 
621 
43 
412 
554 
920 
415 
1087 
647 
827 
1257 
531 
1251 
176 
593 
148 
1214 
1259 
851 
729 
791 
424 
562 
128 
581 
797 
760 
524 
1240 
208 
737 
1258 
711 
583 
389 
789 
1139 
402 
185 
850 
518 
1185 
371 
618 
1016 
905 
381 
683 
74 
943 
1237 
685 
758 
826 
91 
452 
45 
1225 
1254 
814 
942 
646 
374 
730 
1037 
139 
275 
727 
1246 
259 
616 
410 
342 
1204 
394 
186 
1019 
395 
927 
759 
291 
637 
1235 
184 
64 
351 
1124 
438 
695 
948 
1059 
938 
1162 
917 
1145 
503 
380 
145 
893 
209 
908 
76 
1228 
747 
1111 
207 
567 
741 
323 
215 
670 
1201 
816 
830 
512 
583 
49 
73 
59 
665 
588 
902 
35 
639 
453 
928 
832 
1045 
1048 
841 
1093 
1233 
935 
1034 
15 
1000 
327 
1033 
33 
424 
487 
514 
562 
48 
353 
923 
691 
1123 
253 
964 
970 
759 
718 
56 
278 
1255 
897 
824 
581 
39 
462 
1046 
289 
714 
152 
522 
1148 
1186 
1222 
185 
1059 
397 
373 
1214 
1029 
671 
322 
1235 
1048 
840 
580 
921 
922 
324 
880 
1208 
22 
1009 
1099 
1216 
525 
461 
66 
41 
1193 
823 
362 
1228 
280 
611 
144 
268 
87 
731 
76 
466 
1144 
33 
753 
660 
168 
1139 
1172 
402 
426 
85 
302 
884 
23 
4 
911 
125 
1180 
568 
599 
230 
932 
260 
741 
303 
155 
510 
847 
309 
642 
1258 
558 
713 
544 
1094 
665 
422 
1183 
996 
224 
107 
145 
964 
328 
28 
1022 
396 
1065 
1143 
719 
966 
1090 
616 
205 
370 
1045 
329 
618 
1073 
868 
330 
550 
208 
1172 
797 
939 
660 
584 
53 
278 
832 
890 
702 
556 
831 
621 
811 
927 
772 
323 
402 
1201 
500 
1049 
979 
789 
1216 
695 
753 
456 
886 
243 
340 
609 
780 
395 
620 
857 
1043 
492 
986 
384 
365 
948 
555 
138 
438 
293 
1179 
642 
679 
1061 
147 
908 
532 
1139 
497 
128 
262 
1082 
1185 
234 
284 
583 
423 
791 
816 
45 
487 
654 
1064 
485 
766 
236 
607 
694 
389 
1168 
88 
526 
1197 
595 
588 
232 
639 
1261 
111 
76 
912 
463 
453 
449 
1161 
932 
670 
834 
428 
196 
836 
343 
673 
930 
159 
927 
1167 
1048 
1088 
347 
1174 
705 
1059 
399 
455 
1091 
592 
894 
312 
477 
1148 
1258 
402 
544 
1102 
827 
700 
384 
1228 
833 
278 
317 
1259 
107 
961 
1172 
102 
1111 
351 
1135 
1050 
342 
464 
308 
739 
851 
902 
956 
229 
880 
164 
747 
804 
6 
1012 
416 
1084 
666 
340 
1040 
389 
243 
514 
1034 
573 
920 
1092 
1179 
479 
117 
652 
846 
294 
1018 
323 
1261 
396 
95 
467 
720 
242 
713 
122 
823 
134 
519 
711 
785 
1216 
1201 
578 
1065 
412 
631 
135 
576 
47 
15 
563 
665 
339 
969 
1170 
637 
147 
696 
297 
935 
1022 
1187 
367 
330 
886 
337 
540 
1061 
136 
1096 
1157 
726 
22 
322 
642 
1009 
446 
404 
50 
411 
438 
1108 
558 
943 
902 
1130 
656 
1003 
453 
607 
180 
684 
1084 
402 
1112 
778 
595 
439 
679 
659 
872 
121 
964 
1217 
1121 
795 
843 
1247 
1000 
912 
562 
799 
1024 
515 
739 
410 
1091 
1102 
938 
529 
828 
250 
956 
604 
690 
710 
289 
432 
1143 
1197 
522 
691 
1170 
303 
713 
709 
262 
1179 
1174 
1228 
818 
42 
60 
464 
999 
1100 
136 
1088 
373 
1132 
665 
96 
1215 
851 
23 
937 
362 
1055 
963 
823 
609 
1137 
840 
368 
54 
817 
261 
1008 
1258 
862 
1027 
241 
260 
405 
19 
291 
1003 
98 
402 
1038 
510 
85 
309 
312 
945 
938 
920 
616 
1131 
353 
789 
758 
1225 
1 
28 
266 
534 
161 
1058 
861 
214 
1229 
672 
130 
1179 
473 
323 
757 
588 
463 
599 
1107 
1139 
25 
927 
578 
363 
8 
1216 
79 
281 
585 
350 
922 
297 
1019 
116 
593 
92 
255 
320 
200 
679 
278 
486 
245 
512 
738 
87 
174 
1207 
1162 
798 
1232 
490 
1077 
1012 
120 
347 
739 
1198 
1242 
371 
520 
209 
565 
1030 
797 
842 
1060 
131 
476 
136 
641 
231 
948 
686 
661 
351 
1120 
579 
708 
337 
532 
595 
799 
373 
312 
880 
1048 
583 
1106 
328 
35 
847 
1122 
161 
966 
91 
404 
1259 
839 
78 
899 
402 
1225 
1102 
582 
142 
1201 
665 
1130 
618 
642 
392 
285 
235 
510 
207 
935 
1091 
654 
447 
1044 
1134 
906 
515 
856 
933 
1144 
607 
45 
87 
133 
1156 
1260 
694 
323 
892 
408 
1024 
722 
673 
1164 
731 
550 
380 
1022 
112 
750 
1179 
456 
648 
528 
310 
24 
1108 
891 
1049 
424 
278 
748 
303 
884 
789 
1099 
488 
522 
638 
1066 
578 
1045 
573 
88 
902 
339 
85 
497 
849 
562 
425 
255 
1249 
257 
49 
589 
401 
206 
834 
1087 
253 
178 
1020 
1216 
402 
117 
1119 
1233 
42 
1122 
677 
788 
819 
905 
15 
260 
348 
323 
291 
1063 
1076 
1174 
1048 
1081 
672 
942 
546 
961 
251 
618 
775 
877 
485 
843 
351 
371 
656 
684 
89 
771 
234 
1009 
207 
419 
1131 
289 
1228 
1062 
1111 
88 
510 
955 
373 
902 
389 
1116 
1227 
416 
974 
938 
495 
1084 
1132 
1121 
1179 
603 
1229 
229 
990 
801 
435 
932 
168 
341 
1120 
233 
652 
345 
826 
28 
1247 
140 
322 
671 
833 
176 
125 
609 
483 
220 
332 
353 
536 
739 
894 
647 
639 
1061 
423 
695 
1165 
191 
310 
241 
1170 
500 
896 
766 
1178 
1075 
163 
436 
266 
43 
432 
361 
1088 
260 
107 
1222 
1003 
324 
1187 
668 
892 
1106 
369 
1252 
3 
456 
624 
1172 
87 
806 
1060 
1043 
522 
583 
642 
670 
103 
1179 
492 
1162 
1189 
795 
525 
908 
32 
877 
278 
151 
148 
948 
381 
399 
1064 
161 
1171 
921 
947 
684 
378 
86 
255 
514 
681 
263 
273 
373 
323 
146 
295 
434 
459 
1165 
917 
665 
207 
186 
531 
147 
654 
1244 
411 
50 
1010 
671 
1227 
1143 
137 
902 
340 
528 
640 
1097 
1048 
567 
1129 
1187 
603 
747 
408 
120 
783 
355 
177 
76 
487 
105 
192 
739 
138 
14 
817 
209 
1080 
1101 
369 
1108 
933 
1121 
1065 
310 
820 
38 
1255 
29 
159 
131 
823 
525 
518 
312 
113 
522 
1051 
208 
647 
1184 
87 
1206 
493 
789 
366 
32 
268 
731 
260 
989 
1091 
802 
916 
439 
276 
1008 
907 
706 
1037 
1044 
415 
88 
321 
656 
618 
1124 
1068 
380 
879 
733 
426 
538 
195 
499 
595 
791 
1247 
670 
1096 
354 
972 
278 
1165 
1144 
510 
213 
1146 
273 
232 
1169 
766 
1071 
48 
163 
288 
164 
935 
998 
472 
1228 
143 
1153 
185 
647 
823 
25 
718 
201 
912 
1038 
339 
884 
235 
739 
1254 
325 
927 
578 
194 
1222 
142 
642 
1045 
1087 
543 
102 
356 
24 
256 
913 
317 
76 
856 
556 
371 
817 
519 
558 
34 
117 
1255 
473 
757 
789 
1102 
964 
488 
1018 
244 
695 
1060 
43 
328 
699 
323 
58 
720 
1016 
832 
45 
756 
810 
567 
32 
467 
353 
515 
324 
1178 
183 
96 
229 
735 
75 
1143 
905 
797 
883 
671 
35 
759 
1185 
934 
961 
778 
60 
225 
1136 
1090 
878 
990 
397 
588 
1084 
1120 
424 
688 
579 
552 
1037 
1206 
148 
1033 
1124 
264 
791 
902 
702 
500 
871 
1035 
604 
1049 
275 
1091 
278 
201 
1201 
1118 
73 
660 
136 
76 
35 
1108 
323 
1224 
490 
401 
1145 
182 
242 
965 
1107 
839 
1203 
64 
138 
65 
310 
656 
583 
407 
454 
1226 
209 
402 
615 
366 
841 
263 
792 
1144 
354 
699 
15 
992 
89 
1014 
948 
192 
603 
654 
647 
1248 
1059 
892 
169 
642 
690 
243 
331 
1162 
510 
568 
60 
1234 
751 
904 
480 
795 
355 
487 
600 
54 
789 
98 
516 
460 
412 
1007 
599 
373 
259 
937 
536 
291 
88 
147 
384 
1228 
1049 
248 
952 
82 
512 
967 
1068 
1143 
1123 
140 
683 
670 
1197 
145 
207 
186 
804 
1034 
134 
184 
263 
936 
505 
849 
197 
679 
106 
1102 
843 
740 
461 
1082 
1223 
686 
767 
428 
612 
838 
1161 
964 
146 
842 
262 
577 
1138 
1247 
590 
800 
463 
823 
1045 
757 
652 
303 
811 
1258 
1229 
588 
578 
695 
489 
297 
797 
148 
681 
209 
870 
196 
245 
677 
115 
668 
791 
923 
713 
549 
586 
802 
323 
15 
1024 
42 
1185 
862 
670 
638 
615 
903 
778 
669 
827 
34 
380 
1048 
318 
982 
987 
1011 
856 
307 
329 
78 
803 
414 
984 
375 
1044 
939 
1240 
1076 
435 
398 
665 
59 
902 
805 
366 
259 
705 
151 
935 
143 
64 
1219 
1228 
58 
1061 
139 
639 
183 
87 
299 
891 
783 
1151 
616 
654 
1096 
938 
96 
672 
991 
32 
254 
944 
930 
1134 
758 
14 
1045 
936 
842 
583 
76 
578 
1032 
929 
380 
172 
662 
346 
457 
1258 
207 
795 
33 
245 
614 
921 
459 
656 
1226 
906 
297 
825 
176 
518 
15 
251 
868 
665 
1198 
569 
853 
194 
670 
890 
322 
1124 
214 
947 
1154 
487 
778 
415 
1200 
278 
161 
464 
686 
618 
1139 
200 
1048 
1135 
1155 
98 
1088 
209 
568 
402 
1067 
177 
758 
927 
1051 
1210 
982 
991 
465 
845 
163 
1114 
1132 
148 
241 
1150 
341 
184 
937 
833 
29 
690 
405 
804 
522 
342 
48 
790 
490 
789 
212 
321 
428 
204 
725 
494 
1144 
1061 
700 
1065 
1044 
240 
935 
63 
229 
752 
1072 
562 
1183 
329 
512 
1055 
397 
520 
957 
1148 
351 
622 
284 
1003 
588 
1078 
1253 
668 
1116 
1226 
1139 
719 
425 
813 
373 
1122 
480 
195 
25 
487 
773 
282 
380 
567 
322 
585 
509 
498 
556 
1197 
447 
4 
795 
1157 
488 
1035 
503 
1180 
961 
73 
955 
684 
781 
456 
259 
366 
1020 
483 
1222 
1053 
905 
308 
908 
948 
1048 
268 
1084 
24 
496 
265 
1106 
317 
921 
999 
254 
777 
217 
639 
136 
381 
176 
191 
964 
151 
1107 
223 
776 
1217 
1228 
823 
528 
1059 
440 
410 
480 
87 
652 
805 
842 
1233 
559 
1170 
199 
927 
132 
670 
34 
284 
944 
763 
806 
382 
947 
1181 
291 
177 
495 
519 
164 
1024 
145 
278 
281 
529 
508 
1134 
515 
739 
131 
244 
429 
98 
428 
1091 
242 
789 
1048 
1075 
1189 
1089 
816 
918 
1095 
1229 
380 
902 
196 
250 
680 
1161 
1225 
20 
823 
323 
966 
243 
301 
718 
525 
1070 
912 
309 
88 
907 
113 
327 
76 
452 
478 
518 
856 
1022 
1228 
991 
567 
280 
1032 
1121 
346 
937 
805 
849 
376 
880 
402 
1077 
1182 
373 
503 
833 
217 
791 
1217 
42 
1174 
1215 
332 
802 
709 
324 
117 
917 
45 
121 
842 
662 
702 
758 
817 
1050 
1221 
532 
342 
1044 
1202 
902 
310 
795 
566 
783 
1197 
87 
904 
194 
147 
731 
89 
583 
585 
838 
209 
40 
139 
1076 
854 
435 
268 
1008 
714 
932 
32 
1124 
1108 
440 
425 
317 
777 
670 
954 
1055 
1068 
25 
487 
1239 
757 
1019 
1070 
559 
668 
677 
940 
703 
455 
241 
373 
1167 
463 
189 
143 
647 
802 
1089 
1171 
640 
476 
515 
831 
1254 
775 
843 
253 
351 
397 
105 
47 
804 
823 
583 
588 
542 
452 
616 
673 
739 
260 
522 
978 
490 
369 
642 
738 
1130 
1194 
661 
729 
576 
695 
937 
1090 
1219 
48 
688 
690 
1048 
597 
411 
35 
746 
1037 
758 
137 
322 
380 
440 
789 
426 
514 
340 
985 
1162 
134 
1 
480 
1246 
880 
1197 
1185 
945 
54 
753 
621 
567 
194 
278 
140 
1000 
464 
902 
236 
428 
813 
1055 
251 
1063 
1228 
1174 
209 
918 
1215 
394 
833 
207 
373 
511 
1243 
46 
955 
456 
670 
312 
823 
1048 
505 
260 
86 
307 
380 
677 
229 
775 
340 
238 
159 
665 
917 
92 
578 
537 
297 
1201 
525 
1044 
1114 
178 
488 
550 
522 
402 
1112 
671 
1255 
1020 
412 
463 
1034 
700 
647 
1004 
696 
1214 
927 
1060 
55 
88 
295 
842 
1189 
851 
686 
384 
528 
1170 
838 
78 
353 
538 
1259 
589 
510 
447 
1222 
896 
1216 
939 
366 
87 
935 
638 
101 
932 
943 
133 
607 
800 
33 
940 
499 
1194 
740 
1048 
139 
772 
685 
373 
776 
1180 
145 
1010 
147 
519 
1041 
1078 
63 
928 
1099 
1102 
1061 
402 
646 
1032 
327 
1233 
827 
1200 
1106 
302 
813 
1261 
1124 
904 
681 
1175 
356 
811 
718 
795 
964 
24 
77 
248 
1129 
656 
1065 
583 
174 
933 
284 
132 
1227 
29 
1224 
709 
528 
567 
438 
373 
125 
310 
384 
654 
106 
463 
1253 
378 
671 
401 
1185 
670 
323 
369 
461 
168 
435 
367 
668 
289 
522 
902 
979 
1095 
914 
646 
1216 
1029 
189 
998 
1112 
823 
1127 
1069 
5 
37 
1063 
1179 
1255 
278 
1209 
600 
308 
404 
672 
758 
611 
399 
1250 
13 
42 
1170 
908 
596 
1157 
937 
618 
735 
467 
177 
1091 
447 
781 
1104 
1225 
656 
431 
856 
745 
1019 
694 
912 
1106 
363 
190 
299 
148 
625 
615 
593 
638 
1174 
579 
120 
836 
480 
603 
562 
731 
927 
1172 
628 
257 
563 
885 
851 
332 
78 
1132 
476 
1022 
323 
779 
1242 
516 
415 
22 
789 
880 
821 
840 
384 
773 
410 
616 
517 
152 
550 
1072 
161 
1073 
797 
1144 
221 
1130 
297 
686 
583 
522 
281 
487 
490 
871 
13 
1056 
191 
138 
428 
1043 
763 
578 
134 
394 
416 
33 
1167 
849 
1033 
775 
254 
88 
402 
35 
642 
322 
670 
480 
439 
1146 
533 
696 
208 
679 
735 
309 
1048 
465 
259 
235 
836 
979 
798 
1090 
1171 
143 
645 
317 
1216 
1253 
619 
822 
823 
760 
654 
327 
112 
209 
958 
332 
289 
783 
523 
615 
690 
535 
832 
241 
510 
738 
410 
610 
519 
1008 
912 
184 
802 
677 
1247 
407 
1044 
1235 
129 
886 
273 
905 
95 
840 
368 
291 
739 
399 
328 
323 
635 
684 
341 
748 
795 
48 
1132 
1118 
356 
512 
135 
861 
476 
121 
1102 
827 
879 
491 
898 
1156 
674 
668 
390 
324 
1120 
1068 
81 
52 
389 
902 
35 
1242 
714 
384 
192 
856 
297 
907 
906 
823 
806 
836 
1162 
176 
696 
860 
834 
1179 
527 
556 
244 
1201 
22 
1076 
426 
743 
842 
15 
340 
528 
1033 
774 
117 
1235 
675 
691 
1153 
1174 
927 
567 
940 
654 
1070 
256 
1126 
1247 
1115 
184 
700 
147 
318 
652 
902 
607 
401 
87 
151 
98 
261 
639 
143 
327 
1009 
88 
277 
908 
928 
758 
653 
738 
278 
97 
328 
877 
161 
731 
1259 
81 
611 
679 
656 
673 
904 
805 
397 
209 
246 
1048 
189 
356 
938 
225 
257 
483 
615 
1109 
404 
1139 
797 
718 
1035 
480 
529 
603 
96 
860 
814 
1258 
297 
832 
588 
1246 
671 
1248 
373 
998 
1025 
1045 
677 
726 
29 
348 
789 
1077 
1008 
1061 
562 
1201 
876 
95 
1143 
1145 
1056 
1029 
4 
681 
902 
1132 
134 
196 
639 
695 
125 
1051 
932 
1090 
757 
945 
87 
652 
937 
323 
1162 
23 
1158 
1222 
894 
567 
583 
944 
384 
1144 
43 
935 
1011 
1233 
670 
303 
522 
981 
918 
617 
800 
1146 
763 
686 
13 
436 
464 
1105 
636 
737 
135 
57 
186 
542 
1124 
351 
304 
585 
773 
1187 
455 
250 
74 
192 
578 
759 
1258 
1049 
1235 
957 
964 
324 
766 
482 
725 
668 
902 
1100 
113 
758 
484 
475 
1137 
201 
937 
682 
906 
276 
330 
604 
966 
183 
731 
644 
123 
1061 
783 
1249 
511 
321 
1171 
523 
1180 
1032 
513 
410 
616 
81 
642 
145 
254 
1022 
102 
789 
48 
851 
1161 
928 
1193 
956 
106 
525 
141 
1136 
1044 
1034 
522 
971 
986 
47 
890 
625 
439 
855 
564 
1242 
352 
700 
823 
686 
878 
583 
834 
943 
798 
275 
791 
208 
694 
323 
698 
896 
59 
562 
594 
1008 
671 
647 
524 
1261 
1088 
339 
1048 
1043 
207 
538 
490 
209 
979 
1143 
1073 
98 
18 
714 
940 
310 
618 
938 
795 
739 
1065 
402 
103 
1239 
286 
1016 
927 
766 
913 
1091 
750 
1124 
908 
1167 
351 
1082 
503 
1174 
480 
617 
802 
628 
1076 
329 
915 
415 
1075 
720 
293 
527 
839 
1103 
71 
1183 
259 
869 
601 
290 
1179 
1248 
244 
1172 
1235 
1109 
665 
91 
422 
1056 
1090 
884 
948 
639 
164 
393 
759 
1228 
522 
745 
788 
88 
309 
1070 
1201 
1036 
925 
1122 
599 
845 
136 
373 
758 
677 
235 
1053 
83 
628 
467 
1009 
1222 
452 
1130 
532 
41 
1170 
765 
995 
375 
174 
1197 
647 
981 
686 
797 
142 
98 
937 
92 
1232 
201 
1117 
1215 
992 
1106 
101 
477 
580 
487 
372 
668 
1038 
1008 
489 
684 
519 
260 
1258 
379 
415 
28 
562 
284 
832 
525 
670 
278 
283 
310 
716 
323 
1179 
447 
789 
43 
927 
96 
578 
473 
510 
567 
654 
338 
332 
947 
131 
25 
63 
186 
785 
467 
954 
993 
198 
209 
680 
135 
347 
619 
299 
528 
194 
76 
297 
894 
123 
255 
337 
642 
1109 
281 
1097 
800 
681 
479 
423 
342 
47 
802 
496 
1172 
1057 
402 
1087 
223 
373 
537 
671 
823 
1217 
737 
464 
488 
178 
878 
1016 
937 
532 
1084 
141 
259 
833 
797 
713 
991 
13 
512 
278 
846 
478 
502 
638 
1124 
951 
146 
394 
842 
684 
55 
1123 
813 
254 
967 
304 
679 
220 
56 
230 
931 
1048 
1170 
208 
1228 
1139 
399 
1062 
861 
984 
1132 
566 
176 
520 
810 
88 
505 
529 
1159 
1114 
902 
1037 
507 
910 
840 
935 
248 
536 
129 
1000 
76 
269 
1234 
403 
696 
514 
1130 
646 
1032 
207 
731 
519 
134 
522 
404 
937 
32 
654 
366 
934 
803 
877 
177 
954 
567 
105 
464 
985 
151 
78 
814 
323 
785 
673 
198 
687 
823 
1090 
402 
795 
912 
164 
361 
580 
83 
779 
515 
191 
81 
255 
364 
373 
183 
439 
339 
759 
131 
714 
1135 
569 
533 
1185 
642 
886 
200 
414 
307 
1044 
262 
99 
189 
835 
384 
562 
1191 
1010 
15 
880 
1124 
783 
223 
208 
1127 
679 
1098 
147 
410 
1022 
1187 
310 
775 
593 
385 
297 
248 
91 
1039 
668 
86 
76 
851 
518 
145 
550 
401 
42 
1074 
75 
1183 
246 
1216 
1165 
278 
777 
727 
709 
165 
329 
1033 
1048 
1103 
1180 
552 
677 
515 
789 
363 
845 
896 
45 
163 
88 
663 
447 
392 
658 
1047 
928 
615 
931 
878 
624 
1081 
70 
927 
73 
177 
923 
703 
1090 
524 
424 
1130 
32 
1258 
917 
362 
260 
747 
570 
932 
849 
1124 
1000 
384 
585 
394 
807 
525 
656 
326 
755 
507 
438 
201 
1180 
1157 
902 
1043 
1173 
1233 
936 
268 
639 
1259 
701 
1235 
536 
1066 
1091 
1244 
566 
789 
177 
827 
655 
91 
88 
964 
123 
663 
409 
961 
323 
834 
766 
1228 
487 
712 
466 
927 
1216 
128 
196 
795 
8 
78 
928 
1258 
747 
1024 
1255 
234 
1261 
776 
101 
753 
296 
521 
729 
999 
41 
511 
514 
4 
532 
129 
430 
1247 
675 
310 
912 
1116 
192 
686 
470 
616 
540 
412 
323 
490 
200 
798 
1185 
823 
578 
1022 
233 
87 
660 
204 
1180 
145 
731 
1086 
1225 
413 
489 
550 
752 
279 
1073 
985 
76 
308 
1170 
443 
1056 
452 
1076 
843 
825 
163 
88 
1187 
533 
461 
1090 
516 
642 
904 
456 
688 
476 
805 
932 
585 
1228 
332 
35 
23 
1172 
510 
979 
619 
1100 
525 
442 
609 
791 
936 
190 
844 
1144 
593 
324 
832 
1233 
69 
1121 
972 
1174 
455 
1091 
977 
687 
984 
621 
781 
667 
184 
1045 
45 
340 
485 
684 
361 
981 
522 
564 
567 
50 
201 
131 
527 
1197 
620 
426 
1179 
849 
278 
880 
853 
93 
155 
987 
369 
483 
15 
1011 
1044 
84 
151 
519 
1081 
789 
299 
373 
912 
55 
1058 
402 
947 
1232 
1084 
609 
937 
1048 
595 
354 
1229 
1258 
856 
380 
77 
675 
1169 
511 
439 
578 
934 
642 
326 
731 
339 
309 
695 
1122 
1073 
410 
262 
254 
1089 
83 
1185 
1228 
384 
1082 
183 
235 
938 
845 
619 
1193 
1186 
383 
289 
502 
550 
665 
130 
327 
966 
840 
588 
515 
531 
832 
798 
1143 
1209 
1045 
999 
91 
800 
1032 
621 
176 
424 
113 
556 
639 
1246 
268 
316 
685 
209 
163 
1235 
694 
557 
1023 
76 
112 
366 
909 
42 
323 
102 
519 
684 
789 
982 
200 
146 
483 
932 
397 
308 
1141 
616 
964 
1090 
647 
1012 
294 
958 
745 
264 
1061 
522 
1114 
674 
807 
373 
44 
910 
447 
774 
1132 
241 
670 
439 
605 
429 
445 
14 
370 
806 
299 
1048 
73 
70 
687 
752 
60 
1158 
926 
937 
1194 
525 
363 
1257 
580 
1229 
528 
757 
221 
414 
776 
201 
961 
986 
220 
48 
229 
710 
1130 
711 
564 
654 
235 
795 
631 
738 
1050 
130 
368 
1201 
332 
991 
157 
665 
840 
746 
324 
558 
872 
1171 
353 
593 
142 
832 
1172 
480 
123 
209 
337 
586 
1041 
1167 
329 
1222 
82 
145 
214 
1185 
934 
161 
1120 
147 
642 
6 
1202 
956 
488 
52 
119 
1159 
502 
1112 
1032 
612 
602 
616 
562 
484 
50 
1174 
323 
464 
1036 
312 
517 
567 
1221 
708 
927 
1056 
798 
310 
789 
588 
1061 
259 
1186 
563 
628 
690 
685 
537 
1021 
199 
570 
1096 
278 
245 
1055 
235 
648 
687 
516 
428 
576 
308 
309 
578 
1076 
348 
828 
58 
838 
208 
714 
1066 
224 
823 
1111 
410 
1099 
1000 
696 
201 
134 
88 
834 
522 
771 
1196 
281 
449 
1229 
159 
48 
597 
39 
747 
1144 
609 
1197 
1198 
652 
407 
1134 
391 
567 
840 
1247 
562 
464 
373 
431 
1090 
23 
753 
1124 
902 
931 
1145 
551 
874 
154 
254 
337 
195 
877 
99 
459 
903 
948 
731 
1139 
376 
380 
686 
1172 
643 
1189 
245 
278 
1259 
141 
842 
42 
839 
749 
1074 
516 
564 
61 
758 
1084 
1051 
488 
921 
810 
823 
303 
1106 
1177 
552 
568 
117 
102 
827 
986 
662 
171 
937 
896 
410 
151 
659 
124 
789 
138 
974 
732 
616 
691 
856 
327 
642 
917 
628 
373 
1184 
445 
416 
959 
1059 
134 
1119 
256 
981 
323 
519 
1222 
187 
76 
1135 
402 
525 
806 
609 
20 
785 
473 
1235 
145 
310 
684 
817 
912 
1124 
927 
465 
895 
224 
48 
1056 
394 
294 
745 
78 
739 
570 
668 
298 
1044 
820 
598 
686 
324 
554 
580 
429 
816 
897 
221 
512 
366 
332 
1150 
353 
464 
385 
945 
1258 
1229 
1096 
534 
498 
1073 
243 
783 
440 
1174 
340 
247 
1018 
276 
1081 
436 
789 
59 
323 
1068 
823 
1228 
438 
760 
1012 
1159 
74 
330 
539 
278 
208 
397 
699 
720 
76 
5 
776 
912 
1208 
151 
714 
1060 
371 
1167 
1102 
535 
840 
987 
434 
1033 
482 
1180 
1222 
83 
414 
123 
617 
35 
87 
818 
1115 
917 
164 
943 
1000 
705 
603 
410 
527 
324 
1003 
1189 
924 
566 
961 
163 
974 
1179 
1143 
621 
372 
309 
1249 
137 
688 
1255 
117 
285 
1226 
605 
843 
299 
668 
284 
683 
1090 
91 
427 
827 
960 
487 
601 
541 
234 
690 
932 
774 
879 
1261 
510 
948 
60 
215 
934 
814 
1144 
80 
665 
61 
269 
1086 
456 
981 
308 
88 
373 
1150 
674 
985 
821 
842 
241 
229 
451 
42 
672 
1187 
381 
136 
1170 
141 
986 
1258 
798 
274 
113 
1250 
636 
1214 
209 
908 
789 
938 
523 
578 
1061 
1169 
483 
917 
651 
670 
795 
477 
1171 
1093 
1148 
207 
131 
1178 
618 
1194 
832 
474 
615 
999 
588 
811 
40 
847 
536 
879 
837 
1102 
78 
58 
1235 
307 
1091 
931 
912 
134 
517 
906 
916 
562 
1074 
499 
585 
121 
991 
937 
927 
1034 
278 
105 
246 
1176 
1009 
515 
902 
619 
646 
490 
1193 
1229 
750 
81 
781 
694 
223 
310 
397 
466 
679 
1105 
263 
603 
450 
309 
139 
61 
578 
399 
823 
531 
842 
552 
60 
713 
146 
1056 
1155 
15 
378 
512 
1130 
228 
982 
1118 
595 
794 
33 
428 
964 
683 
142 
317 
489 
68 
1040 
159 
940 
1032 
421 
384 
551 
323 
588 
528 
297 
745 
1162 
1158 
1259 
1231 
488 
902 
896 
865 
281 
138 
912 
286 
45 
466 
607 
1174 
814 
92 
309 
783 
509 
401 
1247 
41 
856 
736 
415 
50 
823 
739 
1248 
1043 
879 
580 
847 
402 
511 
1151 
1207 
705 
948 
241 
367 
789 
923 
141 
1237 
1070 
1250 
88 
805 
1081 
482 
86 
76 
130 
1213 
87 
985 
684 
1089 
205 
380 
755 
579 
340 
448 
1044 
1233 
275 
272 
483 
843 
453 
955 
928 
112 
979 
351 
1014 
1084 
670 
700 
159 
1144 
927 
1228 
19 
403 
35 
449 
855 
125 
429 
967 
268 
1189 
29 
823 
538 
695 
593 
323 
264 
54 
459 
137 
959 
876 
578 
1051 
934 
209 
151 
298 
1177 
516 
1047 
1010 
1146 
140 
512 
396 
129 
788 
964 
462 
991 
373 
254 
1122 
827 
787 
434 
642 
816 
562 
1174 
256 
1124 
205 
509 
710 
78 
148 
618 
1120 
1123 
172 
902 
439 
289 
558 
789 
1048 
1258 
130 
243 
1075 
1179 
1037 
402 
1143 
253 
758 
542 
551 
1121 
88 
476 
145 
159 
603 
86 
132 
283 
502 
609 
722 
108 
1112 
912 
810 
927 
410 
5 
908 
226 
174 
790 
35 
1094 
332 
1032 
1153 
1247 
1106 
849 
605 
91 
1046 
536 
1022 
1158 
121 
1081 
566 
201 
352 
961 
420 
229 
302 
578 
48 
309 
189 
310 
373 
147 
1193 
463 
1040 
1078 
1258 
800 
936 
937 
964 
312 
629 
1144 
1 
999 
1037 
802 
940 
32 
660 
896 
60 
440 
1179 
1213 
752 
1117 
665 
980 
1012 
473 
838 
773 
15 
1059 
1033 
477 
923 
674 
938 
1027 
857 
235 
583 
672 
1170 
42 
1080 
1249 
656 
281 
992 
789 
1010 
913 
410 
868 
256 
909 
823 
730 
192 
318 
176 
289 
196 
986 
908 
381 
229 
735 
567 
470 
1091 
834 
209 
330 
904 
152 
341 
466 
1073 
777 
902 
1232 
554 
54 
373 
690 
76 
277 
749 
131 
827 
298 
1031 
351 
332 
586 
323 
287 
148 
185 
794 
503 
1048 
937 
935 
1229 
593 
647 
966 
928 
921 
1167 
376 
163 
753 
686 
339 
1258 
699 
476 
224 
500 
206 
310 
433 
1135 
851 
1242 
1183 
563 
161 
452 
577 
758 
208 
945 
426 
1067 
1206 
264 
1014 
1261 
954 
552 
752 
91 
642 
654 
1029 
369 
515 
200 
562 
1070 
590 
40 
284 
191 
1157 
1199 
402 
593 
1102 
528 
802 
917 
341 
298 
512 
1180 
1012 
412 
1107 
384 
194 
719 
1044 
656 
4 
789 
966 
790 
1003 
638 
665 
487 
1225 
759 
1144 
805 
49 
232 
2 
228 
937 
156 
890 
616 
1172 
761 
1130 
1048 
394 
480 
505 
209 
690 
912 
174 
607 
32 
154 
318 
76 
310 
1253 
522 
823 
42 
303 
942 
353 
902 
1209 
339 
177 
1210 
184 
424 
738 
147 
670 
1022 
389 
753 
29 
88 
940 
143 
401 
1090 
935 
465 
598 
463 
901 
450 
795 
1038 
926 
1149 
1249 
1180 
189 
159 
323 
324 
482 
151 
584 
208 
168 
399 
39 
1179 
498 
538 
373 
1229 
617 
47 
1044 
1242 
583 
843 
1187 
778 
660 
461 
340 
967 
578 
1170 
1018 
840 
857 
954 
1139 
681 
797 
1107 
556 
838 
1233 
244 
1258 
177 
727 
649 
1117 
60 
431 
654 
272 
1174 
1024 
753 
714 
673 
65 
668 
683 
827 
433 
384 
1120 
741 
134 
958 
974 
452 
804 
928 
137 
1068 
436 
801 
1003 
785 
136 
176 
927 
281 
1206 
439 
1171 
320 
130 
841 
157 
466 
412 
9 
371 
738 
1048 
15 
196 
535 
57 
813 
616 
397 
287 
1056 
534 
197 
255 
512 
606 
739 
663 
337 
1035 
1225 
330 
665 
394 
636 
161 
578 
1233 
765 
1033 
190 
795 
1132 
797 
595 
1092 
588 
567 
936 
209 
1106 
403 
497 
1258 
679 
1247 
537 
471 
339 
961 
1193 
340 
1251 
443 
1189 
897 
613 
1179 
955 
76 
699 
527 
609 
758 
410 
164 
1119 
53 
583 
532 
519 
81 
501 
1185 
157 
1045 
1084 
74 
525 
451 
468 
783 
1201 
672 
1065 
1124 
833 
852 
39 
1217 
670 
627 
33 
254 
373 
291 
604 
463 
568 
324 
138 
564 
88 
1143 
303 
227 
834 
1175 
562 
593 
1070 
538 
1172 
113 
1153 
1213 
795 
1233 
1243 
34 
1225 
1119 
1032 
1040 
680 
32 
862 
15 
524 
228 
450 
1102 
489 
1171 
628 
329 
350 
310 
616 
48 
170 
1048 
719 
902 
467 
1138 
78 
588 
851 
130 
823 
268 
759 
1255 
789 
1016 
264 
607 
1061 
745 
147 
422 
679 
870 
297 
541 
1240 
797 
578 
1059 
537 
1091 
937 
323 
671 
991 
209 
895 
158 
739 
184 
1247 
303 
415 
443 
554 
677 
1003 
567 
1033 
525 
488 
1193 
778 
570 
259 
432 
373 
640 
144 
1050 
716 
33 
330 
1151 
22 
785 
628 
60 
927 
647 
372 
1179 
747 
691 
1225 
795 
986 
6 
683 
865 
1084 
1206 
965 
948 
1144 
1106 
1259 
653 
483 
840 
278 
833 
1142 
50 
608 
1228 
1099 
1214 
829 
351 
947 
524 
130 
321 
139 
749 
652 
671 
199 
864 
507 
206 
318 
461 
128 
431 
103 
985 
1061 
76 
412 
228 
791 
354 
414 
1188 
71 
1093 
808 
931 
369 
702 
720 
785 
411 
1215 
1143 
1114 
1108 
1153 
1239 
303 
1102 
146 
324 
3 
606 
1229 
560 
839 
25 
846 
18 
567 
1135 
536 
937 
54 
301 
389 
877 
522 
1222 
1104 
362 
1151 
588 
651 
1234 
342 
467 
482 
445 
1155 
714 
532 
308 
1146 
312 
964 
1033 
145 
1084 
1129 
1076 
1044 
514 
88 
1140 
77 
1233 
788 
1137 
1258 
480 
656 
130 
612 
820 
1176 
147 
373 
630 
1172 
928 
198 
739 
1016 
382 
1048 
1098 
1174 
263 
384 
157 
397 
67 
912 
943 
191 
1025 
214 
578 
433 
1111 
380 
112 
1228 
1219 
254 
868 
424 
851 
8 
303 
151 
979 
44 
120 
611 
738 
506 
670 
381 
175 
845 
952 
988 
519 
932 
615 
230 
1087 
347 
675 
57 
444 
522 
703 
299 
18 
1184 
1121 
1108 
1222 
281 
619 
139 
502 
285 
1206 
823 
223 
662 
638 
1183 
1178 
282 
483 
1187 
1134 
567 
1032 
310 
472 
896 
65 
268 
138 
578 
748 
1124 
479 
1143 
665 
597 
253 
112 
834 
927 
107 
531 
1120 
1199 
991 
654 
1136 
168 
564 
668 
380 
1127 
73 
938 
146 
955 
1073 
791 
978 
147 
164 
375 
822 
1044 
1254 
832 
402 
512 
442 
767 
923 
631 
309 
444 
1090 
758 
351 
272 
1177 
677 
398 
365 
785 
811 
130 
956 
210 
1130 
435 
579 
1222 
113 
347 
708 
191 
304 
3 
957 
928 
71 
607 
578 
88 
841 
18 
159 
348 
1091 
679 
585 
839 
958 
180 
902 
1094 
1225 
1178 
177 
484 
522 
1124 
394 
534 
1033 
1081 
240 
200 
323 
404 
567 
241 
528 
1088 
1111 
702 
619 
654 
1036 
176 
47 
1045 
1201 
1252 
1120 
17 
1234 
861 
92 
916 
81 
60 
411 
207 
917 
583 
1139 
593 
1222 
896 
652 
1239 
722 
88 
935 
446 
1203 
1029 
369 
281 
781 
1198 
1008 
408 
101 
683 
775 
843 
278 
380 
233 
105 
1048 
934 
562 
823 
820 
880 
537 
32 
789 
577 
200 
373 
480 
133 
264 
1248 
1034 
1229 
1107 
70 
986 
310 
1228 
1117 
1144 
1258 
670 
1096 
29 
901 
1259 
665 
700 
1249 
119 
309 
9 
1073 
1102 
1247 
928 
1148 
956 
681 
567 
351 
550 
628 
760 
186 
95 
552 
412 
838 
1000 
1139 
136 
466 
568 
919 
131 
201 
616 
129 
813 
961 
230 
1013 
1032 
1187 
1081 
743 
25 
607 
148 
287 
576 
842 
644 
78 
1106 
42 
1171 
403 
836 
373 
795 
1094 
316 
176 
767 
823 
323 
902 
147 
250 
527 
339 
1195 
472 
1091 
745 
297 
1253 
619 
226 
86 
1077 
604 
37 
551 
805 
105 
654 
1062 
50 
498 
542 
758 
164 
81 
755 
326 
264 
291 
714 
399 
526 
903 
355 
1036 
783 
532 
1179 
303 
138 
501 
895 
565 
522 
248 
47 
405 
944 
1143 
438 
1022 
1037 
60 
159 
276 
1089 
22 
541 
332 
1240 
789 
537 
883 
1144 
440 
656 
1172 
1194 
1258 
930 
35 
1158 
1104 
731 
243 
515 
605 
615 
631 
1247 
145 
996 
1229 
283 
567 
1111 
1248 
1225 
353 
943 
190 
999 
750 
339 
309 
823 
927 
1114 
861 
87 
299 
682 
1106 
671 
355 
235 
263 
314 
527 
92 
221 
333 
841 
519 
593 
675 
1089 
70 
522 
1233 
208 
609 
48 
745 
588 
952 
1043 
785 
642 
882 
455 
583 
1039 
528 
363 
117 
485 
1161 
511 
472 
1048 
13 
816 
797 
367 
646 
517 
447 
380 
1125 
200 
777 
714 
49 
878 
961 
550 
262 
78 
532 
325 
451 
663 
195 
890 
129 
852 
628 
320 
1135 
1126 
1139 
1 
477 
1007 
897 
408 
87 
902 
410 
348 
1169 
1109 
1058 
309 
389 
617 
720 
1081 
362 
740 
608 
260 
960 
355 
495 
670 
241 
480 
822 
1170 
568 
750 
642 
34 
1053 
956 
832 
1179 
201 
354 
507 
1146 
1225 
1061 
936 
1009 
88 
986 
981 
1124 
533 
117 
585 
736 
727 
373 
1173 
650 
1209 
1083 
147 
92 
464 
1255 
105 
410 
779 
537 
176 
15 
1119 
1246 
1 
637 
1183 
1210 
286 
1207 
29 
683 
1229 
671 
132 
763 
588 
1104 
896 
932 
35 
826 
289 
453 
382 
229 
600 
733 
840 
479 
128 
1048 
1092 
579 
753 
656 
69 
670 
834 
583 
380 
961 
1258 
793 
48 
890 
789 
1075 
168 
618 
239 
814 
1161 
1043 
57 
487 
803 
1065 
402 
1059 
1247 
179 
317 
1169 
1144 
611 
88 
373 
251 
1154 
704 
599 
476 
1159 
812 
354 
1046 
378 
567 
938 
933 
679 
1140 
1164 
1157 
54 
1061 
690 
159 
520 
1151 
297 
551 
172 
273 
752 
424 
1146 
484 
131 
564 
174 
820 
463 
1011 
411 
919 
473 
518 
802 
902 
895 
1182 
138 
744 
595 
758 
221 
42 
1135 
503 
1106 
1235 
206 
554 
578 
480 
412 
609 
635 
233 
600 
685 
1107 
1111 
514 
311 
255 
438 
384 
291 
399 
426 
522 
567 
1012 
527 
927 
854 
639 
748 
649 
483 
435 
570 
470 
670 
273 
102 
310 
534 
942 
696 
415 
686 
354 
353 
1041 
1058 
668 
683 
339 
347 
1032 
61 
75 
129 
886 
806 
246 
439 
735 
141 
766 
1153 
6 
642 
322 
1036 
1044 
438 
653 
133 
1048 
293 
13 
373 
434 
221 
110 
425 
1022 
402 
915 
1107 
1216 
43 
285 
453 
1191 
797 
568 
236 
1070 
709 
208 
745 
727 
823 
262 
1088 
805 
394 
1224 
725 
130 
935 
412 
182 
563 
1222 
616 
1073 
159 
310 
225 
665 
708 
1168 
87 
1124 
339 
147 
108 
580 
1172 
184 
403 
1174 
668 
131 
1235 
209 
1029 
256 
843 
1024 
842 
464 
600 
107 
428 
185 
533 
673 
789 
405 
1189 
1037 
461 
9 
925 
259 
884 
687 
868 
510 
791 
853 
35 
1203 
695 
1044 
828 
940 
95 
923 
1126 
88 
50 
1021 
196 
618 
811 
299 
70 
522 
867 
1167 
795 
1000 
934 
551 
568 
1129 
401 
654 
278 
120 
190 
308 
145 
266 
340 
1172 
555 
603 
808 
1084 
1053 
886 
328 
1255 
404 
1242 
419 
823 
517 
749 
168 
1047 
181 
1225 
1048 
488 
241 
913 
94 
895 
917 
564 
45 
1187 
612 
902 
1075 
48 
803 
912 
645 
87 
1073 
125 
928 
799 
448 
309 
380 
666 
783 
665 
877 
1180 
69 
954 
933 
1194 
456 
731 
129 
209 
1011 
215 
373 
60 
1032 
1245 
880 
163 
827 
1018 
297 
642 
327 
64 
924 
663 
969 
404 
511 
324 
797 
1228 
32 
593 
528 
1063 
1044 
686 
498 
932 
1108 
371 
208 
600 
525 
133 
397 
