3 
37 
21 
39 
41 
20 
4 
26 
38 
19 
29 
21 
33 
27 
41 
3 
14 
9 
35 
4 
38 
39 
1 
17 
11 
45 
15 
37 
40 
35 
41 
6 
24 
12 
42 
38 
39 
9 
35 
1 
43 
28 
29 
15 
32 
26 
21 
46 
4 
12 
38 
34 
36 
27 
17 
25 
44 
41 
19 
3 
33 
31 
1 
6 
21 
29 
38 
28 
36 
26 
9 
4 
32 
19 
44 
21 
41 
46 
12 
20 
33 
15 
31 
25 
6 
1 
26 
35 
11 
14 
10 
19 
31 
9 
29 
35 
28 
21 
4 
8 
39 
6 
20 
26 
41 
25 
27 
13 
37 
0 
35 
7 
36 
38 
4 
25 
34 
12 
41 
32 
20 
39 
30 
0 
17 
9 
21 
27 
19 
26 
12 
31 
14 
4 
35 
36 
6 
3 
1 
21 
19 
37 
38 
41 
29 
35 
43 
9 
0 
21 
25 
41 
15 
24 
28 
4 
7 
26 
35 
1 
20 
27 
3 
17 
41 
33 
21 
40 
38 
13 
36 
26 
1 
9 
32 
28 
25 
4 
20 
35 
46 
41 
34 
45 
37 
2 
30 
19 
21 
12 
3 
9 
17 
29 
41 
7 
6 
4 
35 
46 
26 
44 
25 
38 
36 
21 
41 
37 
28 
29 
8 
12 
14 
19 
6 
35 
9 
40 
1 
43 
45 
20 
31 
34 
26 
13 
27 
15 
25 
33 
28 
41 
37 
35 
17 
9 
38 
39 
4 
21 
35 
38 
41 
45 
6 
27 
20 
36 
19 
1 
33 
14 
25 
31 
11 
3 
39 
40 
4 
9 
41 
29 
38 
21 
35 
36 
4 
16 
29 
19 
40 
27 
6 
26 
39 
15 
13 
24 
41 
28 
38 
25 
29 
19 
31 
40 
42 
35 
30 
33 
46 
7 
20 
27 
6 
45 
28 
4 
41 
26 
17 
39 
19 
1 
15 
2 
29 
21 
38 
24 
3 
31 
41 
12 
35 
39 
29 
38 
46 
9 
41 
24 
36 
14 
27 
31 
34 
2 
4 
40 
6 
8 
42 
18 
21 
34 
43 
17 
41 
20 
5 
27 
26 
31 
22 
19 
4 
9 
28 
44 
2 
38 
39 
3 
35 
21 
40 
25 
13 
19 
20 
29 
24 
37 
41 
1 
46 
5 
26 
23 
3 
35 
39 
28 
38 
13 
21 
41 
25 
20 
2 
32 
21 
31 
19 
24 
12 
14 
29 
9 
8 
3 
33 
1 
4 
19 
41 
39 
45 
28 
18 
20 
35 
17 
26 
11 
21 
38 
4 
14 
36 
27 
25 
1 
41 
19 
9 
46 
37 
3 
35 
39 
33 
12 
6 
11 
28 
41 
21 
19 
40 
29 
15 
18 
4 
39 
0 
36 
30 
29 
35 
19 
41 
11 
25 
9 
26 
3 
6 
38 
45 
40 
4 
28 
12 
15 
35 
2 
33 
34 
27 
41 
19 
1 
31 
35 
38 
40 
12 
25 
46 
6 
21 
9 
16 
1 
4 
39 
31 
3 
28 
41 
15 
35 
42 
45 
7 
11 
27 
43 
26 
1 
19 
25 
39 
33 
40 
36 
41 
14 
21 
9 
24 
32 
18 
12 
39 
1 
27 
35 
26 
4 
40 
3 
36 
41 
33 
19 
11 
20 
35 
45 
6 
15 
29 
12 
21 
16 
44 
26 
8 
35 
31 
20 
37 
41 
38 
9 
29 
43 
11 
39 
1 
21 
46 
4 
44 
19 
35 
33 
25 
16 
27 
38 
8 
29 
12 
35 
21 
1 
3 
31 
5 
41 
4 
23 
32 
38 
7 
25 
41 
27 
36 
33 
3 
39 
0 
26 
4 
6 
35 
9 
41 
24 
1 
19 
26 
33 
4 
38 
45 
15 
41 
44 
21 
1 
29 
6 
35 
32 
39 
37 
46 
14 
25 
9 
27 
21 
45 
19 
41 
11 
35 
17 
40 
4 
21 
19 
3 
36 
25 
12 
41 
28 
29 
38 
24 
21 
32 
17 
4 
35 
31 
1 
25 
26 
20 
27 
14 
3 
39 
21 
12 
44 
4 
8 
28 
11 
35 
41 
29 
25 
7 
32 
19 
45 
30 
21 
13 
38 
27 
6 
4 
20 
41 
19 
39 
17 
40 
32 
46 
15 
29 
12 
8 
13 
1 
4 
25 
2 
41 
9 
31 
5 
17 
35 
6 
29 
42 
26 
27 
19 
11 
38 
3 
40 
35 
41 
22 
45 
39 
30 
12 
44 
21 
33 
40 
41 
24 
38 
3 
39 
11 
37 
14 
35 
12 
17 
38 
9 
4 
19 
30 
46 
26 
29 
27 
34 
1 
25 
33 
41 
31 
6 
20 
38 
46 
35 
40 
24 
7 
39 
18 
32 
11 
12 
44 
25 
43 
26 
19 
21 
39 
41 
9 
30 
4 
32 
33 
35 
34 
22 
18 
8 
20 
29 
21 
40 
28 
13 
41 
4 
12 
19 
39 
31 
35 
24 
28 
29 
25 
9 
35 
17 
38 
42 
20 
26 
13 
46 
41 
33 
1 
7 
19 
36 
39 
25 
38 
35 
28 
15 
20 
41 
9 
12 
16 
3 
21 
29 
41 
6 
45 
25 
19 
26 
34 
31 
13 
38 
46 
9 
21 
20 
4 
39 
29 
15 
35 
36 
38 
11 
43 
21 
39 
27 
41 
34 
19 
44 
25 
5 
4 
3 
38 
12 
15 
26 
29 
13 
1 
14 
19 
41 
10 
35 
17 
16 
38 
8 
28 
6 
44 
46 
25 
27 
41 
37 
40 
32 
31 
26 
4 
19 
3 
44 
39 
41 
0 
38 
25 
35 
12 
6 
29 
21 
1 
24 
27 
33 
36 
39 
4 
46 
38 
32 
30 
9 
17 
28 
25 
45 
20 
40 
37 
41 
1 
8 
16 
29 
31 
38 
33 
46 
30 
21 
17 
12 
4 
39 
35 
3 
41 
26 
36 
25 
24 
29 
19 
37 
11 
35 
4 
40 
46 
3 
33 
44 
17 
6 
27 
0 
25 
41 
38 
4 
30 
20 
28 
35 
2 
9 
46 
8 
31 
27 
40 
21 
23 
26 
28 
20 
1 
