0.024500 
0.032000 
0.032600 
0.036500 
0.037700 
0.037700 
0.038400 
0.039300 
0.042900 
0.044300 
0.047200 
0.047600 
0.047900 
0.048100 
0.048500 
0.048700 
0.049700 
0.050400 
0.050400 
0.053100 
0.058200 
0.058600 
0.060600 
0.063000 
0.066700 
0.067700 
0.073200 
0.074900 
0.076500 
0.082300 
0.084000 
0.084100 
0.084300 
0.088000 
0.088000 
0.088900 
0.090700 
0.091900 
0.092800 
0.093100 
0.093700 
0.094300 
0.096900 
0.098000 
0.099600 
0.100600 
0.101000 
0.103900 
0.104300 
0.104400 
0.104700 
0.105800 
0.107600 
0.107700 
0.110300 
0.111300 
0.111500 
0.112000 
0.114200 
0.115700 
0.116400 
0.119700 
0.120400 
0.122100 
0.123400 
0.123500 
0.124900 
0.127400 
0.129400 
0.129400 
0.130400 
0.131300 
0.135600 
0.135800 
0.136100 
0.136400 
0.141200 
0.142200 
0.143100 
0.143800 
0.147400 
0.148600 
0.150000 
0.150700 
0.153100 
0.154200 
0.156000 
0.165100 
0.165300 
0.166900 
0.167100 
0.168500 
0.168700 
0.170100 
0.171500 
0.172600 
0.173600 
0.175100 
0.177600 
0.178700 
0.179300 
0.180200 
0.184100 
0.185100 
0.185400 
0.185600 
0.186500 
0.187000 
0.187000 
0.187800 
0.187900 
0.189000 
0.190600 
0.191900 
0.193600 
0.194200 
0.195000 
0.195400 
0.195500 
0.196300 
0.196900 
0.196900 
0.197300 
0.200100 
0.201300 
0.202100 
0.204100 
0.204500 
0.206000 
0.206900 
0.207300 
0.208000 
0.208100 
0.209500 
0.209700 
0.210000 
0.211400 
0.211800 
0.212800 
0.214200 
0.215900 
0.217100 
0.217800 
0.219800 
0.223900 
0.226900 
0.227900 
0.227900 
0.228200 
0.228800 
0.231500 
0.232200 
0.232300 
0.233800 
0.235700 
0.236000 
0.236500 
0.236900 
0.238100 
0.240700 
0.242600 
0.243100 
0.243700 
0.247800 
0.248600 
0.249100 
0.251100 
0.251300 
0.252300 
0.255700 
0.256000 
0.256300 
0.256500 
0.256600 
0.258300 
0.258800 
0.259500 
0.259500 
0.259700 
0.261700 
0.262200 
0.265400 
0.266100 
0.266600 
0.267200 
0.270800 
0.270800 
0.271900 
0.271900 
0.273200 
0.273500 
0.276400 
0.277600 
0.278800 
0.279800 
0.281600 
0.282300 
0.285100 
0.291400 
0.293800 
0.294500 
0.294900 
0.295400 
0.296200 
0.301400 
0.303200 
0.303400 
0.303500 
0.304800 
0.304900 
0.305300 
0.307300 
0.308000 
0.308300 
0.309300 
0.309300 
0.311700 
0.311800 
0.313500 
0.316000 
0.316200 
0.316800 
0.316900 
0.320600 
0.320700 
0.321200 
0.323400 
0.324600 
0.325300 
0.327600 
0.327900 
0.332200 
0.332700 
0.337500 
0.340700 
0.343600 
0.344400 
0.344800 
0.344900 
0.347200 
0.349100 
0.352400 
0.352500 
0.357800 
0.359700 
0.360600 
0.362500 
0.363700 
0.364200 
0.364800 
0.366100 
0.371000 
0.372400 
0.372700 
0.372900 
0.373600 
0.374300 
0.374900 
0.375300 
0.375700 
0.375900 
0.376200 
0.376500 
0.376600 
0.377400 
0.377400 
0.378000 
0.378700 
0.379400 
0.380300 
0.381400 
0.382800 
0.384500 
0.385100 
0.385200 
0.386600 
0.388700 
0.390700 
0.391700 
0.391700 
0.394900 
0.395200 
0.395900 
0.398100 
0.398200 
0.401600 
0.403200 
0.405300 
0.406900 
0.407400 
0.407900 
0.408500 
0.409700 
0.410100 
0.410200 
0.410500 
0.410700 
0.410900 
0.414000 
0.415200 
0.416700 
0.419300 
0.420200 
0.421800 
0.423200 
0.423900 
0.428300 
0.429000 
0.429300 
0.430100 
0.430500 
0.431100 
0.431200 
0.431400 
0.431700 
0.433200 
0.433300 
0.433600 
0.434900 
0.437400 
0.438100 
0.438200 
0.438300 
0.440200 
0.441900 
0.442200 
0.443400 
0.443500 
0.443500 
0.443800 
0.446000 
0.446300 
0.448500 
0.448800 
0.449600 
0.450700 
0.452700 
0.457000 
0.457900 
0.459900 
0.460700 
0.460900 
0.461600 
0.464500 
0.464500 
0.466500 
0.468400 
0.468900 
0.470500 
0.470700 
0.471100 
0.472000 
0.472600 
0.476200 
0.477200 
0.481900 
0.483000 
0.483400 
0.484200 
0.485600 
0.485800 
0.486700 
0.486700 
0.487000 
0.487100 
0.489200 
0.490900 
0.493400 
0.494300 
0.495100 
0.496500 
0.497600 
0.497700 
0.497900 
0.498500 
0.501100 
0.501600 
0.502000 
0.502600 
0.505200 
0.505400 
0.505500 
0.505700 
0.506400 
0.507800 
0.508300 
0.510100 
0.510600 
0.510600 
0.511300 
0.511900 
0.511900 
0.513100 
0.515400 
0.517300 
0.517900 
0.521200 
0.523600 
0.524000 
0.527000 
0.527400 
0.527500 
0.527500 
0.530800 
0.531000 
0.531600 
0.532800 
0.533300 
0.534900 
0.536100 
0.537100 
0.537300 
0.541000 
0.542400 
0.543000 
0.543600 
0.544300 
0.549100 
0.551600 
0.551600 
0.551800 
0.552300 
0.553000 
0.553200 
0.553700 
0.554600 
0.554900 
0.557400 
0.557700 
0.558400 
0.559100 
0.559400 
0.559600 
0.561100 
0.561300 
0.561300 
0.562100 
0.562700 
0.562900 
0.564100 
0.565800 
0.566500 
0.567900 
0.568100 
0.570500 
0.572300 
0.572300 
0.573400 
0.574200 
0.577100 
0.577300 
0.577700 
0.578100 
0.579100 
0.581000 
0.581800 
0.583000 
0.585300 
0.587800 
0.588300 
0.591500 
0.592400 
0.592600 
0.592700 
0.593600 
0.595500 
0.596500 
0.596800 
0.596900 
0.597200 
0.597500 
0.597900 
0.598900 
0.600400 
0.601800 
0.602100 
0.602100 
0.602200 
0.604400 
0.606700 
0.608000 
0.608600 
0.610200 
0.612400 
0.612600 
0.615500 
0.618100 
0.618500 
0.619100 
0.619100 
0.619200 
0.619400 
0.620200 
0.625400 
0.627000 
0.627200 
0.628500 
0.628500 
0.630200 
0.630600 
0.631700 
0.634300 
0.634800 
0.636000 
0.636600 
0.636700 
0.639300 
0.639300 
0.640800 
0.647000 
0.649100 
0.651500 
0.651600 
0.652600 
0.654200 
0.654300 
0.654600 
0.655100 
0.655200 
0.655400 
0.655400 
0.656300 
0.656400 
0.656900 
0.658000 
0.658100 
0.658300 
0.660400 
0.662600 
0.662700 
0.662800 
0.663400 
0.663800 
0.664200 
0.664800 
0.664900 
0.665600 
0.666100 
0.667200 
0.667300 
0.668900 
0.669300 
0.669600 
0.669700 
0.669800 
0.669800 
0.670400 
0.670500 
0.672000 
0.673600 
0.675500 
0.675800 
0.676300 
0.679300 
0.680700 
0.682900 
0.683200 
0.684300 
0.684400 
0.687200 
0.688600 
0.689100 
0.689100 
0.690500 
0.691500 
0.692300 
0.692900 
0.693800 
0.697400 
0.700300 
0.700400 
0.700400 
0.701000 
0.703600 
0.704500 
0.706700 
0.708500 
0.708600 
0.709100 
0.709300 
0.710000 
0.710100 
0.711600 
0.711700 
0.712100 
0.712900 
0.715200 
0.718400 
0.718500 
0.719100 
0.721300 
0.722400 
0.726400 
0.727400 
0.728400 
0.730300 
0.730500 
0.732300 
0.732500 
0.733400 
0.735000 
0.735800 
0.735800 
0.737100 
0.740100 
0.742100 
0.743200 
0.745000 
0.745700 
0.745900 
0.746500 
0.748200 
0.749800 
0.750500 
0.752400 
0.756400 
0.756600 
0.758100 
0.758800 
0.760500 
0.763900 
0.764100 
0.764500 
0.766100 
0.766300 
0.767400 
0.771100 
0.771700 
0.775700 
0.775900 
0.778600 
0.780700 
0.782200 
0.782500 
0.783700 
0.787000 
0.787300 
0.790700 
0.791100 
0.793600 
0.795200 
0.795700 
0.795900 
0.796300 
0.796500 
0.796600 
0.797100 
0.797200 
0.797500 
0.797600 
0.802500 
0.805100 
0.805200 
0.805500 
0.807400 
0.807500 
0.808600 
0.809500 
0.816500 
0.819800 
0.820000 
0.820800 
0.822400 
0.822500 
0.822900 
0.823800 
0.824600 
0.828100 
0.830500 
0.831100 
0.834300 
0.834700 
0.835300 
0.836300 
0.836800 
0.837100 
0.838900 
0.840000 
0.840800 
0.842800 
0.842900 
0.846600 
0.846900 
0.847900 
0.848000 
0.848700 
0.848800 
0.849300 
0.850900 
0.851800 
0.852700 
0.852800 
0.853000 
0.856900 
0.857600 
0.858100 
0.858300 
0.859600 
0.859900 
0.860500 
0.861000 
0.861200 
0.863000 
0.863300 
0.864700 
0.864800 
0.865400 
0.868000 
0.868300 
0.869900 
0.870000 
0.870500 
0.872600 
0.872800 
0.873200 
0.879600 
0.882700 
0.883000 
0.883400 
0.884700 
0.885000 
0.885200 
0.886000 
0.886600 
0.888900 
0.889100 
0.889300 
0.889700 
0.893700 
0.894800 
0.896800 
0.898100 
0.898300 
0.901100 
0.901300 
0.901900 
0.902100 
0.904600 
0.905100 
0.905100 
0.906700 
0.907100 
0.907200 
0.907300 
0.909600 
0.910300 
0.911000 
0.914800 
0.915100 
0.917000 
0.917300 
0.918500 
0.919600 
0.920200 
0.920800 
0.921400 
0.921400 
0.921700 
0.922700 
0.924400 
0.925300 
0.925600 
0.926400 
0.928000 
0.928200 
0.929400 
0.931200 
0.933500 
0.937300 
0.938700 
0.939400 
0.940100 
0.941600 
0.941600 
0.942000 
0.942000 
0.944600 
0.945600 
0.947100 
0.949300 
0.949500 
0.950500 
0.953700 
0.954700 
0.955600 
0.956800 
0.957900 
0.961500 
0.961500 
0.962500 
0.963200 
0.963500 
0.965500 
0.967000 
0.967100 
0.968600 
0.969000 
0.971000 
0.971000 
0.972800 
0.973100 
0.974300 
0.974900 
0.975000 
0.975400 
0.975400 
0.976300 
0.979000 
0.982400 
0.982500 
0.982500 
0.982900 
0.983000 
0.986100 
0.986400 
0.986800 
0.987700 
0.992800 
0.993200 
0.995100 
0.995700 
0.996500 
0.997100 
0.997200 
0.998100 
1.001200 
1.001500 
1.002300 
1.003300 
1.004700 
1.007700 
1.008100 
1.009400 
1.010600 
1.011100 
1.012600 
1.013000 
1.014900 
1.015800 
1.017500 
1.019100 
1.023700 
1.024900 
1.027600 
1.028200 
1.028700 
1.029900 
1.030300 
1.038500 
1.040000 
1.043100 
1.043100 
1.043800 
1.044500 
1.044900 
1.045200 
1.045800 
1.046100 
1.047600 
1.047600 
1.050400 
1.051700 
1.052300 
1.052500 
1.053400 
1.056000 
1.056200 
1.056200 
1.057500 
1.058800 
1.059100 
1.059600 
1.060000 
1.062000 
1.062500 
1.062500 
1.062800 
1.063700 
1.064300 
1.064700 
1.066100 
1.066800 
1.068100 
1.069400 
1.072400 
1.073500 
1.079700 
1.080500 
1.080800 
1.081400 
1.081600 
1.083200 
1.084200 
1.085300 
1.091300 
1.091800 
1.091800 
1.092300 
1.093500 
1.095200 
1.097300 
1.097400 
1.098700 
1.099000 
1.100500 
1.100600 
1.102000 
1.102000 
1.104400 
1.104600 
1.104700 
1.105000 
1.107100 
1.107400 
1.107500 
1.108200 
1.110500 
1.113800 
1.114600 
1.114800 
1.117300 
1.117600 
1.117700 
1.119400 
1.119900 
1.120300 
1.120600 
1.121300 
1.121500 
1.121600 
1.121800 
1.122300 
1.122600 
1.122900 
1.123700 
1.125900 
1.126500 
1.127100 
1.128200 
1.130000 
1.131900 
1.132800 
1.134300 
1.134500 
1.143200 
1.143600 
1.143700 
1.144500 
1.144700 
1.145400 
1.147300 
1.147500 
1.148700 
1.151200 
1.153000 
1.159000 
1.160300 
1.161100 
1.162900 
1.166400 
1.166600 
1.167200 
1.167700 
1.168700 
1.169100 
1.171000 
1.171100 
1.173400 
1.173600 
1.174000 
1.174500 
1.176000 
1.177900 
1.178300 
1.179800 
1.181000 
1.181000 
1.181300 
1.181900 
1.182100 
1.183100 
1.183300 
1.184500 
1.184600 
1.185300 
1.187300 
1.188000 
1.188900 
1.190100 
1.190700 
1.196900 
1.199400 
1.201700 
1.202300 
1.202600 
1.205100 
1.207000 
1.207400 
1.209700 
1.210100 
1.211900 
1.212500 
1.213000 
1.214600 
1.214700 
1.217000 
1.217400 
1.220600 
1.221000 
1.221100 
1.223400 
1.225000 
1.229700 
1.231000 
1.233700 
1.238400 
1.238700 
1.243500 
1.244900 
1.245700 
1.253400 
1.253900 
1.254300 
1.256000 
1.256500 
1.258000 
1.258500 
1.260500 
1.262400 
1.263200 
1.263800 
1.265400 
1.266000 
1.266800 
1.267200 
1.267500 
1.268000 
1.269600 
1.270900 
1.273800 
1.273900 
1.275800 
1.276400 
1.276800 
1.280300 
1.280400 
1.281600 
1.281900 
1.282400 
1.283200 
1.285300 
1.288800 
1.289500 
1.291100 
1.292800 
1.292900 
1.293600 
1.293600 
1.295400 
1.295400 
1.295700 
1.296300 
1.296500 
1.296600 
1.297300 
1.297700 
1.297900 
1.300800 
1.301000 
1.301100 
1.302400 
1.304000 
1.306600 
1.310100 
1.310900 
1.312200 
1.313600 
1.313700 
1.315500 
1.316400 
1.316700 
1.318200 
1.318900 
1.320100 
1.321200 
1.321300 
1.322900 
1.324600 
1.324800 
1.325400 
1.325800 
1.326700 
1.328900 
1.329300 
1.331200 
1.334900 
1.335300 
1.335800 
1.336200 
1.338600 
1.339000 
1.340300 
1.340600 
1.342200 
1.348400 
1.348800 
1.349200 
1.349400 
1.349700 
1.349700 
1.350100 
1.350200 
1.350300 
1.350600 
1.351700 
1.352400 
1.352900 
1.353000 
1.353700 
1.357700 
1.358100 
1.358300 
1.358800 
1.359600 
1.362500 
1.363100 
1.363400 
1.366400 
1.367200 
1.367400 
1.367900 
1.368100 
1.369300 
1.369400 
1.371300 
1.371500 
1.373200 
1.373500 
1.374200 
1.374600 
1.376100 
1.376500 
1.377300 
1.378800 
1.380200 
1.381100 
1.381200 
1.382600 
1.382700 
1.383900 
1.384400 
1.384500 
1.384900 
1.385500 
1.387600 
1.388800 
1.389000 
1.391300 
1.392600 
1.395100 
1.395500 
1.396300 
1.397100 
1.397900 
1.398600 
1.399300 
1.399600 
1.401200 
1.402500 
1.403700 
1.404300 
1.404400 
1.404700 
1.405600 
1.411200 
1.411800 
1.412600 
1.414400 
1.416400 
1.416700 
1.418600 
1.420300 
1.420600 
1.420800 
1.421200 
1.422400 
1.424300 
1.426100 
1.427000 
1.427700 
1.429200 
1.429600 
1.433800 
1.433900 
1.434400 
1.436300 
1.437900 
1.438100 
1.438100 
1.438500 
1.438900 
1.440400 
1.440900 
1.441600 
1.442900 
1.446100 
1.446800 
1.447000 
1.447000 
1.447100 
1.449900 
1.450300 
1.450800 
1.460300 
1.461200 
1.462200 
1.462800 
1.463300 
1.464000 
1.464800 
1.465100 
1.466400 
1.467300 
1.467600 
1.467800 
1.468500 
1.468700 
1.474300 
1.475200 
1.476400 
1.479600 
1.480200 
1.481400 
1.482400 
1.483900 
1.484800 
1.485500 
1.485500 
1.486700 
1.486900 
1.488400 
1.489300 
1.489400 
1.489900 
1.491600 
1.492100 
1.494800 
1.494900 
1.495100 
1.496300 
1.497400 
1.498500 
1.499800 
1.502100 
1.502900 
1.503800 
1.504700 
1.506700 
1.506900 
1.507400 
1.508600 
1.508900 
1.508900 
1.509000 
1.510200 
1.510500 
1.510600 
1.511600 
1.511600 
1.511700 
1.512000 
1.513000 
1.513800 
1.514300 
1.514300 
1.514400 
1.514400 
1.515300 
1.516400 
1.516800 
1.518200 
1.518300 
1.519100 
1.519600 
1.521400 
1.521800 
1.522300 
1.524900 
1.525200 
1.529700 
1.531500 
1.533900 
1.534200 
1.534800 
1.535200 
1.536500 
1.537300 
1.537500 
1.539500 
1.540200 
1.540500 
1.540500 
1.540800 
1.541100 
1.542000 
1.542300 
1.545200 
1.545500 
1.546100 
1.547300 
1.547900 
1.551400 
1.553500 
1.560500 
1.560900 
1.561100 
1.562100 
1.562600 
1.562700 
1.564400 
1.565300 
1.566400 
1.567900 
1.567900 
1.568700 
1.568800 
1.569900 
1.572300 
1.574000 
1.574200 
1.574400 
1.574700 
1.576300 
1.576800 
1.577000 
1.578600 
1.580700 
1.581400 
1.581700 
1.583100 
1.583300 
1.583900 
1.584200 
1.585000 
1.586400 
1.590200 
1.590500 
1.591600 
1.591700 
1.593900 
1.595900 
1.599300 
1.600200 
1.600700 
1.601200 
1.604000 
1.604800 
1.604900 
1.605900 
1.606500 
1.607700 
1.608100 
1.610500 
1.610600 
1.610600 
1.612300 
1.612300 
1.615200 
1.615200 
1.615300 
1.615600 
1.616600 
1.618800 
1.620200 
1.620400 
1.620600 
1.622800 
1.623100 
1.623100 
1.627900 
1.628500 
1.630800 
1.631100 
1.631800 
1.632500 
1.633100 
1.633900 
1.634700 
1.635900 
1.637100 
1.637100 
1.637600 
1.639000 
1.643400 
1.644800 
1.645300 
1.648700 
1.650300 
1.651200 
1.652800 
1.653000 
1.653900 
1.658200 
1.659700 
1.659900 
1.661400 
1.662200 
1.664900 
1.665600 
1.665700 
1.668500 
1.671100 
1.671200 
1.673800 
1.674700 
1.675500 
1.675900 
1.676100 
1.676400 
1.677600 
1.678300 
1.678400 
1.678500 
1.678900 
1.679100 
1.679300 
1.679800 
1.685500 
1.686100 
1.686200 
1.690300 
1.690700 
1.690800 
1.691000 
1.691600 
1.693600 
1.695200 
1.696100 
1.697300 
1.698800 
1.700200 
1.700700 
1.702300 
1.704200 
1.706100 
1.708700 
1.711300 
1.712500 
1.713700 
1.715400 
1.717100 
1.717300 
1.720100 
1.721500 
1.724900 
1.726600 
1.726600 
1.726900 
1.728100 
1.728500 
1.729200 
1.730800 
1.732900 
1.733200 
1.734100 
1.735500 
1.736300 
1.738800 
1.741400 
1.742700 
1.742700 
1.742900 
1.745400 
1.745600 
1.749300 
1.749500 
1.750500 
1.752100 
1.752400 
1.758500 
1.758600 
1.760500 
1.762300 
1.764700 
1.766000 
1.766200 
1.769900 
1.770400 
1.771700 
1.772200 
1.772500 
1.773100 
1.775600 
1.775800 
1.776000 
1.776300 
1.780400 
1.781000 
1.785100 
1.787100 
1.787800 
1.788700 
1.790200 
1.792600 
1.795800 
1.796000 
1.797100 
1.798600 
1.799100 
1.799800 
1.800500 
1.800600 
1.801300 
1.801600 
1.802400 
1.805800 
1.808400 
1.809500 
1.809800 
1.811100 
1.811700 
1.811700 
1.812800 
1.814000 
1.814300 
1.815500 
1.815700 
1.816700 
1.816900 
1.818400 
1.819300 
1.821800 
1.823500 
1.824300 
1.825100 
1.825600 
1.826300 
1.826600 
1.826600 
1.827500 
1.830600 
1.831300 
1.831300 
1.831700 
1.832200 
1.834700 
1.836100 
1.837600 
1.837900 
1.838200 
1.839200 
1.839500 
1.840900 
1.840900 
1.844300 
1.847000 
1.847200 
1.847700 
1.848200 
1.849000 
1.849000 
1.852000 
1.855100 
1.858700 
1.859400 
1.861100 
1.862800 
1.863000 
1.863400 
1.863600 
1.864500 
1.867300 
1.867800 
1.868000 
1.868700 
1.870200 
1.870200 
1.871900 
1.872700 
1.872800 
1.872900 
1.872900 
1.874200 
1.875100 
1.875100 
1.876300 
1.876800 
1.877300 
1.878100 
1.879300 
1.880400 
1.881800 
1.882700 
1.882900 
1.883100 
1.884500 
1.885600 
1.887400 
1.887600 
1.887900 
1.888000 
1.889200 
1.889500 
1.890900 
1.895500 
1.895600 
1.897100 
1.899400 
1.900600 
1.901900 
1.902400 
1.902800 
1.903100 
1.903300 
1.904500 
1.906200 
1.906800 
1.907500 
1.911500 
1.914000 
1.915100 
1.917000 
1.917300 
1.920200 
1.922000 
1.923300 
1.928900 
1.930400 
1.930500 
1.931200 
1.931600 
1.934300 
1.934800 
1.935200 
1.937000 
1.943100 
1.944100 
1.948500 
1.949600 
1.949900 
1.950100 
1.950800 
1.951600 
1.953400 
1.953900 
1.957300 
1.957500 
1.957800 
1.957800 
1.960300 
1.960600 
1.961400 
1.962100 
1.962400 
1.963200 
1.963600 
1.963700 
1.967000 
1.969000 
1.969000 
1.969200 
1.970900 
1.972300 
1.974800 
1.975500 
1.975500 
1.975500 
1.976100 
1.977300 
1.977800 
1.977900 
1.982000 
1.982100 
1.982400 
1.982500 
1.986800 
1.987200 
1.987300 
1.987800 
1.988100 
1.988300 
1.988600 
1.990700 
1.992900 
1.994400 
1.995300 
1.996800 
1.997900 
1.999200 
1.999600 
1.999900 
2.000500 
2.001700 
2.002900 
2.003300 
2.005000 
2.005300 
2.005500 
2.007000 
2.007800 
2.011800 
2.012500 
2.012700 
2.014800 
2.014900 
2.018400 
2.022000 
2.022500 
2.022600 
2.026500 
2.027300 
2.029500 
2.031000 
2.032100 
2.033100 
2.034000 
2.034000 
2.034300 
2.036500 
2.036600 
2.037300 
2.037500 
2.038100 
2.040300 
2.040900 
2.041300 
2.041600 
2.044200 
2.044300 
2.046400 
2.050500 
2.050700 
2.051300 
2.053400 
2.053700 
2.054900 
2.055800 
2.057800 
2.058900 
2.059000 
2.059300 
2.059900 
2.060300 
2.060700 
2.061000 
2.061600 
2.061900 
2.062000 
2.062200 
2.062500 
2.063200 
2.063300 
2.065100 
2.066800 
2.067300 
2.067500 
2.068600 
2.070100 
2.070300 
2.071600 
2.071600 
2.071700 
2.072400 
2.075400 
2.076200 
2.077000 
2.077100 
2.077500 
2.081500 
2.082000 
2.082200 
2.082700 
2.082900 
2.086800 
2.087200 
2.090000 
2.093200 
2.095800 
2.098600 
2.100200 
2.100800 
2.101100 
2.102500 
2.103300 
2.103400 
2.109100 
2.111800 
2.113100 
2.114000 
2.114000 
2.114500 
2.116500 
2.121900 
2.123100 
2.123500 
2.123900 
2.125500 
2.127900 
2.128500 
2.129500 
2.129700 
2.130000 
2.130400 
2.132800 
2.133100 
2.133100 
2.133600 
2.134700 
2.135000 
2.135000 
2.136000 
2.136600 
2.137200 
2.140100 
2.141500 
2.142300 
2.143900 
2.145000 
2.145600 
2.146300 
2.148700 
2.149200 
2.149900 
2.150400 
2.151600 
2.152700 
2.154700 
2.154900 
2.155600 
2.156000 
2.157700 
2.159500 
2.159600 
2.161700 
2.162300 
2.164700 
2.166000 
2.167100 
2.170200 
2.171200 
2.172100 
2.173900 
2.175000 
2.175800 
2.175800 
2.176800 
2.178700 
2.180900 
2.182400 
2.182700 
2.183000 
2.183100 
2.183800 
2.185500 
2.185800 
2.186100 
2.186600 
2.187600 
2.187900 
2.188000 
2.189100 
2.190000 
2.192900 
2.197100 
2.198000 
2.198500 
2.198500 
2.198900 
2.199500 
2.199700 
2.199900 
2.200500 
2.200600 
2.200900 
2.201100 
2.201300 
2.206600 
2.207100 
2.207500 
2.209100 
2.209400 
2.209700 
2.209900 
2.210000 
2.210100 
2.211100 
2.212500 
2.213600 
2.218000 
2.220600 
2.224600 
2.224800 
2.230500 
2.231200 
2.233100 
2.233500 
2.238500 
2.239300 
2.242000 
2.245100 
2.245300 
2.246900 
2.248200 
2.248600 
2.250600 
2.250700 
2.251700 
2.252500 
2.252800 
2.253600 
2.253800 
2.254100 
2.255200 
2.255700 
2.256400 
2.256800 
2.257200 
2.257500 
2.258800 
2.259000 
2.259500 
2.260100 
2.261600 
2.267400 
2.268200 
2.268900 
2.269400 
2.269800 
2.271500 
2.271700 
2.271900 
2.272600 
2.273000 
2.274000 
2.275300 
2.275600 
2.276400 
2.279000 
2.279900 
2.280600 
2.280900 
2.282300 
2.283700 
2.285800 
2.290600 
2.292300 
2.293000 
2.293400 
2.295400 
2.296200 
2.297400 
2.298000 
2.300800 
2.301800 
2.306500 
2.306500 
2.306700 
2.307100 
2.307700 
2.308200 
2.308900 
2.309100 
2.310900 
2.311100 
2.314700 
2.315000 
2.316400 
2.317900 
2.318200 
2.318300 
2.318400 
2.319500 
2.320400 
2.321700 
2.321900 
2.322500 
2.324500 
2.325700 
2.326300 
2.327000 
2.329400 
2.330300 
2.331900 
2.332600 
2.332900 
2.333200 
2.333600 
2.334100 
2.336600 
2.338000 
2.338800 
2.340600 
2.341300 
2.341800 
2.342700 
2.343200 
2.343700 
2.344000 
2.344700 
2.346400 
2.348100 
2.348500 
2.349100 
2.349300 
2.350400 
2.351400 
2.352600 
2.352700 
2.353800 
2.354200 
2.355400 
2.356900 
2.360700 
2.361900 
2.362400 
2.363100 
2.363500 
2.367700 
2.367900 
2.368800 
2.369000 
2.369100 
2.369200 
2.371400 
2.371500 
2.372400 
2.373600 
2.374300 
2.375000 
2.375700 
2.376000 
2.377200 
2.379400 
2.380500 
2.380700 
2.381400 
2.387100 
2.390800 
2.392600 
2.396800 
2.397400 
2.398000 
2.399700 
2.399900 
2.400700 
2.400900 
2.401100 
2.403300 
2.403300 
2.403600 
2.404000 
2.404100 
2.407500 
2.407500 
2.409800 
2.413000 
2.413000 
2.413000 
2.418200 
2.419000 
2.421000 
2.423300 
2.423900 
2.424700 
2.424800 
2.425300 
2.425700 
2.426400 
2.429300 
2.432400 
2.433000 
2.433300 
2.434100 
2.435500 
2.436700 
2.438500 
2.439400 
2.440900 
2.440900 
2.441000 
2.446900 
2.447000 
2.448000 
2.449800 
2.450300 
2.450800 
2.452900 
2.453000 
2.456000 
2.456400 
2.456400 
2.456900 
2.458200 
2.460300 
2.461700 
2.466700 
2.469300 
2.471600 
2.471800 
2.472200 
2.472500 
2.474300 
2.474500 
2.475600 
2.476000 
2.476800 
2.478200 
2.479200 
2.485000 
2.485700 
2.487500 
2.487500 
2.487800 
2.488500 
2.490100 
2.490700 
2.490900 
2.491900 
2.493700 
2.494200 
2.495100 
2.498700 
2.498700 
2.499600 
2.499800 
2.500700 
2.500700 
2.501400 
2.501700 
2.502600 
2.502700 
2.503000 
2.503400 
2.503700 
2.504000 
2.504100 
2.505100 
2.506000 
2.506300 
2.507000 
2.509700 
2.511000 
2.514700 
2.514800 
2.514900 
2.515100 
2.515200 
2.515200 
2.515600 
2.515800 
2.516300 
2.516400 
2.517100 
2.519100 
2.524200 
2.524700 
2.525300 
2.529300 
2.529400 
2.532400 
2.533600 
2.536800 
2.537000 
2.537200 
2.540500 
2.543000 
2.544000 
2.544500 
2.544600 
2.544900 
2.545500 
2.545900 
2.547300 
2.547300 
2.548000 
2.549000 
2.549600 
2.550700 
2.550700 
2.554200 
2.554700 
2.555300 
2.555700 
2.557300 
2.560500 
2.562000 
2.562200 
2.562800 
2.563100 
2.564000 
2.564300 
2.564400 
2.566800 
2.566800 
2.567000 
2.567300 
2.568300 
2.568300 
2.569800 
2.571900 
2.571900 
2.578500 
2.579700 
2.581200 
2.582500 
2.583200 
2.583500 
2.586000 
2.586700 
2.587900 
2.588600 
2.589100 
2.591800 
2.593300 
2.593600 
2.597500 
2.598400 
2.598500 
2.602000 
2.605400 
2.606100 
2.607800 
2.608100 
2.611400 
2.611600 
2.612100 
2.614700 
2.615000 
2.615300 
2.616400 
2.616800 
2.616800 
2.622000 
2.622900 
2.624300 
2.625900 
2.628000 
2.628100 
2.628700 
2.630800 
2.631000 
2.632200 
2.632400 
2.633500 
2.634500 
2.635300 
2.636700 
2.637200 
2.637500 
2.637700 
2.637700 
2.638400 
2.638700 
2.639700 
2.639800 
2.642800 
2.644300 
2.644600 
2.644600 
2.645200 
2.647200 
2.647300 
2.649000 
2.650100 
2.650200 
2.650300 
2.651100 
2.653700 
2.654200 
2.655300 
2.656800 
2.657300 
2.657900 
2.658600 
2.663300 
2.663400 
2.666000 
2.666600 
2.668200 
2.668800 
2.672600 
2.672900 
2.673000 
2.674000 
2.675100 
2.677300 
2.677600 
2.677700 
2.679000 
2.679000 
2.679200 
2.679800 
2.680600 
2.681600 
2.682200 
2.682800 
2.683500 
2.683600 
2.684100 
2.684500 
2.687100 
2.687800 
2.689300 
2.690200 
2.690900 
2.692300 
2.693100 
2.693700 
2.693900 
2.694800 
2.695600 
2.695800 
2.696300 
2.696900 
2.697300 
2.698200 
2.699200 
2.699700 
2.700100 
2.701800 
2.701900 
2.702700 
2.703300 
2.703500 
2.706600 
2.706700 
2.707100 
2.707300 
2.707800 
2.711600 
2.711800 
2.712500 
2.713300 
2.714600 
2.715100 
2.720900 
2.721100 
2.721300 
2.723200 
2.723800 
2.725800 
2.725900 
2.726300 
2.726400 
2.727500 
2.727700 
2.727700 
2.729300 
2.729300 
2.729700 
2.732800 
2.736900 
2.737700 
2.737900 
2.738000 
2.738600 
2.739500 
2.739700 
2.740200 
2.740800 
2.740900 
2.751800 
2.752300 
2.754700 
2.755000 
2.757100 
2.757800 
2.758000 
2.758700 
2.760000 
2.760300 
2.760600 
2.762200 
2.762900 
2.763600 
2.764000 
2.764100 
2.764800 
2.766500 
2.769700 
2.770000 
2.770600 
2.771600 
2.772200 
2.772800 
2.775200 
2.775400 
2.776300 
2.778900 
2.779700 
2.781000 
2.781400 
2.782100 
2.782400 
2.782900 
2.783600 
2.784000 
2.784400 
2.784700 
2.785400 
2.787200 
2.789500 
2.789900 
2.790100 
2.790100 
2.791300 
2.792000 
2.792300 
2.794000 
2.794100 
2.794900 
2.795500 
2.797300 
2.798700 
2.799300 
2.803400 
2.806300 
2.807200 
2.808300 
2.811000 
2.813500 
2.813800 
2.815600 
2.817000 
2.817000 
2.817500 
2.818200 
2.819400 
2.820100 
2.820600 
2.820900 
2.821600 
2.822100 
2.823800 
2.824200 
2.825800 
2.829200 
2.829800 
2.829900 
2.830300 
2.831400 
2.833800 
2.834300 
2.835100 
2.836300 
2.836700 
2.837200 
2.837300 
2.840700 
2.842800 
2.844600 
2.844700 
2.845900 
2.847300 
2.847300 
2.848200 
2.849600 
2.851100 
2.856200 
2.857100 
2.859600 
2.862300 
2.862400 
2.863100 
2.863300 
2.864900 
2.866100 
2.868500 
2.869700 
2.870500 
2.870700 
2.871800 
2.872700 
2.873000 
2.873100 
2.874300 
2.874500 
2.875100 
2.875900 
2.876100 
2.876700 
2.877300 
2.878800 
2.879600 
2.880600 
2.885700 
2.886100 
2.887300 
2.888700 
2.891300 
2.893600 
2.895000 
2.896300 
2.896400 
2.896400 
2.898800 
2.899400 
2.900400 
2.901200 
2.902100 
2.905300 
2.905700 
2.907600 
2.911000 
2.911300 
2.911500 
2.912300 
2.914200 
2.914400 
2.914500 
2.915200 
2.918200 
2.918500 
2.919900 
2.920200 
2.921200 
2.922000 
2.925300 
2.927200 
2.927400 
2.931000 
2.932500 
2.933000 
2.934100 
2.935000 
2.935100 
2.938200 
2.938300 
2.938400 
2.938900 
2.939000 
2.939700 
2.940400 
2.945000 
2.946600 
2.947900 
2.948300 
2.950500 
2.952800 
2.953200 
2.953900 
2.953900 
2.955600 
2.956800 
2.958100 
2.959100 
2.960200 
2.960900 
2.961100 
2.965400 
2.965700 
2.965800 
2.966800 
2.967900 
2.968100 
2.970800 
2.970900 
2.971300 
2.971400 
2.971400 
2.971400 
2.974100 
2.974700 
2.975900 
2.976300 
2.979800 
2.980900 
2.982600 
2.982800 
2.983500 
2.983700 
2.985500 
2.987900 
2.988400 
2.992000 
2.993800 
2.999000 
