28 
12 
32 
23 
21 
17 
24 
49 
0 
39 
19 
51 
10 
29 
38 
13 
37 
41 
40 
21 
44 
24 
10 
35 
37 
33 
17 
21 
2 
9 
32 
29 
2 
10 
31 
30 
17 
9 
41 
3 
29 
44 
14 
10 
26 
21 
8 
12 
25 
43 
32 
40 
44 
52 
20 
27 
35 
17 
41 
44 
6 
3 
26 
35 
24 
7 
38 
49 
23 
17 
16 
19 
26 
15 
2 
34 
10 
23 
48 
4 
12 
41 
39 
20 
37 
1 
19 
10 
4 
13 
46 
20 
30 
49 
39 
24 
11 
2 
29 
8 
1 
33 
37 
45 
46 
39 
29 
47 
4 
36 
30 
6 
23 
32 
2 
50 
45 
30 
24 
34 
4 
40 
1 
32 
47 
20 
29 
21 
33 
51 
41 
11 
34 
22 
49 
12 
36 
16 
33 
4 
33 
39 
11 
38 
46 
52 
44 
8 
36 
33 
35 
13 
2 
43 
23 
33 
32 
29 
7 
15 
26 
41 
36 
8 
17 
29 
23 
10 
13 
8 
21 
28 
48 
37 
3 
33 
13 
50 
47 
11 
40 
7 
15 
6 
24 
2 
39 
51 
36 
32 
49 
43 
19 
28 
36 
2 
27 
23 
18 
32 
40 
29 
4 
22 
8 
49 
32 
17 
6 
8 
3 
37 
29 
36 
4 
34 
51 
13 
31 
35 
44 
28 
10 
15 
43 
48 
35 
12 
33 
20 
41 
48 
17 
39 
16 
21 
41 
44 
32 
1 
50 
7 
28 
41 
30 
48 
10 
39 
36 
30 
43 
31 
40 
12 
8 
52 
40 
44 
34 
3 
31 
40 
27 
12 
19 
51 
7 
41 
32 
30 
2 
27 
11 
8 
46 
27 
10 
32 
52 
49 
50 
49 
26 
19 
2 
4 
46 
17 
8 
20 
16 
33 
46 
23 
41 
35 
7 
31 
43 
29 
40 
21 
41 
30 
15 
18 
23 
37 
31 
48 
13 
40 
22 
2 
26 
