9 
89 
5 
46 
90 
0 
79 
54 
56 
0 
24 
7 
78 
81 
54 
77 
7 
22 
12 
46 
92 
5 
75 
11 
41 
45 
7 
90 
0 
45 
14 
89 
47 
12 
11 
63 
77 
9 
8 
50 
2 
14 
49 
0 
78 
22 
89 
9 
1 
26 
75 
49 
46 
91 
79 
12 
45 
83 
0 
34 
62 
68 
86 
85 
75 
46 
0 
40 
24 
75 
90 
0 
47 
63 
7 
32 
11 
47 
3 
0 
50 
15 
77 
55 
46 
74 
9 
75 
0 
35 
46 
12 
75 
78 
36 
64 
11 
47 
46 
0 
66 
0 
89 
7 
90 
1 
9 
64 
0 
12 
16 
44 
30 
94 
89 
45 
0 
7 
69 
39 
14 
12 
78 
52 
0 
75 
14 
18 
40 
90 
7 
17 
0 
14 
37 
7 
56 
89 
0 
12 
17 
5 
11 
16 
47 
1 
73 
80 
40 
89 
32 
7 
54 
47 
75 
0 
5 
12 
77 
16 
24 
11 
46 
75 
12 
32 
7 
0 
11 
8 
78 
73 
9 
89 
14 
0 
51 
54 
75 
73 
46 
0 
89 
6 
83 
14 
89 
9 
95 
0 
63 
7 
12 
14 
54 
75 
11 
74 
20 
0 
45 
54 
65 
9 
14 
64 
5 
75 
12 
53 
54 
45 
11 
90 
75 
0 
7 
78 
65 
23 
58 
0 
43 
12 
90 
11 
54 
75 
52 
47 
0 
5 
7 
11 
54 
57 
9 
12 
0 
90 
78 
82 
0 
7 
13 
12 
81 
75 
0 
89 
90 
40 
14 
19 
18 
0 
66 
12 
78 
0 
8 
5 
86 
9 
70 
6 
75 
88 
33 
45 
0 
14 
5 
24 
12 
6 
14 
64 
89 
46 
25 
73 
14 
77 
1 
0 
12 
53 
58 
89 
73 
45 
90 
18 
37 
12 
65 
9 
55 
54 
89 
1 
16 
64 
75 
93 
78 
9 
62 
48 
8 
90 
0 
40 
47 
7 
73 
0 
78 
45 
14 
0 
75 
73 
9 
37 
45 
90 
7 
11 
54 
73 
56 
0 
45 
11 
60 
55 
50 
6 
75 
47 
48 
11 
90 
69 
68 
64 
41 
47 
89 
30 
25 
8 
10 
74 
11 
14 
54 
8 
78 
5 
47 
60 
0 
40 
51 
75 
54 
21 
7 
14 
90 
89 
0 
75 
11 
81 
46 
18 
66 
90 
75 
77 
45 
47 
78 
13 
81 
0 
90 
15 
54 
19 
81 
0 
16 
9 
45 
47 
54 
22 
0 
46 
78 
82 
64 
7 
9 
86 
73 
41 
75 
22 
58 
37 
71 
54 
78 
69 
1 
55 
63 
50 
14 
2 
9 
89 
85 
0 
75 
14 
33 
47 
49 
85 
12 
11 
89 
75 
1 
90 
48 
75 
0 
23 
78 
11 
7 
1 
89 
82 
75 
90 
85 
12 
22 
1 
78 
7 
90 
56 
0 
89 
49 
90 
8 
7 
95 
0 
30 
55 
54 
81 
78 
71 
40 
75 
7 
0 
46 
90 
5 
12 
0 
54 
49 
6 
73 
30 
89 
90 
13 
24 
0 
11 
28 
75 
0 
12 
41 
7 
82 
28 
90 
78 
80 
89 
0 
45 
11 
47 
78 
46 
75 
82 
41 
37 
0 
89 
7 
75 
11 
12 
78 
89 
3 
6 
73 
90 
11 
64 
14 
12 
89 
0 
76 
75 
28 
7 
66 
73 
9 
23 
42 
7 
2 
92 
0 
90 
54 
11 
81 
0 
55 
5 
60 
12 
16 
7 
89 
90 
77 
90 
11 
3 
22 
89 
75 
78 
30 
54 
90 
12 
75 
77 
65 
0 
7 
54 
86 
89 
0 
5 
75 
34 
90 
45 
11 
72 
64 
7 
0 
46 
87 
89 
74 
90 
45 
40 
53 
7 
75 
44 
78 
0 
54 
11 
79 
89 
66 
18 
63 
73 
0 
7 
89 
75 
22 
1 
12 
90 
0 
40 
7 
89 
54 
37 
12 
66 
5 
9 
45 
11 
0 
90 
9 
85 
11 
75 
81 
1 
0 
54 
40 
56 
89 
11 
77 
12 
75 
90 
88 
85 
8 
54 
12 
78 
0 
80 
66 
49 
0 
77 
66 
12 
90 
5 
40 
22 
46 
9 
7 
17 
89 
46 
9 
21 
77 
50 
90 
0 
89 
11 
50 
47 
58 
0 
55 
32 
78 
93 
64 
47 
46 
50 
11 
66 
19 
89 
78 
54 
0 
85 
24 
14 
17 
40 
0 
12 
46 
87 
42 
4 
11 
68 
78 
89 
9 
4 
77 
7 
78 
75 
22 
1 
0 
34 
64 
54 
75 
90 
0 
79 
11 
14 
51 
72 
25 
13 
64 
54 
90 
9 
7 
5 
52 
16 
37 
55 
12 
30 
64 
54 
11 
2 
41 
0 
14 
73 
78 
9 
49 
0 
54 
7 
11 
46 
3 
73 
79 
46 
12 
89 
48 
0 
75 
77 
82 
0 
33 
32 
7 
12 
54 
56 
78 
0 
89 
6 
49 
47 
37 
0 
7 
55 
12 
16 
32 
7 
14 
0 
11 
77 
1 
30 
12 
64 
66 
9 
78 
0 
89 
90 
12 
66 
54 
13 
22 
0 
58 
77 
9 
21 
11 
78 
55 
54 
7 
1 
37 
75 
89 
55 
53 
0 
37 
81 
9 
78 
31 
90 
47 
24 
0 
59 
90 
11 
47 
40 
1 
90 
71 
53 
78 
14 
64 
0 
89 
73 
66 
64 
78 
62 
0 
11 
89 
21 
32 
78 
54 
75 
14 
76 
31 
45 
78 
37 
9 
75 
81 
89 
40 
78 
11 
6 
89 
0 
75 
90 
7 
65 
54 
0 
12 
47 
75 
22 
14 
64 
8 
40 
7 
11 
25 
55 
90 
30 
5 
75 
31 
12 
11 
0 
89 
9 
73 
41 
90 
0 
87 
60 
66 
79 
75 
11 
