0.028000 
0.034500 
0.044300 
0.054200 
0.058000 
0.066700 
0.070600 
0.071300 
0.073100 
0.088200 
0.091900 
0.093900 
0.100800 
0.103500 
0.108000 
0.109400 
0.112000 
0.112400 
0.112400 
0.112500 
0.115300 
0.128900 
0.130100 
0.136000 
0.141300 
0.147100 
0.153000 
0.160100 
0.162600 
0.164100 
0.166400 
0.167400 
0.176500 
0.178800 
0.179500 
0.182400 
0.183300 
0.184700 
0.184900 
0.188000 
0.193500 
0.199500 
0.206900 
0.207600 
0.207600 
0.210300 
0.213800 
0.217000 
0.218100 
0.223900 
0.229900 
0.230600 
0.235800 
0.240800 
0.242500 
0.249600 
0.249700 
0.251600 
0.255000 
0.257200 
0.264000 
0.264600 
0.267800 
0.270400 
0.281100 
0.290700 
0.294500 
0.296100 
0.297900 
0.299000 
0.299100 
0.304400 
0.309800 
0.309900 
0.313200 
0.313600 
0.314700 
0.323400 
0.324200 
0.324200 
0.325200 
0.328600 
0.329200 
0.338200 
0.339100 
0.339300 
0.342500 
0.347500 
0.349200 
0.350000 
0.350100 
0.354400 
0.357600 
0.363300 
0.373000 
0.373800 
0.374700 
0.375200 
0.377500 
0.379000 
0.380100 
0.380500 
0.392300 
0.393200 
0.396100 
0.401500 
0.404700 
0.406200 
0.410000 
0.421100 
0.426100 
0.433500 
0.434200 
0.435900 
0.437900 
0.440800 
0.441800 
0.443300 
0.449400 
0.452900 
0.453700 
0.457800 
0.461800 
0.463800 
0.466300 
0.468200 
0.481600 
0.482000 
0.487600 
0.491900 
0.493700 
0.493800 
0.494800 
0.501000 
0.504300 
0.511100 
0.512600 
0.518000 
0.522800 
0.523100 
0.530300 
0.530600 
0.533800 
0.536400 
0.536500 
0.537000 
0.550900 
0.554000 
0.555100 
0.555400 
0.556900 
0.558100 
0.560200 
0.567600 
0.568900 
0.571000 
0.574100 
0.581000 
0.581800 
0.583300 
0.586600 
0.587300 
0.591600 
0.592100 
0.594900 
0.598600 
0.599300 
0.606300 
0.609800 
0.610000 
0.615400 
0.627300 
0.628500 
0.628600 
0.631300 
0.634900 
0.637000 
0.639700 
0.641700 
0.645300 
0.646600 
0.657300 
0.658500 
0.658600 
0.660400 
0.669200 
0.669600 
0.669600 
0.672000 
0.676600 
0.679600 
0.682200 
0.689700 
0.694600 
0.695100 
0.696600 
0.698700 
0.704600 
0.706400 
0.712300 
0.712700 
0.722200 
0.723000 
0.723500 
0.723500 
0.725500 
0.726600 
0.730400 
0.732000 
0.734800 
0.735200 
0.737900 
0.752900 
0.762200 
0.764500 
0.769400 
0.773200 
0.776500 
0.780400 
0.780900 
0.781800 
0.784200 
0.787400 
0.792800 
0.794900 
0.796800 
0.797000 
0.799900 
0.804500 
0.817700 
0.818200 
0.819400 
0.821100 
0.827700 
0.841000 
0.841800 
0.842400 
0.842800 
0.844400 
0.847300 
0.850500 
0.851500 
0.855400 
0.859000 
0.859200 
0.863800 
0.866900 
0.869500 
0.873100 
0.876400 
0.877500 
0.878200 
0.878300 
0.879200 
0.880800 
0.882400 
0.883900 
0.891000 
0.897000 
0.898000 
0.898400 
0.901900 
0.902900 
0.905000 
0.909500 
0.915200 
0.922400 
0.922500 
0.922900 
0.928800 
0.935700 
0.943000 
0.944500 
0.944800 
0.944900 
0.945900 
0.950600 
0.952800 
0.953700 
0.958300 
0.959600 
0.964200 
0.969500 
0.970500 
0.972200 
0.973400 
0.973600 
0.974700 
0.975400 
0.982500 
0.982800 
0.982900 
0.987200 
0.988300 
0.994000 
0.997400 
1.003000 
1.003800 
1.006500 
1.008000 
1.009400 
1.011600 
1.015400 
1.027800 
1.034300 
1.039300 
1.039900 
1.040700 
1.041900 
1.042800 
1.046900 
1.050200 
1.050900 
1.052700 
1.058700 
1.066600 
1.066800 
1.067100 
1.072000 
1.073700 
1.077000 
1.077900 
1.087700 
1.089500 
1.098200 
1.101100 
1.108900 
1.111600 
1.117800 
1.118300 
1.127000 
1.128700 
1.138200 
1.139700 
1.141900 
1.154900 
1.156900 
1.158400 
1.167400 
1.168700 
1.170500 
1.171300 
1.172000 
1.180100 
1.183100 
1.184500 
1.184800 
1.202000 
1.202600 
1.202700 
1.203500 
1.211100 
1.217200 
1.218800 
1.222300 
1.235900 
1.243900 
1.247500 
1.250600 
1.254300 
1.255300 
1.262200 
1.263100 
1.263500 
1.272000 
1.275400 
1.275400 
1.275600 
1.276600 
1.277400 
1.284200 
1.295800 
1.297200 
1.301600 
1.306300 
1.313200 
1.313300 
1.320600 
1.328100 
1.328200 
1.331300 
1.331400 
1.332300 
1.338700 
1.339400 
1.350300 
1.354900 
1.357300 
1.360700 
1.367200 
1.369000 
1.372400 
1.374400 
1.375300 
1.375600 
1.377800 
1.389600 
1.391000 
1.391500 
1.400000 
1.401000 
1.410400 
1.412400 
1.421400 
1.428300 
1.429700 
1.431300 
1.431500 
1.431900 
1.432800 
1.434800 
1.445700 
1.448200 
1.450200 
1.461600 
1.462000 
1.466000 
1.466900 
1.473700 
1.475200 
1.478100 
1.479400 
1.480400 
1.484000 
1.484600 
1.487200 
1.489200 
1.490200 
1.492700 
1.499200 
1.502000 
1.502200 
1.505900 
1.512600 
1.515800 
1.516400 
1.517100 
1.522200 
1.532100 
1.538400 
1.539000 
1.540900 
1.542400 
1.542700 
1.543700 
1.547500 
1.553100 
1.553400 
1.555100 
1.564600 
1.565300 
1.570500 
1.572700 
1.582400 
1.584200 
1.588400 
1.596200 
1.596600 
1.597500 
1.604900 
1.605000 
1.605300 
1.606800 
1.607800 
1.619100 
1.624400 
1.624900 
1.628500 
1.628900 
1.636700 
1.640100 
1.640100 
1.640600 
1.640600 
1.647400 
1.648200 
1.664400 
1.666600 
1.669400 
1.669700 
1.681800 
1.684900 
1.690500 
1.690600 
1.696200 
1.701100 
1.706800 
1.709500 
1.715800 
1.716800 
1.720000 
1.724600 
1.727300 
1.729900 
1.730700 
1.734800 
1.739700 
1.742200 
1.742600 
1.744700 
1.749400 
1.750700 
1.754800 
1.760600 
1.760900 
1.764400 
1.765000 
1.766900 
1.768500 
1.772300 
1.772300 
1.774200 
1.775500 
1.779200 
1.785200 
1.791000 
1.795600 
1.795600 
1.795900 
1.802600 
1.803200 
1.808000 
1.815100 
1.822600 
1.826600 
1.828400 
1.829500 
1.833500 
1.838000 
1.840300 
1.850500 
1.852300 
1.853900 
1.856400 
1.856600 
1.863300 
1.865300 
1.865700 
1.873700 
1.873900 
1.875300 
1.875900 
1.879500 
1.880500 
1.883300 
1.884000 
1.884800 
1.893100 
1.903500 
1.904500 
1.906600 
1.908800 
1.909500 
1.912200 
1.913300 
1.915900 
1.918100 
1.926500 
1.930300 
1.931300 
1.931800 
1.932500 
1.933100 
1.934900 
1.941600 
1.942500 
1.944800 
1.945700 
1.948200 
1.948500 
1.955800 
1.957100 
1.960500 
1.962300 
1.964500 
1.968900 
1.975400 
1.975700 
1.977000 
1.977600 
1.982900 
1.983200 
1.990700 
1.991700 
1.993900 
1.995100 
2.014900 
2.015100 
2.030700 
2.032100 
2.032200 
2.038100 
2.038500 
2.043300 
2.057700 
2.059800 
2.063400 
2.065400 
2.065400 
2.066000 
2.070600 
2.077200 
2.083200 
2.083300 
2.085700 
2.089800 
2.093800 
2.107700 
2.111400 
2.111700 
2.113300 
2.118000 
2.118000 
2.119700 
2.124900 
2.130500 
2.130600 
2.136500 
2.142300 
2.146300 
2.148000 
2.150000 
2.155500 
2.159100 
2.161600 
2.162600 
2.164900 
2.169200 
2.172700 
2.182700 
2.185800 
2.186800 
2.187700 
2.193700 
2.197100 
2.198900 
2.204200 
2.205900 
2.208700 
2.209600 
2.216400 
2.223800 
2.226300 
2.227800 
2.230400 
2.237900 
2.239100 
2.244000 
2.251700 
2.253900 
2.257000 
2.259200 
2.260000 
2.260800 
2.261200 
2.264000 
2.268100 
2.269100 
2.273400 
2.276600 
2.280900 
2.280900 
2.288200 
2.290900 
2.291900 
2.292500 
2.293400 
2.297100 
2.301300 
2.304900 
2.306400 
2.306500 
2.308700 
2.310800 
2.315400 
2.316300 
2.325100 
2.332800 
2.334300 
2.334500 
2.334500 
2.334800 
2.343000 
2.349600 
2.353100 
2.357200 
2.363000 
2.365200 
2.368600 
2.370900 
2.371500 
2.376500 
2.379100 
2.383200 
2.401300 
2.401600 
2.403700 
2.405400 
2.409200 
2.411800 
2.417900 
2.420400 
2.422200 
2.422500 
2.426900 
2.427100 
2.427200 
2.433700 
2.436000 
2.442600 
2.442800 
2.445100 
2.448200 
2.449300 
2.454500 
2.462600 
2.463600 
2.464500 
2.473700 
2.474600 
2.475200 
2.483200 
2.483500 
2.485300 
2.499100 
2.502400 
2.502500 
2.511700 
2.513300 
2.513700 
2.516900 
2.517900 
2.518900 
2.519500 
2.526800 
2.528200 
2.529300 
2.531300 
2.533200 
2.536400 
2.537400 
2.537400 
2.539800 
2.548800 
2.554000 
2.554500 
2.555200 
2.556300 
2.561800 
2.564600 
2.566300 
2.567300 
2.568300 
2.572200 
2.576000 
2.578200 
2.579600 
2.580600 
2.583500 
2.583500 
2.591800 
2.597800 
2.598300 
2.599100 
2.600800 
2.606400 
2.609200 
2.610200 
2.616400 
2.616700 
2.622100 
2.623100 
2.623900 
2.632000 
2.644500 
2.650500 
2.652600 
2.652800 
2.654400 
2.654700 
2.664400 
2.666600 
2.676600 
2.677500 
2.678500 
2.679300 
2.682000 
2.683000 
2.687700 
2.688600 
2.689800 
2.696400 
2.697400 
2.698500 
2.698600 
2.703000 
2.704400 
2.708900 
2.709800 
2.714600 
2.716000 
2.718000 
2.720300 
2.723000 
2.729100 
2.733200 
2.735600 
2.735800 
2.739000 
2.743600 
2.744300 
2.749300 
2.749500 
2.751500 
2.753800 
2.760400 
2.762600 
2.768900 
2.769100 
2.779700 
2.781300 
2.781400 
2.782700 
2.785200 
2.796100 
2.796700 
2.799600 
2.801100 
2.809900 
2.816400 
2.825100 
2.829200 
2.834700 
2.835200 
2.839300 
2.854000 
2.858600 
2.861000 
2.863000 
2.869400 
2.869500 
2.870500 
2.872600 
2.883500 
2.889300 
2.889300 
2.894800 
2.897700 
2.899100 
2.899800 
2.901400 
2.904000 
2.907000 
2.909000 
2.909400 
2.915400 
2.917900 
2.918100 
2.931800 
2.938900 
2.944100 
2.946400 
2.954700 
2.956900 
2.957500 
2.962300 
2.965700 
2.965700 
2.966000 
2.967000 
2.973600 
2.974800 
2.976800 
2.984100 
2.985100 
2.986300 
2.986900 
2.987800 
2.988200 
2.990100 
2.999500 
