0.024700 
0.026400 
0.027200 
0.029700 
0.033800 
0.034500 
0.037100 
0.040700 
0.041100 
0.042700 
0.043200 
0.045900 
0.046900 
0.046900 
0.047300 
0.047400 
0.048300 
0.048700 
0.048800 
0.049200 
0.049700 
0.050200 
0.051400 
0.051500 
0.051600 
0.051600 
0.051900 
0.052000 
0.053100 
0.053300 
0.053400 
0.053600 
0.054000 
0.054300 
0.054900 
0.055300 
0.055900 
0.056900 
0.057200 
0.057300 
0.057800 
0.058300 
0.058700 
0.063300 
0.064400 
0.065000 
0.066500 
0.068300 
0.068300 
0.068800 
0.069500 
0.070700 
0.072300 
0.072400 
0.072500 
0.073000 
0.073400 
0.073900 
0.074200 
0.074500 
0.075100 
0.077100 
0.077400 
0.077600 
0.077900 
0.080900 
0.082100 
0.082600 
0.086100 
0.086400 
0.088600 
0.088600 
0.088600 
0.088700 
0.089800 
0.090500 
0.090500 
0.091500 
0.092100 
0.092900 
0.095100 
0.096000 
0.096200 
0.096500 
0.097400 
0.097600 
0.097700 
0.100500 
0.101300 
0.102600 
0.102700 
0.106100 
0.107800 
0.109200 
0.109600 
0.110200 
0.111300 
0.112300 
0.113600 
0.113600 
0.114000 
0.115200 
0.116700 
0.117000 
0.117700 
0.119000 
0.119600 
0.119700 
0.120000 
0.121100 
0.121600 
0.121700 
0.122600 
0.123300 
0.125200 
0.128500 
0.129200 
0.129200 
0.130300 
0.130400 
0.130500 
0.132300 
0.134100 
0.135300 
0.135300 
0.135600 
0.136300 
0.136800 
0.138500 
0.140100 
0.140500 
0.142800 
0.143300 
0.145000 
0.146000 
0.146200 
0.146500 
0.147500 
0.148400 
0.149200 
0.150200 
0.150600 
0.151400 
0.151600 
0.151900 
0.153100 
0.155300 
0.155700 
0.158100 
0.158400 
0.158500 
0.159400 
0.159700 
0.159800 
0.160200 
0.160400 
0.161300 
0.161800 
0.163100 
0.163100 
0.164200 
0.164600 
0.164900 
0.165000 
0.165400 
0.165400 
0.165700 
0.168600 
0.168700 
0.168700 
0.169300 
0.172100 
0.172900 
0.173300 
0.173600 
0.174100 
0.174300 
0.174300 
0.174300 
0.174400 
0.176100 
0.176400 
0.177200 
0.177300 
0.177400 
0.179700 
0.181800 
0.182300 
0.182800 
0.184200 
0.186900 
0.187800 
0.190900 
0.190900 
0.191100 
0.191500 
0.192400 
0.193800 
0.193800 
0.194200 
0.194600 
0.194700 
0.195400 
0.197400 
0.198200 
0.199000 
0.200300 
0.201100 
0.202600 
0.202900 
0.203500 
0.203800 
0.204900 
0.205800 
0.207300 
0.208000 
0.208200 
0.210800 
0.211100 
0.211600 
0.213500 
0.213600 
0.214500 
0.214800 
0.214900 
0.215400 
0.216200 
0.216500 
0.216500 
0.217200 
0.217700 
0.217700 
0.217900 
0.219300 
0.219800 
0.220800 
0.220900 
0.221200 
0.221300 
0.221800 
0.221900 
0.222800 
0.223500 
0.223900 
0.225000 
0.225800 
0.226100 
0.226900 
0.226900 
0.227000 
0.227200 
0.227200 
0.227400 
0.227600 
0.228200 
0.229000 
0.231700 
0.232100 
0.233100 
0.233300 
0.233400 
0.233600 
0.235800 
0.237300 
0.238900 
0.241300 
0.241400 
0.242400 
0.243800 
0.245000 
0.248800 
0.249400 
0.249400 
0.250200 
0.251100 
0.253000 
0.255900 
0.257200 
0.257300 
0.257600 
0.259000 
0.259100 
0.259900 
0.260000 
0.260200 
0.261000 
0.261400 
0.261600 
0.261900 
0.262300 
0.262300 
0.262500 
0.263100 
0.264100 
0.265500 
0.265800 
0.266100 
0.266600 
0.267300 
0.267600 
0.267700 
0.268600 
0.269200 
0.269300 
0.271400 
0.271600 
0.272500 
0.273300 
0.273900 
0.274900 
0.275200 
0.275200 
0.275600 
0.276700 
0.276800 
0.277100 
0.278700 
0.279900 
0.280300 
0.280400 
0.281700 
0.281900 
0.283500 
0.284200 
0.284800 
0.285300 
0.285300 
0.285600 
0.285800 
0.285900 
0.286300 
0.286400 
0.288400 
0.289300 
0.289500 
0.290700 
0.291100 
0.291500 
0.293000 
0.293200 
0.295500 
0.298600 
0.298900 
0.299300 
0.299500 
0.299900 
0.300000 
0.300100 
0.301300 
0.302700 
0.302800 
0.302800 
0.303100 
0.303800 
0.304600 
0.305200 
0.305600 
0.306100 
0.306300 
0.307100 
0.307700 
0.308400 
0.308600 
0.311000 
0.311600 
0.311800 
0.313800 
0.316100 
0.317000 
0.318300 
0.318900 
0.319400 
0.319800 
0.324200 
0.324200 
0.325000 
0.329300 
0.332300 
0.332300 
0.333000 
0.334100 
0.334900 
0.336300 
0.336800 
0.337200 
0.338400 
0.340300 
0.340500 
0.343700 
0.345300 
0.346600 
0.346900 
0.349100 
0.351300 
0.352300 
0.352400 
0.352600 
0.353300 
0.355100 
0.355800 
0.357400 
0.358000 
0.360900 
0.361100 
0.361900 
0.362400 
0.362600 
0.364000 
0.369000 
0.369300 
0.369400 
0.369600 
0.369600 
0.369800 
0.370600 
0.372100 
0.374300 
0.375400 
0.375600 
0.376000 
0.376100 
0.376700 
0.377600 
0.382200 
0.386700 
0.387000 
0.387600 
0.388100 
0.388200 
0.388900 
0.389100 
0.389600 
0.391000 
0.391300 
0.391300 
0.391700 
0.391800 
0.392000 
0.392000 
0.392300 
0.392700 
0.393900 
0.394400 
0.396300 
0.396700 
0.396800 
0.398300 
0.398700 
0.398900 
0.399500 
0.399800 
0.402600 
0.403000 
0.406000 
0.406700 
0.408900 
0.408900 
0.409100 
0.410600 
0.410900 
0.417300 
0.417600 
0.418100 
0.419200 
0.419400 
0.420400 
0.420900 
0.422100 
0.422300 
0.424200 
0.424800 
0.425000 
0.425600 
0.426700 
0.428100 
0.428300 
0.429200 
0.429700 
0.432500 
0.434300 
0.434800 
0.436200 
0.439700 
0.440200 
0.442400 
0.442800 
0.443500 
0.443900 
0.444000 
0.444100 
0.444200 
0.445100 
0.445100 
0.445600 
0.446200 
0.446500 
0.449000 
0.449800 
0.450500 
0.451000 
0.451500 
0.452400 
0.452500 
0.453200 
0.454000 
0.454200 
0.455000 
0.455400 
0.455800 
0.456400 
0.456900 
0.459100 
0.459800 
0.460300 
0.461200 
0.461800 
0.461800 
0.461900 
0.462100 
0.463700 
0.465900 
0.466100 
0.466700 
0.467500 
0.468200 
0.468400 
0.468600 
0.469000 
0.469700 
0.471400 
0.472500 
0.473800 
0.475000 
0.475300 
0.475700 
0.476500 
0.477300 
0.477800 
0.478200 
0.478500 
0.478900 
0.479200 
0.479300 
0.479600 
0.480100 
0.480700 
0.480900 
0.481100 
0.481300 
0.481300 
0.482400 
0.483300 
0.486100 
0.487700 
0.487800 
0.488700 
0.489000 
0.489000 
0.489300 
0.490100 
0.490700 
0.491000 
0.491200 
0.492000 
0.495900 
0.496900 
0.497400 
0.497700 
0.497800 
0.499400 
0.502800 
0.504800 
0.505200 
0.506000 
0.506800 
0.507200 
0.508100 
0.508700 
0.509300 
0.509400 
0.510500 
0.510600 
0.510900 
0.511000 
0.512500 
0.513300 
0.514200 
0.514500 
0.514700 
0.515400 
0.517400 
0.517600 
0.518000 
0.519000 
0.519600 
0.521000 
0.521000 
0.521300 
0.522200 
0.522600 
0.523200 
0.523500 
0.523500 
0.524900 
0.526800 
0.527900 
0.529400 
0.531000 
0.531000 
0.532100 
0.534800 
0.535300 
0.537500 
0.537900 
0.538400 
0.539300 
0.539700 
0.540300 
0.540400 
0.540600 
0.540700 
0.540800 
0.541100 
0.541300 
0.542100 
0.542100 
0.542500 
0.543400 
0.543500 
0.544100 
0.546400 
0.546600 
0.546900 
0.547600 
0.548300 
0.548400 
0.548800 
0.553700 
0.554000 
0.555300 
0.555600 
0.556900 
0.557700 
0.557900 
0.558200 
0.559700 
0.559700 
0.561200 
0.562300 
0.562600 
0.562800 
0.562800 
0.563100 
0.563100 
0.563200 
0.564700 
0.565900 
0.567300 
0.568600 
0.569400 
0.569900 
0.569900 
0.570300 
0.572700 
0.572700 
0.573200 
0.573300 
0.573900 
0.574500 
0.575500 
0.577200 
0.577600 
0.577600 
0.578300 
0.580200 
0.581000 
0.581000 
0.581900 
0.582500 
0.584300 
0.585100 
0.585600 
0.586300 
0.587000 
0.587400 
0.587500 
0.587700 
0.588100 
0.588800 
0.589200 
0.589600 
0.590700 
0.590800 
0.591100 
0.591100 
0.591800 
0.593600 
0.593900 
0.594000 
0.594200 
0.595000 
0.595500 
0.595500 
0.595900 
0.596900 
0.597100 
0.597600 
0.597900 
0.599200 
0.600400 
0.603000 
0.605400 
0.606500 
0.607400 
0.609000 
0.610200 
0.610300 
0.610900 
0.611900 
0.612000 
0.612500 
0.614100 
0.614100 
0.614300 
0.615000 
0.617100 
0.618500 
0.618600 
0.621500 
0.622000 
0.623600 
0.624000 
0.624600 
0.624700 
0.624900 
0.625400 
0.628200 
0.629300 
0.629800 
0.630300 
0.631200 
0.632100 
0.632500 
0.634500 
0.637000 
0.639000 
0.640600 
0.640600 
0.641200 
0.641800 
0.643000 
0.643400 
0.644900 
0.645300 
0.645700 
0.645800 
0.645800 
0.646100 
0.647300 
0.647400 
0.647500 
0.649000 
0.651700 
0.652400 
0.652600 
0.653100 
0.653200 
0.654100 
0.654300 
0.654600 
0.655200 
0.655400 
0.656100 
0.656600 
0.656700 
0.657900 
0.666100 
0.666700 
0.667700 
0.667900 
0.669300 
0.670700 
0.671300 
0.671600 
0.671700 
0.672400 
0.673100 
0.674800 
0.676400 
0.677100 
0.677700 
0.680200 
0.680200 
0.680500 
0.681000 
0.681200 
0.681500 
0.683500 
0.684600 
0.684700 
0.685100 
0.685400 
0.686100 
0.686200 
0.687000 
0.690400 
0.690600 
0.691300 
0.691400 
0.691800 
0.692100 
0.693500 
0.693600 
0.695100 
0.695900 
0.697000 
0.697100 
0.698500 
0.698500 
0.700300 
0.701200 
0.701700 
0.701800 
0.703100 
0.704500 
0.706400 
0.706500 
0.707300 
0.707900 
0.708400 
0.710000 
0.710100 
0.710400 
0.712600 
0.713200 
0.716300 
0.716700 
0.717500 
0.718500 
0.719400 
0.721500 
0.721900 
0.723000 
0.724000 
0.724200 
0.724800 
0.726700 
0.726700 
0.726700 
0.727600 
0.727600 
0.728000 
0.729700 
0.731200 
0.731200 
0.732300 
0.732500 
0.732800 
0.734500 
0.735200 
0.735400 
0.736800 
0.737800 
0.738000 
0.738400 
0.741000 
0.741500 
0.744100 
0.744200 
0.744400 
0.744700 
0.744800 
0.744900 
0.745200 
0.745300 
0.746900 
0.748800 
0.749900 
0.751300 
0.752200 
0.752200 
0.752700 
0.753100 
0.753100 
0.753700 
0.754700 
0.757900 
0.758200 
0.758400 
0.758700 
0.762800 
0.763000 
0.763000 
0.763700 
0.763700 
0.764200 
0.764200 
0.766000 
0.766300 
0.766900 
0.767000 
0.767300 
0.767600 
0.768700 
0.769100 
0.769100 
0.769800 
0.770200 
0.770400 
0.771400 
0.772100 
0.772900 
0.775700 
0.775800 
0.776000 
0.778000 
0.778600 
0.778900 
0.784700 
0.785100 
0.785600 
0.785700 
0.786000 
0.786900 
0.788500 
0.789600 
0.791600 
0.792400 
0.793200 
0.797400 
0.798000 
0.798300 
0.799200 
0.800200 
0.800600 
0.802400 
0.803600 
0.803800 
0.806300 
0.806500 
0.808600 
0.809800 
0.814900 
0.815100 
0.817500 
0.817800 
0.819200 
0.821300 
0.821900 
0.822600 
0.824300 
0.824600 
0.826500 
0.827500 
0.827700 
0.831500 
0.833100 
0.833400 
0.834900 
0.835900 
0.836200 
0.836300 
0.836600 
0.838500 
0.839400 
0.839500 
0.839800 
0.840600 
0.842300 
0.846300 
0.847800 
0.848200 
0.848200 
0.849900 
0.850500 
0.851600 
0.852000 
0.852600 
0.852800 
0.853000 
0.853600 
0.855100 
0.855600 
0.856200 
0.856300 
0.856700 
0.858200 
0.858700 
0.858700 
0.860400 
0.860600 
0.861100 
0.861400 
0.861700 
0.862600 
0.866600 
0.868400 
0.869900 
0.870300 
0.870600 
0.871300 
0.874800 
0.875700 
0.877500 
0.877900 
0.879000 
0.880200 
0.880600 
0.881700 
0.884100 
0.884100 
0.886200 
0.886400 
0.887000 
0.887100 
0.887300 
0.887400 
0.887400 
0.887500 
0.887700 
0.889200 
0.889200 
0.890200 
0.890700 
0.890800 
0.892900 
0.894600 
0.895200 
0.897200 
0.897500 
0.900000 
0.901500 
0.901700 
0.903000 
0.904100 
0.904500 
0.905100 
0.906100 
0.907600 
0.909400 
0.910900 
0.911000 
0.911500 
0.911600 
0.911800 
0.912000 
0.913500 
0.914800 
0.915900 
0.916300 
0.919100 
0.921000 
0.922900 
0.924900 
0.927000 
0.927800 
0.928200 
0.930000 
0.930500 
0.931500 
0.932400 
0.932500 
0.933100 
0.933700 
0.934500 
0.934700 
0.934700 
0.935500 
0.935700 
0.936100 
0.939400 
0.939900 
0.940300 
0.942900 
0.943100 
0.944600 
0.947400 
0.949200 
0.949600 
0.950000 
0.950100 
0.951500 
0.955400 
0.955800 
0.956500 
0.957700 
0.957700 
0.957800 
0.959200 
0.959900 
0.960200 
0.961400 
0.962300 
0.962700 
0.964500 
0.965400 
0.966400 
0.969300 
0.971800 
0.975000 
0.977900 
0.979800 
0.980100 
0.980300 
0.982100 
0.983100 
0.984000 
0.984100 
0.984400 
0.987200 
0.987900 
0.988300 
0.988600 
0.988800 
0.988900 
0.989500 
0.990200 
0.990200 
0.990700 
0.991600 
0.992800 
0.993400 
0.994400 
0.994900 
0.995700 
0.996200 
0.996600 
0.997100 
0.997100 
0.997300 
0.997500 
0.998300 
0.999000 
0.999400 
1.000700 
1.002500 
1.002800 
1.004500 
1.004800 
1.007100 
1.007600 
1.008100 
1.009600 
1.010200 
1.010400 
1.012800 
1.013800 
1.015000 
1.015900 
1.016500 
1.020100 
1.021400 
1.022600 
1.024000 
1.024000 
1.024500 
1.024600 
1.025500 
1.026000 
1.026200 
1.027000 
1.029300 
1.029400 
1.030800 
1.030800 
1.031300 
1.031800 
1.032900 
1.034200 
1.034600 
1.036700 
1.038000 
1.038100 
1.039000 
1.040700 
1.043600 
1.043800 
1.044100 
1.046000 
1.048800 
1.049100 
1.049600 
1.050600 
1.051600 
1.051900 
1.052700 
1.053000 
1.053700 
1.054200 
1.054500 
1.055500 
1.057800 
1.058400 
1.058700 
1.059100 
1.059400 
1.059600 
1.059700 
1.059700 
1.060000 
1.060600 
1.064900 
1.065100 
1.067200 
1.067200 
1.067500 
1.068400 
1.068500 
1.070000 
1.070300 
1.072900 
1.073600 
1.076000 
1.076200 
1.078300 
1.080000 
1.082400 
1.083700 
1.083700 
1.085600 
1.086000 
1.086900 
1.088100 
1.088300 
1.090900 
1.091100 
1.091300 
1.092800 
1.095300 
1.095500 
1.098800 
1.099700 
1.101800 
1.103400 
1.104000 
1.104600 
1.104700 
1.104700 
1.105100 
1.106300 
1.106500 
1.107900 
1.108300 
1.108400 
1.109500 
1.109600 
1.110500 
1.110900 
1.112200 
1.112200 
1.112900 
1.113400 
1.114200 
1.116200 
1.116300 
1.116300 
1.117700 
1.118200 
1.118300 
1.118600 
1.118700 
1.119600 
1.120100 
1.122900 
1.125400 
1.126000 
1.126700 
1.127500 
1.127700 
1.128600 
1.129800 
1.130700 
1.132000 
1.132000 
1.132200 
1.132200 
1.132200 
1.132400 
1.134200 
1.135500 
1.135900 
1.138300 
1.138900 
1.140400 
1.141800 
1.142200 
1.142200 
1.142300 
1.142900 
1.143000 
1.143800 
1.144100 
1.144300 
1.144500 
1.144600 
1.146400 
1.147100 
1.148800 
1.149800 
1.150000 
1.150800 
1.151700 
1.153700 
1.154000 
1.155200 
1.155600 
1.157400 
1.158600 
1.159400 
1.159400 
1.159900 
1.161300 
1.162000 
1.163400 
1.163500 
1.163500 
1.163600 
1.166600 
1.168100 
1.169100 
1.169900 
1.172500 
1.172800 
1.173400 
1.174600 
1.175600 
1.177200 
1.177600 
1.177900 
1.179900 
1.179900 
1.180000 
1.180600 
1.181600 
1.182400 
1.182500 
1.183300 
1.184400 
1.186400 
1.187200 
1.187400 
1.188000 
1.188300 
1.188400 
1.189100 
1.189500 
1.189700 
1.190600 
1.190700 
1.191000 
1.193200 
1.193400 
1.193400 
1.193700 
1.193900 
1.194000 
1.194000 
1.195500 
1.195500 
1.196700 
1.197100 
1.199500 
1.201300 
1.202400 
1.204400 
1.205700 
1.206200 
1.206200 
1.206500 
1.209800 
1.210800 
1.211100 
1.212400 
1.213900 
1.214800 
1.215000 
1.216400 
1.217400 
1.217800 
1.220100 
1.220100 
1.220300 
1.220800 
1.221300 
1.222100 
1.222300 
1.222900 
1.223900 
1.224900 
1.225900 
1.226300 
1.227200 
1.228200 
1.228300 
1.230900 
1.231300 
1.231400 
1.231600 
1.232600 
1.233400 
1.234200 
1.235200 
1.235300 
1.236200 
1.236900 
1.237900 
1.238200 
1.238300 
1.238600 
1.238600 
1.239200 
1.239300 
1.240800 
1.241300 
1.243300 
1.243800 
1.244200 
1.245100 
1.246200 
1.247200 
1.247200 
1.247500 
1.248400 
1.249200 
1.249300 
1.250300 
1.250700 
1.251500 
1.251500 
1.251800 
1.252000 
1.252300 
1.253600 
1.254000 
1.254700 
1.260400 
1.260600 
1.261600 
1.264600 
1.264700 
1.265900 
1.266500 
1.266800 
1.267300 
1.267400 
1.267500 
1.267900 
1.268000 
1.268700 
1.269500 
1.269600 
1.270400 
1.270700 
1.271300 
1.272600 
1.274200 
1.274800 
1.275400 
1.278200 
1.279000 
1.280400 
1.280800 
1.281000 
1.281400 
1.282000 
1.282100 
1.282200 
1.282600 
1.283000 
1.285200 
1.285300 
1.285300 
1.285900 
1.290600 
1.292000 
1.293100 
1.294100 
1.294300 
1.295000 
1.296000 
1.297000 
1.298600 
1.299500 
1.300300 
1.300900 
1.302000 
1.305700 
1.307500 
1.309000 
1.310000 
1.310300 
1.315000 
1.315100 
1.315300 
1.315300 
1.316100 
1.316100 
1.316300 
1.316900 
1.318500 
1.321600 
1.323000 
1.323600 
1.323700 
1.323900 
1.325400 
1.325600 
1.326300 
1.327300 
1.328200 
1.330300 
1.333100 
1.333300 
1.333600 
1.334500 
1.334700 
1.335000 
1.335100 
1.335400 
1.336100 
1.336200 
1.336300 
1.336500 
1.336900 
1.338000 
1.338700 
1.340300 
1.341600 
1.341600 
1.341700 
1.342300 
1.342400 
1.343100 
1.343600 
1.344400 
1.344900 
1.345600 
1.346000 
1.348500 
1.348900 
1.349500 
1.352900 
1.353200 
1.353800 
1.354200 
1.354500 
1.356000 
1.356800 
1.357400 
1.358300 
1.361900 
1.362500 
1.365800 
1.367000 
1.370900 
1.371200 
1.372000 
1.373700 
1.374600 
1.374900 
1.375300 
1.375500 
1.375600 
1.375700 
1.378600 
1.380000 
1.380100 
1.380500 
1.382700 
1.382700 
1.382800 
1.384700 
1.385000 
1.385000 
1.385200 
1.386500 
1.386800 
1.387300 
1.387800 
1.391200 
1.391500 
1.391900 
1.392800 
1.395500 
1.396600 
1.396700 
1.397800 
1.398100 
1.398300 
1.398600 
1.399400 
1.400800 
1.400900 
1.402000 
1.402500 
1.402600 
1.404500 
1.405200 
1.406700 
1.407200 
1.407400 
1.407500 
1.407800 
1.408600 
1.408800 
1.409500 
1.409500 
1.411300 
1.411500 
1.412200 
1.412200 
1.412600 
1.412800 
1.413300 
1.413300 
1.414600 
1.415100 
1.415700 
1.415700 
1.415900 
1.416400 
1.416600 
1.418900 
1.419500 
1.419600 
1.419900 
1.421300 
1.422300 
1.422300 
1.423300 
1.425200 
1.425500 
1.426100 
1.426500 
1.427400 
1.428700 
1.430800 
1.431100 
1.432300 
1.432800 
1.435300 
1.435500 
1.436300 
1.437200 
1.438400 
1.440000 
1.442600 
1.442900 
1.443600 
1.446600 
1.447100 
1.448300 
1.449100 
1.449400 
1.453400 
1.453800 
1.453800 
1.455700 
1.456900 
1.457800 
1.458600 
1.459000 
1.460800 
1.461200 
1.462500 
1.462600 
1.466100 
1.466900 
1.467400 
1.468900 
1.469000 
1.469600 
1.470100 
1.470600 
1.471400 
1.472000 
1.472500 
1.473100 
1.473500 
1.474100 
1.474800 
1.476600 
1.477200 
1.477500 
1.480900 
1.481000 
1.481300 
1.482400 
1.483400 
1.484000 
1.486100 
1.488100 
1.488200 
1.488600 
1.490600 
1.491300 
1.491600 
1.494300 
1.496600 
1.497300 
1.497800 
1.497900 
1.498000 
1.498700 
1.499100 
1.499400 
1.501500 
1.502200 
1.502200 
1.503900 
1.504000 
1.505800 
1.505800 
1.507100 
1.507300 
1.507500 
1.508200 
1.508300 
1.508700 
1.509100 
1.509600 
1.510100 
1.510900 
1.511600 
1.511900 
1.512000 
1.512700 
1.513400 
1.514100 
1.514200 
1.515400 
1.515900 
1.516000 
1.516200 
1.516400 
1.516500 
1.517100 
1.517800 
1.518800 
1.519000 
1.519500 
1.519700 
1.521300 
1.523300 
1.524400 
1.525000 
1.525300 
1.526300 
1.527000 
1.527300 
1.527700 
1.528000 
1.528000 
1.529500 
1.529900 
1.529900 
1.532700 
1.533100 
1.533100 
1.533400 
1.533600 
1.533700 
1.534700 
1.535100 
1.535700 
1.538800 
1.541000 
1.541400 
1.543100 
1.543400 
1.543800 
1.543900 
1.544600 
1.545100 
1.545100 
1.545600 
1.546400 
1.547600 
1.547800 
1.548900 
1.551000 
1.551000 
1.552100 
1.552900 
1.553900 
1.556200 
1.558800 
1.560000 
1.561200 
1.561800 
1.563000 
1.563500 
1.564500 
1.565600 
1.565900 
1.567000 
1.567600 
1.568000 
1.568500 
1.568700 
1.569400 
1.569700 
1.571200 
1.571800 
1.577400 
1.579100 
1.580700 
1.582800 
1.583000 
1.583600 
1.585100 
1.585400 
1.585700 
1.586100 
1.586200 
1.587000 
1.587400 
1.590400 
1.590700 
1.591900 
1.592100 
1.593000 
1.599000 
1.602100 
1.602100 
1.603800 
1.604300 
1.604500 
1.609100 
1.609700 
1.610500 
1.611200 
1.611700 
1.612300 
1.613500 
1.614400 
1.615700 
1.616100 
1.617000 
1.618800 
1.619000 
1.619000 
1.619700 
1.620000 
1.623200 
1.626000 
1.631300 
1.631700 
1.633600 
1.634000 
1.635100 
1.635400 
1.635500 
1.637900 
1.638200 
1.638900 
1.639400 
1.640000 
1.643200 
1.644100 
1.644800 
1.645400 
1.646600 
1.647900 
1.648900 
1.649900 
1.651800 
1.652800 
1.653500 
1.654000 
1.654200 
1.654500 
1.654700 
1.655400 
1.656500 
1.658500 
1.658600 
1.660700 
1.662000 
1.662200 
1.666500 
1.667400 
1.668100 
1.669200 
1.669600 
1.669800 
1.670500 
1.673800 
1.677100 
1.677200 
1.678500 
1.681600 
1.681800 
1.682300 
1.683400 
1.683900 
1.684100 
1.684900 
1.685000 
1.686500 
1.687800 
1.687900 
1.688000 
1.688200 
1.689000 
1.689800 
1.689900 
1.690700 
1.691700 
1.691900 
1.692800 
1.693800 
1.694700 
1.695800 
1.696200 
1.698100 
1.698900 
1.699500 
1.700300 
1.700700 
1.702200 
1.703900 
1.704100 
1.704300 
1.704400 
1.705200 
1.705600 
1.706900 
1.707200 
1.707800 
1.708400 
1.709100 
1.711500 
1.711600 
1.711800 
1.713600 
1.714600 
1.714700 
1.715500 
1.715700 
1.716100 
1.716300 
1.718500 
1.718600 
1.719100 
1.720500 
1.721600 
1.724400 
1.725100 
1.725700 
1.726700 
1.727500 
1.728300 
1.728600 
1.729700 
1.730000 
1.733700 
1.733900 
1.734300 
1.734800 
1.736400 
1.737300 
1.737500 
1.738300 
1.740800 
1.743900 
1.744300 
1.746000 
1.746600 
1.747500 
1.748200 
1.748800 
1.748900 
1.749000 
1.750000 
1.750400 
1.750700 
1.751800 
1.752000 
1.752700 
1.752800 
1.753000 
1.754000 
1.756100 
1.757500 
1.757800 
1.758000 
1.758700 
1.758900 
1.760000 
1.760700 
1.761300 
1.761500 
1.761900 
1.762500 
1.764000 
1.764400 
1.764400 
1.766000 
1.767000 
1.769600 
1.769600 
1.769800 
1.770700 
1.770800 
1.771400 
1.773200 
1.773500 
1.774600 
1.776300 
1.778200 
1.779600 
1.780000 
1.780200 
1.780300 
1.781400 
1.781700 
1.782400 
1.782500 
1.783200 
1.783700 
1.784800 
1.784800 
1.784900 
1.785300 
1.785500 
1.785500 
1.785700 
1.786400 
1.786800 
1.787600 
1.788200 
1.789300 
1.789300 
1.790400 
1.790500 
1.790800 
1.791500 
1.792800 
1.793500 
1.794000 
1.795400 
1.795900 
1.797900 
1.798100 
1.798200 
1.800000 
1.801300 
1.801800 
1.802400 
1.803800 
1.806400 
1.806400 
1.807800 
1.807800 
1.808400 
1.809600 
1.809900 
1.810300 
1.810400 
1.810500 
1.810800 
1.812000 
1.813000 
1.813900 
1.814100 
1.814600 
1.814600 
1.816800 
1.817100 
1.817300 
1.818000 
1.818700 
1.819900 
1.820200 
1.820500 
1.822000 
1.822000 
1.822600 
1.824000 
1.824600 
1.824900 
1.825600 
1.826700 
1.827800 
1.827900 
1.828000 
1.828300 
1.829800 
1.831100 
1.835300 
1.836300 
1.836400 
1.837200 
1.837900 
1.838500 
1.841600 
1.841800 
1.842700 
1.844100 
1.844200 
1.845900 
1.846400 
1.848100 
1.848900 
1.849900 
1.850100 
1.851100 
1.853400 
1.854300 
1.854400 
1.855200 
1.856900 
1.858200 
1.858200 
1.860000 
1.860300 
1.860400 
1.860600 
1.862500 
1.865800 
1.868200 
1.869800 
1.869800 
1.870100 
1.871000 
1.871400 
1.871400 
1.871800 
1.871900 
1.872300 
1.873100 
1.873300 
1.875100 
1.876900 
1.877400 
1.877500 
1.877600 
1.879300 
1.882300 
1.883100 
1.885800 
1.886500 
1.887300 
1.887600 
1.887700 
1.888300 
1.889200 
1.890700 
1.892300 
1.897000 
1.897300 
1.898200 
1.898300 
1.899000 
1.899500 
1.899800 
1.901600 
1.903800 
1.904000 
1.904000 
1.906200 
1.906400 
1.908900 
1.910100 
1.911400 
1.911400 
1.911500 
1.912200 
1.912600 
1.913500 
1.914000 
1.914300 
1.915800 
1.916200 
1.916400 
1.916600 
1.917400 
1.917600 
1.918000 
1.918100 
1.920200 
1.920300 
1.921000 
1.922600 
1.925600 
1.925700 
1.926100 
1.926700 
1.927600 
1.928000 
1.929000 
1.929100 
1.930000 
1.933000 
1.934000 
1.935600 
1.936300 
1.937700 
1.937800 
1.938300 
1.940200 
1.940300 
1.942200 
1.942500 
1.944900 
1.946000 
1.946400 
1.946700 
1.947200 
1.948000 
1.948000 
1.949000 
1.949300 
1.949800 
1.950300 
1.951000 
1.951800 
1.953600 
1.954000 
1.954400 
1.954700 
1.954700 
1.955800 
1.955800 
1.956000 
1.956300 
1.958000 
1.960200 
1.960900 
1.961100 
1.962400 
1.963400 
1.965900 
1.966200 
1.966400 
1.966700 
1.966800 
1.968700 
1.968900 
1.969700 
1.970300 
1.970800 
1.972100 
1.972700 
1.973400 
1.973800 
1.974300 
1.974900 
1.974900 
1.975100 
1.975700 
1.976000 
1.976800 
1.977000 
1.978700 
1.979600 
1.980500 
1.981400 
1.983300 
1.984300 
1.985800 
1.985800 
1.986100 
1.986700 
1.987200 
1.988000 
1.988200 
1.988400 
1.988800 
1.988900 
1.989100 
1.989500 
1.990700 
1.991800 
1.991900 
1.992500 
1.992700 
1.992800 
1.992900 
1.993100 
1.993100 
1.993500 
1.994100 
1.995700 
1.996600 
1.996600 
1.998200 
1.998300 
1.998300 
1.998500 
1.998500 
1.998900 
1.999300 
2.002800 
2.003200 
2.004100 
2.004900 
2.005800 
2.007700 
2.008000 
2.008900 
2.010100 
2.010200 
2.012500 
2.015000 
2.015200 
2.015900 
2.016600 
2.016600 
2.016700 
2.017000 
2.018800 
2.020000 
2.020400 
2.022000 
2.022100 
2.023200 
2.023800 
2.024100 
2.027000 
2.027000 
2.029900 
2.031000 
2.031200 
2.031200 
2.032500 
2.033000 
2.035600 
2.035800 
2.036100 
2.036600 
2.039800 
2.040200 
2.042100 
2.042200 
2.044400 
2.046400 
2.049200 
2.051000 
2.051200 
2.051500 
2.052000 
2.052400 
2.053600 
2.054700 
2.055500 
2.056600 
2.056900 
2.057100 
2.057200 
2.059300 
2.060000 
2.060400 
2.060900 
2.061200 
2.063400 
2.063800 
2.065800 
2.066700 
2.067200 
2.068200 
2.068800 
2.072500 
2.074200 
2.074500 
2.076300 
2.076500 
2.076600 
2.076600 
2.077900 
2.077900 
2.079900 
2.080700 
2.080800 
2.082100 
2.082700 
2.082700 
2.083200 
2.083900 
2.083900 
2.084700 
2.086300 
2.086600 
2.086900 
2.087800 
2.088900 
2.090100 
2.090500 
2.090600 
2.091300 
2.093200 
2.093300 
2.093700 
2.093800 
2.093900 
2.098200 
2.100500 
2.101300 
2.103700 
2.103900 
2.104300 
2.106900 
2.109300 
2.110000 
2.110600 
2.111000 
2.111500 
2.112900 
2.117900 
2.119200 
2.119500 
2.121100 
2.121300 
2.123300 
2.124000 
2.124600 
2.124900 
2.125900 
2.127600 
2.128200 
2.128600 
2.129800 
2.130300 
2.130500 
2.130800 
2.131200 
2.132400 
2.133200 
2.134000 
2.134100 
2.134400 
2.134600 
2.135000 
2.135400 
2.135600 
2.136100 
2.136600 
2.137100 
2.137400 
2.137700 
2.140600 
2.143100 
2.143700 
2.146000 
2.146700 
2.147900 
2.149400 
2.150600 
2.150700 
2.151700 
2.152700 
2.152900 
2.155000 
2.155600 
2.156600 
2.157700 
2.158400 
2.158700 
2.159200 
2.159400 
2.159700 
2.160000 
2.160900 
2.161200 
2.161400 
2.161500 
2.161900 
2.162200 
2.162200 
2.164300 
2.164700 
2.165800 
2.168100 
2.168200 
2.169900 
2.171600 
2.172700 
2.173200 
2.174100 
2.175400 
2.175800 
2.177000 
2.177200 
2.177300 
2.177400 
2.178400 
2.179100 
2.179200 
2.179400 
2.179900 
2.180100 
2.180500 
2.181600 
2.183900 
2.184100 
2.184200 
2.185600 
2.185700 
2.185900 
2.186100 
2.186200 
2.186900 
2.187400 
2.188700 
2.191000 
2.195700 
2.195800 
2.195800 
2.196500 
2.198700 
2.199400 
2.199600 
2.200400 
2.201900 
2.201900 
2.201900 
2.202300 
2.205200 
2.205900 
2.206200 
2.209400 
2.210400 
2.210900 
2.211200 
2.211300 
2.211600 
2.212400 
2.212500 
2.212900 
2.213300 
2.213500 
2.214500 
2.217100 
2.217800 
2.218000 
2.218200 
2.218500 
2.218600 
2.219900 
2.220400 
2.221400 
2.221700 
2.222500 
2.222900 
2.223100 
2.223700 
2.224300 
2.224600 
2.227500 
2.227700 
2.229500 
2.230600 
2.231000 
2.231000 
2.232700 
2.233200 
2.233200 
2.233300 
2.234800 
2.235600 
2.236700 
2.237300 
2.238100 
2.238400 
2.238700 
2.241200 
2.241600 
2.242100 
2.242800 
2.243500 
2.245300 
2.245600 
2.245800 
2.246000 
2.250400 
2.251000 
2.251200 
2.252200 
2.252400 
2.252600 
2.255600 
2.255700 
2.257200 
2.257600 
2.258000 
2.259200 
2.259400 
2.260700 
2.261700 
2.264900 
2.268200 
2.268600 
2.269000 
2.269300 
2.270500 
2.270900 
2.271900 
2.273100 
2.273800 
2.274400 
2.274900 
2.277400 
2.277700 
2.278000 
2.278000 
2.278200 
2.279000 
2.279200 
2.279600 
2.281600 
2.281800 
2.282100 
2.282200 
2.283100 
2.283300 
2.283800 
2.284100 
2.285600 
2.286900 
2.287600 
2.289400 
2.290500 
2.291500 
2.292000 
2.293200 
2.294200 
2.294300 
2.294700 
2.295100 
2.295100 
2.297100 
2.298400 
2.300100 
2.300200 
2.302300 
2.302700 
2.303000 
2.303100 
2.304300 
2.304300 
2.304400 
2.304800 
2.305900 
2.306000 
2.306900 
2.307200 
2.307300 
2.308000 
2.309300 
2.310300 
2.310400 
2.311100 
2.311400 
2.312700 
2.312900 
2.315200 
2.318400 
2.319000 
2.320900 
2.321000 
2.321900 
2.323300 
2.323300 
2.325800 
2.328700 
2.328800 
2.330100 
2.331700 
2.332600 
2.335600 
2.335700 
2.336900 
2.338600 
2.339700 
2.341500 
2.342200 
2.343900 
2.346800 
2.347000 
2.347200 
2.347500 
2.347500 
2.347600 
2.348800 
2.350700 
2.351400 
2.351500 
2.352700 
2.353300 
2.353500 
2.356100 
2.356200 
2.356600 
2.356600 
2.356800 
2.356900 
2.357100 
2.357900 
2.359000 
2.359900 
2.361000 
2.362800 
2.362900 
2.363300 
2.363700 
2.363800 
2.364800 
2.365800 
2.366200 
2.366700 
2.367800 
2.369100 
2.369300 
2.369300 
2.369800 
2.370200 
2.370300 
2.371200 
2.371600 
2.372200 
2.373600 
2.374100 
2.374200 
2.374700 
2.376100 
2.376500 
2.377100 
2.377400 
2.378600 
2.378900 
2.380500 
2.382700 
2.386600 
2.388100 
2.388600 
2.389100 
2.390300 
2.392000 
2.392800 
2.393000 
2.393000 
2.393100 
2.395000 
2.395700 
2.395900 
2.396300 
2.397800 
2.398800 
2.399900 
2.401500 
2.402500 
2.403600 
2.404600 
2.404900 
2.405200 
2.405800 
2.406700 
2.408600 
2.409600 
2.409900 
2.411700 
2.412500 
2.413600 
2.413600 
2.414200 
2.414900 
2.416700 
2.416800 
2.420000 
2.423300 
2.423900 
2.424600 
2.425200 
2.425400 
2.425900 
2.426100 
2.426100 
2.428000 
2.428400 
2.428800 
2.429200 
2.429200 
2.430800 
2.431400 
2.431500 
2.432900 
2.434200 
2.435900 
2.438200 
2.439300 
2.439400 
2.439600 
2.440900 
2.441300 
2.441400 
2.441900 
2.442300 
2.442300 
2.443000 
2.443100 
2.443900 
2.444000 
2.444200 
2.444200 
2.444600 
2.445300 
2.445400 
2.448600 
2.450100 
2.450600 
2.452800 
2.452800 
2.452900 
2.453300 
2.454400 
2.455200 
2.456900 
2.457800 
2.460300 
2.461400 
2.461400 
2.464100 
2.465000 
2.466100 
2.467600 
2.468400 
2.470300 
2.472200 
2.473300 
2.473900 
2.474300 
2.474300 
2.474800 
2.476100 
2.479100 
2.480100 
2.480500 
2.482600 
2.483900 
2.483900 
2.485700 
2.486100 
2.488200 
2.488700 
2.489100 
2.489300 
2.490000 
2.491700 
2.491800 
2.491900 
2.492200 
2.493600 
2.495100 
2.496600 
2.497100 
2.497900 
2.498500 
2.498600 
2.498600 
2.499000 
2.499800 
2.500500 
2.500600 
2.502000 
2.502200 
2.504300 
2.505200 
2.507900 
2.508500 
2.509000 
2.509500 
2.509700 
2.510000 
2.511700 
2.511700 
2.513900 
2.515700 
2.515900 
2.516400 
2.518500 
2.519300 
2.520300 
2.520900 
2.522500 
2.524400 
2.524500 
2.525000 
2.526500 
2.529600 
2.529700 
2.531200 
2.532100 
2.535000 
2.536500 
2.537200 
2.538100 
2.539100 
2.539400 
2.539400 
2.541700 
2.541900 
2.542200 
2.544400 
2.545000 
2.547600 
2.551700 
2.553300 
2.553700 
2.556000 
2.556000 
2.557800 
2.557900 
2.558500 
2.558900 
2.559500 
2.561200 
2.561700 
2.562200 
2.562900 
2.563500 
2.564600 
2.565900 
2.566900 
2.567300 
2.568500 
2.569300 
2.570000 
2.570900 
2.571100 
2.572600 
2.572800 
2.573100 
2.573200 
2.573800 
2.574400 
2.576100 
2.576400 
2.576500 
2.577100 
2.577300 
2.578100 
2.578600 
2.578900 
2.579700 
2.579800 
2.581100 
2.581200 
2.581500 
2.581800 
2.582700 
2.582800 
2.583400 
2.584700 
2.585000 
2.586200 
2.586200 
2.588800 
2.589100 
2.589800 
2.591200 
2.591600 
2.592300 
2.592400 
2.592500 
2.592800 
2.594100 
2.594500 
2.595400 
2.595600 
2.596000 
2.597300 
2.602000 
2.602800 
2.602800 
2.603500 
2.606600 
2.608800 
2.609000 
2.609400 
2.611300 
2.611800 
2.612000 
2.613700 
2.613900 
2.614500 
2.614500 
2.614500 
2.615100 
2.615600 
2.616300 
2.617200 
2.618200 
2.620600 
2.621500 
2.622200 
2.622500 
2.624200 
2.625600 
2.627500 
2.627700 
2.627900 
2.630800 
2.631800 
2.633100 
2.634900 
2.635100 
2.635200 
2.636100 
2.637200 
2.637600 
2.640100 
2.641000 
2.644400 
2.644400 
2.646000 
2.647100 
2.647500 
2.648300 
2.649300 
2.650000 
2.650200 
2.652100 
2.653100 
2.654500 
2.655500 
2.655700 
2.659300 
2.660100 
2.660400 
2.660600 
2.662200 
2.663200 
2.663600 
2.664500 
2.664700 
2.664800 
2.665200 
2.668100 
2.668600 
2.669100 
2.669500 
2.669600 
2.671200 
2.672500 
2.672700 
2.673200 
2.673600 
2.673600 
2.674900 
2.674900 
2.676000 
2.677100 
2.677500 
2.677600 
2.678100 
2.678600 
2.679000 
2.679000 
2.682300 
2.683300 
2.687000 
2.687800 
2.689600 
2.689900 
2.690200 
2.691400 
2.691500 
2.691500 
2.691700 
2.691800 
2.692100 
2.692200 
2.692500 
2.693100 
2.693100 
2.693100 
2.693600 
2.695200 
2.695600 
2.695800 
2.696100 
2.696600 
2.697400 
2.697400 
2.697800 
2.698300 
2.698500 
2.700000 
2.701500 
2.703000 
2.703300 
2.703300 
2.703700 
2.703800 
2.706100 
2.707200 
2.707800 
2.708100 
2.708400 
2.708800 
2.708800 
2.709100 
2.711800 
2.711900 
2.712200 
2.712800 
2.713000 
2.714300 
2.714300 
2.714700 
2.715300 
2.716400 
2.717100 
2.717700 
2.718200 
2.718700 
2.719400 
2.719900 
2.720900 
2.721300 
2.721800 
2.721900 
2.722200 
2.723700 
2.724000 
2.724200 
2.724500 
2.724900 
2.725600 
2.726000 
2.726100 
2.727500 
2.728600 
2.729500 
2.730400 
2.731400 
2.731600 
2.733600 
2.735000 
2.735000 
2.735700 
2.735900 
2.735900 
2.736200 
2.736600 
2.736900 
2.739700 
2.739900 
2.740000 
2.740700 
2.740800 
2.741100 
2.742200 
2.742300 
2.742700 
2.742700 
2.743100 
2.744700 
2.745200 
2.746200 
2.748700 
2.748800 
2.749000 
2.751400 
2.751800 
2.754100 
2.754400 
2.755000 
2.755300 
2.757000 
2.758300 
2.759000 
2.759400 
2.760100 
2.761600 
2.762200 
2.763200 
2.764800 
2.766500 
2.767700 
2.770400 
2.772300 
2.773800 
2.774300 
2.774400 
2.777000 
2.778300 
2.778300 
2.778400 
2.779100 
2.779400 
2.780100 
2.781200 
2.781900 
2.782000 
2.782600 
2.782800 
2.785000 
2.787300 
2.787900 
2.789500 
2.790400 
2.790800 
2.791200 
2.794100 
2.794200 
2.795000 
2.795500 
2.797500 
2.800300 
2.800700 
2.801700 
2.802100 
2.802200 
2.807300 
2.808200 
2.809300 
2.810600 
2.815400 
2.816100 
2.816200 
2.817500 
2.818200 
2.819000 
2.819400 
2.819800 
2.820800 
2.822900 
2.823200 
2.827200 
2.827700 
2.828100 
2.829100 
2.829900 
2.831700 
2.831800 
2.832400 
2.835500 
2.835700 
2.836300 
2.838600 
2.839000 
2.840600 
2.843400 
2.845000 
2.847700 
2.847800 
2.847800 
2.848100 
2.848900 
2.849500 
2.849600 
2.853300 
2.853700 
2.854300 
2.854400 
2.854400 
2.854600 
2.854800 
2.855000 
2.856900 
2.858100 
2.859200 
2.859300 
2.859700 
2.860000 
2.861800 
2.863000 
2.864300 
2.864300 
2.865700 
2.865800 
2.866200 
2.866800 
2.867700 
2.869600 
2.870900 
2.871500 
2.873100 
2.873800 
2.874200 
2.875000 
2.875100 
2.877100 
2.877700 
2.878700 
2.879400 
2.879800 
2.881300 
2.881300 
2.881800 
2.882000 
2.883000 
2.883700 
2.884400 
2.884600 
2.885200 
2.886500 
2.887200 
2.888200 
2.888800 
2.888800 
2.888900 
2.888900 
2.889500 
2.889800 
2.892700 
2.893200 
2.893300 
2.894500 
2.898700 
2.900900 
2.902300 
2.903000 
2.903200 
2.903500 
2.904200 
2.906400 
2.906500 
2.907900 
2.908000 
2.908500 
2.908800 
2.908900 
2.909400 
2.910300 
2.910400 
2.912900 
2.914700 
2.914800 
2.914800 
2.915100 
2.915300 
2.916500 
2.917600 
2.918600 
2.918700 
2.919700 
2.919800 
2.920200 
2.922100 
2.922600 
2.924000 
2.924000 
2.924100 
2.924100 
2.925300 
2.925600 
2.926700 
2.926900 
2.928500 
2.928800 
2.929300 
2.929700 
2.930500 
2.930600 
2.931600 
2.931700 
2.931700 
2.932200 
2.933300 
2.934200 
2.935300 
2.936100 
2.941000 
2.941200 
2.942500 
2.942700 
2.943500 
2.944700 
2.944800 
2.946000 
2.946400 
2.947300 
2.948800 
2.949100 
2.949600 
2.949600 
2.949900 
2.951000 
2.953200 
2.953300 
2.954800 
2.955300 
2.956200 
2.957900 
2.958000 
2.959500 
2.960000 
2.960500 
2.960700 
2.961500 
2.961600 
2.962900 
2.963600 
2.963700 
2.963700 
2.964400 
2.964600 
2.964600 
2.965100 
2.966400 
2.966700 
2.968900 
2.969000 
2.969300 
2.969300 
2.969800 
2.970000 
2.971600 
2.973200 
2.974500 
2.975600 
2.977800 
2.977900 
2.980100 
2.980800 
2.980900 
2.982700 
2.983200 
2.984100 
2.985200 
2.985200 
2.985300 
2.985300 
2.985600 
2.988300 
2.988300 
2.990300 
2.991200 
2.991600 
2.992200 
2.992300 
2.992400 
2.993100 
2.993900 
2.994300 
2.995200 
2.995500 
2.995700 
2.997000 
2.997500 
2.998400 
2.999100 
