0.025000 
0.025200 
0.026000 
0.026300 
0.026800 
0.030000 
0.032500 
0.032700 
0.032700 
0.033300 
0.033600 
0.034600 
0.036200 
0.038400 
0.039200 
0.040100 
0.040900 
0.041400 
0.042200 
0.042300 
0.043800 
0.044800 
0.046400 
0.047100 
0.048400 
0.049200 
0.049200 
0.049300 
0.051200 
0.051200 
0.053300 
0.053400 
0.053500 
0.053800 
0.055800 
0.057600 
0.058300 
0.059400 
0.059600 
0.059900 
0.060300 
0.065400 
0.067800 
0.068100 
0.069400 
0.069900 
0.070100 
0.071800 
0.073200 
0.075100 
0.075200 
0.075300 
0.075600 
0.076100 
0.078400 
0.078500 
0.079800 
0.079900 
0.083400 
0.083500 
0.084300 
0.085600 
0.085700 
0.086500 
0.087300 
0.087600 
0.088200 
0.093300 
0.093700 
0.095900 
0.097300 
0.097700 
0.097800 
0.099300 
0.099600 
0.100800 
0.101400 
0.102000 
0.105200 
0.105800 
0.107100 
0.107600 
0.107700 
0.108600 
0.109000 
0.109500 
0.111700 
0.115200 
0.115700 
0.117100 
0.118000 
0.119900 
0.119900 
0.121000 
0.121800 
0.122100 
0.124700 
0.125100 
0.125200 
0.126800 
0.127400 
0.128000 
0.128500 
0.130600 
0.131300 
0.131400 
0.131800 
0.132100 
0.133000 
0.135400 
0.138000 
0.138600 
0.138700 
0.140200 
0.140300 
0.140400 
0.141700 
0.142300 
0.142300 
0.143100 
0.143300 
0.143300 
0.146600 
0.147100 
0.147700 
0.148800 
0.149900 
0.150000 
0.151600 
0.153200 
0.153500 
0.155700 
0.156800 
0.158300 
0.158700 
0.159400 
0.159500 
0.159700 
0.163600 
0.163800 
0.164100 
0.165600 
0.165800 
0.166800 
0.167700 
0.169500 
0.173700 
0.176000 
0.176300 
0.176600 
0.176700 
0.177600 
0.177900 
0.178000 
0.178400 
0.178600 
0.179500 
0.181900 
0.182700 
0.183100 
0.183700 
0.184300 
0.185000 
0.186100 
0.186600 
0.187600 
0.187900 
0.191200 
0.191300 
0.192200 
0.192400 
0.195600 
0.196200 
0.196600 
0.196700 
0.197000 
0.197100 
0.198700 
0.198800 
0.202700 
0.203000 
0.205300 
0.205700 
0.206600 
0.207000 
0.207100 
0.208200 
0.208300 
0.208400 
0.209200 
0.209700 
0.211700 
0.212800 
0.212800 
0.216200 
0.216200 
0.216800 
0.217500 
0.217800 
0.218200 
0.219700 
0.219800 
0.221700 
0.224000 
0.225200 
0.226300 
0.226400 
0.227100 
0.228300 
0.228600 
0.229800 
0.230000 
0.231100 
0.231400 
0.232100 
0.234900 
0.237900 
0.238900 
0.241000 
0.241300 
0.242100 
0.244700 
0.245200 
0.245500 
0.246700 
0.247700 
0.252000 
0.253600 
0.254600 
0.257600 
0.258300 
0.259200 
0.259300 
0.259800 
0.261000 
0.262700 
0.263300 
0.263600 
0.264000 
0.264100 
0.266400 
0.267200 
0.267500 
0.267900 
0.268100 
0.268500 
0.268600 
0.268800 
0.269200 
0.269900 
0.270100 
0.270600 
0.272800 
0.273200 
0.275100 
0.276100 
0.277900 
0.278300 
0.279800 
0.280600 
0.281100 
0.284400 
0.284500 
0.286000 
0.287900 
0.289600 
0.290900 
0.291000 
0.291200 
0.293000 
0.293600 
0.294700 
0.298700 
0.300200 
0.301100 
0.302100 
0.302300 
0.302700 
0.303300 
0.303600 
0.304200 
0.304800 
0.305900 
0.307900 
0.312500 
0.313400 
0.315200 
0.315400 
0.317300 
0.317700 
0.320900 
0.321800 
0.323300 
0.323400 
0.323900 
0.324000 
0.324700 
0.324700 
0.326200 
0.327700 
0.327700 
0.329000 
0.329100 
0.329200 
0.329200 
0.330400 
0.331600 
0.332700 
0.332900 
0.333500 
0.334400 
0.334900 
0.335300 
0.336300 
0.337100 
0.337500 
0.338300 
0.338300 
0.339100 
0.339200 
0.339900 
0.342000 
0.342300 
0.344700 
0.349700 
0.351200 
0.352100 
0.356300 
0.356600 
0.359800 
0.360000 
0.360700 
0.361700 
0.362100 
0.363500 
0.364600 
0.364800 
0.364800 
0.365100 
0.365200 
0.366100 
0.366800 
0.368600 
0.369000 
0.370000 
0.372900 
0.372900 
0.372900 
0.373300 
0.373500 
0.374300 
0.374600 
0.378000 
0.378000 
0.379300 
0.379400 
0.380000 
0.380300 
0.381900 
0.382000 
0.388000 
0.390600 
0.390600 
0.390900 
0.392600 
0.392700 
0.394000 
0.394300 
0.394300 
0.395700 
0.396400 
0.398700 
0.399400 
0.399500 
0.400500 
0.401000 
0.401000 
0.404300 
0.405700 
0.406800 
0.407200 
0.408200 
0.410500 
0.411700 
0.412300 
0.412400 
0.412900 
0.413600 
0.414000 
0.414700 
0.415500 
0.416800 
0.418600 
0.419900 
0.423000 
0.423300 
0.423300 
0.423600 
0.424700 
0.424800 
0.424800 
0.425300 
0.427100 
0.429400 
0.429400 
0.432300 
0.434500 
0.438900 
0.440000 
0.441300 
0.442800 
0.443300 
0.443400 
0.443600 
0.443900 
0.445000 
0.446500 
0.450600 
0.451100 
0.451200 
0.452200 
0.455600 
0.455800 
0.456100 
0.456600 
0.457900 
0.459100 
0.460000 
0.460600 
0.460700 
0.461300 
0.461400 
0.461800 
0.462400 
0.462800 
0.462800 
0.463200 
0.464300 
0.466600 
0.467000 
0.468000 
0.468800 
0.468900 
0.474100 
0.476500 
0.478700 
0.479400 
0.479600 
0.480200 
0.482500 
0.482700 
0.483300 
0.484000 
0.486100 
0.489300 
0.489300 
0.490300 
0.493400 
0.493700 
0.494100 
0.494400 
0.496400 
0.496700 
0.496700 
0.497000 
0.498500 
0.500900 
0.501100 
0.501200 
0.501900 
0.502300 
0.503200 
0.506200 
0.507100 
0.507200 
0.508000 
0.508100 
0.509200 
0.511700 
0.512300 
0.512700 
0.513100 
0.513500 
0.513600 
0.514500 
0.516400 
0.519000 
0.520200 
0.522300 
0.523800 
0.524800 
0.529400 
0.529700 
0.529800 
0.530600 
0.530700 
0.531000 
0.531500 
0.532000 
0.534100 
0.534400 
0.535600 
0.536600 
0.537300 
0.538800 
0.539600 
0.541000 
0.543100 
0.544200 
0.545000 
0.545400 
0.547600 
0.549300 
0.550500 
0.551300 
0.553600 
0.554000 
0.555200 
0.555200 
0.555800 
0.556500 
0.556500 
0.557500 
0.558100 
0.558200 
0.559100 
0.560300 
0.560300 
0.560500 
0.561100 
0.563200 
0.563200 
0.565900 
0.567400 
0.570900 
0.571400 
0.572700 
0.573600 
0.575400 
0.577700 
0.578300 
0.579300 
0.580200 
0.581900 
0.582200 
0.585300 
0.588300 
0.588900 
0.590100 
0.590100 
0.590200 
0.591600 
0.593600 
0.594500 
0.595500 
0.595800 
0.595900 
0.599800 
0.600100 
0.600400 
0.600400 
0.600500 
0.601200 
0.601900 
0.602000 
0.602300 
0.603600 
0.605200 
0.605900 
0.606200 
0.606700 
0.607000 
0.608200 
0.608800 
0.609100 
0.614300 
0.615800 
0.617100 
0.617300 
0.618600 
0.619500 
0.620200 
0.620700 
0.623900 
0.624400 
0.624600 
0.624600 
0.625000 
0.626000 
0.626000 
0.626900 
0.627500 
0.627500 
0.627700 
0.628100 
0.628500 
0.628600 
0.631000 
0.632000 
0.632900 
0.635100 
0.635900 
0.636100 
0.642800 
0.646500 
0.647400 
0.648100 
0.649800 
0.649800 
0.650400 
0.650400 
0.652000 
0.652000 
0.654500 
0.655200 
0.655200 
0.656700 
0.657000 
0.657100 
0.657300 
0.658200 
0.659800 
0.660300 
0.663200 
0.663900 
0.664600 
0.664600 
0.664900 
0.665600 
0.665900 
0.667200 
0.668000 
0.668000 
0.668200 
0.669000 
0.670800 
0.672700 
0.675400 
0.675900 
0.677200 
0.677900 
0.678200 
0.678300 
0.680400 
0.681000 
0.682000 
0.684400 
0.685000 
0.688700 
0.691100 
0.691800 
0.691900 
0.692900 
0.695900 
0.696100 
0.696800 
0.697900 
0.698400 
0.698600 
0.698700 
0.698800 
0.699000 
0.699600 
0.700200 
0.704400 
0.705600 
0.706000 
0.706400 
0.706700 
0.707100 
0.707200 
0.707400 
0.708400 
0.709300 
0.709700 
0.709900 
0.710400 
0.712200 
0.712300 
0.716500 
0.716900 
0.720600 
0.721200 
0.722400 
0.722400 
0.722600 
0.724800 
0.725300 
0.730500 
0.730700 
0.730800 
0.733100 
0.734100 
0.734200 
0.734300 
0.735700 
0.736700 
0.736900 
0.737100 
0.740100 
0.741600 
0.742000 
0.742100 
0.742600 
0.743400 
0.743700 
0.745800 
0.746000 
0.748700 
0.749200 
0.749400 
0.750100 
0.751300 
0.753200 
0.753700 
0.754600 
0.755300 
0.755600 
0.756900 
0.758000 
0.758400 
0.760100 
0.760700 
0.761600 
0.762400 
0.762600 
0.762800 
0.763800 
0.764000 
0.765700 
0.766100 
0.767200 
0.767200 
0.769100 
0.771100 
0.774500 
0.776300 
0.776800 
0.778000 
0.780400 
0.780700 
0.781000 
0.782300 
0.783000 
0.783400 
0.784800 
0.785600 
0.788300 
0.789100 
0.790600 
0.793200 
0.793300 
0.793500 
0.794100 
0.794200 
0.795400 
0.795800 
0.796000 
0.796600 
0.798200 
0.799000 
0.799100 
0.799400 
0.801600 
0.801800 
0.802000 
0.802000 
0.802200 
0.802800 
0.803600 
0.804900 
0.805300 
0.808900 
0.809800 
0.810700 
0.812500 
0.813900 
0.814100 
0.814800 
0.819400 
0.820500 
0.820700 
0.820900 
0.821200 
0.821900 
0.823200 
0.823800 
0.830600 
0.831600 
0.832100 
0.833700 
0.833900 
0.834300 
0.836300 
0.837400 
0.837600 
0.837700 
0.839200 
0.840300 
0.840300 
0.840300 
0.840400 
0.840500 
0.840600 
0.842000 
0.842600 
0.843300 
0.843300 
0.844000 
0.846400 
0.846900 
0.847900 
0.848700 
0.850000 
0.851200 
0.852200 
0.852300 
0.852900 
0.853100 
0.854000 
0.854800 
0.858100 
0.858800 
0.859700 
0.860300 
0.861200 
0.862200 
0.863200 
0.863300 
0.864500 
0.866400 
0.866900 
0.867900 
0.869600 
0.872100 
0.872100 
0.872400 
0.873000 
0.873200 
0.876200 
0.878300 
0.880200 
0.880900 
0.883900 
0.885100 
0.885800 
0.887000 
0.888700 
0.888800 
0.889400 
0.889500 
0.890400 
0.891200 
0.892000 
0.892400 
0.892900 
0.893100 
0.893400 
0.893400 
0.894100 
0.894900 
0.895100 
0.897700 
0.899000 
0.903800 
0.903900 
0.904100 
0.904500 
0.906200 
0.907100 
0.907400 
0.908800 
0.909200 
0.910000 
0.910400 
0.910500 
0.913100 
0.914500 
0.914800 
0.915300 
0.915700 
0.917300 
0.917500 
0.918400 
0.918500 
0.918600 
0.918800 
0.920200 
0.921100 
0.922300 
0.922300 
0.927600 
0.927700 
0.928700 
0.929000 
0.929800 
0.931700 
0.931900 
0.932400 
0.933100 
0.934800 
0.934900 
0.936300 
0.937700 
0.938600 
0.938900 
0.939100 
0.939200 
0.941000 
0.941400 
0.942700 
0.943500 
0.944800 
0.945500 
0.952700 
0.953400 
0.953400 
0.953900 
0.954200 
0.954700 
0.955000 
0.955400 
0.956900 
0.957400 
0.957400 
0.958200 
0.958300 
0.960800 
0.962500 
0.965800 
0.966700 
0.967200 
0.967300 
0.967400 
0.967700 
0.968600 
0.968800 
0.970800 
0.970900 
0.971900 
0.975800 
0.976300 
0.977300 
0.977400 
0.978200 
0.978200 
0.978200 
0.978900 
0.979000 
0.979200 
0.979600 
0.980700 
0.980700 
0.985900 
0.986000 
0.986500 
0.989900 
0.989900 
0.991200 
0.991800 
0.992600 
0.992800 
0.993100 
0.993800 
0.993900 
0.995700 
0.996100 
0.998100 
0.998900 
0.999500 
0.999600 
0.999900 
1.001500 
1.003000 
1.005300 
1.006700 
1.006800 
1.007000 
1.007300 
1.008300 
1.008300 
1.008800 
1.009800 
1.012100 
1.012400 
1.012600 
1.012900 
1.015200 
1.015400 
1.017300 
1.019400 
1.019600 
1.019700 
1.021600 
1.022600 
1.022900 
1.024100 
1.025000 
1.028400 
1.029700 
1.030000 
1.030500 
1.032000 
1.033300 
1.034700 
1.034900 
1.034900 
1.035200 
1.035700 
1.035700 
1.037700 
1.040700 
1.041000 
1.042600 
1.044200 
1.044800 
1.045800 
1.047800 
1.049100 
1.049700 
1.049800 
1.050400 
1.050800 
1.052500 
1.052600 
1.053200 
1.055800 
1.056500 
1.058100 
1.058800 
1.061900 
1.062300 
1.062500 
1.065500 
1.065700 
1.066200 
1.066600 
1.066900 
1.067300 
1.068000 
1.068200 
1.069400 
1.069900 
1.070400 
1.071400 
1.072300 
1.073400 
1.074700 
1.078000 
1.082200 
1.082600 
1.085500 
1.087000 
1.087500 
1.089200 
1.089900 
1.090000 
1.090100 
1.090900 
1.091300 
1.091800 
1.094100 
1.094500 
1.095500 
1.095700 
1.096200 
1.097500 
1.098600 
1.098700 
1.100500 
1.101400 
1.104400 
1.104800 
1.105200 
1.105300 
1.105900 
1.107400 
1.109800 
1.111000 
1.111700 
1.114300 
1.114800 
1.116800 
1.117900 
1.118300 
1.121900 
1.122000 
1.122600 
1.122900 
1.126100 
1.126400 
1.127700 
1.128900 
1.131000 
1.132800 
1.134600 
1.135200 
1.135700 
1.136500 
1.137600 
1.138400 
1.138900 
1.139300 
1.139300 
1.142300 
1.142400 
1.142500 
1.142600 
1.143200 
1.143700 
1.144000 
1.144100 
1.144200 
1.148400 
1.148600 
1.150100 
1.150400 
1.151200 
1.154000 
1.154700 
1.156000 
1.157800 
1.158300 
1.160200 
1.160500 
1.161500 
1.161500 
1.162000 
1.165200 
1.166800 
1.167100 
1.168900 
1.169100 
1.171900 
1.173400 
1.174000 
1.174300 
1.174400 
1.174400 
1.174600 
1.175600 
1.176200 
1.177000 
1.178300 
1.179100 
1.179200 
1.179700 
1.182000 
1.183000 
1.184900 
1.185600 
1.187000 
1.187700 
1.188900 
1.189400 
1.189700 
1.192500 
1.193500 
1.193600 
1.195600 
1.195800 
1.200600 
1.201100 
1.201800 
1.203000 
1.203100 
1.204000 
1.205000 
1.205500 
1.207000 
1.208200 
1.208700 
1.209900 
1.210100 
1.211100 
1.211100 
1.211500 
1.214000 
1.214400 
1.214400 
1.215700 
1.217700 
1.218400 
1.219200 
1.219700 
1.220800 
1.221300 
1.221500 
1.225900 
1.226700 
1.227700 
1.228000 
1.228400 
1.228700 
1.228800 
1.229000 
1.231200 
1.232300 
1.233000 
1.233400 
1.233600 
1.239200 
1.239900 
1.240300 
1.240800 
1.241400 
1.241400 
1.241500 
1.243000 
1.243500 
1.244000 
1.244900 
1.245100 
1.246300 
1.247200 
1.248700 
1.248800 
1.250500 
1.250600 
1.252000 
1.253200 
1.254400 
1.255600 
1.256000 
1.257800 
1.258900 
1.259600 
1.259900 
1.262900 
1.267200 
1.267700 
1.267900 
1.267900 
1.268200 
1.268700 
1.269500 
1.269900 
1.271300 
1.271900 
1.275100 
1.276100 
1.276500 
1.276900 
1.278600 
1.280000 
1.280200 
1.281400 
1.281500 
1.282400 
1.285900 
1.286100 
1.286400 
1.287600 
1.287700 
1.288100 
1.289100 
1.290400 
1.290500 
1.291700 
1.293100 
1.293200 
1.294400 
1.295000 
1.295400 
1.296000 
1.296800 
1.298400 
1.299200 
1.299600 
1.300200 
1.300300 
1.301100 
1.301400 
1.302400 
1.303200 
1.304100 
1.306100 
1.306200 
1.306700 
1.306900 
1.307900 
1.308400 
1.310600 
1.311000 
1.311200 
1.312900 
1.314200 
1.314200 
1.315400 
1.315500 
1.316100 
1.317200 
1.318100 
1.321200 
1.321400 
1.322200 
1.323100 
1.324100 
1.325500 
1.327000 
1.327100 
1.327100 
1.328700 
1.330200 
1.330600 
1.331300 
1.332500 
1.332600 
1.335000 
1.335200 
1.335600 
1.337400 
1.337700 
1.339700 
1.341400 
1.342000 
1.342200 
1.342800 
1.343700 
1.344300 
1.347700 
1.348900 
1.348900 
1.349200 
1.353000 
1.353400 
1.354100 
1.355800 
1.357800 
1.358000 
1.358900 
1.360000 
1.360600 
1.361200 
1.361400 
1.362200 
1.364900 
1.366000 
1.369200 
1.371600 
1.374100 
1.374600 
1.374800 
1.375800 
1.375900 
1.376900 
1.376900 
1.377000 
1.377400 
1.377600 
1.378200 
1.378300 
1.381100 
1.381300 
1.384200 
1.384700 
1.384700 
1.385500 
1.385500 
1.386200 
1.386300 
1.387800 
1.388200 
1.388300 
1.388500 
1.388900 
1.389500 
1.393100 
1.395000 
1.400900 
1.401000 
1.401900 
1.402300 
1.403300 
1.404200 
1.407900 
1.408600 
1.408900 
1.409700 
1.409900 
1.411000 
1.412200 
1.413400 
1.414000 
1.414600 
1.414600 
1.415300 
1.416800 
1.417100 
1.417100 
1.418400 
1.419400 
1.420900 
1.421400 
1.421500 
1.421600 
1.422300 
1.424500 
1.425900 
1.426800 
1.427000 
1.429800 
1.430200 
1.430900 
1.432700 
1.433300 
1.434700 
1.435100 
1.436300 
1.438800 
1.439200 
1.440100 
1.442800 
1.442900 
1.443700 
1.445500 
1.445900 
1.446800 
1.447000 
1.447100 
1.447800 
1.448700 
1.450300 
1.450500 
1.453200 
1.455300 
1.455600 
1.458500 
1.459000 
1.460000 
1.460100 
1.461200 
1.462500 
1.465600 
1.467400 
1.468300 
1.468600 
1.469500 
1.470200 
1.471400 
1.471700 
1.472000 
1.474600 
1.475300 
1.476400 
1.476800 
1.478100 
1.480000 
1.480100 
1.480500 
1.483900 
1.484200 
1.485200 
1.486100 
1.486100 
1.486600 
1.488000 
1.488500 
1.488600 
1.489400 
1.490100 
1.490500 
1.491400 
1.492300 
1.492800 
1.493500 
1.495400 
1.496800 
1.497000 
1.497500 
1.499800 
1.499900 
1.500500 
1.501000 
1.502300 
1.502500 
1.504400 
1.507500 
1.510200 
1.510600 
1.511900 
1.511900 
1.515400 
1.515700 
1.516500 
1.518300 
1.519500 
1.521700 
1.524600 
1.526000 
1.526100 
1.526300 
1.526500 
1.527500 
1.528100 
1.528300 
1.528400 
1.531000 
1.531300 
1.531300 
1.531800 
1.532100 
1.534200 
1.536800 
1.537100 
1.539900 
1.539900 
1.541700 
1.543000 
1.543200 
1.543200 
1.544000 
1.544000 
1.544500 
1.544900 
1.545400 
1.546900 
1.547900 
1.550100 
1.551700 
1.554200 
1.555400 
1.555400 
1.555700 
1.556400 
1.559100 
1.559200 
1.559500 
1.563200 
1.563900 
1.563900 
1.565500 
1.565600 
1.565900 
1.566100 
1.567800 
1.568000 
1.569300 
1.571100 
1.572800 
1.572800 
1.573700 
1.574300 
1.574400 
1.574700 
1.575600 
1.575700 
1.576900 
1.577600 
1.578200 
1.579500 
1.580300 
1.580300 
1.582600 
1.584500 
1.584500 
1.584800 
1.585000 
1.591200 
1.592600 
1.594100 
1.594600 
1.594600 
1.594700 
1.595800 
1.595800 
1.596300 
1.596400 
1.597800 
1.598500 
1.599200 
1.599800 
1.602400 
1.602600 
1.606500 
1.606700 
1.607200 
1.607900 
1.608200 
1.610800 
1.611400 
1.611600 
1.612500 
1.614700 
1.616500 
1.618300 
1.618800 
1.619700 
1.621200 
1.621700 
1.621800 
1.623900 
1.625000 
1.627700 
1.627800 
1.628600 
1.631900 
1.632000 
1.633800 
1.633900 
1.634900 
1.635700 
1.635800 
1.638000 
1.638700 
1.641600 
1.641900 
1.642000 
1.642500 
1.643000 
1.643100 
1.645000 
1.645100 
1.646100 
1.646100 
1.646200 
1.647800 
1.648500 
1.649300 
1.651100 
1.655200 
1.655500 
1.659700 
1.660100 
1.660400 
1.660400 
1.660400 
1.661000 
1.661200 
1.664500 
1.666000 
1.667400 
1.669600 
1.669700 
1.670700 
1.672500 
1.672600 
1.674400 
1.674600 
1.674600 
1.678100 
1.678600 
1.678900 
1.679900 
1.680400 
1.680600 
1.680700 
1.680900 
1.681600 
1.682000 
1.682600 
1.682700 
1.682900 
1.685800 
1.686400 
1.689700 
1.689700 
1.690100 
1.691900 
1.693800 
1.694600 
1.695400 
1.696500 
1.697900 
1.700900 
1.702200 
1.703200 
1.703400 
1.704700 
1.705000 
1.705000 
1.705700 
1.706500 
1.706800 
1.706800 
1.708500 
1.709600 
1.711100 
1.711200 
1.711600 
1.711900 
1.713600 
1.714000 
1.714600 
1.715100 
1.716600 
1.718400 
1.719900 
1.720800 
1.722200 
1.722800 
1.723100 
1.724200 
1.727100 
1.727500 
1.730900 
1.732800 
1.733700 
1.734200 
1.734300 
1.736000 
1.737200 
1.738100 
1.738300 
1.739200 
1.740900 
1.740900 
1.741800 
1.741900 
1.742300 
1.743200 
1.746100 
1.746400 
1.746500 
1.748300 
1.748700 
1.750000 
1.751600 
1.751900 
1.752300 
1.752400 
1.752700 
1.753100 
1.753500 
1.754800 
1.759000 
1.759500 
1.759500 
1.759900 
1.760100 
1.763500 
1.764100 
1.764300 
1.764400 
1.764600 
1.764800 
1.765400 
1.766600 
1.766800 
1.768000 
1.772400 
1.773200 
1.773700 
1.774000 
1.775400 
1.776200 
1.777100 
1.777800 
1.777900 
1.779100 
1.780600 
1.781800 
1.783100 
1.785600 
1.786400 
1.786800 
1.788300 
1.790000 
1.790500 
1.790500 
1.792200 
1.793900 
1.795300 
1.795700 
1.797700 
1.799300 
1.799800 
1.799900 
1.800900 
1.801300 
1.803500 
1.803900 
1.804700 
1.804800 
1.805700 
1.806000 
1.807100 
1.808600 
1.810300 
1.810800 
1.811300 
1.812500 
1.814800 
1.816700 
1.817600 
1.819300 
1.819500 
1.819700 
1.822800 
1.824600 
1.825000 
1.825300 
1.825900 
1.827200 
1.828700 
1.828800 
1.829400 
1.829500 
1.829800 
1.831200 
1.831200 
1.833200 
1.836500 
1.836700 
1.836700 
1.837000 
1.838500 
1.840300 
1.843800 
1.844100 
1.844100 
1.844500 
1.846900 
1.847300 
1.847700 
1.847800 
1.849900 
1.850000 
1.851900 
1.853600 
1.854200 
1.854300 
1.854900 
1.855300 
1.856200 
1.856500 
1.857500 
1.859600 
1.859900 
1.859900 
1.860300 
1.861300 
1.861400 
1.862000 
1.864300 
1.869700 
1.870700 
1.871400 
1.872000 
1.872600 
1.872900 
1.873200 
1.874300 
1.876900 
1.877700 
1.879500 
1.879700 
1.881400 
1.882100 
1.883800 
1.885900 
1.886700 
1.888100 
1.888200 
1.889800 
1.891200 
1.892200 
1.892900 
1.894200 
1.895500 
1.895900 
1.897800 
1.898600 
1.899100 
1.901500 
1.901900 
1.902500 
1.903600 
1.903900 
1.905300 
1.908000 
1.908000 
1.908200 
1.908300 
1.908500 
1.910100 
1.910200 
1.910700 
1.912000 
1.912900 
1.916400 
1.916800 
1.918500 
1.919500 
1.919800 
1.922800 
1.925700 
1.926900 
1.927600 
1.927900 
1.930000 
1.930100 
1.930100 
1.934500 
1.935800 
1.935800 
1.936600 
1.936800 
1.936900 
1.936900 
1.937400 
1.939100 
1.939200 
1.940400 
1.940600 
1.941100 
1.941700 
1.941700 
1.942600 
1.942700 
1.942900 
1.945500 
1.945800 
1.946700 
1.949200 
1.949600 
1.951600 
1.954000 
1.955100 
1.957500 
1.958600 
1.959300 
1.962400 
1.964400 
1.966500 
1.966800 
1.968300 
1.968500 
1.970700 
1.970900 
1.970900 
1.971600 
1.975300 
1.976100 
1.976100 
1.976700 
1.978300 
1.978500 
1.978900 
1.979600 
1.979800 
1.980100 
1.981100 
1.981700 
1.983600 
1.983900 
1.984100 
1.984900 
1.986200 
1.988000 
1.988500 
1.991100 
1.991600 
1.993100 
1.998200 
1.998400 
1.999800 
1.999800 
2.000200 
2.004200 
2.004300 
2.004500 
2.004600 
2.004900 
2.007100 
2.007700 
2.009000 
2.012000 
2.012000 
2.012600 
2.012700 
2.014600 
2.016100 
2.016400 
2.017700 
2.019100 
2.022200 
2.022700 
2.023100 
2.023100 
2.023500 
2.024400 
2.024600 
2.024600 
2.024600 
2.026700 
2.028100 
2.028600 
2.033900 
2.036700 
2.037000 
2.037100 
2.037200 
2.038000 
2.038100 
2.039400 
2.039500 
2.040200 
2.041300 
2.041800 
2.042100 
2.043500 
2.044000 
2.044400 
2.045000 
2.045200 
2.046000 
2.046200 
2.049500 
2.049600 
2.052000 
2.053300 
2.054900 
2.056600 
2.057900 
2.058500 
2.059600 
2.061500 
2.062100 
2.062300 
2.066700 
2.067000 
2.068100 
2.068500 
2.068700 
2.069100 
2.069100 
2.070800 
2.071500 
2.071700 
2.072200 
2.072400 
2.072600 
2.072900 
2.073400 
2.078500 
2.078500 
2.079800 
2.081000 
2.081900 
2.082000 
2.082500 
2.083600 
2.084300 
2.084500 
2.085700 
2.085700 
2.085800 
2.089000 
2.089600 
2.090600 
2.092200 
2.092600 
2.096200 
2.096700 
2.097200 
2.098500 
2.099600 
2.101700 
2.103400 
2.103800 
2.106400 
2.106500 
2.106500 
2.107800 
2.108600 
2.109000 
2.109200 
2.109800 
2.109900 
2.110100 
2.110300 
2.111700 
2.113600 
2.115700 
2.117100 
2.117200 
2.117300 
2.118600 
2.119200 
2.120500 
2.121500 
2.121700 
2.121700 
2.123800 
2.124300 
2.127300 
2.127700 
2.128500 
2.128700 
2.128700 
2.130200 
2.134200 
2.135000 
2.135000 
2.137200 
2.137400 
2.141500 
2.141800 
2.141800 
2.143500 
2.143600 
2.143700 
2.143700 
2.145800 
2.147200 
2.148900 
2.150800 
2.151800 
2.152500 
2.152800 
2.153400 
2.155900 
2.156400 
2.156500 
2.156900 
2.157200 
2.157900 
2.157900 
2.159400 
2.160400 
2.161400 
2.162800 
2.162800 
2.164300 
2.167600 
2.168200 
2.168300 
2.168500 
2.169000 
2.169600 
2.170200 
2.172000 
2.173000 
2.177600 
2.178500 
2.178500 
2.178600 
2.179500 
2.180200 
2.181600 
2.182000 
2.182400 
2.183200 
2.183400 
2.185100 
2.186100 
2.186300 
2.186300 
2.187000 
2.190300 
2.191200 
2.192000 
2.192700 
2.194200 
2.195100 
2.195600 
2.195700 
2.196600 
2.198200 
2.200900 
2.201200 
2.201700 
2.202300 
2.207300 
2.208400 
2.210600 
2.212500 
2.212600 
2.214600 
2.214900 
2.217900 
2.219000 
2.220000 
2.220900 
2.222400 
2.222400 
2.222600 
2.222900 
2.224400 
2.226200 
2.226700 
2.227500 
2.228900 
2.229100 
2.229500 
2.229600 
2.229700 
2.229800 
2.231500 
2.232700 
2.233000 
2.233600 
2.233600 
2.233800 
2.235400 
2.236600 
2.236600 
2.236800 
2.237700 
2.238600 
2.238600 
2.240700 
2.240900 
2.245600 
2.248500 
2.251100 
2.251400 
2.251900 
2.254400 
2.254900 
2.255100 
2.257600 
2.258300 
2.258400 
2.259000 
2.261900 
2.261900 
2.264100 
2.264400 
2.264500 
2.264500 
2.266100 
2.267800 
2.268700 
2.268900 
2.269100 
2.269800 
2.271500 
2.272400 
2.272500 
2.272800 
2.273700 
2.274800 
2.275900 
2.276000 
2.276100 
2.276600 
2.277100 
2.278000 
2.278500 
2.279600 
2.282000 
2.282400 
2.283400 
2.285900 
2.286300 
2.287500 
2.287700 
2.288400 
2.289400 
2.290600 
2.293900 
2.294500 
2.298000 
2.298100 
2.298100 
2.298200 
2.299900 
2.300500 
2.301900 
2.302100 
2.302400 
2.304500 
2.305100 
2.305500 
2.305800 
2.307200 
2.307300 
2.308700 
2.308700 
2.308800 
2.310000 
2.311800 
2.314600 
2.314900 
2.316000 
2.316900 
2.317600 
2.318300 
2.318400 
2.319100 
2.323700 
2.324900 
2.325000 
2.325200 
2.325800 
2.325800 
2.328000 
2.332100 
2.332400 
2.332700 
2.334100 
2.334200 
2.335800 
2.336300 
2.336900 
2.337900 
2.338200 
2.338300 
2.338600 
2.340600 
2.341800 
2.342600 
2.342900 
2.343700 
2.346300 
2.348300 
2.348500 
2.348700 
2.350000 
2.351100 
2.353000 
2.353700 
2.353700 
2.354300 
2.356300 
2.356600 
2.357300 
2.358600 
2.359700 
2.360000 
2.360900 
2.360900 
2.362200 
2.362700 
2.363200 
2.363800 
2.363900 
2.364300 
2.364500 
2.367200 
2.367500 
2.371900 
2.373800 
2.374300 
2.374700 
2.375100 
2.375600 
2.376700 
2.379300 
2.381200 
2.381200 
2.381400 
2.382500 
2.383400 
2.386000 
2.386200 
2.387000 
2.387300 
2.388100 
2.388300 
2.388600 
2.390900 
2.391000 
2.391600 
2.393200 
2.394200 
2.395100 
2.396600 
2.397500 
2.400000 
2.401700 
2.401700 
2.402000 
2.402800 
2.403000 
2.405900 
2.406300 
2.406600 
2.406600 
2.406900 
2.408800 
2.408800 
2.409200 
2.410600 
2.411500 
2.412700 
2.414000 
2.414600 
2.415400 
2.416600 
2.418700 
2.420100 
2.420900 
2.421400 
2.423500 
2.424500 
2.425100 
2.425300 
2.426500 
2.428800 
2.430200 
2.430200 
2.430300 
2.430300 
2.435700 
2.436000 
2.436000 
2.438300 
2.440000 
2.440200 
2.441600 
2.442500 
2.444200 
2.444500 
2.445100 
2.446600 
2.447200 
2.447400 
2.449800 
2.449900 
2.450500 
2.450800 
2.452000 
2.452400 
2.452500 
2.453000 
2.454500 
2.454600 
2.456400 
2.457400 
2.457600 
2.459500 
2.460500 
2.461800 
2.462300 
2.462700 
2.464200 
2.466900 
2.468100 
2.468300 
2.468400 
2.468700 
2.468900 
2.469900 
2.470700 
2.472900 
2.473800 
2.474000 
2.474800 
2.475800 
2.477400 
2.479600 
2.481200 
2.481400 
2.482200 
2.483000 
2.484000 
2.484900 
2.486700 
2.488100 
2.492400 
2.492900 
2.494800 
2.495900 
2.496400 
2.496700 
2.497100 
2.498600 
2.499600 
2.499700 
2.499700 
2.500300 
2.503400 
2.503700 
2.504900 
2.504900 
2.506300 
2.507400 
2.508400 
2.510000 
2.511000 
2.514800 
2.515100 
2.516100 
2.517500 
2.518000 
2.518400 
2.518700 
2.519500 
2.520000 
2.520100 
2.521600 
2.523900 
2.524100 
2.524700 
2.525600 
2.528900 
2.529200 
2.532600 
2.532700 
2.532800 
2.534000 
2.534900 
2.540400 
2.541000 
2.541200 
2.541500 
2.541700 
2.542300 
2.543600 
2.544200 
2.544300 
2.545300 
2.549200 
2.551200 
2.552900 
2.554400 
2.554400 
2.555000 
2.555400 
2.556700 
2.556900 
2.557000 
2.560200 
2.561000 
2.561500 
2.562000 
2.562100 
2.564600 
2.568100 
2.569100 
2.569300 
2.570000 
2.570200 
2.571300 
2.572600 
2.573500 
2.574500 
2.574900 
2.576300 
2.577300 
2.577500 
2.577900 
2.581300 
2.583500 
2.585000 
2.585700 
2.588100 
2.588900 
2.589100 
2.589200 
2.589900 
2.590200 
2.590300 
2.592000 
2.592400 
2.594400 
2.594800 
2.595800 
2.597100 
2.597200 
2.598200 
2.598300 
2.598400 
2.598600 
2.601000 
2.602500 
2.604000 
2.605200 
2.606300 
2.607000 
2.607000 
2.607900 
2.608300 
2.608500 
2.610300 
2.611700 
2.612000 
2.613800 
2.614600 
2.614700 
2.616200 
2.616700 
2.616700 
2.619900 
2.620300 
2.620300 
2.620800 
2.624600 
2.624700 
2.626100 
2.627800 
2.629800 
2.630900 
2.630900 
2.631300 
2.631300 
2.631700 
2.633700 
2.635500 
2.636100 
2.636900 
2.638400 
2.638600 
2.639400 
2.639400 
2.639500 
2.640400 
2.641900 
2.643500 
2.646600 
2.647900 
2.647900 
2.648000 
2.649200 
2.651000 
2.651000 
2.652900 
2.653200 
2.654900 
2.655700 
2.657400 
2.659600 
2.659900 
2.660500 
2.661100 
2.662400 
2.663400 
2.664000 
2.664100 
2.666200 
2.666300 
2.667700 
2.668200 
2.669600 
2.670100 
2.673200 
2.674000 
2.674700 
2.675600 
2.676400 
2.676600 
2.677400 
2.678400 
2.679400 
2.680400 
2.680800 
2.682300 
2.682700 
2.683800 
2.685300 
2.686800 
2.686800 
2.687600 
2.687800 
2.688800 
2.690900 
2.691600 
2.692100 
2.693400 
2.693800 
2.694800 
2.696300 
2.697000 
2.698600 
2.699000 
2.699200 
2.699500 
2.699600 
2.699800 
2.701600 
2.702700 
2.703400 
2.703900 
2.704600 
2.704600 
2.705700 
2.706100 
2.706300 
2.708300 
2.710000 
2.711800 
2.713200 
2.715200 
2.715900 
2.716000 
2.718100 
2.718700 
2.720200 
2.720900 
2.725400 
2.725500 
2.728400 
2.730900 
2.731200 
2.731300 
2.731600 
2.732100 
2.732400 
2.732600 
2.733100 
2.734500 
2.736700 
2.737000 
2.738800 
2.741300 
2.741700 
2.743800 
2.743800 
2.744300 
2.745000 
2.745300 
2.747000 
2.749200 
2.749300 
2.750500 
2.751300 
2.751500 
2.751700 
2.751800 
2.752400 
2.752600 
2.753700 
2.753900 
2.755000 
2.755200 
2.756000 
2.756200 
2.756300 
2.756400 
2.759000 
2.760600 
2.760700 
2.761900 
2.762500 
2.769000 
2.769700 
2.770700 
2.772900 
2.773000 
2.773200 
2.773300 
2.774300 
2.774600 
2.777900 
2.779100 
2.779600 
2.779900 
2.780300 
2.780500 
2.780800 
2.781900 
2.782300 
2.783200 
2.783500 
2.783800 
2.785600 
2.787500 
2.787700 
2.788100 
2.788600 
2.789500 
2.792000 
2.793600 
2.793700 
2.794300 
2.796100 
2.796700 
2.797400 
2.797700 
2.799500 
2.801400 
2.802800 
2.803300 
2.803500 
2.803600 
2.804500 
2.807500 
2.808300 
2.808700 
2.809400 
2.810500 
2.810500 
2.811200 
2.811700 
2.812200 
2.812700 
2.813800 
2.814200 
2.815300 
2.815500 
2.815500 
2.816200 
2.817200 
2.819300 
2.821400 
2.822200 
2.825500 
2.826900 
2.827800 
2.828400 
2.828700 
2.829500 
2.830100 
2.831800 
2.832100 
2.832400 
2.832400 
2.832400 
2.832500 
2.836100 
2.837200 
2.838100 
2.838200 
2.838800 
2.840800 
2.841300 
2.842000 
2.842200 
2.842400 
2.843400 
2.843500 
2.843600 
2.844400 
2.844800 
2.846700 
2.847700 
2.847800 
2.851900 
2.853300 
2.855600 
2.856300 
2.858000 
2.858800 
2.859100 
2.859300 
2.859800 
2.860100 
2.860400 
2.864600 
2.865300 
2.866500 
2.867600 
2.868600 
2.869100 
2.870000 
2.870000 
2.870800 
2.870900 
2.871500 
2.872600 
2.873500 
2.873800 
2.874600 
2.874900 
2.877700 
2.878400 
2.880300 
2.880400 
2.880900 
2.883100 
2.883700 
2.884500 
2.886500 
2.886700 
2.887600 
2.888700 
2.889600 
2.889700 
2.890100 
2.890400 
2.894200 
2.895000 
2.895500 
2.898400 
2.898700 
2.899300 
2.899800 
2.903400 
2.904900 
2.905500 
2.906000 
2.906100 
2.907500 
2.912100 
2.912300 
2.912600 
2.915000 
2.915500 
2.917700 
2.917700 
2.918200 
2.918700 
2.919200 
2.920200 
2.920400 
2.922200 
2.923500 
2.925000 
2.925200 
2.926000 
2.926300 
2.927200 
2.927800 
2.928400 
2.928500 
2.928500 
2.928700 
2.929000 
2.929300 
2.930500 
2.931000 
2.934200 
2.934500 
2.936500 
2.937200 
2.941400 
2.943000 
2.943200 
2.943500 
2.944500 
2.945200 
2.947900 
2.948700 
2.949100 
2.949300 
2.950400 
2.951800 
2.955300 
2.955500 
2.956300 
2.956800 
2.958600 
2.958900 
2.959100 
2.959600 
2.959700 
2.960100 
2.961500 
2.961800 
2.962400 
2.962700 
2.964200 
2.964300 
2.964900 
2.965800 
2.966100 
2.966500 
2.966700 
2.970000 
2.970100 
2.973700 
2.974000 
2.975000 
2.976700 
2.977900 
2.978500 
2.982500 
2.983600 
2.983700 
2.984500 
2.986500 
2.986800 
2.988300 
2.988500 
2.988700 
2.988800 
2.989900 
2.991900 
2.992700 
2.993100 
2.993800 
2.994300 
2.994600 
2.995700 
2.996600 
2.996900 
2.997800 
2.998100 
