2 
1 
0 
3 
45 
31 
84 
2 
37 
63 
35 
38 
1 
68 
60 
0 
58 
78 
80 
69 
39 
49 
3 
42 
30 
1 
2 
12 
0 
61 
34 
37 
65 
3 
59 
53 
10 
26 
64 
2 
93 
1 
0 
35 
58 
95 
70 
3 
24 
45 
2 
63 
53 
29 
1 
77 
28 
78 
34 
82 
87 
0 
66 
2 
15 
5 
3 
68 
1 
84 
56 
67 
51 
2 
58 
29 
0 
93 
3 
52 
1 
72 
86 
87 
4 
64 
2 
18 
34 
80 
94 
96 
0 
82 
97 
93 
19 
35 
3 
55 
1 
2 
66 
63 
0 
79 
3 
1 
51 
24 
89 
91 
64 
95 
2 
68 
4 
3 
0 
12 
13 
29 
42 
96 
31 
65 
81 
58 
37 
36 
46 
79 
93 
2 
1 
48 
84 
87 
11 
38 
26 
89 
43 
0 
34 
86 
3 
63 
64 
53 
16 
1 
13 
90 
2 
70 
5 
39 
3 
0 
94 
45 
30 
1 
25 
57 
58 
48 
28 
33 
75 
79 
97 
92 
2 
26 
78 
20 
18 
3 
37 
31 
0 
29 
1 
11 
41 
2 
76 
34 
49 
36 
22 
26 
28 
82 
3 
39 
69 
66 
64 
46 
90 
60 
71 
0 
70 
94 
1 
2 
81 
61 
93 
72 
38 
92 
24 
87 
95 
3 
5 
2 
34 
0 
16 
1 
42 
56 
64 
30 
45 
65 
78 
43 
3 
68 
2 
1 
96 
0 
80 
11 
6 
37 
2 
3 
1 
14 
0 
21 
8 
38 
94 
53 
55 
39 
3 
2 
18 
76 
45 
24 
82 
83 
1 
57 
20 
92 
66 
0 
35 
68 
90 
87 
93 
69 
72 
56 
95 
3 
26 
75 
2 
36 
48 
61 
1 
0 
42 
24 
25 
13 
52 
55 
2 
65 
89 
3 
15 
87 
0 
1 
79 
53 
22 
9 
2 
51 
18 
0 
3 
85 
75 
38 
78 
1 
39 
2 
5 
67 
93 
97 
0 
45 
3 
34 
11 
53 
63 
61 
12 
46 
49 
25 
8 
38 
1 
2 
35 
23 
19 
91 
39 
3 
52 
0 
90 
55 
45 
27 
6 
4 
2 
57 
24 
15 
9 
5 
1 
3 
59 
67 
48 
66 
12 
80 
0 
2 
16 
37 
8 
22 
70 
53 
10 
0 
31 
3 
82 
68 
93 
58 
1 
49 
43 
71 
2 
77 
5 
24 
16 
56 
72 
90 
2 
0 
52 
1 
86 
44 
36 
55 
78 
59 
3 
49 
2 
46 
71 
0 
1 
75 
45 
93 
79 
67 
92 
2 
27 
90 
39 
0 
65 
3 
64 
68 
51 
1 
37 
0 
2 
34 
15 
83 
7 
94 
30 
45 
55 
53 
84 
23 
26 
54 
1 
5 
36 
12 
61 
0 
3 
82 
18 
24 
2 
1 
65 
92 
78 
86 
0 
69 
66 
67 
6 
3 
58 
63 
75 
46 
2 
97 
85 
29 
35 
5 
49 
0 
68 
1 
91 
42 
53 
45 
23 
25 
2 
27 
0 
4 
3 
1 
43 
67 
52 
12 
15 
40 
90 
14 
2 
66 
20 
68 
0 
34 
94 
93 
38 
65 
7 
45 
1 
11 
82 
23 
26 
92 
2 
51 
29 
0 
33 
3 
35 
4 
52 
86 
34 
66 
71 
55 
90 
2 
43 
91 
37 
94 
53 
67 
1 
8 
45 
12 
0 
75 
73 
3 
68 
39 
89 
64 
36 
2 
60 
49 
80 
70 
88 
29 
0 
19 
2 
1 
3 
42 
25 
76 
37 
65 
66 
22 
51 
38 
58 
72 
61 
39 
2 
31 
3 
27 
0 
1 
92 
86 
29 
64 
33 
11 
45 
46 
22 
93 
0 
42 
1 
87 
2 
25 
37 
34 
3 
55 
43 
97 
49 
53 
94 
0 
90 
95 
2 
28 
61 
51 
27 
23 
1 
70 
52 
76 
11 
60 
36 
48 
87 
37 
0 
38 
2 
3 
25 
58 
82 
84 
13 
59 
64 
65 
78 
4 
45 
1 
21 
63 
0 
2 
15 
12 
34 
66 
75 
52 
51 
18 
3 
29 
49 
22 
53 
71 
46 
61 
33 
7 
2 
83 
1 
0 
67 
60 
31 
5 
94 
3 
6 
97 
72 
81 
2 
45 
76 
70 
51 
0 
19 
8 
10 
64 
27 
56 
84 
29 
41 
1 
3 
0 
15 
80 
2 
23 
59 
18 
66 
47 
1 
3 
0 
37 
97 
6 
24 
12 
2 
74 
4 
89 
95 
64 
27 
71 
1 
40 
66 
46 
0 
56 
20 
83 
3 
93 
26 
94 
53 
86 
2 
90 
19 
47 
39 
37 
7 
3 
0 
1 
33 
68 
56 
79 
58 
60 
2 
43 
45 
55 
78 
4 
6 
17 
0 
1 
34 
27 
51 
41 
66 
3 
83 
2 
25 
53 
92 
5 
56 
52 
0 
8 
67 
1 
81 
12 
24 
86 
2 
58 
68 
84 
85 
1 
0 
33 
37 
83 
3 
45 
93 
2 
53 
64 
51 
6 
0 
55 
39 
65 
1 
24 
87 
71 
23 
2 
12 
44 
3 
38 
0 
81 
1 
34 
45 
84 
76 
67 
53 
56 
41 
94 
2 
3 
0 
59 
1 
65 
97 
24 
35 
82 
49 
61 
71 
60 
8 
93 
3 
2 
0 
1 
64 
41 
70 
43 
89 
53 
19 
81 
26 
1 
34 
68 
2 
30 
0 
76 
65 
82 
69 
55 
58 
93 
12 
13 
59 
0 
1 
3 
94 
2 
7 
31 
97 
45 
52 
0 
18 
60 
65 
1 
96 
8 
93 
70 
24 
61 
2 
3 
71 
0 
39 
94 
6 
35 
22 
82 
1 
87 
64 
2 
0 
58 
49 
19 
75 
36 
90 
93 
3 
34 
37 
45 
85 
31 
89 
92 
68 
0 
1 
72 
7 
2 
66 
1 
3 
83 
33 
35 
0 
71 
12 
53 
61 
2 
63 
64 
31 
3 
1 
0 
67 
22 
19 
49 
93 
87 
8 
25 
2 
90 
11 
12 
59 
3 
50 
94 
1 
0 
34 
72 
39 
45 
83 
43 
53 
2 
89 
0 
68 
60 
84 
1 
33 
3 
86 
93 
49 
29 
57 
46 
37 
2 
0 
63 
30 
8 
3 
12 
5 
53 
2 
45 
61 
0 
1 
49 
68 
3 
80 
65 
26 
70 
1 
2 
0 
87 
71 
48 
0 
3 
97 
12 
31 
84 
39 
2 
81 
34 
1 
66 
93 
21 
30 
47 
94 
20 
5 
53 
0 
49 
58 
65 
1 
90 
33 
87 
2 
51 
25 
8 
24 
52 
56 
3 
86 
0 
2 
36 
93 
1 
57 
55 
66 
64 
65 
3 
0 
83 
1 
18 
30 
35 
2 
33 
24 
29 
11 
0 
42 
58 
8 
1 
12 
61 
31 
53 
3 
2 
43 
68 
51 
69 
70 
0 
76 
40 
47 
37 
36 
83 
45 
17 
25 
2 
75 
3 
28 
0 
1 
84 
14 
6 
23 
56 
53 
39 
30 
2 
69 
97 
1 
58 
11 
70 
41 
3 
0 
50 
16 
36 
81 
45 
13 
1 
2 
24 
5 
35 
84 
0 
36 
3 
73 
82 
26 
34 
67 
15 
10 
68 
2 
1 
94 
53 
63 
3 
77 
30 
66 
0 
12 
1 
80 
2 
23 
53 
82 
65 
6 
72 
61 
5 
0 
37 
39 
45 
71 
51 
67 
97 
2 
31 
56 
84 
90 
95 
96 
1 
3 
0 
43 
2 
36 
80 
55 
12 
34 
30 
1 
27 
67 
76 
11 
75 
53 
0 
3 
2 
87 
78 
48 
97 
5 
0 
93 
3 
1 
2 
47 
70 
94 
82 
12 
0 
53 
7 
3 
2 
59 
51 
1 
20 
83 
49 
82 
42 
25 
63 
65 
0 
21 
90 
87 
68 
2 
97 
11 
30 
56 
61 
1 
3 
36 
8 
27 
45 
0 
35 
20 
2 
23 
40 
16 
51 
65 
80 
26 
1 
0 
3 
76 
34 
71 
55 
52 
81 
13 
87 
31 
0 
94 
2 
1 
49 
35 
3 
84 
64 
69 
15 
48 
93 
24 
37 
45 
42 
66 
29 
90 
83 
0 
19 
2 
27 
68 
1 
3 
12 
4 
67 
26 
82 
2 
84 
64 
0 
1 
55 
53 
69 
48 
60 
28 
71 
89 
3 
34 
52 
87 
18 
16 
43 
31 
73 
1 
5 
2 
0 
51 
54 
19 
49 
47 
27 
3 
55 
2 
1 
78 
8 
7 
69 
0 
41 
29 
39 
20 
93 
45 
34 
28 
79 
22 
48 
3 
36 
1 
97 
94 
30 
2 
58 
85 
26 
0 
55 
57 
68 
64 
19 
93 
15 
59 
8 
3 
1 
2 
84 
16 
61 
45 
30 
0 
46 
3 
24 
53 
1 
27 
52 
2 
18 
37 
51 
81 
87 
67 
11 
69 
61 
78 
0 
3 
55 
2 
33 
90 
97 
40 
8 
1 
5 
15 
92 
66 
79 
0 
3 
84 
2 
64 
59 
38 
1 
55 
87 
71 
34 
3 
2 
54 
45 
27 
29 
1 
97 
81 
36 
68 
0 
51 
84 
3 
58 
92 
2 
63 
4 
1 
53 
60 
70 
37 
76 
64 
34 
69 
0 
93 
71 
65 
13 
26 
45 
3 
74 
23 
2 
1 
0 
2 
64 
3 
94 
61 
1 
67 
66 
47 
53 
55 
2 
83 
87 
25 
0 
18 
85 
51 
69 
40 
4 
60 
3 
59 
27 
15 
11 
45 
64 
2 
1 
93 
80 
75 
42 
0 
54 
55 
29 
20 
24 
3 
52 
23 
37 
97 
22 
53 
2 
68 
89 
18 
30 
82 
5 
0 
26 
56 
1 
93 
90 
87 
3 
64 
2 
27 
67 
71 
25 
0 
19 
11 
12 
78 
1 
96 
2 
70 
39 
3 
0 
80 
28 
45 
53 
65 
55 
37 
5 
2 
93 
3 
1 
0 
39 
68 
86 
60 
81 
66 
87 
92 
15 
2 
63 
47 
67 
0 
97 
1 
21 
45 
51 
12 
10 
3 
2 
85 
49 
27 
72 
0 
24 
96 
93 
83 
61 
75 
79 
94 
1 
29 
52 
53 
2 
0 
84 
8 
34 
37 
20 
3 
49 
66 
6 
16 
0 
1 
64 
2 
48 
93 
94 
57 
79 
11 
3 
87 
47 
43 
83 
0 
2 
67 
1 
37 
71 
5 
80 
68 
17 
84 
13 
82 
51 
15 
22 
0 
31 
52 
45 
2 
33 
8 
58 
1 
96 
39 
85 
34 
65 
0 
3 
11 
2 
19 
48 
87 
29 
1 
12 
89 
35 
84 
0 
27 
67 
95 
94 
25 
5 
2 
41 
8 
3 
56 
66 
1 
16 
36 
68 
0 
52 
11 
72 
7 
33 
19 
13 
2 
21 
64 
87 
1 
0 
92 
47 
18 
3 
70 
78 
5 
60 
93 
59 
2 
0 
1 
51 
28 
90 
3 
84 
2 
25 
48 
81 
0 
40 
96 
92 
94 
24 
57 
12 
1 
15 
37 
36 
34 
2 
68 
3 
23 
0 
42 
53 
84 
1 
64 
86 
33 
2 
16 
5 
12 
32 
90 
67 
75 
3 
80 
0 
51 
1 
2 
78 
6 
30 
15 
27 
72 
7 
87 
1 
3 
0 
82 
24 
39 
43 
2 
33 
45 
11 
49 
0 
63 
67 
3 
72 
68 
1 
30 
35 
8 
93 
84 
50 
2 
0 
36 
51 
1 
63 
3 
20 
95 
47 
49 
2 
97 
96 
45 
0 
83 
61 
19 
37 
80 
29 
23 
1 
26 
53 
3 
2 
0 
5 
93 
94 
8 
14 
45 
1 
71 
25 
0 
2 
58 
33 
97 
64 
27 
76 
84 
89 
1 
11 
0 
60 
3 
5 
51 
24 
2 
93 
21 
87 
8 
0 
45 
3 
2 
81 
1 
67 
10 
83 
70 
76 
36 
97 
90 
34 
2 
7 
0 
3 
96 
30 
20 
68 
11 
1 
19 
92 
25 
64 
3 
35 
2 
21 
0 
37 
79 
52 
93 
73 
61 
86 
23 
49 
94 
15 
1 
39 
4 
7 
24 
26 
71 
2 
27 
72 
90 
85 
12 
76 
0 
43 
18 
91 
86 
50 
1 
3 
34 
2 
54 
45 
0 
4 
57 
84 
47 
25 
56 
3 
87 
1 
19 
43 
2 
85 
61 
5 
16 
52 
23 
44 
0 
33 
29 
2 
25 
89 
94 
60 
1 
3 
70 
92 
68 
64 
0 
48 
54 
8 
2 
31 
53 
1 
3 
39 
97 
0 
78 
2 
44 
13 
25 
63 
23 
93 
56 
28 
1 
61 
64 
51 
0 
19 
94 
95 
84 
2 
30 
24 
85 
3 
52 
72 
83 
1 
13 
0 
63 
67 
2 
92 
5 
37 
82 
3 
4 
93 
84 
23 
46 
68 
6 
0 
66 
76 
31 
2 
1 
39 
30 
8 
21 
33 
12 
53 
65 
85 
24 
34 
0 
29 
3 
2 
83 
25 
36 
55 
1 
7 
4 
0 
63 
6 
17 
51 
78 
45 
26 
60 
23 
30 
2 
12 
87 
19 
65 
71 
5 
21 
86 
1 
0 
97 
68 
67 
90 
81 
8 
2 
85 
47 
3 
7 
43 
11 
1 
0 
58 
29 
13 
96 
45 
2 
3 
93 
94 
42 
65 
1 
78 
0 
53 
37 
2 
34 
58 
62 
92 
3 
48 
12 
80 
61 
68 
41 
75 
90 
73 
0 
2 
93 
42 
1 
64 
69 
5 
15 
95 
35 
37 
25 
60 
3 
38 
53 
0 
67 
42 
29 
1 
57 
49 
2 
82 
84 
86 
75 
26 
0 
97 
56 
3 
8 
45 
1 
4 
23 
16 
65 
22 
30 
48 
2 
87 
83 
80 
39 
12 
94 
0 
58 
1 
54 
3 
68 
15 
46 
90 
70 
76 
53 
2 
64 
62 
25 
0 
45 
1 
57 
50 
7 
12 
14 
31 
29 
2 
9 
3 
20 
60 
52 
97 
51 
70 
27 
1 
0 
11 
39 
93 
2 
92 
63 
67 
84 
19 
0 
3 
1 
53 
75 
5 
4 
24 
37 
85 
97 
2 
33 
56 
0 
1 
12 
55 
48 
3 
47 
19 
16 
2 
45 
51 
0 
38 
11 
17 
83 
59 
94 
63 
7 
10 
34 
3 
35 
15 
1 
84 
39 
2 
90 
0 
57 
29 
49 
55 
44 
68 
27 
97 
76 
1 
3 
43 
23 
34 
36 
2 
0 
5 
38 
1 
45 
35 
93 
15 
71 
2 
20 
3 
67 
51 
4 
53 
37 
0 
57 
55 
85 
1 
69 
23 
94 
2 
78 
79 
66 
93 
56 
0 
9 
3 
1 
92 
59 
2 
58 
36 
87 
64 
0 
8 
70 
1 
35 
2 
61 
7 
68 
39 
5 
3 
13 
34 
92 
86 
71 
27 
43 
0 
94 
82 
69 
1 
15 
2 
33 
22 
48 
46 
40 
45 
3 
84 
42 
6 
0 
63 
93 
67 
1 
58 
2 
37 
49 
3 
39 
73 
34 
64 
2 
1 
0 
51 
92 
37 
23 
3 
41 
1 
25 
33 
97 
68 
2 
0 
66 
18 
87 
24 
3 
17 
1 
45 
52 
0 
2 
39 
85 
78 
69 
19 
67 
3 
75 
35 
1 
49 
84 
40 
2 
15 
0 
61 
3 
51 
78 
87 
97 
24 
45 
81 
11 
90 
25 
43 
37 
1 
19 
33 
93 
34 
2 
73 
22 
3 
26 
85 
0 
1 
95 
45 
76 
2 
53 
70 
13 
12 
17 
37 
93 
92 
0 
81 
34 
3 
36 
1 
2 
56 
27 
85 
87 
71 
55 
59 
24 
67 
60 
69 
19 
0 
25 
2 
64 
97 
65 
76 
15 
22 
1 
3 
73 
34 
84 
11 
94 
0 
51 
2 
13 
1 
27 
70 
3 
83 
93 
72 
36 
12 
48 
57 
82 
0 
49 
81 
2 
3 
6 
22 
67 
73 
86 
15 
56 
1 
92 
94 
0 
77 
93 
52 
66 
2 
25 
44 
11 
60 
3 
75 
53 
19 
78 
12 
58 
1 
45 
34 
0 
2 
76 
42 
21 
3 
69 
1 
0 
28 
64 
4 
8 
2 
49 
71 
65 
35 
85 
29 
73 
61 
59 
3 
76 
1 
52 
92 
0 
75 
67 
53 
72 
7 
2 
79 
3 
80 
0 
24 
1 
23 
84 
78 
39 
34 
18 
69 
2 
3 
47 
87 
1 
0 
90 
45 
67 
68 
59 
93 
58 
83 
2 
0 
15 
1 
55 
3 
49 
36 
30 
26 
48 
21 
73 
16 
39 
0 
43 
64 
13 
61 
1 
2 
14 
40 
69 
71 
18 
5 
45 
93 
0 
28 
52 
82 
63 
38 
83 
3 
8 
56 
1 
33 
70 
2 
0 
24 
55 
68 
95 
1 
39 
71 
27 
3 
69 
50 
87 
52 
29 
9 
60 
12 
81 
23 
57 
86 
0 
1 
2 
65 
18 
3 
78 
30 
0 
70 
2 
32 
26 
1 
53 
45 
97 
3 
67 
36 
33 
71 
29 
84 
50 
51 
56 
0 
24 
1 
2 
58 
72 
83 
19 
4 
3 
63 
47 
92 
35 
12 
65 
0 
57 
2 
31 
1 
3 
26 
5 
82 
70 
34 
23 
97 
37 
27 
0 
2 
87 
69 
1 
95 
53 
15 
94 
49 
67 
3 
0 
2 
56 
80 
12 
43 
48 
1 
57 
3 
96 
37 
0 
2 
33 
51 
93 
59 
28 
30 
69 
83 
19 
90 
3 
92 
25 
39 
2 
0 
1 
87 
68 
73 
94 
49 
78 
3 
14 
97 
0 
27 
2 
1 
8 
37 
85 
65 
80 
67 
90 
34 
12 
66 
93 
35 
24 
53 
41 
43 
79 
70 
0 
1 
3 
60 
2 
68 
30 
45 
15 
20 
56 
1 
0 
23 
2 
19 
24 
28 
48 
93 
29 
3 
11 
84 
82 
90 
65 
34 
2 
0 
8 
55 
75 
3 
57 
85 
39 
18 
94 
12 
52 
0 
69 
2 
70 
3 
45 
1 
96 
58 
14 
0 
2 
84 
67 
11 
3 
1 
53 
24 
61 
86 
68 
39 
51 
55 
0 
92 
2 
69 
94 
36 
1 
65 
23 
59 
3 
19 
0 
2 
73 
14 
66 
1 
93 
83 
64 
11 
45 
53 
0 
84 
35 
2 
47 
31 
24 
1 
4 
71 
3 
26 
0 
25 
27 
8 
92 
82 
2 
1 
67 
61 
35 
38 
63 
72 
53 
3 
90 
43 
10 
0 
12 
93 
2 
1 
49 
83 
42 
45 
69 
0 
31 
68 
48 
2 
3 
29 
64 
70 
27 
1 
53 
0 
66 
2 
56 
94 
3 
1 
97 
55 
34 
36 
47 
26 
15 
53 
8 
71 
84 
0 
87 
3 
92 
2 
35 
48 
82 
62 
63 
75 
1 
61 
25 
89 
76 
65 
0 
93 
22 
45 
78 
11 
3 
6 
70 
2 
30 
15 
69 
23 
67 
1 
64 
0 
2 
3 
84 
14 
56 
82 
5 
97 
2 
96 
90 
3 
0 
80 
1 
71 
7 
78 
93 
2 
76 
70 
0 
3 
33 
57 
67 
48 
1 
29 
40 
34 
66 
2 
97 
12 
80 
30 
0 
92 
3 
53 
1 
37 
47 
87 
52 
36 
49 
86 
2 
0 
82 
28 
51 
24 
64 
1 
15 
3 
2 
76 
67 
87 
34 
0 
59 
41 
1 
10 
7 
3 
6 
49 
56 
2 
64 
97 
54 
52 
37 
0 
27 
15 
22 
89 
48 
2 
85 
3 
57 
51 
1 
24 
69 
53 
11 
94 
90 
25 
80 
67 
55 
0 
58 
2 
34 
4 
84 
68 
5 
29 
1 
0 
3 
61 
33 
76 
31 
39 
2 
52 
83 
63 
0 
92 
77 
45 
65 
23 
1 
27 
64 
89 
72 
85 
3 
2 
59 
37 
94 
22 
84 
0 
1 
43 
68 
55 
12 
42 
34 
39 
67 
76 
35 
8 
2 
3 
60 
0 
15 
33 
90 
1 
37 
64 
26 
84 
92 
53 
21 
2 
6 
94 
11 
3 
48 
38 
0 
82 
1 
70 
68 
27 
56 
93 
2 
0 
45 
97 
95 
3 
96 
1 
30 
8 
52 
36 
15 
64 
0 
28 
67 
2 
38 
94 
5 
48 
1 
23 
3 
58 
49 
6 
0 
2 
54 
84 
68 
1 
55 
51 
75 
45 
3 
44 
26 
17 
0 
2 
72 
64 
27 
81 
11 
5 
30 
33 
1 
63 
45 
3 
0 
96 
71 
61 
67 
24 
2 
53 
87 
40 
59 
1 
0 
90 
79 
93 
65 
55 
38 
2 
39 
56 
75 
6 
66 
0 
3 
28 
37 
68 
29 
26 
67 
19 
2 
1 
23 
51 
63 
12 
0 
82 
45 
87 
34 
17 
30 
90 
83 
2 
3 
54 
84 
92 
41 
7 
52 
20 
1 
25 
0 
39 
71 
64 
97 
80 
3 
2 
72 
42 
93 
31 
1 
45 
43 
9 
0 
32 
23 
29 
11 
30 
3 
56 
2 
82 
68 
87 
1 
34 
55 
53 
0 
67 
37 
2 
66 
48 
15 
33 
93 
3 
41 
63 
39 
6 
1 
84 
45 
0 
43 
89 
64 
59 
2 
10 
1 
79 
7 
37 
3 
74 
51 
87 
69 
53 
96 
0 
17 
39 
47 
2 
38 
49 
21 
23 
9 
76 
82 
24 
92 
3 
65 
33 
5 
1 
25 
61 
2 
66 
0 
45 
32 
34 
26 
84 
67 
3 
43 
53 
11 
83 
52 
2 
1 
7 
90 
0 
4 
65 
2 
87 
3 
16 
82 
70 
14 
1 
94 
79 
0 
67 
71 
2 
57 
52 
84 
3 
42 
18 
78 
63 
19 
90 
68 
97 
45 
39 
34 
3 
2 
0 
1 
30 
53 
23 
43 
72 
37 
58 
38 
93 
0 
52 
71 
73 
2 
18 
5 
67 
1 
36 
17 
21 
80 
68 
14 
3 
92 
97 
0 
2 
34 
33 
22 
53 
39 
1 
18 
71 
55 
67 
66 
48 
0 
49 
3 
87 
61 
7 
2 
11 
8 
68 
77 
0 
78 
57 
3 
1 
83 
27 
51 
2 
59 
19 
63 
58 
65 
0 
4 
3 
8 
16 
33 
34 
36 
1 
2 
52 
86 
48 
0 
20 
61 
75 
53 
24 
27 
49 
14 
93 
56 
2 
1 
3 
25 
83 
0 
51 
67 
97 
80 
64 
92 
65 
29 
3 
17 
37 
2 
0 
1 
63 
53 
86 
26 
35 
84 
93 
89 
1 
51 
75 
49 
58 
13 
2 
15 
71 
0 
3 
91 
73 
33 
16 
45 
8 
97 
44 
1 
2 
96 
90 
11 
3 
74 
0 
36 
53 
42 
21 
94 
30 
1 
70 
84 
59 
2 
27 
68 
65 
35 
93 
55 
51 
58 
12 
0 
3 
4 
52 
57 
1 
92 
24 
15 
43 
2 
42 
67 
0 
69 
53 
23 
3 
78 
1 
48 
46 
70 
29 
73 
2 
8 
81 
16 
0 
26 
84 
45 
53 
3 
56 
85 
2 
19 
96 
51 
1 
70 
0 
78 
93 
89 
45 
49 
33 
63 
61 
2 
3 
80 
24 
1 
31 
65 
5 
68 
84 
9 
7 
0 
39 
37 
33 
52 
27 
1 
3 
59 
2 
64 
96 
53 
0 
82 
51 
21 
42 
29 
1 
23 
89 
2 
3 
43 
5 
57 
65 
34 
24 
45 
0 
19 
79 
16 
10 
26 
49 
85 
2 
67 
1 
94 
42 
78 
3 
12 
87 
37 
75 
0 
25 
52 
33 
11 
2 
4 
45 
31 
39 
47 
40 
89 
3 
42 
1 
0 
2 
53 
15 
7 
58 
96 
2 
38 
0 
34 
92 
1 
89 
86 
43 
55 
68 
3 
94 
35 
51 
46 
67 
66 
0 
12 
6 
80 
1 
5 
37 
2 
26 
65 
3 
0 
38 
45 
70 
29 
24 
27 
4 
68 
2 
1 
28 
43 
8 
5 
36 
0 
64 
61 
2 
50 
3 
19 
18 
47 
25 
1 
82 
65 
45 
39 
68 
66 
2 
0 
3 
23 
81 
14 
34 
1 
7 
15 
21 
30 
67 
2 
38 
3 
0 
70 
93 
97 
52 
11 
69 
1 
65 
46 
51 
72 
59 
19 
2 
8 
84 
12 
10 
3 
48 
0 
1 
6 
2 
68 
55 
67 
13 
20 
5 
25 
79 
46 
0 
45 
63 
96 
3 
30 
78 
1 
80 
73 
87 
26 
2 
59 
64 
31 
0 
34 
53 
57 
3 
9 
19 
37 
14 
1 
32 
56 
2 
95 
0 
23 
30 
66 
3 
62 
11 
61 
1 
2 
97 
82 
0 
87 
39 
28 
63 
27 
68 
25 
12 
93 
2 
80 
3 
29 
21 
84 
1 
37 
0 
11 
90 
51 
85 
31 
42 
53 
76 
64 
2 
58 
6 
0 
1 
3 
2 
42 
89 
84 
48 
70 
75 
72 
12 
36 
49 
78 
0 
1 
3 
2 
33 
73 
45 
55 
83 
67 
53 
15 
27 
36 
2 
8 
1 
31 
0 
52 
35 
87 
37 
86 
96 
3 
92 
95 
68 
1 
39 
45 
2 
23 
0 
29 
25 
22 
34 
56 
83 
27 
65 
72 
3 
49 
84 
70 
80 
2 
10 
24 
87 
1 
8 
29 
73 
97 
0 
93 
51 
37 
66 
85 
81 
3 
65 
2 
76 
61 
27 
82 
79 
12 
33 
1 
67 
0 
57 
36 
15 
52 
90 
97 
78 
71 
11 
48 
2 
69 
1 
93 
45 
0 
3 
55 
53 
94 
24 
1 
2 
70 
25 
64 
49 
66 
38 
82 
29 
0 
46 
68 
51 
39 
48 
67 
52 
2 
11 
90 
6 
83 
84 
3 
1 
19 
0 
69 
23 
76 
2 
65 
26 
17 
93 
68 
59 
12 
54 
87 
64 
1 
16 
30 
3 
0 
8 
52 
14 
2 
19 
48 
47 
96 
56 
3 
43 
1 
0 
45 
6 
24 
83 
78 
2 
18 
34 
67 
71 
42 
57 
93 
39 
94 
66 
0 
46 
1 
49 
51 
5 
2 
59 
89 
64 
8 
0 
24 
3 
7 
26 
53 
21 
1 
56 
27 
2 
39 
93 
34 
16 
25 
6 
37 
10 
58 
63 
0 
3 
2 
1 
45 
5 
76 
83 
87 
80 
3 
56 
81 
11 
53 
25 
69 
92 
0 
93 
1 
37 
2 
0 
30 
89 
65 
64 
3 
2 
56 
1 
8 
86 
58 
27 
0 
24 
66 
97 
49 
81 
26 
2 
22 
31 
39 
59 
1 
12 
14 
25 
0 
45 
2 
34 
64 
54 
87 
3 
53 
1 
2 
0 
56 
37 
27 
11 
18 
93 
35 
8 
39 
92 
70 
3 
1 
76 
89 
2 
30 
0 
52 
54 
73 
22 
14 
79 
12 
25 
97 
31 
56 
3 
78 
1 
0 
2 
80 
44 
48 
61 
90 
6 
21 
68 
4 
65 
87 
34 
57 
1 
0 
7 
93 
2 
52 
5 
25 
26 
59 
64 
3 
58 
43 
37 
36 
19 
1 
0 
2 
28 
45 
97 
77 
68 
63 
67 
2 
25 
27 
1 
0 
3 
12 
2 
30 
53 
51 
64 
83 
0 
76 
79 
37 
87 
52 
1 
47 
73 
3 
13 
4 
67 
2 
23 
0 
56 
48 
1 
94 
36 
27 
34 
3 
53 
0 
84 
2 
90 
1 
29 
51 
38 
87 
76 
58 
5 
2 
0 
63 
6 
3 
75 
37 
68 
1 
27 
23 
83 
41 
7 
11 
2 
0 
94 
12 
24 
43 
18 
25 
34 
39 
63 
45 
1 
47 
3 
46 
49 
70 
30 
0 
2 
89 
81 
64 
93 
85 
37 
1 
86 
3 
0 
2 
68 
27 
39 
34 
7 
30 
23 
93 
0 
72 
1 
63 
76 
60 
2 
3 
25 
17 
94 
45 
22 
18 
12 
0 
48 
83 
34 
92 
21 
2 
64 
1 
47 
66 
3 
4 
55 
89 
86 
0 
5 
7 
1 
68 
36 
2 
75 
96 
8 
83 
35 
15 
42 
0 
11 
78 
45 
34 
3 
94 
27 
1 
19 
93 
82 
2 
53 
63 
84 
8 
49 
23 
16 
0 
44 
64 
67 
26 
61 
18 
5 
2 
1 
55 
3 
30 
90 
0 
37 
33 
96 
87 
41 
97 
3 
16 
1 
2 
57 
67 
52 
29 
19 
5 
0 
8 
78 
1 
65 
3 
22 
56 
39 
84 
2 
12 
80 
37 
0 
45 
33 
97 
53 
72 
1 
36 
35 
27 
2 
47 
48 
92 
42 
3 
89 
93 
26 
0 
45 
68 
51 
2 
7 
20 
1 
34 
88 
4 
86 
0 
15 
25 
2 
93 
62 
95 
28 
49 
52 
79 
8 
61 
3 
0 
90 
1 
92 
97 
36 
84 
25 
2 
71 
56 
64 
82 
80 
11 
57 
13 
66 
68 
45 
89 
67 
39 
37 
1 
0 
3 
86 
2 
73 
15 
84 
63 
3 
94 
2 
7 
12 
0 
32 
1 
37 
6 
48 
17 
64 
67 
29 
92 
25 
15 
65 
3 
26 
75 
2 
51 
45 
1 
38 
97 
0 
18 
91 
28 
24 
85 
53 
86 
3 
87 
2 
62 
1 
0 
71 
76 
21 
55 
13 
67 
2 
3 
34 
70 
1 
64 
0 
53 
4 
23 
49 
45 
33 
2 
3 
59 
11 
74 
18 
60 
0 
1 
93 
58 
17 
