0.010600 
0.013100 
0.014600 
0.014600 
0.015100 
0.015700 
0.015800 
0.016200 
0.016800 
0.016900 
0.017100 
0.018200 
0.018400 
0.019100 
0.019400 
0.019400 
0.020300 
0.020700 
0.021300 
0.022200 
0.024100 
0.024300 
0.024600 
0.025200 
0.025400 
0.026100 
0.026700 
0.027000 
0.027300 
0.027300 
0.027800 
0.030200 
0.030300 
0.030800 
0.031600 
0.031700 
0.031800 
0.032200 
0.032200 
0.032400 
0.032600 
0.032800 
0.033200 
0.033500 
0.033800 
0.033900 
0.033900 
0.034200 
0.034500 
0.035000 
0.035700 
0.035700 
0.036200 
0.036800 
0.037600 
0.037600 
0.038100 
0.038200 
0.038700 
0.039500 
0.039900 
0.040000 
0.040100 
0.040600 
0.040900 
0.041200 
0.041300 
0.041600 
0.042100 
0.042700 
0.042800 
0.044500 
0.045200 
0.045300 
0.045900 
0.046200 
0.046600 
0.047400 
0.047400 
0.047700 
0.048000 
0.048000 
0.048700 
0.049800 
0.050200 
0.050400 
0.050900 
0.051000 
0.052100 
0.052800 
0.053600 
0.053900 
0.054100 
0.054600 
0.057900 
0.058200 
0.058300 
0.058300 
0.058900 
0.059000 
0.059400 
0.059600 
0.060200 
0.060900 
0.061000 
0.061400 
0.061500 
0.061600 
0.062000 
0.062700 
0.062900 
0.063000 
0.063900 
0.064400 
0.068800 
0.069100 
0.069100 
0.070300 
0.070800 
0.071300 
0.071900 
0.072700 
0.073200 
0.073800 
0.074000 
0.075000 
0.075000 
0.075500 
0.076000 
0.076900 
0.077400 
0.078400 
0.079000 
0.079100 
0.079100 
0.079400 
0.080200 
0.080700 
0.081000 
0.081400 
0.082300 
0.084600 
0.084800 
0.085000 
0.085000 
0.085100 
0.085600 
0.085800 
0.086000 
0.086400 
0.086500 
0.087300 
0.087500 
0.087700 
0.089000 
0.089800 
0.090000 
0.090100 
0.090900 
0.092000 
0.092200 
0.092300 
0.092800 
0.093000 
0.093200 
0.093700 
0.094400 
0.096100 
0.097500 
0.098200 
0.098400 
0.099400 
0.100100 
0.100500 
0.100600 
0.100900 
0.101100 
0.101300 
0.101900 
0.102200 
0.103100 
0.104000 
0.104500 
0.105100 
0.105200 
0.105500 
0.108700 
0.108700 
0.108700 
0.108800 
0.109300 
0.109400 
0.109500 
0.109700 
0.110100 
0.110600 
0.110800 
0.111200 
0.112100 
0.112600 
0.112600 
0.113100 
0.114100 
0.114200 
0.114300 
0.114700 
0.115700 
0.116800 
0.117200 
0.117300 
0.117800 
0.118000 
0.119400 
0.120000 
0.121000 
0.121700 
0.122400 
0.123400 
0.123500 
0.123500 
0.123600 
0.123700 
0.123900 
0.124200 
0.124600 
0.125100 
0.125400 
0.125700 
0.125900 
0.126100 
0.126300 
0.127600 
0.127700 
0.127800 
0.127900 
0.128100 
0.128300 
0.128400 
0.128500 
0.129000 
0.129800 
0.131200 
0.131600 
0.132800 
0.133400 
0.133500 
0.134000 
0.134500 
0.134800 
0.134900 
0.135000 
0.135500 
0.136700 
0.138400 
0.139300 
0.139400 
0.140100 
0.140200 
0.141100 
0.142000 
0.143000 
0.143400 
0.143600 
0.144000 
0.144100 
0.144500 
0.146600 
0.146900 
0.147600 
0.147700 
0.148000 
0.148400 
0.150700 
0.150800 
0.151400 
0.151500 
0.151700 
0.153800 
0.153900 
0.154300 
0.154700 
0.155000 
0.155000 
0.155100 
0.156600 
0.156600 
0.156800 
0.157900 
0.158100 
0.159000 
0.159300 
0.159600 
0.160800 
0.160900 
0.161100 
0.161100 
0.161100 
0.161100 
0.162100 
0.162900 
0.163400 
0.163900 
0.164300 
0.164500 
0.165000 
0.165000 
0.165200 
0.165800 
0.166300 
0.166800 
0.167000 
0.167300 
0.168000 
0.169000 
0.169100 
0.169300 
0.169600 
0.169700 
0.169900 
0.169900 
0.170200 
0.170600 
0.171100 
0.173500 
0.173600 
0.174400 
0.174600 
0.175000 
0.175200 
0.175300 
0.175600 
0.176400 
0.176700 
0.176900 
0.178500 
0.178800 
0.180600 
0.180900 
0.181000 
0.181400 
0.181500 
0.182100 
0.182400 
0.182600 
0.182900 
0.183000 
0.183200 
0.183800 
0.184400 
0.185100 
0.185300 
0.186100 
0.187300 
0.187300 
0.188100 
0.188900 
0.189000 
0.189100 
0.189500 
0.189700 
0.189800 
0.190100 
0.191200 
0.191200 
0.191500 
0.191700 
0.192200 
0.192200 
0.192700 
0.193100 
0.193200 
0.194400 
0.196000 
0.196300 
0.196300 
0.197300 
0.197700 
0.198500 
0.199900 
0.200400 
0.200700 
0.200800 
0.200800 
0.201400 
0.201800 
0.202100 
0.202700 
0.202800 
0.203300 
0.204000 
0.204400 
0.205400 
0.206000 
0.206200 
0.206200 
0.206400 
0.206500 
0.206900 
0.207300 
0.207900 
0.208000 
0.208800 
0.208900 
0.209300 
0.209900 
0.210100 
0.210200 
0.210200 
0.211100 
0.213800 
0.214200 
0.216100 
0.216200 
0.216600 
0.216800 
0.217200 
0.217500 
0.217600 
0.217800 
0.219000 
0.220000 
0.220400 
0.220700 
0.221300 
0.221300 
0.222700 
0.223700 
0.224600 
0.225100 
0.225300 
0.225400 
0.225400 
0.225800 
0.226000 
0.226200 
0.226200 
0.226300 
0.227200 
0.227400 
0.227500 
0.228300 
0.228500 
0.228900 
0.229700 
0.231600 
0.232300 
0.232500 
0.232900 
0.232900 
0.236100 
0.236600 
0.236800 
0.236900 
0.237000 
0.237100 
0.237600 
0.238500 
0.238500 
0.238500 
0.240200 
0.241700 
0.241900 
0.242200 
0.243000 
0.243000 
0.243500 
0.244200 
0.244200 
0.245100 
0.245900 
0.247100 
0.247800 
0.248400 
0.248800 
0.248900 
0.250800 
0.251400 
0.251700 
0.253300 
0.253400 
0.253700 
0.253700 
0.254000 
0.254800 
0.254800 
0.255000 
0.255000 
0.255200 
0.255700 
0.255800 
0.255900 
0.256100 
0.257000 
0.257700 
0.257900 
0.257900 
0.258000 
0.260200 
0.260300 
0.261000 
0.261000 
0.261100 
0.261400 
0.261500 
0.262100 
0.262800 
0.263100 
0.263200 
0.263300 
0.263500 
0.265000 
0.265900 
0.267200 
0.267500 
0.267800 
0.268000 
0.269200 
0.269500 
0.270600 
0.270800 
0.271000 
0.271300 
0.272300 
0.272400 
0.272700 
0.273000 
0.273500 
0.274400 
0.274800 
0.275800 
0.275800 
0.276100 
0.276800 
0.277000 
0.277800 
0.278200 
0.278500 
0.279600 
0.279600 
0.280000 
0.280300 
0.280300 
0.280600 
0.281000 
0.281400 
0.282200 
0.282300 
0.282700 
0.282900 
0.283700 
0.283700 
0.284200 
0.284400 
0.284400 
0.285100 
0.285200 
0.285200 
0.285200 
0.285800 
0.287200 
0.288800 
0.289100 
0.289200 
0.291400 
0.291500 
0.291700 
0.291700 
0.292800 
0.292900 
0.293000 
0.293700 
0.293900 
0.295100 
0.296000 
0.296300 
0.296900 
0.297000 
0.298200 
0.298300 
0.298700 
0.298700 
0.298900 
0.299600 
0.299800 
0.299900 
0.299900 
0.301200 
0.302000 
0.302200 
0.302400 
0.304300 
0.304400 
0.304500 
0.304700 
0.304800 
0.305400 
0.305500 
0.305600 
0.306400 
0.306400 
0.306900 
0.307100 
0.307300 
0.308200 
0.308600 
0.309900 
0.310000 
0.310100 
0.310600 
0.310800 
0.311300 
0.311900 
0.312200 
0.312500 
0.312800 
0.312900 
0.313300 
0.313500 
0.313600 
0.313600 
0.313700 
0.314000 
0.314600 
0.315700 
0.315900 
0.316000 
0.316100 
0.316400 
0.316900 
0.317200 
0.317200 
0.317300 
0.317400 
0.318100 
0.318300 
0.318700 
0.318900 
0.320300 
0.320500 
0.320600 
0.321900 
0.322600 
0.323800 
0.324000 
0.324900 
0.324900 
0.326500 
0.326900 
0.327000 
0.327200 
0.327400 
0.327700 
0.328900 
0.330100 
0.330200 
0.330200 
0.330600 
0.330700 
0.331200 
0.331800 
0.332000 
0.332300 
0.332700 
0.332900 
0.333100 
0.333200 
0.333900 
0.334500 
0.336000 
0.336100 
0.336400 
0.336400 
0.337200 
0.337300 
0.337600 
0.337800 
0.338500 
0.340000 
0.340300 
0.341900 
0.342700 
0.343000 
0.344700 
0.344700 
0.345000 
0.345000 
0.345900 
0.346100 
0.346400 
0.346800 
0.347200 
0.349000 
0.349300 
0.349600 
0.350400 
0.351100 
0.351500 
0.353300 
0.353400 
0.353600 
0.353600 
0.353600 
0.353700 
0.354100 
0.355100 
0.355800 
0.355900 
0.356400 
0.356500 
0.356800 
0.357000 
0.357300 
0.358000 
0.358300 
0.358400 
0.358900 
0.359900 
0.360700 
0.360900 
0.361200 
0.362000 
0.362900 
0.363400 
0.363500 
0.363600 
0.364700 
0.364900 
0.364900 
0.365200 
0.365200 
0.365400 
0.366100 
0.366300 
0.368400 
0.368400 
0.368600 
0.368600 
0.368700 
0.369200 
0.369300 
0.369600 
0.370000 
0.370300 
0.370900 
0.371000 
0.372300 
0.373400 
0.373500 
0.374400 
0.374700 
0.376100 
0.376100 
0.376200 
0.376600 
0.377300 
0.377500 
0.378300 
0.378900 
0.379100 
0.379100 
0.380400 
0.380900 
0.381200 
0.381200 
0.381800 
0.381900 
0.383300 
0.383400 
0.383400 
0.383900 
0.384800 
0.385300 
0.385400 
0.385600 
0.385700 
0.386500 
0.388900 
0.389100 
0.389200 
0.390200 
0.390400 
0.390500 
0.391700 
0.391800 
0.392200 
0.392200 
0.392300 
0.392900 
0.393200 
0.393200 
0.396400 
0.396400 
0.397300 
0.398500 
0.399500 
0.399800 
0.400400 
0.404700 
0.404900 
0.405500 
0.405500 
0.405700 
0.405900 
0.406200 
0.407000 
0.407300 
0.408000 
0.408100 
0.408200 
0.408700 
0.408800 
0.408900 
0.409800 
0.410500 
0.411200 
0.411500 
0.411700 
0.412600 
0.412800 
0.412800 
0.413400 
0.413900 
0.415400 
0.416400 
0.417000 
0.417000 
0.418000 
0.418800 
0.419200 
0.419500 
0.419500 
0.419900 
0.420000 
0.420200 
0.420400 
0.422500 
0.422600 
0.423700 
0.423800 
0.424100 
0.424200 
0.424600 
0.425500 
0.425600 
0.426500 
0.427000 
0.427100 
0.427500 
0.427600 
0.427900 
0.428400 
0.429000 
0.429400 
0.429500 
0.429500 
0.429700 
0.429900 
0.430200 
0.430400 
0.430600 
0.431500 
0.432100 
0.432400 
0.433900 
0.434600 
0.434900 
0.435400 
0.435800 
0.436400 
0.436600 
0.437000 
0.437700 
0.439100 
0.439700 
0.440000 
0.440100 
0.440400 
0.441100 
0.441800 
0.442900 
0.443000 
0.443500 
0.444800 
0.445100 
0.445400 
0.446300 
0.447000 
0.448500 
0.449500 
0.449600 
0.449900 
0.452500 
0.453200 
0.453200 
0.453500 
0.455700 
0.457200 
0.457300 
0.458600 
0.459500 
0.459600 
0.460000 
0.460300 
0.460900 
0.461800 
0.462000 
0.462300 
0.462700 
0.463100 
0.463200 
0.463700 
0.463800 
0.465300 
0.466000 
0.467200 
0.467400 
0.468000 
0.468500 
0.468800 
0.469400 
0.470700 
0.471200 
0.472700 
0.473200 
0.473200 
0.474200 
0.475700 
0.476200 
0.476200 
0.476300 
0.476300 
0.477000 
0.477000 
0.478400 
0.478400 
0.478900 
0.479300 
0.479600 
0.480300 
0.480500 
0.481300 
0.481700 
0.481800 
0.481900 
0.482200 
0.482400 
0.483500 
0.485200 
0.485300 
0.485700 
0.486100 
0.486300 
0.486700 
0.486900 
0.487400 
0.487600 
0.489500 
0.489600 
0.490000 
0.490400 
0.490600 
0.490600 
0.490700 
0.491600 
0.492500 
0.493100 
0.493300 
0.494400 
0.494500 
0.494800 
0.495600 
0.495600 
0.495800 
0.495900 
0.495900 
0.496400 
0.497500 
0.498600 
0.498700 
0.498900 
0.499000 
0.500000 
0.500400 
0.500500 
0.500500 
0.500700 
0.500900 
0.501100 
0.503300 
0.503500 
0.503700 
0.503800 
0.504400 
0.505500 
0.506200 
0.506800 
0.507200 
0.507300 
0.507600 
0.508300 
0.508600 
0.508700 
0.508900 
0.510600 
0.512700 
0.513000 
0.513100 
0.513800 
0.514100 
0.514900 
0.515000 
0.515000 
0.515200 
0.515400 
0.515600 
0.515800 
0.515800 
0.516100 
0.516300 
0.517000 
0.517100 
0.517900 
0.517900 
0.518000 
0.518600 
0.519000 
0.519500 
0.520400 
0.520700 
0.521100 
0.521300 
0.522100 
0.522500 
0.523000 
0.524500 
0.524800 
0.526700 
0.527000 
0.527100 
0.527300 
0.527300 
0.529800 
0.530400 
0.530400 
0.530700 
0.531100 
0.531100 
0.532900 
0.532900 
0.533000 
0.533300 
0.533900 
0.533900 
0.533900 
0.533900 
0.534000 
0.535700 
0.536000 
0.536100 
0.536600 
0.536900 
0.537400 
0.538700 
0.538800 
0.539600 
0.539700 
0.539800 
0.540300 
0.540300 
0.541800 
0.542000 
0.542100 
0.542400 
0.542600 
0.543600 
0.543700 
0.543800 
0.543900 
0.544000 
0.545200 
0.545800 
0.545800 
0.545800 
0.546000 
0.546400 
0.546500 
0.547000 
0.547500 
0.549500 
0.549600 
0.550300 
0.551200 
0.551200 
0.551700 
0.552300 
0.552400 
0.553000 
0.553500 
0.554200 
0.554600 
0.554900 
0.556000 
0.556400 
0.557300 
0.558200 
0.558400 
0.559100 
0.559700 
0.560100 
0.560400 
0.560500 
0.561300 
0.561800 
0.562200 
0.562300 
0.562500 
0.562600 
0.563100 
0.563200 
0.563400 
0.563400 
0.563500 
0.563700 
0.565300 
0.566100 
0.566100 
0.566400 
0.567500 
0.568200 
0.568500 
0.568600 
0.568700 
0.568800 
0.569000 
0.569100 
0.569400 
0.570000 
0.570100 
0.570200 
0.570400 
0.571500 
0.571800 
0.572600 
0.573500 
0.573700 
0.573900 
0.574700 
0.576700 
0.577600 
0.580000 
0.580000 
0.580200 
0.580400 
0.581000 
0.582000 
0.582100 
0.582200 
0.582900 
0.583500 
0.583500 
0.583500 
0.584100 
0.584300 
0.584500 
0.585200 
0.585200 
0.585700 
0.585900 
0.586100 
0.586100 
0.586300 
0.588200 
0.588600 
0.588800 
0.589900 
0.590300 
0.591100 
0.591900 
0.592000 
0.592200 
0.592600 
0.592900 
0.593400 
0.593900 
0.593900 
0.594200 
0.594900 
0.594900 
0.595400 
0.595500 
0.596100 
0.596900 
0.597500 
0.597700 
0.598400 
0.598700 
0.598900 
0.599200 
0.599700 
0.599700 
0.599900 
0.600000 
0.600800 
0.601400 
0.603700 
0.604000 
0.604100 
0.604200 
0.606300 
0.606700 
0.607100 
0.607900 
0.608100 
0.609100 
0.609200 
0.609400 
0.610200 
0.610300 
0.610400 
0.611400 
0.611500 
0.611700 
0.612300 
0.613700 
0.613800 
0.613800 
0.614000 
0.614600 
0.614800 
0.616300 
0.616800 
0.618200 
0.618600 
0.618800 
0.619100 
0.619300 
0.619500 
0.620100 
0.620700 
0.621000 
0.621600 
0.621700 
0.622400 
0.623600 
0.623900 
0.624100 
0.624400 
0.625300 
0.625800 
0.626000 
0.626200 
0.626500 
0.626700 
0.626900 
0.627700 
0.628600 
0.629700 
0.630700 
0.631100 
0.631300 
0.632100 
0.632200 
0.632800 
0.632900 
0.634300 
0.634600 
0.635100 
0.635200 
0.635300 
0.635400 
0.635700 
0.635800 
0.636200 
0.637000 
0.637200 
0.638000 
0.638200 
0.638400 
0.638700 
0.638800 
0.640900 
0.641000 
0.641300 
0.641500 
0.642100 
0.642100 
0.642600 
0.643100 
0.643200 
0.643400 
0.644000 
0.645700 
0.645800 
0.647100 
0.647700 
0.647800 
0.648500 
0.649100 
0.649400 
0.649500 
0.650800 
0.651300 
0.651500 
0.651600 
0.651700 
0.652800 
0.653300 
0.654900 
0.655300 
0.657400 
0.657500 
0.657700 
0.657800 
0.658000 
0.658100 
0.658200 
0.658300 
0.658300 
0.658800 
0.659200 
0.659600 
0.659800 
0.660800 
0.661100 
0.663000 
0.663200 
0.663300 
0.663700 
0.663800 
0.664200 
0.664800 
0.664900 
0.665000 
0.666200 
0.666400 
0.666600 
0.666900 
0.667400 
0.667700 
0.667700 
0.668000 
0.668100 
0.668200 
0.668400 
0.668900 
0.669000 
0.669300 
0.669300 
0.669600 
0.671100 
0.671200 
0.671900 
0.672400 
0.674800 
0.676300 
0.676300 
0.678500 
0.678500 
0.678800 
0.679500 
0.679600 
0.679700 
0.680200 
0.680800 
0.680800 
0.681000 
0.682600 
0.683000 
0.683400 
0.683600 
0.683800 
0.684300 
0.685100 
0.685400 
0.686500 
0.687100 
0.688200 
0.688400 
0.690000 
0.690000 
0.690200 
0.690200 
0.691100 
0.692000 
0.692500 
0.692700 
0.693300 
0.694500 
0.694600 
0.694700 
0.695000 
0.695900 
0.696000 
0.696900 
0.697600 
0.698200 
0.698400 
0.699200 
0.699500 
0.699900 
0.700300 
0.701300 
0.701600 
0.702200 
0.703200 
0.703300 
0.703600 
0.703700 
0.704100 
0.704100 
0.704200 
0.704300 
0.705500 
0.705600 
0.705700 
0.705900 
0.707400 
0.707700 
0.707900 
0.710000 
0.710700 
0.710700 
0.710700 
0.711000 
0.711100 
0.711400 
0.711400 
0.711500 
0.711600 
0.712500 
0.712800 
0.712900 
0.713100 
0.714000 
0.714200 
0.714800 
0.715700 
0.716300 
0.716400 
0.716800 
0.716800 
0.718100 
0.718100 
0.718900 
0.720900 
0.721200 
0.721600 
0.722900 
0.724300 
0.724500 
0.725600 
0.725900 
0.726300 
0.726600 
0.726900 
0.727000 
0.727000 
0.727000 
0.728000 
0.731100 
0.731400 
0.732800 
0.734400 
0.734500 
0.734600 
0.734900 
0.735000 
0.735700 
0.736100 
0.736300 
0.736700 
0.736800 
0.737900 
0.740300 
0.740400 
0.740800 
0.740900 
0.741400 
0.741500 
0.743200 
0.743700 
0.744000 
0.744200 
0.746100 
0.746900 
0.748500 
0.748800 
0.749400 
0.750000 
0.750100 
0.750100 
0.750400 
0.750400 
0.750600 
0.751100 
0.751500 
0.751900 
0.752100 
0.752100 
0.752400 
0.752500 
0.752600 
0.752600 
0.753000 
0.753300 
0.754100 
0.754400 
0.754400 
0.754500 
0.754900 
0.755200 
0.755200 
0.756000 
0.756100 
0.756700 
0.757600 
0.757700 
0.757900 
0.758000 
0.760000 
0.760800 
0.763100 
0.763500 
0.764400 
0.764400 
0.764900 
0.765600 
0.765700 
0.766100 
0.766100 
0.766600 
0.767200 
0.767700 
0.768300 
0.768300 
0.769500 
0.769700 
0.770300 
0.771600 
0.771700 
0.772200 
0.772900 
0.773000 
0.773300 
0.773300 
0.773700 
0.774000 
0.774100 
0.774300 
0.775700 
0.775800 
0.775900 
0.775900 
0.775900 
0.776700 
0.777200 
0.777700 
0.779600 
0.779800 
0.780100 
0.780500 
0.781000 
0.781500 
0.781500 
0.781600 
0.781800 
0.782700 
0.783000 
0.784300 
0.785300 
0.785300 
0.785600 
0.785900 
0.786200 
0.786400 
0.786900 
0.787300 
0.787600 
0.787700 
0.788000 
0.788900 
0.789300 
0.789400 
0.790100 
0.791000 
0.791300 
0.791300 
0.791900 
0.793300 
0.793500 
0.794500 
0.794600 
0.794900 
0.795500 
0.795500 
0.795800 
0.796500 
0.796700 
0.797000 
0.797100 
0.797200 
0.797800 
0.798800 
0.798900 
0.799400 
0.799600 
0.799800 
0.800500 
0.801100 
0.801900 
0.802400 
0.803200 
0.803700 
0.804100 
0.805100 
0.805300 
0.805800 
0.806100 
0.806300 
0.806500 
0.806600 
0.807400 
0.807500 
0.807600 
0.807700 
0.807800 
0.808000 
0.808900 
0.811100 
0.811700 
0.812000 
0.812100 
0.812300 
0.812300 
0.812400 
0.813300 
0.813600 
0.814500 
0.814700 
0.815000 
0.815200 
0.815500 
0.816200 
0.817400 
0.818500 
0.818600 
0.818600 
0.818600 
0.818900 
0.819000 
0.819100 
0.820100 
0.821000 
0.821200 
0.821300 
0.821900 
0.822200 
0.822300 
0.822600 
0.822800 
0.824200 
0.824200 
0.824300 
0.824600 
0.824700 
0.825900 
0.826300 
0.827800 
0.828400 
0.829500 
0.829900 
0.830200 
0.830500 
0.830700 
0.831600 
0.832100 
0.833400 
0.834800 
0.835100 
0.835800 
0.836000 
0.836200 
0.836500 
0.836900 
0.838000 
0.838100 
0.838500 
0.838500 
0.838700 
0.839100 
0.839900 
0.840000 
0.840900 
0.840900 
0.841400 
0.841400 
0.842300 
0.842400 
0.842600 
0.842700 
0.843400 
0.844100 
0.845000 
0.845100 
0.846400 
0.847200 
0.848500 
0.848600 
0.848700 
0.849700 
0.850300 
0.852200 
0.852400 
0.852600 
0.852800 
0.853500 
0.853700 
0.854400 
0.855100 
0.855400 
0.856600 
0.856800 
0.857200 
0.858100 
0.858400 
0.858500 
0.858600 
0.859100 
0.860000 
0.860300 
0.860900 
0.861000 
0.861600 
0.861700 
0.862000 
0.862200 
0.862500 
0.862600 
0.862800 
0.863800 
0.864100 
0.864300 
0.866100 
0.866100 
0.867100 
0.867400 
0.867500 
0.868200 
0.868600 
0.869300 
0.870000 
0.872800 
0.872900 
0.873000 
0.874000 
0.874400 
0.875400 
0.875700 
0.875700 
0.875800 
0.876000 
0.876000 
0.876100 
0.876500 
0.876900 
0.877100 
0.877200 
0.877700 
0.878000 
0.878100 
0.878800 
0.878900 
0.879200 
0.879500 
0.880000 
0.880200 
0.880600 
0.881100 
0.881400 
0.881800 
0.881800 
0.881900 
0.882500 
0.883700 
0.883800 
0.884100 
0.884500 
0.884500 
0.884900 
0.885000 
0.885300 
0.885300 
0.885300 
0.885700 
0.886100 
0.886600 
0.887700 
0.887800 
0.888000 
0.888300 
0.888700 
0.888800 
0.889000 
0.889900 
0.890400 
0.892000 
0.892900 
0.892900 
0.893400 
0.894100 
0.894200 
0.894200 
0.894700 
0.894700 
0.896000 
0.896800 
0.896900 
0.897000 
0.897200 
0.898600 
0.899400 
0.899900 
0.900200 
0.901200 
0.901700 
0.901800 
0.902400 
0.902600 
0.903300 
0.903700 
0.904400 
0.905000 
0.905200 
0.905800 
0.906900 
0.907000 
0.907400 
0.908400 
0.908700 
0.908700 
0.908800 
0.909100 
0.909100 
0.909900 
0.910700 
0.910700 
0.911300 
0.912800 
0.913100 
0.913500 
0.913900 
0.914300 
0.914700 
0.914700 
0.914800 
0.915600 
0.915900 
0.917100 
0.917900 
0.918200 
0.918400 
0.918700 
0.918700 
0.918900 
0.919100 
0.919500 
0.921100 
0.921500 
0.921800 
0.922000 
0.922100 
0.923300 
0.923500 
0.923600 
0.924000 
0.924900 
0.925000 
0.926000 
0.926200 
0.926400 
0.926700 
0.927500 
0.928000 
0.929600 
0.929700 
0.930100 
0.930200 
0.930300 
0.930700 
0.931400 
0.932400 
0.932600 
0.933000 
0.933900 
0.934200 
0.934500 
0.934600 
0.934900 
0.934900 
0.936100 
0.936400 
0.936500 
0.937100 
0.937100 
0.937600 
0.938100 
0.939400 
0.939700 
0.940700 
0.941000 
0.941700 
0.942400 
0.942600 
0.943500 
0.943700 
0.944300 
0.944900 
0.945500 
0.945600 
0.946400 
0.947400 
0.947500 
0.947800 
0.947900 
0.949100 
0.949700 
0.949700 
0.950200 
0.950800 
0.951300 
0.952100 
0.953200 
0.953700 
0.953800 
0.954000 
0.954200 
0.955000 
0.955600 
0.956100 
0.956600 
0.957000 
0.957700 
0.959400 
0.959800 
0.960000 
0.960200 
0.960300 
0.960600 
0.961100 
0.961800 
0.962000 
0.962000 
0.962300 
0.962300 
0.962400 
0.963000 
0.963400 
0.963600 
0.963600 
0.965000 
0.965200 
0.965200 
0.966100 
0.966300 
0.968000 
0.968600 
0.969900 
0.970400 
0.970800 
0.971300 
0.971800 
0.974200 
0.974800 
0.975900 
0.976600 
0.976800 
0.977800 
0.977800 
0.978000 
0.978200 
0.978300 
0.979000 
0.979200 
0.979200 
0.979300 
0.979500 
0.979500 
0.979800 
0.980200 
0.980300 
0.980500 
0.981100 
0.981300 
0.981400 
0.981700 
0.982400 
0.982500 
0.982900 
0.983200 
0.983700 
0.984000 
0.984500 
0.985400 
0.985800 
0.986100 
0.987000 
0.988600 
0.989100 
0.989400 
0.990900 
0.991600 
0.991600 
0.991800 
0.992400 
0.992600 
0.993200 
0.996000 
0.996300 
0.996500 
0.996600 
0.996800 
0.996800 
0.997000 
0.997200 
0.998500 
0.998900 
0.999000 
0.999200 
0.999700 
1.000000 
1.000100 
1.000200 
1.000500 
1.000600 
1.000700 
1.001000 
1.002000 
1.002300 
1.003000 
1.003000 
1.005100 
1.005100 
1.005500 
1.006700 
1.007200 
1.008800 
1.009600 
1.010600 
1.010800 
1.011000 
1.011600 
1.012000 
1.013000 
1.013300 
1.013700 
1.014400 
1.014400 
1.015300 
1.015800 
1.015900 
1.016500 
1.016800 
1.017000 
1.019900 
1.020500 
1.020800 
1.021000 
1.022500 
1.023200 
1.024200 
1.024200 
1.024400 
1.025100 
1.025300 
1.026200 
1.026300 
1.026700 
1.026900 
1.027500 
1.027800 
1.027900 
1.028000 
1.028900 
1.029100 
1.029600 
1.030000 
1.030100 
1.030200 
1.031000 
1.031500 
1.033300 
1.033400 
1.033700 
1.034200 
1.034700 
1.035100 
1.035300 
1.035300 
1.035400 
1.035400 
1.035600 
1.036700 
1.037000 
1.037400 
1.037400 
1.037400 
1.037700 
1.037800 
1.038000 
1.038500 
1.040500 
1.040700 
1.043000 
1.043500 
1.043800 
1.044100 
1.044300 
1.044400 
1.046000 
1.046200 
1.046600 
1.047300 
1.047900 
1.048000 
1.048200 
1.048500 
1.048700 
1.048900 
1.049600 
1.049700 
1.052100 
1.052400 
1.052600 
1.052900 
1.053000 
1.053100 
1.054700 
1.054800 
1.055300 
1.055300 
1.055900 
1.056100 
1.056300 
1.058100 
1.058900 
1.058900 
1.059300 
1.059700 
1.060000 
1.060700 
1.062200 
1.062600 
1.062800 
1.062800 
1.063100 
1.063900 
1.064100 
1.064300 
1.064800 
1.065200 
1.065300 
1.065500 
1.065500 
1.065900 
1.066100 
1.066600 
1.068400 
1.068500 
1.069000 
1.069700 
1.069800 
1.069900 
1.070200 
1.070800 
1.071700 
1.071700 
1.072500 
1.072900 
1.073000 
1.073300 
1.073600 
1.073700 
1.074000 
1.074000 
1.074100 
1.074300 
1.075900 
1.076700 
1.077400 
1.077700 
1.078600 
1.079200 
1.080000 
1.080800 
1.081400 
1.082000 
1.083400 
1.083400 
1.084200 
1.084500 
1.085700 
1.085900 
1.086100 
1.086200 
1.086500 
1.086700 
1.087100 
1.088400 
1.089600 
1.089600 
1.089900 
1.090500 
1.091100 
1.091500 
1.091800 
1.092500 
1.092600 
1.093100 
1.093400 
1.094800 
1.095100 
1.096000 
1.096400 
1.096600 
1.097100 
1.097400 
1.098000 
1.098200 
1.099000 
1.099100 
1.099200 
1.099400 
1.099800 
1.100100 
1.100100 
1.100300 
1.100400 
1.100600 
1.100600 
1.100800 
1.101300 
1.101700 
1.102000 
1.102900 
1.103900 
1.105300 
1.105300 
1.106200 
1.106500 
1.106900 
1.107100 
1.108400 
1.108500 
1.109000 
1.109800 
1.109900 
1.110500 
1.110800 
1.110800 
1.111000 
1.111000 
1.111000 
1.111400 
1.113000 
1.113700 
1.113700 
1.113800 
1.114300 
1.114500 
1.114500 
1.114700 
1.115500 
1.115900 
1.116400 
1.117600 
1.117600 
1.118000 
1.118100 
1.119200 
1.119400 
1.119700 
1.121500 
1.121600 
1.123400 
1.123900 
1.124000 
1.125200 
1.126000 
1.126700 
1.126900 
1.126900 
1.127100 
1.127500 
1.128500 
1.128800 
1.129300 
1.129900 
1.131800 
1.133700 
1.133900 
1.134300 
1.134900 
1.135300 
1.135500 
1.135600 
1.136000 
1.136000 
1.136200 
1.136500 
1.137600 
1.137700 
1.137900 
1.138100 
1.138700 
1.139200 
1.139300 
1.139900 
1.140000 
1.140300 
1.140300 
1.140700 
1.140800 
1.141700 
1.141700 
1.142200 
1.142500 
1.142700 
1.143100 
1.143800 
1.144700 
1.145100 
1.145200 
1.145400 
1.146000 
1.147100 
1.147500 
1.147900 
1.149300 
1.149900 
1.150000 
1.151300 
1.151800 
1.152800 
1.152800 
1.153000 
1.153000 
1.153300 
1.153700 
1.154200 
1.155800 
1.156100 
1.156300 
1.156500 
1.156900 
1.157000 
1.157000 
1.157400 
1.157700 
1.157800 
1.159300 
1.159800 
1.160000 
1.160500 
1.160600 
1.160600 
1.160800 
1.160900 
1.161200 
1.161400 
1.161700 
1.164100 
1.164600 
1.165700 
1.165800 
1.165800 
1.165900 
1.166100 
1.166800 
1.166900 
1.167000 
1.167100 
1.167500 
1.168400 
1.168500 
1.168800 
1.169300 
1.169700 
1.170100 
1.170400 
1.171000 
1.171100 
1.171300 
1.171300 
1.173500 
1.174200 
1.174300 
1.175000 
1.175000 
1.175400 
1.175800 
1.175900 
1.176000 
1.176400 
1.176500 
1.176500 
1.176600 
1.178600 
1.178900 
1.179300 
1.182200 
1.183200 
1.183500 
1.183600 
1.183600 
1.183900 
1.185000 
1.185300 
1.186900 
1.187300 
1.188100 
1.188200 
1.188300 
1.188700 
1.189000 
1.189400 
1.190100 
1.190200 
1.190300 
1.190500 
1.191200 
1.191700 
1.191800 
1.191800 
1.192300 
1.193000 
1.194200 
1.194200 
1.194500 
1.195600 
1.195900 
1.196700 
1.197100 
1.200000 
1.200600 
1.201000 
1.201100 
1.201500 
1.201600 
1.201900 
1.202500 
1.202600 
1.202700 
1.203400 
1.204100 
1.204600 
1.204800 
1.205100 
1.205100 
1.205500 
1.206100 
1.206500 
1.206600 
1.206900 
1.207500 
1.208900 
1.209200 
1.209800 
1.209900 
1.210100 
1.210300 
1.210700 
1.211000 
1.211100 
1.211300 
1.211400 
1.212000 
1.212200 
1.212900 
1.213200 
1.214500 
1.215300 
1.216100 
1.216200 
1.216400 
1.216900 
1.217000 
1.217100 
1.217200 
1.218500 
1.218600 
1.220300 
1.220600 
1.220900 
1.220900 
1.221600 
1.222100 
1.222600 
1.222900 
1.223100 
1.223300 
1.223400 
1.223500 
1.224400 
1.224700 
1.225400 
1.227400 
1.227700 
1.229000 
1.229400 
1.229500 
1.229800 
1.230600 
1.233500 
1.233700 
1.233900 
1.234000 
1.234400 
1.234900 
1.235500 
1.235700 
1.236500 
1.236900 
1.237000 
1.237100 
1.238000 
1.238400 
1.238600 
1.238900 
1.239100 
1.239100 
1.239300 
1.239400 
1.239800 
1.240200 
1.240700 
1.240700 
1.240900 
1.241000 
1.242900 
1.243500 
1.243800 
1.245200 
1.245400 
1.245900 
1.246100 
1.246700 
1.246800 
1.247000 
1.247100 
1.247400 
1.247400 
1.247500 
1.247600 
1.247700 
1.247700 
1.248200 
1.248500 
1.248800 
1.249300 
1.249300 
1.250300 
1.251000 
1.251000 
1.251600 
1.251700 
1.252200 
1.253200 
1.254600 
1.254800 
1.255200 
1.255700 
1.255900 
1.256200 
1.258600 
1.259000 
1.262100 
1.262300 
1.264300 
1.265000 
1.265100 
1.265700 
1.266000 
1.266100 
1.266200 
1.266300 
1.266500 
1.266800 
1.267600 
1.268800 
1.268900 
1.269800 
1.270400 
1.270400 
1.270900 
1.271800 
1.271900 
1.272500 
1.273500 
1.273900 
1.274300 
1.274400 
1.274700 
1.275600 
1.276200 
1.276300 
1.277400 
1.278100 
1.278900 
1.278900 
1.279800 
1.280100 
1.280700 
1.280900 
1.280900 
1.281300 
1.281300 
1.281500 
1.281800 
1.281800 
1.281900 
1.282000 
1.283100 
1.283100 
1.283300 
1.283400 
1.284200 
1.285600 
1.287600 
1.288900 
1.289200 
1.289600 
1.290700 
1.292100 
1.292400 
1.292700 
1.293200 
1.294500 
1.296600 
1.297400 
1.297900 
1.298300 
1.299900 
1.301000 
1.301800 
1.302200 
1.302300 
1.303000 
1.303400 
1.303700 
1.303800 
1.303800 
1.304700 
1.305000 
1.305100 
1.305300 
1.305400 
1.306000 
1.306200 
1.306500 
1.307000 
1.307100 
1.307200 
1.307900 
1.309500 
1.310400 
1.311700 
1.311900 
1.311900 
1.312300 
1.312500 
1.314800 
1.314900 
1.315300 
1.315700 
1.315900 
1.316300 
1.318800 
1.319500 
1.319600 
1.320100 
1.320500 
1.320900 
1.321600 
1.321700 
1.321900 
1.322200 
1.322200 
1.322900 
1.323200 
1.323700 
1.323700 
1.324100 
1.324900 
1.328200 
1.328400 
1.328500 
1.329400 
1.329800 
1.329900 
1.330800 
1.331200 
1.331900 
1.332600 
1.332700 
1.332800 
1.334300 
1.335500 
1.335800 
1.336400 
1.336900 
1.337200 
1.338900 
1.339300 
1.339400 
1.339400 
1.339600 
1.340400 
1.341000 
1.341200 
1.342400 
1.342800 
1.343300 
1.344100 
1.344500 
1.344600 
1.344800 
1.346400 
1.347500 
1.348500 
1.348600 
1.348700 
1.349300 
1.349400 
1.349500 
1.349500 
1.350000 
1.350500 
1.352000 
1.353800 
1.353900 
1.354100 
1.354200 
1.355100 
1.355300 
1.355400 
1.356100 
1.356200 
1.356600 
1.356700 
1.357000 
1.357100 
1.357200 
1.357200 
1.357300 
1.357600 
1.357800 
1.357800 
1.358800 
1.358800 
1.359100 
1.359900 
1.360800 
1.362200 
1.362500 
1.362700 
1.362700 
1.362700 
1.364800 
1.365100 
1.365900 
1.366400 
1.366800 
1.367200 
1.368000 
1.368500 
1.369100 
1.369200 
1.369300 
1.369900 
1.370900 
1.371100 
1.372200 
1.372700 
1.372900 
1.373300 
1.373600 
1.373900 
1.374700 
1.375400 
1.376200 
1.376200 
1.376300 
1.380700 
1.381800 
1.381800 
1.382000 
1.382400 
1.383600 
1.383700 
1.384900 
1.386500 
1.386800 
1.387100 
1.387500 
1.387600 
1.387900 
1.388300 
1.389500 
1.389800 
1.390300 
1.390700 
1.391000 
1.391000 
1.391300 
1.391400 
1.392000 
1.392000 
1.392100 
1.394200 
1.394500 
1.395300 
1.395800 
1.395900 
1.396100 
1.396900 
1.397100 
1.399100 
1.399700 
1.400100 
1.400700 
1.400800 
1.401100 
1.401200 
1.401800 
1.403900 
1.404800 
1.405000 
1.405100 
1.405400 
1.405800 
1.406600 
1.408600 
1.409700 
1.410000 
1.410100 
1.410600 
1.410700 
1.411400 
1.412400 
1.412600 
1.413600 
1.414500 
1.414600 
1.415300 
1.415400 
1.416300 
1.416300 
1.417100 
1.417600 
1.418700 
1.419500 
1.419800 
1.420200 
1.420300 
1.421100 
1.421200 
1.421300 
1.421900 
1.422000 
1.422200 
1.422400 
1.422800 
1.422800 
1.423200 
1.423300 
1.423800 
1.423800 
1.423800 
1.424200 
1.424400 
1.426600 
1.426900 
1.427200 
1.427600 
1.428200 
1.428600 
1.428800 
1.429400 
1.429500 
1.430200 
1.432400 
1.432700 
1.432800 
1.432900 
1.432900 
1.432900 
1.434200 
1.434600 
1.435300 
1.436200 
1.436600 
1.438400 
1.439200 
1.439200 
1.439700 
1.440600 
1.440800 
1.441000 
1.441200 
1.441500 
1.441900 
1.441900 
1.443200 
1.444100 
1.444600 
1.444800 
1.444900 
1.446000 
1.446100 
1.446300 
1.447300 
1.448600 
1.449500 
1.449600 
1.450100 
1.450200 
1.450200 
1.451100 
1.451500 
1.451600 
1.451800 
1.452500 
1.452800 
1.453500 
1.454000 
1.454200 
1.454500 
1.454900 
1.455200 
1.455200 
1.455500 
1.455600 
1.455700 
1.455800 
1.456000 
1.458100 
1.458300 
1.458600 
1.459200 
1.459500 
1.459500 
1.459800 
1.460000 
1.461600 
1.461900 
1.463000 
1.463000 
1.463100 
1.463400 
1.463700 
1.464000 
1.464500 
1.466400 
1.466400 
1.466500 
1.466800 
1.467000 
1.467000 
1.467600 
1.468800 
1.470000 
1.471700 
1.471800 
1.472800 
1.473600 
1.474000 
1.474200 
1.474700 
1.474900 
1.475800 
1.476100 
1.476200 
1.476800 
1.478000 
1.478300 
1.478400 
1.478600 
1.478900 
1.479200 
1.479400 
1.480400 
1.481700 
1.482600 
1.482800 
1.482800 
1.483000 
1.483800 
1.484200 
1.484300 
1.484600 
1.485100 
1.485400 
1.486400 
1.486700 
1.489000 
1.489100 
1.490100 
1.490800 
1.491700 
1.492200 
1.492700 
1.494200 
1.494400 
1.494500 
1.495200 
1.495800 
1.496600 
1.497200 
1.497200 
1.498100 
1.499000 
1.499100 
1.499200 
1.499300 
1.499300 
1.499300 
1.499800 
1.499900 
1.500100 
1.501000 
1.501100 
1.501200 
1.501300 
1.501700 
1.502400 
1.502600 
1.503200 
1.503700 
1.504100 
1.504200 
1.506100 
1.506900 
1.507700 
1.508000 
1.508400 
1.508900 
1.509000 
1.509600 
1.511200 
1.511200 
1.511500 
1.511600 
1.512200 
1.513400 
1.513500 
1.513900 
1.514500 
1.515500 
1.516100 
1.516400 
1.516700 
1.517000 
1.517200 
1.517600 
1.518000 
1.518000 
1.518000 
1.518000 
1.518300 
1.518700 
1.518800 
1.520100 
1.520700 
1.521400 
1.521400 
1.522100 
1.522700 
1.523600 
1.523700 
1.523800 
1.525100 
1.525400 
1.525700 
1.525800 
1.526200 
1.526400 
1.526700 
1.527000 
1.527100 
1.527500 
1.528900 
1.529800 
1.531500 
1.531600 
1.532200 
1.532500 
1.532900 
1.533500 
1.533600 
1.534300 
1.534500 
1.535300 
1.535600 
1.536200 
1.537300 
1.537400 
1.538100 
1.538500 
1.538800 
1.539600 
1.539700 
1.539800 
1.540900 
1.541400 
1.541400 
1.541600 
1.541700 
1.541700 
1.542200 
1.542700 
1.542900 
1.543300 
1.543300 
1.543400 
1.544000 
1.544000 
1.544500 
1.544500 
1.544900 
1.545500 
1.545600 
1.545900 
1.546500 
1.547300 
1.548300 
1.549500 
1.549700 
1.549900 
1.550200 
1.551000 
1.551500 
1.552000 
1.553100 
1.553200 
1.553300 
1.554000 
1.554200 
1.554300 
1.554500 
1.554800 
1.556100 
1.556500 
1.556900 
1.557000 
1.558500 
1.558700 
1.559700 
1.560500 
1.562300 
1.562900 
1.563900 
1.564100 
1.564100 
1.564200 
1.564400 
1.564600 
1.564800 
1.564800 
1.564900 
1.565000 
1.565000 
1.565300 
1.567300 
1.567700 
1.568000 
1.568200 
1.568300 
1.569800 
1.570200 
1.571300 
1.572500 
1.572800 
1.572900 
1.573200 
1.573600 
1.576900 
1.578300 
1.578800 
1.579300 
1.579500 
1.579800 
1.580000 
1.580400 
1.580500 
1.580500 
1.580700 
1.580800 
1.580900 
1.581300 
1.582000 
1.582700 
1.583200 
1.583400 
1.584000 
1.585700 
1.586200 
1.587200 
1.587400 
1.587800 
1.588100 
1.588300 
1.588400 
1.588700 
1.588800 
1.589000 
1.589100 
1.589300 
1.589600 
1.589600 
1.589700 
1.589700 
1.590100 
1.590200 
1.590200 
1.590200 
1.591100 
1.591700 
1.593100 
1.593900 
1.595300 
1.595400 
1.595900 
1.597300 
1.597600 
1.597700 
1.599500 
1.599700 
1.601200 
1.602300 
1.602400 
1.602500 
1.602600 
1.602700 
1.603600 
1.604700 
1.605600 
1.605900 
1.606000 
1.606300 
1.606300 
1.606500 
1.606700 
1.606800 
1.606800 
1.607100 
1.607200 
1.607400 
1.607500 
1.607800 
1.609600 
1.610400 
1.610700 
1.610900 
1.611200 
1.611200 
1.611800 
1.612100 
1.612200 
1.612500 
1.613500 
1.614200 
1.614600 
1.616200 
1.616900 
1.617400 
1.618000 
1.618400 
1.618500 
1.618500 
1.619200 
1.619700 
1.619900 
1.620100 
1.620400 
1.620900 
1.621000 
1.621400 
1.622500 
1.622800 
1.623300 
1.624000 
1.624400 
1.624800 
1.624900 
1.625200 
1.626100 
1.627000 
1.627300 
1.627700 
1.627800 
1.627900 
1.628300 
1.628400 
1.628500 
1.628700 
1.629700 
1.631000 
1.631500 
1.632400 
1.632800 
1.633500 
1.634800 
1.635000 
1.635200 
1.635400 
1.635600 
1.635600 
1.636000 
1.636200 
1.636600 
1.637100 
1.638400 
1.638700 
1.638900 
1.639000 
1.639300 
1.639800 
1.639900 
1.640100 
1.641200 
1.641300 
1.641400 
1.641600 
1.641900 
1.641900 
1.641900 
1.642000 
1.642100 
1.643300 
1.643700 
1.644500 
1.644500 
1.645600 
1.645800 
1.646300 
1.646700 
1.646900 
1.649000 
1.650200 
1.651000 
1.651100 
1.651900 
1.653400 
1.653800 
1.653900 
1.654100 
1.654300 
1.654300 
1.654500 
1.654900 
1.655200 
1.655700 
1.656100 
1.656800 
1.657300 
1.657600 
1.657800 
1.657800 
1.658600 
1.658900 
1.659100 
1.659100 
1.659300 
1.659600 
1.660300 
1.660900 
1.662400 
1.662600 
1.663200 
1.663300 
1.664500 
1.664800 
1.665000 
1.665600 
1.666000 
1.666100 
1.666300 
1.668600 
1.668700 
1.668800 
1.669200 
1.669200 
1.670200 
1.670500 
1.670600 
1.670600 
1.670900 
1.671100 
1.671400 
1.672100 
1.672500 
1.672600 
1.673500 
1.674400 
1.675100 
1.675300 
1.675500 
1.675600 
1.676700 
1.677200 
1.677400 
1.677500 
1.677600 
1.677800 
1.680300 
1.680400 
1.680800 
1.682500 
1.682900 
1.683100 
1.683400 
1.683500 
1.684200 
1.684700 
1.684800 
1.685800 
1.687100 
1.687300 
1.687400 
1.688400 
1.689000 
1.689000 
1.689400 
1.689400 
1.689400 
1.689600 
1.689600 
1.690700 
1.690800 
1.690800 
1.691000 
1.691500 
1.692200 
1.692600 
1.693800 
1.694300 
1.694500 
1.694600 
1.694800 
1.695000 
1.695800 
1.695900 
1.696400 
1.696500 
1.697100 
1.698500 
1.698600 
1.699100 
1.699100 
1.699400 
1.700600 
1.701100 
1.701400 
1.702100 
1.702300 
1.702900 
1.703500 
1.704100 
1.704600 
1.705200 
1.705900 
1.708600 
1.708800 
1.710000 
1.710100 
1.710600 
1.710900 
1.711000 
1.711500 
1.711600 
1.712200 
1.712300 
1.713000 
1.713200 
1.714100 
1.714400 
1.714400 
1.715200 
1.715400 
1.715600 
1.716400 
1.717700 
1.718100 
1.718100 
1.718300 
1.718600 
1.719100 
1.719500 
1.720100 
1.720100 
1.720200 
1.720600 
1.720800 
1.721500 
1.723000 
1.725000 
1.725200 
1.725200 
1.725200 
1.725700 
1.726300 
1.726400 
1.727100 
1.727500 
1.727700 
1.727800 
1.727900 
1.728700 
1.728900 
1.730300 
1.730700 
1.731100 
1.731500 
1.731600 
1.732000 
1.732500 
1.732600 
1.733100 
1.733500 
1.733500 
1.733600 
1.733600 
1.734600 
1.734700 
1.734800 
1.735200 
1.735300 
1.736100 
1.736100 
1.736400 
1.736500 
1.736700 
1.737300 
1.737300 
1.738100 
1.738800 
1.739700 
1.740000 
1.740500 
1.740900 
1.740900 
1.741000 
1.741200 
1.741900 
1.741900 
1.743100 
1.745600 
1.745600 
1.745900 
1.746300 
1.747100 
1.747100 
1.747300 
1.748400 
1.749100 
1.750600 
1.752300 
1.752500 
1.752500 
1.752600 
1.752800 
1.752900 
1.753100 
1.754000 
1.754700 
1.755300 
1.755400 
1.756400 
1.757400 
1.758600 
1.758800 
1.760600 
1.761100 
1.761900 
1.762200 
1.762700 
1.763300 
1.763900 
1.764100 
1.764200 
1.765000 
1.765400 
1.765800 
1.766800 
1.767700 
1.768100 
1.768900 
1.769400 
1.769500 
1.769500 
1.770500 
1.770800 
1.771400 
1.772800 
1.772900 
1.773200 
1.773800 
1.773900 
1.774800 
1.775100 
1.775100 
1.775700 
1.775800 
1.776200 
1.776200 
1.778200 
1.778600 
1.778600 
1.778600 
1.778800 
1.779600 
1.779700 
1.780000 
1.780500 
1.780800 
1.780900 
1.781700 
1.783200 
1.783500 
1.783900 
1.784100 
1.785800 
1.787500 
1.788400 
1.788600 
1.788900 
1.789000 
1.789400 
1.789500 
1.789700 
1.790300 
1.792400 
1.792500 
1.793000 
1.793100 
1.793300 
1.793500 
1.793600 
1.793800 
1.794100 
1.794300 
1.794700 
1.794800 
1.795200 
1.796500 
1.796900 
1.797100 
1.798600 
1.798800 
1.799300 
1.799300 
1.799500 
1.799900 
1.800600 
1.800700 
1.800900 
1.800900 
1.801200 
1.801900 
1.803300 
1.803400 
1.803900 
1.805400 
1.805800 
1.805900 
1.806400 
1.806700 
1.807700 
1.807900 
1.808000 
1.808000 
1.808300 
1.808500 
1.808500 
1.811600 
1.812900 
1.813100 
1.813300 
1.813300 
1.813400 
1.813600 
1.814200 
1.815100 
1.815800 
1.817400 
1.818100 
1.818600 
1.819400 
1.819800 
1.820000 
1.820000 
1.820300 
1.820400 
1.821100 
1.821100 
1.821300 
1.821800 
1.822100 
1.822100 
1.822300 
1.822500 
1.823100 
1.823300 
1.824100 
1.824500 
1.825400 
1.825400 
1.827000 
1.827500 
1.828400 
1.828500 
1.828500 
1.829700 
1.830000 
1.830400 
1.830500 
1.830800 
1.831500 
1.831500 
1.831800 
1.831800 
1.831800 
1.832600 
1.833000 
1.833200 
1.833300 
1.833900 
1.834600 
1.834800 
1.834900 
1.834900 
1.835300 
1.835400 
1.835400 
1.836500 
1.836800 
1.837200 
1.838400 
1.840900 
1.841000 
1.841200 
1.841500 
1.841900 
1.843100 
1.844000 
1.844700 
1.844800 
1.845200 
1.845700 
1.845800 
1.845800 
1.845900 
1.845900 
1.846000 
1.847000 
1.847000 
1.847200 
1.847600 
1.847600 
1.847800 
1.848100 
1.848100 
1.849300 
1.850500 
1.852100 
1.852600 
1.852600 
1.853500 
1.853800 
1.854000 
1.854100 
1.855100 
1.855100 
1.855400 
1.856500 
1.857200 
1.857400 
1.857900 
1.858400 
1.858600 
1.858700 
1.858900 
1.859200 
1.859400 
1.859600 
1.859800 
1.860300 
1.860600 
1.860700 
1.861600 
1.862300 
1.862500 
1.862800 
1.862800 
1.863000 
1.863100 
1.863400 
1.863600 
1.863900 
1.864300 
1.866600 
1.866700 
1.867400 
1.867800 
1.868000 
1.870200 
1.870800 
1.870900 
1.871100 
1.871200 
1.871300 
1.871400 
1.871400 
1.873100 
1.873200 
1.874400 
1.875400 
1.875400 
1.875900 
1.877100 
1.877200 
1.877200 
1.877200 
1.877400 
1.879000 
1.880100 
1.880900 
1.882500 
1.882800 
1.882900 
1.882900 
1.883000 
1.883400 
1.884100 
1.884100 
1.884100 
1.885000 
1.887600 
1.888500 
1.888700 
1.888800 
1.888800 
1.889000 
1.889400 
1.889400 
1.889500 
1.889900 
1.890900 
1.892000 
1.892100 
1.892100 
1.892100 
1.892200 
1.892300 
1.893500 
1.894300 
1.895600 
1.896300 
1.896600 
1.897000 
1.897800 
1.898500 
1.898700 
1.899100 
1.899800 
1.899800 
1.899900 
1.900100 
1.901700 
1.902800 
1.904100 
1.904500 
1.905400 
1.905500 
1.905700 
1.906000 
1.906400 
1.906800 
1.907500 
1.907600 
1.908200 
1.908200 
1.908800 
1.909200 
1.909500 
1.911200 
1.912400 
1.912800 
1.913400 
1.913400 
1.913500 
1.914400 
1.914500 
1.914500 
1.914900 
1.915000 
1.915100 
1.915100 
1.915200 
1.915200 
1.915300 
1.916000 
1.916300 
1.916600 
1.917300 
1.918300 
1.918400 
1.919000 
1.919100 
1.919200 
1.919200 
1.919600 
1.920500 
1.921200 
1.922000 
1.922700 
1.923000 
1.923100 
1.924700 
1.926100 
1.926300 
1.926400 
1.926500 
1.927200 
1.927300 
1.927800 
1.928800 
1.929600 
1.930100 
1.930400 
1.932000 
1.932100 
1.932200 
1.932300 
1.932600 
1.932600 
1.932800 
1.933300 
1.934500 
1.935100 
1.935200 
1.937300 
1.938400 
1.938900 
1.939300 
1.940100 
1.941500 
1.943000 
1.943300 
1.943700 
1.943900 
1.944000 
1.945000 
1.946200 
1.946500 
1.948200 
1.948300 
1.949500 
1.949600 
1.950000 
1.950100 
1.950800 
1.950800 
1.951000 
1.951500 
1.951500 
1.951800 
1.952300 
1.952500 
1.953300 
1.953400 
1.954500 
1.954500 
1.955800 
1.956700 
1.956700 
1.956700 
1.956800 
1.956900 
1.957300 
1.957800 
1.958200 
1.958200 
1.958300 
1.958600 
1.958700 
1.960400 
1.960900 
1.961200 
1.961600 
1.961700 
1.962000 
1.962500 
1.963400 
1.963700 
1.964600 
1.964700 
1.965400 
1.966400 
1.966400 
1.966700 
1.966800 
1.968100 
1.968200 
1.968200 
1.969000 
1.969700 
1.969800 
1.969900 
1.970000 
1.970200 
1.970400 
1.970600 
1.972000 
1.972000 
1.972400 
1.973200 
1.973200 
1.973900 
1.973900 
1.974300 
1.974400 
1.974700 
1.975800 
1.975900 
1.976000 
1.976500 
1.977700 
1.977900 
1.977900 
1.978500 
1.978800 
1.978900 
1.979000 
1.980400 
1.980800 
1.981100 
1.981400 
1.981900 
1.982700 
1.983000 
1.983900 
1.984000 
1.984400 
1.984800 
1.984800 
1.985300 
1.985800 
1.986400 
1.986400 
1.987700 
1.987800 
1.988100 
1.988800 
1.988800 
1.990100 
1.990400 
1.991200 
1.991400 
1.991900 
1.992100 
1.992200 
1.992800 
1.993300 
1.994900 
1.995100 
1.995300 
1.995700 
1.996400 
1.996500 
1.996700 
1.996800 
1.997400 
1.997400 
1.997700 
1.998000 
1.999300 
1.999900 
2.000000 
2.000100 
2.000500 
2.000900 
2.001400 
2.001800 
2.001800 
2.002000 
2.002100 
2.002200 
2.003700 
2.003800 
2.004000 
2.005300 
2.006000 
2.006000 
2.006200 
2.006400 
2.007300 
2.007500 
2.008500 
2.008600 
2.009900 
2.010000 
2.010400 
2.010600 
2.011400 
2.011400 
2.012600 
2.012900 
2.013200 
2.014100 
2.014500 
2.014900 
2.015500 
2.017700 
2.018600 
2.018700 
2.018700 
2.019100 
2.019400 
2.019900 
2.020300 
2.020300 
2.021100 
2.021700 
2.022300 
2.022900 
2.023600 
2.023700 
2.023900 
2.024000 
2.025100 
2.025600 
2.025600 
2.026000 
2.026200 
2.027000 
2.027600 
2.027800 
2.028700 
2.029200 
2.029500 
2.029500 
2.029600 
2.029700 
2.030600 
2.031600 
2.032200 
2.032400 
2.032800 
2.033100 
2.034000 
2.034200 
2.034400 
2.034600 
2.034700 
2.035400 
2.035500 
2.036100 
2.037700 
2.037900 
2.038000 
2.038500 
2.039300 
2.039700 
2.040900 
2.041000 
2.041300 
2.042100 
2.042200 
2.042900 
2.043200 
2.043400 
2.043800 
2.043900 
2.043900 
2.044300 
2.044300 
2.044300 
2.044500 
2.044600 
2.046900 
2.047600 
2.047800 
2.048400 
2.048500 
2.049100 
2.049400 
2.049500 
2.049600 
2.050200 
2.050400 
2.051200 
2.051900 
2.051900 
2.052100 
2.052700 
2.053500 
2.054100 
2.054500 
2.054600 
2.054600 
2.055100 
2.055100 
2.055300 
2.056500 
2.056700 
2.057500 
2.057800 
2.058600 
2.059000 
2.059300 
2.060100 
2.060200 
2.061100 
2.061200 
2.061500 
2.061700 
2.063200 
2.065600 
2.066000 
2.066300 
2.066700 
2.067200 
2.067300 
2.067500 
2.067800 
2.067900 
2.068400 
2.068400 
2.069500 
2.069900 
2.070000 
2.070500 
2.070800 
2.071100 
2.071300 
2.071700 
2.072100 
2.072500 
2.073200 
2.074000 
2.074100 
2.074200 
2.074600 
2.075400 
2.075900 
2.076600 
2.076700 
2.078500 
2.080000 
2.080500 
2.080700 
2.081000 
2.081400 
2.081400 
2.082300 
2.082400 
2.082600 
2.083100 
2.083100 
2.083200 
2.084100 
2.085700 
2.086400 
2.086500 
2.087300 
2.088200 
2.088400 
2.088700 
2.088900 
2.089000 
2.089000 
2.089000 
2.089500 
2.089600 
2.090000 
2.090400 
2.090400 
2.092300 
2.092700 
2.095100 
2.095200 
2.095200 
2.095500 
2.095500 
2.096200 
2.096800 
2.096900 
2.097100 
2.097500 
2.097600 
2.097700 
2.098200 
2.098300 
2.098500 
2.098600 
2.098700 
2.098700 
2.100000 
2.100600 
2.101400 
2.101800 
2.101900 
2.102300 
2.103800 
2.104300 
2.104800 
2.105000 
2.105600 
2.107000 
2.107600 
2.108400 
2.108900 
2.109200 
2.110000 
2.110300 
2.110400 
2.110600 
2.113200 
2.113500 
2.113600 
2.113700 
2.113700 
2.113900 
2.114500 
2.114600 
2.116000 
2.116700 
2.117300 
2.118400 
2.118700 
2.119400 
2.119500 
2.119700 
2.119900 
2.120100 
2.120400 
2.120900 
2.120900 
2.121200 
2.122100 
2.122200 
2.122700 
2.122800 
2.124200 
2.124800 
2.126000 
2.127500 
2.128500 
2.128600 
2.128800 
2.129000 
2.129100 
2.129500 
2.129600 
2.129800 
2.130300 
2.130500 
2.130500 
2.130700 
2.131000 
2.131800 
2.132800 
2.132900 
2.133900 
2.135700 
2.135800 
2.136000 
2.136100 
2.136300 
2.136800 
2.137600 
2.137800 
2.137900 
2.137900 
2.138200 
2.138300 
2.139100 
2.139300 
2.140100 
2.140500 
2.141600 
2.141600 
2.141800 
2.142600 
2.145100 
2.145600 
2.145800 
2.146100 
2.146200 
2.146200 
2.146300 
2.146600 
2.147100 
2.147400 
2.148500 
2.149000 
2.149500 
2.149900 
2.151500 
2.151700 
2.151700 
2.152200 
2.153100 
2.153700 
2.154300 
2.154500 
2.154800 
2.154900 
2.155100 
2.155200 
2.155900 
2.156400 
2.156700 
2.158100 
2.158100 
2.158300 
2.158500 
2.159000 
2.159000 
2.159100 
2.159300 
2.159600 
2.159800 
2.160300 
2.161000 
2.161300 
2.161500 
2.161700 
2.162000 
2.162000 
2.162500 
2.162600 
2.165400 
2.166400 
2.166600 
2.168700 
2.168800 
2.169400 
2.170500 
2.170800 
2.171200 
2.171300 
2.171500 
2.172800 
2.173400 
2.173600 
2.173600 
2.174000 
2.174100 
2.174100 
2.175200 
2.175800 
2.176000 
2.176100 
2.176900 
2.177000 
2.177300 
2.177900 
2.178100 
2.178700 
2.179500 
2.180000 
2.180500 
2.180600 
2.180700 
2.181800 
2.182100 
2.182300 
2.183400 
2.183800 
2.185600 
2.186800 
2.186800 
2.187000 
2.187100 
2.187200 
2.187300 
2.188500 
2.189000 
2.189400 
2.190900 
2.191700 
2.192100 
2.192400 
2.192600 
2.192700 
2.193900 
2.193900 
2.195300 
2.195800 
2.196400 
2.196500 
2.196500 
2.197100 
2.197500 
2.197500 
2.198100 
2.199800 
2.200300 
2.200600 
2.202100 
2.202300 
2.203200 
2.203300 
2.204100 
2.204500 
2.204600 
2.204700 
2.204900 
2.205400 
2.205400 
2.205500 
2.206100 
2.206300 
2.206300 
2.207200 
2.208200 
2.208400 
2.209300 
2.209400 
2.209500 
2.210200 
2.211200 
2.211300 
2.211300 
2.211300 
2.211700 
2.212000 
2.212100 
2.212400 
2.212800 
2.212900 
2.213600 
2.213800 
2.214300 
2.215800 
2.216000 
2.216200 
2.216500 
2.218200 
2.219500 
2.219600 
2.220100 
2.220200 
2.221100 
2.221200 
2.221600 
2.222700 
2.223200 
2.223700 
2.224900 
2.225500 
2.226300 
2.226400 
2.227200 
2.227700 
2.228400 
2.228500 
2.229000 
2.229000 
2.231100 
2.231300 
2.232800 
2.232900 
2.234200 
2.234500 
2.234700 
2.235500 
2.237100 
2.237600 
2.238500 
2.239100 
2.239500 
2.240600 
2.241300 
2.241500 
2.241600 
2.242600 
2.242700 
2.243700 
2.244100 
2.244300 
2.244800 
2.245300 
2.245300 
2.245300 
2.246300 
2.246600 
2.247000 
2.247700 
2.247700 
2.247900 
2.248200 
2.248400 
2.250500 
2.251800 
2.252000 
2.252100 
2.252700 
2.253400 
2.254000 
2.254500 
2.254700 
2.255100 
2.255400 
2.256600 
2.256900 
2.257700 
2.257800 
2.260000 
2.260100 
2.260100 
2.260300 
2.260500 
2.260900 
2.261500 
2.262500 
2.262900 
2.263000 
2.263100 
2.263100 
2.263300 
2.264400 
2.264700 
2.265100 
2.265300 
2.265700 
2.266200 
2.266500 
2.267800 
2.268100 
2.268200 
2.268700 
2.271900 
2.272000 
2.272500 
2.272900 
2.273000 
2.273500 
2.274000 
2.274500 
2.274600 
2.275400 
2.276100 
2.276500 
2.277300 
2.278700 
2.278900 
2.280500 
2.280700 
2.281300 
2.281300 
2.281500 
2.282100 
2.282700 
2.284100 
2.284400 
2.285000 
2.285500 
2.285800 
2.286000 
2.286700 
2.286700 
2.286900 
2.287600 
2.288600 
2.288700 
2.291100 
2.293500 
2.294300 
2.294300 
2.294300 
2.294500 
2.294600 
2.294900 
2.295000 
2.295600 
2.296200 
2.296200 
2.296800 
2.297100 
2.297400 
2.297700 
2.298600 
2.299000 
2.299400 
2.299900 
2.300100 
2.300900 
2.301800 
2.302200 
2.302700 
2.303400 
2.304300 
2.304600 
2.304600 
2.305800 
2.305900 
2.307000 
2.307000 
2.307000 
2.307100 
2.307400 
2.307600 
2.308100 
2.308300 
2.308700 
2.308800 
2.308800 
2.309000 
2.309000 
2.310800 
2.311000 
2.312700 
2.312900 
2.313300 
2.313400 
2.313800 
2.313900 
2.314000 
2.315100 
2.315100 
2.315800 
2.316000 
2.316200 
2.316500 
2.317100 
2.318200 
2.318200 
2.318300 
2.320000 
2.321300 
2.321400 
2.322000 
2.323000 
2.323000 
2.323300 
2.323300 
2.324900 
2.324900 
2.326700 
2.326700 
2.326800 
2.327100 
2.328000 
2.328500 
2.328700 
2.328900 
2.329400 
2.329400 
2.331500 
2.331900 
2.332400 
2.333100 
2.333400 
2.333500 
2.333500 
2.333900 
2.334600 
2.334700 
2.334800 
2.334900 
2.336000 
2.336000 
2.336500 
2.336900 
2.337700 
2.338100 
2.339300 
2.339400 
2.340300 
2.340300 
2.340400 
2.340400 
2.341100 
2.341400 
2.341400 
2.342400 
2.342400 
2.342700 
2.343100 
2.343600 
2.343900 
2.344900 
2.345800 
2.346300 
2.347400 
2.347400 
2.348500 
2.349200 
2.349500 
2.350000 
2.351100 
2.351600 
2.351700 
2.352000 
2.352400 
2.353200 
2.353300 
2.354700 
2.355100 
2.356100 
2.356500 
2.356600 
2.356900 
2.357100 
2.358800 
2.359300 
2.359400 
2.360400 
2.361200 
2.362400 
2.363000 
2.363300 
2.363400 
2.363700 
2.363800 
2.364800 
2.365100 
2.367500 
2.368600 
2.369600 
2.370600 
2.371400 
2.372800 
2.374600 
2.375100 
2.376000 
2.376100 
2.376200 
2.376200 
2.377600 
2.377800 
2.377900 
2.378500 
2.378500 
2.378500 
2.378800 
2.379600 
2.380700 
2.381000 
2.381400 
2.381800 
2.382100 
2.382400 
2.382700 
2.382700 
2.383000 
2.383800 
2.384200 
2.384900 
2.385500 
2.385900 
2.386800 
2.389600 
2.389700 
2.390600 
2.390800 
2.390900 
2.391100 
2.391400 
2.391400 
2.391800 
2.391900 
2.392700 
2.392800 
2.393000 
2.393700 
2.393800 
2.394000 
2.394600 
2.394800 
2.395100 
2.395800 
2.395800 
2.396700 
2.397400 
2.397800 
2.398000 
2.399100 
2.399200 
2.399300 
2.400000 
2.400400 
2.400400 
2.400600 
2.400900 
2.401000 
2.401800 
2.402000 
2.402200 
2.402200 
2.402900 
2.403100 
2.403500 
2.403600 
2.404100 
2.404200 
2.404500 
2.404900 
2.404900 
2.404900 
2.405100 
2.405700 
2.408100 
2.408500 
2.408500 
2.408600 
2.408800 
2.408800 
2.411300 
2.412100 
2.412800 
2.412900 
2.413600 
2.414300 
2.414400 
2.414500 
2.415100 
2.415200 
2.415600 
2.416300 
2.416800 
2.416800 
2.416900 
2.417200 
2.417700 
2.417700 
2.418400 
2.419300 
2.421100 
2.421100 
2.421500 
2.421600 
2.422700 
2.423000 
2.423400 
2.423400 
2.424500 
2.424600 
2.424900 
2.425200 
2.425200 
2.425500 
2.425600 
2.426500 
2.427900 
2.428500 
2.428700 
2.429400 
2.429900 
2.430000 
2.430600 
2.431000 
2.431100 
2.431800 
2.432100 
2.432200 
2.432500 
2.432500 
2.433300 
2.433500 
2.433700 
2.433700 
2.435200 
2.436400 
2.436500 
2.436800 
2.437000 
2.437400 
2.438000 
2.438200 
2.438900 
2.439400 
2.439400 
2.440100 
2.440500 
2.441400 
2.442100 
2.442300 
2.442600 
2.442700 
2.442800 
2.443300 
2.443300 
2.443500 
2.443700 
2.444100 
2.445500 
2.446200 
2.446300 
2.446400 
2.446600 
2.448300 
2.449600 
2.449700 
2.450000 
2.450100 
2.451600 
2.453000 
2.453100 
2.453500 
2.454100 
2.454700 
2.456200 
2.456400 
2.456900 
2.456900 
2.458000 
2.458300 
2.458400 
2.458800 
2.459400 
2.459500 
2.460200 
2.460600 
2.461400 
2.461600 
2.462100 
2.462700 
2.462900 
2.462900 
2.463200 
2.464700 
2.465300 
2.465800 
2.465800 
2.467100 
2.469300 
2.469400 
2.469700 
2.471300 
2.471400 
2.471800 
2.471800 
2.472100 
2.472200 
2.472700 
2.473200 
2.473200 
2.473300 
2.475100 
2.475600 
2.475800 
2.476500 
2.476500 
2.476600 
2.477600 
2.478600 
2.478800 
2.478900 
2.479600 
2.480200 
2.480500 
2.480600 
2.482200 
2.482600 
2.483600 
2.484900 
2.486800 
2.487000 
2.487100 
2.487800 
2.488000 
2.488700 
2.488800 
2.489000 
2.489200 
2.489200 
2.489700 
2.490500 
2.491500 
2.491800 
2.492000 
2.492400 
2.493100 
2.493800 
2.494300 
2.495200 
2.496000 
2.496200 
2.496700 
2.496900 
2.497100 
2.497200 
2.499900 
2.500100 
2.500400 
2.500400 
2.500500 
2.500600 
2.501100 
2.502100 
2.502400 
2.503000 
2.503100 
2.503500 
2.503900 
2.504300 
2.505000 
2.505600 
2.506400 
2.507800 
2.508500 
2.509000 
2.509200 
2.509300 
2.509500 
2.509600 
2.509700 
2.511500 
2.511700 
2.512900 
2.513200 
2.513400 
2.513700 
2.515100 
2.515400 
2.515800 
2.516000 
2.516400 
2.516900 
2.517000 
2.517000 
2.517300 
2.517400 
2.518200 
2.518800 
2.518900 
2.519600 
2.520100 
2.520200 
2.520200 
2.522200 
2.522400 
2.522600 
2.523200 
2.524200 
2.524700 
2.524700 
2.525200 
2.526000 
2.526800 
2.527200 
2.527600 
2.527900 
2.528300 
2.528600 
2.529100 
2.530000 
2.530100 
2.530700 
2.531600 
2.533000 
2.533400 
2.533700 
2.534000 
2.534300 
2.534900 
2.535000 
2.535800 
2.536000 
2.536500 
2.538300 
2.538400 
2.538400 
2.538600 
2.538700 
2.539000 
2.539800 
2.539900 
2.540100 
2.540200 
2.540600 
2.540700 
2.541100 
2.541100 
2.541500 
2.541500 
2.543000 
2.543000 
2.543300 
2.543400 
2.543700 
2.543900 
2.544100 
2.546300 
2.546600 
2.546600 
2.547600 
2.547700 
2.548100 
2.548400 
2.548700 
2.549400 
2.549600 
2.549600 
2.550400 
2.550900 
2.551300 
2.551400 
2.551400 
2.551900 
2.552200 
2.552300 
2.552700 
2.553300 
2.553300 
2.553800 
2.554600 
2.554700 
2.554900 
2.555100 
2.555500 
2.555600 
2.555600 
2.555800 
2.556700 
2.557100 
2.557400 
2.557600 
2.559300 
2.560400 
2.561500 
2.562000 
2.562400 
2.562600 
2.563400 
2.563700 
2.564400 
2.564500 
2.564500 
2.564800 
2.565000 
2.566000 
2.566000 
2.566000 
2.566200 
2.566500 
2.566600 
2.566900 
2.567000 
2.567500 
2.567900 
2.570200 
2.570900 
2.571200 
2.572200 
2.572200 
2.572400 
2.572800 
2.572900 
2.573200 
2.573400 
2.573400 
2.573500 
2.573900 
2.574100 
2.574100 
2.574900 
2.575600 
2.576600 
2.577000 
2.578800 
2.579600 
2.579700 
2.580000 
2.580600 
2.580800 
2.580900 
2.581400 
2.581900 
2.582100 
2.582800 
2.583200 
2.584900 
2.586300 
2.586400 
2.586600 
2.587200 
2.587400 
2.587700 
2.588500 
2.588600 
2.589200 
2.590100 
2.590100 
2.590200 
2.590300 
2.590700 
2.590900 
2.591700 
2.593200 
2.593300 
2.593500 
2.594200 
2.594600 
2.594600 
2.595000 
2.595500 
2.595500 
2.596800 
2.597700 
2.598200 
2.598800 
2.599000 
2.599400 
2.599500 
2.599800 
2.599900 
2.600000 
2.600100 
2.600500 
2.600800 
2.601800 
2.602500 
2.603500 
2.604100 
2.604200 
2.604800 
2.604900 
2.605200 
2.606700 
2.607200 
2.607700 
2.607900 
2.608400 
2.609400 
2.609500 
2.610100 
2.610200 
2.610300 
2.610600 
2.611800 
2.612400 
2.612700 
2.613000 
2.613100 
2.613200 
2.613300 
2.613300 
2.614600 
2.615200 
2.615600 
2.616400 
2.616600 
2.616900 
2.618400 
2.618700 
2.618800 
2.619000 
2.619900 
2.620400 
2.621100 
2.621200 
2.621200 
2.623300 
2.623300 
2.623900 
2.624100 
2.624300 
2.624500 
2.624500 
2.624600 
2.625200 
2.626600 
2.626700 
2.627100 
2.627200 
2.627900 
2.628000 
2.628700 
2.629000 
2.630000 
2.630500 
2.631800 
2.631900 
2.631900 
2.632200 
2.632700 
2.633100 
2.633900 
2.635000 
2.635100 
2.635500 
2.636400 
2.636500 
2.636500 
2.636800 
2.636800 
2.636900 
2.636900 
2.637000 
2.637300 
2.637500 
2.638300 
2.639000 
2.639800 
2.640200 
2.640400 
2.640900 
2.641500 
2.642800 
2.643400 
2.644000 
2.644000 
2.644200 
2.644900 
2.645700 
2.645800 
2.645900 
2.646400 
2.646600 
2.647000 
2.647300 
2.647500 
2.647700 
2.647900 
2.649200 
2.649500 
2.650000 
2.650900 
2.651800 
2.651900 
2.652200 
2.652300 
2.653000 
2.653700 
2.654600 
2.655800 
2.657000 
2.657200 
2.657300 
2.657800 
2.658400 
2.658900 
2.658900 
2.659100 
2.659300 
2.660800 
2.661900 
2.662400 
2.662700 
2.662800 
2.663300 
2.663400 
2.663400 
2.663600 
2.664300 
2.664600 
2.665000 
2.665100 
2.665400 
2.666200 
2.667500 
2.667700 
2.668500 
2.669000 
2.669200 
2.669900 
2.670000 
2.670000 
2.670200 
2.670400 
2.670900 
2.671300 
2.672100 
2.672300 
2.673100 
2.673600 
2.673900 
2.674200 
2.675700 
2.676200 
2.676700 
2.677000 
2.677200 
2.677700 
2.678100 
2.678300 
2.678900 
2.679800 
2.680600 
2.681400 
2.681500 
2.681700 
2.682200 
2.683100 
2.683300 
2.683300 
2.683500 
2.683600 
2.684200 
2.684400 
2.684400 
2.685000 
2.686000 
2.687000 
2.687000 
2.687000 
2.687500 
2.687700 
2.687800 
2.688900 
2.688900 
2.689500 
2.689600 
2.692000 
2.692000 
2.692300 
2.693500 
2.693600 
2.694300 
2.694500 
2.695700 
2.696200 
2.697100 
2.697200 
2.697200 
2.697400 
2.697500 
2.697900 
2.698000 
2.698500 
2.699100 
2.699100 
2.699200 
2.699700 
2.700400 
2.700700 
2.700800 
2.701400 
2.701900 
2.703500 
2.704200 
2.704400 
2.704600 
2.705700 
2.705700 
2.705800 
2.707200 
2.707600 
2.707700 
2.708000 
2.708100 
2.709200 
2.710900 
2.712000 
2.712300 
2.713300 
2.713600 
2.713700 
2.714200 
2.715500 
2.715600 
2.716000 
2.717200 
2.717900 
2.718500 
2.719200 
2.719600 
2.719800 
2.719900 
2.719900 
2.720200 
2.720700 
2.720700 
2.722100 
2.722500 
2.722500 
2.722800 
2.722900 
2.723000 
2.723200 
2.723700 
2.724000 
2.725100 
2.725100 
2.725200 
2.726400 
2.726700 
2.727000 
2.727100 
2.727800 
2.727900 
2.728300 
2.729900 
2.731200 
2.731300 
2.731500 
2.733900 
2.736000 
2.736400 
2.736500 
2.736600 
2.736600 
2.737400 
2.737500 
2.738700 
2.738800 
2.739400 
2.739500 
2.739500 
2.739800 
2.740100 
2.740900 
2.742200 
2.742400 
2.742700 
2.743200 
2.743900 
2.744000 
2.744200 
2.744900 
2.746100 
2.746200 
2.747400 
2.749300 
2.749400 
2.750300 
2.751100 
2.751200 
2.751600 
2.752000 
2.752900 
2.753000 
2.753300 
2.754800 
2.755200 
2.755200 
2.755900 
2.756100 
2.756600 
2.757100 
2.757200 
2.757700 
2.757900 
2.758100 
2.758600 
2.758600 
2.758700 
2.759100 
2.760900 
2.761000 
2.761000 
2.761300 
2.761500 
2.761800 
2.763100 
2.763500 
2.763800 
2.763900 
2.764500 
2.765000 
2.766000 
2.766100 
2.766500 
2.768700 
2.768700 
2.769400 
2.770000 
2.770500 
2.770800 
2.771100 
2.771600 
2.771900 
2.772000 
2.773300 
2.773400 
2.775100 
2.775300 
2.775400 
2.775600 
2.776400 
2.777400 
2.777600 
2.778400 
2.778600 
2.779900 
2.779900 
2.779900 
2.780200 
2.780300 
2.780600 
2.780900 
2.781100 
2.781100 
2.781400 
2.781900 
2.782600 
2.782700 
2.782800 
2.785200 
2.785800 
2.785900 
2.787200 
2.787300 
2.787700 
2.788200 
2.789700 
2.790200 
2.790400 
2.790800 
2.791600 
2.792000 
2.792300 
2.792700 
2.792700 
2.793300 
2.793600 
2.793600 
2.793800 
2.794800 
2.795200 
2.795500 
2.796200 
2.796900 
2.796900 
2.798400 
2.798800 
2.799600 
2.799800 
2.799900 
2.800600 
2.801400 
2.802000 
2.802300 
2.802600 
2.802600 
2.802900 
2.803000 
2.803100 
2.803900 
2.804200 
2.804200 
2.805000 
2.805600 
2.805800 
2.806100 
2.806100 
2.806200 
2.806600 
2.807900 
2.808700 
2.809100 
2.809300 
2.809500 
2.809800 
2.810500 
2.810900 
2.811700 
2.812000 
2.812100 
2.812300 
2.812400 
2.813700 
2.813700 
2.814400 
2.814400 
2.814500 
2.814700 
2.815100 
2.816700 
2.816700 
2.817600 
2.818300 
2.819800 
2.820100 
2.820600 
2.820800 
2.821200 
2.821300 
2.822000 
2.822100 
2.822300 
2.823300 
2.823300 
2.824200 
2.824600 
2.825000 
2.825200 
2.825200 
2.825600 
2.826400 
2.826800 
2.827200 
2.828000 
2.828100 
2.828200 
2.828900 
2.829900 
2.829900 
2.829900 
2.830000 
2.830200 
2.830500 
2.831000 
2.833000 
2.833100 
2.833300 
2.834500 
2.835700 
2.836000 
2.836600 
2.836600 
2.836900 
2.837200 
2.837500 
2.837700 
2.838400 
2.839200 
2.839600 
2.839900 
2.840800 
2.841200 
2.841300 
2.841500 
2.841700 
2.841900 
2.842900 
2.843000 
2.843400 
2.843500 
2.844100 
2.844600 
2.845200 
2.845400 
2.845500 
2.846000 
2.846100 
2.846400 
2.847000 
2.848000 
2.848500 
2.850900 
2.851100 
2.851500 
2.851900 
2.852000 
2.853500 
2.853500 
2.853700 
2.855500 
2.856100 
2.856200 
2.856400 
2.858000 
2.859100 
2.859400 
2.859500 
2.859700 
2.859800 
2.860000 
2.860400 
2.860700 
2.861100 
2.861300 
2.861700 
2.862700 
2.863400 
2.863700 
2.864900 
2.865000 
2.865100 
2.865200 
2.866200 
2.866400 
2.867100 
2.867300 
2.867400 
2.867400 
2.867600 
2.867700 
2.867800 
2.868000 
2.868000 
2.869300 
2.869900 
2.871800 
2.871900 
2.872400 
2.872600 
2.873800 
2.874000 
2.874400 
2.875000 
2.875200 
2.875600 
2.876400 
2.876700 
2.878700 
2.878800 
2.879100 
2.880200 
2.880700 
2.881300 
2.881600 
2.882000 
2.882200 
2.882700 
2.884500 
2.884600 
2.885100 
2.885700 
2.886100 
2.887500 
2.887500 
2.887600 
2.887600 
2.888400 
2.888700 
2.888800 
2.889300 
2.889400 
2.890100 
2.890100 
2.891300 
2.892100 
2.892700 
2.893100 
2.893600 
2.894200 
2.894800 
2.895400 
2.896000 
2.897200 
2.897300 
2.897900 
2.898400 
2.898500 
2.899000 
2.899600 
2.900000 
2.900100 
2.900100 
2.900600 
2.900700 
2.901600 
2.901900 
2.902000 
2.902100 
2.902300 
2.902500 
2.903200 
2.903200 
2.903200 
2.903600 
2.904700 
2.904900 
2.906600 
2.908300 
2.908300 
2.909900 
2.910100 
2.910600 
2.910800 
2.910900 
2.911200 
2.911600 
2.911600 
2.911600 
2.912700 
2.914000 
2.914500 
2.914600 
2.915100 
2.915900 
2.916400 
2.917100 
2.917200 
2.917300 
2.917800 
2.919800 
2.919800 
2.920300 
2.920700 
2.920800 
2.920900 
2.921600 
2.921600 
2.922600 
2.922900 
2.923000 
2.923100 
2.923600 
2.924600 
2.924600 
2.924800 
2.925300 
2.925600 
2.925800 
2.926600 
2.926800 
2.927800 
2.927800 
2.927900 
2.928100 
2.928100 
2.928900 
2.928900 
2.929000 
2.929100 
2.930100 
2.931200 
2.931600 
2.932000 
2.932100 
2.932200 
2.932700 
2.933700 
2.934800 
2.935000 
2.935000 
2.935200 
2.936200 
2.936300 
2.936300 
2.936600 
2.936800 
2.937900 
2.937900 
2.938100 
2.938600 
2.940700 
2.940800 
2.941400 
2.941700 
2.941800 
2.942000 
2.943200 
2.943700 
2.945400 
2.946300 
2.946700 
2.947100 
2.948700 
2.949300 
2.949900 
2.949900 
2.950400 
2.951200 
2.952800 
2.952900 
2.952900 
2.953300 
2.953400 
2.953700 
2.954200 
2.954400 
2.954600 
2.954800 
2.954900 
2.955600 
2.956000 
2.956000 
2.958000 
2.958100 
2.958400 
2.958800 
2.958800 
2.959600 
2.959800 
2.960100 
2.960200 
2.960400 
2.962000 
2.962300 
2.962500 
2.962700 
2.963200 
2.963800 
2.963800 
2.964100 
2.964500 
2.965000 
2.965300 
2.965800 
2.966000 
2.967100 
2.967600 
2.968000 
2.968200 
2.968900 
2.972300 
2.973200 
2.974000 
2.974100 
2.974300 
2.974600 
2.975900 
2.975900 
2.976300 
2.977000 
2.977200 
2.977400 
2.978300 
2.980000 
2.980100 
2.980100 
2.980200 
2.980300 
2.980500 
2.980700 
2.980800 
2.981100 
2.981900 
2.982300 
2.982700 
2.983100 
2.983400 
2.984000 
2.984300 
2.985000 
2.985300 
2.986400 
2.986500 
2.986900 
2.988200 
2.988800 
2.988900 
2.989200 
2.989500 
2.989900 
2.991200 
2.992000 
2.992200 
2.992300 
2.992500 
2.993000 
2.993500 
2.994600 
2.994800 
2.994800 
2.995400 
2.998900 
2.999000 
2.999300 
