449 
278 
503 
691 
74 
167 
38 
614 
532 
88 
431 
628 
438 
370 
686 
377 
430 
605 
122 
602 
695 
102 
365 
413 
194 
357 
184 
89 
689 
56 
462 
91 
414 
571 
645 
217 
518 
720 
625 
296 
366 
578 
587 
647 
520 
725 
483 
276 
684 
351 
557 
464 
145 
305 
585 
166 
525 
0 
604 
417 
556 
197 
63 
595 
577 
733 
508 
429 
718 
3 
374 
47 
576 
594 
241 
386 
96 
135 
274 
456 
361 
344 
43 
151 
396 
278 
67 
696 
174 
621 
109 
410 
529 
434 
392 
93 
466 
72 
368 
522 
46 
596 
340 
684 
378 
548 
224 
450 
131 
291 
158 
417 
571 
672 
505 
40 
650 
629 
540 
720 
493 
637 
681 
473 
152 
673 
640 
126 
589 
227 
311 
240 
1 
356 
449 
374 
59 
262 
566 
533 
185 
431 
683 
734 
565 
676 
113 
25 
66 
372 
482 
506 
390 
595 
135 
481 
29 
660 
623 
472 
636 
93 
512 
572 
401 
610 
286 
194 
704 
246 
296 
516 
347 
504 
116 
425 
579 
632 
582 
361 
205 
130 
449 
733 
357 
142 
230 
624 
316 
224 
103 
191 
173 
210 
402 
115 
501 
536 
305 
592 
575 
363 
88 
646 
691 
82 
62 
475 
64 
385 
126 
275 
274 
726 
315 
549 
247 
414 
369 
657 
581 
509 
596 
567 
721 
168 
429 
734 
39 
79 
381 
732 
586 
185 
165 
479 
125 
192 
525 
219 
437 
466 
545 
529 
599 
423 
417 
467 
630 
13 
100 
474 
149 
1 
132 
727 
3 
710 
233 
245 
19 
486 
514 
270 
329 
109 
297 
431 
208 
176 
535 
234 
503 
589 
115 
64 
237 
228 
108 
404 
463 
31 
517 
217 
487 
374 
712 
215 
732 
71 
604 
15 
480 
175 
281 
361 
434 
554 
48 
439 
558 
412 
738 
301 
568 
528 
663 
87 
331 
630 
601 
591 
51 
433 
584 
105 
295 
231 
657 
193 
335 
679 
14 
97 
734 
479 
607 
153 
255 
637 
494 
100 
661 
302 
195 
111 
397 
463 
360 
158 
7 
468 
497 
208 
538 
236 
358 
638 
477 
354 
610 
124 
612 
421 
731 
147 
25 
329 
514 
182 
511 
398 
543 
499 
522 
212 
135 
464 
203 
106 
316 
454 
253 
117 
484 
284 
271 
657 
38 
527 
478 
677 
138 
377 
481 
567 
658 
452 
422 
701 
648 
700 
495 
372 
633 
537 
93 
154 
88 
579 
108 
199 
347 
201 
471 
65 
327 
736 
713 
571 
99 
634 
517 
180 
354 
575 
436 
520 
252 
462 
59 
421 
268 
394 
639 
680 
319 
531 
404 
3 
662 
281 
675 
270 
608 
193 
16 
348 
589 
296 
610 
518 
214 
408 
155 
325 
69 
474 
446 
332 
36 
647 
561 
122 
455 
369 
187 
475 
740 
130 
616 
343 
118 
247 
511 
530 
231 
213 
200 
357 
555 
190 
226 
234 
656 
229 
95 
274 
158 
73 
713 
466 
352 
116 
484 
293 
417 
194 
109 
126 
355 
584 
370 
527 
43 
300 
699 
159 
184 
707 
471 
209 
426 
303 
161 
508 
241 
687 
318 
423 
685 
629 
59 
494 
18 
483 
716 
98 
368 
314 
113 
704 
133 
732 
60 
545 
294 
138 
579 
93 
711 
622 
445 
469 
54 
160 
596 
35 
736 
427 
120 
31 
739 
409 
82 
488 
56 
581 
728 
149 
573 
76 
135 
446 
569 
259 
480 
457 
243 
656 
524 
730 
48 
401 
478 
201 
589 
254 
177 
444 
181 
454 
264 
392 
196 
41 
302 
512 
270 
327 
269 
292 
266 
296 
94 
322 
626 
435 
238 
118 
737 
113 
225 
408 
584 
75 
3 
407 
565 
736 
532 
597 
603 
126 
15 
2 
479 
172 
188 
201 
627 
543 
657 
171 
452 
492 
256 
689 
726 
612 
325 
12 
206 
622 
583 
338 
725 
706 
723 
320 
315 
512 
68 
591 
615 
524 
241 
711 
671 
366 
123 
446 
435 
564 
16 
266 
494 
91 
416 
110 
490 
560 
599 
530 
612 
44 
278 
369 
405 
475 
409 
602 
684 
677 
209 
216 
55 
282 
413 
679 
153 
609 
102 
588 
400 
349 
310 
210 
10 
663 
13 
396 
131 
35 
428 
315 
689 
556 
340 
126 
128 
703 
105 
304 
390 
411 
260 
166 
287 
502 
111 
665 
50 
394 
141 
670 
342 
149 
659 
672 
230 
49 
585 
328 
565 
313 
100 
417 
357 
139 
350 
471 
506 
365 
681 
32 
582 
162 
354 
638 
51 
496 
207 
324 
413 
550 
310 
214 
578 
194 
67 
630 
282 
729 
403 
8 
363 
658 
497 
611 
622 
705 
670 
93 
95 
740 
736 
623 
178 
335 
332 
256 
405 
338 
291 
295 
580 
372 
702 
653 
278 
559 
234 
220 
573 
288 
531 
606 
150 
341 
276 
159 
387 
191 
426 
129 
296 
478 
477 
45 
722 
283 
210 
584 
607 
638 
403 
582 
704 
437 
214 
231 
83 
427 
610 
124 
731 
105 
357 
558 
233 
203 
578 
202 
212 
10 
550 
130 
252 
63 
487 
8 
200 
725 
554 
330 
587 
520 
549 
707 
12 
417 
693 
635 
379 
270 
465 
706 
432 
126 
412 
342 
102 
134 
273 
598 
259 
726 
565 
329 
90 
275 
72 
289 
136 
570 
114 
660 
508 
190 
722 
293 
700 
188 
231 
392 
705 
45 
645 
647 
61 
234 
335 
119 
348 
7 
512 
223 
241 
581 
460 
276 
25 
260 
417 
505 
224 
628 
326 
687 
667 
91 
677 
49 
569 
15 
555 
109 
596 
478 
413 
725 
426 
26 
488 
22 
523 
529 
451 
635 
286 
398 
537 
386 
314 
296 
328 
269 
575 
160 
473 
54 
673 
468 
104 
85 
129 
258 
265 
611 
718 
240 
595 
700 
118 
295 
326 
686 
68 
291 
736 
412 
471 
558 
613 
610 
89 
34 
480 
111 
3 
330 
365 
550 
503 
508 
114 
685 
400 
227 
481 
40 
287 
177 
284 
313 
122 
345 
373 
433 
454 
543 
371 
605 
653 
100 
401 
185 
137 
385 
165 
51 
582 
608 
32 
419 
361 
539 
196 
392 
48 
206 
436 
291 
240 
273 
295 
330 
270 
655 
260 
341 
585 
727 
628 
288 
243 
41 
43 
707 
95 
546 
122 
690 
389 
170 
88 
656 
498 
325 
296 
20 
631 
552 
391 
472 
430 
132 
605 
178 
527 
694 
100 
431 
507 
165 
517 
635 
426 
455 
731 
547 
655 
495 
483 
710 
654 
76 
17 
276 
203 
614 
115 
318 
277 
354 
160 
441 
713 
53 
642 
683 
228 
671 
610 
662 
540 
454 
412 
124 
350 
573 
178 
1 
360 
392 
657 
195 
630 
81 
302 
417 
255 
698 
241 
372 
529 
291 
341 
175 
666 
158 
400 
456 
116 
554 
496 
565 
358 
84 
152 
508 
517 
660 
616 
651 
567 
534 
524 
48 
110 
29 
461 
32 
186 
591 
360 
375 
630 
132 
608 
82 
707 
40 
411 
637 
388 
722 
392 
481 
650 
89 
383 
309 
271 
291 
498 
603 
288 
648 
138 
614 
369 
25 
563 
10 
74 
213 
601 
565 
663 
206 
355 
671 
296 
58 
576 
723 
426 
180 
358 
293 
304 
297 
595 
405 
494 
585 
725 
356 
188 
157 
182 
417 
740 
109 
568 
458 
145 
487 
351 
14 
278 
12 
31 
377 
697 
712 
66 
270 
475 
662 
549 
211 
592 
478 
483 
622 
317 
108 
711 
135 
499 
144 
601 
572 
76 
357 
379 
544 
350 
33 
18 
488 
679 
440 
479 
398 
419 
629 
49 
98 
314 
122 
237 
347 
711 
270 
694 
513 
34 
615 
515 
643 
103 
604 
596 
699 
271 
652 
313 
683 
235 
331 
176 
3 
261 
293 
565 
688 
512 
578 
725 
335 
344 
443 
561 
616 
647 
374 
393 
185 
507 
639 
349 
205 
704 
82 
733 
422 
487 
649 
510 
192 
703 
107 
201 
740 
214 
281 
470 
155 
513 
278 
653 
148 
295 
435 
233 
209 
699 
541 
399 
382 
608 
142 
607 
572 
161 
227 
114 
526 
543 
506 
287 
105 
481 
573 
34 
145 
263 
463 
434 
599 
191 
14 
631 
477 
492 
19 
706 
719 
713 
493 
405 
521 
323 
551 
1 
357 
48 
580 
502 
269 
473 
518 
505 
670 
528 
260 
638 
497 
626 
683 
172 
29 
515 
530 
141 
596 
673 
372 
270 
212 
654 
680 
566 
676 
341 
545 
607 
512 
40 
43 
351 
613 
698 
201 
251 
377 
384 
158 
288 
233 
76 
704 
510 
481 
569 
583 
598 
315 
85 
589 
514 
475 
413 
581 
239 
369 
658 
454 
495 
476 
51 
16 
188 
633 
214 
307 
165 
282 
364 
390 
436 
731 
408 
253 
487 
621 
341 
689 
156 
675 
526 
303 
687 
511 
105 
642 
34 
547 
116 
563 
228 
201 
371 
255 
294 
331 
701 
119 
382 
89 
447 
340 
630 
738 
491 
707 
93 
394 
328 
673 
367 
292 
63 
524 
182 
381 
476 
41 
130 
135 
163 
121 
6 
431 
223 
608 
126 
251 
13 
499 
518 
568 
109 
386 
360 
354 
118 
513 
520 
224 
614 
700 
9 
322 
201 
208 
654 
570 
474 
583 
584 
105 
537 
620 
345 
521 
721 
107 
469 
0 
515 
578 
241 
435 
702 
389 
164 
411 
726 
509 
151 
637 
134 
300 
539 
551 
1 
557 
579 
609 
426 
653 
673 
379 
128 
639 
328 
478 
643 
514 
462 
725 
275 
555 
169 
564 
487 
335 
214 
476 
581 
691 
589 
9 
265 
166 
195 
93 
48 
575 
239 
355 
550 
625 
526 
363 
35 
531 
410 
358 
146 
520 
559 
75 
235 
384 
101 
585 
296 
264 
260 
611 
604 
100 
282 
254 
551 
626 
120 
436 
91 
323 
453 
375 
25 
480 
32 
522 
469 
632 
687 
349 
204 
665 
481 
549 
638 
699 
116 
3 
364 
554 
246 
161 
573 
250 
377 
478 
550 
408 
433 
230 
420 
165 
529 
521 
601 
493 
87 
64 
46 
342 
526 
595 
47 
426 
676 
666 
135 
579 
403 
168 
243 
587 
630 
61 
562 
255 
599 
159 
338 
706 
456 
19 
512 
739 
700 
716 
370 
106 
647 
560 
417 
117 
394 
436 
335 
451 
344 
556 
631 
318 
138 
3 
618 
329 
92 
664 
302 
711 
588 
155 
91 
244 
680 
182 
48 
704 
270 
304 
718 
258 
288 
483 
593 
449 
339 
236 
435 
650 
95 
596 
50 
324 
673 
471 
291 
295 
132 
384 
123 
660 
263 
736 
436 
476 
470 
63 
344 
681 
730 
38 
610 
494 
303 
665 
668 
371 
223 
684 
211 
437 
348 
281 
178 
403 
452 
510 
218 
489 
203 
507 
487 
732 
22 
196 
676 
326 
611 
273 
579 
282 
41 
96 
117 
315 
370 
641 
89 
51 
235 
609 
599 
473 
300 
395 
225 
550 
350 
357 
503 
616 
478 
631 
125 
115 
344 
580 
699 
276 
470 
283 
719 
336 
119 
341 
267 
508 
295 
323 
14 
156 
673 
345 
270 
54 
142 
492 
677 
712 
499 
625 
704 
212 
136 
296 
561 
287 
713 
286 
155 
192 
480 
167 
191 
720 
524 
94 
243 
268 
112 
650 
727 
307 
600 
179 
669 
273 
440 
240 
266 
272 
662 
157 
44 
547 
601 
98 
641 
131 
717 
437 
83 
598 
377 
270 
348 
610 
115 
351 
471 
278 
443 
580 
439 
491 
567 
653 
193 
339 
683 
507 
57 
561 
406 
495 
105 
414 
645 
181 
359 
205 
326 
650 
136 
376 
664 
238 
586 
652 
48 
216 
273 
538 
366 
41 
150 
5 
546 
272 
611 
662 
571 
384 
607 
309 
250 
543 
599 
122 
713 
33 
243 
389 
364 
679 
388 
532 
731 
565 
739 
94 
180 
699 
147 
507 
409 
619 
436 
717 
265 
592 
381 
126 
550 
604 
710 
78 
664 
525 
495 
598 
399 
270 
481 
566 
196 
407 
456 
649 
155 
95 
429 
707 
116 
334 
437 
602 
17 
408 
638 
526 
289 
9 
125 
348 
488 
181 
647 
599 
559 
690 
102 
145 
345 
382 
438 
343 
88 
721 
316 
325 
239 
254 
111 
503 
155 
564 
497 
702 
595 
376 
274 
471 
662 
293 
330 
142 
217 
676 
223 
129 
19 
104 
437 
443 
472 
532 
39 
196 
320 
270 
614 
501 
148 
524 
654 
657 
342 
134 
590 
45 
151 
439 
554 
584 
642 
59 
357 
288 
197 
231 
731 
268 
46 
666 
333 
722 
422 
251 
727 
133 
324 
205 
555 
694 
40 
438 
101 
62 
393 
661 
549 
733 
536 
572 
3 
332 
546 
616 
699 
17 
239 
265 
107 
604 
192 
357 
430 
169 
168 
496 
567 
719 
9 
526 
731 
135 
701 
274 
113 
511 
7 
563 
187 
216 
193 
437 
454 
572 
162 
312 
671 
361 
324 
49 
507 
191 
619 
617 
631 
96 
661 
585 
614 
503 
672 
141 
658 
144 
46 
380 
212 
354 
665 
613 
733 
351 
116 
329 
590 
75 
348 
29 
469 
405 
452 
408 
727 
360 
170 
240 
375 
736 
673 
444 
262 
458 
32 
355 
108 
69 
175 
393 
558 
224 
417 
707 
244 
51 
146 
165 
327 
494 
39 
499 
556 
431 
131 
291 
439 
243 
387 
336 
475 
591 
712 
329 
331 
632 
503 
199 
292 
522 
10 
163 
517 
103 
268 
312 
366 
335 
389 
668 
72 
515 
719 
718 
277 
282 
380 
598 
694 
241 
544 
416 
621 
521 
212 
361 
417 
116 
143 
39 
620 
410 
288 
306 
631 
381 
286 
48 
444 
430 
501 
124 
424 
352 
261 
716 
447 
131 
579 
30 
563 
62 
209 
457 
541 
328 
375 
304 
562 
508 
719 
206 
435 
530 
686 
698 
234 
149 
446 
207 
657 
108 
293 
9 
42 
493 
475 
518 
276 
535 
649 
565 
1 
414 
129 
308 
250 
55 
230 
433 
723 
203 
674 
666 
721 
521 
365 
488 
122 
426 
23 
644 
571 
476 
191 
697 
726 
545 
598 
249 
378 
643 
630 
694 
737 
25 
596 
614 
389 
36 
115 
228 
240 
678 
160 
507 
609 
100 
252 
434 
238 
513 
480 
508 
382 
74 
68 
174 
97 
79 
224 
463 
451 
152 
563 
482 
740 
592 
537 
251 
719 
696 
138 
26 
492 
145 
624 
223 
658 
389 
363 
544 
551 
656 
709 
403 
32 
630 
272 
376 
318 
408 
587 
412 
86 
217 
489 
590 
619 
283 
294 
95 
305 
736 
229 
185 
526 
638 
475 
35 
683 
650 
292 
285 
51 
701 
646 
96 
387 
589 
661 
529 
309 
576 
732 
198 
69 
8 
266 
705 
354 
200 
88 
146 
610 
515 
48 
700 
326 
52 
376 
126 
345 
455 
289 
730 
671 
4 
520 
104 
154 
228 
16 
449 
556 
346 
83 
129 
32 
394 
661 
117 
115 
344 
351 
551 
272 
660 
352 
234 
441 
572 
627 
495 
35 
357 
494 
631 
192 
316 
669 
698 
729 
647 
102 
356 
498 
309 
97 
736 
214 
6 
475 
84 
122 
579 
148 
396 
12 
476 
44 
703 
384 
567 
546 
39 
544 
483 
40 
449 
268 
301 
13 
424 
584 
690 
273 
489 
438 
130 
108 
193 
30 
201 
423 
666 
175 
274 
14 
626 
643 
728 
530 
736 
571 
262 
116 
487 
296 
195 
282 
493 
689 
54 
91 
357 
565 
55 
76 
87 
410 
142 
5 
123 
567 
112 
252 
515 
541 
214 
34 
569 
339 
100 
710 
506 
661 
628 
40 
724 
248 
283 
659 
469 
264 
73 
253 
29 
222 
279 
370 
89 
452 
699 
552 
139 
271 
387 
49 
479 
6 
187 
316 
543 
574 
423 
90 
627 
473 
167 
710 
654 
438 
572 
414 
240 
628 
540 
98 
555 
474 
291 
111 
177 
634 
371 
506 
309 
420 
208 
293 
48 
417 
34 
565 
517 
636 
443 
552 
135 
8 
18 
330 
251 
303 
265 
155 
539 
79 
141 
581 
280 
351 
718 
736 
201 
688 
348 
72 
729 
721 
666 
243 
504 
698 
614 
671 
578 
128 
166 
486 
705 
521 
643 
50 
87 
13 
184 
655 
630 
118 
107 
458 
6 
308 
465 
192 
454 
93 
116 
126 
61 
392 
52 
74 
185 
451 
604 
623 
310 
658 
3 
234 
292 
724 
673 
704 
493 
675 
210 
290 
14 
554 
726 
48 
274 
637 
601 
471 
142 
305 
483 
122 
407 
28 
580 
647 
38 
137 
581 
191 
510 
422 
585 
449 
606 
439 
674 
612 
182 
236 
185 
503 
479 
239 
714 
309 
77 
29 
477 
34 
225 
321 
197 
218 
408 
623 
440 
93 
31 
56 
551 
39 
727 
350 
387 
617 
723 
257 
441 
113 
382 
481 
446 
83 
372 
165 
713 
516 
69 
166 
456 
636 
615 
389 
733 
634 
581 
609 
729 
399 
348 
567 
216 
638 
718 
3 
340 
566 
1 
700 
25 
571 
489 
605 
448 
219 
644 
384 
551 
39 
246 
541 
170 
630 
267 
650 
196 
555 
515 
124 
523 
548 
108 
302 
268 
671 
266 
429 
558 
179 
699 
310 
273 
426 
511 
660 
379 
296 
527 
522 
390 
561 
438 
668 
476 
240 
731 
609 
480 
646 
617 
423 
107 
58 
193 
572 
32 
599 
455 
328 
311 
264 
569 
147 
419 
308 
514 
111 
498 
417 
501 
658 
711 
519 
185 
1 
143 
388 
699 
505 
577 
317 
515 
379 
681 
136 
207 
312 
194 
591 
700 
356 
21 
441 
475 
325 
589 
182 
102 
50 
19 
337 
139 
683 
165 
616 
553 
399 
117 
729 
38 
650 
40 
127 
372 
524 
599 
719 
68 
0 
693 
395 
707 
674 
472 
634 
679 
95 
602 
365 
328 
90 
130 
609 
658 
560 
511 
326 
507 
133 
266 
493 
469 
336 
497 
58 
265 
45 
96 
490 
250 
303 
296 
368 
98 
151 
106 
92 
496 
233 
140 
229 
59 
711 
217 
243 
310 
124 
646 
12 
194 
463 
416 
26 
172 
335 
226 
715 
684 
264 
599 
100 
407 
609 
51 
620 
431 
648 
376 
95 
414 
234 
186 
349 
489 
676 
707 
251 
113 
116 
204 
548 
299 
307 
135 
146 
1 
101 
664 
224 
541 
244 
433 
42 
285 
217 
314 
327 
535 
701 
544 
726 
111 
565 
19 
667 
31 
380 
490 
438 
558 
253 
288 
17 
370 
166 
722 
482 
457 
737 
209 
234 
623 
464 
613 
325 
388 
7 
619 
631 
614 
126 
356 
184 
461 
45 
399 
611 
550 
582 
472 
317 
216 
272 
708 
364 
615 
47 
650 
172 
376 
409 
525 
236 
52 
96 
18 
456 
554 
541 
214 
329 
589 
62 
602 
690 
280 
644 
731 
410 
476 
421 
488 
34 
327 
517 
380 
122 
354 
107 
269 
545 
576 
608 
323 
668 
630 
260 
95 
565 
237 
238 
612 
69 
734 
20 
582 
482 
350 
619 
363 
274 
662 
98 
331 
88 
83 
610 
693 
19 
108 
703 
438 
578 
203 
160 
736 
733 
26 
558 
127 
3 
488 
382 
319 
325 
279 
650 
176 
386 
89 
495 
158 
579 
265 
116 
191 
626 
502 
532 
115 
452 
711 
710 
683 
51 
661 
739 
261 
694 
197 
614 
300 
691 
345 
524 
175 
435 
738 
619 
237 
335 
214 
482 
718 
446 
469 
408 
418 
230 
215 
368 
639 
730 
200 
327 
340 
36 
15 
255 
696 
28 
73 
282 
84 
160 
559 
572 
19 
365 
21 
49 
659 
1 
702 
113 
517 
619 
432 
676 
561 
59 
246 
436 
463 
8 
170 
211 
412 
616 
474 
10 
531 
223 
357 
604 
172 
102 
192 
171 
310 
169 
687 
267 
141 
425 
213 
119 
699 
477 
422 
708 
34 
473 
467 
400 
143 
373 
447 
226 
495 
87 
145 
351 
98 
596 
472 
108 
584 
238 
673 
93 
79 
568 
14 
165 
75 
392 
105 
565 
342 
443 
382 
479 
73 
155 
464 
245 
717 
111 
298 
48 
485 
694 
685 
295 
153 
711 
325 
457 
270 
468 
167 
314 
199 
54 
559 
112 
630 
416 
648 
386 
644 
23 
370 
366 
503 
104 
1 
51 
703 
260 
393 
338 
181 
31 
363 
328 
273 
581 
291 
537 
394 
726 
471 
20 
141 
489 
105 
728 
234 
426 
672 
494 
392 
230 
79 
673 
83 
2 
126 
702 
216 
78 
725 
77 
155 
506 
571 
412 
349 
62 
619 
235 
115 
224 
547 
599 
656 
447 
399 
438 
711 
342 
389 
698 
96 
595 
138 
375 
162 
335 
435 
620 
328 
523 
652 
466 
543 
646 
478 
553 
538 
388 
219 
567 
196 
618 
378 
369 
393 
732 
45 
579 
707 
476 
530 
85 
288 
655 
193 
355 
693 
402 
504 
440 
647 
357 
573 
264 
729 
636 
676 
31 
568 
121 
130 
74 
594 
535 
135 
136 
401 
485 
705 
126 
73 
44 
149 
131 
159 
41 
100 
528 
251 
298 
373 
450 
388 
63 
561 
1 
611 
438 
317 
297 
672 
376 
532 
426 
496 
665 
704 
143 
378 
197 
617 
701 
654 
3 
289 
250 
415 
0 
300 
568 
546 
340 
167 
547 
489 
702 
493 
233 
283 
459 
5 
180 
60 
150 
377 
480 
100 
16 
108 
482 
27 
104 
674 
649 
34 
107 
109 
346 
224 
277 
631 
721 
704 
663 
633 
484 
96 
317 
15 
713 
390 
328 
647 
665 
461 
428 
583 
112 
531 
571 
687 
70 
724 
365 
366 
581 
358 
278 
264 
392 
700 
206 
53 
362 
181 
513 
537 
309 
399 
417 
270 
6 
194 
667 
293 
425 
550 
36 
224 
349 
727 
32 
573 
509 
629 
706 
353 
231 
732 
403 
37 
79 
675 
644 
406 
360 
200 
635 
701 
48 
305 
116 
638 
378 
556 
357 
700 
604 
656 
724 
5 
689 
142 
10 
579 
529 
697 
66 
280 
591 
725 
686 
59 
662 
76 
173 
476 
661 
151 
374 
673 
433 
98 
356 
613 
279 
227 
619 
376 
487 
510 
293 
340 
660 
196 
711 
569 
449 
631 
1 
576 
545 
567 
589 
429 
615 
736 
39 
72 
3 
18 
263 
66 
638 
133 
740 
646 
141 
234 
457 
9 
568 
96 
215 
280 
28 
160 
517 
574 
94 
336 
709 
647 
716 
513 
706 
135 
165 
158 
566 
589 
594 
418 
70 
237 
628 
318 
241 
474 
250 
97 
177 
266 
570 
551 
598 
625 
546 
580 
673 
32 
437 
198 
290 
545 
92 
415 
55 
503 
659 
166 
644 
167 
216 
357 
362 
574 
118 
471 
565 
638 
293 
498 
560 
550 
43 
416 
120 
443 
691 
116 
629 
263 
366 
40 
237 
62 
602 
207 
309 
79 
102 
713 
117 
126 
217 
148 
210 
703 
610 
727 
737 
571 
181 
54 
314 
642 
42 
729 
661 
157 
109 
122 
508 
140 
298 
633 
149 
191 
721 
509 
658 
529 
422 
457 
613 
99 
656 
17 
147 
420 
521 
702 
174 
499 
238 
116 
223 
623 
3 
315 
552 
175 
100 
531 
647 
398 
700 
224 
62 
455 
483 
378 
291 
312 
361 
47 
155 
104 
673 
245 
316 
309 
688 
699 
311 
502 
627 
160 
370 
721 
457 
339 
729 
132 
143 
555 
388 
684 
530 
419 
731 
191 
725 
531 
69 
310 
377 
452 
417 
679 
719 
524 
325 
150 
516 
402 
727 
409 
168 
599 
703 
362 
39 
84 
344 
101 
25 
676 
438 
563 
356 
372 
707 
291 
17 
64 
426 
649 
332 
325 
522 
240 
96 
194 
59 
237 
261 
686 
136 
89 
517 
127 
370 
149 
576 
62 
214 
220 
503 
162 
348 
673 
230 
273 
288 
436 
358 
158 
124 
185 
360 
165 
540 
574 
138 
730 
646 
497 
604 
416 
272 
200 
488 
332 
619 
336 
699 
362 
331 
309 
471 
385 
95 
584 
98 
426 
377 
578 
383 
462 
653 
522 
243 
208 
3 
64 
697 
579 
434 
184 
226 
65 
296 
167 
364 
210 
432 
236 
516 
313 
179 
404 
113 
289 
5 
553 
327 
510 
274 
647 
196 
513 
580 
71 
348 
333 
557 
147 
88 
130 
132 
379 
351 
582 
177 
448 
451 
705 
0 
87 
620 
163 
706 
560 
108 
731 
507 
19 
112 
658 
288 
395 
637 
599 
408 
185 
593 
297 
545 
382 
194 
209 
613 
281 
17 
325 
389 
354 
630 
431 
444 
287 
537 
278 
330 
521 
522 
139 
251 
326 
586 
292 
100 
738 
186 
365 
224 
357 
4 
340 
132 
245 
270 
338 
649 
647 
146 
531 
565 
320 
20 
515 
638 
539 
614 
393 
438 
718 
412 
612 
341 
197 
124 
168 
76 
72 
518 
360 
648 
54 
650 
352 
472 
503 
108 
65 
487 
385 
720 
699 
500 
0 
89 
655 
77 
642 
519 
302 
325 
647 
46 
113 
141 
230 
409 
549 
548 
449 
358 
561 
505 
495 
629 
624 
257 
213 
416 
402 
237 
153 
135 
332 
695 
60 
440 
569 
708 
718 
19 
591 
480 
58 
398 
376 
76 
297 
147 
225 
608 
156 
610 
522 
578 
491 
41 
215 
211 
214 
503 
331 
438 
396 
604 
417 
270 
671 
487 
3 
707 
399 
430 
390 
4 
272 
344 
326 
263 
218 
545 
732 
280 
29 
370 
245 
305 
470 
534 
362 
271 
235 
44 
41 
657 
214 
669 
604 
172 
193 
556 
66 
266 
127 
329 
461 
217 
459 
513 
447 
679 
428 
192 
325 
352 
704 
68 
288 
268 
540 
516 
485 
522 
672 
40 
95 
191 
174 
211 
393 
291 
462 
665 
351 
731 
422 
274 
118 
667 
282 
452 
25 
190 
608 
295 
483 
596 
342 
216 
508 
322 
559 
710 
78 
489 
184 
481 
538 
63 
403 
475 
427 
738 
88 
701 
727 
357 
193 
73 
106 
664 
239 
520 
568 
124 
223 
39 
550 
19 
574 
494 
3 
638 
204 
42 
98 
230 
551 
669 
224 
495 
737 
32 
455 
342 
594 
704 
234 
481 
702 
558 
148 
139 
121 
155 
446 
604 
136 
235 
462 
109 
283 
225 
282 
652 
469 
733 
710 
613 
625 
135 
12 
524 
51 
399 
18 
238 
591 
390 
498 
433 
44 
310 
89 
54 
197 
657 
607 
213 
653 
403 
395 
505 
643 
74 
184 
696 
392 
662 
192 
17 
612 
87 
536 
596 
167 
14 
283 
636 
634 
384 
296 
559 
378 
265 
543 
629 
438 
537 
224 
294 
159 
106 
49 
493 
357 
565 
412 
275 
522 
250 
216 
29 
45 
630 
535 
609 
620 
242 
492 
610 
718 
495 
645 
92 
435 
227 
716 
572 
104 
490 
247 
116 
215 
507 
268 
100 
352 
592 
218 
562 
665 
416 
361 
606 
644 
188 
518 
573 
141 
234 
538 
475 
462 
541 
680 
733 
194 
291 
666 
332 
3 
4 
251 
32 
93 
111 
489 
614 
469 
130 
458 
711 
457 
165 
346 
200 
599 
83 
473 
517 
607 
423 
522 
209 
268 
338 
358 
483 
723 
260 
298 
19 
122 
643 
49 
449 
713 
385 
463 
76 
436 
356 
554 
13 
526 
578 
325 
141 
563 
637 
343 
481 
146 
240 
579 
166 
256 
587 
109 
225 
31 
172 
558 
12 
194 
150 
158 
323 
615 
595 
494 
641 
598 
724 
707 
380 
625 
568 
292 
717 
619 
679 
167 
271 
344 
302 
147 
234 
444 
85 
535 
732 
375 
137 
155 
311 
687 
650 
665 
224 
435 
74 
245 
629 
108 
39 
68 
96 
552 
100 
180 
215 
340 
726 
21 
378 
1 
104 
673 
606 
593 
217 
381 
693 
232 
407 
221 
438 
663 
296 
295 
107 
568 
161 
599 
342 
582 
586 
688 
556 
167 
477 
440 
317 
250 
522 
335 
644 
551 
393 
101 
82 
597 
526 
575 
718 
533 
617 
285 
503 
138 
305 
46 
444 
226 
702 
5 
323 
485 
35 
601 
210 
723 
161 
37 
25 
372 
691 
560 
34 
486 
488 
295 
732 
238 
731 
49 
715 
201 
339 
0 
145 
27 
669 
294 
725 
368 
28 
241 
561 
412 
177 
569 
675 
576 
186 
193 
124 
134 
650 
147 
300 
288 
178 
578 
172 
14 
423 
530 
78 
280 
699 
586 
277 
577 
235 
355 
231 
471 
328 
381 
449 
29 
547 
10 
322 
233 
340 
397 
539 
574 
411 
319 
95 
314 
162 
446 
122 
40 
731 
657 
287 
438 
549 
50 
207 
503 
178 
523 
580 
111 
565 
223 
172 
23 
68 
638 
393 
69 
489 
656 
635 
671 
685 
48 
252 
462 
578 
315 
616 
441 
226 
736 
107 
270 
360 
653 
358 
115 
344 
613 
725 
443 
104 
650 
137 
553 
333 
401 
563 
142 
308 
24 
659 
698 
607 
735 
93 
371 
380 
623 
205 
610 
134 
421 
1 
342 
138 
558 
3 
59 
270 
547 
135 
61 
559 
105 
524 
707 
560 
125 
150 
570 
699 
536 
26 
271 
141 
530 
216 
224 
430 
146 
579 
567 
662 
115 
208 
733 
117 
158 
40 
331 
88 
390 
663 
403 
358 
441 
177 
583 
695 
344 
130 
323 
291 
443 
511 
524 
728 
551 
414 
266 
20 
263 
332 
276 
283 
359 
655 
513 
431 
508 
294 
637 
638 
314 
166 
121 
469 
418 
478 
206 
364 
201 
456 
96 
564 
340 
412 
683 
506 
308 
731 
27 
609 
110 
489 
576 
402 
93 
433 
432 
163 
718 
174 
30 
370 
58 
3 
382 
203 
335 
224 
209 
326 
324 
250 
49 
410 
172 
494 
657 
450 
510 
434 
614 
61 
426 
122 
217 
268 
440 
545 
1 
573 
18 
5 
717 
26 
186 
31 
703 
188 
40 
57 
621 
480 
185 
380 
20 
149 
712 
145 
350 
679 
94 
559 
486 
634 
44 
13 
574 
96 
609 
637 
77 
417 
733 
29 
464 
231 
644 
711 
344 
663 
161 
41 
83 
74 
662 
613 
708 
283 
147 
303 
314 
558 
642 
416 
732 
669 
619 
108 
467 
280 
81 
285 
54 
286 
510 
150 
218 
412 
580 
93 
242 
330 
356 
515 
656 
88 
68 
403 
570 
59 
502 
600 
696 
255 
427 
733 
417 
485 
51 
437 
470 
566 
76 
351 
544 
63 
206 
233 
335 
557 
413 
543 
41 
554 
650 
85 
344 
606 
378 
593 
734 
13 
61 
604 
9 
608 
474 
243 
483 
585 
401 
143 
676 
669 
385 
630 
93 
40 
175 
670 
447 
269 
234 
216 
513 
165 
479 
259 
329 
469 
732 
458 
642 
35 
710 
529 
342 
152 
94 
728 
235 
705 
19 
166 
43 
289 
713 
509 
26 
663 
495 
189 
103 
207 
236 
635 
53 
24 
706 
492 
721 
6 
302 
608 
541 
439 
644 
233 
561 
607 
204 
739 
200 
334 
307 
425 
224 
300 
324 
358 
669 
511 
629 
181 
412 
129 
361 
285 
441 
702 
428 
718 
244 
601 
531 
573 
679 
85 
438 
610 
638 
208 
315 
356 
210 
475 
115 
59 
327 
627 
9 
466 
431 
343 
231 
351 
3 
439 
62 
619 
553 
547 
413 
203 
371 
684 
737 
161 
325 
316 
318 
673 
507 
292 
256 
306 
499 
630 
56 
576 
19 
255 
505 
552 
464 
498 
644 
143 
127 
158 
303 
20 
386 
658 
229 
213 
384 
73 
669 
609 
592 
39 
710 
377 
709 
482 
343 
426 
161 
72 
458 
266 
699 
436 
258 
651 
285 
124 
184 
606 
288 
595 
569 
28 
445 
217 
351 
116 
216 
338 
493 
596 
111 
513 
148 
612 
672 
733 
134 
450 
5 
700 
17 
598 
15 
269 
309 
221 
193 
647 
641 
698 
728 
503 
523 
572 
229 
348 
665 
449 
561 
635 
639 
655 
254 
19 
87 
240 
643 
396 
516 
734 
272 
484 
315 
555 
67 
153 
438 
302 
287 
