0.043700 
0.051900 
0.053100 
0.066400 
0.070900 
0.077800 
0.084800 
0.085800 
0.088800 
0.094500 
0.112300 
0.119000 
0.137900 
0.142800 
0.145000 
0.147000 
0.164200 
0.165600 
0.165800 
0.167300 
0.169800 
0.187400 
0.187500 
0.194000 
0.203500 
0.206000 
0.212400 
0.223100 
0.226200 
0.233700 
0.251200 
0.253700 
0.260800 
0.262800 
0.275100 
0.276400 
0.282600 
0.284200 
0.304900 
0.305300 
0.317700 
0.324800 
0.342500 
0.344300 
0.345900 
0.350800 
0.371800 
0.383900 
0.390500 
0.395100 
0.398100 
0.398300 
0.423900 
0.432400 
0.437300 
0.466700 
0.469900 
0.474700 
0.484700 
0.486100 
0.486600 
0.496300 
0.499200 
0.505400 
0.506000 
0.508000 
0.508300 
0.525800 
0.536600 
0.543800 
0.544300 
0.558200 
0.559400 
0.562100 
0.571700 
0.572400 
0.574900 
0.576400 
0.576600 
0.577700 
0.593600 
0.600000 
0.600100 
0.600400 
0.611600 
0.613700 
0.621800 
0.625200 
0.630600 
0.632700 
0.645700 
0.662100 
0.669100 
0.673000 
0.681300 
0.691400 
0.692100 
0.707800 
0.725600 
0.726100 
0.743600 
0.748700 
0.750600 
0.753600 
0.770100 
0.774400 
0.789700 
0.791000 
0.791400 
0.796700 
0.809600 
0.813000 
0.831200 
0.851400 
0.876200 
0.881000 
0.890500 
0.893300 
0.901900 
0.903400 
0.913800 
0.920300 
0.921400 
0.930100 
0.936400 
0.937300 
0.948300 
0.959100 
0.978900 
0.979200 
0.981000 
0.985400 
0.986400 
1.002100 
1.007900 
1.009200 
1.011700 
1.020000 
1.025400 
1.028800 
1.044100 
1.046700 
1.058800 
1.062900 
1.071400 
1.072200 
1.075900 
1.090200 
1.101700 
1.104000 
1.107100 
1.110300 
1.110500 
1.115100 
1.115700 
1.117100 
1.133200 
1.133900 
1.146300 
1.166800 
1.173800 
1.179400 
1.181200 
1.190100 
1.195500 
1.200300 
1.202200 
1.203000 
1.218700 
1.224700 
1.228500 
1.229400 
1.242200 
1.250200 
1.259300 
1.261800 
1.263900 
1.269600 
1.271600 
1.276200 
1.286600 
1.294000 
1.298400 
1.301300 
1.317900 
1.319900 
1.347900 
1.349200 
1.351100 
1.351600 
1.356800 
1.359600 
1.362200 
1.391100 
1.403700 
1.406000 
1.407200 
1.408500 
1.410200 
1.424200 
1.425200 
1.427600 
1.439500 
1.442400 
1.444000 
1.450900 
1.450900 
1.453800 
1.459300 
1.460900 
1.479400 
1.481800 
1.488000 
1.488400 
1.489300 
1.494500 
1.496800 
1.507000 
1.508000 
1.523500 
1.534800 
1.551200 
1.552600 
1.553300 
1.559200 
1.562400 
1.563500 
1.575600 
1.576000 
1.608500 
1.608600 
1.609800 
1.620700 
1.622000 
1.622300 
1.636000 
1.639500 
1.641400 
1.649700 
1.652200 
1.662100 
1.675200 
1.678900 
1.689100 
1.697100 
1.713100 
1.714600 
1.723800 
1.724200 
1.725100 
1.728200 
1.750100 
1.751600 
1.751700 
1.754900 
1.755200 
1.757600 
1.769800 
1.771600 
1.784400 
1.786300 
1.790400 
1.794800 
1.807400 
1.830900 
1.836900 
1.849300 
1.856100 
1.867600 
1.878200 
1.880600 
1.889200 
1.891300 
1.893400 
1.898300 
1.909700 
1.915700 
1.915700 
1.919100 
1.920800 
1.942200 
1.952700 
1.957900 
1.962900 
1.967100 
1.968800 
1.973300 
1.976100 
1.987300 
1.989100 
2.014900 
2.030800 
2.044100 
2.047600 
2.052900 
2.058400 
2.064900 
2.066300 
2.068300 
2.074100 
2.083300 
2.088300 
2.094300 
2.096000 
2.100200 
2.101800 
2.116400 
2.119700 
2.128400 
2.135100 
2.159500 
2.164000 
2.166300 
2.172700 
2.174100 
2.174300 
2.188600 
2.189200 
2.201400 
2.205400 
2.208500 
2.209800 
2.228600 
2.235000 
2.248300 
2.250400 
2.266300 
2.267900 
2.268500 
2.269800 
2.275600 
2.280200 
2.283000 
2.292000 
2.293400 
2.305600 
2.307400 
2.312300 
2.314700 
2.318900 
2.323300 
2.332000 
2.348600 
2.348600 
2.364100 
2.366500 
2.367300 
2.368500 
2.381500 
2.395200 
2.411100 
2.413700 
2.420200 
2.422800 
2.422800 
2.423900 
2.429100 
2.446300 
2.452300 
2.454500 
2.454800 
2.459600 
2.462400 
2.472500 
2.477500 
2.484500 
2.495200 
2.501700 
2.512800 
2.518900 
2.520400 
2.529200 
2.544000 
2.553000 
2.564000 
2.570100 
2.570900 
2.576400 
2.579800 
2.583800 
2.585800 
2.586800 
2.588200 
2.599400 
2.601000 
2.613000 
2.618900 
2.623700 
2.630200 
2.631900 
2.632700 
2.654000 
2.667400 
2.669200 
2.683600 
2.688900 
2.699100 
2.706100 
2.731700 
2.735800 
2.746500 
2.747300 
2.755400 
2.760000 
2.760900 
2.774800 
2.776700 
2.777400 
2.802200 
2.813200 
2.824200 
2.825400 
2.849600 
2.851900 
2.855400 
2.859900 
2.869000 
2.871100 
2.875300 
2.879400 
2.880000 
2.886700 
2.892500 
2.894600 
2.896100 
2.904400 
2.905000 
2.905800 
2.906900 
2.907300 
2.926400 
2.929200 
2.956600 
2.966800 
2.972300 
2.974300 
2.977200 
2.999500 
