0.075100 
0.094900 
0.095900 
0.097000 
0.107000 
0.108400 
0.114500 
0.122800 
0.128600 
0.130000 
0.149900 
0.158900 
0.169300 
0.172200 
0.179300 
0.179600 
0.188600 
0.203400 
0.225000 
0.231100 
0.241700 
0.250400 
0.269100 
0.270200 
0.278700 
0.283200 
0.287300 
0.292000 
0.294900 
0.308300 
0.314600 
0.335700 
0.344100 
0.350300 
0.355700 
0.356800 
0.363000 
0.373600 
0.376700 
0.380200 
0.386000 
0.392300 
0.393800 
0.399600 
0.402300 
0.403800 
0.404600 
0.411200 
0.412100 
0.443300 
0.445100 
0.447100 
0.462100 
0.469200 
0.470800 
0.474800 
0.498700 
0.505600 
0.507100 
0.515400 
0.520600 
0.531800 
0.551600 
0.551700 
0.557500 
0.579000 
0.596400 
0.607500 
0.610300 
0.623000 
0.640000 
0.646600 
0.647700 
0.652900 
0.659400 
0.662600 
0.665100 
0.668500 
0.669400 
0.673200 
0.687800 
0.701900 
0.704800 
0.720900 
0.721900 
0.722400 
0.739600 
0.740500 
0.743400 
0.755500 
0.757500 
0.764300 
0.765200 
0.772900 
0.774100 
0.774300 
0.777600 
0.795700 
0.808100 
0.815200 
0.839200 
0.839600 
0.840900 
0.846600 
0.854300 
0.858800 
0.874000 
0.874100 
0.891100 
0.896300 
0.897800 
0.899300 
0.902200 
0.907800 
0.912400 
0.914100 
0.918900 
0.921200 
0.927000 
0.943800 
0.955700 
0.969600 
0.974300 
0.977600 
0.984300 
0.986400 
0.989600 
1.003700 
1.006100 
1.012400 
1.014400 
1.024500 
1.025600 
1.032700 
1.040700 
1.042900 
1.043700 
1.047700 
1.065100 
1.065400 
1.068800 
1.072200 
1.075100 
1.084400 
1.099900 
1.105200 
1.108400 
1.117600 
1.126800 
1.134200 
1.142500 
1.159300 
1.185500 
1.212000 
1.218600 
1.232200 
1.246700 
1.257200 
1.263000 
1.268800 
1.282000 
1.294600 
1.301200 
1.322800 
1.335300 
1.348400 
1.355800 
1.356500 
1.357300 
1.360500 
1.365200 
1.380000 
1.386400 
1.387500 
1.396300 
1.396400 
1.403900 
1.432000 
1.433000 
1.437000 
1.437600 
1.439400 
1.449400 
1.461700 
1.467900 
1.471900 
1.473100 
1.485900 
1.500200 
1.516400 
1.517500 
1.518900 
1.523800 
1.527200 
1.531400 
1.541600 
1.544600 
1.551000 
1.559600 
1.560800 
1.579200 
1.584200 
1.584400 
1.591900 
1.600000 
1.608800 
1.614900 
1.616400 
1.623600 
1.634100 
1.643000 
1.644800 
1.645700 
1.664900 
1.673100 
1.674000 
1.678400 
1.678400 
1.679500 
1.681600 
1.693100 
1.696900 
1.704300 
1.716200 
1.720800 
1.721700 
1.728600 
1.741400 
1.744300 
1.751100 
1.760500 
1.764700 
1.774400 
1.778000 
1.779800 
1.780000 
1.781700 
1.788300 
1.797100 
1.802500 
1.811500 
1.814600 
1.823000 
1.830100 
1.836000 
1.839100 
1.841600 
1.842300 
1.848000 
1.851400 
1.852900 
1.853500 
1.856400 
1.858200 
1.860200 
1.869600 
1.878400 
1.901600 
1.904500 
1.918500 
1.920900 
1.925200 
1.930000 
1.930600 
1.932000 
1.936700 
1.956800 
1.957100 
1.968700 
1.980500 
1.981800 
1.988300 
1.988400 
1.995900 
2.018100 
2.024800 
2.025100 
2.026000 
2.035700 
2.039400 
2.039700 
2.040700 
2.049800 
2.061500 
2.061700 
2.062700 
2.067600 
2.079000 
2.079200 
2.087000 
2.109400 
2.111000 
2.113500 
2.119200 
2.119200 
2.120300 
2.132900 
2.134900 
2.143700 
2.148000 
2.160000 
2.161700 
2.164100 
2.167900 
2.185400 
2.188800 
2.193800 
2.197700 
2.199900 
2.200100 
2.204900 
2.207500 
2.214300 
2.229200 
2.229200 
2.249900 
2.258600 
2.258700 
2.269700 
2.279700 
2.290600 
2.295900 
2.299700 
2.301100 
2.308700 
2.312700 
2.324500 
2.331400 
2.331800 
2.334500 
2.337100 
2.350700 
2.351000 
2.352100 
2.356900 
2.357000 
2.378700 
2.391700 
2.393400 
2.401300 
2.414100 
2.438100 
2.445200 
2.446700 
2.450000 
2.455700 
2.473200 
2.473800 
2.474800 
2.476800 
2.477200 
2.487900 
2.490000 
2.499900 
2.512400 
2.515000 
2.515300 
2.527600 
2.528200 
2.563600 
2.564900 
2.572000 
2.579900 
2.581000 
2.582300 
2.592400 
2.597900 
2.603200 
2.605900 
2.606300 
2.609700 
2.623900 
2.632900 
2.633600 
2.643500 
2.643700 
2.647700 
2.649600 
2.651100 
2.665900 
2.689300 
2.689400 
2.700100 
2.700900 
2.702600 
2.705700 
2.716100 
2.716900 
2.743000 
2.745500 
2.745900 
2.757000 
2.759500 
2.761100 
2.767500 
2.767600 
2.773800 
2.777300 
2.782000 
2.786600 
2.808300 
2.818600 
2.828800 
2.833500 
2.835200 
2.848800 
2.854700 
2.866600 
2.872300 
2.874400 
2.891500 
2.898200 
2.899400 
2.902500 
2.902600 
2.907900 
2.918300 
2.920400 
2.920900 
2.921300 
2.922700 
2.934600 
2.939200 
2.944200 
2.949600 
2.953000 
2.958700 
2.967900 
2.976200 
2.977600 
2.978700 
2.979500 
2.984600 
2.985300 
2.986900 
2.988300 
2.996300 
