0.020300 
0.030900 
0.042400 
0.044800 
0.046500 
0.055000 
0.061800 
0.067000 
0.067800 
0.068200 
0.069500 
0.070100 
0.077100 
0.078700 
0.079600 
0.082900 
0.085300 
0.089800 
0.094200 
0.096100 
0.098800 
0.100700 
0.102100 
0.105900 
0.111700 
0.112000 
0.113600 
0.114600 
0.118800 
0.121100 
0.123000 
0.125700 
0.126300 
0.129300 
0.133700 
0.135000 
0.135500 
0.138800 
0.139000 
0.142000 
0.146600 
0.147800 
0.148500 
0.149800 
0.153200 
0.157400 
0.161900 
0.165000 
0.170300 
0.171800 
0.172600 
0.178200 
0.183300 
0.189600 
0.191900 
0.192200 
0.194700 
0.200300 
0.204000 
0.206500 
0.208900 
0.209600 
0.215000 
0.215500 
0.217100 
0.217200 
0.220800 
0.229400 
0.232400 
0.237300 
0.238600 
0.243300 
0.247900 
0.251500 
0.255600 
0.255900 
0.256300 
0.258400 
0.259200 
0.260500 
0.261700 
0.267100 
0.274400 
0.279200 
0.280800 
0.286300 
0.299000 
0.301000 
0.302200 
0.304700 
0.309400 
0.312400 
0.315800 
0.316900 
0.319400 
0.320200 
0.321600 
0.321600 
0.339000 
0.339500 
0.342500 
0.345500 
0.353100 
0.354000 
0.362000 
0.362900 
0.363000 
0.363900 
0.365100 
0.375700 
0.376300 
0.381700 
0.383300 
0.384100 
0.385000 
0.387400 
0.389300 
0.396100 
0.396500 
0.404500 
0.407300 
0.407700 
0.409500 
0.410600 
0.420500 
0.431100 
0.431700 
0.432300 
0.432900 
0.434100 
0.443000 
0.443500 
0.449600 
0.449700 
0.449900 
0.450100 
0.452200 
0.453100 
0.453100 
0.462700 
0.466700 
0.470700 
0.471700 
0.472800 
0.472900 
0.473600 
0.474400 
0.474500 
0.478700 
0.483700 
0.490500 
0.491200 
0.495300 
0.503500 
0.504900 
0.505800 
0.507300 
0.508600 
0.510000 
0.511300 
0.520400 
0.520500 
0.525000 
0.525300 
0.526700 
0.526900 
0.532200 
0.539200 
0.539500 
0.540300 
0.543000 
0.549600 
0.555600 
0.558400 
0.565000 
0.573300 
0.580900 
0.583400 
0.587800 
0.593900 
0.594800 
0.601000 
0.602000 
0.602600 
0.605300 
0.606900 
0.608000 
0.608900 
0.612000 
0.616900 
0.622700 
0.627900 
0.629800 
0.630300 
0.636200 
0.644800 
0.645500 
0.645900 
0.646100 
0.647000 
0.647300 
0.647300 
0.659600 
0.659600 
0.668100 
0.670200 
0.672300 
0.672500 
0.672600 
0.677700 
0.679500 
0.683300 
0.684500 
0.688700 
0.692900 
0.694800 
0.697200 
0.698700 
0.701200 
0.704800 
0.705700 
0.706600 
0.710200 
0.715700 
0.715900 
0.717900 
0.723000 
0.726700 
0.731500 
0.734500 
0.738000 
0.739000 
0.741000 
0.746100 
0.750100 
0.757800 
0.757900 
0.759000 
0.761300 
0.762100 
0.766300 
0.768500 
0.768800 
0.770400 
0.772800 
0.780000 
0.780200 
0.782000 
0.791900 
0.793500 
0.799300 
0.801400 
0.801500 
0.803200 
0.806300 
0.812100 
0.814200 
0.815200 
0.821800 
0.823500 
0.825600 
0.828900 
0.842700 
0.843400 
0.844100 
0.849900 
0.850600 
0.852400 
0.852400 
0.863300 
0.863700 
0.864600 
0.864700 
0.865000 
0.865300 
0.876700 
0.878100 
0.889300 
0.891200 
0.892800 
0.894400 
0.898800 
0.899300 
0.910300 
0.912300 
0.912500 
0.913500 
0.918600 
0.919400 
0.921100 
0.921400 
0.925100 
0.928100 
0.930500 
0.933200 
0.934400 
0.947000 
0.948700 
0.954100 
0.963400 
0.966400 
0.966600 
0.974800 
0.976700 
0.982900 
0.985000 
0.988300 
0.989700 
0.996300 
0.996500 
0.998300 
1.002200 
1.003400 
1.004400 
1.005300 
1.009800 
1.016600 
1.027000 
1.033400 
1.034100 
1.035700 
1.041000 
1.046600 
1.047300 
1.048100 
1.056300 
1.057700 
1.061800 
1.064400 
1.066300 
1.066600 
1.069100 
1.071500 
1.073400 
1.076500 
1.082000 
1.083500 
1.084400 
1.086500 
1.093200 
1.093900 
1.094400 
1.094600 
1.096600 
1.099500 
1.100200 
1.105400 
1.116500 
1.121000 
1.122800 
1.125700 
1.127100 
1.127700 
1.131800 
1.135600 
1.138400 
1.138600 
1.139200 
1.145200 
1.149600 
1.154000 
1.154200 
1.158300 
1.162200 
1.162300 
1.165900 
1.168200 
1.170600 
1.176200 
1.177100 
1.187100 
1.187800 
1.194600 
1.197900 
1.198600 
1.200700 
1.200700 
1.200800 
1.201300 
1.207700 
1.207900 
1.212400 
1.213700 
1.219800 
1.221700 
1.232600 
1.235400 
1.236200 
1.238200 
1.238300 
1.239200 
1.239800 
1.249600 
1.250200 
1.264100 
1.265100 
1.268100 
1.269700 
1.279500 
1.281200 
1.283700 
1.286500 
1.287700 
1.287800 
1.289200 
1.295900 
1.305400 
1.308300 
1.309000 
1.309300 
1.309700 
1.309800 
1.310400 
1.311100 
1.315000 
1.315200 
1.323500 
1.323900 
1.324600 
1.335600 
1.336500 
1.338000 
1.340600 
1.358500 
1.362300 
1.364300 
1.367400 
1.367500 
1.372100 
1.376500 
1.378900 
1.379200 
1.385400 
1.389900 
1.394100 
1.397500 
1.401100 
1.401600 
1.405900 
1.408600 
1.411800 
1.413000 
1.413800 
1.414300 
1.418800 
1.425800 
1.426100 
1.429900 
1.439500 
1.440100 
1.445700 
1.451400 
1.451700 
1.457400 
1.462900 
1.465000 
1.466700 
1.468600 
1.469500 
1.473100 
1.473400 
1.474200 
1.477300 
1.481500 
1.481900 
1.483000 
1.491100 
1.496700 
1.506300 
1.508600 
1.512000 
1.514100 
1.516900 
1.521300 
1.523700 
1.528500 
1.534600 
1.537400 
1.539500 
1.546700 
1.549700 
1.554400 
1.556700 
1.557900 
1.559700 
1.567300 
1.569400 
1.573300 
1.574500 
1.578500 
1.582000 
1.596200 
1.599600 
1.603500 
1.607100 
1.607600 
1.615300 
1.615900 
1.617300 
1.620500 
1.631200 
1.633600 
1.635100 
1.636600 
1.638200 
1.639100 
1.641000 
1.643400 
1.645400 
1.647000 
1.656600 
1.660700 
1.661300 
1.663900 
1.667600 
1.668800 
1.673000 
1.678200 
1.678700 
1.687200 
1.688000 
1.690500 
1.695900 
1.696700 
1.697400 
1.698300 
1.700500 
1.702200 
1.706200 
1.713500 
1.714600 
1.714800 
1.715100 
1.718000 
1.718700 
1.719500 
1.721000 
1.722200 
1.730900 
1.733700 
1.734300 
1.741800 
1.743300 
1.745100 
1.749400 
1.753300 
1.754400 
1.764400 
1.764900 
1.772000 
1.774100 
1.780300 
1.780600 
1.781100 
1.781300 
1.782100 
1.789600 
1.793900 
1.796600 
1.802900 
1.806600 
1.811600 
1.813800 
1.815200 
1.817100 
1.817800 
1.823400 
1.840700 
1.844700 
1.846500 
1.847700 
1.849400 
1.854500 
1.854900 
1.857500 
1.862600 
1.875000 
1.878600 
1.880000 
1.880000 
1.880100 
1.880200 
1.881200 
1.889900 
1.892000 
1.892800 
1.895200 
1.896600 
1.897600 
1.899900 
1.910400 
1.914200 
1.914900 
1.919000 
1.921400 
1.928800 
1.929400 
1.934600 
1.935200 
1.938300 
1.938600 
1.943100 
1.945700 
1.946200 
1.949000 
1.949800 
1.952900 
1.959700 
1.963600 
1.966500 
1.968100 
1.975600 
1.978700 
1.979700 
1.980900 
1.982800 
1.994100 
2.000100 
2.000900 
2.002800 
2.003200 
2.004400 
2.009400 
2.009600 
2.010600 
2.014700 
2.020800 
2.023600 
2.026700 
2.032200 
2.038300 
2.038600 
2.038800 
2.043500 
2.044900 
2.053900 
2.055100 
2.056800 
2.062500 
2.062800 
2.064600 
2.065600 
2.069500 
2.075000 
2.078200 
2.081100 
2.083900 
2.085800 
2.088500 
2.095600 
2.098000 
2.101500 
2.101500 
2.107000 
2.114000 
2.119700 
2.127400 
2.127800 
2.134700 
2.135500 
2.137600 
2.138400 
2.142000 
2.142800 
2.146800 
2.147700 
2.149500 
2.159000 
2.164700 
2.165600 
2.166800 
2.170200 
2.172400 
2.175200 
2.175200 
2.177700 
2.186600 
2.190700 
2.191700 
2.196900 
2.201900 
2.203000 
2.203500 
2.204300 
2.218100 
2.218800 
2.219100 
2.219700 
2.220000 
2.223700 
2.233800 
2.236300 
2.238000 
2.240600 
2.244800 
2.245100 
2.257500 
2.258700 
2.262800 
2.264900 
2.268800 
2.270000 
2.276600 
2.276800 
2.279000 
2.285300 
2.286800 
2.289600 
2.290000 
2.292400 
2.299400 
2.301100 
2.304200 
2.307700 
2.314200 
2.319200 
2.321400 
2.322300 
2.322900 
2.324600 
2.337200 
2.340500 
2.345100 
2.352100 
2.352300 
2.353400 
2.353700 
2.354500 
2.369900 
2.369900 
2.371700 
2.373900 
2.374300 
2.378900 
2.380000 
2.380600 
2.381900 
2.387300 
2.393300 
2.395500 
2.397600 
2.398100 
2.401200 
2.409100 
2.410700 
2.416400 
2.422300 
2.422600 
2.423000 
2.428000 
2.428500 
2.428600 
2.432600 
2.435200 
2.435400 
2.435800 
2.442300 
2.445800 
2.447700 
2.448400 
2.454900 
2.455400 
2.458500 
2.458900 
2.461900 
2.467900 
2.473500 
2.477800 
2.478300 
2.479300 
2.483200 
2.483400 
2.495400 
2.498400 
2.499100 
2.504100 
2.506300 
2.509200 
2.511000 
2.519100 
2.519200 
2.527400 
2.530700 
2.531700 
2.536300 
2.537000 
2.539500 
2.542000 
2.544300 
2.548800 
2.550400 
2.551400 
2.554000 
2.555700 
2.562300 
2.568100 
2.571500 
2.575000 
2.576000 
2.577000 
2.582400 
2.586700 
2.587400 
2.590000 
2.592300 
2.592900 
2.593900 
2.599200 
2.601200 
2.604500 
2.608700 
2.609200 
2.617400 
2.617600 
2.620900 
2.624400 
2.626200 
2.634600 
2.635500 
2.642100 
2.642200 
2.647300 
2.649300 
2.650000 
2.650800 
2.652600 
2.656600 
2.660500 
2.661000 
2.670200 
2.673500 
2.681800 
2.685700 
2.687200 
2.688100 
2.690200 
2.691700 
2.698200 
2.700000 
2.710700 
2.711500 
2.713900 
2.716200 
2.717300 
2.718900 
2.721000 
2.725100 
2.727400 
2.730300 
2.732200 
2.738400 
2.752500 
2.755600 
2.765100 
2.768500 
2.768700 
2.771700 
2.782600 
2.789200 
2.791600 
2.793300 
2.793800 
2.794300 
2.794600 
2.795700 
2.808200 
2.816300 
2.816900 
2.817900 
2.825000 
2.832200 
2.833200 
2.840200 
2.840900 
2.841100 
2.843200 
2.850400 
2.850400 
2.856800 
2.857400 
2.857600 
2.863700 
2.864300 
2.866300 
2.870200 
2.872700 
2.874400 
2.876000 
2.878300 
2.882200 
2.883300 
2.885200 
2.891000 
2.892900 
2.893200 
2.894800 
2.901400 
2.905300 
2.908600 
2.910500 
2.915900 
2.916000 
2.920700 
2.923200 
2.926400 
2.930500 
2.932600 
2.932900 
2.937100 
2.946500 
2.948200 
2.953000 
2.953500 
2.957200 
2.963600 
2.963600 
2.963700 
2.963700 
2.972900 
2.977300 
2.978600 
2.980800 
2.981700 
2.982400 
2.985500 
2.985500 
2.988500 
2.990800 
2.992300 
2.999200 
