5 
6 
14 
2 
18 
7 
6 
11 
18 
7 
3 
14 
9 
4 
15 
1 
8 
15 
10 
18 
1 
7 
1 
17 
11 
9 
1 
8 
14 
12 
2 
11 
17 
1 
6 
4 
11 
16 
15 
14 
18 
1 
2 
15 
11 
8 
1 
7 
18 
2 
15 
10 
18 
6 
5 
15 
14 
7 
1 
18 
6 
0 
18 
15 
1 
9 
11 
3 
7 
0 
8 
6 
1 
11 
15 
17 
9 
15 
2 
15 
17 
6 
7 
14 
1 
17 
18 
6 
7 
0 
9 
11 
15 
6 
3 
17 
9 
7 
15 
6 
18 
9 
11 
4 
1 
3 
17 
15 
7 
9 
18 
14 
6 
10 
15 
9 
6 
11 
15 
9 
17 
0 
6 
18 
8 
10 
7 
14 
12 
17 
7 
17 
15 
1 
15 
18 
12 
11 
15 
3 
6 
8 
9 
15 
9 
7 
8 
0 
6 
14 
11 
7 
18 
8 
3 
15 
2 
7 
9 
1 
11 
10 
6 
14 
7 
15 
8 
12 
10 
17 
11 
15 
2 
17 
6 
8 
9 
1 
4 
7 
15 
10 
14 
9 
0 
17 
7 
15 
14 
7 
0 
4 
1 
2 
6 
18 
9 
12 
11 
8 
10 
9 
6 
5 
17 
2 
18 
9 
3 
7 
6 
14 
11 
6 
17 
15 
18 
2 
7 
16 
6 
15 
9 
7 
3 
7 
17 
6 
11 
13 
1 
8 
18 
7 
11 
3 
10 
12 
7 
15 
17 
1 
6 
4 
12 
9 
7 
1 
15 
14 
6 
18 
8 
17 
10 
14 
9 
2 
12 
11 
17 
14 
7 
6 
8 
15 
16 
5 
9 
6 
10 
11 
15 
3 
2 
4 
15 
6 
7 
9 
1 
15 
2 
3 
6 
18 
7 
0 
9 
15 
14 
7 
14 
11 
9 
6 
1 
2 
10 
14 
1 
11 
6 
15 
11 
7 
17 
15 
2 
4 
12 
14 
7 
6 
15 
17 
9 
7 
14 
18 
4 
11 
6 
1 
15 
8 
14 
6 
1 
9 
15 
8 
14 
2 
10 
18 
16 
1 
10 
14 
7 
15 
14 
6 
10 
1 
17 
4 
8 
10 
6 
5 
11 
9 
1 
13 
15 
3 
10 
2 
18 
7 
10 
15 
4 
6 
0 
7 
9 
2 
1 
0 
17 
7 
15 
3 
1 
10 
4 
15 
1 
5 
17 
7 
6 
17 
3 
15 
14 
8 
5 
7 
0 
18 
13 
7 
10 
11 
6 
15 
15 
14 
6 
7 
17 
15 
18 
14 
2 
1 
11 
9 
15 
7 
1 
9 
3 
17 
11 
10 
7 
18 
15 
17 
4 
15 
10 
1 
7 
6 
8 
14 
10 
18 
1 
7 
0 
11 
2 
16 
15 
6 
14 
0 
10 
17 
7 
8 
12 
5 
9 
3 
15 
16 
14 
17 
10 
7 
17 
15 
3 
6 
1 
15 
6 
14 
7 
17 
6 
11 
0 
2 
15 
1 
15 
3 
10 
18 
17 
7 
8 
7 
10 
16 
15 
9 
1 
7 
18 
3 
4 
6 
18 
10 
14 
10 
4 
2 
11 
7 
18 
15 
12 
1 
7 
6 
8 
15 
10 
17 
14 
1 
9 
15 
17 
10 
7 
2 
6 
14 
1 
8 
11 
15 
18 
14 
7 
12 
5 
9 
17 
6 
12 
15 
6 
1 
15 
7 
0 
6 
2 
1 
18 
17 
15 
4 
7 
10 
6 
11 
7 
1 
6 
18 
15 
7 
1 
17 
3 
6 
15 
1 
