0.047200 
0.051300 
0.055400 
0.063500 
0.072100 
0.074000 
0.095800 
0.112500 
0.115300 
0.155400 
0.155700 
0.163500 
0.174300 
0.181500 
0.186700 
0.194800 
0.210200 
0.213500 
0.241800 
0.243700 
0.260700 
0.264500 
0.280100 
0.307000 
0.307600 
0.326500 
0.328600 
0.335400 
0.345600 
0.358200 
0.364900 
0.371900 
0.372300 
0.381400 
0.385200 
0.402500 
0.403300 
0.403500 
0.417000 
0.422700 
0.447600 
0.450600 
0.451700 
0.453900 
0.469400 
0.469400 
0.473200 
0.475600 
0.477200 
0.483200 
0.483900 
0.494600 
0.495800 
0.503600 
0.511700 
0.513600 
0.533900 
0.537200 
0.546100 
0.552100 
0.563500 
0.569900 
0.574400 
0.581700 
0.594300 
0.594400 
0.615200 
0.625000 
0.654400 
0.687700 
0.688800 
0.689400 
0.690400 
0.703500 
0.714200 
0.719800 
0.721500 
0.733600 
0.771600 
0.787500 
0.796300 
0.799700 
0.817100 
0.820600 
0.828800 
0.832500 
0.846100 
0.854000 
0.854800 
0.862400 
0.863800 
0.877200 
0.881100 
0.890800 
0.896800 
0.902300 
0.907600 
0.909600 
0.911100 
0.913000 
0.924200 
0.942100 
0.953300 
0.984700 
0.985500 
1.008200 
1.016300 
1.022200 
1.032900 
1.034300 
1.044500 
1.050500 
1.073300 
1.081700 
1.082000 
1.095100 
1.108700 
1.117600 
1.127700 
1.132400 
1.132900 
1.135400 
1.147100 
1.147300 
1.154700 
1.159100 
1.193300 
1.199000 
1.202100 
1.206600 
1.208200 
1.222000 
1.235600 
1.272000 
1.280000 
1.287100 
1.289300 
1.292800 
1.296300 
1.313300 
1.315600 
1.318300 
1.328300 
1.330200 
1.334300 
1.340000 
1.341600 
1.351700 
1.352200 
1.355000 
1.360800 
1.361100 
1.368500 
1.372000 
1.378700 
1.381300 
1.394700 
1.400900 
1.412100 
1.417400 
1.424100 
1.425800 
1.426000 
1.432300 
1.447100 
1.451800 
1.452700 
1.467600 
1.476100 
1.497500 
1.510400 
1.510400 
1.512500 
1.522400 
1.523900 
1.538100 
1.541300 
1.560500 
1.563200 
1.567600 
1.580500 
1.591000 
1.593300 
1.594800 
1.605100 
1.616000 
1.635100 
1.646100 
1.655900 
1.671200 
1.683300 
1.687600 
1.698300 
1.704000 
1.708000 
1.711100 
1.720000 
1.722000 
1.737200 
1.747000 
1.753900 
1.760300 
1.786400 
1.796100 
1.812300 
1.826600 
1.827200 
1.864800 
1.869000 
1.870100 
1.874700 
1.896000 
1.910000 
1.911800 
1.917500 
1.921300 
1.922600 
1.925300 
1.935400 
1.941300 
1.942100 
1.965200 
1.966200 
1.973100 
1.977200 
1.981400 
1.990700 
1.992800 
1.999200 
2.008100 
2.014700 
2.015700 
2.016100 
2.036400 
2.037400 
2.037500 
2.051000 
2.059600 
2.061400 
2.074800 
2.075800 
2.081200 
2.082200 
2.087200 
2.095300 
2.095500 
2.103400 
2.106300 
2.112000 
2.121600 
2.121700 
2.125100 
2.153000 
2.161700 
2.166700 
2.167300 
2.178600 
2.192400 
2.192800 
2.194000 
2.210500 
2.211500 
2.224700 
2.228900 
2.238200 
2.244200 
2.255300 
2.258500 
2.286300 
2.288400 
2.293800 
2.305500 
2.306100 
2.313800 
2.315100 
2.334300 
2.338100 
2.339700 
2.343100 
2.347700 
2.349000 
2.358500 
2.377700 
2.386600 
2.387200 
2.390900 
2.409300 
2.428000 
2.430700 
2.444800 
2.467400 
2.476600 
2.484400 
2.492700 
2.500100 
2.522700 
2.523000 
2.525400 
2.531600 
2.541900 
2.554400 
2.560600 
2.563200 
2.563800 
2.573000 
2.580100 
2.596200 
2.600300 
2.606500 
2.612200 
2.638700 
2.643000 
2.644500 
2.649800 
2.655400 
2.668200 
2.669900 
2.675600 
2.718000 
2.722600 
2.731400 
2.747600 
2.752500 
2.755000 
2.758100 
2.770900 
2.774800 
2.782400 
2.788600 
2.820000 
2.840700 
2.854900 
2.855700 
2.872100 
2.874700 
2.888900 
2.895700 
2.907700 
2.913700 
2.918100 
2.918300 
2.928600 
2.958000 
2.960800 
2.961000 
2.978200 
2.995600 
