9 
45 
99 
13 
69 
67 
31 
59 
28 
6 
14 
71 
21 
52 
36 
42 
23 
38 
51 
0 
96 
105 
9 
63 
36 
102 
64 
50 
92 
95 
12 
42 
61 
25 
78 
72 
58 
69 
3 
81 
99 
100 
98 
83 
19 
50 
49 
41 
30 
28 
64 
22 
24 
66 
56 
17 
54 
100 
27 
2 
71 
42 
51 
104 
62 
49 
10 
90 
18 
64 
96 
38 
81 
61 
11 
94 
74 
68 
106 
99 
97 
91 
50 
17 
0 
41 
32 
44 
3 
19 
6 
57 
64 
100 
23 
73 
27 
75 
89 
95 
102 
84 
96 
58 
25 
103 
90 
98 
43 
70 
19 
7 
87 
105 
62 
79 
26 
73 
33 
1 
46 
91 
10 
59 
65 
100 
40 
51 
103 
58 
50 
18 
13 
101 
80 
0 
34 
4 
19 
99 
86 
27 
12 
88 
39 
25 
75 
10 
16 
14 
43 
58 
64 
85 
20 
54 
70 
33 
0 
77 
93 
105 
47 
101 
97 
12 
95 
102 
11 
67 
83 
74 
22 
90 
5 
45 
35 
50 
8 
4 
63 
20 
19 
31 
99 
27 
56 
59 
57 
92 
43 
80 
7 
69 
73 
48 
52 
13 
49 
70 
87 
94 
83 
2 
100 
98 
53 
14 
9 
46 
15 
40 
101 
106 
68 
50 
58 
67 
44 
43 
21 
33 
26 
79 
23 
73 
56 
0 
4 
63 
17 
28 
94 
102 
75 
27 
50 
47 
36 
53 
15 
86 
101 
22 
61 
105 
72 
29 
58 
14 
81 
39 
48 
82 
20 
95 
103 
104 
13 
2 
45 
101 
22 
38 
64 
11 
76 
36 
58 
52 
89 
88 
77 
44 
65 
21 
43 
71 
46 
59 
63 
10 
26 
30 
61 
98 
84 
3 
20 
47 
62 
105 
36 
29 
6 
24 
60 
92 
41 
95 
94 
87 
72 
22 
73 
40 
20 
25 
57 
64 
10 
42 
26 
28 
0 
33 
27 
7 
83 
32 
31 
6 
14 
101 
48 
30 
90 
23 
65 
78 
3 
44 
20 
66 
47 
64 
105 
81 
87 
28 
93 
96 
9 
73 
25 
104 
41 
95 
69 
85 
88 
58 
50 
79 
90 
39 
0 
22 
84 
70 
94 
101 
74 
75 
6 
103 
21 
62 
2 
33 
13 
14 
59 
91 
36 
45 
65 
25 
42 
78 
98 
90 
22 
92 
94 
40 
95 
19 
54 
44 
28 
0 
52 
10 
104 
96 
15 
8 
13 
35 
39 
38 
2 
32 
89 
33 
100 
7 
93 
73 
91 
48 
72 
21 
50 
105 
10 
14 
87 
41 
96 
94 
36 
56 
78 
32 
42 
29 
43 
49 
40 
63 
92 
17 
19 
2 
79 
59 
88 
5 
62 
67 
7 
33 
57 
0 
68 
13 
49 
53 
56 
105 
54 
28 
69 
94 
62 
81 
50 
59 
23 
103 
4 
49 
80 
71 
63 
74 
36 
21 
29 
38 
68 
99 
9 
30 
66 
87 
75 
32 
22 
13 
73 
39 
17 
69 
52 
63 
4 
89 
37 
57 
79 
100 
7 
40 
93 
10 
53 
24 
81 
11 
54 
99 
2 
98 
106 
82 
41 
61 
47 
66 
56 
83 
85 
95 
42 
79 
88 
4 
33 
16 
19 
21 
25 
53 
2 
54 
101 
27 
24 
36 
17 
103 
96 
39 
69 
33 
105 
6 
7 
77 
80 
9 
49 
27 
86 
90 
8 
22 
70 
50 
48 
81 
31 
15 
88 
62 
20 
101 
66 
93 
45 
64 
72 
29 
96 
28 
104 
3 
63 
51 
59 
78 
23 
14 
27 
53 
41 
32 
6 
54 
22 
21 
0 
57 
88 
65 
62 
75 
61 
2 
74 
91 
98 
92 
99 
48 
100 
1 
69 
26 
59 
68 
53 
105 
4 
25 
87 
42 
33 
101 
73 
65 
61 
5 
32 
71 
80 
37 
84 
62 
36 
66 
89 
69 
38 
39 
64 
54 
63 
96 
77 
73 
38 
12 
47 
68 
44 
94 
100 
54 
79 
98 
0 
39 
14 
41 
102 
42 
81 
32 
22 
76 
19 
74 
92 
97 
85 
24 
21 
83 
88 
33 
72 
59 
37 
96 
64 
70 
23 
28 
47 
53 
78 
22 
61 
45 
16 
62 
10 
80 
101 
94 
33 
49 
67 
92 
2 
105 
90 
93 
4 
71 
3 
87 
55 
28 
95 
42 
73 
0 
88 
18 
80 
41 
14 
12 
106 
15 
86 
9 
24 
62 
29 
92 
8 
21 
58 
49 
74 
20 
82 
87 
26 
70 
22 
5 
17 
106 
101 
38 
27 
32 
88 
1 
24 
35 
64 
39 
23 
85 
50 
42 
72 
40 
10 
54 
105 
86 
75 
83 
87 
34 
3 
14 
74 
97 
0 
33 
89 
101 
19 
39 
64 
55 
60 
50 
28 
78 
32 
23 
36 
72 
94 
47 
100 
1 
8 
84 
45 
69 
13 
92 
99 
24 
5 
80 
67 
39 
50 
36 
51 
0 
58 
17 
33 
20 
102 
2 
21 
59 
103 
38 
14 
35 
43 
23 
57 
42 
60 
65 
33 
47 
64 
13 
105 
41 
56 
79 
106 
17 
32 
27 
89 
73 
104 
75 
102 
45 
70 
40 
53 
68 
95 
1 
22 
4 
69 
38 
33 
64 
100 
12 
15 
17 
42 
92 
85 
79 
96 
21 
0 
34 
76 
87 
29 
36 
72 
48 
31 
89 
49 
77 
94 
106 
98 
50 
23 
14 
52 
51 
92 
90 
68 
32 
75 
36 
7 
66 
15 
106 
62 
79 
69 
103 
8 
90 
26 
2 
41 
70 
53 
31 
60 
55 
80 
1 
3 
63 
88 
14 
34 
89 
101 
95 
12 
19 
75 
76 
105 
18 
33 
17 
91 
25 
92 
62 
20 
73 
0 
38 
4 
9 
11 
44 
64 
39 
66 
40 
90 
21 
86 
80 
99 
7 
102 
36 
68 
41 
50 
60 
32 
57 
62 
37 
64 
88 
95 
103 
102 
79 
23 
40 
76 
33 
15 
25 
21 
94 
35 
46 
29 
3 
14 
0 
41 
73 
56 
84 
20 
74 
102 
70 
27 
60 
90 
19 
96 
18 
83 
100 
98 
59 
65 
33 
81 
4 
104 
69 
76 
36 
92 
55 
29 
28 
23 
102 
68 
34 
10 
41 
0 
93 
95 
14 
25 
91 
101 
40 
51 
21 
30 
37 
52 
73 
15 
56 
79 
66 
26 
33 
2 
11 
54 
34 
88 
28 
53 
90 
55 
77 
13 
85 
95 
12 
0 
2 
49 
1 
81 
35 
14 
72 
79 
82 
39 
95 
28 
47 
96 
59 
102 
20 
68 
10 
76 
83 
101 
46 
13 
40 
26 
98 
97 
15 
51 
81 
27 
86 
0 
48 
18 
99 
94 
2 
45 
57 
66 
58 
68 
82 
44 
106 
64 
78 
87 
26 
33 
7 
71 
15 
19 
102 
99 
51 
39 
80 
23 
63 
60 
103 
22 
77 
12 
10 
58 
79 
21 
50 
35 
93 
66 
2 
95 
72 
62 
92 
78 
39 
42 
47 
32 
20 
18 
61 
80 
52 
105 
21 
73 
100 
40 
99 
85 
2 
9 
91 
68 
84 
24 
87 
56 
0 
71 
101 
79 
55 
37 
92 
18 
88 
58 
89 
4 
65 
75 
104 
66 
81 
90 
40 
95 
5 
96 
33 
80 
0 
51 
78 
60 
22 
38 
11 
10 
70 
7 
44 
47 
36 
9 
30 
42 
58 
83 
101 
21 
16 
92 
54 
96 
2 
59 
74 
103 
99 
14 
76 
90 
106 
70 
52 
21 
43 
11 
32 
94 
93 
69 
60 
103 
29 
89 
102 
74 
17 
7 
63 
10 
92 
19 
70 
104 
66 
22 
23 
88 
27 
24 
52 
61 
40 
0 
42 
105 
33 
23 
77 
100 
60 
75 
16 
46 
90 
94 
104 
48 
83 
105 
3 
44 
62 
28 
2 
33 
30 
63 
106 
22 
0 
29 
50 
49 
55 
62 
64 
87 
78 
36 
43 
82 
76 
67 
89 
97 
54 
38 
22 
75 
24 
49 
12 
66 
41 
42 
9 
33 
103 
78 
87 
86 
65 
79 
68 
58 
39 
94 
46 
52 
51 
67 
76 
2 
88 
96 
83 
19 
70 
13 
61 
81 
0 
42 
28 
55 
54 
99 
25 
39 
57 
87 
75 
26 
10 
20 
18 
103 
78 
14 
27 
9 
30 
68 
74 
71 
46 
43 
66 
39 
92 
60 
79 
91 
35 
104 
42 
1 
24 
54 
48 
27 
59 
20 
28 
50 
61 
65 
41 
29 
64 
23 
36 
22 
18 
103 
63 
39 
85 
67 
94 
21 
45 
2 
57 
28 
71 
9 
10 
69 
64 
18 
83 
26 
59 
70 
4 
6 
0 
46 
103 
78 
44 
20 
39 
23 
50 
65 
1 
32 
63 
94 
10 
52 
102 
58 
86 
39 
7 
15 
69 
92 
21 
35 
76 
81 
54 
79 
18 
45 
97 
30 
3 
33 
61 
0 
48 
74 
2 
4 
85 
96 
46 
72 
16 
57 
77 
94 
63 
65 
103 
53 
92 
36 
93 
23 
95 
97 
81 
84 
56 
57 
39 
61 
70 
91 
18 
40 
35 
1 
21 
33 
32 
25 
68 
79 
74 
13 
36 
82 
41 
64 
67 
9 
10 
59 
43 
75 
100 
88 
61 
2 
44 
95 
11 
19 
25 
46 
57 
49 
87 
20 
10 
84 
62 
90 
3 
18 
48 
81 
86 
32 
6 
91 
58 
14 
24 
52 
61 
13 
33 
74 
59 
88 
105 
63 
1 
23 
89 
35 
83 
9 
90 
60 
28 
17 
50 
10 
13 
1 
104 
47 
0 
58 
62 
44 
78 
54 
21 
92 
2 
84 
10 
95 
15 
18 
19 
39 
66 
5 
63 
42 
20 
22 
98 
27 
88 
38 
46 
0 
90 
68 
91 
55 
60 
39 
36 
50 
44 
2 
53 
93 
81 
32 
57 
104 
73 
40 
31 
41 
33 
54 
79 
9 
30 
13 
88 
98 
103 
90 
43 
8 
20 
95 
76 
74 
58 
3 
57 
46 
32 
49 
63 
94 
17 
38 
52 
99 
50 
77 
1 
30 
65 
85 
75 
45 
76 
93 
68 
28 
54 
79 
9 
40 
60 
88 
37 
21 
87 
69 
20 
4 
65 
77 
80 
24 
59 
81 
44 
13 
74 
82 
47 
63 
0 
33 
79 
22 
55 
68 
64 
14 
25 
7 
32 
58 
43 
46 
102 
3 
85 
38 
44 
92 
18 
47 
70 
30 
36 
100 
99 
78 
23 
17 
3 
45 
90 
48 
67 
5 
7 
2 
52 
27 
0 
23 
103 
59 
83 
91 
100 
54 
69 
84 
35 
47 
86 
11 
46 
53 
32 
81 
56 
101 
38 
13 
92 
52 
94 
2 
28 
1 
79 
33 
30 
58 
105 
96 
78 
18 
43 
40 
76 
91 
44 
75 
19 
57 
21 
0 
65 
20 
104 
45 
26 
70 
55 
67 
100 
19 
25 
47 
6 
3 
13 
95 
92 
4 
57 
36 
41 
53 
32 
87 
72 
0 
27 
20 
10 
16 
104 
79 
78 
52 
44 
58 
60 
21 
102 
42 
88 
54 
100 
34 
85 
52 
56 
99 
106 
101 
26 
70 
4 
19 
2 
75 
0 
32 
7 
93 
64 
95 
63 
104 
33 
18 
62 
1 
13 
79 
76 
84 
44 
19 
58 
66 
71 
74 
39 
36 
81 
46 
100 
103 
78 
87 
0 
94 
42 
22 
5 
99 
90 
23 
66 
31 
35 
92 
72 
79 
1 
41 
28 
103 
16 
70 
83 
47 
71 
44 
89 
24 
61 
13 
0 
63 
75 
91 
33 
57 
101 
3 
74 
93 
40 
25 
78 
53 
90 
6 
27 
2 
54 
103 
72 
42 
50 
99 
18 
68 
51 
56 
46 
24 
36 
23 
10 
67 
8 
94 
73 
57 
31 
33 
12 
65 
25 
38 
81 
21 
80 
9 
35 
62 
74 
66 
37 
28 
0 
92 
78 
103 
20 
24 
99 
55 
5 
32 
70 
47 
95 
38 
50 
28 
87 
92 
22 
65 
30 
1 
7 
90 
75 
63 
78 
40 
82 
96 
44 
104 
29 
61 
80 
3 
51 
16 
28 
31 
49 
66 
12 
27 
41 
105 
75 
54 
29 
1 
37 
17 
68 
64 
79 
7 
70 
63 
47 
51 
89 
86 
32 
15 
23 
56 
85 
75 
43 
30 
101 
7 
19 
8 
40 
50 
78 
103 
34 
96 
92 
71 
59 
13 
104 
64 
93 
35 
20 
52 
44 
7 
54 
102 
77 
29 
105 
25 
89 
49 
65 
46 
94 
55 
87 
67 
45 
27 
78 
17 
70 
85 
43 
64 
13 
88 
3 
79 
67 
59 
90 
40 
25 
18 
1 
80 
83 
0 
55 
73 
36 
54 
62 
27 
23 
47 
104 
69 
22 
74 
92 
79 
15 
44 
38 
40 
76 
35 
33 
99 
71 
20 
25 
5 
17 
28 
49 
32 
37 
48 
84 
23 
62 
79 
92 
55 
70 
68 
8 
46 
59 
76 
66 
95 
9 
29 
14 
65 
86 
34 
103 
61 
50 
100 
28 
13 
22 
60 
72 
27 
40 
64 
78 
94 
95 
74 
11 
104 
30 
85 
31 
96 
66 
39 
79 
38 
33 
27 
88 
64 
87 
101 
105 
73 
53 
93 
32 
54 
40 
10 
99 
36 
69 
16 
30 
42 
60 
92 
8 
37 
94 
9 
91 
79 
104 
68 
26 
28 
20 
77 
21 
43 
71 
23 
61 
33 
35 
52 
50 
29 
22 
64 
11 
27 
40 
94 
33 
12 
48 
54 
71 
23 
77 
99 
44 
53 
90 
100 
36 
66 
68 
39 
32 
84 
91 
52 
56 
61 
28 
14 
95 
46 
6 
15 
58 
106 
81 
43 
64 
21 
105 
26 
25 
104 
50 
69 
30 
54 
97 
18 
89 
95 
2 
23 
58 
28 
87 
79 
90 
100 
40 
9 
76 
0 
104 
38 
14 
66 
5 
10 
78 
41 
50 
74 
8 
82 
63 
54 
84 
96 
61 
9 
103 
79 
21 
34 
53 
28 
12 
50 
40 
70 
78 
85 
101 
73 
32 
22 
89 
91 
82 
36 
17 
43 
104 
0 
23 
51 
35 
65 
20 
11 
42 
30 
84 
58 
50 
79 
96 
9 
14 
76 
89 
54 
92 
66 
104 
49 
105 
18 
72 
39 
67 
103 
87 
28 
42 
15 
51 
40 
82 
62 
2 
95 
14 
99 
69 
36 
64 
48 
0 
101 
35 
43 
12 
89 
74 
78 
47 
94 
79 
97 
77 
11 
106 
35 
90 
27 
43 
81 
88 
36 
44 
39 
72 
48 
71 
92 
94 
69 
57 
3 
1 
66 
10 
25 
54 
74 
40 
29 
39 
20 
55 
65 
14 
60 
26 
34 
4 
75 
95 
77 
62 
58 
104 
47 
22 
83 
23 
67 
97 
28 
61 
21 
10 
17 
63 
56 
50 
84 
28 
45 
9 
103 
93 
46 
105 
92 
76 
41 
78 
33 
0 
36 
61 
71 
40 
11 
19 
62 
3 
77 
55 
80 
59 
26 
67 
20 
84 
23 
64 
75 
15 
44 
10 
29 
11 
81 
24 
97 
25 
89 
77 
59 
6 
0 
36 
102 
75 
60 
61 
103 
100 
46 
92 
5 
66 
31 
73 
44 
84 
94 
105 
30 
38 
51 
36 
55 
88 
12 
62 
63 
74 
2 
77 
73 
48 
65 
58 
71 
53 
47 
82 
29 
103 
42 
10 
25 
68 
5 
85 
35 
0 
98 
32 
2 
64 
12 
58 
23 
88 
22 
63 
43 
78 
96 
9 
31 
90 
66 
84 
35 
3 
1 
53 
60 
17 
43 
50 
91 
104 
76 
40 
73 
21 
36 
103 
44 
79 
42 
2 
49 
26 
62 
24 
35 
8 
22 
34 
43 
100 
89 
32 
4 
17 
70 
92 
68 
58 
71 
42 
90 
36 
69 
101 
22 
38 
66 
64 
89 
105 
32 
86 
103 
23 
99 
83 
28 
52 
12 
7 
97 
98 
4 
32 
50 
9 
75 
40 
48 
82 
22 
68 
0 
19 
20 
63 
87 
38 
57 
11 
39 
53 
78 
43 
33 
46 
85 
2 
5 
34 
71 
3 
1 
62 
28 
55 
42 
95 
33 
92 
25 
39 
59 
87 
57 
74 
22 
26 
104 
13 
73 
67 
12 
89 
46 
78 
10 
29 
24 
32 
79 
3 
14 
1 
105 
96 
2 
53 
70 
13 
73 
22 
100 
93 
25 
40 
103 
97 
20 
50 
54 
106 
28 
9 
104 
95 
92 
11 
44 
67 
58 
39 
86 
55 
57 
40 
10 
48 
21 
15 
99 
75 
51 
66 
105 
42 
104 
74 
97 
64 
5 
26 
31 
49 
34 
47 
29 
93 
37 
46 
27 
69 
95 
75 
89 
67 
78 
86 
65 
18 
88 
81 
20 
39 
54 
66 
38 
70 
25 
8 
100 
2 
15 
30 
99 
52 
44 
94 
19 
95 
53 
7 
36 
26 
42 
23 
106 
79 
103 
89 
55 
28 
11 
12 
22 
46 
85 
51 
70 
30 
75 
91 
57 
56 
17 
78 
29 
49 
15 
34 
31 
36 
92 
69 
90 
94 
8 
0 
20 
48 
83 
19 
32 
17 
105 
2 
59 
28 
104 
47 
86 
5 
31 
88 
0 
17 
63 
46 
106 
103 
35 
37 
42 
90 
39 
25 
83 
68 
1 
14 
52 
27 
36 
56 
95 
44 
28 
69 
80 
64 
48 
13 
60 
30 
50 
79 
29 
104 
81 
35 
96 
2 
41 
68 
51 
101 
72 
73 
23 
98 
12 
91 
48 
25 
38 
71 
10 
102 
39 
83 
57 
74 
75 
64 
32 
43 
76 
27 
52 
13 
4 
63 
100 
2 
51 
66 
79 
45 
29 
92 
6 
39 
101 
7 
72 
36 
59 
21 
5 
52 
68 
28 
43 
50 
102 
87 
81 
96 
63 
32 
73 
69 
80 
83 
95 
7 
45 
20 
65 
13 
14 
87 
98 
27 
63 
36 
66 
47 
85 
2 
39 
21 
68 
48 
3 
83 
89 
58 
52 
61 
104 
56 
1 
100 
78 
64 
70 
72 
96 
66 
41 
40 
74 
18 
30 
10 
17 
101 
35 
58 
80 
19 
33 
100 
6 
37 
105 
20 
23 
24 
91 
2 
84 
25 
78 
34 
68 
27 
38 
98 
92 
70 
26 
14 
7 
76 
59 
21 
74 
19 
10 
48 
22 
28 
52 
54 
40 
80 
3 
67 
101 
60 
55 
58 
35 
78 
33 
100 
88 
81 
103 
2 
34 
9 
16 
69 
11 
48 
87 
0 
7 
62 
71 
89 
15 
29 
82 
52 
91 
95 
55 
10 
1 
32 
35 
11 
19 
33 
18 
47 
75 
86 
24 
66 
74 
20 
22 
83 
85 
39 
97 
10 
25 
32 
23 
29 
42 
34 
100 
79 
46 
62 
65 
87 
90 
27 
64 
1 
41 
40 
33 
31 
78 
81 
58 
76 
67 
102 
11 
22 
21 
45 
88 
44 
105 
2 
24 
66 
32 
18 
42 
37 
7 
13 
48 
71 
63 
84 
95 
96 
89 
5 
17 
69 
83 
88 
77 
37 
38 
29 
70 
36 
46 
79 
57 
54 
41 
94 
93 
87 
68 
32 
51 
14 
0 
7 
91 
96 
21 
42 
92 
4 
22 
27 
52 
89 
19 
31 
5 
21 
74 
18 
104 
28 
81 
33 
92 
52 
100 
54 
22 
12 
105 
41 
55 
93 
48 
2 
37 
17 
8 
57 
32 
71 
27 
78 
2 
44 
10 
33 
35 
54 
53 
63 
26 
42 
48 
69 
7 
86 
46 
17 
16 
27 
31 
68 
75 
38 
33 
89 
98 
18 
83 
28 
90 
102 
103 
73 
8 
45 
39 
78 
5 
51 
36 
58 
40 
38 
9 
95 
65 
79 
39 
37 
35 
15 
93 
20 
55 
104 
82 
4 
100 
13 
67 
19 
53 
62 
81 
75 
98 
45 
79 
102 
94 
86 
43 
33 
90 
21 
57 
74 
23 
28 
7 
44 
49 
0 
11 
16 
63 
8 
12 
40 
50 
89 
94 
48 
41 
10 
104 
54 
33 
66 
78 
95 
52 
18 
39 
42 
14 
21 
75 
38 
63 
7 
86 
83 
20 
35 
23 
65 
36 
70 
85 
49 
19 
64 
78 
95 
43 
77 
58 
94 
25 
46 
48 
34 
22 
12 
89 
103 
1 
13 
54 
50 
59 
84 
48 
44 
88 
78 
87 
37 
97 
52 
92 
14 
64 
61 
42 
84 
36 
79 
33 
43 
53 
55 
69 
48 
78 
96 
12 
10 
44 
46 
73 
35 
21 
60 
5 
74 
28 
2 
20 
97 
39 
94 
27 
43 
105 
78 
26 
86 
29 
79 
83 
30 
11 
92 
53 
41 
47 
100 
23 
34 
73 
0 
24 
13 
25 
101 
76 
28 
81 
6 
104 
70 
66 
48 
67 
60 
33 
56 
65 
43 
69 
86 
31 
44 
47 
53 
3 
23 
13 
76 
74 
68 
85 
25 
106 
88 
29 
6 
102 
7 
0 
78 
19 
90 
14 
80 
22 
87 
63 
11 
38 
42 
105 
5 
89 
84 
13 
71 
66 
40 
82 
46 
103 
93 
68 
79 
95 
14 
99 
75 
41 
31 
78 
51 
92 
105 
58 
82 
36 
52 
77 
25 
47 
10 
50 
12 
89 
97 
104 
55 
87 
38 
69 
21 
44 
103 
98 
65 
84 
70 
47 
100 
31 
94 
75 
102 
57 
53 
46 
24 
37 
88 
95 
81 
96 
64 
20 
8 
86 
65 
74 
11 
79 
83 
63 
67 
23 
40 
1 
69 
90 
6 
60 
72 
34 
78 
91 
105 
33 
46 
5 
7 
77 
36 
52 
55 
12 
32 
79 
10 
18 
88 
19 
54 
75 
35 
20 
58 
76 
27 
69 
14 
9 
93 
48 
92 
52 
101 
70 
17 
68 
28 
5 
86 
50 
21 
90 
71 
51 
96 
33 
77 
10 
25 
20 
105 
23 
55 
42 
83 
57 
16 
94 
32 
104 
39 
40 
2 
36 
54 
12 
22 
14 
18 
87 
47 
95 
63 
100 
69 
98 
58 
66 
92 
85 
2 
20 
76 
6 
89 
10 
44 
45 
81 
61 
40 
50 
19 
23 
59 
4 
38 
73 
96 
36 
33 
99 
3 
32 
25 
69 
98 
85 
102 
65 
106 
41 
0 
27 
55 
2 
105 
24 
92 
51 
46 
58 
89 
98 
29 
3 
16 
1 
79 
26 
69 
80 
33 
88 
75 
20 
90 
72 
54 
31 
19 
32 
8 
64 
103 
48 
77 
22 
35 
5 
13 
43 
78 
28 
49 
6 
74 
44 
96 
0 
66 
3 
65 
52 
2 
91 
73 
94 
101 
93 
38 
87 
92 
35 
16 
79 
37 
41 
47 
71 
102 
106 
29 
11 
62 
80 
100 
76 
75 
4 
50 
39 
69 
103 
2 
56 
42 
70 
26 
95 
92 
47 
41 
72 
1 
49 
19 
88 
55 
31 
52 
71 
65 
10 
79 
60 
5 
76 
43 
34 
62 
104 
47 
38 
25 
28 
80 
69 
24 
44 
23 
17 
85 
82 
36 
46 
106 
81 
76 
89 
35 
97 
25 
39 
104 
63 
75 
9 
66 
12 
41 
27 
102 
28 
40 
31 
53 
64 
78 
69 
14 
10 
88 
87 
21 
77 
92 
63 
58 
73 
11 
35 
91 
16 
100 
22 
49 
57 
27 
105 
106 
20 
98 
26 
33 
104 
31 
94 
90 
89 
75 
52 
21 
86 
36 
59 
0 
39 
15 
54 
8 
71 
69 
53 
13 
48 
101 
105 
51 
74 
97 
88 
9 
64 
7 
25 
72 
92 
12 
36 
73 
104 
55 
89 
58 
67 
19 
87 
93 
79 
95 
66 
30 
71 
105 
103 
33 
78 
101 
44 
36 
46 
42 
87 
35 
92 
13 
64 
6 
20 
0 
45 
79 
89 
56 
88 
55 
61 
72 
39 
1 
4 
29 
85 
76 
63 
66 
22 
15 
18 
38 
92 
103 
91 
101 
11 
94 
28 
25 
36 
26 
31 
13 
24 
89 
10 
85 
41 
97 
100 
106 
48 
105 
27 
93 
6 
52 
55 
71 
20 
75 
61 
70 
9 
80 
104 
69 
78 
96 
1 
72 
12 
87 
46 
105 
62 
74 
43 
11 
23 
22 
2 
33 
48 
100 
59 
13 
82 
84 
42 
64 
51 
91 
65 
28 
32 
39 
45 
103 
79 
36 
27 
71 
100 
48 
44 
40 
46 
78 
26 
83 
70 
105 
66 
87 
33 
104 
50 
47 
56 
86 
101 
43 
11 
80 
51 
9 
39 
58 
41 
99 
44 
49 
69 
29 
25 
50 
21 
90 
2 
5 
63 
13 
38 
36 
45 
73 
84 
23 
98 
74 
0 
67 
79 
83 
35 
4 
100 
52 
16 
1 
73 
72 
86 
8 
75 
102 
21 
90 
13 
85 
54 
105 
14 
70 
68 
80 
63 
33 
79 
17 
93 
37 
65 
71 
99 
89 
59 
16 
26 
85 
18 
35 
22 
42 
98 
6 
95 
66 
40 
78 
75 
62 
84 
94 
50 
24 
1 
29 
5 
59 
7 
31 
21 
106 
36 
81 
19 
88 
2 
73 
63 
10 
103 
79 
26 
98 
68 
83 
21 
96 
77 
30 
58 
78 
6 
44 
20 
76 
45 
57 
10 
40 
23 
0 
62 
31 
41 
19 
38 
90 
42 
1 
26 
7 
32 
78 
33 
35 
98 
27 
96 
66 
87 
2 
89 
88 
6 
55 
74 
73 
11 
21 
37 
50 
67 
72 
42 
25 
36 
45 
64 
61 
33 
8 
80 
106 
32 
57 
44 
4 
23 
87 
9 
0 
2 
36 
10 
15 
68 
75 
69 
89 
78 
47 
91 
72 
105 
21 
29 
22 
82 
62 
102 
65 
73 
61 
58 
38 
103 
67 
14 
24 
32 
30 
1 
71 
48 
96 
85 
28 
39 
62 
77 
80 
41 
104 
106 
8 
29 
68 
59 
21 
48 
89 
63 
44 
90 
40 
51 
92 
43 
56 
79 
82 
22 
96 
11 
94 
81 
46 
104 
3 
42 
41 
70 
73 
65 
78 
100 
23 
14 
83 
101 
63 
67 
16 
90 
36 
48 
1 
49 
39 
27 
92 
47 
26 
97 
59 
40 
21 
55 
62 
105 
73 
19 
52 
85 
102 
33 
75 
29 
92 
30 
90 
23 
32 
100 
22 
94 
81 
104 
79 
59 
11 
70 
69 
36 
33 
50 
68 
64 
23 
63 
21 
62 
10 
45 
52 
38 
87 
20 
89 
91 
7 
53 
90 
39 
26 
106 
40 
43 
54 
103 
105 
99 
70 
75 
11 
69 
7 
8 
82 
95 
50 
98 
65 
85 
52 
88 
74 
94 
15 
43 
89 
76 
104 
63 
96 
19 
33 
72 
50 
93 
60 
58 
89 
49 
86 
34 
78 
95 
73 
15 
75 
36 
55 
8 
47 
100 
106 
66 
20 
87 
7 
35 
101 
77 
88 
23 
1 
40 
14 
38 
43 
93 
21 
62 
49 
9 
39 
98 
18 
33 
51 
81 
37 
69 
12 
56 
79 
94 
102 
5 
89 
61 
84 
7 
45 
53 
59 
78 
46 
11 
20 
29 
101 
92 
74 
35 
32 
64 
48 
99 
9 
26 
22 
42 
36 
18 
14 
46 
103 
86 
60 
40 
71 
7 
95 
97 
44 
94 
2 
32 
33 
43 
34 
1 
68 
99 
28 
96 
19 
63 
62 
79 
71 
105 
20 
94 
21 
35 
40 
25 
55 
78 
8 
68 
42 
85 
25 
44 
70 
69 
57 
15 
56 
32 
26 
83 
54 
28 
2 
5 
105 
9 
43 
88 
58 
22 
81 
38 
10 
72 
95 
92 
70 
76 
39 
74 
52 
51 
21 
99 
100 
57 
3 
45 
85 
73 
40 
84 
71 
35 
64 
26 
106 
53 
66 
44 
10 
95 
55 
42 
5 
14 
89 
38 
63 
77 
99 
20 
105 
27 
91 
1 
29 
2 
104 
0 
43 
80 
103 
96 
100 
76 
71 
21 
85 
97 
87 
49 
56 
40 
42 
4 
82 
39 
63 
83 
78 
24 
33 
2 
77 
7 
88 
94 
49 
11 
8 
28 
81 
39 
36 
68 
0 
37 
50 
84 
74 
5 
18 
40 
59 
69 
92 
61 
43 
58 
13 
93 
70 
67 
88 
66 
80 
6 
1 
54 
89 
75 
14 
63 
18 
33 
56 
46 
72 
35 
59 
36 
80 
25 
43 
101 
15 
68 
28 
44 
48 
85 
73 
67 
24 
63 
21 
12 
10 
104 
105 
0 
13 
27 
101 
71 
25 
35 
56 
100 
20 
28 
38 
23 
17 
102 
78 
79 
68 
43 
19 
26 
25 
72 
13 
92 
0 
77 
21 
31 
30 
36 
69 
66 
71 
18 
74 
44 
25 
76 
79 
96 
29 
33 
91 
22 
16 
60 
52 
84 
14 
12 
6 
49 
65 
48 
54 
0 
94 
40 
73 
21 
58 
69 
18 
41 
43 
33 
24 
88 
68 
13 
8 
3 
91 
28 
44 
66 
4 
51 
59 
0 
49 
70 
39 
92 
62 
73 
74 
58 
43 
10 
24 
54 
78 
42 
50 
71 
19 
63 
90 
59 
48 
55 
89 
60 
28 
62 
84 
32 
2 
85 
77 
82 
104 
44 
8 
29 
14 
21 
38 
33 
7 
67 
9 
47 
72 
58 
22 
2 
83 
71 
45 
70 
20 
99 
69 
46 
12 
63 
49 
48 
35 
98 
75 
9 
43 
92 
58 
89 
74 
79 
36 
32 
10 
61 
77 
85 
4 
33 
83 
76 
60 
95 
101 
68 
0 
25 
39 
27 
66 
47 
65 
2 
7 
85 
35 
80 
103 
67 
52 
16 
64 
79 
12 
1 
70 
40 
92 
105 
63 
104 
58 
48 
76 
9 
31 
39 
90 
106 
43 
66 
46 
21 
27 
53 
14 
35 
20 
62 
79 
29 
41 
102 
17 
18 
44 
2 
32 
83 
88 
42 
13 
71 
25 
7 
10 
21 
90 
48 
26 
59 
32 
65 
106 
74 
19 
24 
52 
93 
79 
17 
57 
33 
21 
50 
28 
14 
31 
52 
58 
90 
94 
45 
81 
88 
9 
76 
2 
7 
69 
92 
100 
12 
50 
101 
57 
13 
35 
82 
32 
1 
61 
42 
85 
78 
25 
11 
104 
29 
39 
0 
96 
71 
50 
46 
79 
68 
19 
55 
100 
83 
75 
59 
97 
9 
21 
63 
12 
47 
87 
104 
71 
61 
29 
36 
99 
22 
58 
81 
46 
23 
64 
25 
91 
15 
40 
67 
69 
53 
72 
86 
106 
17 
55 
79 
61 
84 
0 
32 
95 
90 
24 
59 
82 
54 
40 
2 
7 
14 
11 
33 
64 
102 
88 
73 
39 
58 
45 
105 
44 
98 
37 
41 
24 
35 
65 
84 
47 
94 
85 
56 
99 
43 
11 
92 
9 
82 
45 
65 
100 
40 
0 
61 
19 
78 
105 
28 
76 
24 
50 
96 
7 
37 
77 
30 
94 
22 
39 
57 
106 
80 
34 
5 
87 
60 
102 
93 
38 
65 
104 
16 
67 
48 
50 
95 
55 
45 
12 
23 
18 
94 
79 
0 
8 
11 
39 
36 
42 
2 
68 
47 
44 
33 
84 
78 
38 
56 
57 
88 
63 
25 
31 
83 
36 
92 
53 
58 
1 
70 
74 
103 
91 
89 
4 
79 
64 
14 
23 
73 
0 
59 
99 
85 
69 
19 
55 
66 
64 
50 
38 
84 
3 
21 
26 
34 
10 
5 
25 
2 
32 
82 
29 
69 
44 
53 
73 
