37 
26 
12 
44 
34 
7 
11 
29 
38 
17 
47 
19 
8 
25 
64 
9 
15 
61 
34 
30 
17 
25 
38 
24 
54 
14 
12 
19 
60 
29 
35 
64 
54 
8 
7 
4 
13 
31 
32 
29 
28 
8 
6 
30 
15 
14 
59 
16 
4 
49 
54 
53 
23 
13 
19 
46 
59 
38 
0 
15 
52 
17 
14 
7 
13 
32 
27 
63 
38 
28 
57 
34 
14 
15 
8 
23 
24 
45 
30 
7 
41 
25 
63 
11 
54 
0 
47 
50 
51 
21 
34 
18 
61 
45 
57 
28 
43 
19 
47 
13 
29 
14 
25 
47 
17 
34 
62 
2 
1 
35 
18 
8 
38 
46 
27 
0 
24 
23 
17 
37 
57 
30 
61 
25 
11 
31 
61 
59 
64 
8 
38 
6 
53 
40 
45 
12 
55 
54 
5 
60 
11 
17 
28 
14 
34 
2 
46 
13 
9 
55 
14 
49 
13 
54 
47 
17 
0 
28 
37 
8 
27 
18 
34 
14 
23 
40 
16 
30 
57 
20 
61 
35 
28 
4 
17 
41 
47 
23 
18 
29 
35 
57 
28 
55 
0 
14 
43 
21 
51 
33 
47 
22 
45 
57 
31 
24 
44 
27 
34 
61 
6 
36 
30 
64 
28 
62 
31 
7 
55 
0 
40 
54 
57 
48 
14 
17 
30 
44 
34 
11 
41 
37 
32 
7 
57 
59 
18 
24 
25 
61 
46 
4 
34 
28 
54 
41 
47 
7 
61 
38 
5 
62 
17 
4 
53 
6 
25 
36 
47 
43 
14 
27 
8 
18 
44 
54 
50 
4 
38 
42 
2 
58 
31 
55 
20 
63 
59 
61 
42 
62 
45 
38 
16 
17 
53 
50 
29 
39 
58 
33 
49 
44 
17 
38 
47 
57 
21 
34 
27 
35 
41 
28 
31 
20 
8 
51 
9 
32 
30 
47 
6 
2 
25 
46 
24 
38 
4 
60 
52 
34 
0 
62 
27 
33 
42 
30 
14 
26 
10 
1 
38 
13 
47 
50 
51 
2 
63 
4 
19 
1 
54 
51 
7 
33 
52 
16 
39 
13 
62 
0 
38 
46 
24 
27 
9 
54 
2 
22 
12 
17 
19 
44 
14 
30 
60 
32 
24 
51 
57 
20 
50 
8 
0 
19 
52 
25 
2 
60 
31 
14 
27 
33 
39 
18 
7 
34 
38 
45 
41 
24 
40 
59 
17 
7 
47 
38 
31 
28 
53 
43 
6 
38 
14 
22 
62 
57 
30 
59 
39 
18 
44 
24 
29 
52 
47 
7 
5 
42 
25 
57 
17 
31 
30 
2 
1 
11 
48 
32 
41 
7 
14 
39 
59 
7 
62 
49 
16 
63 
38 
24 
0 
14 
4 
53 
40 
21 
47 
41 
60 
59 
53 
7 
38 
11 
62 
8 
15 
57 
19 
10 
30 
24 
17 
14 
34 
57 
0 
18 
25 
35 
16 
44 
2 
28 
55 
62 
41 
31 
57 
64 
29 
15 
59 
39 
18 
54 
14 
17 
2 
12 
30 
11 
47 
60 
23 
6 
4 
26 
7 
33 
52 
27 
36 
30 
15 
22 
47 
19 
50 
18 
0 
53 
2 
38 
57 
33 
13 
11 
7 
49 
61 
41 
62 
19 
27 
32 
21 
42 
52 
57 
34 
55 
50 
38 
17 
47 
14 
23 
10 
11 
38 
31 
40 
57 
45 
51 
60 
14 
59 
31 
11 
47 
23 
29 
52 
16 
62 
57 
53 
12 
7 
49 
58 
38 
46 
37 
17 
44 
8 
59 
18 
40 
57 
54 
21 
17 
60 
0 
18 
22 
55 
36 
29 
20 
39 
30 
4 
47 
0 
2 
32 
44 
6 
64 
24 
41 
31 
53 
23 
14 
16 
57 
30 
11 
47 
48 
42 
14 
32 
56 
60 
11 
43 
2 
34 
30 
12 
46 
0 
17 
38 
18 
60 
16 
49 
2 
13 
19 
59 
17 
4 
48 
40 
26 
0 
23 
17 
61 
7 
57 
18 
53 
11 
48 
14 
15 
13 
28 
17 
36 
27 
47 
8 
9 
41 
10 
15 
60 
11 
31 
32 
58 
20 
4 
38 
59 
29 
30 
28 
37 
51 
18 
1 
2 
17 
7 
15 
64 
55 
27 
17 
53 
32 
0 
9 
49 
16 
47 
6 
7 
18 
31 
34 
63 
54 
55 
62 
4 
10 
45 
34 
22 
8 
11 
7 
57 
36 
16 
1 
0 
30 
58 
24 
47 
6 
7 
29 
21 
44 
38 
7 
31 
25 
28 
12 
54 
41 
38 
48 
57 
59 
8 
47 
51 
34 
23 
57 
8 
44 
9 
33 
31 
59 
37 
14 
16 
61 
18 
29 
40 
21 
45 
38 
51 
43 
11 
58 
2 
13 
64 
43 
14 
56 
12 
46 
20 
17 
47 
61 
7 
22 
28 
1 
39 
60 
30 
31 
45 
23 
47 
43 
62 
13 
18 
52 
37 
16 
21 
43 
2 
28 
38 
0 
49 
1 
31 
61 
12 
7 
56 
64 
55 
57 
50 
59 
28 
45 
17 
7 
16 
8 
34 
29 
62 
0 
59 
51 
39 
63 
6 
25 
43 
14 
50 
60 
45 
38 
17 
34 
40 
15 
51 
48 
11 
4 
15 
55 
8 
5 
30 
28 
29 
27 
19 
56 
25 
14 
11 
47 
4 
60 
57 
38 
43 
8 
40 
51 
17 
59 
6 
15 
49 
52 
10 
64 
32 
6 
37 
14 
54 
58 
17 
27 
63 
51 
4 
14 
59 
30 
2 
52 
29 
15 
54 
57 
49 
38 
17 
64 
61 
19 
60 
1 
7 
30 
38 
25 
24 
41 
50 
4 
16 
54 
40 
17 
26 
30 
21 
54 
12 
8 
10 
62 
31 
39 
48 
51 
18 
9 
41 
6 
35 
52 
63 
3 
26 
24 
13 
54 
17 
64 
62 
49 
8 
40 
28 
36 
63 
30 
19 
23 
25 
46 
54 
64 
52 
55 
11 
28 
51 
21 
24 
31 
61 
6 
7 
46 
15 
4 
14 
23 
45 
8 
56 
61 
37 
2 
11 
38 
0 
4 
56 
23 
7 
14 
45 
47 
38 
41 
17 
62 
23 
54 
44 
30 
51 
16 
52 
59 
15 
61 
11 
40 
57 
34 
17 
60 
47 
10 
7 
14 
48 
54 
21 
59 
18 
45 
12 
31 
2 
43 
51 
9 
8 
18 
31 
34 
42 
64 
41 
32 
54 
63 
15 
26 
11 
44 
36 
34 
17 
60 
48 
55 
2 
32 
35 
14 
59 
45 
17 
6 
26 
48 
42 
4 
50 
7 
18 
13 
1 
56 
19 
0 
23 
34 
36 
57 
29 
46 
2 
62 
17 
45 
60 
59 
0 
21 
31 
22 
6 
3 
40 
12 
38 
62 
53 
45 
14 
23 
4 
58 
1 
39 
44 
38 
47 
17 
28 
64 
45 
8 
34 
24 
6 
38 
30 
46 
1 
42 
52 
47 
6 
43 
57 
36 
13 
3 
35 
14 
63 
54 
8 
1 
44 
0 
21 
17 
20 
19 
46 
15 
52 
50 
29 
14 
39 
4 
26 
16 
11 
47 
17 
34 
19 
31 
0 
26 
62 
46 
2 
18 
58 
34 
51 
52 
24 
32 
38 
6 
19 
7 
15 
57 
8 
41 
17 
11 
31 
33 
51 
16 
56 
12 
51 
34 
46 
20 
14 
52 
25 
0 
38 
4 
13 
1 
57 
17 
41 
2 
15 
60 
39 
51 
28 
58 
15 
31 
39 
38 
29 
10 
4 
7 
27 
54 
28 
5 
25 
48 
14 
26 
31 
11 
46 
12 
17 
59 
42 
34 
28 
38 
57 
27 
48 
29 
36 
18 
33 
1 
17 
40 
24 
21 
48 
54 
51 
30 
38 
56 
6 
62 
55 
63 
36 
46 
38 
48 
17 
35 
4 
24 
40 
42 
0 
32 
18 
44 
52 
6 
41 
21 
24 
13 
15 
55 
33 
51 
31 
11 
59 
26 
7 
34 
8 
0 
21 
59 
57 
52 
4 
13 
45 
14 
47 
58 
18 
41 
44 
23 
17 
43 
64 
11 
2 
8 
7 
18 
56 
4 
46 
14 
39 
28 
31 
62 
40 
19 
5 
57 
8 
59 
48 
45 
39 
14 
18 
28 
21 
32 
57 
1 
47 
39 
59 
32 
11 
7 
41 
27 
19 
43 
0 
18 
15 
25 
13 
17 
30 
0 
54 
23 
45 
19 
51 
2 
16 
39 
41 
21 
55 
57 
35 
1 
28 
15 
58 
59 
60 
24 
17 
6 
45 
27 
57 
25 
4 
28 
6 
50 
39 
38 
54 
23 
17 
11 
1 
28 
61 
52 
4 
26 
50 
37 
30 
19 
2 
25 
47 
49 
28 
18 
24 
8 
61 
14 
30 
59 
4 
37 
19 
11 
12 
33 
47 
52 
22 
3 
60 
10 
58 
7 
42 
41 
31 
15 
17 
40 
63 
7 
20 
47 
0 
12 
54 
22 
10 
19 
4 
58 
20 
1 
27 
59 
49 
26 
60 
33 
52 
28 
40 
30 
48 
7 
31 
26 
15 
1 
52 
64 
4 
45 
51 
46 
13 
48 
57 
7 
55 
12 
18 
32 
61 
19 
62 
31 
53 
44 
54 
17 
52 
7 
4 
12 
59 
41 
47 
58 
20 
6 
11 
24 
46 
52 
17 
28 
0 
18 
26 
6 
58 
63 
32 
48 
28 
41 
47 
57 
62 
51 
63 
45 
31 
47 
18 
8 
0 
19 
17 
64 
60 
25 
1 
41 
44 
57 
2 
62 
23 
4 
35 
38 
23 
43 
45 
24 
0 
48 
60 
18 
12 
37 
55 
57 
19 
59 
31 
9 
16 
51 
24 
0 
47 
5 
15 
42 
13 
12 
23 
28 
34 
45 
39 
53 
63 
62 
40 
38 
23 
36 
33 
28 
30 
60 
11 
22 
10 
55 
58 
40 
19 
0 
38 
44 
4 
43 
7 
45 
29 
25 
16 
58 
36 
54 
64 
48 
13 
30 
4 
59 
14 
7 
10 
18 
2 
47 
17 
48 
57 
41 
23 
32 
1 
17 
43 
18 
28 
34 
51 
41 
2 
8 
10 
38 
14 
55 
29 
11 
34 
15 
24 
30 
31 
53 
1 
18 
3 
46 
2 
58 
14 
52 
64 
23 
48 
25 
40 
35 
60 
59 
53 
18 
37 
34 
12 
16 
26 
40 
28 
55 
9 
8 
63 
17 
62 
51 
27 
40 
19 
48 
13 
30 
12 
28 
18 
63 
1 
29 
7 
4 
53 
16 
36 
48 
13 
6 
41 
49 
44 
17 
58 
1 
3 
29 
18 
9 
53 
13 
46 
30 
60 
41 
52 
19 
21 
14 
43 
53 
27 
8 
50 
13 
35 
15 
44 
23 
62 
0 
57 
30 
1 
41 
27 
18 
29 
40 
14 
17 
45 
25 
13 
10 
49 
5 
22 
50 
4 
53 
47 
51 
54 
43 
58 
44 
9 
24 
13 
60 
38 
11 
14 
17 
39 
6 
55 
37 
4 
2 
36 
42 
24 
53 
22 
56 
47 
54 
57 
27 
48 
10 
43 
56 
23 
53 
16 
29 
35 
57 
46 
33 
22 
31 
61 
19 
4 
16 
20 
49 
21 
45 
11 
24 
28 
26 
41 
58 
0 
6 
7 
2 
59 
42 
12 
38 
41 
5 
59 
28 
21 
29 
4 
14 
0 
33 
40 
47 
30 
19 
54 
49 
37 
26 
7 
44 
64 
20 
16 
49 
23 
54 
57 
18 
58 
56 
40 
51 
4 
58 
7 
15 
47 
59 
9 
8 
34 
1 
24 
17 
20 
8 
63 
46 
0 
34 
30 
14 
35 
19 
1 
15 
17 
7 
2 
31 
6 
8 
41 
13 
4 
45 
56 
12 
44 
23 
61 
4 
19 
63 
54 
38 
55 
47 
37 
46 
56 
17 
48 
51 
11 
23 
53 
57 
28 
