2 
33 
17 
37 
14 
46 
32 
45 
35 
5 
29 
55 
48 
44 
46 
10 
54 
21 
42 
32 
36 
25 
48 
29 
7 
46 
43 
8 
55 
27 
18 
30 
48 
26 
25 
8 
5 
37 
42 
0 
41 
7 
1 
15 
29 
54 
34 
53 
11 
36 
55 
30 
9 
22 
32 
48 
38 
27 
35 
31 
18 
15 
0 
44 
50 
12 
46 
7 
35 
49 
30 
32 
44 
15 
29 
1 
54 
20 
25 
40 
35 
19 
41 
21 
37 
6 
27 
38 
2 
34 
48 
44 
26 
15 
29 
46 
36 
31 
51 
11 
28 
7 
21 
49 
1 
30 
29 
45 
46 
6 
50 
37 
27 
45 
5 
1 
15 
30 
14 
38 
32 
49 
17 
21 
12 
3 
1 
38 
26 
15 
37 
54 
10 
14 
33 
24 
27 
32 
20 
16 
10 
26 
7 
22 
52 
5 
12 
40 
43 
16 
20 
3 
7 
53 
12 
0 
38 
29 
44 
54 
42 
55 
34 
20 
26 
35 
3 
45 
14 
55 
48 
12 
37 
26 
1 
40 
25 
43 
10 
24 
36 
37 
38 
45 
16 
22 
55 
5 
25 
17 
26 
46 
21 
48 
0 
24 
55 
44 
33 
41 
38 
2 
5 
35 
30 
55 
25 
21 
42 
53 
0 
1 
38 
46 
48 
55 
23 
26 
29 
11 
37 
35 
39 
20 
29 
52 
32 
44 
54 
11 
33 
24 
37 
12 
28 
30 
50 
7 
8 
14 
36 
32 
23 
3 
7 
46 
42 
35 
48 
26 
30 
39 
28 
15 
55 
25 
34 
36 
12 
32 
38 
35 
26 
24 
31 
43 
25 
16 
12 
8 
26 
37 
40 
19 
7 
48 
18 
16 
45 
25 
18 
5 
26 
55 
46 
44 
12 
27 
0 
15 
47 
34 
21 
37 
31 
40 
29 
7 
26 
38 
32 
41 
17 
55 
25 
46 
36 
5 
37 
44 
35 
20 
7 
26 
27 
4 
11 
32 
12 
7 
18 
41 
35 
37 
25 
9 
30 
32 
11 
44 
10 
3 
7 
22 
1 
15 
38 
48 
40 
53 
41 
0 
26 
32 
10 
17 
7 
50 
1 
55 
54 
37 
22 
35 
21 
10 
25 
36 
55 
40 
3 
49 
14 
12 
37 
48 
35 
5 
55 
47 
11 
40 
21 
53 
44 
45 
22 
20 
38 
29 
36 
0 
24 
45 
7 
46 
22 
25 
12 
45 
6 
29 
4 
53 
27 
46 
10 
48 
1 
5 
38 
8 
42 
41 
7 
45 
46 
32 
11 
17 
10 
53 
22 
30 
41 
42 
4 
44 
0 
35 
43 
48 
20 
40 
7 
55 
28 
17 
30 
37 
45 
16 
2 
4 
39 
24 
11 
25 
3 
1 
48 
40 
36 
37 
12 
3 
46 
7 
30 
16 
14 
25 
0 
49 
26 
55 
44 
48 
41 
30 
37 
53 
1 
6 
26 
7 
25 
34 
38 
45 
30 
8 
25 
37 
10 
1 
6 
35 
44 
15 
55 
26 
45 
46 
35 
3 
21 
1 
25 
0 
48 
41 
34 
28 
19 
55 
7 
13 
21 
36 
4 
48 
20 
35 
19 
10 
25 
15 
55 
14 
29 
3 
23 
48 
12 
25 
10 
39 
45 
55 
44 
20 
37 
49 
5 
11 
48 
50 
25 
0 
10 
27 
7 
40 
30 
37 
12 
41 
31 
32 
26 
20 
45 
29 
27 
46 
45 
28 
31 
32 
49 
37 
20 
44 
12 
36 
8 
47 
15 
11 
37 
29 
26 
8 
41 
46 
25 
7 
53 
17 
45 
0 
38 
1 
26 
37 
40 
2 
54 
20 
41 
30 
45 
37 
34 
46 
44 
45 
18 
20 
15 
55 
37 
27 
1 
34 
12 
26 
36 
23 
19 
45 
28 
25 
24 
41 
36 
46 
37 
38 
22 
15 
35 
26 
29 
32 
3 
36 
14 
48 
38 
30 
28 
41 
13 
11 
31 
26 
0 
5 
27 
18 
4 
23 
22 
45 
26 
7 
1 
41 
30 
36 
55 
37 
25 
7 
44 
35 
38 
22 
48 
29 
20 
37 
53 
1 
36 
34 
5 
41 
24 
25 
48 
11 
45 
51 
37 
8 
29 
24 
1 
25 
32 
14 
3 
15 
40 
6 
38 
48 
54 
29 
41 
7 
55 
11 
0 
15 
1 
37 
44 
54 
40 
5 
30 
33 
52 
11 
46 
25 
31 
19 
20 
28 
53 
48 
6 
37 
15 
7 
25 
55 
29 
0 
10 
26 
14 
33 
35 
32 
41 
38 
22 
10 
34 
46 
24 
1 
55 
7 
45 
44 
36 
15 
12 
21 
37 
18 
10 
5 
26 
2 
1 
20 
7 
22 
27 
53 
41 
49 
0 
36 
7 
42 
10 
5 
26 
34 
38 
51 
20 
1 
48 
55 
42 
15 
46 
40 
45 
36 
48 
41 
30 
38 
4 
49 
26 
37 
54 
1 
25 
44 
29 
32 
30 
34 
55 
6 
20 
46 
44 
11 
26 
9 
27 
42 
50 
41 
39 
48 
37 
26 
41 
22 
16 
55 
30 
15 
52 
7 
12 
21 
11 
16 
44 
8 
0 
37 
38 
48 
21 
7 
45 
30 
34 
12 
55 
0 
5 
22 
4 
45 
11 
8 
32 
20 
41 
29 
46 
20 
50 
9 
23 
38 
34 
48 
55 
25 
37 
29 
27 
6 
52 
12 
25 
35 
37 
30 
20 
7 
54 
22 
41 
23 
4 
1 
44 
3 
54 
10 
17 
40 
25 
26 
55 
37 
30 
7 
4 
27 
46 
1 
39 
37 
42 
2 
8 
11 
27 
26 
55 
22 
15 
48 
19 
37 
30 
33 
46 
32 
45 
25 
31 
15 
54 
7 
30 
17 
40 
41 
48 
37 
2 
10 
18 
22 
43 
45 
55 
3 
34 
26 
19 
25 
44 
37 
41 
29 
51 
18 
31 
12 
7 
48 
20 
46 
38 
21 
34 
15 
8 
23 
38 
35 
46 
24 
7 
49 
44 
20 
22 
32 
37 
2 
26 
27 
8 
37 
44 
15 
7 
18 
42 
26 
53 
34 
22 
38 
46 
1 
12 
49 
5 
45 
48 
10 
7 
25 
41 
14 
38 
32 
41 
26 
21 
48 
4 
22 
45 
0 
46 
37 
5 
14 
36 
53 
28 
7 
6 
26 
47 
8 
35 
52 
25 
55 
29 
21 
41 
51 
40 
38 
15 
22 
1 
7 
16 
37 
28 
26 
18 
44 
38 
37 
12 
20 
1 
35 
29 
26 
55 
39 
15 
46 
24 
41 
25 
54 
0 
16 
34 
39 
38 
25 
55 
1 
18 
7 
4 
31 
10 
5 
53 
46 
29 
37 
13 
7 
3 
16 
21 
22 
25 
55 
38 
24 
35 
48 
46 
27 
40 
41 
36 
23 
20 
52 
34 
44 
31 
25 
38 
48 
11 
32 
40 
25 
29 
12 
37 
22 
24 
45 
53 
25 
15 
6 
37 
40 
46 
14 
51 
8 
35 
21 
20 
36 
41 
7 
15 
0 
49 
46 
55 
53 
8 
1 
45 
31 
35 
2 
6 
3 
5 
41 
37 
36 
46 
20 
44 
40 
12 
34 
42 
3 
19 
26 
5 
24 
37 
29 
44 
7 
35 
27 
21 
34 
8 
55 
2 
20 
26 
37 
32 
25 
0 
40 
21 
12 
30 
20 
35 
7 
8 
44 
9 
0 
37 
45 
4 
26 
46 
41 
36 
