45 
37 
84 
38 
60 
78 
39 
12 
61 
49 
65 
37 
59 
93 
53 
63 
77 
28 
34 
2 
87 
51 
29 
5 
15 
11 
72 
93 
4 
18 
96 
2 
66 
93 
63 
80 
46 
51 
64 
24 
4 
37 
93 
87 
81 
84 
11 
89 
26 
86 
13 
63 
16 
90 
79 
53 
38 
5 
39 
94 
25 
48 
58 
97 
45 
28 
33 
30 
26 
18 
87 
41 
11 
34 
82 
36 
39 
69 
71 
90 
2 
94 
70 
26 
93 
95 
42 
64 
1 
45 
2 
6 
82 
37 
11 
38 
94 
55 
39 
24 
20 
66 
68 
95 
93 
90 
75 
26 
69 
42 
83 
25 
61 
87 
0 
22 
15 
2 
18 
85 
89 
38 
67 
93 
53 
45 
39 
12 
49 
46 
8 
23 
25 
90 
24 
45 
6 
4 
48 
9 
12 
16 
8 
10 
37 
77 
16 
2 
86 
49 
44 
55 
78 
46 
71 
90 
93 
27 
92 
66 
36 
56 
68 
0 
15 
45 
64 
30 
65 
66 
63 
34 
82 
75 
68 
42 
53 
97 
0 
45 
23 
67 
27 
25 
2 
52 
15 
90 
68 
94 
65 
82 
92 
34 
7 
51 
52 
11 
66 
71 
2 
43 
29 
45 
12 
75 
37 
91 
68 
36 
80 
19 
29 
2 
51 
39 
38 
37 
61 
92 
66 
22 
86 
11 
42 
25 
87 
93 
49 
53 
94 
96 
28 
51 
27 
52 
60 
11 
70 
87 
61 
82 
84 
13 
45 
66 
4 
12 
75 
18 
78 
51 
22 
46 
53 
83 
33 
6 
72 
97 
76 
45 
70 
8 
27 
64 
56 
29 
18 
0 
47 
66 
69 
6 
24 
37 
12 
27 
66 
92 
93 
26 
95 
86 
47 
19 
56 
13 
45 
43 
58 
90 
4 
17 
27 
51 
25 
92 
8 
12 
52 
68 
83 
67 
37 
81 
45 
53 
86 
93 
6 
87 
24 
85 
12 
23 
65 
76 
56 
53 
97 
71 
49 
8 
41 
89 
1 
26 
30 
76 
93 
12 
0 
13 
59 
94 
45 
97 
65 
85 
70 
93 
0 
39 
35 
18 
75 
90 
89 
92 
68 
37 
0 
1 
45 
66 
83 
35 
71 
31 
22 
87 
19 
49 
93 
12 
11 
25 
45 
0 
39 
53 
68 
33 
93 
46 
60 
86 
8 
49 
5 
12 
45 
49 
63 
65 
26 
87 
75 
48 
37 
12 
84 
0 
66 
47 
21 
93 
53 
58 
49 
87 
90 
65 
8 
56 
25 
93 
33 
57 
64 
65 
1 
83 
30 
0 
11 
47 
53 
69 
17 
45 
25 
58 
0 
6 
2 
68 
40 
97 
39 
75 
36 
11 
84 
35 
53 
68 
12 
1 
23 
82 
65 
72 
6 
5 
67 
71 
39 
97 
2 
37 
51 
95 
84 
66 
96 
56 
77 
90 
36 
80 
43 
55 
76 
87 
48 
85 
78 
93 
94 
82 
53 
59 
83 
20 
2 
90 
0 
56 
45 
36 
23 
65 
30 
20 
71 
76 
0 
52 
26 
34 
51 
87 
35 
6 
93 
64 
37 
29 
13 
83 
68 
84 
15 
4 
67 
48 
55 
5 
18 
43 
19 
49 
52 
27 
55 
51 
78 
39 
93 
34 
45 
8 
79 
20 
58 
97 
16 
26 
59 
93 
8 
2 
30 
61 
81 
52 
27 
87 
11 
69 
61 
84 
97 
66 
17 
90 
55 
54 
34 
68 
29 
84 
64 
45 
93 
92 
76 
60 
69 
65 
36 
2 
94 
32 
66 
53 
55 
83 
18 
25 
45 
15 
80 
64 
29 
93 
24 
97 
68 
37 
53 
26 
90 
67 
25 
0 
12 
96 
70 
53 
45 
19 
93 
39 
5 
60 
68 
87 
66 
92 
47 
31 
97 
85 
0 
93 
75 
46 
83 
12 
94 
24 
53 
49 
37 
34 
8 
6 
79 
96 
71 
25 
68 
5 
80 
94 
0 
45 
58 
2 
85 
11 
66 
65 
87 
12 
35 
95 
8 
89 
56 
68 
36 
16 
11 
13 
87 
21 
47 
92 
7 
78 
33 
0 
90 
84 
48 
81 
25 
12 
36 
34 
23 
57 
33 
86 
16 
12 
75 
15 
72 
82 
7 
87 
47 
11 
30 
63 
93 
8 
68 
51 
49 
63 
96 
45 
36 
47 
97 
23 
2 
29 
80 
61 
26 
93 
14 
0 
90 
1 
27 
76 
60 
5 
87 
64 
8 
45 
2 
67 
10 
97 
93 
47 
96 
3 
11 
7 
92 
35 
21 
66 
23 
49 
93 
39 
26 
4 
90 
12 
71 
2 
27 
37 
86 
18 
50 
34 
45 
72 
54 
85 
25 
47 
43 
87 
19 
61 
29 
2 
25 
94 
8 
97 
44 
39 
25 
93 
64 
13 
0 
51 
95 
84 
28 
63 
23 
13 
6 
82 
46 
68 
2 
31 
76 
66 
0 
8 
21 
85 
53 
65 
83 
29 
24 
4 
55 
6 
45 
56 
30 
26 
60 
12 
19 
23 
8 
66 
47 
7 
11 
97 
13 
68 
93 
58 
2 
87 
78 
65 
42 
92 
61 
12 
75 
68 
69 
5 
15 
25 
42 
35 
37 
38 
57 
82 
97 
1 
8 
4 
48 
22 
65 
87 
30 
83 
12 
94 
68 
46 
70 
45 
57 
7 
14 
76 
20 
12 
50 
39 
97 
93 
51 
92 
84 
19 
52 
75 
53 
85 
97 
33 
19 
16 
0 
51 
2 
63 
83 
45 
10 
39 
34 
7 
55 
90 
35 
57 
44 
29 
41 
36 
38 
15 
93 
45 
4 
37 
23 
55 
2 
93 
92 
1 
53 
36 
48 
38 
35 
8 
39 
5 
34 
13 
43 
92 
33 
15 
71 
45 
40 
84 
42 
48 
69 
49 
37 
2 
51 
39 
41 
15 
18 
25 
3 
45 
23 
52 
24 
92 
67 
75 
35 
78 
97 
84 
51 
87 
19 
81 
11 
43 
45 
73 
34 
25 
22 
2 
26 
85 
37 
95 
45 
93 
12 
81 
34 
87 
92 
71 
2 
13 
36 
67 
24 
55 
0 
76 
43 
19 
65 
51 
12 
15 
97 
83 
93 
36 
48 
82 
49 
73 
94 
77 
93 
66 
44 
25 
75 
60 
78 
2 
34 
45 
10 
0 
1 
71 
49 
76 
4 
73 
92 
52 
59 
61 
7 
72 
79 
0 
3 
78 
84 
69 
67 
47 
2 
34 
68 
93 
55 
48 
83 
16 
39 
0 
61 
18 
21 
28 
82 
93 
56 
1 
83 
68 
52 
71 
69 
95 
24 
27 
87 
60 
57 
65 
18 
29 
30 
45 
33 
26 
51 
67 
58 
53 
47 
63 
35 
19 
72 
23 
37 
27 
69 
94 
53 
2 
12 
15 
47 
51 
37 
19 
96 
83 
39 
0 
87 
73 
92 
48 
49 
8 
90 
37 
65 
35 
67 
93 
79 
70 
68 
30 
12 
56 
48 
19 
28 
45 
24 
2 
11 
90 
46 
47 
34 
84 
39 
18 
52 
85 
69 
12 
94 
67 
61 
11 
39 
69 
59 
36 
65 
19 
73 
68 
85 
84 
45 
31 
47 
4 
71 
35 
27 
1 
61 
53 
22 
43 
83 
67 
2 
93 
12 
42 
69 
29 
0 
68 
8 
64 
56 
53 
84 
48 
34 
97 
75 
25 
82 
63 
15 
41 
65 
6 
78 
70 
2 
93 
45 
69 
30 
56 
96 
2 
90 
80 
71 
76 
48 
67 
57 
29 
66 
58 
97 
12 
92 
47 
82 
28 
49 
51 
87 
15 
36 
76 
67 
24 
64 
6 
59 
2 
56 
41 
52 
37 
15 
69 
25 
67 
90 
58 
85 
61 
33 
29 
0 
39 
63 
92 
52 
94 
72 
59 
12 
68 
67 
34 
85 
8 
39 
37 
84 
33 
26 
53 
6 
38 
82 
68 
70 
45 
97 
0 
64 
58 
94 
6 
49 
54 
75 
51 
17 
55 
45 
27 
11 
87 
96 
63 
33 
40 
0 
90 
79 
65 
52 
55 
75 
67 
39 
59 
28 
37 
26 
6 
2 
12 
54 
83 
63 
90 
92 
34 
45 
41 
7 
25 
71 
9 
43 
93 
87 
82 
89 
45 
15 
37 
41 
6 
39 
63 
84 
2 
33 
47 
53 
74 
21 
23 
76 
34 
65 
66 
32 
45 
51 
49 
11 
53 
2 
65 
52 
82 
67 
70 
94 
84 
78 
57 
90 
19 
68 
42 
39 
97 
45 
58 
52 
34 
73 
67 
0 
30 
68 
22 
92 
48 
18 
53 
71 
39 
67 
66 
55 
11 
85 
51 
63 
58 
65 
59 
4 
33 
0 
24 
53 
14 
44 
83 
25 
67 
27 
92 
63 
37 
93 
51 
84 
89 
97 
73 
33 
45 
96 
90 
36 
53 
59 
35 
58 
68 
51 
1 
93 
4 
92 
65 
15 
42 
55 
43 
69 
23 
70 
48 
46 
29 
53 
78 
81 
26 
45 
8 
16 
94 
56 
96 
70 
93 
89 
45 
61 
33 
68 
7 
1 
80 
31 
52 
96 
82 
51 
39 
34 
45 
19 
10 
16 
57 
49 
26 
2 
94 
78 
67 
12 
75 
11 
42 
45 
33 
47 
89 
25 
15 
96 
58 
92 
34 
27 
43 
89 
68 
94 
0 
35 
46 
12 
67 
80 
38 
29 
24 
4 
5 
68 
45 
28 
8 
2 
61 
64 
50 
65 
25 
47 
66 
45 
23 
67 
15 
51 
93 
70 
52 
46 
2 
19 
59 
12 
48 
65 
67 
68 
25 
13 
6 
46 
63 
0 
87 
80 
96 
59 
73 
57 
19 
9 
95 
56 
11 
2 
39 
27 
28 
25 
0 
37 
97 
31 
85 
42 
90 
51 
53 
10 
84 
89 
42 
12 
72 
36 
49 
76 
55 
33 
73 
2 
67 
48 
92 
31 
37 
87 
45 
35 
95 
83 
86 
23 
29 
27 
72 
25 
80 
49 
10 
84 
70 
93 
97 
39 
65 
85 
81 
82 
12 
57 
36 
15 
67 
97 
71 
69 
93 
48 
55 
53 
25 
11 
24 
82 
49 
70 
51 
39 
52 
68 
83 
46 
64 
2 
67 
26 
54 
76 
64 
14 
96 
47 
19 
45 
6 
43 
18 
71 
93 
66 
46 
51 
89 
26 
56 
7 
39 
34 
2 
63 
37 
19 
45 
5 
81 
25 
76 
93 
92 
89 
30 
86 
65 
8 
58 
49 
22 
59 
45 
2 
25 
34 
64 
87 
54 
56 
93 
37 
18 
39 
92 
35 
8 
70 
2 
73 
12 
14 
31 
22 
78 
80 
90 
0 
44 
68 
93 
7 
65 
52 
25 
5 
26 
2 
97 
45 
25 
12 
27 
2 
87 
73 
47 
4 
53 
67 
23 
0 
48 
36 
90 
53 
27 
38 
63 
41 
75 
11 
6 
12 
43 
45 
39 
47 
0 
30 
34 
46 
93 
81 
85 
86 
39 
0 
72 
68 
93 
25 
94 
45 
34 
83 
2 
92 
4 
22 
7 
5 
75 
89 
96 
83 
0 
34 
27 
8 
45 
82 
93 
44 
64 
18 
67 
84 
55 
61 
16 
41 
19 
29 
5 
78 
37 
45 
97 
2 
27 
47 
89 
26 
51 
34 
86 
93 
0 
68 
25 
20 
28 
92 
71 
35 
25 
84 
80 
56 
66 
39 
37 
90 
2 
68 
31 
15 
36 
63 
94 
32 
12 
6 
67 
37 
75 
15 
45 
97 
26 
85 
91 
87 
62 
53 
71 
76 
13 
67 
70 
64 
23 
4 
2 
