445 
471 
1222 
894 
1214 
371 
192 
258 
982 
1 
645 
213 
1060 
788 
405 
429 
479 
24 
796 
860 
1163 
1025 
1019 
422 
477 
588 
521 
200 
390 
944 
873 
744 
1079 
166 
113 
377 
463 
730 
958 
96 
1177 
943 
789 
349 
69 
817 
1101 
495 
486 
927 
448 
136 
685 
721 
162 
1204 
681 
84 
405 
456 
1111 
115 
190 
1065 
749 
731 
568 
658 
562 
1028 
123 
176 
620 
841 
83 
608 
465 
1130 
963 
1069 
790 
912 
60 
1176 
822 
1051 
895 
336 
313 
373 
716 
392 
119 
1075 
1094 
330 
276 
920 
48 
700 
385 
440 
732 
598 
1018 
371 
29 
450 
840 
1049 
439 
280 
948 
856 
1227 
1078 
27 
319 
1164 
954 
1181 
857 
508 
608 
626 
542 
805 
19 
1230 
330 
61 
287 
534 
1216 
871 
382 
467 
1234 
105 
1217 
882 
574 
564 
525 
1036 
829 
891 
899 
820 
803 
8 
346 
512 
583 
211 
832 
807 
147 
646 
74 
1004 
1110 
131 
937 
773 
369 
957 
890 
988 
473 
235 
951 
624 
567 
24 
130 
928 
81 
716 
659 
788 
62 
422 
132 
1029 
15 
1232 
1148 
675 
50 
609 
1000 
186 
1057 
42 
337 
392 
488 
824 
156 
1149 
1136 
891 
32 
510 
872 
493 
783 
534 
587 
172 
137 
678 
1003 
267 
129 
727 
1151 
308 
406 
679 
1230 
1022 
2 
791 
609 
27 
1007 
904 
177 
586 
17 
314 
713 
78 
150 
21 
237 
636 
188 
1165 
820 
803 
461 
1234 
245 
608 
616 
805 
337 
949 
915 
173 
725 
1213 
1105 
672 
77 
131 
798 
791 
328 
174 
508 
101 
546 
922 
718 
1042 
355 
478 
288 
1000 
707 
1002 
1075 
434 
286 
1184 
853 
947 
1137 
533 
555 
386 
641 
999 
1086 
280 
468 
69 
818 
215 
1025 
637 
460 
398 
178 
559 
282 
517 
857 
1082 
781 
911 
342 
435 
90 
322 
1039 
579 
567 
414 
212 
75 
867 
935 
902 
506 
690 
264 
45 
49 
569 
320 
884 
1114 
577 
631 
1073 
943 
604 
249 
980 
932 
1234 
963 
981 
952 
984 
1103 
628 
1045 
1177 
164 
31 
586 
799 
700 
465 
339 
840 
525 
1122 
1123 
631 
188 
456 
792 
1067 
949 
737 
1169 
84 
464 
593 
1202 
1110 
933 
346 
