0.010600 
0.012700 
0.013400 
0.014400 
0.014500 
0.014500 
0.014800 
0.015100 
0.015200 
0.015600 
0.016100 
0.016200 
0.016900 
0.016900 
0.017300 
0.017400 
0.017600 
0.018400 
0.018900 
0.019300 
0.020100 
0.020200 
0.021400 
0.024100 
0.024900 
0.024900 
0.025200 
0.025300 
0.026100 
0.026600 
0.027200 
0.027200 
0.027200 
0.027700 
0.028800 
0.029200 
0.029600 
0.030000 
0.030500 
0.030500 
0.031300 
0.031500 
0.031700 
0.031700 
0.031800 
0.032000 
0.032300 
0.032300 
0.032500 
0.032600 
0.032700 
0.033000 
0.033100 
0.033200 
0.033300 
0.033400 
0.033700 
0.033900 
0.034600 
0.035300 
0.036200 
0.036300 
0.037900 
0.038400 
0.039100 
0.040000 
0.040500 
0.041000 
0.041300 
0.041400 
0.041400 
0.041500 
0.042800 
0.043000 
0.043200 
0.044500 
0.044600 
0.044900 
0.045300 
0.045300 
0.045400 
0.045600 
0.046200 
0.046900 
0.047200 
0.047400 
0.047400 
0.047600 
0.047900 
0.048600 
0.048700 
0.049900 
0.050000 
0.050800 
0.052100 
0.052600 
0.053200 
0.053600 
0.053800 
0.054400 
0.054600 
0.056100 
0.057900 
0.058100 
0.058200 
0.058200 
0.058400 
0.058600 
0.060000 
0.060400 
0.060800 
0.060900 
0.060900 
0.061100 
0.061400 
0.061600 
0.061800 
0.061800 
0.062400 
0.062700 
0.062900 
0.062900 
0.063500 
0.063600 
0.065600 
0.068800 
0.068900 
0.069000 
0.070300 
0.070800 
0.071100 
0.071200 
0.072700 
0.072700 
0.073000 
0.073600 
0.073800 
0.074700 
0.075300 
0.075900 
0.076100 
0.076500 
0.077400 
0.077500 
0.077900 
0.078900 
0.079200 
0.079500 
0.079600 
0.080800 
0.080900 
0.082200 
0.082400 
0.083600 
0.083800 
0.084300 
0.085000 
0.085100 
0.085200 
0.085500 
0.085500 
0.086000 
0.086100 
0.086300 
0.087200 
0.087400 
0.087600 
0.089000 
0.089100 
0.089100 
0.090000 
0.090200 
0.090200 
0.091400 
0.091900 
0.092100 
0.093000 
0.093400 
0.093600 
0.093600 
0.094800 
0.095800 
0.096500 
0.096700 
0.097300 
0.097700 
0.099000 
0.099100 
0.099400 
0.100300 
0.101100 
0.101100 
0.101200 
0.101200 
0.102500 
0.102500 
0.102500 
0.103100 
0.103900 
0.103900 
0.104100 
0.104200 
0.104600 
0.104900 
0.108200 
0.108500 
0.108600 
0.108900 
0.109000 
0.109200 
0.109800 
0.109900 
0.110100 
0.110300 
0.110400 
0.110800 
0.110900 
0.112700 
0.112900 
0.113100 
0.113800 
0.114500 
0.114500 
0.116700 
0.117100 
0.117100 
0.117200 
0.117900 
0.118200 
0.118700 
0.118900 
0.120600 
0.121600 
0.122500 
0.123500 
0.123500 
0.123700 
0.123700 
0.123800 
0.124200 
0.124600 
0.124700 
0.125300 
0.125600 
0.125800 
0.126000 
0.126200 
0.126500 
0.127400 
0.127600 
0.127700 
0.128000 
0.128000 
0.128700 
0.128800 
0.129600 
0.129800 
0.130500 
0.130600 
0.130600 
0.132000 
0.132300 
0.132900 
0.133300 
0.133400 
0.133500 
0.134200 
0.134400 
0.134600 
0.134700 
0.134900 
0.135800 
0.138300 
0.139100 
0.139100 
0.139100 
0.140000 
0.140500 
0.140700 
0.140800 
0.140800 
0.142100 
0.142600 
0.143200 
0.143900 
0.144500 
0.144600 
0.145100 
0.145300 
0.146300 
0.146600 
0.147300 
0.147600 
0.148400 
0.149500 
0.150900 
0.150900 
0.150900 
0.151400 
0.152500 
0.153300 
0.154200 
0.154400 
0.154600 
0.154700 
0.154800 
0.155200 
0.156500 
0.156600 
0.157000 
0.157100 
0.158100 
0.158400 
0.158600 
0.159000 
0.159500 
0.160300 
0.160400 
0.160600 
0.161200 
0.161400 
0.161600 
0.161900 
0.161900 
0.161900 
0.162800 
0.163200 
0.163700 
0.163900 
0.164600 
0.165300 
0.165500 
0.166300 
0.166300 
0.167000 
0.167200 
0.167300 
0.167500 
0.167600 
0.169100 
0.169300 
0.169400 
0.169600 
0.169800 
0.170200 
0.170700 
0.171100 
0.173100 
0.173300 
0.174100 
0.174200 
0.174300 
0.174800 
0.174900 
0.175200 
0.175600 
0.175700 
0.176000 
0.176100 
0.176400 
0.177000 
0.177400 
0.178300 
0.178600 
0.180600 
0.181100 
0.181500 
0.182000 
0.182000 
0.182100 
0.183100 
0.183200 
0.183500 
0.183900 
0.185000 
0.185100 
0.185500 
0.185900 
0.187000 
0.187300 
0.187400 
0.187700 
0.188500 
0.189000 
0.189500 
0.189500 
0.190000 
0.190400 
0.190400 
0.190800 
0.191000 
0.191900 
0.192100 
0.192100 
0.192400 
0.192500 
0.193800 
0.195100 
0.195200 
0.195400 
0.195700 
0.197500 
0.197600 
0.198700 
0.199200 
0.199900 
0.200500 
0.200500 
0.200900 
0.201200 
0.201400 
0.201900 
0.202700 
0.203000 
0.203300 
0.203800 
0.204600 
0.205100 
0.205200 
0.205400 
0.205600 
0.206000 
0.206100 
0.206200 
0.206200 
0.206900 
0.207100 
0.207300 
0.207400 
0.207900 
0.209100 
0.209100 
0.209300 
0.209500 
0.210400 
0.210400 
0.211000 
0.213200 
0.214100 
0.215900 
0.216200 
0.216400 
0.217000 
0.217600 
0.217600 
0.217800 
0.218600 
0.218900 
0.220200 
0.220700 
0.220800 
0.220900 
0.221100 
0.221300 
0.221600 
0.221900 
0.223600 
0.224200 
0.224400 
0.224700 
0.225200 
0.225200 
0.225200 
0.225500 
0.225500 
0.226200 
0.227100 
0.227100 
0.227500 
0.227800 
0.227800 
0.228300 
0.228900 
0.229300 
0.232100 
0.232400 
0.232400 
0.232700 
0.232800 
0.233300 
0.233400 
0.234000 
0.235100 
0.235400 
0.236600 
0.236600 
0.237100 
0.237100 
0.237400 
0.237600 
0.238000 
0.238200 
0.239800 
0.241900 
0.242700 
0.242800 
0.243500 
0.243600 
0.244000 
0.244400 
0.245600 
0.246700 
0.247000 
0.247900 
0.248600 
0.248600 
0.248800 
0.248900 
0.249200 
0.249200 
0.250400 
0.250700 
0.250800 
0.251500 
0.252300 
0.253300 
0.253400 
0.254200 
0.254200 
0.254700 
0.254900 
0.255300 
0.255400 
0.255500 
0.255800 
0.256800 
0.257300 
0.257700 
0.257900 
0.258200 
0.258900 
0.258900 
0.259900 
0.260400 
0.260500 
0.260800 
0.261000 
0.261200 
0.261600 
0.262000 
0.262900 
0.263000 
0.263700 
0.263800 
0.263800 
0.264800 
0.267300 
0.267800 
0.268100 
0.268900 
0.269600 
0.269900 
0.269900 
0.270600 
0.270700 
0.271300 
0.272200 
0.272700 
0.273200 
0.273400 
0.273500 
0.273600 
0.274100 
0.274700 
0.275900 
0.276500 
0.277300 
0.277800 
0.278500 
0.278600 
0.278800 
0.279400 
0.279600 
0.280200 
0.280300 
0.280500 
0.280700 
0.282200 
0.282300 
0.282400 
0.283200 
0.283300 
0.283600 
0.283600 
0.283900 
0.283900 
0.284000 
0.284100 
0.284600 
0.284700 
0.285100 
0.285300 
0.285600 
0.286100 
0.287100 
0.287600 
0.289000 
0.289200 
0.291100 
0.291200 
0.291500 
0.291500 
0.292900 
0.293100 
0.293200 
0.293300 
0.295100 
0.296200 
0.296600 
0.297100 
0.297600 
0.298100 
0.298400 
0.298500 
0.299200 
0.299400 
0.300600 
0.300700 
0.302700 
0.302800 
0.303600 
0.304100 
0.304400 
0.305100 
0.305300 
0.305300 
0.305600 
0.305600 
0.305800 
0.306000 
0.306200 
0.307000 
0.307200 
0.307600 
0.307700 
0.308800 
0.308900 
0.309500 
0.309800 
0.309900 
0.310000 
0.310200 
0.310500 
0.310700 
0.311000 
0.311000 
0.311900 
0.312000 
0.312200 
0.312600 
0.313200 
0.313200 
0.313400 
0.314000 
0.314300 
0.315000 
0.315800 
0.315800 
0.315900 
0.316200 
0.316200 
0.316900 
0.316900 
0.317300 
0.317600 
0.318100 
0.318600 
0.318800 
0.318900 
0.319800 
0.320200 
0.320400 
0.320700 
0.320800 
0.321500 
0.322700 
0.323800 
0.323800 
0.324800 
0.325000 
0.325600 
0.326300 
0.327100 
0.327300 
0.327300 
0.327300 
0.327500 
0.327500 
0.328600 
0.329300 
0.329600 
0.329900 
0.330700 
0.330700 
0.330800 
0.331300 
0.331300 
0.331600 
0.332100 
0.332800 
0.333100 
0.333600 
0.336000 
0.336100 
0.337300 
0.337600 
0.337900 
0.338400 
0.338900 
0.341100 
0.341400 
0.341800 
0.342400 
0.342600 
0.344200 
0.344600 
0.344800 
0.345000 
0.345100 
0.345400 
0.345500 
0.345800 
0.346300 
0.346500 
0.346500 
0.346600 
0.347200 
0.347400 
0.349400 
0.349900 
0.351200 
0.351500 
0.353000 
0.353100 
0.353200 
0.353800 
0.355100 
0.356000 
0.356100 
0.356300 
0.356400 
0.357000 
0.357300 
0.357500 
0.357800 
0.357900 
0.358400 
0.358600 
0.358600 
0.359900 
0.360900 
0.361300 
0.361300 
0.362000 
0.363100 
0.363200 
0.363300 
0.363400 
0.363600 
0.363800 
0.363800 
0.364800 
0.364800 
0.364900 
0.365000 
0.365100 
0.368300 
0.368400 
0.368600 
0.368600 
0.368800 
0.368900 
0.369300 
0.369400 
0.370100 
0.371000 
0.371300 
0.371400 
0.372100 
0.373500 
0.376300 
0.376400 
0.377200 
0.377600 
0.378300 
0.378700 
0.379000 
0.379000 
0.379300 
0.380500 
0.380700 
0.381100 
0.381400 
0.381500 
0.382200 
0.382700 
0.382800 
0.382900 
0.383200 
0.383300 
0.383300 
0.383900 
0.384300 
0.384400 
0.384800 
0.385600 
0.385600 
0.385600 
0.386600 
0.388900 
0.389000 
0.389400 
0.390000 
0.390200 
0.391100 
0.391700 
0.391800 
0.391800 
0.391900 
0.393100 
0.393400 
0.393500 
0.393600 
0.395800 
0.396300 
0.396500 
0.397400 
0.398100 
0.398300 
0.399400 
0.400200 
0.400600 
0.401300 
0.401700 
0.404600 
0.405400 
0.405500 
0.405500 
0.406000 
0.406700 
0.406900 
0.406900 
0.407400 
0.407400 
0.407800 
0.407900 
0.408600 
0.408700 
0.409400 
0.409900 
0.412300 
0.412600 
0.412700 
0.412900 
0.413200 
0.413300 
0.413300 
0.414000 
0.415000 
0.416100 
0.417200 
0.417300 
0.417900 
0.418200 
0.418900 
0.419200 
0.419400 
0.419900 
0.420100 
0.420500 
0.420800 
0.421000 
0.422700 
0.422900 
0.423300 
0.423300 
0.424200 
0.424500 
0.424600 
0.425000 
0.425500 
0.425700 
0.425900 
0.426400 
0.427000 
0.427300 
0.427400 
0.428100 
0.428400 
0.428500 
0.428600 
0.429100 
0.429500 
0.429600 
0.430200 
0.430700 
0.431600 
0.431700 
0.431700 
0.432200 
0.432900 
0.433500 
0.434400 
0.434500 
0.435200 
0.435700 
0.435900 
0.436300 
0.436700 
0.437400 
0.437800 
0.438200 
0.439200 
0.439200 
0.439300 
0.439500 
0.439600 
0.440900 
0.441700 
0.442600 
0.442900 
0.443700 
0.445500 
0.445800 
0.446200 
0.446400 
0.447300 
0.449200 
0.449600 
0.449700 
0.451700 
0.452600 
0.452900 
0.453600 
0.456600 
0.458400 
0.458500 
0.458800 
0.459200 
0.459600 
0.459600 
0.460200 
0.460700 
0.461600 
0.461800 
0.462500 
0.462700 
0.463000 
0.463800 
0.464000 
0.464500 
0.466100 
0.466300 
0.467100 
0.467400 
0.468000 
0.468300 
0.468400 
0.469600 
0.470900 
0.471400 
0.471800 
0.472400 
0.472600 
0.473300 
0.473600 
0.474600 
0.475100 
0.475500 
0.475700 
0.475700 
0.476400 
0.477000 
0.477100 
0.477200 
0.478300 
0.479600 
0.480300 
0.480300 
0.480600 
0.481100 
0.481200 
0.481500 
0.481700 
0.481700 
0.482800 
0.483100 
0.483700 
0.483700 
0.485600 
0.485600 
0.485700 
0.485800 
0.486200 
0.486700 
0.488100 
0.488100 
0.489300 
0.489600 
0.489700 
0.490200 
0.490300 
0.490500 
0.490600 
0.490600 
0.491400 
0.492700 
0.493200 
0.494400 
0.494600 
0.495200 
0.495400 
0.495600 
0.495700 
0.495900 
0.496900 
0.497400 
0.498600 
0.498900 
0.499000 
0.499100 
0.499600 
0.499700 
0.500500 
0.500800 
0.501100 
0.501300 
0.501800 
0.501900 
0.502400 
0.503300 
0.503900 
0.505900 
0.507000 
0.507200 
0.507400 
0.507500 
0.507500 
0.507600 
0.507900 
0.508100 
0.508300 
0.508800 
0.509000 
0.510600 
0.513000 
0.513300 
0.513800 
0.514100 
0.514600 
0.514700 
0.514900 
0.515000 
0.515600 
0.515800 
0.516000 
0.516000 
0.516200 
0.516200 
0.516200 
0.517000 
0.517500 
0.517600 
0.517700 
0.518500 
0.518900 
0.519500 
0.520100 
0.520400 
0.520900 
0.521300 
0.521500 
0.522500 
0.522700 
0.523100 
0.525200 
0.526400 
0.526900 
0.526900 
0.528100 
0.528200 
0.530000 
0.530300 
0.530600 
0.531000 
0.531500 
0.531900 
0.532800 
0.533000 
0.533100 
0.533500 
0.533600 
0.534100 
0.535600 
0.536000 
0.536400 
0.536700 
0.536800 
0.537400 
0.538900 
0.539200 
0.539200 
0.539300 
0.539600 
0.539600 
0.539600 
0.539900 
0.540200 
0.541600 
0.541600 
0.541600 
0.542000 
0.542900 
0.543100 
0.543400 
0.544200 
0.545300 
0.546000 
0.546100 
0.546200 
0.546400 
0.546800 
0.547200 
0.547300 
0.548100 
0.549700 
0.549800 
0.550000 
0.551600 
0.551800 
0.552100 
0.552100 
0.552700 
0.553400 
0.553500 
0.554000 
0.554200 
0.554400 
0.555100 
0.555300 
0.556100 
0.556300 
0.556400 
0.557100 
0.558000 
0.558300 
0.559000 
0.559200 
0.559600 
0.560000 
0.560600 
0.561600 
0.562000 
0.562000 
0.562100 
0.562500 
0.562800 
0.563000 
0.563200 
0.563300 
0.563500 
0.563600 
0.563800 
0.564500 
0.566000 
0.566400 
0.566400 
0.567400 
0.567500 
0.567700 
0.568500 
0.568600 
0.568700 
0.568800 
0.569800 
0.569800 
0.569900 
0.569900 
0.570200 
0.571400 
0.572500 
0.572800 
0.574100 
0.574500 
0.574600 
0.574800 
0.574900 
0.576300 
0.577000 
0.577900 
0.578300 
0.578700 
0.580300 
0.580500 
0.580700 
0.581000 
0.581100 
0.581900 
0.582000 
0.582100 
0.582700 
0.583300 
0.583800 
0.583800 
0.584000 
0.584300 
0.584900 
0.585200 
0.585700 
0.585900 
0.586100 
0.586200 
0.588600 
0.588600 
0.588800 
0.589000 
0.589400 
0.591200 
0.591800 
0.592100 
0.592200 
0.592400 
0.592500 
0.592700 
0.593000 
0.593000 
0.593200 
0.593500 
0.594300 
0.594400 
0.594900 
0.595200 
0.595300 
0.595400 
0.595500 
0.595800 
0.597100 
0.597400 
0.598700 
0.598700 
0.598800 
0.598900 
0.599200 
0.599500 
0.599500 
0.600100 
0.600200 
0.601000 
0.604000 
0.604200 
0.604300 
0.604400 
0.606200 
0.606700 
0.607000 
0.607800 
0.608100 
0.608200 
0.608600 
0.609100 
0.609800 
0.610100 
0.610500 
0.611100 
0.611500 
0.611600 
0.611700 
0.612100 
0.613600 
0.613700 
0.613800 
0.614000 
0.614200 
0.614500 
0.616200 
0.616800 
0.617200 
0.617800 
0.618200 
0.618400 
0.618800 
0.619300 
0.619800 
0.621000 
0.621300 
0.621300 
0.621600 
0.622200 
0.623300 
0.623900 
0.624200 
0.624300 
0.624500 
0.624600 
0.625000 
0.625900 
0.626000 
0.626100 
0.626200 
0.626900 
0.626900 
0.628000 
0.628400 
0.629300 
0.629500 
0.629900 
0.630800 
0.631300 
0.631700 
0.632100 
0.632400 
0.632600 
0.633400 
0.633400 
0.634100 
0.634900 
0.635100 
0.635500 
0.635600 
0.636000 
0.636100 
0.636700 
0.637600 
0.637800 
0.639000 
0.639000 
0.639800 
0.641000 
0.641100 
0.641200 
0.642200 
0.642500 
0.643100 
0.643200 
0.643300 
0.643300 
0.643600 
0.643800 
0.644700 
0.645900 
0.646900 
0.647300 
0.647400 
0.647900 
0.648600 
0.648600 
0.651300 
0.651800 
0.651900 
0.652400 
0.655400 
0.655700 
0.655700 
0.655800 
0.655900 
0.657000 
0.657400 
0.657500 
0.657700 
0.657700 
0.658200 
0.658200 
0.658400 
0.658500 
0.658800 
0.659500 
0.659600 
0.659800 
0.661800 
0.662700 
0.663000 
0.663800 
0.663900 
0.664000 
0.665500 
0.666400 
0.666800 
0.667200 
0.667200 
0.667300 
0.667700 
0.667700 
0.667800 
0.667800 
0.668600 
0.669000 
0.669000 
0.669100 
0.669300 
0.669800 
0.670300 
0.671300 
0.672300 
0.673500 
0.675400 
0.676000 
0.676200 
0.677400 
0.678300 
0.679000 
0.679100 
0.679200 
0.679300 
0.679800 
0.679800 
0.680600 
0.681100 
0.682300 
0.682500 
0.683100 
0.683200 
0.683400 
0.683900 
0.684400 
0.685200 
0.685500 
0.686100 
0.686800 
0.688000 
0.689800 
0.689800 
0.690100 
0.690200 
0.690900 
0.692300 
0.692500 
0.692600 
0.693500 
0.693800 
0.694200 
0.695100 
0.696100 
0.696100 
0.696600 
0.698300 
0.698400 
0.698600 
0.699100 
0.699700 
0.701600 
0.701600 
0.702300 
0.703000 
0.703100 
0.703400 
0.703600 
0.703700 
0.703700 
0.704300 
0.704500 
0.704700 
0.704800 
0.705600 
0.705600 
0.706100 
0.706200 
0.706200 
0.707300 
0.707500 
0.707500 
0.709900 
0.710100 
0.710200 
0.710600 
0.710900 
0.711400 
0.711500 
0.711700 
0.711800 
0.712300 
0.712800 
0.713700 
0.713900 
0.714800 
0.714800 
0.715300 
0.716200 
0.716400 
0.716500 
0.716900 
0.717000 
0.717700 
0.718000 
0.718100 
0.718900 
0.719300 
0.720000 
0.720800 
0.721200 
0.721400 
0.722600 
0.724000 
0.724300 
0.724800 
0.724800 
0.725200 
0.725400 
0.726200 
0.726700 
0.726800 
0.726800 
0.727100 
0.727200 
0.730600 
0.730900 
0.731200 
0.732700 
0.734200 
0.734700 
0.734800 
0.734900 
0.735300 
0.735800 
0.735800 
0.736100 
0.736800 
0.737500 
0.737600 
0.738000 
0.739900 
0.740000 
0.740900 
0.741300 
0.741400 
0.741400 
0.741800 
0.742900 
0.742900 
0.743900 
0.744200 
0.744300 
0.746100 
0.746700 
0.747500 
0.747900 
0.749600 
0.749600 
0.750200 
0.750200 
0.750200 
0.751100 
0.751500 
0.751600 
0.751900 
0.752200 
0.752600 
0.752600 
0.752700 
0.752700 
0.752700 
0.754100 
0.754600 
0.754600 
0.754900 
0.754900 
0.754900 
0.755300 
0.755400 
0.756100 
0.756200 
0.756700 
0.756700 
0.756900 
0.757400 
0.757500 
0.757700 
0.757900 
0.758000 
0.760600 
0.760700 
0.761700 
0.763300 
0.763600 
0.763900 
0.763900 
0.765100 
0.765600 
0.765800 
0.766500 
0.767200 
0.767400 
0.767800 
0.768800 
0.770200 
0.770800 
0.771400 
0.771600 
0.771600 
0.772100 
0.772800 
0.772800 
0.773000 
0.773200 
0.773400 
0.774300 
0.774300 
0.774700 
0.775300 
0.775700 
0.775700 
0.775700 
0.776900 
0.777200 
0.778200 
0.779600 
0.779600 
0.779800 
0.781300 
0.781500 
0.781600 
0.782700 
0.782800 
0.783600 
0.784500 
0.785200 
0.785200 
0.785700 
0.786000 
0.786100 
0.786300 
0.786400 
0.786900 
0.786900 
0.787500 
0.787800 
0.787900 
0.788100 
0.788900 
0.788900 
0.788900 
0.788900 
0.789500 
0.790700 
0.792400 
0.793000 
0.793500 
0.794400 
0.795500 
0.795600 
0.795800 
0.796300 
0.796800 
0.796800 
0.796900 
0.797000 
0.797200 
0.797300 
0.797600 
0.798800 
0.799200 
0.799400 
0.799500 
0.799600 
0.800200 
0.800400 
0.800800 
0.800900 
0.801600 
0.802400 
0.802400 
0.802400 
0.803100 
0.803500 
0.804900 
0.805400 
0.806000 
0.806200 
0.806200 
0.806800 
0.808400 
0.808500 
0.809200 
0.809300 
0.811500 
0.811800 
0.811800 
0.812000 
0.812200 
0.812200 
0.813300 
0.813500 
0.813600 
0.814000 
0.814100 
0.814100 
0.814600 
0.814600 
0.815400 
0.815800 
0.816300 
0.817500 
0.818300 
0.818500 
0.818600 
0.818700 
0.818700 
0.818800 
0.820100 
0.820500 
0.820900 
0.821100 
0.821200 
0.821600 
0.821800 
0.822100 
0.822400 
0.822600 
0.822700 
0.823800 
0.824100 
0.824400 
0.824600 
0.824800 
0.826200 
0.826400 
0.826700 
0.827400 
0.828900 
0.829300 
0.829600 
0.829800 
0.830100 
0.830100 
0.830600 
0.831700 
0.832300 
0.832400 
0.833400 
0.834000 
0.835000 
0.836100 
0.836400 
0.836800 
0.837200 
0.837800 
0.838300 
0.838600 
0.838700 
0.839500 
0.839800 
0.840100 
0.840200 
0.840400 
0.841100 
0.841200 
0.841700 
0.841900 
0.842000 
0.842200 
0.842300 
0.842700 
0.842900 
0.843500 
0.843800 
0.844500 
0.844600 
0.844600 
0.844800 
0.846100 
0.846300 
0.846300 
0.848000 
0.848600 
0.848800 
0.849500 
0.849600 
0.851000 
0.851800 
0.852300 
0.852800 
0.852900 
0.853400 
0.853700 
0.853700 
0.854000 
0.855200 
0.855400 
0.856400 
0.857300 
0.857500 
0.857500 
0.858300 
0.858500 
0.858700 
0.859200 
0.859600 
0.860000 
0.860500 
0.861500 
0.861700 
0.861800 
0.862000 
0.862400 
0.862400 
0.862600 
0.863800 
0.864200 
0.866000 
0.866200 
0.867400 
0.867500 
0.868000 
0.868300 
0.868800 
0.870100 
0.872300 
0.872900 
0.872900 
0.873100 
0.873400 
0.873900 
0.874000 
0.874900 
0.875200 
0.875400 
0.875400 
0.875700 
0.875700 
0.876200 
0.876700 
0.877000 
0.877000 
0.877300 
0.877700 
0.878000 
0.878100 
0.878100 
0.878400 
0.879200 
0.879500 
0.879800 
0.880100 
0.880100 
0.880600 
0.881500 
0.881500 
0.881700 
0.882200 
0.882500 
0.882600 
0.883600 
0.883700 
0.884300 
0.884500 
0.884600 
0.884700 
0.884900 
0.885000 
0.885200 
0.885300 
0.886900 
0.887000 
0.887600 
0.888000 
0.888100 
0.888400 
0.888900 
0.889000 
0.890000 
0.890500 
0.891500 
0.891800 
0.892300 
0.892400 
0.892800 
0.893000 
0.893200 
0.893900 
0.894500 
0.894500 
0.895000 
0.895900 
0.896400 
0.897000 
0.898300 
0.899500 
0.899900 
0.900000 
0.900500 
0.901000 
0.901700 
0.902100 
0.902200 
0.902400 
0.903400 
0.903800 
0.904100 
0.904200 
0.904300 
0.905100 
0.905500 
0.905900 
0.906200 
0.907000 
0.908200 
0.908600 
0.908700 
0.908900 
0.908900 
0.909400 
0.909500 
0.910000 
0.910500 
0.911400 
0.911600 
0.912200 
0.913100 
0.913200 
0.913300 
0.913700 
0.913900 
0.914300 
0.915000 
0.915100 
0.915300 
0.915400 
0.915400 
0.915600 
0.915700 
0.916800 
0.917300 
0.917400 
0.918400 
0.918600 
0.918800 
0.919000 
0.919400 
0.919400 
0.920600 
0.921300 
0.921700 
0.922000 
0.922200 
0.922500 
0.923300 
0.923600 
0.925300 
0.926100 
0.926300 
0.926600 
0.926800 
0.926800 
0.926900 
0.927600 
0.927800 
0.928100 
0.929600 
0.929800 
0.930100 
0.930200 
0.930900 
0.931900 
0.932400 
0.932400 
0.932500 
0.932700 
0.932800 
0.932800 
0.933500 
0.934400 
0.934800 
0.934900 
0.935200 
0.935300 
0.936000 
0.936600 
0.936900 
0.936900 
0.937000 
0.938300 
0.940100 
0.941100 
0.941100 
0.942200 
0.942300 
0.942500 
0.943000 
0.944300 
0.944300 
0.944400 
0.945400 
0.945400 
0.945500 
0.946300 
0.946400 
0.946700 
0.947900 
0.948100 
0.948300 
0.949100 
0.950200 
0.951000 
0.951700 
0.953100 
0.953600 
0.953800 
0.954000 
0.954100 
0.954600 
0.955400 
0.955500 
0.956000 
0.956000 
0.956200 
0.957300 
0.957400 
0.958900 
0.959200 
0.959700 
0.959700 
0.960000 
0.960200 
0.960700 
0.961100 
0.961800 
0.961900 
0.961900 
0.962100 
0.962300 
0.962500 
0.963300 
0.963700 
0.964300 
0.964700 
0.964800 
0.965000 
0.965200 
0.965500 
0.965600 
0.966000 
0.967600 
0.968600 
0.968600 
0.968900 
0.969000 
0.970400 
0.970800 
0.970800 
0.971100 
0.973100 
0.973500 
0.973800 
0.973800 
0.974200 
0.974700 
0.975200 
0.975900 
0.975900 
0.976600 
0.976600 
0.977700 
0.978000 
0.978200 
0.978300 
0.978300 
0.978700 
0.979000 
0.979200 
0.980300 
0.980900 
0.981000 
0.981500 
0.981600 
0.981600 
0.982000 
0.982000 
0.982300 
0.982600 
0.982700 
0.984300 
0.984700 
0.984900 
0.985900 
0.986200 
0.986300 
0.986700 
0.986900 
0.987000 
0.987500 
0.988500 
0.988600 
0.990200 
0.990900 
0.991100 
0.992000 
0.992300 
0.993400 
0.995300 
0.996000 
0.996000 
0.996400 
0.996600 
0.996800 
0.997100 
0.997500 
0.997600 
0.997800 
0.999000 
0.999100 
0.999500 
1.000300 
1.000400 
1.000400 
1.000500 
1.000600 
1.000700 
1.002400 
1.002900 
1.004500 
1.005200 
1.005300 
1.006300 
1.008700 
1.008700 
1.009300 
1.009400 
1.009700 
1.010400 
1.010800 
1.011000 
1.011000 
1.012100 
1.012800 
1.013300 
1.013800 
1.013800 
1.013900 
1.014100 
1.014700 
1.015200 
1.016500 
1.016800 
1.017600 
1.019900 
1.020500 
1.020500 
1.022800 
1.023100 
1.023500 
1.024500 
1.024500 
1.024600 
1.024700 
1.026300 
1.026300 
1.026400 
1.026700 
1.026900 
1.027200 
1.027300 
1.027600 
1.028000 
1.028400 
1.028600 
1.029300 
1.029600 
1.030200 
1.031000 
1.031700 
1.033300 
1.033400 
1.034200 
1.034400 
1.034500 
1.034600 
1.034900 
1.034900 
1.035200 
1.035300 
1.036800 
1.036800 
1.036900 
1.037200 
1.037500 
1.037500 
1.037800 
1.037900 
1.038200 
1.038800 
1.040300 
1.042700 
1.042800 
1.043000 
1.043300 
1.044100 
1.044300 
1.046100 
1.046700 
1.047400 
1.047500 
1.048000 
1.048300 
1.048400 
1.048600 
1.048600 
1.049000 
1.049400 
1.049500 
1.050300 
1.051700 
1.052400 
1.052500 
1.052600 
1.053000 
1.053000 
1.053400 
1.053400 
1.053900 
1.054500 
1.055100 
1.055200 
1.055600 
1.055700 
1.056400 
1.056400 
1.057900 
1.058200 
1.058700 
1.058800 
1.058900 
1.060100 
1.060500 
1.060600 
1.060900 
1.061700 
1.062200 
1.062500 
1.062800 
1.063200 
1.063800 
1.064200 
1.064500 
1.064600 
1.064700 
1.064900 
1.064900 
1.065800 
1.066300 
1.067200 
1.068100 
1.068400 
1.068400 
1.068600 
1.069000 
1.069500 
1.069700 
1.070100 
1.070600 
1.071700 
1.072300 
1.072600 
1.073300 
1.073500 
1.073600 
1.073600 
1.073800 
1.073800 
1.074000 
1.074300 
1.074900 
1.075600 
1.076300 
1.077000 
1.077100 
1.078700 
1.078800 
1.079400 
1.080100 
1.080600 
1.080800 
1.081100 
1.083700 
1.084400 
1.084800 
1.084800 
1.084800 
1.085400 
1.085600 
1.086100 
1.086200 
1.086200 
1.086400 
1.086600 
1.087400 
1.087900 
1.088100 
1.088300 
1.089600 
1.089600 
1.089800 
1.090000 
1.090000 
1.090400 
1.090500 
1.091500 
1.091900 
1.092000 
1.092400 
1.092600 
1.092700 
1.096000 
1.096300 
1.096400 
1.096500 
1.097000 
1.097000 
1.097200 
1.098100 
1.098600 
1.098600 
1.099000 
1.099100 
1.099400 
1.099700 
1.100200 
1.100400 
1.100500 
1.101400 
1.101400 
1.101400 
1.102100 
1.102200 
1.105300 
1.105300 
1.105700 
1.105800 
1.106100 
1.106900 
1.107500 
1.108000 
1.109100 
1.110800 
1.111000 
1.111000 
1.111100 
1.111100 
1.111100 
1.111300 
1.111400 
1.111600 
1.111900 
1.112500 
1.112900 
1.113500 
1.114100 
1.114200 
1.114400 
1.114700 
1.115700 
1.115900 
1.116700 
1.116900 
1.117300 
1.117600 
1.118300 
1.119800 
1.120600 
1.120800 
1.121100 
1.121400 
1.124000 
1.124300 
1.124700 
1.125000 
1.125900 
1.126100 
1.127100 
1.127300 
1.128300 
1.129000 
1.129200 
1.129700 
1.130600 
1.131200 
1.133700 
1.133700 
1.133800 
1.134000 
1.134300 
1.134400 
1.134400 
1.134900 
1.135100 
1.135200 
1.135700 
1.136300 
1.136500 
1.137700 
1.137700 
1.138200 
1.138500 
1.138900 
1.139100 
1.139500 
1.139700 
1.140100 
1.140200 
1.140600 
1.140800 
1.141800 
1.141800 
1.142000 
1.142000 
1.142200 
1.143100 
1.143600 
1.144600 
1.145300 
1.145500 
1.147300 
1.147300 
1.147900 
1.148100 
1.149000 
1.149400 
1.149600 
1.150100 
1.150500 
1.151300 
1.151400 
1.151800 
1.151800 
1.152200 
1.152700 
1.152800 
1.152900 
1.153600 
1.154000 
1.154200 
1.155800 
1.156100 
1.156200 
1.156200 
1.156400 
1.156900 
1.157000 
1.157200 
1.157300 
1.157900 
1.159000 
1.159400 
1.159900 
1.160100 
1.160500 
1.160500 
1.160600 
1.160900 
1.160900 
1.161400 
1.161500 
1.163900 
1.164500 
1.165600 
1.165700 
1.165700 
1.166400 
1.166900 
1.167100 
1.167400 
1.168000 
1.168100 
1.168200 
1.168800 
1.168900 
1.169000 
1.169800 
1.170200 
1.170900 
1.170900 
1.171000 
1.171100 
1.171200 
1.171500 
1.173500 
1.174200 
1.175800 
1.176000 
1.176000 
1.176300 
1.176300 
1.176500 
1.176500 
1.176900 
1.177400 
1.177600 
1.178100 
1.178300 
1.179200 
1.180000 
1.180700 
1.183100 
1.183500 
1.183500 
1.183600 
1.183800 
1.185300 
1.186300 
1.186800 
1.187200 
1.187900 
1.188300 
1.188400 
1.189900 
1.189900 
1.190500 
1.190600 
1.190800 
1.190900 
1.191100 
1.191500 
1.191600 
1.192500 
1.192900 
1.193300 
1.194200 
1.194400 
1.194600 
1.195200 
1.195900 
1.196800 
1.197000 
1.200700 
1.201100 
1.201900 
1.201900 
1.202100 
1.202700 
1.203100 
1.203600 
1.203800 
1.204200 
1.204500 
1.204800 
1.204800 
1.204900 
1.204900 
1.205100 
1.205400 
1.205900 
1.206400 
1.206800 
1.207300 
1.207600 
1.208100 
1.208400 
1.208900 
1.209900 
1.210500 
1.210700 
1.210800 
1.211500 
1.213100 
1.213100 
1.214500 
1.214700 
1.215000 
1.215300 
1.215400 
1.215500 
1.215700 
1.216100 
1.216600 
1.216900 
1.217100 
1.217400 
1.218300 
1.218400 
1.219100 
1.220200 
1.220300 
1.221100 
1.221100 
1.221100 
1.221900 
1.222100 
1.222800 
1.222800 
1.222900 
1.223000 
1.223300 
1.223600 
1.224200 
1.224400 
1.224500 
1.225400 
1.227400 
1.228000 
1.229600 
1.229700 
1.229700 
1.230600 
1.231600 
1.231800 
1.232000 
1.232900 
1.233000 
1.233100 
1.233800 
1.234000 
1.234800 
1.234900 
1.235300 
1.236100 
1.236500 
1.237200 
1.237500 
1.238300 
1.238800 
1.239000 
1.239000 
1.239000 
1.239100 
1.239300 
1.239400 
1.239900 
1.240200 
1.240900 
1.241100 
1.241100 
1.241200 
1.242500 
1.242600 
1.243300 
1.243600 
1.245300 
1.245400 
1.245500 
1.246100 
1.246200 
1.246700 
1.246900 
1.247100 
1.247300 
1.247700 
1.247800 
1.248000 
1.248400 
1.248800 
1.248900 
1.248900 
1.248900 
1.249300 
1.249800 
1.250400 
1.250600 
1.251200 
1.251400 
1.251600 
1.252700 
1.252800 
1.254300 
1.254500 
1.254700 
1.255200 
1.255500 
1.255800 
1.257300 
1.257400 
1.258500 
1.258700 
1.261800 
1.264200 
1.264300 
1.265300 
1.265600 
1.266200 
1.266700 
1.266800 
1.267400 
1.269000 
1.269300 
1.269700 
1.270200 
1.270500 
1.270900 
1.271800 
1.271900 
1.272100 
1.272600 
1.273200 
1.273900 
1.274600 
1.274600 
1.275400 
1.276000 
1.277400 
1.277700 
1.278000 
1.279400 
1.279600 
1.279900 
1.280300 
1.280700 
1.280800 
1.281000 
1.281300 
1.281500 
1.281600 
1.281600 
1.282300 
1.282300 
1.282400 
1.282500 
1.282600 
1.283300 
1.283900 
1.284800 
1.287100 
1.287200 
1.287500 
1.288900 
1.288900 
1.290100 
1.290600 
1.290600 
1.291400 
1.291600 
1.291800 
1.292000 
1.292500 
1.293100 
1.293200 
1.293500 
1.294800 
1.295800 
1.296100 
1.297400 
1.298500 
1.299800 
1.299900 
1.300700 
1.301900 
1.302300 
1.302800 
1.302900 
1.303100 
1.303200 
1.303600 
1.304500 
1.305000 
1.305100 
1.305100 
1.305200 
1.305500 
1.306100 
1.306300 
1.306600 
1.307400 
1.307500 
1.307800 
1.308400 
1.308600 
1.309400 
1.310200 
1.310500 
1.311000 
1.311700 
1.312100 
1.312200 
1.312400 
1.313700 
1.315700 
1.315900 
1.316300 
1.318700 
1.319400 
1.320000 
1.320700 
1.321400 
1.321700 
1.321800 
1.321900 
1.322100 
1.322200 
1.322400 
1.322700 
1.323000 
1.323600 
1.323900 
1.324000 
1.327100 
1.327800 
1.328800 
1.328800 
1.329500 
1.330700 
1.331000 
1.331400 
1.331900 
1.332400 
1.332500 
1.332900 
1.334200 
1.335700 
1.335800 
1.335900 
1.336300 
1.336600 
1.337100 
1.337600 
1.337600 
1.338900 
1.339400 
1.339500 
1.339500 
1.340300 
1.340600 
1.341700 
1.342200 
1.342200 
1.342300 
1.342300 
1.344600 
1.344800 
1.345100 
1.346200 
1.346400 
1.347300 
1.347400 
1.347800 
1.349100 
1.349300 
1.349700 
1.349900 
1.350600 
1.351700 
1.354200 
1.354200 
1.354300 
1.354300 
1.354700 
1.354800 
1.355800 
1.356000 
1.356100 
1.356800 
1.356900 
1.357000 
1.357000 
1.357000 
1.357700 
1.357800 
1.358200 
1.358800 
1.359000 
1.359400 
1.360600 
1.361100 
1.361400 
1.362500 
1.362500 
1.362700 
1.364100 
1.365000 
1.365200 
1.366300 
1.366500 
1.367000 
1.367200 
1.367500 
1.367900 
1.368200 
1.368500 
1.369000 
1.369100 
1.370000 
1.370100 
1.370900 
1.371000 
1.371100 
1.371200 
1.371900 
1.372800 
1.373200 
1.373500 
1.373600 
1.373700 
1.373700 
1.374800 
1.374900 
1.375300 
1.375400 
1.376000 
1.376200 
1.376200 
1.376300 
1.377400 
1.381400 
1.381800 
1.382200 
1.382200 
1.383100 
1.383600 
1.384600 
1.384600 
1.385200 
1.385900 
1.386500 
1.386500 
1.387600 
1.387800 
1.388100 
1.388400 
1.389100 
1.389700 
1.390300 
1.390500 
1.391200 
1.391200 
1.391500 
1.392000 
1.392000 
1.392000 
1.393600 
1.394000 
1.394300 
1.394500 
1.394500 
1.394600 
1.395500 
1.395800 
1.396900 
1.397000 
1.398600 
1.399700 
1.400100 
1.401000 
1.401600 
1.402100 
1.403100 
1.404200 
1.404300 
1.404600 
1.405000 
1.405500 
1.407900 
1.408600 
1.409800 
1.409800 
1.409800 
1.410100 
1.410400 
1.410900 
1.411400 
1.412100 
1.413600 
1.414000 
1.414200 
1.414400 
1.415000 
1.415200 
1.416000 
1.416300 
1.416500 
1.416800 
1.418400 
1.419300 
1.419400 
1.420100 
1.420300 
1.420600 
1.420600 
1.421000 
1.421300 
1.421500 
1.421800 
1.422100 
1.422300 
1.422900 
1.422900 
1.423300 
1.423300 
1.423300 
1.424000 
1.424200 
1.426800 
1.427400 
1.427500 
1.427600 
1.428000 
1.428400 
1.428700 
1.429600 
1.429600 
1.430100 
1.432400 
1.432800 
1.432800 
1.433100 
1.434900 
1.435100 
1.435400 
1.436600 
1.436900 
1.437200 
1.438400 
1.439300 
1.440000 
1.440200 
1.440200 
1.440500 
1.440500 
1.440700 
1.440900 
1.440900 
1.441000 
1.441400 
1.442000 
1.443500 
1.444800 
1.445000 
1.445100 
1.445800 
1.446000 
1.446200 
1.446300 
1.449100 
1.449300 
1.450200 
1.450300 
1.451500 
1.453200 
1.453300 
1.453300 
1.453500 
1.453500 
1.453800 
1.454500 
1.454600 
1.454800 
1.454900 
1.455000 
1.455000 
1.455200 
1.455300 
1.455600 
1.455600 
1.455700 
1.455800 
1.456200 
1.456900 
1.458100 
1.458500 
1.458900 
1.458900 
1.459300 
1.459600 
1.461200 
1.462200 
1.462600 
1.462800 
1.463000 
1.463200 
1.463300 
1.463900 
1.464300 
1.464600 
1.464900 
1.465900 
1.465900 
1.466100 
1.466400 
1.466600 
1.466800 
1.467800 
1.468200 
1.468500 
1.468700 
1.470000 
1.471700 
1.473000 
1.473300 
1.473900 
1.474900 
1.474900 
1.476100 
1.476200 
1.476200 
1.476700 
1.477900 
1.478100 
1.478300 
1.478400 
1.478500 
1.479300 
1.479500 
1.479800 
1.480000 
1.482000 
1.482600 
1.482700 
1.482700 
1.482800 
1.483700 
1.484000 
1.484200 
1.484200 
1.485300 
1.485700 
1.486300 
1.486500 
1.488700 
1.489800 
1.490200 
1.490900 
1.490900 
1.491800 
1.492000 
1.492000 
1.492000 
1.493600 
1.494300 
1.495000 
1.495200 
1.495500 
1.496100 
1.496100 
1.496500 
1.496900 
1.497600 
1.498100 
1.498300 
1.498300 
1.498900 
1.499000 
1.499100 
1.499200 
1.499500 
1.499700 
1.499800 
1.500000 
1.500500 
1.501000 
1.501400 
1.501600 
1.501600 
1.502100 
1.502400 
1.502500 
1.503900 
1.504000 
1.504300 
1.506100 
1.506700 
1.507200 
1.507800 
1.508100 
1.508200 
1.508300 
1.508900 
1.509100 
1.509100 
1.509400 
1.511200 
1.511300 
1.511800 
1.512700 
1.513200 
1.513800 
1.514400 
1.515900 
1.516000 
1.516400 
1.517100 
1.517600 
1.517600 
1.517700 
1.517700 
1.518000 
1.518300 
1.518300 
1.518600 
1.520000 
1.520200 
1.520600 
1.521100 
1.521200 
1.522700 
1.523000 
1.523200 
1.523400 
1.523700 
1.524100 
1.524600 
1.525100 
1.525300 
1.525400 
1.525600 
1.526700 
1.526700 
1.526900 
1.527000 
1.527200 
1.528900 
1.529400 
1.531700 
1.532000 
1.532100 
1.532800 
1.532900 
1.533100 
1.533100 
1.533700 
1.533800 
1.534800 
1.535000 
1.536900 
1.537000 
1.537000 
1.537200 
1.537300 
1.537900 
1.538200 
1.538300 
1.538700 
1.538800 
1.539200 
1.539700 
1.541300 
1.541500 
1.541500 
1.541800 
1.542200 
1.542700 
1.542800 
1.542900 
1.543400 
1.543400 
1.543500 
1.543800 
1.544000 
1.544000 
1.544200 
1.544400 
1.544400 
1.544600 
1.546000 
1.546500 
1.546800 
1.547100 
1.548500 
1.549300 
1.549400 
1.549400 
1.549500 
1.549700 
1.550500 
1.551000 
1.551200 
1.551600 
1.551600 
1.552400 
1.553100 
1.553300 
1.553800 
1.553900 
1.553900 
1.554100 
1.554400 
1.555500 
1.555800 
1.556500 
1.557100 
1.558400 
1.558500 
1.559000 
1.559500 
1.560600 
1.562000 
1.562100 
1.562400 
1.564000 
1.564200 
1.564200 
1.564700 
1.564700 
1.564900 
1.565000 
1.565000 
1.565100 
1.565200 
1.567100 
1.567200 
1.567700 
1.568900 
1.570400 
1.570600 
1.571200 
1.572600 
1.572900 
1.572900 
1.573200 
1.574600 
1.576300 
1.577000 
1.577700 
1.578000 
1.579100 
1.579300 
1.579500 
1.579900 
1.579900 
1.580400 
1.580400 
1.580500 
1.580700 
1.580800 
1.580800 
1.581200 
1.581700 
1.582300 
1.582600 
1.582600 
1.583000 
1.583200 
1.583300 
1.583900 
1.584300 
1.585700 
1.587000 
1.587200 
1.588600 
1.588600 
1.588800 
1.588900 
1.588900 
1.589200 
1.589200 
1.589400 
1.589800 
1.589900 
1.589900 
1.590300 
1.590600 
1.591800 
1.592100 
1.592800 
1.592900 
1.594000 
1.594600 
1.595000 
1.596500 
1.596500 
1.597300 
1.597500 
1.598000 
1.599000 
1.599900 
1.601200 
1.602300 
1.602300 
1.602500 
1.603000 
1.603200 
1.603300 
1.603700 
1.603800 
1.604800 
1.605300 
1.605600 
1.605600 
1.606100 
1.606500 
1.606800 
1.606900 
1.607000 
1.607100 
1.607200 
1.607700 
1.607800 
1.609700 
1.610200 
1.610600 
1.611100 
1.611700 
1.612200 
1.612700 
1.612800 
1.612900 
1.613000 
1.613700 
1.614000 
1.615900 
1.616800 
1.617200 
1.618000 
1.618100 
1.618400 
1.618500 
1.619000 
1.619400 
1.620000 
1.620100 
1.620600 
1.620600 
1.620700 
1.620900 
1.622000 
1.623000 
1.623400 
1.623400 
1.624600 
1.624800 
1.624900 
1.625000 
1.625600 
1.625700 
1.625800 
1.626200 
1.627200 
1.627600 
1.627600 
1.627800 
1.627900 
1.628300 
1.628300 
1.631000 
1.631100 
1.631300 
1.631500 
1.632300 
1.632400 
1.633600 
1.634000 
1.634300 
1.634800 
1.635100 
1.635900 
1.636000 
1.636300 
1.636400 
1.636800 
1.636900 
1.637800 
1.638300 
1.638600 
1.638800 
1.639200 
1.639200 
1.639400 
1.639800 
1.641200 
1.641200 
1.641500 
1.641800 
1.641900 
1.642000 
1.642100 
1.642200 
1.643200 
1.643500 
1.643600 
1.643900 
1.643900 
1.644200 
1.644300 
1.645700 
1.646200 
1.646600 
1.646800 
1.647300 
1.647700 
1.649600 
1.650300 
1.651000 
1.651400 
1.652200 
1.652600 
1.652600 
1.653300 
1.653600 
1.653800 
1.654000 
1.654200 
1.654500 
1.654500 
1.654500 
1.654800 
1.656000 
1.656500 
1.656900 
1.657400 
1.659100 
1.659500 
1.659600 
1.659600 
1.659700 
1.659800 
1.659800 
1.660100 
1.660900 
1.661700 
1.661800 
1.661900 
1.662500 
1.663000 
1.663400 
1.664000 
1.665400 
1.665600 
1.666300 
1.666300 
1.666400 
1.666400 
1.667100 
1.667600 
1.668400 
1.668500 
1.668800 
1.668800 
1.668800 
1.669000 
1.669200 
1.669900 
1.670200 
1.670700 
1.671000 
1.671300 
1.671300 
1.671400 
1.671600 
1.673400 
1.673500 
1.674200 
1.674400 
1.674900 
1.675300 
1.675400 
1.675700 
1.676800 
1.677500 
1.677800 
1.678300 
1.679900 
1.680200 
1.680900 
1.681100 
1.682500 
1.683200 
1.683500 
1.683500 
1.683700 
1.685300 
1.685300 
1.687100 
1.687400 
1.687400 
1.687500 
1.687800 
1.688400 
1.688600 
1.688800 
1.688800 
1.689300 
1.689300 
1.689700 
1.690100 
1.690400 
1.690500 
1.690600 
1.690700 
1.691000 
1.691300 
1.691900 
1.693600 
1.693900 
1.694500 
1.694600 
1.695200 
1.695400 
1.695900 
1.696300 
1.696700 
1.697000 
1.697100 
1.697100 
1.697300 
1.698300 
1.698700 
1.700100 
1.701000 
1.701000 
1.701100 
1.701100 
1.702000 
1.702900 
1.703000 
1.703300 
1.704500 
1.706000 
1.708000 
1.708700 
1.708900 
1.709700 
1.710100 
1.710100 
1.711000 
1.711100 
1.711100 
1.711800 
1.711800 
1.712100 
1.712200 
1.712200 
1.712400 
1.713000 
1.713400 
1.713400 
1.714500 
1.714500 
1.715000 
1.715100 
1.715200 
1.716300 
1.717300 
1.717800 
1.718200 
1.718400 
1.718500 
1.719500 
1.720100 
1.720300 
1.720400 
1.721000 
1.721400 
1.721900 
1.723200 
1.723500 
1.723700 
1.725000 
1.725300 
1.725800 
1.726000 
1.726100 
1.727200 
1.727300 
1.727500 
1.727700 
1.727800 
1.727800 
1.728400 
1.729000 
1.730200 
1.730400 
1.730500 
1.730500 
1.730700 
1.731100 
1.731400 
1.731400 
1.731400 
1.731500 
1.732600 
1.732800 
1.732900 
1.733000 
1.733100 
1.733100 
1.733400 
1.733800 
1.734000 
1.734800 
1.735300 
1.736000 
1.736100 
1.736700 
1.736800 
1.737100 
1.737300 
1.737500 
1.737900 
1.739000 
1.740300 
1.740700 
1.740900 
1.741300 
1.743100 
1.744300 
1.745000 
1.745200 
1.745800 
1.746400 
1.746600 
1.746700 
1.746700 
1.747100 
1.749100 
1.749300 
1.751900 
1.752400 
1.752700 
1.752700 
1.753100 
1.753100 
1.753200 
1.753700 
1.754100 
1.754600 
1.755000 
1.755500 
1.755900 
1.758800 
1.759300 
1.759600 
1.760000 
1.760100 
1.760400 
1.760600 
1.761100 
1.761400 
1.762100 
1.762700 
1.762800 
1.763600 
1.763800 
1.764000 
1.764300 
1.764900 
1.765200 
1.765400 
1.766200 
1.766800 
1.767500 
1.768500 
1.768600 
1.769100 
1.769400 
1.769500 
1.771300 
1.771300 
1.772400 
1.772600 
1.772800 
1.772800 
1.773000 
1.773100 
1.773200 
1.773700 
1.774800 
1.775400 
1.775400 
1.776000 
1.777700 
1.779000 
1.779800 
1.779900 
1.780000 
1.780400 
1.780900 
1.781000 
1.781300 
1.782000 
1.783000 
1.783200 
1.784600 
1.785300 
1.785800 
1.786100 
1.787700 
1.788000 
1.788100 
1.788600 
1.788700 
1.788700 
1.788900 
1.789000 
1.790100 
1.790200 
1.790900 
1.791700 
1.792400 
1.792400 
1.792500 
1.793000 
1.793100 
1.793300 
1.793700 
1.794000 
1.794200 
1.794500 
1.794900 
1.795100 
1.796500 
1.796600 
1.797000 
1.797200 
1.798700 
1.799000 
1.799200 
1.800500 
1.800600 
1.800800 
1.801000 
1.801300 
1.801600 
1.801800 
1.802200 
1.803500 
1.803700 
1.805800 
1.806000 
1.806500 
1.806700 
1.806800 
1.807700 
1.807800 
1.808000 
1.808000 
1.808300 
1.808600 
1.811000 
1.811100 
1.811400 
1.811800 
1.812600 
1.812800 
1.813100 
1.813200 
1.813200 
1.813200 
1.814100 
1.815000 
1.815800 
1.817400 
1.818200 
1.818400 
1.818600 
1.819300 
1.819800 
1.820000 
1.820200 
1.821100 
1.821200 
1.821200 
1.822000 
1.822400 
1.822800 
1.822900 
1.823100 
1.823500 
1.823700 
1.824500 
1.825000 
1.825100 
1.825400 
1.826400 
1.827400 
1.828500 
1.828600 
1.828700 
1.829000 
1.829500 
1.830000 
1.830100 
1.830700 
1.830700 
1.831200 
1.831400 
1.831500 
1.831700 
1.832000 
1.832100 
1.832500 
1.833500 
1.833700 
1.834100 
1.834600 
1.834700 
1.835000 
1.835300 
1.835600 
1.836300 
1.836400 
1.836500 
1.836800 
1.837000 
1.837300 
1.838200 
1.840600 
1.840800 
1.841300 
1.841500 
1.842200 
1.843500 
1.844000 
1.844100 
1.844200 
1.845000 
1.845000 
1.845300 
1.845600 
1.845900 
1.846400 
1.846600 
1.846700 
1.847300 
1.847900 
1.848800 
1.849200 
1.849800 
1.851500 
1.852100 
1.852500 
1.852800 
1.852900 
1.853000 
1.853400 
1.854200 
1.855000 
1.855100 
1.855300 
1.855400 
1.855500 
1.856600 
1.856800 
1.856900 
1.857300 
1.857400 
1.858200 
1.858400 
1.859000 
1.859400 
1.859400 
1.859600 
1.859700 
1.859900 
1.860300 
1.860800 
1.860800 
1.861200 
1.862400 
1.862500 
1.862600 
1.862700 
1.862900 
1.863100 
1.863100 
1.863200 
1.863200 
1.863500 
1.864000 
1.864100 
1.864300 
1.864600 
1.866900 
1.867100 
1.867800 
1.869500 
1.869500 
1.870200 
1.870900 
1.871100 
1.871400 
1.871400 
1.871400 
1.871500 
1.872000 
1.872300 
1.872700 
1.873700 
1.873700 
1.873700 
1.874000 
1.874200 
1.875200 
1.875600 
1.875700 
1.876900 
1.877000 
1.877200 
1.877600 
1.877600 
1.879000 
1.879500 
1.880000 
1.882300 
1.882400 
1.882900 
1.882900 
1.883600 
1.884100 
1.884400 
1.884600 
1.885300 
1.885900 
1.887200 
1.887600 
1.888500 
1.888500 
1.888600 
1.888600 
1.889100 
1.889500 
1.889600 
1.890500 
1.891200 
1.891800 
1.891800 
1.891900 
1.892500 
1.893600 
1.894000 
1.895400 
1.896400 
1.896500 
1.897400 
1.898700 
1.899000 
1.899400 
1.899600 
1.899800 
1.899800 
1.899900 
1.899900 
1.901300 
1.901700 
1.901900 
1.904000 
1.904300 
1.904700 
1.904900 
1.905500 
1.905500 
1.905600 
1.906100 
1.906800 
1.906900 
1.907800 
1.908300 
1.908300 
1.908400 
1.909100 
1.909300 
1.910200 
1.912200 
1.912200 
1.912500 
1.912700 
1.912700 
1.913300 
1.913400 
1.913800 
1.913800 
1.914100 
1.914800 
1.914800 
1.914900 
1.914900 
1.914900 
1.916000 
1.916600 
1.917100 
1.918500 
1.918600 
1.918600 
1.918700 
1.919000 
1.919400 
1.919800 
1.919800 
1.921100 
1.921700 
1.923100 
1.923100 
1.923600 
1.924800 
1.926000 
1.926100 
1.926100 
1.926300 
1.926400 
1.926600 
1.926800 
1.926800 
1.927100 
1.927600 
1.929100 
1.929500 
1.929800 
1.929900 
1.931500 
1.931800 
1.931900 
1.932200 
1.932300 
1.932600 
1.933000 
1.933100 
1.935000 
1.935600 
1.936200 
1.937300 
1.937400 
1.939400 
1.940000 
1.940500 
1.940500 
1.940600 
1.942800 
1.943000 
1.943300 
1.943500 
1.944500 
1.944600 
1.944800 
1.945200 
1.945900 
1.946400 
1.948000 
1.948000 
1.948200 
1.949100 
1.949200 
1.949300 
1.949600 
1.949700 
1.950800 
1.950800 
1.951700 
1.951900 
1.952400 
1.953600 
1.953700 
1.954500 
1.954800 
1.955500 
1.955500 
1.955800 
1.956200 
1.956600 
1.956700 
1.957000 
1.957100 
1.957300 
1.957700 
1.958200 
1.958600 
1.959700 
1.959800 
1.960100 
1.961300 
1.961700 
1.962000 
1.962400 
1.963400 
1.964200 
1.964300 
1.964800 
1.965200 
1.965700 
1.966000 
1.966200 
1.966400 
1.966600 
1.968000 
1.968600 
1.968800 
1.969200 
1.969500 
1.969600 
1.970000 
1.970000 
1.970200 
1.970200 
1.970900 
1.972000 
1.973400 
1.973700 
1.973700 
1.974100 
1.974400 
1.974900 
1.975600 
1.976900 
1.977100 
1.977700 
1.977700 
1.977800 
1.978500 
1.978900 
1.979100 
1.979700 
1.980700 
1.981100 
1.981400 
1.981400 
1.981800 
1.982400 
1.982600 
1.983000 
1.983800 
1.983900 
1.984200 
1.984200 
1.984700 
1.985200 
1.985800 
1.987600 
1.988300 
1.988400 
1.988500 
1.988800 
1.989900 
1.990500 
1.990700 
1.991200 
1.991800 
1.992100 
1.992300 
1.992600 
1.992700 
1.992900 
1.994700 
1.995200 
1.995400 
1.996400 
1.996500 
1.996600 
1.996700 
1.998200 
1.998300 
1.999100 
1.999600 
1.999700 
2.000300 
2.000900 
2.001200 
2.001600 
2.001700 
2.001900 
2.002000 
2.002800 
2.003600 
2.003800 
2.004800 
2.005700 
2.006200 
2.006300 
2.006300 
2.007400 
2.007500 
2.008800 
2.008900 
2.009600 
2.009900 
2.010300 
2.010400 
2.010600 
2.011100 
2.011700 
2.012200 
2.013000 
2.013300 
2.014600 
2.015200 
2.015500 
2.015700 
2.017400 
2.017600 
2.018200 
2.018200 
2.019100 
2.019100 
2.019900 
2.020200 
2.020300 
2.020900 
2.021900 
2.022000 
2.022300 
2.022400 
2.022500 
2.023800 
2.024700 
2.024700 
2.025300 
2.025400 
2.025700 
2.025700 
2.025900 
2.027200 
2.027300 
2.027600 
2.028500 
2.028800 
2.029100 
2.029300 
2.029500 
2.029700 
2.030200 
2.030800 
2.031300 
2.032200 
2.032300 
2.032500 
2.032500 
2.032600 
2.032900 
2.033000 
2.034400 
2.034400 
2.034500 
2.034800 
2.034800 
2.035600 
2.035700 
2.036300 
2.037500 
2.038000 
2.038800 
2.039400 
2.039700 
2.039900 
2.041000 
2.041300 
2.041300 
2.041900 
2.042600 
2.043100 
2.043200 
2.043700 
2.043900 
2.043900 
2.044000 
2.044400 
2.044400 
2.045500 
2.045500 
2.045800 
2.046800 
2.047200 
2.047800 
2.048600 
2.048900 
2.049400 
2.049500 
2.049600 
2.049600 
2.049700 
2.050600 
2.050700 
2.051800 
2.052000 
2.052800 
2.053500 
2.054100 
2.054600 
2.054600 
2.054800 
2.055200 
2.055800 
2.056300 
2.056600 
2.057000 
2.057100 
2.057800 
2.058400 
2.058600 
2.058600 
2.058700 
2.059300 
2.059700 
2.060300 
2.060300 
2.060700 
2.060800 
2.061000 
2.061200 
2.061600 
2.062300 
2.063200 
2.064500 
2.065400 
2.066100 
2.066100 
2.066500 
2.066600 
2.067300 
2.067600 
2.067600 
2.068700 
2.068900 
2.069600 
2.070100 
2.070700 
2.070900 
2.071500 
2.072400 
2.074300 
2.074500 
2.074700 
2.075200 
2.075200 
2.075600 
2.076300 
2.077000 
2.077400 
2.078200 
2.078400 
2.078500 
2.078900 
2.079300 
2.079300 
2.080200 
2.080500 
2.080600 
2.080600 
2.081100 
2.081500 
2.081700 
2.082700 
2.083400 
2.084600 
2.085400 
2.085500 
2.085800 
2.086400 
2.086400 
2.087000 
2.087100 
2.087900 
2.089000 
2.089000 
2.089200 
2.089400 
2.089700 
2.089900 
2.089900 
2.090200 
2.091200 
2.093100 
2.093100 
2.094800 
2.095100 
2.095300 
2.096100 
2.096500 
2.096700 
2.096900 
2.097500 
2.097700 
2.097900 
2.098000 
2.098700 
2.098700 
2.098800 
2.099400 
2.099400 
2.099700 
2.100200 
2.100400 
2.100500 
2.101900 
2.102500 
2.103100 
2.104300 
2.104800 
2.105400 
2.105700 
2.106600 
2.108300 
2.108500 
2.109000 
2.109800 
2.109900 
2.110400 
2.111500 
2.111700 
2.112400 
2.112600 
2.113300 
2.113600 
2.113600 
2.113800 
2.114000 
2.114000 
2.114100 
2.115500 
2.116200 
2.116300 
2.116600 
2.117100 
2.117200 
2.117200 
2.117800 
2.118800 
2.119100 
2.119300 
2.119500 
2.121100 
2.121100 
2.121100 
2.121100 
2.121300 
2.121600 
2.122700 
2.122900 
2.124200 
2.125800 
2.127100 
2.128200 
2.128200 
2.128200 
2.128700 
2.129300 
2.129400 
2.129700 
2.129700 
2.130100 
2.130400 
2.130400 
2.130900 
2.130900 
2.131900 
2.132700 
2.133300 
2.133900 
2.134500 
2.134900 
2.135900 
2.136200 
2.136200 
2.136300 
2.137000 
2.137300 
2.137700 
2.137800 
2.138200 
2.138600 
2.138900 
2.139100 
2.140400 
2.140700 
2.141400 
2.141800 
2.142400 
2.144200 
2.145100 
2.145300 
2.145400 
2.145700 
2.145900 
2.146000 
2.146100 
2.146100 
2.146200 
2.146900 
2.147000 
2.147100 
2.147700 
2.147900 
2.149200 
2.149200 
2.150000 
2.151000 
2.151500 
2.151600 
2.153200 
2.153400 
2.153800 
2.153900 
2.154500 
2.154700 
2.154700 
2.154700 
2.155000 
2.155200 
2.155700 
2.156100 
2.156800 
2.158200 
2.158400 
2.158400 
2.158700 
2.158800 
2.158800 
2.159000 
2.159800 
2.159900 
2.160000 
2.160200 
2.160600 
2.161300 
2.161800 
2.162000 
2.162000 
2.162300 
2.163300 
2.163800 
2.164200 
2.165600 
2.165900 
2.166600 
2.168800 
2.168900 
2.169500 
2.169600 
2.170000 
2.170800 
2.171000 
2.171100 
2.171400 
2.171800 
2.172200 
2.172300 
2.173000 
2.173200 
2.173900 
2.174000 
2.174100 
2.174500 
2.175100 
2.176200 
2.176800 
2.177000 
2.177700 
2.177900 
2.178200 
2.178600 
2.178900 
2.179600 
2.179800 
2.180500 
2.180600 
2.181800 
2.182000 
2.182100 
2.183100 
2.183400 
2.186000 
2.186400 
2.186400 
2.186500 
2.186700 
2.187100 
2.187200 
2.188700 
2.188700 
2.189300 
2.189500 
2.190900 
2.190900 
2.191600 
2.191700 
2.192300 
2.192800 
2.192900 
2.194000 
2.194900 
2.196100 
2.196900 
2.197100 
2.197400 
2.197700 
2.198400 
2.198900 
2.199500 
2.199700 
2.201200 
2.201300 
2.201900 
2.202300 
2.202400 
2.203100 
2.203200 
2.203700 
2.204300 
2.204300 
2.204600 
2.204900 
2.205200 
2.205400 
2.206000 
2.206100 
2.206200 
2.206300 
2.206600 
2.206700 
2.207100 
2.208300 
2.208700 
2.208700 
2.209300 
2.209400 
2.209500 
2.210600 
2.211000 
2.211100 
2.211200 
2.211400 
2.212000 
2.212100 
2.212300 
2.212400 
2.212500 
2.212800 
2.213000 
2.213400 
2.214300 
2.214800 
2.215500 
2.216100 
2.216500 
2.217200 
2.218500 
2.219000 
2.219100 
2.219600 
2.220400 
2.221000 
2.221000 
2.221600 
2.222000 
2.222400 
2.223100 
2.223400 
2.223800 
2.224600 
2.225500 
2.225800 
2.226800 
2.226800 
2.226800 
2.227400 
2.228100 
2.228800 
2.231200 
2.231500 
2.232700 
2.233100 
2.234200 
2.235000 
2.235400 
2.235500 
2.236100 
2.236700 
2.237000 
2.237100 
2.238000 
2.238500 
2.238700 
2.238800 
2.239800 
2.240600 
2.241200 
2.241200 
2.241300 
2.242000 
2.242400 
2.243600 
2.243700 
2.244100 
2.244300 
2.244300 
2.244300 
2.244400 
2.245600 
2.246200 
2.246600 
2.246600 
2.247600 
2.247700 
2.247900 
2.248600 
2.250500 
2.251400 
2.251900 
2.252000 
2.252100 
2.253100 
2.253400 
2.254100 
2.254900 
2.255000 
2.255200 
2.255700 
2.256000 
2.256400 
2.256900 
2.257100 
2.257200 
2.257600 
2.259900 
2.259900 
2.259900 
2.260200 
2.261100 
2.262100 
2.262200 
2.262600 
2.263000 
2.263200 
2.263300 
2.263900 
2.264700 
2.264800 
2.265000 
2.265100 
2.265600 
2.265800 
2.265900 
2.266200 
2.266700 
2.267100 
2.268200 
2.268300 
2.268400 
2.268700 
2.269200 
2.271000 
2.272100 
2.272200 
2.272600 
2.272600 
2.272800 
2.273600 
2.273700 
2.273700 
2.274300 
2.275400 
2.276100 
2.276900 
2.280500 
2.280500 
2.280800 
2.281100 
2.281600 
2.282100 
2.282700 
2.283200 
2.283600 
2.283700 
2.284500 
2.285700 
2.286400 
2.286600 
2.286700 
2.287100 
2.287200 
2.287300 
2.287700 
2.288000 
2.288100 
2.288600 
2.288700 
2.292100 
2.293000 
2.294000 
2.294100 
2.294400 
2.294400 
2.294500 
2.294600 
2.294800 
2.295800 
2.295800 
2.295800 
2.296400 
2.296700 
2.297300 
2.298100 
2.298300 
2.298300 
2.299400 
2.299500 
2.299700 
2.300900 
2.301100 
2.301700 
2.302100 
2.302200 
2.302700 
2.303500 
2.303600 
2.304100 
2.305000 
2.305100 
2.305300 
2.305300 
2.305700 
2.305800 
2.306000 
2.306600 
2.307000 
2.307100 
2.307300 
2.307400 
2.307400 
2.307800 
2.308200 
2.308200 
2.308700 
2.308700 
2.309300 
2.311900 
2.312200 
2.313200 
2.313400 
2.313700 
2.313800 
2.314300 
2.315000 
2.315400 
2.315600 
2.315800 
2.315900 
2.316500 
2.317000 
2.317900 
2.318800 
2.319000 
2.319000 
2.319800 
2.320200 
2.321100 
2.321300 
2.322100 
2.322700 
2.323100 
2.323100 
2.323100 
2.324000 
2.324100 
2.325100 
2.326300 
2.326500 
2.326800 
2.326900 
2.327100 
2.327100 
2.327200 
2.327700 
2.328400 
2.328800 
2.329000 
2.330000 
2.331300 
2.331600 
2.331800 
2.332600 
2.332900 
2.332900 
2.333500 
2.333600 
2.334000 
2.334500 
2.334500 
2.334600 
2.335200 
2.335900 
2.336900 
2.337100 
2.337800 
2.339400 
2.339700 
2.340000 
2.340400 
2.341200 
2.341300 
2.341400 
2.342700 
2.342800 
2.343000 
2.343500 
2.343600 
2.344600 
2.345900 
2.346600 
2.347400 
2.347700 
2.348100 
2.348200 
2.349000 
2.349600 
2.349600 
2.349700 
2.350000 
2.350700 
2.351700 
2.351800 
2.352000 
2.352300 
2.353000 
2.353600 
2.354500 
2.354500 
2.354600 
2.355800 
2.355800 
2.356800 
2.357100 
2.357200 
2.359200 
2.359600 
2.360300 
2.361100 
2.361200 
2.361300 
2.362600 
2.362700 
2.363500 
2.363900 
2.365200 
2.365300 
2.365900 
2.368400 
2.369400 
2.370700 
2.371100 
2.373300 
2.374500 
2.374600 
2.375800 
2.375900 
2.376200 
2.376700 
2.376900 
2.377800 
2.378300 
2.378400 
2.378400 
2.378500 
2.379200 
2.380000 
2.380600 
2.381000 
2.381200 
2.381700 
2.381900 
2.382100 
2.382200 
2.382400 
2.382600 
2.382800 
2.383300 
2.383500 
2.384000 
2.384900 
2.385000 
2.386600 
2.387000 
2.389600 
2.389800 
2.390200 
2.390200 
2.390700 
2.390700 
2.390800 
2.391000 
2.391100 
2.391500 
2.392400 
2.392700 
2.393000 
2.393400 
2.393800 
2.394000 
2.394000 
2.394400 
2.395200 
2.395500 
2.396000 
2.396600 
2.396900 
2.397600 
2.397800 
2.398200 
2.398900 
2.399200 
2.399600 
2.399800 
2.400100 
2.400200 
2.400500 
2.400500 
2.401900 
2.402200 
2.403000 
2.403600 
2.403700 
2.404000 
2.404100 
2.404500 
2.404600 
2.404900 
2.405700 
2.405800 
2.406300 
2.408500 
2.408600 
2.408700 
2.408800 
2.409000 
2.409800 
2.410800 
2.411900 
2.412600 
2.412700 
2.413200 
2.413700 
2.414200 
2.414300 
2.415200 
2.416900 
2.416900 
2.417000 
2.417400 
2.417600 
2.417800 
2.418200 
2.419100 
2.419900 
2.420900 
2.421200 
2.421500 
2.421600 
2.422700 
2.423100 
2.423400 
2.424500 
2.424600 
2.424700 
2.424900 
2.425300 
2.425300 
2.426500 
2.426600 
2.427500 
2.428500 
2.428600 
2.429800 
2.430300 
2.430300 
2.431100 
2.431200 
2.431700 
2.432200 
2.432700 
2.432700 
2.433000 
2.433500 
2.433700 
2.433700 
2.434000 
2.436400 
2.436600 
2.437100 
2.437100 
2.437300 
2.438100 
2.438400 
2.439100 
2.439100 
2.439500 
2.439800 
2.440500 
2.441400 
2.441500 
2.441800 
2.442100 
2.442200 
2.442400 
2.442600 
2.442900 
2.442900 
2.443200 
2.443200 
2.443600 
2.443700 
2.444200 
2.445100 
2.446500 
2.446600 
2.447000 
2.448200 
2.448300 
2.449200 
2.449800 
2.450200 
2.451200 
2.452500 
2.453100 
2.453400 
2.454100 
2.454700 
2.454900 
2.455900 
2.456700 
2.457200 
2.457300 
2.457500 
2.457900 
2.458100 
2.458400 
2.459300 
2.459700 
2.460900 
2.461300 
2.461600 
2.461900 
2.462200 
2.462200 
2.462300 
2.463200 
2.463200 
2.463500 
2.464700 
2.464800 
2.464800 
2.465700 
2.465700 
2.466000 
2.467200 
2.468500 
2.469000 
2.469100 
2.469600 
2.471000 
2.471800 
2.472200 
2.472200 
2.472300 
2.472900 
2.473000 
2.473400 
2.473600 
2.473800 
2.474000 
2.474800 
2.475500 
2.476500 
2.476800 
2.477100 
2.477500 
2.477600 
2.478400 
2.479000 
2.480100 
2.480300 
2.480300 
2.480700 
2.481000 
2.481900 
2.482200 
2.482500 
2.482600 
2.486900 
2.487200 
2.487600 
2.487900 
2.488200 
2.488300 
2.488600 
2.489200 
2.489500 
2.489700 
2.490100 
2.490500 
2.490900 
2.491000 
2.491000 
2.491000 
2.492100 
2.492400 
2.493400 
2.493900 
2.494400 
2.495200 
2.496200 
2.496400 
2.497000 
2.497100 
2.497200 
2.497800 
2.499000 
2.500500 
2.500600 
2.500700 
2.500800 
2.500800 
2.500900 
2.502400 
2.502700 
2.503000 
2.503100 
2.503900 
2.504400 
2.504500 
2.505300 
2.505400 
2.506200 
2.506400 
2.507600 
2.507700 
2.507800 
2.507900 
2.508500 
2.509000 
2.509000 
2.509300 
2.509500 
2.509900 
2.510000 
2.510000 
2.511600 
2.512400 
2.513000 
2.513100 
2.514000 
2.515600 
2.515600 
2.515600 
2.515800 
2.516700 
2.516800 
2.516900 
2.516900 
2.517100 
2.518100 
2.518300 
2.519000 
2.519200 
2.519500 
2.519800 
2.519900 
2.520200 
2.521900 
2.521900 
2.522000 
2.522900 
2.522900 
2.523100 
2.524200 
2.524400 
2.524900 
2.525700 
2.526300 
2.526900 
2.527600 
2.527800 
2.528700 
2.529400 
2.529800 
2.530100 
2.531600 
2.531900 
2.532800 
2.533100 
2.533600 
2.533900 
2.534200 
2.534900 
2.534900 
2.535500 
2.536100 
2.536500 
2.537000 
2.537500 
2.537900 
2.537900 
2.538200 
2.538400 
2.538400 
2.538700 
2.539000 
2.539700 
2.540100 
2.540200 
2.540400 
2.540600 
2.540800 
2.540900 
2.541100 
2.541500 
2.542200 
2.542500 
2.542600 
2.543200 
2.543400 
2.543600 
2.543700 
2.543700 
2.545700 
2.546300 
2.546600 
2.547000 
2.547500 
2.547800 
2.547900 
2.547900 
2.548400 
2.548800 
2.549000 
2.549200 
2.549600 
2.550900 
2.551100 
2.551200 
2.551600 
2.552300 
2.552300 
2.552500 
2.552500 
2.552700 
2.553100 
2.553200 
2.553400 
2.553800 
2.554000 
2.554300 
2.554500 
2.555100 
2.555800 
2.555900 
2.556000 
2.556700 
2.556900 
2.556900 
2.557600 
2.559200 
2.559900 
2.561300 
2.561700 
2.562100 
2.562700 
2.562900 
2.563900 
2.563900 
2.564400 
2.564400 
2.564600 
2.564600 
2.564800 
2.565100 
2.565200 
2.565400 
2.565500 
2.566000 
2.566200 
2.566300 
2.566700 
2.567000 
2.567500 
2.571200 
2.571200 
2.571300 
2.571300 
2.572200 
2.572200 
2.572800 
2.573100 
2.573200 
2.573300 
2.573400 
2.573400 
2.574100 
2.574700 
2.575100 
2.575300 
2.575800 
2.575900 
2.576300 
2.576900 
2.579100 
2.579800 
2.579800 
2.580000 
2.580300 
2.580500 
2.580800 
2.580900 
2.581100 
2.581300 
2.581900 
2.582200 
2.582800 
2.582900 
2.583500 
2.584300 
2.586700 
2.586900 
2.587200 
2.587400 
2.587500 
2.587800 
2.588000 
2.589100 
2.590000 
2.590000 
2.590400 
2.590500 
2.590700 
2.591000 
2.591200 
2.591400 
2.591900 
2.593200 
2.593300 
2.593400 
2.593400 
2.593900 
2.594600 
2.595100 
2.596200 
2.598100 
2.598200 
2.598700 
2.599100 
2.599200 
2.599200 
2.600400 
2.600600 
2.600800 
2.600900 
2.601100 
2.601300 
2.601400 
2.603300 
2.603400 
2.604100 
2.605400 
2.606500 
2.607100 
2.607600 
2.608000 
2.609400 
2.609600 
2.610000 
2.610200 
2.610300 
2.610500 
2.610600 
2.611700 
2.612000 
2.612400 
2.612900 
2.613000 
2.613100 
2.613200 
2.613800 
2.614500 
2.614500 
2.615100 
2.615400 
2.615800 
2.616200 
2.616700 
2.618100 
2.618300 
2.619100 
2.619200 
2.619900 
2.620500 
2.620700 
2.620700 
2.621100 
2.622900 
2.623800 
2.624100 
2.624300 
2.624800 
2.624900 
2.626600 
2.627100 
2.627300 
2.627500 
2.628100 
2.628200 
2.628600 
2.629300 
2.629700 
2.631800 
2.632100 
2.632500 
2.632900 
2.633100 
2.633200 
2.633600 
2.634200 
2.634900 
2.635300 
2.635600 
2.635900 
2.636600 
2.636800 
2.637000 
2.637100 
2.637200 
2.637300 
2.638300 
2.639200 
2.639300 
2.640300 
2.641200 
2.642000 
2.643100 
2.643600 
2.643900 
2.644100 
2.645300 
2.645600 
2.646100 
2.646100 
2.646700 
2.647000 
2.647200 
2.647600 
2.648100 
2.649100 
2.650000 
2.651000 
2.651600 
2.651900 
2.652100 
2.652500 
2.652500 
2.652700 
2.653100 
2.653500 
2.653600 
2.653700 
2.654500 
2.656100 
2.656900 
2.657200 
2.657200 
2.657400 
2.657500 
2.658200 
2.658700 
2.659400 
2.659900 
2.660500 
2.661100 
2.661300 
2.661800 
2.662000 
2.662100 
2.662100 
2.662400 
2.662400 
2.662600 
2.662600 
2.662800 
2.664000 
2.665000 
2.665200 
2.665200 
2.665900 
2.666800 
2.667400 
2.668000 
2.668500 
2.668600 
2.669000 
2.669800 
2.669900 
2.669900 
2.670500 
2.670600 
2.670900 
2.671200 
2.671700 
2.671900 
2.672400 
2.673100 
2.673500 
2.673700 
2.675300 
2.675300 
2.675600 
2.675800 
2.676500 
2.676600 
2.676900 
2.677400 
2.678300 
2.679700 
2.680200 
2.680300 
2.681300 
2.681500 
2.682000 
2.682200 
2.682900 
2.683000 
2.683500 
2.683700 
2.683900 
2.684000 
2.684300 
2.684400 
2.684700 
2.685300 
2.685800 
2.686600 
2.686800 
2.687000 
2.687000 
2.687900 
2.687900 
2.688100 
2.688900 
2.689200 
2.689600 
2.690300 
2.691600 
2.692100 
2.692300 
2.693300 
2.693300 
2.694400 
2.694700 
2.696500 
2.697000 
2.697400 
2.697400 
2.697800 
2.697900 
2.698400 
2.698400 
2.699000 
2.699100 
2.699500 
2.699700 
2.700100 
2.700900 
2.701100 
2.701300 
2.702100 
2.704300 
2.705300 
2.705400 
2.705600 
2.705700 
2.705700 
2.706400 
2.706500 
2.707400 
2.707500 
2.707600 
2.707600 
2.708900 
2.710700 
2.712600 
2.713300 
2.714100 
2.714300 
2.714900 
2.715400 
2.716100 
2.716200 
2.716900 
2.717300 
2.718200 
2.718200 
2.718300 
2.718600 
2.719300 
2.719600 
2.719600 
2.719600 
2.719900 
2.720200 
2.720600 
2.720700 
2.722600 
2.722700 
2.722800 
2.723000 
2.723100 
2.724300 
2.724400 
2.725000 
2.725200 
2.725600 
2.725600 
2.726000 
2.726300 
2.727200 
2.727500 
2.727800 
2.728100 
2.728500 
2.729700 
2.730100 
2.730300 
2.731400 
2.731500 
2.732300 
2.732800 
2.734300 
2.734300 
2.736400 
2.737000 
2.737700 
2.738100 
2.738300 
2.738700 
2.739200 
2.739400 
2.739400 
2.739800 
2.741000 
2.742000 
2.742500 
2.742500 
2.742900 
2.744300 
2.744600 
2.744800 
2.744800 
2.744900 
2.745800 
2.746300 
2.746500 
2.747300 
2.749400 
2.749700 
2.750200 
2.751500 
2.751700 
2.752100 
2.753100 
2.753300 
2.753900 
2.754500 
2.754900 
2.755000 
2.755400 
2.755900 
2.756300 
2.756400 
2.756400 
2.757500 
2.757700 
2.758600 
2.758600 
2.758800 
2.758800 
2.759200 
2.759300 
2.760500 
2.760700 
2.761100 
2.761400 
2.761700 
2.762000 
2.762700 
2.762800 
2.763200 
2.763200 
2.763400 
2.763900 
2.764000 
2.764400 
2.764600 
2.766000 
2.766500 
2.766700 
2.767000 
2.767100 
2.767700 
2.768900 
2.770500 
2.771000 
2.771300 
2.771300 
2.771400 
2.771900 
2.772600 
2.773100 
2.773500 
2.773600 
2.773800 
2.774100 
2.774500 
2.775100 
2.775500 
2.775900 
2.775900 
2.777000 
2.777100 
2.777500 
2.778200 
2.778600 
2.778700 
2.779100 
2.780100 
2.780400 
2.780400 
2.781200 
2.781400 
2.781400 
2.782100 
2.783000 
2.783300 
2.785100 
2.785600 
2.785900 
2.787400 
2.787400 
2.788200 
2.789000 
2.789000 
2.789300 
2.789400 
2.790300 
2.790500 
2.790500 
2.790900 
2.792400 
2.792800 
2.792800 
2.793200 
2.793500 
2.793800 
2.793900 
2.794700 
2.794700 
2.795500 
2.795700 
2.795900 
2.796300 
2.797300 
2.798700 
2.798700 
2.799200 
2.799400 
2.799800 
2.800600 
2.800900 
2.802100 
2.802400 
2.802600 
2.802700 
2.802800 
2.803000 
2.803200 
2.803400 
2.804000 
2.804200 
2.804300 
2.804700 
2.805900 
2.806000 
2.806100 
2.806100 
2.806200 
2.807800 
2.807900 
2.808300 
2.808900 
2.809300 
2.809300 
2.809900 
2.810000 
2.810800 
2.811600 
2.812200 
2.812400 
2.812500 
2.812800 
2.813600 
2.813700 
2.814300 
2.814500 
2.814700 
2.815000 
2.815400 
2.816200 
2.816700 
2.818400 
2.819600 
2.820100 
2.820200 
2.820500 
2.821000 
2.822000 
2.822100 
2.823400 
2.823900 
2.824200 
2.824500 
2.824600 
2.824800 
2.824900 
2.825200 
2.826700 
2.827000 
2.827300 
2.827800 
2.828200 
2.828500 
2.828900 
2.829500 
2.830000 
2.830000 
2.830000 
2.830600 
2.830700 
2.830800 
2.832200 
2.832400 
2.833200 
2.833500 
2.834400 
2.835800 
2.836100 
2.836400 
2.836900 
2.837000 
2.837200 
2.837400 
2.837400 
2.837800 
2.838000 
2.838900 
2.839400 
2.839500 
2.840000 
2.840600 
2.840800 
2.840900 
2.841400 
2.842200 
2.842500 
2.843000 
2.843700 
2.844100 
2.844100 
2.844500 
2.845500 
2.845700 
2.845900 
2.846300 
2.846400 
2.847500 
2.847800 
2.848500 
2.850600 
2.850900 
2.851500 
2.851800 
2.851900 
2.852300 
2.852600 
2.853300 
2.853400 
2.853700 
2.855700 
2.856100 
2.856800 
2.858600 
2.858900 
2.858900 
2.859500 
2.859600 
2.859900 
2.860100 
2.860200 
2.860300 
2.860800 
2.860800 
2.861000 
2.861200 
2.861700 
2.862500 
2.864000 
2.864000 
2.864500 
2.865500 
2.865700 
2.866600 
2.867200 
2.867300 
2.867300 
2.867300 
2.867400 
2.867500 
2.867700 
2.868100 
2.868300 
2.868400 
2.868900 
2.869800 
2.871300 
2.871900 
2.872200 
2.873200 
2.873600 
2.873800 
2.873800 
2.874100 
2.874700 
2.874700 
2.876000 
2.876300 
2.878000 
2.879100 
2.879300 
2.879300 
2.879300 
2.880900 
2.881100 
2.881700 
2.881900 
2.882200 
2.884100 
2.885000 
2.885000 
2.887200 
2.887400 
2.887500 
2.887600 
2.887800 
2.889000 
2.889300 
2.889700 
2.890400 
2.890500 
2.890500 
2.890700 
2.892200 
2.893100 
2.893500 
2.894300 
2.894600 
2.895200 
2.895300 
2.896100 
2.897000 
2.897200 
2.897700 
2.898000 
2.898300 
2.899000 
2.899000 
2.899700 
2.899900 
2.899900 
2.900100 
2.900400 
2.900400 
2.900500 
2.900600 
2.901400 
2.901400 
2.901600 
2.902100 
2.902500 
2.903100 
2.903100 
2.903300 
2.903400 
2.903900 
2.904300 
2.904800 
2.905100 
2.906100 
2.906100 
2.907000 
2.908200 
2.910200 
2.910700 
2.910900 
2.911000 
2.911100 
2.911200 
2.911700 
2.911700 
2.912500 
2.912500 
2.913000 
2.913500 
2.913500 
2.914700 
2.915200 
2.915700 
2.917100 
2.917100 
2.917900 
2.918500 
2.920000 
2.920300 
2.920300 
2.920500 
2.921100 
2.921200 
2.921600 
2.922900 
2.923100 
2.923700 
2.924000 
2.924800 
2.924800 
2.925200 
2.925600 
2.926300 
2.926700 
2.926700 
2.926800 
2.927000 
2.927700 
2.928000 
2.928000 
2.928600 
2.928700 
2.928800 
2.929100 
2.929500 
2.930300 
2.930800 
2.931700 
2.931800 
2.932100 
2.932600 
2.933600 
2.934200 
2.934600 
2.935100 
2.935100 
2.935800 
2.936400 
2.936600 
2.936800 
2.936900 
2.937200 
2.937600 
2.937800 
2.939000 
2.939700 
2.941300 
2.941900 
2.942400 
2.942900 
2.943200 
2.946200 
2.946200 
2.946400 
2.946900 
2.947100 
2.948700 
2.949000 
2.949600 
2.949700 
2.950000 
2.950200 
2.953000 
2.953200 
2.953500 
2.953600 
2.954000 
2.954100 
2.954300 
2.954300 
2.954700 
2.956200 
2.956200 
2.957100 
2.957200 
2.957200 
2.957800 
2.958700 
2.959100 
2.959800 
2.959900 
2.960400 
2.960500 
2.960500 
2.960600 
2.962100 
2.962400 
2.962700 
2.963400 
2.963500 
2.963500 
2.963800 
2.964400 
2.964500 
2.964800 
2.965400 
2.965900 
2.967000 
2.967100 
2.967400 
2.967600 
2.967900 
2.968300 
2.969300 
2.972400 
2.973500 
2.974000 
2.974200 
2.974300 
2.974500 
2.974600 
2.976000 
2.976300 
2.976500 
2.976700 
2.977000 
2.977000 
2.977200 
2.977200 
2.977500 
2.977500 
2.977700 
2.979600 
2.979600 
2.979900 
2.980100 
2.980100 
2.980200 
2.980200 
2.981500 
2.981700 
2.981800 
2.982100 
2.984100 
2.984300 
2.986500 
2.986600 
2.987000 
2.988600 
2.988900 
2.988900 
2.989100 
2.989500 
2.989600 
2.989700 
2.989800 
2.990500 
2.991500 
2.992000 
2.992300 
2.992400 
2.992700 
2.993200 
2.993200 
2.993300 
2.993900 
2.995400 
2.997100 
2.997300 
2.999200 
2.999700 
