0.046500 
0.047300 
0.049500 
0.050800 
0.052800 
0.053300 
0.057600 
0.058500 
0.059700 
0.060400 
0.062500 
0.066100 
0.066100 
0.069400 
0.072500 
0.074300 
0.075600 
0.078200 
0.079900 
0.081500 
0.083400 
0.085000 
0.089400 
0.094800 
0.097700 
0.098600 
0.099400 
0.099700 
0.102700 
0.105100 
0.107900 
0.108900 
0.112700 
0.113100 
0.114200 
0.117500 
0.118200 
0.121400 
0.122800 
0.123600 
0.127900 
0.128000 
0.128300 
0.132400 
0.132600 
0.132900 
0.136000 
0.137200 
0.137800 
0.137900 
0.138900 
0.141700 
0.141800 
0.142400 
0.143600 
0.144900 
0.144900 
0.145200 
0.146900 
0.151800 
0.152700 
0.155300 
0.155800 
0.160800 
0.161000 
0.162700 
0.162800 
0.163000 
0.169300 
0.170800 
0.176200 
0.178700 
0.179400 
0.179700 
0.180100 
0.182000 
0.185900 
0.187600 
0.188400 
0.190900 
0.193000 
0.194400 
0.194500 
0.196300 
0.197400 
0.199100 
0.199900 
0.200900 
0.201400 
0.202100 
0.206500 
0.206900 
0.207700 
0.208100 
0.208600 
0.208700 
0.210300 
0.215000 
0.222000 
0.224500 
0.225500 
0.225600 
0.225800 
0.226000 
0.227500 
0.228900 
0.229900 
0.232100 
0.239300 
0.239500 
0.239700 
0.240700 
0.241600 
0.244800 
0.245600 
0.245800 
0.247900 
0.248300 
0.250700 
0.250900 
0.251200 
0.251300 
0.251900 
0.253600 
0.253900 
0.254400 
0.255700 
0.258800 
0.259700 
0.266300 
0.269900 
0.270400 
0.270400 
0.270900 
0.273600 
0.276100 
0.278100 
0.281800 
0.286600 
0.288100 
0.288100 
0.288300 
0.291000 
0.291100 
0.291200 
0.293700 
0.295600 
0.297700 
0.297800 
0.300600 
0.301600 
0.303400 
0.305300 
0.305300 
0.305400 
0.306100 
0.308200 
0.308300 
0.310500 
0.312500 
0.313100 
0.314200 
0.314200 
0.314800 
0.315100 
0.316700 
0.318300 
0.318700 
0.319400 
0.322800 
0.323700 
0.327300 
0.327700 
0.329500 
0.331900 
0.333000 
0.334900 
0.335400 
0.335800 
0.338700 
0.338800 
0.340900 
0.344800 
0.346400 
0.347300 
0.347800 
0.348200 
0.348700 
0.350100 
0.350400 
0.352200 
0.355800 
0.357200 
0.357800 
0.364200 
0.364400 
0.365200 
0.365900 
0.366200 
0.367200 
0.368700 
0.369000 
0.369100 
0.369400 
0.371400 
0.372800 
0.377800 
0.378100 
0.378200 
0.378800 
0.382700 
0.383600 
0.385100 
0.386900 
0.387500 
0.388600 
0.389200 
0.394300 
0.400300 
0.402500 
0.403200 
0.404100 
0.404200 
0.408200 
0.417900 
0.419900 
0.421300 
0.421900 
0.422300 
0.423700 
0.425600 
0.430000 
0.431300 
0.434200 
0.434400 
0.435600 
0.438500 
0.439800 
0.443100 
0.443500 
0.444800 
0.446500 
0.448700 
0.449100 
0.450900 
0.451700 
0.453400 
0.454000 
0.454300 
0.455600 
0.459500 
0.461500 
0.463000 
0.463700 
0.464300 
0.467800 
0.471000 
0.472400 
0.475200 
0.476300 
0.477600 
0.477800 
0.479600 
0.480300 
0.484600 
0.487700 
0.488500 
0.489500 
0.491200 
0.492400 
0.494900 
0.495200 
0.497800 
0.500400 
0.501000 
0.506000 
0.506200 
0.509500 
0.510100 
0.512200 
0.513700 
0.514600 
0.514700 
0.517900 
0.519500 
0.519900 
0.520300 
0.521300 
0.521900 
0.522200 
0.523200 
0.523800 
0.525300 
0.527000 
0.529500 
0.531600 
0.532000 
0.534600 
0.536100 
0.539200 
0.540300 
0.543300 
0.545100 
0.547200 
0.548300 
0.551500 
0.552400 
0.553500 
0.557000 
0.557200 
0.558000 
0.560200 
0.562800 
0.563000 
0.565900 
0.570900 
0.571300 
0.571500 
0.571500 
0.573800 
0.576500 
0.578700 
0.582600 
0.584100 
0.585800 
0.591400 
0.591500 
0.592500 
0.597000 
0.598000 
0.600100 
0.600500 
0.603300 
0.604500 
0.606100 
0.607400 
0.607500 
0.608100 
0.608100 
0.608400 
0.609600 
0.610200 
0.611800 
0.612500 
0.615100 
0.615700 
0.616100 
0.617000 
0.618200 
0.621800 
0.622000 
0.628200 
0.628900 
0.629700 
0.631500 
0.634600 
0.635800 
0.638000 
0.639400 
0.640100 
0.642400 
0.644000 
0.646100 
0.646100 
0.653500 
0.655100 
0.655600 
0.657300 
0.658000 
0.660500 
0.660600 
0.660600 
0.660800 
0.660800 
0.661100 
0.663700 
0.663900 
0.669000 
0.672200 
0.673000 
0.673700 
0.675400 
0.677300 
0.679300 
0.680700 
0.681400 
0.686700 
0.687400 
0.687600 
0.688300 
0.688400 
0.691600 
0.694000 
0.694900 
0.697800 
0.701300 
0.704200 
0.704400 
0.705100 
0.706400 
0.710600 
0.713600 
0.717200 
0.717800 
0.719800 
0.720300 
0.720700 
0.722100 
0.723600 
0.724300 
0.727000 
0.728500 
0.728800 
0.731400 
0.732700 
0.733400 
0.735600 
0.736700 
0.738300 
0.739000 
0.740100 
0.742000 
0.742300 
0.748500 
0.749800 
0.752600 
0.756500 
0.758300 
0.758300 
0.759800 
0.760300 
0.761300 
0.762100 
0.763000 
0.764000 
0.764100 
0.765800 
0.766700 
0.767100 
0.767800 
0.771100 
0.771600 
0.774500 
0.775700 
0.777000 
0.778700 
0.781200 
0.782100 
0.782100 
0.782600 
0.785200 
0.786500 
0.797100 
0.797400 
0.798300 
0.799600 
0.799900 
0.801900 
0.802900 
0.803200 
0.807500 
0.807700 
0.816200 
0.818200 
0.819700 
0.820600 
0.820800 
0.821000 
0.821400 
0.822100 
0.822700 
0.825100 
0.825600 
0.827400 
0.829200 
0.829600 
0.830900 
0.832700 
0.835300 
0.837800 
0.843200 
0.845000 
0.845500 
0.845900 
0.848500 
0.848800 
0.850300 
0.850800 
0.851100 
0.857100 
0.857200 
0.857300 
0.860100 
0.861600 
0.861700 
0.864000 
0.864500 
0.865100 
0.866600 
0.868800 
0.871300 
0.872500 
0.874600 
0.875400 
0.879400 
0.879800 
0.880300 
0.882500 
0.888100 
0.892200 
0.895600 
0.900100 
0.904900 
0.906000 
0.906500 
0.912500 
0.915200 
0.916000 
0.919700 
0.921500 
0.923600 
0.927900 
0.932200 
0.934100 
0.935000 
0.935700 
0.936200 
0.936200 
0.939000 
0.939000 
0.939300 
0.939600 
0.940600 
0.941900 
0.943000 
0.947700 
0.951600 
0.952100 
0.953500 
0.957300 
0.958300 
0.959100 
0.959200 
0.962000 
0.963700 
0.964100 
0.965700 
0.967400 
0.968000 
0.969200 
0.969500 
0.973900 
0.975100 
0.975300 
0.975300 
0.978900 
0.980200 
0.980900 
0.981200 
0.982500 
0.985500 
0.986300 
0.988700 
0.990000 
0.990100 
0.990300 
0.991200 
0.992000 
0.993800 
0.996200 
0.997400 
1.000300 
1.001600 
1.001900 
1.007200 
1.008200 
1.010300 
1.010900 
1.015900 
1.016900 
1.017500 
1.018400 
1.022100 
1.022300 
1.023300 
1.025400 
1.025700 
1.026600 
1.027200 
1.030900 
1.032400 
1.036100 
1.037300 
1.038600 
1.040300 
1.041300 
1.041700 
1.044800 
1.046400 
1.049300 
1.049600 
1.050000 
1.052300 
1.052300 
1.054500 
1.059500 
1.059600 
1.064800 
1.067300 
1.070000 
1.071700 
1.072700 
1.072900 
1.073200 
1.073600 
1.075800 
1.077100 
1.078000 
1.078900 
1.079000 
1.080300 
1.080400 
1.082800 
1.085000 
1.086500 
1.086700 
1.087200 
1.088600 
1.089500 
1.090100 
1.091000 
1.093200 
1.093300 
1.097500 
1.097800 
1.100200 
1.108300 
1.108500 
1.110200 
1.112200 
1.114700 
1.117400 
1.119600 
1.120200 
1.120400 
1.125000 
1.126900 
1.128700 
1.129000 
1.131000 
1.131800 
1.132000 
1.134500 
1.138000 
1.140500 
1.140500 
1.143200 
1.144400 
1.144500 
1.147800 
1.148500 
1.149400 
1.149600 
1.150700 
1.152400 
1.153500 
1.154000 
1.159200 
1.163600 
1.163600 
1.165700 
1.167100 
1.170100 
1.170200 
1.171400 
1.175900 
1.176300 
1.178500 
1.180000 
1.181500 
1.183100 
1.191500 
1.192700 
1.195700 
1.197000 
1.197600 
1.197900 
1.202300 
1.203200 
1.204400 
1.208000 
1.208300 
1.208400 
1.211100 
1.211600 
1.216500 
1.217400 
1.218100 
1.218400 
1.219500 
1.220000 
1.220900 
1.226500 
1.228900 
1.231400 
1.231700 
1.232100 
1.233300 
1.234900 
1.236400 
1.240400 
1.243900 
1.244300 
1.247100 
1.250700 
1.253300 
1.253700 
1.253700 
1.255100 
1.257200 
1.258800 
1.259200 
1.259700 
1.260600 
1.262100 
1.264600 
1.271900 
1.273900 
1.276400 
1.283800 
1.284300 
1.284700 
1.285200 
1.286500 
1.286800 
1.287100 
1.289600 
1.292400 
1.292700 
1.292800 
1.295300 
1.297500 
1.297900 
1.298000 
1.298400 
1.308600 
1.309700 
1.312300 
1.313000 
1.313900 
1.315300 
1.316700 
1.317000 
1.319600 
1.319700 
1.320000 
1.321600 
1.323000 
1.326100 
1.327300 
1.327500 
1.330200 
1.332400 
1.333100 
1.333500 
1.335700 
1.335800 
1.339800 
1.343400 
1.343900 
1.344000 
1.344500 
1.345400 
1.345700 
1.348300 
1.348800 
1.352400 
1.352700 
1.356000 
1.361200 
1.365200 
1.368400 
1.375700 
1.376400 
1.376400 
1.376800 
1.377300 
1.379200 
1.380900 
1.382800 
1.387300 
1.388200 
1.388900 
1.389500 
1.390500 
1.390900 
1.391500 
1.393600 
1.395500 
1.397100 
1.402500 
1.403300 
1.404200 
1.408300 
1.409400 
1.410800 
1.411200 
1.413100 
1.416000 
1.417400 
1.417600 
1.418000 
1.422000 
1.423500 
1.427200 
1.428000 
1.434200 
1.435100 
1.437700 
1.441100 
1.441300 
1.441600 
1.444800 
1.446200 
1.450200 
1.450700 
1.452400 
1.458000 
1.458500 
1.461300 
1.462700 
1.464300 
1.465000 
1.465000 
1.469000 
1.473500 
1.473900 
1.474800 
1.477700 
1.479000 
1.479100 
1.480700 
1.481500 
1.481500 
1.483300 
1.484100 
1.489200 
1.491000 
1.491300 
1.491900 
1.492800 
1.494200 
1.494700 
1.495700 
1.496400 
1.502800 
1.505100 
1.505400 
1.508100 
1.511500 
1.515400 
1.516100 
1.519200 
1.520800 
1.524400 
1.526000 
1.529500 
1.530000 
1.533100 
1.534800 
1.535400 
1.535800 
1.542300 
1.542400 
1.542900 
1.543200 
1.543600 
1.544100 
1.544600 
1.546000 
1.548500 
1.548700 
1.549600 
1.551000 
1.554800 
1.556100 
1.562300 
1.563600 
1.565000 
1.565600 
1.565600 
1.571300 
1.571700 
1.572400 
1.572700 
1.573300 
1.576600 
1.577600 
1.578700 
1.579700 
1.585300 
1.586400 
1.587500 
1.591000 
1.591900 
1.594500 
1.596200 
1.598200 
1.600600 
1.600700 
1.602000 
1.603700 
1.608600 
1.609900 
1.610300 
1.613100 
1.614100 
1.616800 
1.617300 
1.617500 
1.618600 
1.620500 
1.620600 
1.621100 
1.621300 
1.622800 
1.623300 
1.626000 
1.627500 
1.628700 
1.629500 
1.631300 
1.631600 
1.632900 
1.634400 
1.634600 
1.636700 
1.641000 
1.642000 
1.646700 
1.647700 
1.649600 
1.653200 
1.653700 
1.656000 
1.658100 
1.658800 
1.661500 
1.663900 
1.670100 
1.670200 
1.672900 
1.675300 
1.678600 
1.679100 
1.679200 
1.681100 
1.681100 
1.682400 
1.682900 
1.683100 
1.690900 
1.691400 
1.691500 
1.691700 
1.691800 
1.695200 
1.698100 
1.699100 
1.699100 
1.700900 
1.704200 
1.704900 
1.706100 
1.708400 
1.709000 
1.710500 
1.713800 
1.715500 
1.716000 
1.716900 
1.717000 
1.717300 
1.719200 
1.719400 
1.722200 
1.723600 
1.724000 
1.724200 
1.739300 
1.740500 
1.748900 
1.749600 
1.749600 
1.749700 
1.757400 
1.758500 
1.759000 
1.759800 
1.762400 
1.765200 
1.766600 
1.766900 
1.768600 
1.769700 
1.772600 
1.773600 
1.774000 
1.774100 
1.774800 
1.775400 
1.776600 
1.779800 
1.783400 
1.786700 
1.786800 
1.786900 
1.789500 
1.791500 
1.791900 
1.792200 
1.796100 
1.797000 
1.798900 
1.799200 
1.800600 
1.801000 
1.802500 
1.802600 
1.806500 
1.809900 
1.811700 
1.813000 
1.814300 
1.814700 
1.815200 
1.815400 
1.817600 
1.819400 
1.820600 
1.821500 
1.822900 
1.823000 
1.826200 
1.829500 
1.833100 
1.833700 
1.835000 
1.835300 
1.836700 
1.837200 
1.837400 
1.842000 
1.842700 
1.843000 
1.843700 
1.846200 
1.850500 
1.854400 
1.854700 
1.855300 
1.856700 
1.857200 
1.857500 
1.858800 
1.862000 
1.864300 
1.864900 
1.865200 
1.867400 
1.873100 
1.873500 
1.873600 
1.874500 
1.875100 
1.879000 
1.879700 
1.880400 
1.880600 
1.880800 
1.881500 
1.882500 
1.882700 
1.883100 
1.884300 
1.888100 
1.889400 
1.893700 
1.893900 
1.894400 
1.897300 
1.897700 
1.898900 
1.900000 
1.900500 
1.901300 
1.901800 
1.904400 
1.905500 
1.908900 
1.910400 
1.912200 
1.914200 
1.914300 
1.915100 
1.916300 
1.916800 
1.919300 
1.922200 
1.928700 
1.929600 
1.929700 
1.932800 
1.935600 
1.939100 
1.939700 
1.939800 
1.941500 
1.941500 
1.942200 
1.942200 
1.943800 
1.944000 
1.944800 
1.949900 
1.954200 
1.955200 
1.955700 
1.957900 
1.958500 
1.960000 
1.960100 
1.963000 
1.963200 
1.968200 
1.969400 
1.969800 
1.973700 
1.973800 
1.977100 
1.979500 
1.982700 
1.983000 
1.983100 
1.983300 
1.985700 
1.987600 
1.989800 
1.992700 
1.992900 
1.993300 
1.997300 
1.997600 
2.002600 
2.003100 
2.005500 
2.006100 
2.007700 
2.008500 
2.009100 
2.014200 
2.014600 
2.017400 
2.017900 
2.019700 
2.021000 
2.021700 
2.022300 
2.022800 
2.027800 
2.030400 
2.030400 
2.032900 
2.033700 
2.034700 
2.035600 
2.036600 
2.040800 
2.040900 
2.042400 
2.042800 
2.043400 
2.043900 
2.047500 
2.050000 
2.051900 
2.052700 
2.053000 
2.053200 
2.055000 
2.056100 
2.060800 
2.061400 
2.065600 
2.066300 
2.071300 
2.072500 
2.076500 
2.077500 
2.079000 
2.080200 
2.082700 
2.083600 
2.084100 
2.085500 
2.085800 
2.086400 
2.087000 
2.087600 
2.091100 
2.094200 
2.095400 
2.102500 
2.102600 
2.104000 
2.105100 
2.107400 
2.109200 
2.111000 
2.112500 
2.112900 
2.117500 
2.117600 
2.118300 
2.122500 
2.123900 
2.126100 
2.126700 
2.128900 
2.129200 
2.131200 
2.132300 
2.134400 
2.134900 
2.136100 
2.136200 
2.140200 
2.140500 
2.141300 
2.141300 
2.142100 
2.143900 
2.144400 
2.146100 
2.154700 
2.155000 
2.157700 
2.157800 
2.162500 
2.164600 
2.168100 
2.170700 
2.172800 
2.173600 
2.175900 
2.176600 
2.176700 
2.177300 
2.177300 
2.182000 
2.182100 
2.182500 
2.184900 
2.186700 
2.187000 
2.187400 
2.190100 
2.191900 
2.193000 
2.194500 
2.194900 
2.195500 
2.196100 
2.198200 
2.200400 
2.201700 
2.201800 
2.204500 
2.205600 
2.208600 
2.209900 
2.210700 
2.211900 
2.212100 
2.214100 
2.218500 
2.220300 
2.221500 
2.229500 
2.231700 
2.232300 
2.234400 
2.235700 
2.238300 
2.241300 
2.241600 
2.242800 
2.244100 
2.245500 
2.247200 
2.248600 
2.250700 
2.250800 
2.252100 
2.252700 
2.257700 
2.260700 
2.262100 
2.262700 
2.264100 
2.264900 
2.267500 
2.269300 
2.270200 
2.271700 
2.274800 
2.275900 
2.275900 
2.281100 
2.282800 
2.283700 
2.285200 
2.295200 
2.296800 
2.297300 
2.299500 
2.303900 
2.304500 
2.305800 
2.306300 
2.312100 
2.312700 
2.312900 
2.313300 
2.313500 
2.313700 
2.314800 
2.314900 
2.321600 
2.321800 
2.323600 
2.326300 
2.327000 
2.329200 
2.330200 
2.330800 
2.331100 
2.331900 
2.332000 
2.332400 
2.333500 
2.333900 
2.333900 
2.335400 
2.340800 
2.345800 
2.351200 
2.351900 
2.352200 
2.352600 
2.352900 
2.357400 
2.357500 
2.357500 
2.358900 
2.360800 
2.361700 
2.363200 
2.363700 
2.365400 
2.366200 
2.367600 
2.367700 
2.368900 
2.373200 
2.374100 
2.374800 
2.376600 
2.377600 
2.377700 
2.378900 
2.379700 
2.381500 
2.385500 
2.391100 
2.393300 
2.395600 
2.395800 
2.398100 
2.401300 
2.401700 
2.404200 
2.405000 
2.407100 
2.407600 
2.408000 
2.408700 
2.414300 
2.415700 
2.415800 
2.416300 
2.416500 
2.418200 
2.420200 
2.422800 
2.423500 
2.424000 
2.424500 
2.424800 
2.425900 
2.426600 
2.428700 
2.430400 
2.431000 
2.438000 
2.439900 
2.440300 
2.442100 
2.443300 
2.444100 
2.445300 
2.445900 
2.447000 
2.449700 
2.449800 
2.451300 
2.452300 
2.452700 
2.453700 
2.458500 
2.462700 
2.462700 
2.466000 
2.467600 
2.467600 
2.468200 
2.469000 
2.469200 
2.474100 
2.477500 
2.478800 
2.480200 
2.481000 
2.481400 
2.485000 
2.487700 
2.488800 
2.489500 
2.491700 
2.497800 
2.502500 
2.502800 
2.503800 
2.505600 
2.507400 
2.508400 
2.509100 
2.509800 
2.510700 
2.511200 
2.512900 
2.515800 
2.515900 
2.517100 
2.518000 
2.519100 
2.519300 
2.519900 
2.521900 
2.522900 
2.523700 
2.526700 
2.528500 
2.530400 
2.530800 
2.531900 
2.534000 
2.541100 
2.541500 
2.542100 
2.542200 
2.544300 
2.545200 
2.545600 
2.547100 
2.547700 
2.549800 
2.552000 
2.552100 
2.553600 
2.562300 
2.563100 
2.565500 
2.567200 
2.567800 
2.574500 
2.577600 
2.580300 
2.580400 
2.581000 
2.581300 
2.581600 
2.582800 
2.587500 
2.590100 
2.590900 
2.592400 
2.593400 
2.593800 
2.594300 
2.597500 
2.598900 
2.601300 
2.604500 
2.604800 
2.604800 
2.604900 
2.605100 
2.611200 
2.614600 
2.616600 
2.617400 
2.618200 
2.620600 
2.621400 
2.623800 
2.623900 
2.627100 
2.627700 
2.630100 
2.633000 
2.636100 
2.636800 
2.636900 
2.639900 
2.641200 
2.641600 
2.641900 
2.644500 
2.644700 
2.647300 
2.647400 
2.650400 
2.654400 
2.659500 
2.661000 
2.662800 
2.663300 
2.667000 
2.667100 
2.669000 
2.670600 
2.673700 
2.675200 
2.675500 
2.676100 
2.680000 
2.680600 
2.681700 
2.682200 
2.683100 
2.685200 
2.686000 
2.686000 
2.687500 
2.692500 
2.693100 
2.694300 
2.696000 
2.696700 
2.697800 
2.698900 
2.699300 
2.700100 
2.702400 
2.702800 
2.703700 
2.703800 
2.704800 
2.706400 
2.706400 
2.706600 
2.708300 
2.714500 
2.718400 
2.718600 
2.718800 
2.718800 
2.719000 
2.720200 
2.724200 
2.724900 
2.727100 
2.731200 
2.733000 
2.735500 
2.738200 
2.740200 
2.740300 
2.741200 
2.742200 
2.745000 
2.745700 
2.746200 
2.749800 
2.752000 
2.752100 
2.753500 
2.755800 
2.757900 
2.759300 
2.761100 
2.764100 
2.765300 
2.767700 
2.768200 
2.768900 
2.771100 
2.771700 
2.772300 
2.773500 
2.774400 
2.775900 
2.776800 
2.777200 
2.780200 
2.781400 
2.781800 
2.781800 
2.789700 
2.792700 
2.793000 
2.795100 
2.795800 
2.798000 
2.800400 
2.803800 
2.807100 
2.808300 
2.809200 
2.811300 
2.815000 
2.816400 
2.821100 
2.821100 
2.823600 
2.823600 
2.829200 
2.829300 
2.829700 
2.833000 
2.833200 
2.834100 
2.834600 
2.834800 
2.838600 
2.841600 
2.842300 
2.842300 
2.843700 
2.843900 
2.844100 
2.846500 
2.847100 
2.848200 
2.851900 
2.852600 
2.855700 
2.856300 
2.857000 
2.859900 
2.864100 
2.865900 
2.866400 
2.866800 
2.867700 
2.868500 
2.868600 
2.872400 
2.872700 
2.873400 
2.875800 
2.879900 
2.883400 
2.885300 
2.886800 
2.886800 
2.887000 
2.887800 
2.890100 
2.890900 
2.890900 
2.891800 
2.895300 
2.897100 
2.897800 
2.898900 
2.899500 
2.901200 
2.902900 
2.904100 
2.910500 
2.910800 
2.910800 
2.912000 
2.912900 
2.914300 
2.914400 
2.915500 
2.918100 
2.920000 
2.921800 
2.924300 
2.925200 
2.925400 
2.925900 
2.927200 
2.929900 
2.930500 
2.933800 
2.934100 
2.936000 
2.940000 
2.942600 
2.945100 
2.949200 
2.955400 
2.955400 
2.956100 
2.956500 
2.957700 
2.959700 
2.961100 
2.961700 
2.963200 
2.968100 
2.969300 
2.969600 
2.969900 
2.970700 
2.974000 
2.974200 
2.976500 
2.977600 
2.977800 
2.980400 
2.980700 
2.981400 
2.981500 
2.981800 
2.983800 
2.984000 
2.988600 
2.991200 
2.992200 
2.992200 
2.993400 
2.994800 
2.994900 
2.995500 
2.995800 
