28 
12 
32 
23 
21 
17 
24 
0 
39 
19 
51 
49 
29 
13 
37 
41 
40 
21 
44 
24 
33 
10 
17 
21 
2 
32 
2 
30 
37 
9 
29 
44 
14 
10 
21 
8 
43 
32 
40 
44 
52 
21 
20 
27 
35 
17 
44 
6 
35 
7 
24 
49 
23 
16 
26 
15 
10 
48 
24 
12 
39 
20 
28 
1 
19 
10 
4 
13 
46 
49 
2 
29 
39 
33 
37 
17 
46 
39 
29 
47 
31 
23 
32 
50 
30 
34 
4 
32 
47 
20 
29 
21 
33 
51 
41 
11 
34 
22 
12 
51 
38 
50 
36 
16 
33 
4 
11 
38 
46 
44 
36 
33 
35 
24 
33 
32 
16 
29 
15 
26 
41 
36 
8 
17 
29 
23 
10 
8 
21 
48 
3 
13 
33 
47 
11 
40 
7 
6 
2 
39 
51 
49 
43 
32 
28 
36 
27 
18 
23 
24 
8 
49 
3 
29 
37 
13 
35 
31 
44 
10 
15 
43 
33 
41 
1 
39 
48 
16 
21 
41 
44 
1 
32 
50 
7 
28 
10 
39 
30 
43 
31 
8 
12 
52 
40 
44 
34 
31 
3 
27 
24 
7 
51 
41 
32 
30 
2 
27 
8 
46 
27 
10 
32 
50 
49 
26 
19 
46 
8 
20 
16 
26 
23 
35 
31 
43 
29 
40 
21 
18 
37 
40 
22 
