144 
99 
729 
726 
305 
325 
391 
712 
155 
614 
725 
157 
601 
589 
677 
452 
588 
507 
481 
337 
110 
13 
697 
283 
666 
718 
399 
114 
389 
43 
552 
192 
78 
101 
691 
15 
134 
378 
116 
440 
263 
735 
65 
160 
4 
447 
495 
518 
150 
710 
240 
278 
186 
729 
492 
239 
64 
596 
273 
394 
385 
246 
663 
121 
421 
46 
329 
87 
146 
249 
442 
303 
125 
53 
18 
553 
536 
296 
638 
664 
614 
306 
571 
289 
428 
211 
454 
317 
164 
378 
519 
548 
75 
135 
502 
402 
267 
450 
658 
154 
330 
363 
284 
374 
698 
156 
517 
365 
389 
537 
104 
144 
36 
601 
247 
147 
103 
54 
733 
120 
653 
668 
327 
475 
656 
170 
611 
85 
129 
64 
566 
482 
719 
414 
377 
712 
455 
479 
195 
138 
212 
1 
535 
696 
286 
450 
114 
217 
210 
86 
445 
6 
593 
638 
311 
380 
658 
397 
223 
569 
452 
686 
403 
695 
310 
316 
19 
671 
106 
539 
684 
27 
438 
440 
160 
557 
429 
621 
40 
733 
262 
581 
680 
471 
717 
521 
335 
706 
301 
348 
196 
171 
434 
245 
433 
21 
644 
303 
504 
536 
389 
496 
176 
304 
511 
218 
308 
412 
568 
282 
37 
491 
45 
587 
566 
260 
238 
167 
338 
397 
353 
28 
330 
437 
100 
410 
361 
20 
503 
161 
8 
326 
287 
728 
98 
398 
535 
376 
119 
340 
96 
82 
265 
719 
614 
256 
25 
387 
310 
6 
526 
453 
29 
420 
557 
293 
188 
423 
484 
262 
176 
732 
247 
549 
272 
478 
201 
651 
560 
547 
348 
462 
113 
17 
231 
558 
94 
257 
655 
634 
163 
522 
73 
278 
471 
650 
46 
131 
375 
211 
395 
86 
339 
444 
569 
276 
633 
160 
673 
327 
621 
26 
457 
308 
596 
614 
265 
142 
587 
24 
570 
685 
388 
592 
172 
89 
97 
440 
513 
171 
539 
217 
455 
532 
131 
397 
713 
7 
556 
208 
128 
687 
735 
121 
625 
316 
416 
480 
668 
727 
559 
566 
576 
469 
327 
50 
548 
644 
412 
64 
441 
718 
294 
516 
678 
366 
338 
443 
271 
733 
477 
106 
232 
142 
471 
283 
35 
55 
391 
734 
219 
357 
268 
173 
681 
535 
355 
61 
568 
725 
435 
187 
573 
215 
296 
420 
239 
637 
545 
168 
319 
628 
384 
415 
473 
536 
240 
475 
619 
161 
463 
342 
79 
139 
561 
23 
403 
158 
389 
156 
24 
644 
450 
305 
584 
358 
52 
669 
302 
528 
244 
488 
392 
413 
507 
695 
287 
165 
167 
496 
577 
399 
283 
439 
384 
587 
176 
340 
517 
227 
405 
558 
199 
118 
368 
629 
339 
717 
475 
666 
341 
551 
318 
598 
39 
183 
32 
448 
114 
146 
60 
130 
480 
447 
490 
628 
415 
230 
436 
568 
211 
164 
482 
217 
104 
553 
713 
639 
70 
678 
641 
560 
280 
20 
89 
171 
320 
78 
655 
97 
262 
392 
25 
10 
611 
739 
46 
2 
528 
237 
248 
468 
695 
1 
394 
472 
104 
225 
176 
203 
261 
484 
556 
153 
143 
620 
164 
722 
477 
579 
298 
370 
483 
364 
390 
393 
583 
167 
651 
355 
629 
628 
402 
71 
8 
718 
21 
50 
99 
654 
706 
667 
192 
399 
514 
133 
431 
289 
322 
474 
173 
191 
369 
407 
354 
45 
616 
476 
218 
525 
594 
643 
457 
641 
467 
155 
200 
87 
527 
140 
156 
253 
439 
197 
345 
665 
3 
367 
579 
649 
302 
49 
189 
558 
70 
647 
270 
599 
600 
58 
627 
577 
604 
669 
277 
153 
437 
217 
230 
570 
154 
610 
388 
310 
163 
111 
595 
631 
540 
530 
533 
413 
195 
21 
23 
35 
695 
27 
603 
701 
48 
727 
684 
307 
282 
687 
535 
718 
28 
95 
581 
190 
304 
102 
65 
145 
561 
280 
668 
3 
233 
331 
720 
200 
267 
574 
394 
319 
286 
688 
419 
164 
339 
130 
2 
116 
284 
702 
578 
726 
376 
623 
149 
640 
171 
192 
23 
222 
360 
525 
119 
234 
57 
470 
29 
135 
731 
365 
353 
516 
155 
182 
434 
20 
188 
539 
317 
597 
496 
517 
610 
447 
390 
51 
521 
515 
185 
19 
80 
26 
670 
495 
385 
448 
681 
53 
475 
686 
700 
426 
685 
679 
637 
624 
322 
593 
626 
649 
10 
103 
188 
600 
625 
392 
195 
306 
70 
636 
271 
632 
526 
449 
370 
543 
411 
502 
342 
680 
486 
98 
252 
631 
553 
215 
260 
366 
78 
452 
119 
459 
318 
186 
23 
304 
535 
720 
137 
669 
58 
219 
319 
171 
281 
223 
151 
577 
599 
125 
86 
634 
725 
384 
494 
168 
736 
155 
708 
394 
630 
480 
310 
562 
337 
215 
185 
329 
240 
719 
587 
52 
280 
551 
268 
106 
51 
285 
309 
501 
380 
544 
578 
58 
433 
595 
304 
323 
16 
582 
627 
473 
658 
499 
391 
211 
472 
457 
204 
476 
372 
230 
655 
332 
224 
493 
670 
112 
523 
45 
185 
242 
575 
368 
559 
63 
521 
85 
465 
47 
543 
406 
456 
192 
647 
197 
208 
524 
413 
530 
232 
398 
483 
619 
281 
640 
222 
164 
86 
251 
725 
449 
10 
337 
523 
120 
93 
639 
679 
511 
388 
538 
239 
478 
680 
531 
202 
707 
240 
734 
543 
363 
360 
6 
696 
392 
376 
486 
672 
173 
209 
67 
452 
83 
158 
290 
4 
102 
324 
646 
163 
68 
108 
446 
464 
703 
374 
364 
619 
129 
333 
377 
287 
634 
738 
724 
692 
33 
325 
147 
503 
608 
676 
319 
8 
322 
607 
117 
508 
484 
689 
696 
72 
438 
140 
458 
35 
650 
637 
32 
3 
161 
388 
473 
239 
682 
539 
299 
450 
664 
681 
452 
482 
725 
51 
407 
715 
227 
69 
536 
582 
381 
81 
606 
701 
375 
467 
132 
501 
558 
67 
661 
84 
458 
382 
269 
196 
68 
395 
559 
296 
60 
185 
451 
571 
433 
466 
272 
543 
545 
478 
449 
74 
183 
582 
370 
385 
340 
308 
584 
201 
25 
4 
134 
401 
434 
76 
407 
634 
540 
640 
289 
425 
367 
10 
531 
443 
221 
359 
441 
473 
91 
260 
570 
321 
592 
710 
299 
504 
644 
469 
51 
712 
621 
276 
329 
13 
700 
661 
509 
554 
88 
448 
297 
468 
376 
311 
409 
564 
470 
71 
45 
450 
719 
179 
426 
593 
420 
493 
321 
10 
562 
146 
560 
429 
436 
256 
116 
8 
703 
234 
204 
388 
343 
642 
205 
547 
118 
347 
680 
586 
456 
387 
285 
24 
27 
309 
522 
124 
331 
275 
684 
535 
408 
495 
677 
348 
61 
602 
416 
227 
308 
479 
447 
195 
485 
249 
172 
459 
78 
482 
110 
534 
660 
64 
4 
630 
570 
253 
82 
523 
719 
218 
732 
521 
179 
247 
180 
212 
175 
437 
261 
164 
243 
488 
517 
561 
442 
473 
36 
486 
418 
625 
200 
643 
9 
194 
585 
310 
158 
125 
168 
226 
384 
38 
729 
567 
606 
311 
343 
339 
60 
656 
591 
404 
153 
89 
739 
695 
129 
450 
334 
658 
440 
210 
211 
281 
279 
376 
106 
24 
303 
417 
63 
12 
576 
346 
676 
460 
40 
325 
327 
372 
182 
589 
659 
77 
739 
472 
212 
592 
358 
214 
277 
100 
435 
15 
438 
650 
683 
652 
331 
547 
484 
205 
238 
337 
178 
451 
660 
725 
469 
290 
45 
300 
690 
459 
48 
320 
455 
146 
59 
43 
464 
249 
674 
518 
695 
291 
276 
254 
701 
432 
404 
353 
137 
660 
76 
311 
398 
661 
669 
240 
221 
78 
403 
14 
368 
647 
738 
308 
719 
17 
656 
651 
217 
37 
215 
535 
430 
11 
232 
16 
278 
578 
348 
129 
554 
376 
174 
670 
677 
563 
210 
641 
409 
532 
540 
373 
219 
402 
156 
463 
660 
398 
8 
194 
289 
143 
11 
388 
79 
694 
581 
65 
508 
597 
341 
219 
550 
331 
256 
736 
676 
406 
481 
447 
234 
448 
674 
152 
495 
308 
276 
379 
264 
13 
621 
640 
271 
427 
274 
106 
626 
123 
599 
165 
710 
665 
300 
40 
529 
115 
632 
399 
729 
327 
414 
193 
63 
631 
734 
80 
37 
394 
354 
488 
503 
86 
500 
116 
456 
728 
346 
75 
293 
56 
3 
255 
359 
415 
427 
725 
165 
450 
739 
416 
397 
512 
237 
443 
170 
23 
182 
248 
720 
282 
406 
576 
38 
610 
338 
724 
432 
59 
20 
196 
195 
398 
77 
252 
294 
532 
19 
417 
617 
740 
578 
662 
61 
92 
22 
388 
542 
649 
96 
641 
230 
535 
36 
211 
467 
69 
127 
134 
440 
560 
521 
80 
449 
356 
380 
291 
650 
194 
23 
257 
236 
65 
461 
702 
666 
425 
107 
39 
458 
608 
206 
78 
5 
95 
377 
296 
402 
528 
102 
394 
446 
14 
448 
341 
50 
218 
329 
74 
162 
454 
28 
145 
1 
665 
672 
521 
150 
553 
294 
438 
176 
513 
714 
360 
507 
637 
146 
477 
68 
324 
208 
179 
224 
164 
372 
43 
185 
30 
155 
63 
537 
583 
282 
272 
621 
73 
26 
55 
66 
344 
490 
559 
733 
338 
349 
348 
328 
640 
21 
143 
284 
656 
187 
730 
446 
60 
110 
156 
79 
235 
710 
262 
333 
388 
113 
219 
44 
699 
674 
336 
653 
144 
654 
82 
500 
521 
411 
165 
17 
424 
680 
420 
279 
518 
342 
656 
526 
0 
397 
43 
738 
517 
718 
167 
346 
9 
217 
399 
334 
418 
496 
237 
737 
524 
549 
92 
188 
221 
95 
14 
181 
387 
679 
376 
101 
33 
355 
513 
22 
78 
150 
628 
583 
485 
53 
330 
528 
632 
321 
407 
480 
541 
578 
55 
685 
42 
156 
278 
452 
258 
89 
418 
436 
454 
345 
307 
291 
466 
508 
185 
384 
596 
118 
57 
607 
394 
472 
236 
272 
63 
542 
134 
739 
537 
200 
441 
367 
624 
646 
643 
702 
157 
597 
274 
6 
366 
107 
626 
719 
460 
372 
110 
529 
229 
484 
536 
385 
395 
443 
539 
326 
549 
142 
601 
674 
413 
636 
695 
264 
672 
87 
208 
75 
407 
5 
45 
28 
504 
481 
166 
284 
126 
405 
43 
714 
401 
113 
497 
669 
128 
394 
89 
649 
282 
673 
454 
2 
697 
182 
572 
651 
609 
54 
168 
83 
329 
263 
147 
104 
580 
526 
177 
294 
492 
268 
517 
67 
221 
86 
270 
477 
382 
510 
133 
438 
34 
669 
373 
589 
217 
318 
168 
266 
222 
258 
672 
496 
369 
157 
395 
85 
116 
513 
673 
169 
637 
409 
616 
687 
653 
8 
479 
414 
407 
644 
228 
60 
348 
271 
482 
14 
495 
453 
676 
272 
577 
411 
262 
347 
629 
658 
329 
654 
37 
528 
0 
588 
299 
571 
279 
280 
467 
360 
490 
565 
128 
227 
308 
44 
8 
172 
515 
188 
698 
176 
547 
557 
662 
50 
242 
639 
686 
103 
685 
409 
503 
341 
61 
314 
470 
183 
110 
302 
19 
453 
734 
544 
521 
376 
684 
705 
178 
12 
657 
693 
345 
85 
119 
697 
139 
706 
24 
197 
117 
243 
375 
138 
540 
83 
738 
439 
458 
668 
711 
556 
633 
321 
306 
629 
389 
153 
713 
715 
75 
573 
719 
532 
177 
402 
100 
732 
678 
183 
162 
140 
107 
342 
219 
330 
548 
224 
461 
547 
121 
288 
34 
551 
423 
173 
667 
304 
360 
639 
114 
387 
572 
199 
694 
419 
730 
684 
61 
143 
708 
238 
723 
316 
65 
163 
683 
659 
579 
146 
167 
26 
640 
92 
368 
535 
438 
327 
599 
247 
700 
202 
711 
735 
513 
562 
516 
704 
307 
393 
472 
158 
11 
273 
671 
305 
698 
433 
663 
536 
696 
136 
482 
181 
244 
347 
109 
387 
460 
725 
504 
623 
469 
78 
154 
398 
396 
421 
723 
62 
369 
12 
309 
570 
688 
595 
175 
363 
548 
481 
454 
182 
71 
173 
238 
110 
286 
550 
653 
714 
523 
134 
418 
38 
644 
244 
606 
43 
351 
108 
61 
734 
498 
539 
150 
53 
188 
362 
312 
20 
126 
292 
8 
555 
47 
240 
436 
432 
3 
321 
450 
509 
609 
298 
426 
704 
114 
197 
471 
692 
232 
677 
648 
573 
571 
591 
95 
623 
729 
549 
276 
79 
362 
328 
211 
125 
716 
384 
32 
333 
687 
631 
460 
101 
160 
463 
226 
726 
663 
709 
367 
107 
407 
323 
721 
224 
719 
612 
35 
84 
499 
646 
293 
251 
109 
720 
146 
451 
541 
642 
677 
134 
90 
292 
182 
672 
21 
324 
120 
575 
574 
460 
463 
502 
81 
736 
70 
396 
26 
187 
238 
242 
488 
92 
418 
441 
354 
340 
703 
230 
139 
306 
422 
676 
387 
724 
731 
184 
193 
233 
99 
740 
686 
580 
460 
588 
110 
106 
61 
540 
226 
356 
208 
167 
573 
389 
367 
176 
495 
164 
537 
552 
629 
575 
134 
319 
253 
567 
92 
91 
472 
37 
252 
214 
68 
118 
105 
620 
656 
136 
275 
317 
32 
160 
576 
689 
547 
563 
493 
653 
259 
702 
626 
661 
677 
51 
198 
465 
177 
720 
332 
313 
158 
37 
551 
100 
164 
271 
381 
345 
594 
224 
529 
416 
307 
26 
466 
14 
205 
150 
481 
194 
576 
552 
54 
278 
195 
493 
571 
561 
732 
62 
43 
64 
174 
358 
545 
192 
462 
155 
482 
637 
727 
318 
110 
239 
279 
177 
555 
352 
121 
553 
501 
317 
497 
13 
708 
94 
392 
574 
123 
721 
461 
547 
376 
654 
299 
671 
58 
77 
597 
387 
362 
18 
363 
513 
150 
656 
409 
273 
30 
231 
678 
380 
230 
360 
367 
445 
80 
9 
156 
507 
617 
147 
494 
722 
384 
132 
119 
84 
552 
22 
561 
248 
628 
728 
511 
705 
433 
526 
309 
696 
296 
303 
100 
188 
58 
339 
321 
472 
212 
702 
699 
453 
292 
380 
328 
195 
213 
209 
487 
600 
442 
201 
143 
1 
16 
31 
118 
417 
82 
540 
495 
614 
679 
46 
394 
52 
154 
480 
450 
247 
490 
180 
421 
68 
691 
329 
446 
610 
28 
642 
660 
303 
351 
632 
346 
273 
104 
249 
198 
579 
13 
684 
261 
384 
466 
643 
101 
584 
140 
82 
689 
598 
225 
280 
339 
556 
360 
116 
649 
204 
711 
290 
469 
696 
176 
565 
675 
250 
536 
126 
455 
194 
282 
569 
592 
26 
202 
59 
719 
303 
395 
580 
479 
279 
537 
13 
351 
135 
240 
588 
141 
689 
510 
120 
655 
534 
64 
108 
227 
152 
514 
554 
334 
427 
314 
542 
160 
560 
598 
349 
73 
728 
581 
130 
706 
159 
154 
124 
509 
262 
731 
736 
565 
564 
467 
89 
483 
680 
206 
214 
519 
698 
1 
266 
362 
668 
342 
115 
549 
274 
398 
709 
539 
211 
258 
502 
229 
470 
26 
232 
646 
393 
526 
676 
195 
58 
131 
51 
82 
109 
294 
120 
682 
434 
134 
732 
731 
523 
450 
531 
364 
479 
275 
23 
318 
727 
650 
235 
351 
156 
244 
83 
27 
406 
626 
522 
396 
411 
22 
190 
571 
599 
357 
528 
386 
185 
155 
364 
440 
242 
629 
210 
547 
588 
129 
471 
283 
507 
649 
476 
623 
444 
247 
457 
443 
138 
515 
224 
717 
168 
257 
123 
227 
654 
407 
114 
211 
702 
414 
481 
553 
543 
732 
125 
200 
709 
420 
534 
289 
0 
14 
653 
445 
84 
392 
581 
385 
415 
455 
437 
603 
418 
317 
344 
670 
121 
480 
590 
269 
321 
411 
346 
168 
215 
496 
525 
646 
102 
326 
69 
17 
268 
628 
473 
396 
456 
5 
377 
466 
486 
713 
110 
690 
283 
507 
485 
195 
387 
209 
635 
631 
73 
617 
394 
326 
360 
676 
158 
694 
271 
692 
701 
7 
408 
414 
129 
298 
379 
197 
269 
524 
715 
532 
242 
681 
413 
247 
283 
258 
76 
166 
646 
725 
42 
378 
658 
207 
383 
588 
639 
582 
315 
691 
496 
9 
81 
147 
565 
24 
208 
290 
50 
328 
736 
536 
398 
686 
737 
626 
119 
129 
193 
537 
469 
87 
374 
46 
430 
62 
471 
641 
71 
568 
629 
312 
421 
533 
385 
315 
517 
429 
599 
128 
406 
407 
575 
638 
365 
31 
325 
348 
166 
341 
700 
103 
234 
542 
521 
565 
280 
559 
191 
490 
487 
30 
528 
119 
172 
100 
418 
616 
649 
392 
186 
178 
271 
641 
707 
218 
464 
56 
11 
400 
592 
739 
227 
179 
626 
9 
304 
614 
479 
505 
587 
579 
331 
216 
621 
738 
342 
77 
171 
483 
433 
346 
161 
639 
715 
584 
663 
144 
267 
113 
475 
223 
737 
599 
695 
42 
269 
526 
254 
462 
641 
448 
398 
112 
162 
678 
229 
552 
93 
85 
388 
661 
588 
18 
546 
323 
642 
281 
445 
664 
696 
498 
306 
330 
174 
231 
253 
9 
256 
673 
25 
703 
139 
482 
727 
108 
134 
129 
528 
295 
452 
475 
238 
614 
588 
615 
356 
594 
115 
64 
674 
729 
663 
533 
334 
280 
236 
649 
535 
554 
372 
386 
300 
154 
263 
128 
273 
699 
413 
722 
534 
552 
504 
417 
580 
734 
584 
399 
189 
1 
457 
687 
376 
216 
155 
15 
592 
247 
170 
146 
257 
186 
701 
277 
38 
323 
420 
223 
133 
370 
583 
653 
663 
409 
421 
509 
468 
271 
294 
169 
160 
694 
95 
494 
463 
721 
644 
96 
170 
394 
24 
447 
581 
159 
202 
579 
75 
241 
469 
726 
27 
532 
36 
1 
336 
536 
654 
459 
68 
81 
161 
446 
238 
695 
199 
411 
174 
308 
178 
382 
384 
622 
108 
240 
386 
496 
321 
42 
603 
66 
582 
680 
269 
46 
693 
340 
360 
104 
559 
557 
283 
684 
578 
315 
630 
378 
116 
598 
546 
112 
304 
48 
158 
529 
278 
501 
429 
124 
490 
642 
323 
606 
722 
682 
705 
348 
57 
556 
528 
396 
1 
172 
120 
292 
589 
549 
312 
406 
409 
346 
41 
247 
198 
107 
188 
119 
91 
391 
302 
439 
55 
273 
304 
218 
637 
724 
418 
623 
703 
299 
224 
174 
397 
361 
358 
495 
93 
18 
118 
19 
635 
337 
453 
737 
45 
394 
718 
145 
61 
71 
40 
83 
322 
657 
331 
740 
375 
116 
158 
660 
34 
407 
604 
144 
653 
463 
490 
362 
507 
333 
549 
637 
169 
608 
175 
223 
661 
288 
419 
696 
606 
344 
360 
299 
21 
6 
485 
176 
650 
677 
188 
309 
186 
525 
713 
528 
657 
721 
635 
623 
57 
402 
509 
37 
101 
90 
238 
271 
415 
631 
261 
429 
495 
405 
560 
115 
311 
489 
711 
615 
427 
155 
256 
194 
506 
474 
70 
299 
325 
371 
625 
484 
66 
335 
18 
434 
186 
206 
540 
431 
145 
133 
504 
14 
672 
88 
470 
641 
661 
71 
208 
416 
267 
50 
77 
181 
334 
633 
406 
571 
177 
693 
460 
79 
527 
184 
601 
273 
424 
391 
24 
200 
134 
354 
234 
38 
535 
306 
204 
703 
385 
599 
269 
619 
10 
293 
384 
222 
286 
501 
654 
247 
124 
631 
173 
584 
412 
562 
235 
669 
152 
11 
322 
290 
431 
740 
632 
207 
428 
411 
383 
123 
457 
281 
620 
546 
201 
291 
626 
179 
519 
724 
67 
436 
182 
82 
225 
444 
143 
254 
97 
177 
311 
474 
510 
586 
347 
652 
406 
78 
103 
452 
146 
171 
483 
432 
368 
543 
509 
279 
47 
478 
646 
196 
346 
637 
426 
521 
608 
479 
76 
507 
385 
739 
661 
325 
69 
329 
302 
130 
89 
554 
443 
253 
179 
261 
732 
415 
205 
30 
730 
651 
535 
613 
372 
68 
4 
715 
157 
94 
221 
475 
660 
575 
399 
479 
457 
455 
549 
485 
719 
605 
285 
506 
738 
703 
548 
129 
201 
667 
303 
272 
695 
385 
352 
378 
691 
401 
51 
155 
447 
602 
641 
110 
565 
393 
513 
50 
455 
309 
398 
126 
247 
404 
595 
187 
452 
31 
61 
679 
664 
635 
572 
407 
470 
213 
468 
588 
589 
119 
626 
537 
488 
442 
416 
104 
21 
581 
123 
206 
481 
282 
393 
2 
232 
333 
259 
460 
618 
484 
274 
538 
169 
413 
14 
310 
421 
308 
688 
563 
719 
522 
58 
659 
529 
266 
654 
639 
532 
420 
594 
685 
364 
533 
602 
72 
701 
572 
119 
461 
201 
459 
547 
527 
645 
599 
57 
85 
187 
482 
29 
100 
144 
78 
621 
319 
366 
554 
47 
273 
402 
368 
25 
534 
197 
181 
203 
513 
50 
499 
132 
654 
484 
23 
380 
48 
317 
432 
233 
613 
171 
105 
298 
705 
454 
113 
652 
85 
665 
636 
530 
250 
275 
80 
287 
660 
580 
58 
675 
218 
173 
360 
116 
536 
353 
405 
308 
70 
689 
235 
639 
730 
488 
387 
39 
251 
18 
470 
507 
513 
72 
279 
174 
394 
623 
92 
444 
79 
543 
102 
270 
643 
374 
459 
331 
60 
194 
422 
621 
6 
474 
570 
573 
223 
86 
126 
260 
620 
68 
44 
0 
125 
330 
286 
16 
520 
13 
83 
448 
686 
398 
596 
162 
666 
626 
133 
168 
131 
726 
633 
410 
442 
338 
521 
99 
659 
306 
667 
324 
508 
654 
702 
628 
466 
187 
195 
483 
636 
347 
198 
304 
231 
544 
503 
668 
177 
677 
124 
494 
59 
550 
260 
446 
409 
732 
417 
119 
435 
66 
694 
715 
354 
490 
81 
531 
450 
319 
424 
455 
498 
655 
270 
28 
623 
114 
549 
51 
627 
94 
83 
112 
228 
281 
355 
644 
21 
619 
178 
677 
136 
576 
536 
667 
22 
154 
135 
699 
289 
345 
560 
344 
555 
282 
73 
675 
201 
412 
402 
41 
518 
622 
434 
240 
271 
290 
689 
532 
408 
134 
696 
727 
512 
149 
441 
483 
556 
248 
494 
373 
409 
417 
731 
210 
406 
80 
197 
379 
151 
691 
364 
718 
464 
510 
517 
291 
346 
452 
490 
729 
109 
77 
124 
9 
439 
256 
633 
245 
330 
425 
682 
667 
418 
102 
298 
55 
578 
4 
162 
267 
563 
481 
347 
110 
621 
148 
234 
157 
394 
688 
477 
22 
129 
143 
499 
99 
300 
624 
723 
733 
128 
10 
44 
224 
541 
410 
574 
171 
564 
720 
655 
554 
183 
652 
391 
629 
437 
418 
436 
639 
207 
590 
98 
19 
151 
462 
460 
347 
557 
266 
619 
344 
89 
490 
353 
527 
714 
443 
194 
645 
737 
309 
697 
197 
336 
535 
568 
270 
457 
362 
682 
68 
199 
694 
591 
482 
371 
153 
67 
351 
501 
154 
184 
587 
609 
719 
355 
726 
280 
629 
269 
308 
343 
634 
116 
117 
488 
695 
651 
118 
327 
570 
575 
548 
137 
80 
538 
170 
454 
508 
60 
533 
617 
678 
144 
692 
311 
107 
338 
415 
425 
605 
243 
351 
529 
667 
185 
467 
329 
598 
97 
183 
494 
158 
366 
573 
475 
115 
217 
93 
268 
671 
731 
448 
557 
349 
14 
65 
656 
664 
247 
289 
690 
607 
315 
410 
280 
610 
283 
236 
718 
691 
719 
317 
343 
245 
650 
666 
503 
536 
505 
654 
132 
586 
331 
44 
447 
88 
701 
342 
677 
77 
624 
354 
235 
685 
533 
470 
448 
554 
26 
501 
175 
506 
732 
433 
492 
158 
532 
627 
250 
412 
411 
669 
91 
132 
366 
721 
88 
543 
174 
120 
678 
455 
514 
115 
413 
654 
96 
231 
418 
195 
421 
499 
85 
342 
105 
196 
364 
361 
491 
668 
188 
354 
673 
23 
107 
305 
685 
277 
653 
124 
435 
51 
451 
170 
98 
727 
144 
603 
241 
385 
352 
447 
70 
528 
623 
698 
680 
261 
284 
115 
602 
4 
551 
391 
719 
140 
735 
77 
90 
476 
394 
573 
376 
655 
572 
156 
532 
672 
81 
58 
564 
150 
473 
463 
27 
708 
292 
53 
630 
358 
362 
144 
396 
325 
554 
91 
174 
99 
628 
671 
370 
596 
452 
508 
258 
501 
386 
731 
204 
269 
54 
5 
667 
538 
588 
179 
70 
51 
625 
694 
105 
45 
457 
551 
593 
47 
284 
688 
682 
16 
230 
195 
460 
133 
701 
672 
178 
150 
273 
58 
141 
368 
186 
719 
12 
55 
420 
155 
499 
451 
156 
459 
478 
328 
257 
267 
202 
733 
83 
476 
320 
104 
509 
498 
232 
662 
490 
265 
15 
260 
546 
473 
479 
293 
453 
347 
658 
178 
5 
599 
292 
264 
515 
532 
215 
373 
258 
714 
268 
580 
2 
348 
98 
13 
244 
388 
529 
517 
176 
218 
708 
142 
603 
189 
496 
95 
538 
396 
110 
354 
65 
540 
658 
668 
207 
281 
127 
536 
435 
458 
287 
713 
619 
85 
364 
177 
621 
104 
366 
247 
714 
71 
329 
183 
346 
426 
376 
67 
499 
531 
314 
316 
372 
42 
433 
709 
185 
654 
548 
181 
405 
495 
352 
427 
698 
83 
644 
497 
258 
213 
570 
406 
24 
416 
379 
501 
151 
31 
582 
278 
359 
422 
240 
549 
310 
152 
131 
697 
645 
120 
196 
