24 
89 
26 
77 
2 
16 
40 
83 
60 
68 
73 
106 
55 
75 
61 
63 
11 
95 
89 
1 
87 
65 
79 
92 
83 
7 
77 
10 
101 
38 
73 
98 
28 
20 
36 
69 
80 
82 
12 
64 
6 
86 
71 
9 
21 
29 
3 
47 
89 
2 
37 
72 
67 
73 
55 
105 
53 
6 
13 
7 
20 
60 
84 
83 
36 
62 
41 
70 
92 
38 
75 
101 
58 
16 
80 
12 
106 
96 
46 
40 
4 
16 
61 
55 
32 
64 
30 
33 
89 
100 
36 
65 
20 
73 
53 
74 
2 
57 
68 
71 
87 
13 
92 
18 
101 
21 
42 
103 
4 
69 
39 
17 
7 
27 
47 
23 
40 
81 
76 
53 
80 
21 
98 
51 
43 
83 
91 
27 
97 
12 
54 
90 
13 
10 
58 
66 
0 
82 
11 
5 
59 
78 
70 
106 
102 
94 
48 
28 
2 
72 
86 
34 
77 
50 
7 
1 
38 
31 
80 
44 
53 
60 
97 
4 
24 
95 
6 
9 
58 
47 
56 
15 
87 
3 
57 
92 
74 
40 
75 
98 
10 
18 
9 
45 
62 
77 
94 
39 
53 
64 
21 
30 
28 
43 
91 
79 
13 
38 
99 
20 
24 
48 
98 
93 
76 
29 
42 
68 
23 
33 
2 
40 
65 
12 
105 
30 
10 
92 
17 
6 
60 
41 
78 
20 
15 
48 
27 
83 
32 
102 
104 
101 
100 
106 
23 
70 
55 
87 
64 
58 
52 
68 
4 
11 
37 
48 
103 
12 
38 
67 
86 
104 
1 
99 
61 
81 
39 
29 
62 
40 
100 
82 
17 
20 
11 
65 
36 
47 
79 
33 
103 
8 
15 
88 
93 
42 
32 
61 
66 
4 
92 
12 
80 
14 
89 
40 
52 
47 
68 
31 
70 
10 
13 
66 
7 
43 
97 
44 
1 
102 
17 
93 
47 
53 
91 
106 
51 
29 
74 
103 
101 
40 
59 
55 
4 
87 
36 
102 
77 
7 
5 
3 
2 
104 
12 
93 
89 
17 
57 
84 
91 
69 
16 
92 
11 
70 
47 
49 
42 
58 
98 
99 
71 
36 
5 
63 
3 
46 
87 
52 
75 
76 
93 
23 
54 
45 
53 
90 
27 
47 
17 
12 
28 
39 
92 
42 
106 
101 
22 
57 
7 
82 
16 
14 
33 
56 
64 
81 
89 
6 
4 
91 
29 
40 
21 
27 
49 
43 
53 
87 
105 
16 
10 
28 
32 
30 
45 
31 
55 
60 
18 
41 
97 
104 
27 
9 
2 
35 
16 
23 
89 
62 
53 
20 
5 
43 
61 
93 
97 
39 
47 
30 
83 
49 
48 
89 
92 
64 
0 
98 
103 
15 
86 
93 
30 
2 
37 
13 
72 
23 
59 
92 
67 
66 
89 
106 
28 
57 
71 
39 
54 
63 
104 
64 
86 
37 
69 
85 
14 
29 
89 
22 
5 
36 
4 
51 
7 
95 
9 
31 
74 
105 
28 
75 
76 
88 
44 
80 
64 
48 
59 
4 
16 
1 
83 
68 
96 
26 
29 
99 
0 
100 
104 
57 
60 
12 
69 
106 
20 
35 
97 
71 
65 
43 
49 
47 
77 
30 
98 
84 
40 
63 
10 
62 
36 
4 
45 
85 
15 
104 
58 
96 
86 
75 
59 
14 
38 
27 
41 
53 
77 
56 
82 
23 
47 
64 
103 
92 
51 
84 
49 
89 
72 
8 
31 
32 
1 
53 
78 
67 
42 
22 
97 
39 
54 
87 
92 
34 
65 
20 
86 
28 
90 
70 
2 
93 
106 
49 
79 
27 
105 
9 
29 
63 
14 
12 
40 
20 
93 
52 
38 
18 
89 
97 
72 
27 
60 
79 
77 
7 
64 
15 
58 
44 
11 
77 
74 
29 
105 
4 
22 
34 
47 
23 
94 
97 
28 
71 
54 
65 
33 
106 
40 
59 
101 
21 
27 
31 
76 
99 
46 
83 
63 
74 
69 
48 
12 
45 
86 
68 
66 
91 
25 
82 
100 
17 
72 
28 
51 
6 
75 
14 
56 
38 
63 
0 
44 
31 
105 
11 
83 
30 
35 
29 
7 
54 
77 
20 
51 
33 
89 
38 
93 
32 
16 
96 
40 
63 
47 
94 
12 
48 
19 
62 
78 
53 
30 
52 
14 
2 
12 
39 
58 
8 
38 
44 
37 
31 
15 
105 
34 
70 
98 
11 
80 
0 
86 
60 
92 
1 
59 
52 
2 
36 
95 
94 
63 
23 
11 
80 
7 
51 
16 
61 
79 
68 
65 
97 
87 
30 
27 
10 
66 
32 
96 
91 
12 
85 
25 
22 
92 
33 
52 
95 
81 
8 
14 
29 
20 
94 
18 
0 
85 
38 
7 
13 
26 
32 
28 
101 
40 
2 
30 
99 
58 
105 
83 
55 
46 
31 
54 
89 
47 
74 
51 
44 
79 
50 
92 
86 
101 
42 
96 
68 
105 
33 
102 
45 
54 
47 
70 
77 
78 
14 
52 
56 
34 
50 
59 
57 
65 
49 
51 
61 
43 
2 
19 
29 
39 
28 
76 
94 
55 
37 
78 
91 
105 
44 
48 
38 
101 
98 
71 
69 
77 
33 
82 
65 
39 
63 
2 
80 
51 
92 
84 
90 
60 
4 
38 
61 
16 
94 
32 
97 
31 
1 
21 
28 
56 
74 
18 
89 
47 
12 
38 
101 
81 
29 
51 
27 
13 
14 
16 
77 
84 
45 
64 
67 
23 
58 
85 
78 
4 
106 
92 
55 
2 
75 
12 
76 
39 
57 
103 
26 
38 
101 
28 
16 
47 
44 
32 
7 
31 
87 
93 
48 
0 
96 
89 
34 
14 
102 
80 
94 
74 
35 
52 
17 
13 
93 
60 
62 
81 
8 
29 
106 
97 
51 
28 
18 
23 
58 
57 
13 
103 
85 
77 
30 
56 
94 
93 
25 
67 
105 
10 
17 
6 
49 
102 
11 
15 
85 
31 
74 
80 
101 
19 
0 
22 
27 
54 
32 
20 
59 
38 
96 
103 
98 
87 
2 
34 
89 
77 
23 
71 
10 
37 
36 
28 
11 
29 
85 
91 
76 
83 
67 
65 
39 
102 
14 
44 
34 
92 
25 
46 
101 
20 
68 
12 
69 
96 
106 
38 
27 
78 
56 
93 
62 
73 
50 
16 
105 
36 
48 
75 
6 
28 
2 
0 
100 
77 
8 
104 
59 
30 
7 
51 
74 
41 
62 
89 
94 
67 
79 
30 
46 
59 
43 
81 
54 
58 
69 
73 
8 
48 
1 
2 
14 
89 
42 
41 
51 
53 
49 
24 
104 
94 
71 
86 
7 
44 
18 
59 
38 
22 
84 
2 
61 
68 
27 
5 
35 
93 
86 
56 
54 
16 
26 
62 
74 
52 
21 
48 
2 
29 
78 
13 
57 
12 
28 
32 
79 
95 
24 
89 
44 
0 
47 
94 
11 
58 
38 
104 
14 
100 
77 
22 
36 
61 
71 
50 
60 
97 
44 
65 
33 
30 
80 
12 
102 
18 
71 
16 
28 
27 
51 
98 
81 
26 
2 
86 
80 
70 
22 
34 
96 
19 
32 
57 
15 
16 
43 
29 
33 
101 
39 
105 
78 
44 
74 
8 
20 
47 
68 
86 
42 
37 
26 
60 
87 
4 
27 
41 
93 
16 
14 
33 
106 
38 
70 
49 
23 
50 
62 
71 
83 
29 
17 
98 
95 
48 
7 
38 
43 
46 
69 
36 
84 
66 
80 
52 
14 
0 
103 
23 
54 
94 
20 
24 
102 
85 
60 
87 
74 
29 
4 
37 
97 
43 
57 
96 
12 
15 
89 
100 
63 
95 
14 
47 
48 
102 
42 
83 
75 
36 
85 
71 
101 
52 
7 
13 
92 
69 
81 
12 
4 
22 
65 
94 
1 
70 
79 
62 
68 
25 
21 
61 
43 
42 
27 
46 
105 
32 
6 
47 
89 
38 
14 
69 
49 
103 
46 
20 
29 
17 
1 
71 
87 
63 
12 
67 
79 
33 
52 
54 
106 
65 
62 
99 
104 
11 
6 
58 
14 
96 
38 
97 
4 
88 
2 
21 
78 
3 
92 
15 
8 
105 
31 
26 
30 
44 
27 
84 
1 
33 
18 
41 
4 
6 
104 
86 
98 
102 
2 
46 
21 
81 
79 
56 
39 
44 
85 
89 
42 
83 
24 
36 
97 
43 
59 
9 
34 
70 
86 
87 
44 
14 
55 
4 
46 
2 
40 
6 
80 
39 
66 
60 
16 
93 
30 
21 
62 
96 
98 
84 
53 
59 
48 
17 
102 
29 
47 
104 
58 
45 
76 
65 
23 
35 
56 
38 
85 
62 
12 
92 
37 
50 
88 
10 
71 
65 
44 
8 
33 
101 
60 
30 
99 
89 
78 
57 
39 
45 
91 
51 
23 
59 
63 
2 
80 
49 
43 
14 
17 
106 
41 
91 
32 
37 
15 
95 
21 
2 
28 
54 
55 
30 
52 
98 
63 
51 
12 
99 
83 
93 
59 
8 
1 
49 
60 
89 
46 
66 
105 
14 
38 
11 
68 
91 
72 
74 
63 
53 
30 
78 
25 
97 
79 
34 
4 
13 
83 
104 
94 
40 
70 
31 
99 
87 
17 
43 
38 
55 
2 
7 
86 
52 
77 
78 
79 
21 
12 
44 
81 
35 
83 
87 
92 
100 
102 
67 
29 
59 
56 
65 
94 
7 
68 
89 
70 
42 
105 
20 
58 
10 
27 
16 
28 
95 
41 
13 
103 
79 
38 
51 
82 
4 
92 
9 
94 
73 
81 
68 
83 
85 
97 
59 
3 
42 
4 
45 
65 
18 
1 
67 
14 
78 
103 
94 
46 
23 
96 
30 
0 
101 
51 
88 
95 
15 
105 
64 
93 
8 
39 
10 
43 
58 
80 
16 
97 
20 
62 
28 
100 
69 
50 
37 
106 
43 
56 
87 
1 
24 
6 
48 
22 
66 
53 
28 
59 
44 
72 
105 
9 
31 
40 
52 
4 
88 
65 
75 
43 
67 
25 
74 
48 
12 
2 
47 
36 
35 
7 
23 
32 
94 
43 
82 
73 
13 
91 
2 
15 
64 
4 
3 
27 
96 
44 
54 
11 
35 
86 
38 
12 
68 
94 
13 
46 
70 
55 
30 
66 
43 
28 
105 
39 
60 
32 
77 
83 
106 
102 
37 
91 
2 
19 
104 
56 
49 
54 
16 
51 
74 
4 
93 
33 
12 
34 
66 
91 
80 
92 
65 
27 
39 
98 
31 
40 
101 
69 
53 
61 
52 
2 
96 
94 
48 
22 
33 
99 
38 
63 
11 
86 
15 
77 
55 
76 
97 
47 
81 
7 
70 
93 
41 
67 
96 
8 
43 
49 
17 
34 
91 
59 
82 
37 
35 
30 
12 
89 
60 
79 
40 
102 
104 
53 
54 
87 
86 
7 
106 
0 
41 
84 
78 
83 
68 
59 
57 
38 
21 
4 
33 
9 
11 
89 
30 
18 
94 
93 
70 
36 
105 
44 
7 
38 
82 
68 
101 
47 
64 
12 
56 
4 
33 
48 
62 
63 
51 
77 
65 
50 
32 
83 
0 
31 
25 
29 
2 
96 
1 
94 
55 
54 
59 
73 
16 
47 
35 
89 
36 
20 
66 
14 
101 
12 
26 
34 
8 
51 
24 
77 
19 
39 
68 
80 
56 
61 
86 
25 
63 
17 
91 
20 
85 
31 
104 
38 
43 
2 
93 
11 
69 
42 
78 
99 
82 
63 
3 
55 
28 
75 
105 
101 
60 
58 
106 
12 
51 
80 
94 
103 
38 
59 
93 
102 
27 
9 
91 
55 
11 
99 
40 
12 
38 
69 
51 
46 
89 
64 
6 
106 
83 
0 
71 
87 
75 
17 
60 
88 
105 
48 
49 
38 
20 
4 
55 
57 
69 
82 
23 
24 
33 
53 
86 
13 
41 
32 
103 
26 
95 
14 
17 
51 
94 
59 
87 
62 
3 
71 
29 
39 
89 
102 
4 
52 
7 
104 
2 
84 
16 
63 
37 
92 
86 
0 
38 
8 
25 
57 
11 
15 
53 
79 
4 
94 
5 
100 
101 
14 
47 
87 
39 
83 
42 
60 
90 
70 
7 
27 
106 
96 
102 
83 
10 
87 
58 
23 
0 
4 
6 
20 
48 
24 
98 
105 
17 
42 
39 
3 
18 
80 
41 
44 
94 
35 
87 
91 
14 
10 
68 
60 
93 
53 
36 
82 
12 
17 
73 
2 
67 
33 
104 
23 
59 
78 
80 
55 
85 
61 
42 
32 
22 
72 
65 
105 
38 
14 
106 
86 
0 
83 
89 
51 
20 
48 
97 
2 
28 
62 
89 
48 
39 
58 
38 
97 
2 
72 
64 
63 
6 
20 
90 
53 
13 
73 
62 
28 
37 
77 
21 
27 
24 
3 
42 
51 
67 
7 
59 
5 
11 
62 
64 
47 
70 
104 
12 
101 
73 
87 
78 
99 
52 
20 
96 
75 
65 
37 
102 
32 
51 
39 
61 
86 
30 
44 
105 
7 
2 
4 
58 
80 
94 
28 
36 
93 
0 
97 
29 
16 
84 
43 
103 
48 
106 
101 
53 
79 
4 
22 
64 
37 
49 
104 
21 
20 
51 
83 
69 
73 
76 
58 
7 
91 
16 
50 
35 
87 
6 
54 
27 
72 
5 
93 
26 
37 
92 
48 
0 
104 
17 
22 
12 
105 
16 
55 
61 
36 
95 
26 
53 
96 
74 
69 
20 
75 
38 
47 
28 
11 
17 
101 
79 
89 
4 
80 
8 
65 
99 
33 
31 
1 
102 
55 
78 
43 
42 
40 
106 
20 
104 
32 
37 
79 
103 
52 
94 
47 
84 
4 
98 
62 
27 
51 
26 
75 
16 
1 
64 
31 
8 
11 
4 
44 
54 
65 
32 
19 
45 
34 
50 
66 
13 
14 
59 
93 
73 
53 
28 
24 
37 
49 
20 
40 
61 
68 
104 
43 
82 
33 
70 
54 
16 
94 
17 
77 
18 
14 
78 
60 
3 
47 
34 
80 
61 
95 
65 
27 
102 
5 
22 
7 
92 
23 
2 
29 
43 
38 
0 
36 
20 
4 
95 
101 
12 
57 
79 
106 
70 
46 
28 
103 
86 
39 
48 
94 
16 
54 
84 
91 
66 
92 
61 
70 
50 
89 
87 
6 
43 
38 
7 
3 
52 
102 
103 
68 
19 
63 
58 
47 
64 
106 
92 
11 
36 
100 
91 
59 
30 
94 
3 
32 
25 
48 
78 
88 
79 
31 
90 
103 
4 
37 
72 
39 
57 
9 
65 
81 
16 
64 
73 
86 
1 
100 
20 
85 
27 
33 
14 
29 
0 
15 
104 
94 
51 
7 
106 
52 
28 
5 
27 
4 
65 
86 
12 
61 
75 
83 
63 
57 
24 
69 
38 
6 
46 
29 
4 
8 
47 
17 
11 
96 
94 
100 
28 
42 
43 
39 
65 
58 
98 
71 
6 
105 
89 
14 
84 
40 
95 
59 
79 
91 
21 
49 
67 
38 
24 
41 
83 
34 
31 
3 
7 
75 
95 
105 
79 
66 
89 
1 
28 
106 
45 
91 
103 
104 
93 
51 
60 
3 
6 
87 
50 
10 
0 
97 
66 
78 
16 
94 
77 
36 
101 
20 
47 
60 
63 
105 
23 
54 
106 
44 
55 
30 
92 
81 
12 
32 
42 
0 
78 
43 
102 
36 
6 
100 
19 
38 
60 
25 
77 
13 
99 
106 
50 
16 
93 
44 
66 
54 
47 
49 
3 
69 
90 
30 
82 
4 
33 
51 
14 
0 
57 
56 
40 
46 
102 
35 
44 
58 
12 
47 
92 
21 
93 
28 
91 
89 
88 
2 
84 
18 
80 
79 
90 
58 
82 
46 
75 
29 
0 
94 
95 
96 
72 
66 
105 
3 
98 
77 
37 
21 
101 
30 
38 
71 
51 
31 
58 
95 
49 
55 
102 
64 
50 
99 
59 
89 
92 
32 
0 
43 
78 
48 
70 
11 
12 
16 
79 
8 
101 
74 
36 
39 
58 
85 
80 
104 
9 
62 
21 
37 
77 
95 
10 
50 
97 
24 
47 
54 
7 
94 
28 
46 
5 
68 
40 
38 
75 
71 
14 
66 
81 
17 
51 
4 
82 
105 
101 
16 
2 
10 
34 
37 
76 
73 
36 
14 
15 
89 
20 
17 
9 
6 
68 
55 
80 
71 
94 
23 
33 
62 
44 
12 
28 
93 
37 
53 
96 
29 
79 
21 
103 
92 
39 
56 
51 
43 
75 
101 
50 
19 
16 
26 
4 
78 
79 
14 
93 
28 
15 
10 
21 
13 
87 
2 
11 
51 
43 
86 
6 
22 
82 
97 
64 
100 
67 
69 
95 
18 
59 
90 
38 
49 
10 
77 
0 
105 
80 
55 
16 
31 
83 
36 
32 
20 
37 
68 
50 
65 
51 
40 
8 
14 
11 
74 
29 
47 
69 
49 
52 
66 
88 
104 
36 
60 
62 
33 
8 
92 
59 
76 
73 
15 
51 
86 
37 
102 
81 
30 
53 
89 
38 
95 
49 
1 
61 
32 
68 
26 
66 
29 
46 
75 
20 
101 
3 
44 
4 
5 
30 
57 
49 
7 
37 
14 
32 
20 
94 
46 
87 
66 
62 
48 
12 
4 
6 
13 
102 
33 
51 
26 
96 
89 
82 
58 
70 
37 
41 
63 
85 
103 
32 
30 
39 
93 
14 
2 
62 
46 
67 
81 
104 
22 
33 
83 
28 
35 
49 
44 
51 
79 
47 
87 
30 
69 
32 
33 
4 
77 
92 
55 
54 
102 
101 
24 
80 
12 
36 
70 
60 
78 
14 
105 
35 
93 
23 
57 
54 
100 
75 
83 
63 
79 
2 
94 
28 
6 
37 
50 
42 
20 
73 
93 
29 
64 
8 
12 
15 
78 
89 
86 
99 
2 
51 
106 
17 
90 
47 
103 
84 
104 
61 
48 
92 
81 
101 
35 
77 
85 
86 
16 
27 
30 
97 
5 
79 
1 
38 
2 
37 
43 
80 
72 
54 
87 
48 
41 
65 
62 
38 
22 
104 
11 
32 
12 
33 
44 
70 
56 
86 
98 
78 
1 
94 
97 
37 
96 
92 
43 
62 
48 
16 
105 
38 
28 
52 
80 
23 
45 
53 
104 
87 
58 
93 
67 
101 
14 
2 
106 
59 
90 
103 
85 
57 
97 
48 
13 
75 
80 
86 
89 
35 
62 
46 
39 
37 
31 
43 
23 
24 
14 
6 
73 
60 
15 
72 
13 
0 
100 
82 
17 
79 
93 
85 
41 
102 
39 
65 
20 
19 
34 
95 
36 
7 
75 
51 
80 
6 
18 
101 
63 
16 
92 
73 
17 
57 
58 
45 
27 
31 
33 
94 
91 
92 
59 
23 
35 
89 
87 
37 
32 
8 
86 
71 
4 
103 
74 
0 
44 
57 
52 
41 
34 
19 
2 
105 
25 
70 
99 
79 
83 
23 
100 
94 
13 
61 
89 
53 
30 
54 
69 
106 
71 
80 
62 
29 
92 
27 
15 
7 
102 
86 
2 
36 
58 
89 
8 
83 
30 
56 
67 
74 
94 
62 
70 
75 
44 
61 
24 
2 
11 
5 
6 
33 
88 
32 
93 
22 
50 
99 
29 
19 
13 
55 
82 
87 
105 
92 
97 
80 
20 
90 
48 
25 
56 
59 
101 
73 
2 
77 
81 
24 
54 
4 
44 
21 
6 
87 
66 
64 
51 
58 
14 
53 
47 
86 
12 
31 
32 
13 
59 
68 
2 
103 
97 
40 
62 
46 
84 
91 
81 
77 
101 
19 
7 
61 
66 
87 
45 
51 
2 
50 
76 
14 
4 
15 
95 
16 
55 
68 
23 
34 
97 
99 
101 
17 
10 
87 
78 
104 
1 
50 
94 
49 
60 
92 
82 
6 
27 
54 
80 
100 
31 
85 
30 
52 
29 
0 
97 
53 
83 
63 
56 
7 
82 
59 
11 
74 
64 
65 
62 
23 
46 
35 
26 
43 
28 
17 
70 
5 
77 
1 
34 
33 
60 
68 
81 
85 
23 
105 
96 
76 
51 
61 
31 
56 
65 
9 
36 
54 
89 
30 
43 
46 
74 
78 
16 
72 
97 
32 
53 
1 
2 
91 
52 
15 
102 
103 
55 
33 
44 
4 
39 
7 
42 
54 
75 
3 
101 
84 
27 
69 
94 
22 
64 
92 
20 
93 
12 
2 
98 
60 
8 
32 
105 
74 
25 
49 
63 
38 
66 
9 
34 
103 
94 
61 
87 
21 
106 
46 
67 
62 
43 
51 
17 
37 
85 
104 
26 
50 
42 
7 
36 
0 
29 
61 
31 
48 
30 
47 
92 
23 
88 
82 
27 
87 
78 
59 
8 
102 
35 
75 
45 
79 
86 
67 
71 
68 
58 
38 
3 
10 
54 
7 
47 
20 
11 
19 
1 
62 
99 
40 
103 
0 
34 
69 
73 
27 
89 
55 
101 
100 
50 
28 
97 
35 
11 
92 
56 
64 
75 
80 
58 
87 
38 
79 
65 
57 
30 
29 
62 
64 
70 
96 
103 
20 
81 
13 
73 
47 
97 
46 
14 
38 
10 
44 
45 
99 
88 
35 
49 
43 
86 
58 
52 
20 
48 
94 
77 
66 
62 
13 
18 
33 
59 
104 
102 
82 
8 
50 
68 
61 
76 
63 
7 
47 
42 
14 
27 
34 
87 
70 
105 
79 
106 
38 
58 
31 
54 
64 
25 
83 
46 
43 
20 
36 
59 
2 
80 
17 
11 
0 
34 
87 
39 
1 
104 
63 
18 
23 
42 
48 
100 
62 
72 
20 
94 
49 
93 
6 
11 
43 
87 
41 
79 
102 
38 
59 
103 
3 
32 
26 
75 
47 
48 
7 
95 
83 
14 
5 
31 
6 
10 
18 
58 
57 
92 
45 
46 
20 
91 
60 
84 
77 
49 
11 
16 
34 
105 
33 
14 
61 
8 
87 
67 
7 
10 
32 
69 
6 
15 
29 
58 
27 
104 
40 
45 
97 
1 
55 
67 
34 
86 
103 
99 
100 
40 
68 
47 
3 
75 
33 
55 
98 
18 
29 
32 
31 
17 
65 
87 
42 
91 
23 
28 
106 
52 
94 
67 
50 
26 
45 
63 
44 
30 
97 
36 
82 
92 
98 
33 
1 
4 
99 
76 
54 
68 
5 
60 
106 
91 
43 
44 
29 
10 
46 
6 
55 
17 
22 
79 
63 
26 
69 
53 
77 
105 
19 
64 
37 
44 
96 
102 
27 
40 
34 
65 
55 
46 
94 
89 
87 
47 
41 
58 
13 
19 
14 
0 
101 
20 
81 
83 
86 
104 
31 
38 
52 
99 
74 
87 
97 
49 
44 
28 
41 
29 
32 
5 
81 
47 
27 
60 
98 
77 
66 
100 
51 
0 
94 
105 
45 
88 
63 
13 
65 
64 
24 
57 
90 
67 
40 
99 
83 
29 
3 
80 
33 
44 
14 
86 
46 
2 
42 
56 
1 
89 
26 
28 
25 
27 
47 
101 
11 
92 
81 
78 
75 
32 
96 
79 
70 
29 
28 
45 
97 
77 
93 
2 
83 
49 
101 
1 
39 
68 
14 
51 
12 
105 
94 
47 
6 
85 
10 
44 
5 
90 
3 
17 
41 
88 
36 
42 
16 
34 
10 
59 
8 
14 
67 
87 
12 
32 
6 
37 
69 
17 
4 
2 
13 
55 
30 
15 
40 
66 
20 
47 
82 
56 
78 
59 
25 
85 
11 
101 
31 
81 
36 
87 
23 
72 
69 
39 
68 
14 
24 
79 
4 
2 
30 
35 
54 
13 
63 
70 
7 
86 
56 
17 
84 
71 
92 
40 
23 
75 
46 
68 
51 
1 
77 
87 
78 
54 
69 
89 
25 
58 
94 
17 
48 
1 
11 
41 
45 
38 
60 
46 
78 
102 
27 
99 
43 
68 
54 
67 
83 
8 
11 
55 
94 
2 
16 
31 
18 
6 
41 
88 
38 
78 
46 
1 
14 
69 
101 
77 
29 
68 
102 
70 
81 
3 
15 
48 
98 
25 
30 
83 
26 
16 
63 
74 
7 
105 
32 
76 
36 
38 
71 
35 
70 
41 
39 
51 
65 
96 
79 
7 
94 
3 
86 
52 
31 
10 
83 
32 
34 
42 
57 
89 
9 
1 
101 
73 
64 
56 
91 
69 
66 
40 
79 
34 
19 
3 
74 
4 
62 
94 
85 
17 
12 
68 
33 
83 
1 
87 
2 
48 
51 
47 
45 
62 
99 
61 
55 
38 
8 
20 
3 
9 
43 
91 
66 
90 
19 
14 
26 
94 
64 
1 
33 
51 
42 
32 
54 
71 
103 
44 
87 
46 
7 
99 
63 
82 
89 
39 
5 
53 
28 
4 
96 
10 
18 
62 
103 
34 
57 
16 
23 
61 
100 
76 
49 
1 
77 
94 
14 
70 
8 
37 
106 
47 
28 
26 
6 
12 
2 
91 
48 
97 
42 
7 
58 
101 
56 
16 
53 
20 
52 
102 
27 
99 
38 
87 
88 
34 
105 
51 
68 
1 
54 
47 
84 
4 
65 
106 
16 
36 
57 
59 
62 
95 
29 
89 
15 
87 
92 
63 
81 
14 
23 
28 
49 
101 
18 
12 
21 
76 
41 
71 
33 
20 
84 
24 
55 
8 
75 
94 
4 
97 
7 
17 
3 
54 
5 
43 
6 
15 
95 
52 
92 
38 
58 
25 
20 
47 
44 
96 
41 
61 
86 
8 
69 
12 
55 
97 
29 
83 
93 
28 
73 
49 
103 
64 
67 
51 
92 
54 
57 
53 
87 
33 
13 
47 
10 
31 
66 
59 
5 
7 
80 
62 
4 
82 
52 
17 
58 
73 
75 
20 
34 
31 
47 
103 
14 
27 
53 
10 
87 
92 
78 
51 
80 
40 
13 
67 
76 
94 
93 
8 
6 
73 
89 
91 
38 
17 
49 
55 
62 
80 
10 
42 
21 
52 
39 
18 
104 
58 
103 
46 
16 
68 
105 
84 
14 
47 
94 
29 
64 
92 
65 
2 
12 
96 
39 
20 
13 
93 
43 
9 
22 
24 
21 
82 
32 
83 
11 
42 
69 
16 
27 
81 
38 
102 
75 
7 
59 
8 
101 
39 
98 
14 
34 
63 
10 
47 
103 
30 
61 
22 
84 
87 
54 
60 
18 
31 
50 
70 
14 
68 
13 
42 
90 
78 
71 
10 
24 
23 
44 
27 
76 
3 
74 
99 
37 
89 
48 
67 
79 
83 
20 
29 
58 
36 
98 
1 
16 
97 
17 
64 
49 
6 
21 
7 
82 
75 
76 
47 
33 
44 
54 
2 
20 
23 
55 
31 
80 
77 
9 
34 
87 
10 
14 
43 
13 
66 
36 
47 
30 
51 
6 
35 
61 
7 
52 
12 
99 
0 
8 
49 
89 
33 
69 
84 
1 
65 
100 
36 
58 
56 
64 
57 
20 
32 
51 
41 
63 
35 
101 
37 
98 
67 
31 
40 
36 
71 
34 
89 
81 
90 
3 
25 
16 
28 
91 
41 
76 
42 
104 
64 
80 
74 
85 
27 
49 
105 
92 
61 
79 
9 
10 
77 
95 
43 
57 
13 
69 
44 
51 
52 
86 
18 
75 
54 
0 
106 
46 
55 
38 
47 
53 
58 
12 
39 
20 
68 
88 
92 
41 
77 
102 
16 
87 
54 
61 
73 
23 
9 
47 
104 
11 
38 
7 
44 
21 
16 
51 
89 
2 
64 
63 
87 
0 
42 
84 
37 
50 
103 
5 
56 
59 
22 
75 
93 
43 
20 
28 
10 
17 
27 
14 
13 
81 
2 
53 
36 
55 
4 
30 
24 
7 
86 
97 
94 
92 
87 
54 
101 
43 
12 
64 
44 
73 
106 
20 
67 
91 
11 
58 
98 
10 
25 
77 
103 
61 
27 
12 
104 
59 
9 
81 
3 
54 
39 
70 
40 
102 
36 
22 
57 
28 
94 
47 
51 
78 
83 
45 
33 
86 
65 
88 
52 
18 
56 
96 
106 
61 
53 
100 
99 
39 
49 
30 
7 
15 
93 
94 
16 
82 
87 
69 
103 
21 
59 
89 
48 
36 
51 
90 
74 
6 
53 
62 
63 
105 
57 
26 
17 
66 
20 
29 
98 
58 
27 
92 
95 
9 
6 
104 
61 
2 
7 
1 
67 
13 
105 
75 
10 
97 
21 
74 
78 
0 
15 
37 
36 
18 
106 
19 
57 
43 
44 
89 
76 
91 
82 
63 
52 
28 
66 
14 
41 
15 
43 
103 
20 
95 
105 
49 
80 
46 
17 
32 
12 
71 
106 
33 
92 
74 
50 
64 
69 
47 
54 
56 
68 
76 
85 
12 
75 
26 
2 
64 
66 
99 
51 
67 
1 
44 
105 
30 
47 
39 
65 
29 
36 
83 
27 
41 
89 
59 
71 
79 
76 
10 
8 
46 
57 
1 
101 
20 
67 
85 
32 
44 
97 
5 
29 
12 
70 
7 
98 
62 
47 
51 
93 
105 
27 
43 
81 
92 
91 
6 
15 
88 
99 
94 
41 
39 
95 
34 
76 
48 
45 
65 
59 
49 
90 
20 
55 
80 
84 
94 
9 
53 
82 
7 
23 
26 
25 
27 
43 
47 
50 
89 
23 
20 
99 
102 
65 
79 
33 
42 
63 
25 
46 
88 
15 
54 
61 
67 
66 
3 
39 
32 
20 
60 
85 
91 
16 
76 
81 
92 
104 
48 
82 
52 
41 
43 
12 
58 
8 
77 
105 
30 
40 
26 
1 
47 
93 
52 
7 
14 
70 
31 
46 
85 
95 
74 
28 
79 
