0.021600 
0.026500 
0.031300 
0.033300 
0.033300 
0.033900 
0.036000 
0.037700 
0.041600 
0.045200 
0.047900 
0.047900 
0.050800 
0.051500 
0.052900 
0.053100 
0.057900 
0.058500 
0.059200 
0.060700 
0.062500 
0.064500 
0.065900 
0.067400 
0.067500 
0.068300 
0.068900 
0.070100 
0.071000 
0.071200 
0.074200 
0.077800 
0.084500 
0.085900 
0.085900 
0.086600 
0.086600 
0.089200 
0.089300 
0.089800 
0.094000 
0.094300 
0.095200 
0.096400 
0.098200 
0.098700 
0.103500 
0.103800 
0.105100 
0.108000 
0.108300 
0.111400 
0.111400 
0.111700 
0.112200 
0.112700 
0.112900 
0.115900 
0.118000 
0.119400 
0.125200 
0.125500 
0.126000 
0.127200 
0.127900 
0.128000 
0.128400 
0.129500 
0.134600 
0.135000 
0.137400 
0.138300 
0.138600 
0.139200 
0.141100 
0.147600 
0.147700 
0.147900 
0.148000 
0.148200 
0.150800 
0.151800 
0.154600 
0.156700 
0.159900 
0.162800 
0.164000 
0.165500 
0.166300 
0.168300 
0.168900 
0.170600 
0.170900 
0.172700 
0.174800 
0.175100 
0.176100 
0.178600 
0.179100 
0.180500 
0.181000 
0.182000 
0.182700 
0.183500 
0.183900 
0.184700 
0.188200 
0.192100 
0.192800 
0.198800 
0.199200 
0.199300 
0.199300 
0.202300 
0.203200 
0.203500 
0.207800 
0.208400 
0.209600 
0.211000 
0.211000 
0.212000 
0.213700 
0.214700 
0.215100 
0.218800 
0.219100 
0.220300 
0.220500 
0.221700 
0.225000 
0.228400 
0.228700 
0.229300 
0.229600 
0.230100 
0.230500 
0.233000 
0.234700 
0.235100 
0.236600 
0.239200 
0.241000 
0.241800 
0.242500 
0.242600 
0.243800 
0.245100 
0.245600 
0.250200 
0.250800 
0.250800 
0.251300 
0.252900 
0.255100 
0.256700 
0.257800 
0.259800 
0.261000 
0.261700 
0.262100 
0.263400 
0.264300 
0.266000 
0.267400 
0.267500 
0.269000 
0.269100 
0.271800 
0.275000 
0.276100 
0.278200 
0.280900 
0.283000 
0.285800 
0.285900 
0.289200 
0.290400 
0.290600 
0.290800 
0.291200 
0.291900 
0.292000 
0.292200 
0.293800 
0.294000 
0.294100 
0.298900 
0.300600 
0.303200 
0.303600 
0.303600 
0.305400 
0.306900 
0.308300 
0.309800 
0.310300 
0.310500 
0.311400 
0.312400 
0.313000 
0.316400 
0.320700 
0.322400 
0.322500 
0.323200 
0.324200 
0.324300 
0.326900 
0.328600 
0.329200 
0.332800 
0.333300 
0.334400 
0.337400 
0.338300 
0.340000 
0.340100 
0.341800 
0.342500 
0.343600 
0.344900 
0.346800 
0.347200 
0.349100 
0.349300 
0.349900 
0.352300 
0.352500 
0.352600 
0.352900 
0.356400 
0.356700 
0.358300 
0.358400 
0.363800 
0.365700 
0.366100 
0.367900 
0.369000 
0.371500 
0.372000 
0.372500 
0.373000 
0.373300 
0.373400 
0.373500 
0.374200 
0.376600 
0.378000 
0.379800 
0.382200 
0.385700 
0.385900 
0.391800 
0.393300 
0.395600 
0.396100 
0.397300 
0.397600 
0.400800 
0.401100 
0.401300 
0.402900 
0.405300 
0.406900 
0.410100 
0.410200 
0.413300 
0.414600 
0.414700 
0.417500 
0.418700 
0.419100 
0.421900 
0.422800 
0.425100 
0.428500 
0.429300 
0.432000 
0.432600 
0.433300 
0.433400 
0.434200 
0.434700 
0.437300 
0.438200 
0.439700 
0.441100 
0.443300 
0.444500 
0.446300 
0.448300 
0.448700 
0.452400 
0.452500 
0.453000 
0.453500 
0.454000 
0.458100 
0.460700 
0.460800 
0.462000 
0.463500 
0.465100 
0.465500 
0.467400 
0.469300 
0.470300 
0.471400 
0.471500 
0.478700 
0.480800 
0.481000 
0.481900 
0.482400 
0.485500 
0.485500 
0.486600 
0.488300 
0.488600 
0.488800 
0.491700 
0.492900 
0.493300 
0.493500 
0.493600 
0.494900 
0.495100 
0.498500 
0.499100 
0.501000 
0.501100 
0.501300 
0.501300 
0.505300 
0.506700 
0.507400 
0.510800 
0.514000 
0.515500 
0.521200 
0.521300 
0.521800 
0.523300 
0.525200 
0.525800 
0.526300 
0.526700 
0.527200 
0.528300 
0.528300 
0.529200 
0.530200 
0.531000 
0.533700 
0.534500 
0.534700 
0.534800 
0.537100 
0.540500 
0.540700 
0.544300 
0.546700 
0.551000 
0.551200 
0.552500 
0.552800 
0.552900 
0.553200 
0.554200 
0.554400 
0.557600 
0.559000 
0.559600 
0.562200 
0.565400 
0.565400 
0.565600 
0.566200 
0.566400 
0.567400 
0.570600 
0.572000 
0.573300 
0.576600 
0.580400 
0.580600 
0.580900 
0.581200 
0.582200 
0.582400 
0.582900 
0.583900 
0.584000 
0.584000 
0.585300 
0.585300 
0.586600 
0.586800 
0.587800 
0.587800 
0.590600 
0.591200 
0.592200 
0.593500 
0.596200 
0.597800 
0.599800 
0.600100 
0.602900 
0.608300 
0.610600 
0.610800 
0.611000 
0.611800 
0.612800 
0.613200 
0.613800 
0.616300 
0.620000 
0.620200 
0.620500 
0.625800 
0.626400 
0.627500 
0.627600 
0.628800 
0.629200 
0.630100 
0.630400 
0.634700 
0.635800 
0.637900 
0.639300 
0.640400 
0.642400 
0.643800 
0.643900 
0.645100 
0.647000 
0.647700 
0.648700 
0.653600 
0.653800 
0.655300 
0.656500 
0.656500 
0.656900 
0.657000 
0.658200 
0.659000 
0.664100 
0.664600 
0.664800 
0.665200 
0.666000 
0.666800 
0.668500 
0.670200 
0.674500 
0.676200 
0.678000 
0.680300 
0.681300 
0.681400 
0.682400 
0.684300 
0.685500 
0.686500 
0.688600 
0.688900 
0.694100 
0.694200 
0.694800 
0.695600 
0.696900 
0.698300 
0.700100 
0.701900 
0.704600 
0.704800 
0.704900 
0.705700 
0.705800 
0.707000 
0.708200 
0.709200 
0.709400 
0.710300 
0.710300 
0.711300 
0.711700 
0.712300 
0.713200 
0.718900 
0.720300 
0.720900 
0.721600 
0.722300 
0.722700 
0.723200 
0.724400 
0.725100 
0.726800 
0.727000 
0.730100 
0.731600 
0.733200 
0.733600 
0.734200 
0.737600 
0.737800 
0.739200 
0.740400 
0.740600 
0.743700 
0.745500 
0.746300 
0.748700 
0.749800 
0.750000 
0.750500 
0.751000 
0.752200 
0.755500 
0.758100 
0.758400 
0.758900 
0.759500 
0.759600 
0.759800 
0.760600 
0.761200 
0.761300 
0.762600 
0.768000 
0.771600 
0.772000 
0.772300 
0.772700 
0.775200 
0.777400 
0.778300 
0.779600 
0.780600 
0.780700 
0.781200 
0.783300 
0.783700 
0.786900 
0.789800 
0.790000 
0.790400 
0.791000 
0.791500 
0.791800 
0.795600 
0.795800 
0.798000 
0.799600 
0.799700 
0.800400 
0.804000 
0.804400 
0.806500 
0.812500 
0.813800 
0.816000 
0.816700 
0.817400 
0.818900 
0.819500 
0.820800 
0.821000 
0.821200 
0.825300 
0.825800 
0.826500 
0.827500 
0.827800 
0.828900 
0.830800 
0.831500 
0.832900 
0.833500 
0.839300 
0.839800 
0.840600 
0.841100 
0.843900 
0.846300 
0.847300 
0.850100 
0.850400 
0.851600 
0.852000 
0.853300 
0.856500 
0.858200 
0.858600 
0.860400 
0.861600 
0.862100 
0.863300 
0.865600 
0.866300 
0.866500 
0.868700 
0.869200 
0.869600 
0.870200 
0.870900 
0.871500 
0.875900 
0.876800 
0.876900 
0.878600 
0.881200 
0.882700 
0.882800 
0.882800 
0.883200 
0.884300 
0.886000 
0.890500 
0.890900 
0.893100 
0.893800 
0.894300 
0.894500 
0.895100 
0.895600 
0.896500 
0.897400 
0.899400 
0.901400 
0.901600 
0.901900 
0.902700 
0.904500 
0.906600 
0.907000 
0.913200 
0.914000 
0.914400 
0.916200 
0.918900 
0.920000 
0.920800 
0.921700 
0.923900 
0.925200 
0.926700 
0.927700 
0.927900 
0.928600 
0.929300 
0.932700 
0.934300 
0.936600 
0.938500 
0.941600 
0.943200 
0.943800 
0.944200 
0.944200 
0.947500 
0.948700 
0.951100 
0.952300 
0.953500 
0.954800 
0.955500 
0.955800 
0.955900 
0.956600 
0.957100 
0.959400 
0.959800 
0.962400 
0.962800 
0.966200 
0.969200 
0.969500 
0.970400 
0.971400 
0.972400 
0.972800 
0.973000 
0.973800 
0.974100 
0.974300 
0.975400 
0.977600 
0.979200 
0.980200 
0.980900 
0.982000 
0.983800 
0.984000 
0.985000 
0.988000 
0.991900 
0.994300 
0.994300 
0.994700 
0.996200 
0.996300 
0.996600 
0.997300 
0.997600 
0.997700 
0.999000 
1.001000 
1.002600 
1.003500 
1.004000 
1.005300 
1.009200 
1.009500 
1.009800 
1.011800 
1.013100 
1.013200 
1.015700 
1.015800 
1.019600 
1.024500 
1.024700 
1.025900 
1.026200 
1.028500 
1.032200 
1.032300 
1.035800 
1.037300 
1.037600 
1.038300 
1.038500 
1.039300 
1.040400 
1.042300 
1.044200 
1.045200 
1.046400 
1.048000 
1.049000 
1.050700 
1.051100 
1.051600 
1.056400 
1.056800 
1.056900 
1.057200 
1.058400 
1.063800 
1.065300 
1.065400 
1.066300 
1.068400 
1.068500 
1.068600 
1.068900 
1.072700 
1.073100 
1.073600 
1.074400 
1.074800 
1.075200 
1.076000 
1.076600 
1.080000 
1.080400 
1.080400 
1.083300 
1.086000 
1.088400 
1.091900 
1.097400 
1.097600 
1.098100 
1.101000 
1.102500 
1.103100 
1.104100 
1.104500 
1.104900 
1.105200 
1.108600 
1.109900 
1.111400 
1.112100 
1.112600 
1.117900 
1.118400 
1.118800 
1.119100 
1.119800 
1.124700 
1.126900 
1.127000 
1.127800 
1.128800 
1.130500 
1.130800 
1.132000 
1.136500 
1.137700 
1.139800 
1.139800 
1.140700 
1.141000 
1.142600 
1.142900 
1.148300 
1.149400 
1.150200 
1.152000 
1.152800 
1.153200 
1.156400 
1.157000 
1.157500 
1.159700 
1.163500 
1.163500 
1.167100 
1.168700 
1.168900 
1.170300 
1.170900 
1.172700 
1.173300 
1.173700 
1.176200 
1.177000 
1.177900 
1.179100 
1.180600 
1.181800 
1.184200 
1.185500 
1.185900 
1.187400 
1.189800 
1.190400 
1.191200 
1.193900 
1.197400 
1.198300 
1.200200 
1.201300 
1.201400 
1.201600 
1.202100 
1.203000 
1.208900 
1.209700 
1.209900 
1.209900 
1.210200 
1.210300 
1.214700 
1.215000 
1.215300 
1.217000 
1.218100 
1.218400 
1.219800 
1.220700 
1.222600 
1.223300 
1.225700 
1.226400 
1.231600 
1.231900 
1.233100 
1.233600 
1.235100 
1.235300 
1.237400 
1.239400 
1.239800 
1.240300 
1.241600 
1.241600 
1.241600 
1.241900 
1.243800 
1.249700 
1.252600 
1.253200 
1.255500 
1.255800 
1.257400 
1.258200 
1.259400 
1.259500 
1.260000 
1.261800 
1.261900 
1.262600 
1.262700 
1.263700 
1.273000 
1.273000 
1.274700 
1.275300 
1.277600 
1.277600 
1.277900 
1.278400 
1.279600 
1.281100 
1.281600 
1.282600 
1.284400 
1.284900 
1.290200 
1.290700 
1.293400 
1.295100 
1.299200 
1.299300 
1.299400 
1.301500 
1.302100 
1.304500 
1.310700 
1.311100 
1.311900 
1.312000 
1.312300 
1.312500 
1.312700 
1.312700 
1.313000 
1.315000 
1.320700 
1.322700 
1.324700 
1.324800 
1.325000 
1.326100 
1.327700 
1.328600 
1.330000 
1.330000 
1.331700 
1.334400 
1.334800 
1.335500 
1.336700 
1.336900 
1.337500 
1.340600 
1.341500 
1.344000 
1.349700 
1.350200 
1.350400 
1.351200 
1.354100 
1.355300 
1.356200 
1.359400 
1.361300 
1.361600 
1.361900 
1.363800 
1.365100 
1.365200 
1.369100 
1.370100 
1.370100 
1.370800 
1.371800 
1.376100 
1.376400 
1.378900 
1.381400 
1.381900 
1.383800 
1.384000 
1.384700 
1.386400 
1.386700 
1.387700 
1.389800 
1.391400 
1.391500 
1.392200 
1.397900 
1.398600 
1.400100 
1.401900 
1.405600 
1.408900 
1.409500 
1.409900 
1.412000 
1.413500 
1.413700 
1.415200 
1.418300 
1.418800 
1.420500 
1.422800 
1.424600 
1.424700 
1.426000 
1.426600 
1.427800 
1.429700 
1.430700 
1.431200 
1.431500 
1.432300 
1.434600 
1.437700 
1.438000 
1.439500 
1.440200 
1.446800 
1.447000 
1.447400 
1.449500 
1.452000 
1.453900 
1.455400 
1.456700 
1.457000 
1.457600 
1.457800 
1.458600 
1.458700 
1.460700 
1.462900 
1.464800 
1.465200 
1.465300 
1.467200 
1.469100 
1.472400 
1.472500 
1.473500 
1.474000 
1.474300 
1.475200 
1.475500 
1.477800 
1.478100 
1.479300 
1.479600 
1.480300 
1.482700 
1.482900 
1.483800 
1.487800 
1.488600 
1.489400 
1.490200 
1.490900 
1.491100 
1.496200 
1.496200 
1.498000 
1.498200 
1.498300 
1.499200 
1.499400 
1.499400 
1.500700 
1.504800 
1.506200 
1.507000 
1.507400 
1.507500 
1.508500 
1.512700 
1.513700 
1.515400 
1.516400 
1.516400 
1.518900 
1.523600 
1.526300 
1.526900 
1.528000 
1.529500 
1.529800 
1.531000 
1.531100 
1.531900 
1.532400 
1.533800 
1.537800 
1.537900 
1.538900 
1.539000 
1.539400 
1.540100 
1.540700 
1.541800 
1.543700 
1.544400 
1.544600 
1.546000 
1.547200 
1.549000 
1.551500 
1.552600 
1.553700 
1.558900 
1.560600 
1.560700 
1.561900 
1.563100 
1.564500 
1.565200 
1.569600 
1.570000 
1.570200 
1.571100 
1.571700 
1.576000 
1.577400 
1.577500 
1.578700 
1.578800 
1.581700 
1.583300 
1.583500 
1.586900 
1.588700 
1.591500 
1.592100 
1.594500 
1.595700 
1.595700 
1.595900 
1.600500 
1.600600 
1.601000 
1.602600 
1.604100 
1.607200 
1.607600 
1.607800 
1.608500 
1.612300 
1.612500 
1.614800 
1.615100 
1.615600 
1.615800 
1.616500 
1.622600 
1.623700 
1.623800 
1.624500 
1.627100 
1.627300 
1.628000 
1.628900 
1.630300 
1.632500 
1.633300 
1.633700 
1.634900 
1.636700 
1.636900 
1.637900 
1.639100 
1.642200 
1.642200 
1.642400 
1.642900 
1.643600 
1.644300 
1.647800 
1.648000 
1.649500 
1.652700 
1.653500 
1.653600 
1.654500 
1.659100 
1.659400 
1.659600 
1.660200 
1.660700 
1.662600 
1.663300 
1.666000 
1.667500 
1.668100 
1.670100 
1.670800 
1.672100 
1.677600 
1.678000 
1.679800 
1.680500 
1.680700 
1.684300 
1.684600 
1.686800 
1.688100 
1.689300 
1.693000 
1.694400 
1.695400 
1.696500 
1.697400 
1.699000 
1.699700 
1.700300 
1.701200 
1.701300 
1.701400 
1.701600 
1.701900 
1.702000 
1.706200 
1.708300 
1.708800 
1.710400 
1.714600 
1.714700 
1.715200 
1.717800 
1.719700 
1.723200 
1.723300 
1.723600 
1.723900 
1.724800 
1.726100 
1.726100 
1.726600 
1.729800 
1.729900 
1.730400 
1.731000 
1.733500 
1.734300 
1.734800 
1.734800 
1.734900 
1.738300 
1.738600 
1.739500 
1.742300 
1.744900 
1.746400 
1.747000 
1.750500 
1.751700 
1.752300 
1.753700 
1.756400 
1.757100 
1.757200 
1.757700 
1.758300 
1.760800 
1.761300 
1.762600 
1.765300 
1.765700 
1.768400 
1.769900 
1.770500 
1.771400 
1.771600 
1.773500 
1.773500 
1.774000 
1.775900 
1.780500 
1.785500 
1.785900 
1.787900 
1.789100 
1.793500 
1.793800 
1.794000 
1.795200 
1.795300 
1.795400 
1.798200 
1.798800 
1.799900 
1.806300 
1.809000 
1.811600 
1.812900 
1.814200 
1.815100 
1.815600 
1.817800 
1.817800 
1.820300 
1.820800 
1.822400 
1.822400 
1.823400 
1.823500 
1.825100 
1.826000 
1.827800 
1.828700 
1.829100 
1.829500 
1.831900 
1.832600 
1.833300 
1.834000 
1.834300 
1.835300 
1.838100 
1.839100 
1.839300 
1.839500 
1.845900 
1.846300 
1.849900 
1.850700 
1.851400 
1.851600 
1.851700 
1.852700 
1.853400 
1.858800 
1.861400 
1.861500 
1.862300 
1.863500 
1.863600 
1.864200 
1.865200 
1.866400 
1.866700 
1.867500 
1.870300 
1.872000 
1.873100 
1.873800 
1.875200 
1.875600 
1.877600 
1.878700 
1.879500 
1.880200 
1.882300 
1.882700 
1.889000 
1.890700 
1.890900 
1.891400 
1.891900 
1.892600 
1.893300 
1.894600 
1.894800 
1.897000 
1.904200 
1.905600 
1.906000 
1.906400 
1.907100 
1.907800 
1.908700 
1.910100 
1.910400 
1.910800 
1.911000 
1.911200 
1.913000 
1.913000 
1.914500 
1.915200 
1.915800 
1.918800 
1.920500 
1.923200 
1.927800 
1.928300 
1.929200 
1.929500 
1.930500 
1.930500 
1.931300 
1.931900 
1.932100 
1.932400 
1.932500 
1.934400 
1.934500 
1.935000 
1.935000 
1.940400 
1.941100 
1.942400 
1.944300 
1.945000 
1.946900 
1.948100 
1.949900 
1.952100 
1.953100 
1.954000 
1.954100 
1.955600 
1.957000 
1.957800 
1.958600 
1.959600 
1.960100 
1.961200 
1.961300 
1.962400 
1.966500 
1.967100 
1.970600 
1.974300 
1.974300 
1.975100 
1.975700 
1.976100 
1.976500 
1.977100 
1.978000 
1.978500 
1.981600 
1.984300 
1.985600 
1.985800 
1.986200 
1.986200 
1.986700 
1.988600 
1.990800 
1.991900 
1.992400 
1.992900 
1.995300 
1.996000 
1.997300 
1.998700 
1.999100 
1.999300 
1.999900 
2.001100 
2.004100 
2.004500 
2.005700 
2.008300 
2.010300 
2.010500 
2.011200 
2.012500 
2.013900 
2.014900 
2.019900 
2.020000 
2.025700 
2.027400 
2.028100 
2.028900 
2.031900 
2.033700 
2.035800 
2.037600 
2.038100 
2.039000 
2.041300 
2.042000 
2.043900 
2.044800 
2.045700 
2.049600 
2.050300 
2.052100 
2.052300 
2.053300 
2.054600 
2.057000 
2.058300 
2.058700 
2.061600 
2.063200 
2.064200 
2.064200 
2.064400 
2.067200 
2.069300 
2.069300 
2.070500 
2.071500 
2.071700 
2.074600 
2.080600 
2.083400 
2.083900 
2.086100 
2.086500 
2.087400 
2.088000 
2.088100 
2.088500 
2.094500 
2.097100 
2.097900 
2.100000 
2.101000 
2.101400 
2.101600 
2.101900 
2.104500 
2.105900 
2.109600 
2.110100 
2.111000 
2.111200 
2.113700 
2.113800 
2.114600 
2.117200 
2.117600 
2.117700 
2.119200 
2.120200 
2.121200 
2.123100 
2.123400 
2.127900 
2.128200 
2.129000 
2.130900 
2.133700 
2.135800 
2.136500 
2.140200 
2.140900 
2.140900 
2.141200 
2.141400 
2.145200 
2.146300 
2.146400 
2.147000 
2.147500 
2.148700 
2.151900 
2.153000 
2.154100 
2.154100 
2.154900 
2.157600 
2.160700 
2.160800 
2.161000 
2.163100 
2.164000 
2.164100 
2.164900 
2.165400 
2.167100 
2.171500 
2.172600 
2.175500 
2.175700 
2.175900 
2.177300 
2.178600 
2.182700 
2.184500 
2.186400 
2.186700 
2.188000 
2.192300 
2.192700 
2.194600 
2.196900 
2.197000 
2.198000 
2.198900 
2.200100 
2.201300 
2.202000 
2.202100 
2.203200 
2.204000 
2.204700 
2.205900 
2.206500 
2.207300 
2.214500 
2.215100 
2.218200 
2.219300 
2.219500 
2.220100 
2.221200 
2.223200 
2.225300 
2.225700 
2.228100 
2.229700 
2.231800 
2.231900 
2.231900 
2.232200 
2.235700 
2.235900 
2.237500 
2.242100 
2.242300 
2.243200 
2.243500 
2.244400 
2.246400 
2.247400 
2.249300 
2.252200 
2.253000 
2.255300 
2.256300 
2.256900 
2.257100 
2.258000 
2.258300 
2.258500 
2.259400 
2.259600 
2.261300 
2.264100 
2.266200 
2.267200 
2.268300 
2.269800 
2.272600 
2.273900 
2.274300 
2.275500 
2.275600 
2.276800 
2.277700 
2.277900 
2.280400 
2.280800 
2.282300 
2.282600 
2.284000 
2.284500 
2.289800 
2.291500 
2.291600 
2.291900 
2.293200 
2.293800 
2.295100 
2.296900 
2.297000 
2.300000 
2.300100 
2.300900 
2.301300 
2.301600 
2.304800 
2.304800 
2.305600 
2.305600 
2.310400 
2.312100 
2.313100 
2.313400 
2.314600 
2.316100 
2.316400 
2.318900 
2.321400 
2.323900 
2.328600 
2.328700 
2.329600 
2.329700 
2.330300 
2.331400 
2.333200 
2.333500 
2.334100 
2.335200 
2.341100 
2.342700 
2.342800 
2.342900 
2.344200 
2.344800 
2.346400 
2.349900 
2.350100 
2.351600 
2.353500 
2.355300 
2.355700 
2.356200 
2.356600 
2.356800 
2.357000 
2.357100 
2.361300 
2.363500 
2.365200 
2.368400 
2.368900 
2.368900 
2.369000 
2.369300 
2.370400 
2.370800 
2.372800 
2.376500 
2.376900 
2.377900 
2.378200 
2.378700 
2.382700 
2.384600 
2.384800 
2.393400 
2.394800 
2.397200 
2.398500 
2.399200 
2.399500 
2.401300 
2.402400 
2.402900 
2.403000 
2.405900 
2.407300 
2.409200 
2.409800 
2.410400 
2.411100 
2.413300 
2.414100 
2.415100 
2.415600 
2.417400 
2.419300 
2.420100 
2.420500 
2.421100 
2.422300 
2.423200 
2.425900 
2.425900 
2.426100 
2.429300 
2.429800 
2.432700 
2.433400 
2.435700 
2.436000 
2.436100 
2.436500 
2.436600 
2.438100 
2.439500 
2.443600 
2.447800 
2.448100 
2.450500 
2.451600 
2.452400 
2.453000 
2.456400 
2.458400 
2.458900 
2.459100 
2.461300 
2.464900 
2.466700 
2.467100 
2.469500 
2.471100 
2.471300 
2.472000 
2.473000 
2.473400 
2.474000 
2.476300 
2.476700 
2.480200 
2.480800 
2.481600 
2.482100 
2.483200 
2.485500 
2.488500 
2.489400 
2.489400 
2.494000 
2.494800 
2.495000 
2.496100 
2.496200 
2.500400 
2.501600 
2.502800 
2.503100 
2.503600 
2.503600 
2.506300 
2.507600 
2.508800 
2.513900 
2.514800 
2.516200 
2.516300 
2.517000 
2.517300 
2.519000 
2.519400 
2.520200 
2.521100 
2.523200 
2.524100 
2.525500 
2.526200 
2.527100 
2.529900 
2.531300 
2.531400 
2.531600 
2.532100 
2.534800 
2.535900 
2.537100 
2.540500 
2.544400 
2.544600 
2.545200 
2.545700 
2.545900 
2.546700 
2.546900 
2.548700 
2.551500 
2.553000 
2.553500 
2.554000 
2.554700 
2.555500 
2.555500 
2.560400 
2.560700 
2.561900 
2.562800 
2.565700 
2.565800 
2.566600 
2.567300 
2.567500 
2.569200 
2.573700 
2.574300 
2.575000 
2.575400 
2.575600 
2.579100 
2.579500 
2.580000 
2.580600 
2.580800 
2.581000 
2.581100 
2.584600 
2.587900 
2.590000 
2.590400 
2.591900 
2.593300 
2.594100 
2.594700 
2.594900 
2.596300 
2.598600 
2.600100 
2.600600 
2.601700 
2.601900 
2.604100 
2.606900 
2.608500 
2.610100 
2.614300 
2.615500 
2.615600 
2.616000 
2.617600 
2.618100 
2.618800 
2.621200 
2.622300 
2.625700 
2.631900 
2.632200 
2.633700 
2.635100 
2.636600 
2.637900 
2.639100 
2.640100 
2.642500 
2.642600 
2.642700 
2.643000 
2.644400 
2.644600 
2.645800 
2.647600 
2.648600 
2.649800 
2.650400 
2.651600 
2.654400 
2.659200 
2.663200 
2.663800 
2.665200 
2.665500 
2.667800 
2.669200 
2.671300 
2.675500 
2.676100 
2.676200 
2.676300 
2.677000 
2.677500 
2.677800 
2.678300 
2.682900 
2.685500 
2.687400 
2.687600 
2.688100 
2.690200 
2.690400 
2.690400 
2.690700 
2.693400 
2.694600 
2.695000 
2.695300 
2.695600 
2.695600 
2.696800 
2.696900 
2.697300 
2.698800 
2.704100 
2.705300 
2.708400 
2.708500 
2.709100 
2.710700 
2.712900 
2.715200 
2.715600 
2.716200 
2.717200 
2.717700 
2.719600 
2.720900 
2.721400 
2.723700 
2.729000 
2.730000 
2.732300 
2.733200 
2.734100 
2.734500 
2.734800 
2.735100 
2.735700 
2.736000 
2.736500 
2.737500 
2.739300 
2.742300 
2.743800 
2.748400 
2.748800 
2.749100 
2.750200 
2.750700 
2.751800 
2.752700 
2.752900 
2.754700 
2.755800 
2.757900 
2.758600 
2.761700 
2.762500 
2.763800 
2.764100 
2.764300 
2.765100 
2.765600 
2.768200 
2.768200 
2.775800 
2.776600 
2.777800 
2.778800 
2.780200 
2.780500 
2.780600 
2.781000 
2.784600 
2.788200 
2.789500 
2.792400 
2.793800 
2.794000 
2.794200 
2.794500 
2.795000 
2.797800 
2.798200 
2.799100 
2.800100 
2.800700 
2.804500 
2.806100 
2.806900 
2.808300 
2.811200 
2.811500 
2.811900 
2.815500 
2.817700 
2.817800 
2.823400 
2.823700 
2.824600 
2.826200 
2.828200 
2.829700 
2.829800 
2.830200 
2.832000 
2.832900 
2.833100 
2.834100 
2.835100 
2.835900 
2.837500 
2.841600 
2.846100 
2.846600 
2.850600 
2.850900 
2.852100 
2.852200 
2.853600 
2.854000 
2.856400 
2.857600 
2.860100 
2.861200 
2.861400 
2.862200 
2.862300 
2.863300 
2.863600 
2.867400 
2.869000 
2.869600 
2.869800 
2.871300 
2.871300 
2.872200 
2.874800 
2.875300 
2.876200 
2.878900 
2.880700 
2.882400 
2.884200 
2.885100 
2.885300 
2.887300 
2.888500 
2.888500 
2.890200 
2.893300 
2.894000 
2.894200 
2.894700 
2.895300 
2.895800 
2.898300 
2.899500 
2.899800 
2.901300 
2.902000 
2.902400 
2.903600 
2.905900 
2.907200 
2.908100 
2.910300 
2.911800 
2.914000 
2.917200 
2.917700 
2.918700 
2.919200 
2.919800 
2.920700 
2.920800 
2.922200 
2.926100 
2.926200 
2.930800 
2.932100 
2.933000 
2.933300 
2.933400 
2.934000 
2.934000 
2.934100 
2.938400 
2.939100 
2.939200 
2.941900 
2.944200 
2.945900 
2.947600 
2.948300 
2.949200 
2.950900 
2.952000 
2.953400 
2.954900 
2.956000 
2.956700 
2.957300 
2.957600 
2.965000 
2.965200 
2.965500 
2.966400 
2.966800 
2.970800 
2.971500 
2.971700 
2.972600 
2.973600 
2.975000 
2.975800 
2.976100 
2.977700 
2.980300 
2.980300 
2.982900 
2.982900 
2.983300 
2.984600 
2.986500 
2.988800 
2.989600 
2.990900 
2.994200 
2.997400 
2.999800 
