0.016100 
0.024300 
0.028300 
0.033000 
0.046700 
0.047900 
0.059500 
0.061000 
0.061500 
0.062500 
0.062900 
0.066400 
0.075900 
0.079500 
0.080400 
0.086800 
0.092400 
0.095100 
0.095400 
0.102300 
0.103300 
0.104400 
0.110600 
0.111400 
0.113600 
0.114100 
0.114400 
0.116000 
0.116400 
0.127300 
0.127500 
0.130800 
0.130800 
0.132400 
0.132700 
0.142000 
0.142200 
0.145400 
0.152400 
0.154100 
0.156700 
0.157500 
0.158400 
0.166400 
0.169200 
0.178200 
0.178500 
0.179700 
0.187600 
0.194700 
0.194700 
0.194700 
0.201100 
0.209100 
0.219400 
0.223000 
0.227900 
0.229400 
0.235100 
0.237900 
0.238400 
0.245100 
0.249600 
0.253100 
0.256100 
0.256100 
0.261700 
0.265700 
0.270000 
0.271700 
0.272900 
0.275700 
0.280000 
0.281800 
0.285600 
0.287100 
0.290800 
0.297300 
0.299000 
0.299700 
0.303000 
0.309300 
0.315400 
0.316300 
0.318700 
0.319600 
0.320800 
0.328200 
0.333700 
0.334200 
0.335200 
0.340600 
0.341800 
0.350400 
0.354800 
0.360300 
0.361700 
0.365900 
0.369200 
0.374000 
0.376400 
0.376900 
0.378600 
0.380000 
0.382200 
0.382500 
0.382700 
0.391000 
0.391800 
0.395600 
0.397900 
0.403600 
0.410800 
0.412700 
0.415400 
0.416100 
0.425000 
0.435500 
0.436100 
0.447000 
0.448300 
0.461100 
0.463600 
0.463800 
0.464500 
0.468000 
0.468700 
0.470700 
0.472200 
0.472700 
0.478900 
0.480700 
0.483300 
0.483500 
0.492100 
0.495100 
0.499500 
0.500400 
0.500500 
0.507700 
0.518100 
0.520400 
0.521100 
0.524500 
0.529400 
0.540100 
0.541900 
0.541900 
0.542400 
0.544200 
0.544600 
0.545300 
0.555900 
0.562300 
0.565300 
0.566800 
0.567800 
0.579700 
0.580200 
0.586100 
0.589100 
0.590300 
0.590300 
0.591600 
0.595000 
0.596700 
0.606400 
0.609100 
0.611600 
0.612800 
0.617300 
0.625700 
0.631800 
0.632700 
0.633800 
0.638900 
0.639600 
0.641000 
0.645800 
0.646500 
0.647900 
0.650500 
0.658000 
0.659500 
0.661900 
0.666300 
0.674000 
0.674000 
0.685300 
0.688100 
0.688500 
0.689100 
0.689300 
0.689800 
0.690900 
0.693400 
0.700000 
0.700400 
0.706100 
0.708700 
0.709200 
0.713800 
0.719200 
0.719700 
0.724000 
0.729200 
0.730400 
0.731800 
0.736600 
0.736800 
0.740900 
0.750100 
0.750700 
0.752400 
0.757600 
0.762700 
0.766700 
0.769200 
0.770100 
0.771900 
0.772500 
0.775900 
0.777400 
0.783900 
0.785000 
0.785300 
0.793000 
0.795200 
0.796700 
0.805900 
0.812600 
0.812800 
0.817300 
0.817700 
0.820000 
0.820700 
0.825200 
0.830300 
0.832100 
0.833200 
0.835700 
0.837500 
0.844100 
0.846200 
0.846700 
0.854600 
0.856000 
0.856900 
0.860300 
0.863900 
0.864200 
0.865800 
0.872600 
0.877300 
0.879100 
0.879600 
0.883600 
0.885200 
0.891200 
0.899600 
0.901100 
0.901400 
0.907700 
0.909400 
0.910000 
0.910900 
0.916500 
0.916900 
0.918000 
0.928500 
0.929600 
0.932600 
0.932700 
0.940500 
0.941400 
0.947100 
0.952300 
0.957800 
0.960000 
0.967400 
0.969100 
0.975400 
0.979800 
0.980700 
0.983700 
0.985100 
0.990500 
0.992200 
1.000500 
1.001900 
1.002300 
1.010600 
1.014800 
1.015300 
1.017100 
1.024900 
1.026200 
1.027800 
1.028900 
1.033000 
1.040300 
1.042700 
1.045200 
1.045700 
1.047800 
1.054400 
1.059300 
1.063800 
1.066700 
1.072800 
1.073300 
1.076700 
1.079700 
1.080900 
1.081400 
1.082800 
1.087300 
1.092500 
1.097000 
1.101000 
1.103200 
1.103400 
1.111000 
1.118200 
1.118400 
1.121100 
1.122000 
1.122400 
1.123800 
1.129400 
1.129700 
1.135300 
1.136800 
1.140900 
1.145800 
1.149400 
1.150300 
1.151100 
1.153800 
1.156000 
1.156500 
1.167100 
1.168800 
1.173600 
1.175300 
1.175600 
1.177600 
1.182700 
1.186500 
1.190300 
1.190700 
1.193500 
1.195500 
1.200600 
1.201100 
1.203000 
1.206200 
1.210500 
1.211800 
1.212400 
1.220300 
1.220700 
1.222600 
1.227700 
1.234200 
1.235400 
1.237500 
1.237600 
1.240000 
1.241300 
1.243200 
1.248500 
1.250800 
1.256100 
1.258000 
1.260200 
1.268000 
1.272700 
1.273100 
1.273200 
1.276100 
1.279200 
1.281600 
1.289700 
1.290700 
1.292600 
1.292800 
1.294000 
1.294700 
1.299300 
1.303900 
1.311600 
1.316800 
1.316900 
1.321300 
1.326300 
1.327800 
1.334100 
1.338200 
1.338600 
1.340200 
1.344000 
1.358800 
1.359000 
1.359700 
1.360800 
1.360900 
1.367600 
1.368400 
1.368900 
1.376600 
1.377700 
1.380200 
1.382700 
1.387200 
1.396300 
1.399000 
1.403300 
1.405200 
1.408100 
1.408300 
1.410000 
1.411500 
1.411900 
1.416900 
1.422900 
1.429400 
1.430000 
1.430700 
1.432200 
1.433300 
1.434000 
1.435700 
1.437200 
1.440400 
1.443900 
1.443900 
1.452500 
1.453000 
1.461100 
1.465800 
1.466400 
1.467000 
1.471300 
1.477400 
1.477700 
1.482800 
1.484300 
1.484600 
1.485400 
1.492600 
1.495300 
1.505000 
1.505500 
1.506300 
1.509700 
1.511000 
1.522100 
1.523400 
1.527100 
1.529700 
1.529800 
1.533800 
1.534900 
1.536200 
1.538000 
1.539700 
1.541600 
1.550900 
1.554200 
1.560200 
1.560900 
1.562600 
1.563800 
1.566100 
1.567800 
1.572000 
1.574100 
1.575300 
1.576600 
1.579700 
1.585100 
1.588100 
1.594300 
1.596200 
1.599000 
1.607400 
1.607500 
1.609300 
1.613200 
1.616200 
1.623800 
1.626500 
1.629600 
1.630700 
1.632800 
1.632900 
1.633900 
1.642100 
1.644700 
1.646200 
1.649400 
1.657400 
1.658800 
1.659000 
1.659800 
1.667600 
1.668000 
1.673900 
1.676700 
1.678000 
1.678400 
1.686000 
1.692400 
1.693800 
1.698900 
1.703100 
1.704900 
1.706200 
1.710300 
1.711400 
1.715900 
1.719600 
1.723600 
1.724400 
1.726400 
1.726800 
1.730800 
1.743500 
1.748000 
1.748200 
1.748300 
1.751500 
1.753300 
1.754200 
1.757500 
1.761300 
1.766900 
1.768400 
1.772000 
1.773200 
1.775300 
1.778800 
1.785100 
1.789000 
1.793700 
1.795200 
1.796000 
1.798000 
1.798500 
1.806700 
1.811500 
1.814800 
1.815900 
1.817700 
1.820500 
1.827900 
1.830200 
1.831800 
1.833300 
1.836400 
1.839500 
1.840400 
1.851100 
1.852300 
1.854300 
1.856400 
1.860200 
1.864900 
1.867900 
1.871500 
1.872600 
1.879900 
1.880900 
1.882400 
1.884600 
1.884900 
1.888400 
1.888700 
1.894600 
1.895900 
1.898500 
1.900900 
1.901100 
1.901800 
1.902400 
1.910000 
1.913200 
1.915300 
1.919500 
1.920000 
1.927200 
1.928600 
1.931900 
1.934400 
1.939800 
1.940200 
1.954200 
1.954700 
1.959400 
1.960900 
1.962500 
1.962600 
1.962700 
1.973100 
1.974000 
1.976000 
1.976500 
1.983900 
1.986200 
1.986500 
1.988400 
1.993300 
1.995100 
1.995100 
1.997000 
2.006500 
2.009100 
2.012000 
2.014800 
2.019100 
2.019800 
2.021800 
2.028500 
2.035200 
2.036000 
2.036800 
2.041200 
2.041800 
2.049800 
2.051100 
2.054000 
2.056700 
2.057200 
2.062500 
2.064600 
2.072200 
2.074100 
2.075900 
2.079200 
2.085200 
2.088200 
2.093700 
2.094100 
2.095800 
2.096400 
2.099900 
2.101600 
2.107800 
2.108200 
2.113000 
2.114700 
2.117300 
2.118000 
2.118800 
2.120800 
2.131900 
2.132600 
2.134000 
2.138800 
2.142100 
2.150200 
2.153200 
2.156600 
2.157300 
2.158000 
2.166500 
2.179500 
2.179700 
2.180400 
2.182200 
2.183800 
2.189200 
2.195400 
2.196900 
2.202600 
2.204000 
2.214200 
2.215300 
2.216500 
2.223800 
2.225100 
2.225300 
2.225700 
2.227300 
2.237000 
2.247800 
2.248900 
2.254900 
2.255500 
2.256900 
2.258300 
2.259100 
2.262100 
2.263900 
2.270100 
2.274100 
2.275300 
2.280700 
2.283900 
2.288600 
2.290000 
2.293000 
2.301100 
2.307400 
2.309600 
2.311500 
2.315300 
2.316300 
2.317300 
2.317700 
2.321500 
2.327800 
2.333600 
2.336000 
2.340500 
2.341100 
2.342400 
2.345700 
2.351400 
2.354600 
2.355100 
2.360700 
2.363400 
2.363400 
2.364900 
2.365700 
2.371400 
2.371500 
2.376000 
2.377900 
2.379300 
2.382000 
2.383300 
2.390300 
2.396600 
2.397800 
2.398100 
2.398200 
2.401400 
2.411500 
2.411900 
2.412700 
2.413000 
2.417400 
2.419300 
2.425500 
2.426900 
2.433100 
2.436800 
2.438000 
2.442400 
2.447400 
2.447600 
2.447700 
2.452300 
2.453000 
2.457500 
2.462900 
2.463200 
2.466200 
2.466700 
2.470400 
2.472700 
2.477900 
2.485500 
2.487100 
2.495000 
2.504100 
2.506900 
2.507300 
2.510800 
2.513500 
2.515800 
2.517800 
2.519800 
2.526100 
2.526400 
2.526900 
2.529400 
2.530500 
2.533300 
2.537000 
2.538100 
2.543500 
2.550000 
2.552600 
2.559700 
2.562300 
2.562800 
2.563000 
2.566700 
2.568200 
2.576400 
2.579700 
2.580500 
2.585500 
2.585500 
2.590300 
2.591900 
2.594200 
2.594900 
2.601200 
2.601900 
2.604200 
2.604500 
2.606500 
2.616100 
2.616200 
2.620200 
2.621300 
2.622100 
2.622600 
2.626000 
2.630000 
2.635600 
2.644100 
2.647800 
2.652100 
2.656300 
2.663300 
2.664700 
2.666300 
2.670300 
2.673700 
2.679100 
2.683000 
2.686900 
2.689000 
2.692200 
2.693300 
2.696800 
2.702800 
2.704900 
2.707900 
2.710000 
2.710000 
2.718600 
2.721300 
2.723700 
2.725500 
2.729800 
2.733100 
2.741800 
2.742800 
2.743600 
2.745600 
2.746800 
2.747100 
2.758600 
2.761100 
2.764400 
2.767500 
2.768500 
2.772700 
2.773800 
2.774200 
2.777200 
2.780800 
2.781400 
2.782200 
2.783100 
2.789600 
2.793100 
2.798400 
2.799900 
2.800600 
2.801000 
2.803400 
2.803600 
2.811600 
2.820300 
2.821400 
2.822100 
2.836500 
2.840100 
2.840300 
2.841300 
2.844400 
2.855000 
2.862500 
2.862600 
2.865000 
2.875000 
2.876200 
2.876600 
2.876600 
2.879400 
2.880900 
2.882900 
2.886700 
2.891800 
2.894000 
2.894500 
2.894700 
2.897600 
2.898700 
2.899100 
2.905100 
2.906200 
2.911600 
2.912900 
2.913600 
2.922800 
2.927400 
2.928700 
2.932800 
2.933800 
2.943300 
2.946000 
2.948200 
2.952500 
2.952500 
2.953200 
2.957900 
2.960800 
2.966900 
2.967000 
2.972200 
2.973600 
2.977300 
2.979600 
2.982500 
2.982600 
2.988800 
2.989000 
2.992500 
2.995800 
