39 
16 
19 
12 
9 
38 
45 
10 
35 
28 
6 
37 
29 
1 
15 
12 
46 
41 
17 
19 
4 
39 
3 
24 
6 
10 
42 
46 
25 
14 
23 
35 
31 
45 
7 
29 
40 
6 
19 
13 
30 
16 
27 
1 
24 
23 
12 
15 
35 
6 
22 
24 
5 
12 
42 
15 
19 
16 
38 
14 
9 
4 
45 
39 
24 
28 
35 
3 
44 
19 
15 
41 
40 
0 
13 
2 
5 
18 
36 
27 
19 
29 
11 
15 
9 
19 
24 
6 
13 
34 
14 
35 
12 
23 
43 
10 
42 
39 
12 
24 
13 
27 
16 
9 
19 
38 
32 
11 
0 
25 
23 
6 
14 
19 
12 
13 
18 
24 
7 
44 
35 
45 
46 
27 
28 
43 
29 
3 
2 
6 
19 
42 
24 
34 
12 
27 
39 
32 
9 
16 
34 
2 
14 
0 
11 
12 
37 
24 
35 
42 
6 
8 
2 
41 
19 
30 
17 
12 
7 
45 
3 
19 
24 
33 
11 
46 
44 
6 
31 
24 
13 
22 
0 
17 
12 
23 
29 
24 
4 
42 
6 
30 
21 
14 
39 
45 
28 
11 
35 
0 
7 
16 
17 
23 
34 
44 
39 
12 
24 
6 
0 
9 
45 
13 
41 
7 
8 
15 
35 
5 
17 
0 
2 
10 
6 
14 
39 
12 
13 
24 
33 
41 
42 
16 
25 
38 
36 
6 
7 
10 
30 
13 
43 
2 
19 
45 
24 
35 
15 
0 
44 
10 
14 
5 
41 
11 
29 
13 
36 
16 
2 
10 
34 
30 
45 
28 
12 
10 
0 
46 
14 
6 
3 
24 
30 
45 
2 
34 
18 
25 
37 
13 
0 
11 
46 
41 
9 
38 
42 
16 
35 
11 
7 
30 
41 
24 
18 
0 
3 
26 
15 
45 
5 
38 
16 
24 
12 
30 
34 
10 
45 
2 
6 
35 
13 
1 
19 
45 
24 
32 
7 
38 
4 
11 
12 
6 
28 
16 
44 
25 
0 
30 
5 
27 
9 
14 
10 
6 
45 
24 
28 
15 
14 
23 
34 
35 
41 
2 
12 
43 
38 
39 
24 
16 
35 
7 
4 
46 
3 
11 
19 
24 
40 
33 
42 
10 
1 
6 
46 
2 
39 
7 
45 
44 
11 
35 
19 
14 
5 
38 
43 
45 
9 
28 
27 
6 
23 
41 
8 
30 
4 
39 
7 
19 
24 
45 
10 
14 
37 
13 
34 
12 
6 
2 
41 
44 
28 
5 
38 
10 
33 
30 
3 
29 
31 
35 
9 
45 
16 
23 
10 
19 
32 
6 
17 
24 
45 
0 
35 
42 
16 
9 
2 
3 
1 
14 
5 
33 
38 
22 
5 
30 
20 
7 
39 
45 
4 
24 
13 
21 
30 
38 
15 
2 
19 
18 
27 
10 
14 
35 
23 
3 
4 
29 
28 
24 
0 
21 
39 
8 
7 
6 
1 
16 
45 
13 
41 
35 
24 
7 
30 
42 
29 
19 
5 
17 
11 
13 
28 
46 
16 
40 
6 
24 
44 
13 
22 
21 
34 
1 
3 
16 
10 
12 
17 
2 
35 
36 
41 
24 
9 
15 
42 
45 
19 
30 
1 
11 
0 
31 
44 
14 
22 
12 
18 
39 
30 
37 
15 
34 
2 
18 
24 
38 
43 
7 
42 
39 
40 
41 
26 
24 
30 
0 
16 
9 
6 
17 
46 
10 
35 
34 
7 
19 
2 
28 
38 
27 
39 
0 
24 
34 
20 
1 
40 
17 
2 
45 
41 
7 
19 
9 
3 
42 
13 
12 
7 
24 
6 
0 
10 
19 
42 
16 
14 
29 
35 
41 
27 
15 
37 
23 
7 
30 
12 
2 
44 
46 
24 
28 
0 
10 
41 
40 
14 
4 
3 
39 
38 
19 
9 
24 
45 
23 
14 
7 
9 
35 
0 
37 
12 
11 
44 
33 
41 
2 
13 
27 
16 
45 
28 
19 
29 
23 
36 
24 
17 
6 
9 
44 
45 
2 
0 
13 
14 
42 
16 
5 
1 
7 
11 
8 
41 
3 
46 
38 
39 
2 
4 
18 
5 
19 
24 
34 
14 
9 
45 
16 
10 
27 
42 
12 
14 
24 
45 
38 
3 
0 
30 
37 
2 
34 
7 
23 
13 
25 
11 
4 
2 
9 
26 
42 
46 
16 
14 
17 
15 
24 
45 
43 
18 
19 
44 
38 
27 
6 
0 
46 
28 
24 
10 
33 
2 
19 
45 
29 
43 
40 
46 
12 
14 
37 
36 
13 
30 
7 
5 
38 
24 
12 
39 
44 
4 
8 
11 
37 
7 
45 
10 
1 
3 
31 
6 
35 
32 
42 
23 
5 
36 
46 
13 
37 
44 
15 
19 
12 
45 
16 
0 
31 
24 
7 
2 
17 
44 
3 
30 
10 
38 
21 
19 
12 
5 
45 
11 
6 
3 
8 
31 
24 
5 
29 
23 
39 
2 
14 
28 
30 
34 
9 
44 
38 
35 
7 
10 
45 
0 
1 
16 
24 
40 
13 
28 
39 
11 
19 
5 
44 
2 
29 
12 
28 
31 
33 
46 
35 
24 
7 
27 
30 
2 
0 
