0.032800 
0.034000 
0.047200 
0.054100 
0.055200 
0.057300 
0.063400 
0.072100 
0.086800 
0.088300 
0.094600 
0.095400 
0.113600 
0.114000 
0.120400 
0.154000 
0.155400 
0.155400 
0.164500 
0.172100 
0.181200 
0.181200 
0.194400 
0.198100 
0.210200 
0.210300 
0.210500 
0.212700 
0.241000 
0.260600 
0.263100 
0.272500 
0.279700 
0.281100 
0.294700 
0.297700 
0.301800 
0.306700 
0.316600 
0.324400 
0.326300 
0.327500 
0.329600 
0.339000 
0.346000 
0.358300 
0.364700 
0.371200 
0.372200 
0.381400 
0.384900 
0.385000 
0.402600 
0.402700 
0.403100 
0.415100 
0.422300 
0.448100 
0.450200 
0.466800 
0.467100 
0.469600 
0.470500 
0.472800 
0.475200 
0.476500 
0.479100 
0.486100 
0.491300 
0.493500 
0.496300 
0.503200 
0.515200 
0.536600 
0.543200 
0.545100 
0.549200 
0.562300 
0.562500 
0.569600 
0.580600 
0.583000 
0.593200 
0.593700 
0.614900 
0.624600 
0.637000 
0.639900 
0.653900 
0.678300 
0.685100 
0.688800 
0.689100 
0.690200 
0.703100 
0.713600 
0.719200 
0.722900 
0.733500 
0.769400 
0.774000 
0.794200 
0.799600 
0.805100 
0.807700 
0.820600 
0.829700 
0.830800 
0.835100 
0.846100 
0.851400 
0.853900 
0.854700 
0.860700 
0.862700 
0.876900 
0.879600 
0.880900 
0.890300 
0.894400 
0.898600 
0.902100 
0.905300 
0.910900 
0.913500 
0.913700 
0.924900 
0.936100 
0.951800 
0.952100 
0.984800 
0.985200 
1.007300 
1.014800 
1.021700 
1.028900 
1.030300 
1.043200 
1.065200 
1.070200 
1.081800 
1.081800 
1.094900 
1.100100 
1.107600 
1.109800 
1.116800 
1.118000 
1.129600 
1.131800 
1.132800 
1.145500 
1.147000 
1.148700 
1.155100 
1.158600 
1.177700 
1.179700 
1.192900 
1.198000 
1.202100 
1.205400 
1.221400 
1.230600 
1.251400 
1.252700 
1.272100 
1.272400 
1.281300 
1.286300 
1.289500 
1.294500 
1.299900 
1.300700 
1.313300 
1.315500 
1.317800 
1.321200 
1.328700 
1.330200 
1.334200 
1.339500 
1.340700 
1.341100 
1.351400 
1.354500 
1.359500 
1.359900 
1.363100 
1.371900 
1.380600 
1.388200 
1.391000 
1.394400 
1.398200 
1.410000 
1.410800 
1.412200 
1.425300 
1.431700 
1.436900 
1.451800 
1.454900 
1.460300 
1.467300 
1.475300 
1.497000 
1.502100 
1.505100 
1.510400 
1.513400 
1.521500 
1.524000 
1.540800 
1.554200 
1.560000 
1.560200 
1.568600 
1.575600 
1.589600 
1.592900 
1.593000 
1.604600 
1.614400 
1.634100 
1.645900 
1.654800 
1.666400 
1.668000 
1.678800 
1.683600 
1.686300 
1.698400 
1.700400 
1.703600 
1.707500 
1.712400 
1.719700 
1.721800 
1.732900 
1.735000 
1.754000 
1.759100 
1.766300 
1.784400 
1.785900 
1.786600 
1.824200 
1.826000 
1.839700 
1.866400 
1.869100 
1.869900 
1.875800 
1.877200 
1.895700 
1.902200 
1.907100 
1.909900 
1.917200 
1.921200 
1.930400 
1.935800 
1.936800 
1.941700 
1.946000 
1.953900 
1.957600 
1.964500 
1.966100 
1.968400 
1.972700 
1.977500 
1.980200 
1.989500 
1.991100 
1.994600 
1.999000 
2.007100 
2.009900 
2.019200 
2.036600 
2.038100 
2.038900 
2.050900 
2.052400 
2.061400 
2.075400 
2.076100 
2.081400 
2.081700 
2.086900 
2.094800 
2.095300 
2.095700 
2.103900 
2.103900 
2.112400 
2.119300 
2.122600 
2.127700 
2.151500 
2.155000 
2.159400 
2.165200 
2.178500 
2.189900 
2.191900 
2.210300 
2.211100 
2.215700 
2.219400 
2.223200 
2.227500 
2.233600 
2.241000 
2.250200 
2.253100 
2.255000 
2.258000 
2.286400 
2.291000 
2.292600 
2.301000 
2.304800 
2.311400 
2.312000 
2.312100 
2.328200 
2.333600 
2.335600 
2.340700 
2.345200 
2.347300 
2.348900 
2.357000 
2.373800 
2.374300 
2.377200 
2.377600 
2.384100 
2.401000 
2.402900 
2.409400 
2.428800 
2.440700 
2.465800 
2.467500 
2.472800 
2.472900 
2.475600 
2.491800 
2.497100 
2.522200 
2.523800 
2.531100 
2.534600 
2.542700 
2.553400 
2.558500 
2.559400 
2.561900 
2.572800 
2.578600 
2.581600 
2.590800 
2.593600 
2.605600 
2.611600 
2.626300 
2.638400 
2.644700 
2.648300 
2.652800 
2.655400 
2.657700 
2.661100 
2.668600 
2.669400 
2.696800 
2.697200 
2.712700 
2.723400 
2.727900 
2.730800 
2.746500 
2.751700 
2.754200 
2.764000 
2.765400 
2.767700 
2.773700 
2.778800 
2.788300 
2.799300 
2.818700 
2.827900 
2.839300 
2.854400 
2.855600 
2.865000 
2.871400 
2.873800 
2.888700 
2.893900 
2.904300 
2.910400 
2.920200 
2.922400 
2.949600 
2.956700 
2.958100 
2.961800 
2.978300 
2.994700 
2.997000 
