0.016700 
0.017400 
0.018400 
0.020400 
0.022200 
0.024700 
0.025700 
0.027400 
0.027700 
0.028300 
0.029000 
0.029200 
0.029600 
0.029600 
0.029700 
0.030400 
0.031500 
0.032100 
0.032300 
0.032400 
0.036700 
0.038900 
0.040000 
0.041400 
0.042000 
0.043800 
0.045300 
0.046100 
0.051800 
0.052900 
0.057200 
0.057400 
0.058100 
0.058700 
0.060900 
0.061800 
0.062100 
0.063600 
0.066000 
0.067400 
0.067900 
0.068400 
0.068500 
0.068500 
0.070200 
0.070300 
0.071000 
0.072200 
0.073300 
0.074000 
0.076500 
0.076800 
0.077300 
0.078200 
0.083800 
0.084100 
0.085300 
0.086000 
0.088000 
0.090500 
0.091200 
0.091300 
0.091600 
0.091800 
0.091800 
0.092100 
0.093200 
0.095000 
0.097100 
0.097900 
0.098100 
0.099200 
0.104300 
0.104500 
0.104900 
0.105200 
0.105200 
0.106400 
0.108600 
0.110000 
0.110100 
0.110300 
0.110400 
0.111100 
0.115400 
0.116500 
0.117400 
0.117700 
0.121200 
0.122300 
0.122300 
0.123100 
0.123300 
0.124600 
0.128700 
0.129200 
0.129400 
0.132000 
0.132800 
0.133000 
0.133800 
0.135000 
0.138500 
0.139900 
0.140900 
0.142000 
0.144300 
0.145100 
0.145500 
0.148600 
0.149700 
0.151000 
0.152600 
0.152900 
0.153200 
0.153400 
0.153400 
0.154800 
0.156900 
0.157000 
0.157900 
0.160700 
0.161700 
0.162400 
0.164200 
0.164900 
0.165000 
0.165100 
0.167800 
0.168900 
0.171200 
0.171800 
0.171800 
0.172400 
0.172700 
0.175500 
0.177600 
0.177900 
0.178400 
0.181700 
0.183200 
0.183300 
0.184000 
0.185400 
0.185600 
0.188600 
0.190300 
0.191300 
0.192100 
0.192600 
0.196700 
0.199500 
0.202700 
0.202900 
0.203800 
0.204100 
0.204200 
0.205100 
0.205300 
0.206900 
0.213100 
0.213700 
0.213800 
0.214700 
0.215100 
0.216400 
0.216900 
0.217500 
0.218100 
0.218200 
0.218300 
0.218700 
0.218800 
0.224200 
0.225000 
0.225100 
0.228000 
0.228700 
0.229000 
0.229100 
0.231400 
0.231800 
0.232800 
0.234000 
0.234800 
0.236200 
0.238800 
0.239700 
0.241200 
0.242800 
0.244500 
0.244800 
0.244900 
0.247700 
0.248000 
0.248100 
0.248600 
0.250200 
0.251500 
0.251600 
0.251700 
0.252300 
0.253000 
0.253300 
0.256900 
0.257600 
0.261200 
0.263000 
0.267400 
0.268000 
0.268400 
0.268700 
0.269300 
0.272400 
0.272900 
0.273200 
0.275000 
0.275300 
0.276000 
0.276800 
0.281300 
0.281400 
0.291000 
0.294500 
0.296800 
0.296900 
0.297100 
0.298100 
0.299400 
0.299500 
0.302600 
0.305100 
0.306000 
0.307000 
0.307600 
0.308100 
0.308500 
0.309600 
0.310100 
0.311000 
0.312100 
0.312500 
0.313700 
0.321100 
0.322100 
0.322300 
0.322600 
0.323000 
0.324100 
0.325300 
0.327600 
0.327800 
0.329400 
0.329700 
0.332000 
0.332300 
0.332900 
0.334500 
0.337500 
0.338000 
0.338200 
0.340000 
0.340500 
0.340700 
0.341900 
0.343100 
0.343600 
0.346500 
0.347800 
0.350600 
0.353100 
0.354000 
0.354800 
0.355800 
0.359300 
0.359500 
0.361700 
0.363000 
0.363300 
0.364000 
0.364300 
0.365800 
0.370000 
0.372200 
0.376100 
0.377000 
0.377300 
0.377600 
0.380300 
0.380600 
0.381200 
0.381500 
0.384200 
0.389000 
0.390200 
0.390900 
0.391400 
0.391400 
0.391800 
0.392200 
0.395200 
0.396700 
0.397100 
0.400900 
0.402200 
0.402600 
0.403400 
0.404600 
0.407900 
0.410900 
0.412400 
0.412900 
0.414500 
0.414800 
0.415100 
0.418200 
0.420200 
0.420900 
0.422000 
0.423300 
0.425500 
0.427400 
0.429100 
0.430000 
0.430500 
0.431300 
0.434600 
0.436300 
0.436300 
0.438800 
0.440500 
0.440900 
0.442500 
0.442800 
0.442800 
0.446100 
0.446200 
0.448100 
0.449400 
0.449700 
0.451200 
0.451400 
0.452700 
0.453100 
0.453400 
0.454500 
0.455700 
0.456500 
0.458600 
0.458700 
0.461800 
0.465700 
0.467000 
0.467400 
0.470100 
0.471900 
0.473500 
0.473900 
0.474100 
0.475900 
0.476900 
0.477200 
0.477600 
0.480000 
0.480800 
0.481500 
0.483400 
0.485600 
0.486300 
0.488400 
0.490500 
0.491400 
0.493900 
0.494400 
0.494800 
0.499800 
0.500800 
0.501700 
0.503000 
0.504000 
0.504100 
0.505600 
0.505900 
0.506700 
0.509300 
0.510500 
0.511700 
0.511900 
0.512000 
0.516600 
0.517500 
0.517700 
0.517800 
0.520200 
0.520600 
0.521400 
0.523800 
0.523900 
0.524100 
0.524200 
0.524300 
0.526300 
0.526400 
0.526500 
0.527500 
0.531700 
0.532400 
0.533500 
0.535100 
0.536800 
0.538000 
0.541700 
0.541800 
0.542000 
0.542200 
0.543200 
0.544900 
0.545000 
0.545200 
0.545500 
0.547400 
0.548500 
0.550300 
0.552000 
0.554100 
0.555500 
0.556700 
0.556700 
0.559800 
0.560200 
0.563600 
0.564800 
0.566600 
0.567100 
0.568300 
0.568700 
0.571200 
0.575700 
0.576100 
0.576100 
0.576300 
0.576500 
0.576900 
0.577100 
0.579500 
0.580600 
0.581200 
0.581400 
0.583500 
0.585700 
0.586600 
0.587100 
0.590200 
0.592900 
0.596800 
0.597500 
0.597900 
0.598300 
0.598400 
0.600500 
0.601000 
0.601300 
0.602800 
0.603300 
0.605600 
0.607600 
0.608300 
0.609700 
0.609800 
0.609900 
0.609900 
0.610900 
0.612200 
0.612900 
0.614400 
0.616800 
0.617100 
0.618300 
0.620400 
0.621600 
0.622000 
0.625700 
0.629700 
0.629800 
0.630200 
0.633900 
0.635600 
0.635700 
0.636100 
0.638100 
0.638600 
0.640300 
0.642000 
0.644400 
0.646100 
0.646600 
0.646900 
0.648100 
0.650400 
0.650800 
0.651300 
0.652200 
0.654600 
0.655000 
0.655200 
0.656000 
0.658000 
0.658400 
0.659600 
0.661300 
0.661600 
0.661900 
0.662000 
0.662300 
0.662800 
0.662900 
0.664200 
0.664400 
0.667200 
0.667200 
0.667200 
0.668000 
0.668300 
0.670200 
0.670600 
0.670700 
0.673800 
0.675600 
0.676200 
0.680400 
0.680400 
0.682000 
0.682900 
0.683900 
0.687900 
0.688600 
0.689300 
0.690400 
0.691800 
0.692200 
0.695800 
0.695800 
0.696600 
0.696900 
0.697000 
0.700000 
0.700700 
0.701700 
0.701800 
0.702500 
0.703900 
0.704100 
0.704400 
0.705300 
0.706200 
0.707000 
0.709700 
0.711700 
0.713100 
0.715400 
0.715700 
0.716300 
0.717600 
0.718800 
0.719100 
0.719300 
0.720600 
0.720700 
0.722400 
0.724800 
0.726000 
0.727000 
0.727700 
0.728500 
0.728600 
0.729100 
0.732600 
0.733000 
0.737800 
0.738500 
0.739600 
0.739800 
0.741300 
0.742400 
0.743500 
0.744100 
0.744500 
0.745000 
0.745200 
0.748900 
0.749200 
0.751900 
0.752200 
0.752500 
0.754000 
0.754600 
0.756200 
0.756400 
0.761200 
0.762100 
0.762300 
0.763300 
0.763900 
0.764600 
0.765700 
0.765800 
0.768800 
0.770600 
0.772500 
0.773000 
0.773600 
0.774100 
0.775200 
0.775500 
0.775800 
0.776200 
0.780800 
0.781100 
0.781200 
0.782200 
0.783600 
0.785100 
0.785100 
0.785900 
0.786000 
0.786100 
0.791200 
0.791200 
0.791700 
0.796100 
0.796100 
0.796300 
0.798400 
0.798800 
0.799400 
0.801100 
0.804000 
0.804200 
0.804800 
0.805500 
0.805700 
0.806200 
0.806400 
0.807100 
0.808100 
0.811100 
0.811600 
0.811800 
0.813500 
0.813700 
0.814600 
0.815600 
0.818000 
0.818400 
0.819400 
0.819600 
0.820200 
0.822900 
0.823600 
0.825700 
0.826400 
0.826400 
0.827900 
0.828200 
0.828800 
0.833100 
0.834300 
0.835900 
0.838100 
0.838600 
0.843900 
0.844300 
0.844800 
0.847100 
0.848000 
0.851900 
0.851900 
0.852900 
0.853900 
0.854000 
0.854100 
0.856900 
0.858700 
0.858800 
0.861000 
0.862700 
0.864300 
0.865200 
0.866300 
0.868500 
0.869600 
0.870400 
0.871000 
0.872300 
0.872400 
0.872700 
0.875100 
0.875200 
0.875500 
0.875500 
0.875700 
0.875800 
0.879500 
0.881500 
0.881600 
0.882100 
0.882100 
0.882200 
0.885500 
0.888000 
0.888400 
0.891300 
0.892200 
0.893400 
0.894600 
0.897900 
0.899300 
0.901100 
0.902800 
0.902800 
0.903000 
0.904400 
0.905200 
0.905700 
0.906900 
0.907200 
0.907900 
0.910000 
0.912900 
0.916900 
0.917400 
0.921400 
0.921400 
0.922300 
0.924300 
0.925900 
0.927200 
0.928800 
0.930000 
0.930400 
0.931900 
0.933400 
0.937200 
0.939200 
0.941000 
0.942100 
0.942100 
0.942100 
0.942700 
0.943100 
0.944100 
0.946900 
0.950400 
0.951100 
0.951900 
0.952400 
0.953000 
0.954700 
0.954800 
0.954800 
0.955700 
0.955800 
0.955900 
0.957000 
0.957300 
0.958700 
0.959600 
0.959800 
0.960000 
0.961600 
0.961800 
0.963700 
0.967700 
0.967700 
0.969000 
0.974100 
0.974400 
0.974500 
0.976600 
0.978300 
0.979400 
0.981100 
0.981400 
0.981400 
0.981700 
0.982400 
0.984500 
0.985300 
0.985400 
0.989100 
0.989900 
0.990600 
0.991500 
0.993100 
0.993200 
0.995800 
0.996400 
0.997500 
0.997700 
0.997800 
1.000300 
1.002400 
1.002700 
1.004400 
1.007700 
1.008000 
1.008600 
1.009800 
1.011600 
1.011600 
1.017400 
1.017700 
1.018900 
1.019200 
1.019900 
1.020000 
1.022500 
1.023100 
1.023600 
1.023800 
1.024600 
1.025500 
1.027300 
1.028600 
1.028800 
1.029600 
1.032300 
1.032600 
1.032700 
1.037700 
1.038000 
1.039800 
1.040100 
1.040100 
1.040300 
1.040800 
1.042300 
1.043800 
1.044600 
1.047200 
1.048800 
1.051600 
1.052100 
1.053700 
1.054000 
1.055000 
1.055400 
1.055800 
1.056600 
1.056700 
1.056700 
1.058000 
1.059400 
1.062100 
1.062900 
1.063100 
1.063200 
1.063300 
1.064000 
1.064500 
1.065000 
1.065700 
1.067200 
1.067400 
1.068100 
1.070300 
1.070700 
1.072100 
1.072400 
1.075900 
1.076300 
1.076500 
1.076500 
1.078600 
1.078600 
1.081400 
1.083500 
1.084200 
1.084300 
1.085400 
1.086700 
1.086900 
1.088500 
1.090500 
1.092000 
1.097000 
1.098200 
1.099200 
1.099300 
1.101200 
1.101500 
1.101700 
1.102000 
1.102300 
1.102300 
1.103600 
1.105400 
1.106100 
1.108100 
1.109000 
1.109300 
1.110200 
1.110300 
1.112800 
1.112900 
1.117200 
1.117600 
1.118500 
1.118800 
1.119400 
1.120100 
1.120300 
1.122800 
1.123100 
1.125800 
1.127100 
1.127400 
1.128700 
1.130300 
1.130700 
1.131700 
1.131800 
1.132000 
1.132000 
1.132500 
1.134300 
1.135600 
1.136200 
1.141000 
1.142000 
1.144400 
1.148200 
1.151000 
1.151400 
1.154200 
1.154300 
1.156900 
1.157500 
1.160900 
1.162200 
1.162400 
1.165600 
1.166800 
1.168600 
1.170100 
1.170600 
1.174300 
1.174400 
1.175300 
1.175400 
1.175700 
1.177000 
1.177300 
1.183200 
1.184300 
1.184800 
1.188800 
1.189500 
1.189900 
1.192000 
1.192500 
1.193900 
1.194600 
1.195300 
1.198600 
1.199200 
1.199600 
1.199600 
1.199800 
1.201600 
1.202200 
1.204700 
1.205400 
1.205600 
1.209200 
1.210100 
1.212000 
1.212600 
1.213500 
1.214700 
1.215000 
1.215300 
1.216000 
1.216500 
1.217300 
1.220100 
1.222300 
1.224500 
1.226400 
1.227000 
1.227400 
1.227600 
1.227700 
1.228700 
1.229300 
1.229800 
1.232700 
1.233200 
1.235700 
1.236100 
1.236800 
1.237700 
1.238900 
1.238900 
1.239800 
1.241400 
1.241600 
1.242300 
1.245400 
1.246800 
1.247000 
1.247500 
1.250600 
1.251000 
1.251900 
1.252200 
1.252300 
1.253900 
1.254400 
1.254500 
1.254600 
1.255000 
1.257100 
1.258100 
1.258800 
1.259000 
1.263100 
1.263500 
1.264600 
1.265100 
1.265100 
1.265100 
1.267500 
1.267500 
1.267900 
1.269000 
1.270200 
1.271000 
1.271400 
1.275000 
1.279400 
1.279600 
1.279800 
1.280200 
1.281300 
1.286400 
1.286700 
1.290900 
1.291700 
1.292800 
1.294800 
1.295300 
1.297400 
1.301000 
1.302100 
1.302100 
1.303600 
1.305800 
1.306300 
1.307200 
1.309100 
1.309800 
1.311400 
1.312200 
1.316800 
1.318700 
1.319100 
1.319500 
1.319800 
1.320200 
1.323800 
1.324600 
1.328300 
1.329100 
1.329700 
1.331500 
1.333400 
1.334000 
1.334200 
1.334600 
1.336500 
1.337200 
1.339200 
1.339800 
1.342700 
1.342900 
1.343900 
1.345700 
1.350300 
1.351000 
1.352600 
1.353700 
1.355000 
1.356700 
1.356900 
1.360500 
1.362000 
1.362100 
1.362900 
1.364700 
1.364900 
1.366400 
1.366500 
1.367100 
1.368300 
1.368600 
1.369300 
1.369900 
1.370300 
1.370500 
1.370900 
1.371700 
1.372300 
1.372600 
1.373600 
1.374200 
1.377100 
1.377600 
1.379600 
1.379900 
1.379900 
1.384100 
1.386400 
1.386900 
1.387000 
1.388400 
1.390700 
1.390900 
1.394200 
1.395000 
1.395300 
1.397700 
1.398500 
1.401600 
1.402000 
1.402500 
1.403200 
1.403500 
1.404500 
1.406400 
1.406700 
1.408100 
1.409500 
1.412000 
1.414000 
1.418100 
1.419600 
1.420000 
1.423700 
1.429800 
1.431300 
1.431400 
1.436800 
1.438300 
1.440000 
1.440600 
1.442300 
1.443300 
1.444900 
1.446300 
1.446400 
1.446500 
1.448400 
1.449600 
1.450200 
1.453200 
1.453600 
1.454100 
1.457600 
1.458200 
1.461300 
1.462000 
1.463600 
1.463900 
1.464200 
1.464800 
1.468800 
1.471300 
1.472400 
1.472500 
1.474800 
1.477400 
1.478100 
1.478200 
1.478300 
1.478600 
1.478600 
1.479300 
1.479400 
1.481000 
1.482100 
1.483000 
1.483200 
1.483500 
1.487200 
1.487700 
1.491600 
1.491700 
1.494100 
1.495000 
1.495000 
1.495900 
1.496400 
1.496400 
1.497600 
1.498400 
1.499400 
1.501200 
1.506900 
1.507400 
1.507800 
1.508100 
1.509800 
1.511100 
1.512100 
1.514200 
1.514600 
1.514800 
1.517900 
1.518500 
1.518600 
1.521100 
1.522000 
1.522300 
1.523800 
1.525500 
1.527800 
1.529100 
1.531100 
1.534700 
1.535800 
1.539700 
1.540100 
1.540200 
1.542000 
1.543400 
1.546100 
1.546600 
1.548200 
1.555500 
1.556400 
1.558900 
1.561200 
1.562900 
1.563900 
1.565000 
1.565400 
1.567600 
1.569600 
1.572900 
1.573500 
1.573600 
1.574500 
1.575700 
1.576300 
1.576700 
1.578500 
1.578800 
1.582200 
1.584000 
1.585800 
1.586500 
1.586800 
1.587100 
1.589500 
1.590600 
1.591100 
1.593000 
1.595400 
1.596400 
1.601800 
1.602300 
1.604400 
1.607100 
1.611500 
1.612100 
1.612900 
1.614900 
1.615400 
1.615600 
1.616700 
1.622900 
1.623200 
1.623500 
1.623700 
1.624600 
1.625100 
1.627000 
1.627100 
1.627300 
1.627900 
1.627900 
1.630700 
1.632300 
1.632900 
1.633400 
1.634100 
1.634400 
1.636600 
1.637500 
1.639300 
1.640800 
1.640900 
1.644100 
1.644400 
1.645200 
1.645500 
1.645700 
1.648400 
1.648800 
1.649500 
1.650100 
1.653400 
1.653500 
1.654100 
1.654400 
1.654800 
1.658000 
1.658100 
1.658300 
1.659600 
1.663400 
1.664900 
1.665800 
1.666200 
1.666700 
1.667200 
1.667400 
1.668500 
1.669700 
1.670800 
1.673200 
1.674000 
1.674100 
1.675500 
1.679400 
1.680000 
1.681000 
1.681200 
1.686200 
1.686900 
1.688600 
1.689300 
1.689400 
1.690900 
1.694000 
1.694300 
1.696500 
1.698100 
1.701400 
1.702200 
1.703200 
1.703900 
1.707300 
1.710700 
1.710700 
1.711800 
1.712000 
1.714400 
1.716400 
1.717500 
1.718700 
1.719900 
1.721400 
1.722100 
1.723100 
1.724100 
1.724200 
1.724800 
1.726300 
1.726700 
1.728400 
1.732200 
1.732600 
1.734300 
1.734300 
1.736000 
1.737400 
1.738400 
1.739900 
1.745400 
1.747100 
1.747900 
1.750300 
1.751300 
1.751400 
1.753000 
1.754700 
1.757900 
1.759700 
1.760700 
1.760800 
1.763100 
1.764100 
1.766300 
1.766500 
1.768300 
1.769500 
1.770400 
1.770400 
1.770800 
1.773400 
1.776700 
1.776800 
1.777300 
1.781100 
1.783800 
1.784300 
1.784700 
1.785800 
1.788600 
1.788800 
1.791600 
1.791600 
1.792500 
1.793500 
1.794100 
1.796200 
1.797000 
1.797700 
1.797800 
1.798300 
1.799100 
1.799100 
1.801800 
1.803600 
1.806900 
1.808300 
1.808600 
1.809400 
1.809600 
1.810100 
1.810300 
1.813300 
1.813700 
1.814600 
1.814900 
1.816200 
1.816700 
1.817500 
1.817900 
1.819000 
1.819000 
1.820500 
1.821600 
1.822400 
1.822900 
1.824100 
1.825800 
1.826900 
1.828300 
1.829300 
1.829800 
1.830900 
1.830900 
1.831800 
1.832700 
1.832800 
1.833000 
1.833300 
1.834300 
1.835800 
1.836900 
1.839800 
1.840100 
1.844500 
1.846500 
1.849100 
1.851100 
1.851200 
1.853500 
1.857200 
1.858000 
1.858000 
1.858200 
1.858900 
1.860800 
1.861700 
1.862000 
1.864000 
1.864800 
1.865100 
1.865600 
1.869500 
1.870400 
1.872000 
1.873600 
1.874300 
1.875400 
1.876200 
1.877700 
1.878300 
1.880000 
1.883900 
1.884200 
1.888200 
1.890200 
1.892300 
1.893100 
1.895500 
1.896100 
1.898000 
1.899600 
1.904400 
1.904600 
1.906900 
1.907900 
1.909900 
1.912300 
1.912400 
1.912700 
1.915100 
1.916200 
1.916500 
1.916700 
1.918700 
1.919700 
1.920100 
1.920700 
1.922100 
1.923700 
1.925600 
1.927600 
1.929900 
1.930100 
1.930700 
1.931500 
1.933000 
1.933500 
1.936600 
1.936700 
1.936800 
1.939800 
1.941400 
1.943100 
1.943900 
1.945200 
1.945800 
1.946100 
1.946300 
1.947000 
1.949300 
1.951600 
1.951900 
1.952800 
1.954200 
1.954800 
1.956400 
1.957800 
1.958300 
1.958800 
1.959500 
1.960800 
1.963400 
1.968400 
1.968800 
1.970700 
1.970900 
1.977700 
1.978100 
1.979600 
1.980300 
1.982200 
1.985700 
1.986900 
1.990200 
1.991100 
1.991300 
1.992900 
1.993700 
1.994000 
1.995100 
1.995900 
1.995900 
1.996500 
1.997600 
1.999800 
2.002300 
2.002500 
2.003300 
2.003800 
2.004000 
2.004400 
2.005100 
2.006500 
2.008500 
2.008900 
2.011200 
2.011600 
2.013100 
2.013800 
2.014400 
2.014500 
2.015500 
2.015500 
2.016200 
2.017100 
2.017400 
2.018400 
2.019100 
2.019600 
2.023200 
2.024600 
2.025000 
2.025900 
2.027900 
2.030200 
2.033900 
2.035000 
2.035400 
2.038000 
2.038200 
2.038300 
2.038900 
2.039400 
2.039800 
2.043300 
2.045600 
2.047200 
2.047800 
2.051800 
2.055400 
2.056500 
2.056800 
2.059400 
2.060600 
2.061400 
2.062000 
2.065700 
2.067400 
2.068600 
2.068900 
2.070100 
2.070100 
2.070200 
2.070900 
2.072900 
2.075500 
2.078700 
2.080200 
2.080500 
2.080800 
2.082000 
2.082600 
2.082900 
2.084000 
2.084100 
2.084700 
2.085200 
2.085200 
2.085500 
2.085600 
2.086800 
2.087400 
2.087700 
2.088100 
2.090100 
2.093800 
2.093900 
2.094500 
2.094800 
2.095000 
2.098300 
2.098500 
2.099400 
2.100200 
2.100300 
2.100300 
2.101500 
2.101600 
2.103900 
2.105000 
2.106800 
2.107700 
2.108900 
2.110800 
2.113300 
2.114700 
2.117000 
2.120000 
2.122400 
2.123400 
2.124200 
2.124300 
2.125400 
2.125800 
2.130300 
2.133100 
2.138900 
2.140100 
2.142000 
2.142900 
2.143400 
2.143500 
2.146700 
2.148000 
2.148200 
2.148300 
2.149300 
2.152400 
2.153300 
2.154000 
2.161500 
2.162500 
2.163500 
2.165800 
2.166800 
2.168400 
2.169800 
2.170600 
2.170800 
2.172600 
2.172800 
2.174100 
2.174400 
2.175600 
2.176800 
2.177300 
2.177700 
2.178100 
2.178200 
2.178300 
2.179600 
2.180400 
2.181000 
2.184500 
2.187400 
2.193100 
2.197500 
2.198500 
2.198800 
2.199900 
2.200000 
2.203500 
2.205700 
2.206300 
2.207700 
2.208500 
2.211100 
2.211500 
2.213000 
2.213100 
2.215800 
2.217600 
2.217800 
2.220400 
2.222500 
2.222700 
2.223400 
2.224200 
2.225900 
2.227100 
2.227200 
2.227900 
2.232300 
2.233300 
2.233700 
2.237300 
2.238400 
2.240500 
2.240900 
2.243700 
2.245100 
2.246600 
2.247300 
2.249300 
2.249300 
2.252400 
2.254700 
2.254800 
2.257700 
2.258200 
2.258600 
2.259200 
2.259300 
2.259500 
2.261200 
2.266500 
2.266600 
2.266800 
2.269300 
2.269800 
2.271100 
2.271300 
2.271900 
2.272100 
2.273700 
2.276400 
2.276600 
2.278200 
2.283500 
2.284500 
2.285400 
2.285500 
2.286200 
2.288000 
2.288600 
2.289000 
2.290200 
2.292100 
2.293600 
2.295400 
2.296800 
2.296900 
2.298600 
2.298900 
2.299000 
2.299900 
2.302500 
2.303400 
2.306800 
2.306900 
2.307600 
2.309400 
2.312200 
2.314000 
2.317500 
2.318700 
2.323500 
2.323700 
2.324600 
2.324700 
2.324800 
2.328200 
2.328300 
2.328900 
2.329400 
2.330800 
2.332900 
2.340200 
2.341900 
2.342500 
2.342900 
2.344700 
2.345000 
2.346500 
2.348000 
2.349400 
2.351400 
2.353700 
2.355400 
2.355800 
2.357800 
2.361200 
2.361400 
2.362000 
2.364300 
2.364700 
2.367100 
2.370900 
2.371400 
2.371700 
2.372000 
2.374300 
2.378900 
2.382000 
2.382000 
2.382300 
2.383200 
2.384400 
2.385300 
2.386000 
2.386800 
2.395100 
2.396200 
2.396300 
2.396400 
2.399100 
2.400100 
2.402300 
2.408000 
2.410500 
2.410900 
2.413400 
2.414100 
2.415100 
2.415400 
2.418200 
2.419000 
2.420800 
2.422800 
2.425000 
2.425500 
2.427400 
2.428200 
2.428600 
2.429300 
2.431000 
2.434100 
2.434200 
2.435200 
2.435500 
2.438200 
2.440900 
2.442700 
2.443300 
2.443400 
2.443500 
2.443600 
2.444100 
2.445300 
2.445700 
2.446000 
2.446400 
2.447400 
2.447700 
2.448400 
2.448800 
2.452000 
2.452000 
2.452800 
2.453200 
2.453600 
2.454200 
2.456800 
2.457300 
2.457800 
2.458900 
2.459900 
2.463900 
2.466600 
2.466700 
2.468600 
2.469000 
2.470000 
2.470100 
2.470100 
2.471500 
2.472800 
2.473200 
2.475000 
2.477300 
2.480400 
2.481200 
2.481600 
2.484000 
2.486000 
2.488400 
2.489000 
2.489800 
2.490600 
2.491900 
2.492300 
2.492500 
2.493200 
2.496900 
2.498500 
2.502200 
2.503300 
2.503400 
2.504200 
2.507000 
2.507100 
2.510500 
2.512300 
2.512300 
2.513400 
2.514300 
2.515300 
2.516000 
2.516400 
2.517700 
2.518600 
2.521100 
2.522300 
2.522900 
2.523300 
2.526800 
2.527800 
2.528500 
2.528500 
2.531800 
2.535000 
2.536100 
2.536400 
2.537800 
2.537800 
2.541500 
2.544000 
2.544800 
2.546100 
2.546100 
2.550200 
2.551200 
2.554600 
2.556100 
2.558800 
2.559400 
2.560900 
2.561300 
2.561700 
2.563000 
2.564500 
2.565000 
2.565600 
2.565900 
2.566700 
2.569700 
2.569900 
2.570200 
2.571900 
2.574000 
2.574900 
2.577400 
2.577700 
2.577800 
2.577900 
2.577900 
2.578000 
2.578300 
2.579800 
2.583300 
2.585000 
2.586400 
2.590100 
2.592000 
2.592800 
2.593500 
2.595400 
2.596700 
2.597700 
2.597800 
2.597800 
2.597900 
2.598200 
2.599600 
2.601200 
2.606100 
2.606900 
2.611700 
2.617500 
2.618200 
2.618300 
2.620800 
2.621700 
2.624600 
2.625000 
2.626000 
2.626800 
2.629300 
2.630600 
2.630800 
2.630900 
2.633100 
2.634000 
2.635200 
2.635500 
2.637700 
2.639200 
2.640500 
2.641200 
2.641500 
2.642400 
2.644100 
2.645800 
2.646700 
2.649100 
2.650100 
2.650400 
2.650500 
2.652900 
2.654800 
2.655300 
2.656000 
2.657200 
2.661400 
2.661800 
2.662500 
2.662800 
2.663000 
2.663800 
2.664000 
2.664400 
2.665900 
2.666800 
2.668100 
2.669000 
2.670800 
2.671900 
2.672000 
2.673100 
2.674600 
2.676500 
2.676800 
2.677400 
2.677900 
2.678200 
2.678900 
2.679300 
2.680200 
2.681500 
2.683500 
2.683900 
2.685700 
2.689700 
2.691000 
2.691300 
2.692700 
2.694900 
2.696300 
2.697100 
2.700400 
2.700600 
2.700700 
2.703800 
2.704200 
2.706400 
2.707400 
2.708500 
2.708900 
2.712500 
2.713400 
2.713600 
2.714000 
2.714600 
2.716000 
2.717100 
2.719400 
2.721300 
2.722400 
2.723400 
2.723900 
2.726200 
2.726800 
2.727500 
2.728200 
2.730100 
2.731500 
2.731800 
2.731800 
2.735100 
2.737900 
2.738500 
2.740900 
2.741400 
2.741700 
2.742100 
2.742500 
2.742600 
2.742700 
2.743100 
2.750600 
2.750800 
2.750800 
2.750800 
2.751700 
2.754100 
2.754600 
2.754900 
2.755300 
2.757400 
2.758200 
2.759100 
2.759500 
2.761500 
2.763700 
2.764800 
2.765300 
2.767400 
2.768000 
2.769900 
2.771900 
2.773900 
2.778000 
2.778100 
2.781200 
2.781400 
2.781400 
2.783100 
2.784000 
2.784400 
2.784800 
2.785500 
2.787900 
2.788000 
2.788100 
2.789300 
2.792200 
2.793700 
2.794500 
2.797700 
2.797700 
2.799200 
2.800300 
2.802100 
2.805200 
2.806800 
2.807000 
2.807100 
2.807400 
2.812200 
2.814000 
2.814300 
2.817200 
2.819100 
2.822100 
2.823800 
2.825400 
2.829000 
2.831400 
2.835100 
2.835400 
2.835500 
2.838000 
2.838100 
2.839900 
2.841000 
2.841700 
2.845000 
2.846400 
2.846600 
2.847600 
2.847900 
2.851700 
2.858200 
2.860000 
2.860400 
2.861700 
2.861800 
2.863100 
2.863200 
2.863800 
2.864000 
2.866700 
2.870000 
2.870500 
2.871300 
2.872500 
2.872700 
2.874600 
2.875900 
2.878000 
2.880000 
2.886600 
2.886800 
2.887300 
2.888000 
2.889500 
2.890800 
2.891900 
2.893100 
2.898000 
2.899200 
2.899900 
2.901200 
2.902200 
2.908000 
2.908100 
2.908600 
2.909000 
2.909400 
2.909600 
2.909900 
2.911100 
2.912600 
2.912700 
2.912900 
2.913300 
2.914900 
2.916400 
2.917500 
2.919500 
2.921100 
2.921700 
2.922400 
2.922900 
2.924800 
2.927700 
2.928500 
2.929400 
2.931400 
2.931900 
2.935300 
2.938500 
2.939800 
2.941100 
2.942600 
2.942800 
2.943800 
2.946200 
2.947000 
2.948000 
2.948400 
2.948500 
2.949200 
2.950900 
2.950900 
2.951800 
2.952500 
2.954100 
2.954700 
2.957100 
2.957200 
2.959400 
2.960600 
2.962200 
2.962300 
2.963400 
2.963800 
2.964700 
2.967600 
2.967800 
2.968000 
2.968400 
2.968900 
2.972300 
2.973500 
2.977000 
2.977400 
2.979700 
2.982600 
2.982700 
2.988200 
2.990200 
2.993300 
2.995500 
2.999200 
