38 
84 
60 
39 
78 
61 
37 
59 
49 
50 
12 
53 
93 
63 
77 
28 
2 
87 
51 
58 
29 
72 
4 
18 
96 
93 
97 
80 
63 
24 
1 
64 
40 
4 
81 
93 
11 
79 
86 
13 
89 
63 
16 
19 
53 
90 
38 
5 
39 
94 
48 
28 
97 
26 
33 
30 
18 
41 
11 
36 
34 
39 
69 
59 
26 
94 
90 
2 
70 
28 
72 
42 
1 
64 
45 
2 
6 
37 
21 
11 
94 
39 
20 
66 
68 
95 
90 
93 
75 
26 
69 
24 
83 
61 
52 
87 
0 
9 
32 
22 
15 
2 
18 
85 
89 
38 
67 
93 
53 
45 
39 
8 
12 
46 
23 
25 
91 
90 
6 
4 
9 
8 
27 
16 
10 
2 
52 
44 
49 
90 
75 
93 
27 
92 
71 
0 
45 
64 
94 
54 
30 
34 
63 
65 
67 
75 
58 
97 
68 
42 
0 
45 
23 
25 
40 
43 
52 
90 
2 
15 
68 
7 
28 
94 
65 
92 
34 
82 
51 
4 
52 
66 
29 
2 
43 
91 
53 
75 
37 
89 
36 
88 
80 
29 
19 
38 
37 
39 
72 
22 
47 
86 
92 
58 
11 
25 
49 
94 
53 
28 
61 
27 
51 
70 
52 
87 
60 
11 
37 
84 
58 
13 
45 
75 
4 
12 
51 
22 
46 
53 
71 
60 
83 
7 
6 
72 
76 
70 
8 
97 
10 
64 
29 
56 
18 
0 
66 
69 
47 
24 
37 
74 
27 
40 
83 
93 
26 
66 
86 
95 
94 
9 
19 
89 
56 
45 
58 
43 
90 
17 
39 
4 
27 
8 
92 
52 
12 
68 
67 
83 
81 
53 
86 
6 
93 
51 
87 
24 
12 
23 
76 
56 
53 
65 
97 
71 
8 
41 
89 
30 
69 
76 
0 
12 
59 
13 
94 
93 
45 
65 
70 
0 
39 
35 
52 
93 
75 
90 
89 
92 
85 
1 
66 
83 
35 
33 
71 
31 
22 
19 
49 
93 
12 
3 
11 
50 
59 
45 
39 
0 
53 
33 
60 
68 
86 
49 
8 
5 
12 
57 
49 
87 
48 
37 
84 
0 
47 
53 
93 
49 
65 
90 
1 
31 
87 
8 
56 
25 
58 
33 
57 
93 
64 
65 
1 
89 
30 
11 
43 
0 
47 
40 
76 
70 
69 
53 
17 
58 
25 
2 
39 
75 
97 
36 
13 
81 
35 
84 
68 
53 
1 
82 
65 
5 
6 
72 
37 
39 
51 
97 
2 
77 
84 
56 
90 
43 
55 
67 
76 
85 
78 
97 
70 
94 
82 
53 
59 
20 
42 
90 
87 
68 
0 
56 
20 
51 
65 
30 
76 
0 
34 
26 
35 
6 
64 
93 
37 
69 
83 
19 
29 
71 
84 
68 
48 
73 
16 
28 
18 
5 
43 
19 
27 
55 
69 
7 
78 
51 
39 
34 
93 
20 
79 
97 
58 
68 
16 
59 
26 
93 
8 
19 
81 
52 
61 
87 
11 
69 
53 
90 
40 
97 
17 
59 
66 
54 
29 
84 
55 
68 
92 
45 
60 
76 
64 
69 
93 
70 
74 
65 
2 
94 
3 
32 
53 
83 
55 
40 
58 
25 
64 
45 
15 
80 
42 
75 
93 
24 
97 
52 
68 
18 
26 
90 
67 
25 
0 
96 
53 
45 
80 
19 
93 
39 
5 
60 
68 
92 
50 
97 
86 
0 
75 
83 
93 
81 
94 
24 
52 
12 
53 
20 
49 
34 
37 
68 
5 
94 
80 
57 
0 
45 
58 
11 
2 
89 
35 
95 
41 
8 
87 
52 
16 
68 
12 
67 
72 
13 
33 
11 
47 
19 
5 
78 
28 
90 
84 
81 
40 
25 
12 
34 
57 
33 
86 
16 
12 
75 
59 
7 
82 
72 
27 
15 
47 
11 
63 
30 
93 
50 
8 
51 
20 
49 
97 
63 
47 
45 
23 
29 
80 
2 
61 
93 
90 
1 
58 
0 
53 
76 
27 
60 
5 
81 
87 
64 
45 
2 
10 
47 
97 
3 
20 
92 
21 
73 
35 
93 
23 
4 
26 
39 
90 
72 
27 
71 
37 
86 
2 
18 
91 
12 
50 
34 
54 
45 
85 
25 
43 
19 
16 
5 
61 
29 
25 
94 
70 
8 
97 
2 
44 
64 
93 
23 
13 
0 
84 
63 
23 
82 
46 
6 
68 
76 
31 
2 
8 
21 
85 
53 
24 
34 
4 
83 
65 
29 
97 
0 
55 
6 
30 
26 
12 
19 
7 
86 
81 
8 
47 
23 
84 
58 
13 
93 
2 
78 
87 
58 
62 
61 
92 
75 
68 
73 
37 
69 
5 
15 
42 
35 
25 
38 
48 
57 
82 
97 
1 
8 
4 
30 
22 
65 
83 
94 
12 
54 
70 
68 
57 
45 
50 
7 
20 
76 
97 
39 
93 
51 
92 
67 
84 
19 
75 
52 
53 
85 
97 
33 
47 
16 
0 
83 
10 
45 
55 
63 
34 
90 
57 
35 
39 
97 
29 
36 
38 
93 
20 
45 
4 
51 
23 
9 
2 
37 
93 
55 
92 
53 
1 
58 
36 
35 
8 
39 
13 
34 
43 
69 
94 
33 
22 
48 
40 
45 
84 
42 
37 
2 
51 
39 
41 
25 
3 
24 
17 
23 
52 
45 
92 
69 
75 
35 
78 
84 
97 
87 
43 
73 
26 
81 
37 
45 
19 
93 
76 
53 
17 
34 
2 
85 
87 
59 
67 
24 
55 
36 
43 
97 
76 
73 
65 
84 
12 
51 
93 
48 
82 
22 
81 
49 
73 
94 
77 
9 
25 
75 
78 
2 
34 
45 
10 
21 
0 
76 
4 
73 
52 
92 
61 
59 
7 
72 
58 
78 
84 
69 
47 
67 
2 
34 
68 
93 
90 
0 
55 
16 
39 
43 
40 
61 
5 
18 
0 
28 
82 
93 
56 
1 
8 
83 
69 
52 
95 
24 
27 
81 
57 
18 
65 
50 
29 
30 
45 
33 
51 
58 
53 
72 
47 
63 
35 
19 
26 
82 
97 
37 
69 
27 
53 
94 
43 
2 
12 
15 
57 
48 
96 
59 
51 
19 
83 
39 
0 
87 
73 
8 
37 
90 
65 
67 
35 
70 
93 
79 
60 
68 
24 
30 
43 
20 
12 
28 
56 
11 
84 
90 
47 
34 
39 
52 
85 
69 
94 
67 
61 
11 
1 
86 
39 
69 
59 
19 
51 
73 
84 
85 
31 
47 
97 
4 
71 
35 
1 
53 
22 
83 
2 
67 
69 
0 
8 
68 
27 
64 
56 
53 
3 
84 
97 
75 
63 
82 
41 
87 
70 
78 
2 
35 
69 
67 
30 
84 
3 
90 
96 
80 
70 
48 
57 
29 
76 
66 
97 
92 
12 
82 
28 
49 
87 
51 
15 
67 
76 
24 
59 
41 
64 
2 
97 
52 
69 
53 
25 
90 
67 
70 
58 
85 
34 
33 
29 
0 
39 
63 
92 
52 
94 
43 
72 
59 
68 
34 
67 
8 
85 
39 
37 
33 
84 
26 
53 
38 
82 
70 
68 
27 
97 
45 
56 
64 
0 
48 
49 
54 
84 
75 
55 
17 
45 
27 
11 
96 
87 
33 
40 
63 
65 
0 
5 
59 
55 
75 
67 
39 
28 
37 
26 
90 
54 
34 
63 
41 
7 
16 
42 
9 
77 
82 
93 
87 
2 
89 
48 
33 
37 
41 
15 
63 
45 
43 
84 
39 
74 
69 
17 
53 
47 
21 
49 
23 
61 
2 
34 
32 
33 
65 
66 
45 
11 
84 
53 
52 
65 
9 
2 
16 
70 
67 
57 
78 
84 
90 
42 
68 
39 
97 
58 
45 
43 
52 
34 
73 
67 
0 
30 
68 
92 
18 
71 
53 
22 
77 
55 
67 
65 
59 
4 
33 
48 
8 
0 
86 
34 
20 
24 
53 
14 
44 
27 
25 
67 
51 
17 
37 
63 
92 
84 
89 
58 
93 
53 
73 
33 
97 
51 
59 
96 
90 
74 
36 
70 
68 
35 
58 
93 
1 
92 
53 
52 
65 
42 
43 
47 
70 
48 
29 
78 
16 
26 
53 
8 
69 
45 
56 
96 
93 
89 
61 
33 
84 
68 
1 
7 
31 
52 
80 
59 
40 
82 
89 
34 
45 
91 
10 
57 
16 
26 
5 
67 
94 
75 
79 
11 
33 
42 
47 
40 
25 
45 
89 
96 
58 
34 
92 
43 
68 
85 
0 
94 
66 
12 
67 
80 
38 
70 
24 
5 
68 
4 
28 
2 
8 
47 
50 
64 
45 
25 
27 
66 
14 
70 
46 
84 
59 
93 
51 
65 
2 
19 
10 
12 
7 
67 
68 
13 
25 
46 
0 
96 
73 
80 
59 
57 
19 
9 
30 
95 
56 
11 
2 
39 
27 
25 
28 
0 
97 
87 
80 
51 
42 
53 
10 
84 
89 
72 
76 
36 
49 
33 
55 
67 
2 
8 
73 
37 
92 
95 
27 
45 
83 
23 
72 
29 
25 
80 
87 
84 
10 
93 
97 
65 
85 
81 
66 
61 
82 
12 
36 
71 
67 
48 
52 
69 
93 
97 
55 
25 
24 
70 
11 
82 
51 
68 
39 
83 
52 
64 
90 
76 
67 
2 
26 
54 
64 
14 
70 
19 
47 
45 
32 
93 
46 
51 
26 
7 
56 
39 
53 
34 
54 
63 
45 
76 
25 
81 
93 
92 
89 
30 
8 
84 
86 
65 
49 
22 
59 
14 
45 
64 
25 
2 
56 
18 
37 
93 
54 
39 
35 
92 
73 
14 
22 
78 
80 
90 
68 
44 
4 
7 
93 
52 
0 
25 
65 
5 
26 
2 
37 
77 
97 
25 
17 
12 
27 
2 
53 
73 
47 
67 
0 
23 
90 
53 
1 
84 
27 
17 
38 
58 
63 
76 
11 
43 
47 
45 
39 
0 
30 
34 
93 
37 
86 
39 
7 
72 
68 
93 
34 
25 
0 
83 
4 
22 
5 
75 
96 
83 
34 
8 
82 
45 
0 
44 
93 
64 
18 
67 
84 
55 
96 
16 
97 
41 
5 
19 
78 
9 
22 
45 
97 
2 
47 
27 
89 
51 
26 
88 
93 
34 
86 
0 
20 
28 
61 
25 
97 
35 
80 
82 
84 
68 
37 
39 
56 
2 
67 
15 
57 
63 
94 
32 
12 
37 
92 
75 
45 
97 
26 
91 
85 
67 
53 
86 
62 
71 
76 
13 
53 
70 
64 
3 
4 
23 
2 
67 
