0.026800 
0.028200 
0.041600 
0.043200 
0.044900 
0.050800 
0.058900 
0.061700 
0.074100 
0.097700 
0.098100 
0.099000 
0.106500 
0.110300 
0.111800 
0.111900 
0.113400 
0.119000 
0.119100 
0.120400 
0.124300 
0.138400 
0.139900 
0.154300 
0.157100 
0.159900 
0.168500 
0.168500 
0.170000 
0.175300 
0.187600 
0.191000 
0.193700 
0.202800 
0.210000 
0.210200 
0.210400 
0.213800 
0.214900 
0.216500 
0.221800 
0.222200 
0.222300 
0.229700 
0.230300 
0.242600 
0.244300 
0.244800 
0.245500 
0.247500 
0.252800 
0.263600 
0.264300 
0.264700 
0.268300 
0.277300 
0.281000 
0.282500 
0.282900 
0.284500 
0.285900 
0.286100 
0.294800 
0.299700 
0.305500 
0.311900 
0.314300 
0.335900 
0.339200 
0.340900 
0.341800 
0.345000 
0.358100 
0.364600 
0.364700 
0.364900 
0.367500 
0.369900 
0.372800 
0.383400 
0.388700 
0.389100 
0.395800 
0.404500 
0.410600 
0.416800 
0.423900 
0.425300 
0.432000 
0.437700 
0.439200 
0.440500 
0.441000 
0.441400 
0.442800 
0.447800 
0.450800 
0.453500 
0.456400 
0.457500 
0.461000 
0.471400 
0.472200 
0.475400 
0.478900 
0.479700 
0.494400 
0.495100 
0.496000 
0.497500 
0.503100 
0.503800 
0.508300 
0.511700 
0.512300 
0.514800 
0.532000 
0.534700 
0.540200 
0.540800 
0.544000 
0.544800 
0.561400 
0.567400 
0.569000 
0.574000 
0.580500 
0.582300 
0.582500 
0.588900 
0.599500 
0.601400 
0.608400 
0.610100 
0.611700 
0.612600 
0.617700 
0.621100 
0.624900 
0.628000 
0.635500 
0.637100 
0.647000 
0.656500 
0.657300 
0.660300 
0.661300 
0.661300 
0.662500 
0.665800 
0.671000 
0.679700 
0.685300 
0.685700 
0.686100 
0.696000 
0.701500 
0.712000 
0.713100 
0.716100 
0.719100 
0.721800 
0.722500 
0.740600 
0.745100 
0.751900 
0.753100 
0.761700 
0.772000 
0.772100 
0.787400 
0.790400 
0.795500 
0.800400 
0.801800 
0.810600 
0.813700 
0.818200 
0.830700 
0.836200 
0.836400 
0.841200 
0.843600 
0.847700 
0.849800 
0.861700 
0.863400 
0.868700 
0.875700 
0.876900 
0.880300 
0.884000 
0.885100 
0.892000 
0.893900 
0.902700 
0.910700 
0.910800 
0.911900 
0.914100 
0.919400 
0.922200 
0.932100 
0.933700 
0.936000 
0.941400 
0.955100 
0.955200 
0.956800 
0.963700 
0.974200 
0.986000 
0.995300 
0.999900 
1.005100 
1.005900 
1.006700 
1.011100 
1.032400 
1.038500 
1.048000 
1.055600 
1.062700 
1.080200 
1.081000 
1.081200 
1.089800 
1.094700 
1.099500 
1.102600 
1.103500 
1.105100 
1.105400 
1.106100 
1.107100 
1.107900 
1.112600 
1.112700 
1.119000 
1.119800 
1.130400 
1.143300 
1.145500 
1.148400 
1.153700 
1.161300 
1.162400 
1.163800 
1.164000 
1.168400 
1.173000 
1.173700 
1.178100 
1.184800 
1.185200 
1.192900 
1.193100 
1.197500 
1.199200 
1.212500 
1.220500 
1.222100 
1.222900 
1.226100 
1.227500 
1.227800 
1.248600 
1.249400 
1.257100 
1.258500 
1.261400 
1.268500 
1.273900 
1.278100 
1.281000 
1.286700 
1.292900 
1.293100 
1.298400 
1.299100 
1.300900 
1.301400 
1.302800 
1.305400 
1.310400 
1.316700 
1.317900 
1.327500 
1.334000 
1.334200 
1.344600 
1.349500 
1.356500 
1.359900 
1.365800 
1.369700 
1.370600 
1.372700 
1.373500 
1.380700 
1.385600 
1.385800 
1.388100 
1.404300 
1.404600 
1.415200 
1.421100 
1.422700 
1.424700 
1.425600 
1.427600 
1.427600 
1.427900 
1.429000 
1.432700 
1.434200 
1.436100 
1.436200 
1.439700 
1.454100 
1.461200 
1.469700 
1.473100 
1.478000 
1.481500 
1.487200 
1.496200 
1.503600 
1.503700 
1.503700 
1.512500 
1.518900 
1.527400 
1.531600 
1.531700 
1.533100 
1.534700 
1.537500 
1.538800 
1.539500 
1.553800 
1.554800 
1.558400 
1.564100 
1.567600 
1.572700 
1.573700 
1.581900 
1.596400 
1.600300 
1.606500 
1.610000 
1.615300 
1.617900 
1.632200 
1.633200 
1.633500 
1.643900 
1.651700 
1.660100 
1.661200 
1.662700 
1.667900 
1.668900 
1.669200 
1.674700 
1.679800 
1.680300 
1.683600 
1.692200 
1.694600 
1.696000 
1.697500 
1.702800 
1.708800 
1.714400 
1.717400 
1.717900 
1.719800 
1.721500 
1.723400 
1.732700 
1.733400 
1.733600 
1.738300 
1.740300 
1.750000 
1.754000 
1.765600 
1.768000 
1.770500 
1.771600 
1.775300 
1.780300 
1.787900 
1.792700 
1.797800 
1.800500 
1.806000 
1.807900 
1.810500 
1.819600 
1.822800 
1.823500 
1.824500 
1.826000 
1.827500 
1.829400 
1.830700 
1.833300 
1.839300 
1.849700 
1.850400 
1.852600 
1.862100 
1.874300 
1.874300 
1.892200 
1.894200 
1.895100 
1.897600 
1.898800 
1.902200 
1.903000 
1.904100 
1.915600 
1.915700 
1.916400 
1.916800 
1.922100 
1.925000 
1.926500 
1.926600 
1.930200 
1.934300 
1.935600 
1.936200 
1.945300 
1.950500 
1.952000 
1.961300 
1.962200 
1.965500 
1.968000 
1.968300 
1.970400 
1.972700 
1.976300 
1.980500 
1.981800 
1.984200 
1.988800 
1.990100 
2.003000 
2.011600 
2.011600 
2.014700 
2.014800 
2.025800 
2.030500 
2.039700 
2.041500 
2.051200 
2.057500 
2.062400 
2.067100 
2.069600 
2.071600 
2.072500 
2.074800 
2.075700 
2.078000 
2.082600 
2.084700 
2.086800 
2.088600 
2.095000 
2.096500 
2.098700 
2.101000 
2.101700 
2.102000 
2.109600 
2.114000 
2.121700 
2.123100 
2.126500 
2.132800 
2.135800 
2.136600 
2.140700 
2.141500 
2.142000 
2.152800 
2.154300 
2.156500 
2.164200 
2.170200 
2.176200 
2.179100 
2.179500 
2.179700 
2.189700 
2.192800 
2.197400 
2.197900 
2.199300 
2.200000 
2.204700 
2.205300 
2.214300 
2.214400 
2.215700 
2.218300 
2.219900 
2.222900 
2.225200 
2.233400 
2.236700 
2.240700 
2.248100 
2.259500 
2.269500 
2.269600 
2.271100 
2.279100 
2.287000 
2.287300 
2.291100 
2.291800 
2.292100 
2.302500 
2.303800 
2.307900 
2.308400 
2.314900 
2.320000 
2.320100 
2.320500 
2.321200 
2.321700 
2.322800 
2.328700 
2.330100 
2.335400 
2.339300 
2.341100 
2.342900 
2.343700 
2.343700 
2.346000 
2.348400 
2.359500 
2.362400 
2.367300 
2.367500 
2.373700 
2.381900 
2.382400 
2.388100 
2.392300 
2.394400 
2.397400 
2.398200 
2.400800 
2.402100 
2.409900 
2.412600 
2.413500 
2.420800 
2.424500 
2.424800 
2.427100 
2.438300 
2.438300 
2.439700 
2.443200 
2.443400 
2.443900 
2.456300 
2.464800 
2.465400 
2.469200 
2.473800 
2.478500 
2.486100 
2.486200 
2.487200 
2.488200 
2.494300 
2.499000 
2.499500 
2.501100 
2.508500 
2.508700 
2.518500 
2.526200 
2.537000 
2.537300 
2.544000 
2.545600 
2.548400 
2.556700 
2.558800 
2.561500 
2.561900 
2.563600 
2.575800 
2.576500 
2.577400 
2.580000 
2.580600 
2.582100 
2.588500 
2.589600 
2.590000 
2.594400 
2.601200 
2.601800 
2.602800 
2.605100 
2.614100 
2.618800 
2.621000 
2.628800 
2.633500 
2.637200 
2.641000 
2.643200 
2.653300 
2.653900 
2.654000 
2.655100 
2.655600 
2.657300 
2.659400 
2.664800 
2.675000 
2.676800 
2.678100 
2.680500 
2.695900 
2.696800 
2.698500 
2.706100 
2.706300 
2.706800 
2.710000 
2.720400 
2.721100 
2.724700 
2.729900 
2.732400 
2.733800 
2.738000 
2.738600 
2.740500 
2.742000 
2.745300 
2.746600 
2.747700 
2.747800 
2.749100 
2.750300 
2.758600 
2.761700 
2.766300 
2.767100 
2.774800 
2.775400 
2.785400 
2.787500 
2.793700 
2.798500 
2.827100 
2.828300 
2.832400 
2.833700 
2.834100 
2.835800 
2.836100 
2.842100 
2.855300 
2.856500 
2.856500 
2.856800 
2.861500 
2.863000 
2.874400 
2.876100 
2.879700 
2.888500 
2.896100 
2.898900 
2.901800 
2.905600 
2.912000 
2.928300 
2.933800 
2.936800 
2.938700 
2.943200 
2.947600 
2.948500 
2.950900 
2.954000 
2.955100 
2.959600 
2.962100 
2.971300 
2.974400 
2.977200 
2.978800 
2.988000 
2.989900 
2.992600 
2.995700 
2.997600 
2.999000 
