0.021700 
0.025500 
0.029800 
0.030300 
0.030300 
0.030700 
0.033800 
0.034800 
0.036500 
0.038100 
0.038100 
0.038700 
0.039400 
0.040200 
0.040900 
0.041700 
0.041800 
0.041900 
0.043200 
0.043600 
0.044900 
0.051400 
0.054300 
0.054500 
0.055000 
0.055000 
0.055900 
0.056400 
0.058700 
0.058900 
0.060900 
0.061900 
0.062700 
0.065400 
0.065400 
0.068000 
0.068500 
0.068700 
0.071300 
0.072400 
0.075000 
0.075500 
0.075900 
0.081800 
0.082200 
0.082900 
0.082900 
0.083200 
0.084600 
0.087200 
0.092500 
0.094400 
0.096300 
0.097900 
0.098000 
0.098500 
0.100000 
0.106200 
0.109400 
0.110100 
0.112000 
0.115400 
0.117300 
0.121700 
0.122000 
0.129200 
0.130900 
0.131100 
0.133300 
0.140000 
0.143200 
0.145700 
0.147200 
0.149500 
0.150800 
0.152100 
0.152700 
0.153200 
0.156100 
0.156700 
0.159300 
0.159500 
0.162200 
0.162800 
0.165600 
0.166900 
0.167000 
0.168100 
0.172900 
0.173100 
0.174100 
0.174100 
0.178000 
0.178200 
0.179100 
0.179900 
0.180900 
0.182300 
0.185500 
0.191500 
0.192300 
0.193800 
0.195600 
0.201700 
0.201900 
0.205000 
0.206700 
0.208700 
0.209600 
0.210700 
0.212000 
0.213100 
0.213200 
0.214100 
0.214400 
0.214400 
0.219500 
0.219600 
0.229100 
0.230000 
0.232200 
0.233600 
0.240000 
0.245100 
0.246200 
0.247500 
0.248100 
0.248300 
0.252900 
0.253400 
0.256100 
0.257100 
0.261400 
0.262200 
0.263500 
0.265200 
0.265500 
0.267000 
0.273200 
0.276700 
0.280400 
0.281700 
0.284000 
0.284900 
0.286400 
0.288100 
0.288500 
0.290300 
0.296200 
0.298300 
0.298800 
0.301500 
0.302800 
0.303200 
0.303900 
0.304400 
0.309700 
0.312600 
0.315500 
0.316400 
0.316500 
0.318500 
0.319300 
0.325400 
0.326700 
0.328200 
0.328700 
0.335000 
0.341900 
0.342200 
0.343300 
0.343700 
0.344800 
0.345100 
0.345200 
0.345800 
0.346800 
0.347600 
0.347900 
0.348100 
0.348800 
0.350000 
0.351800 
0.351800 
0.353700 
0.355400 
0.358100 
0.358700 
0.360800 
0.360900 
0.363300 
0.363800 
0.365700 
0.366700 
0.370700 
0.375200 
0.379000 
0.381000 
0.385500 
0.386200 
0.386800 
0.390000 
0.391500 
0.394200 
0.394300 
0.394600 
0.395800 
0.395800 
0.397600 
0.401300 
0.401300 
0.404600 
0.405400 
0.405400 
0.408100 
0.408700 
0.408800 
0.409700 
0.414900 
0.415400 
0.415500 
0.418000 
0.418200 
0.420000 
0.422200 
0.423400 
0.425700 
0.428100 
0.429200 
0.429500 
0.430900 
0.432500 
0.433000 
0.433100 
0.438500 
0.444200 
0.445400 
0.454100 
0.455100 
0.457300 
0.458800 
0.459900 
0.466200 
0.466600 
0.467200 
0.467600 
0.467800 
0.472300 
0.472500 
0.474200 
0.474400 
0.475000 
0.475700 
0.477700 
0.478400 
0.481400 
0.482100 
0.484800 
0.485000 
0.485800 
0.486700 
0.487000 
0.488300 
0.489300 
0.490600 
0.492500 
0.497000 
0.497200 
0.499900 
0.501400 
0.501900 
0.502100 
0.502200 
0.503000 
0.504000 
0.504500 
0.506900 
0.509300 
0.509600 
0.509800 
0.509900 
0.511700 
0.512500 
0.514100 
0.515100 
0.516400 
0.516400 
0.517500 
0.520400 
0.521100 
0.523100 
0.527600 
0.532700 
0.534600 
0.537600 
0.539500 
0.540300 
0.540500 
0.545200 
0.545600 
0.551400 
0.551800 
0.556800 
0.558500 
0.558800 
0.560900 
0.561400 
0.561700 
0.563000 
0.563000 
0.567100 
0.568100 
0.570600 
0.571800 
0.573200 
0.574800 
0.577500 
0.578600 
0.583000 
0.583500 
0.583600 
0.584000 
0.584400 
0.587400 
0.588000 
0.589300 
0.590100 
0.594300 
0.596000 
0.604200 
0.606300 
0.607700 
0.607700 
0.611200 
0.615200 
0.624000 
0.624800 
0.626300 
0.626900 
0.628000 
0.631700 
0.631900 
0.633000 
0.635300 
0.638200 
0.639000 
0.640400 
0.643400 
0.644900 
0.645200 
0.645900 
0.648900 
0.650700 
0.651300 
0.652300 
0.655900 
0.658200 
0.658400 
0.660000 
0.660300 
0.664100 
0.665000 
0.669900 
0.671300 
0.671400 
0.672400 
0.673200 
0.679500 
0.679600 
0.680300 
0.681800 
0.683300 
0.683600 
0.684300 
0.684700 
0.685600 
0.686800 
0.691500 
0.694300 
0.694400 
0.696700 
0.697000 
0.704400 
0.705200 
0.708500 
0.709100 
0.710800 
0.711500 
0.713100 
0.717200 
0.720900 
0.723500 
0.724400 
0.724800 
0.725000 
0.727000 
0.727400 
0.729800 
0.736300 
0.739400 
0.741400 
0.743500 
0.746100 
0.747700 
0.749200 
0.749200 
0.750400 
0.753200 
0.754800 
0.754900 
0.759900 
0.765300 
0.766300 
0.769100 
0.769100 
0.770100 
0.770200 
0.771200 
0.772500 
0.774800 
0.775300 
0.775900 
0.776700 
0.777200 
0.778000 
0.786600 
0.787800 
0.789300 
0.789300 
0.790100 
0.791300 
0.794300 
0.797500 
0.798000 
0.800300 
0.801800 
0.803000 
0.806100 
0.808100 
0.808600 
0.812500 
0.813100 
0.813800 
0.814200 
0.816100 
0.820800 
0.821800 
0.826000 
0.826700 
0.827200 
0.828800 
0.830600 
0.830900 
0.832400 
0.834500 
0.835700 
0.837100 
0.838000 
0.839100 
0.839700 
0.841000 
0.841400 
0.842800 
0.843000 
0.843300 
0.844900 
0.847600 
0.848300 
0.848500 
0.850300 
0.851900 
0.855200 
0.858100 
0.859900 
0.862900 
0.865100 
0.868300 
0.870800 
0.871900 
0.872400 
0.876700 
0.879200 
0.882100 
0.883000 
0.884800 
0.885400 
0.886400 
0.888000 
0.888200 
0.888500 
0.889300 
0.889600 
0.890800 
0.891600 
0.894400 
0.894900 
0.895500 
0.899000 
0.901000 
0.903000 
0.904300 
0.904400 
0.904800 
0.907000 
0.910900 
0.912600 
0.913200 
0.913900 
0.914600 
0.915000 
0.916200 
0.916900 
0.917200 
0.918100 
0.918300 
0.918800 
0.923000 
0.923100 
0.925600 
0.926200 
0.928300 
0.928900 
0.929300 
0.930700 
0.932400 
0.934300 
0.939800 
0.940500 
0.941700 
0.943900 
0.946800 
0.947700 
0.949400 
0.951100 
0.953400 
0.953800 
0.957700 
0.958700 
0.958800 
0.959700 
0.959900 
0.963900 
0.966100 
0.967800 
0.969300 
0.970800 
0.971500 
0.974400 
0.974600 
0.974900 
0.979800 
0.980000 
0.980400 
0.980600 
0.982900 
0.985400 
0.986800 
0.989200 
0.989400 
0.990500 
0.997300 
0.998500 
0.999700 
0.999800 
0.999900 
1.001100 
1.003400 
1.007300 
1.007400 
1.007600 
1.011000 
1.012400 
1.012700 
1.014400 
1.017700 
1.020900 
1.023000 
1.025400 
1.029800 
1.034800 
1.035800 
1.035900 
1.039000 
1.039200 
1.042100 
1.047400 
1.047500 
1.049300 
1.049600 
1.049600 
1.049900 
1.053700 
1.056900 
1.059200 
1.060200 
1.063600 
1.069100 
1.071000 
1.071500 
1.072400 
1.073000 
1.073500 
1.079100 
1.079400 
1.079500 
1.081800 
1.082300 
1.083900 
1.084100 
1.084100 
1.096900 
1.097300 
1.097400 
1.097400 
1.098200 
1.099000 
1.099500 
1.104600 
1.108300 
1.110100 
1.110300 
1.111000 
1.115600 
1.117000 
1.117200 
1.118400 
1.118700 
1.120000 
1.120800 
1.121400 
1.124200 
1.125100 
1.125700 
1.126200 
1.127700 
1.127800 
1.128200 
1.129200 
1.132400 
1.133200 
1.134200 
1.134600 
1.135400 
1.135700 
1.136500 
1.136700 
1.137000 
1.139500 
1.141500 
1.142800 
1.143500 
1.145100 
1.147600 
1.151300 
1.151700 
1.163800 
1.164100 
1.165500 
1.165600 
1.168800 
1.170600 
1.171000 
1.171700 
1.175400 
1.177000 
1.179900 
1.183200 
1.186600 
1.190400 
1.197100 
1.197700 
1.199300 
1.200600 
1.202500 
1.202800 
1.203800 
1.205600 
1.206000 
1.206400 
1.210100 
1.211800 
1.215300 
1.215600 
1.216000 
1.217100 
1.220300 
1.223200 
1.223200 
1.223700 
1.225400 
1.225700 
1.226200 
1.226900 
1.228500 
1.228900 
1.230600 
1.234800 
1.238000 
1.238100 
1.242500 
1.244200 
1.246200 
1.246400 
1.246900 
1.248700 
1.249600 
1.253900 
1.254700 
1.254700 
1.257100 
1.258000 
1.259700 
1.261700 
1.262700 
1.264300 
1.264800 
1.264800 
1.265000 
1.265600 
1.269900 
1.271100 
1.277400 
1.277400 
1.280100 
1.280700 
1.281400 
1.281700 
1.282300 
1.283800 
1.285100 
1.285300 
1.285400 
1.287500 
1.288600 
1.289400 
1.290900 
1.293000 
1.293100 
1.293800 
1.293800 
1.295500 
1.301100 
1.303300 
1.303500 
1.304100 
1.305700 
1.305900 
1.306500 
1.307500 
1.308000 
1.309500 
1.311900 
1.312100 
1.316700 
1.320000 
1.322500 
1.322700 
1.324300 
1.324400 
1.326100 
1.327800 
1.331300 
1.337800 
1.341800 
1.343900 
1.344000 
1.347200 
1.347200 
1.349500 
1.349600 
1.350000 
1.351600 
1.352000 
1.352200 
1.352600 
1.358400 
1.360200 
1.360700 
1.365000 
1.365700 
1.366000 
1.366700 
1.367000 
1.368200 
1.371300 
1.373300 
1.374500 
1.375800 
1.378800 
1.379300 
1.379700 
1.379900 
1.384400 
1.392200 
1.392800 
1.398000 
1.398300 
1.402200 
1.404000 
1.404300 
1.404800 
1.404800 
1.406000 
1.407800 
1.408000 
1.409000 
1.411200 
1.411400 
1.413600 
1.415100 
1.419400 
1.422300 
1.423000 
1.424100 
1.424500 
1.425000 
1.427900 
1.429700 
1.432700 
1.433500 
1.436500 
1.439500 
1.441700 
1.442800 
1.443100 
1.444200 
1.445200 
1.445600 
1.446400 
1.449900 
1.450500 
1.461500 
1.463600 
1.468300 
1.469500 
1.473700 
1.475800 
1.478800 
1.480000 
1.481200 
1.481600 
1.482300 
1.483400 
1.484500 
1.487700 
1.488600 
1.488800 
1.491700 
1.493200 
1.494500 
1.497100 
1.497400 
1.499100 
1.502000 
1.502500 
1.503800 
1.504900 
1.505400 
1.506000 
1.507000 
1.508800 
1.508900 
1.509200 
1.509700 
1.511900 
1.521200 
1.522500 
1.524300 
1.524900 
1.526500 
1.528500 
1.531200 
1.531400 
1.531400 
1.531900 
1.532400 
1.538700 
1.539100 
1.540700 
1.547100 
1.548000 
1.548600 
1.550100 
1.552900 
1.553800 
1.553900 
1.556900 
1.563700 
1.564400 
1.566800 
1.567300 
1.568800 
1.574900 
1.576400 
1.576800 
1.580300 
1.580900 
1.581200 
1.581400 
1.581600 
1.585200 
1.587700 
1.588600 
1.590400 
1.590500 
1.592400 
1.593100 
1.594000 
1.594500 
1.595000 
1.596900 
1.602800 
1.603600 
1.604900 
1.605800 
1.610600 
1.618300 
1.619500 
1.620500 
1.622800 
1.623300 
1.628600 
1.632100 
1.632500 
1.638800 
1.639000 
1.639100 
1.640000 
1.640200 
1.641300 
1.644800 
1.647100 
1.649900 
1.651900 
1.652500 
1.652800 
1.655500 
1.659700 
1.660400 
1.661600 
1.662100 
1.665500 
1.666100 
1.666700 
1.667600 
1.670300 
1.671300 
1.674800 
1.675300 
1.676700 
1.678400 
1.679800 
1.679900 
1.681700 
1.683800 
1.684800 
1.691900 
1.692800 
1.695000 
1.695200 
1.695500 
1.696200 
1.698500 
1.698700 
1.699100 
1.702600 
1.711900 
1.717500 
1.717500 
1.719600 
1.719700 
1.720000 
1.728500 
1.735900 
1.736600 
1.737000 
1.738300 
1.739200 
1.744400 
1.744600 
1.744700 
1.746000 
1.746600 
1.746900 
1.748900 
1.750900 
1.752900 
1.756300 
1.763400 
1.766000 
1.767900 
1.769000 
1.769400 
1.771000 
1.772500 
1.774400 
1.775300 
1.775400 
1.776200 
1.777600 
1.777800 
1.778900 
1.787700 
1.789800 
1.790800 
1.793200 
1.794300 
1.801600 
1.801600 
1.802900 
1.806700 
1.807200 
1.808100 
1.811900 
1.816100 
1.817100 
1.819400 
1.819500 
1.821400 
1.825900 
1.827300 
1.828000 
1.837200 
1.838100 
1.838800 
1.838900 
1.840800 
1.840900 
1.841300 
1.842300 
1.842700 
1.842800 
1.845700 
1.846800 
1.847100 
1.849400 
1.850400 
1.850700 
1.850800 
1.851100 
1.851200 
1.859000 
1.860300 
1.861200 
1.864000 
1.866200 
1.873900 
1.874600 
1.881300 
1.881400 
1.882000 
1.882500 
1.883200 
1.885300 
1.890100 
1.892000 
1.892300 
1.893300 
1.894800 
1.896200 
1.896900 
1.903500 
1.921600 
1.922100 
1.928600 
1.928800 
1.935400 
1.936000 
1.937600 
1.943400 
1.945600 
1.945800 
1.946100 
1.947600 
1.950600 
1.953600 
1.962700 
1.965500 
1.965900 
1.967900 
1.968300 
1.977300 
1.979500 
1.980600 
1.982600 
1.983300 
1.985300 
1.985900 
1.987600 
1.990100 
1.990900 
1.991300 
1.991500 
1.993900 
1.994800 
1.995900 
1.997600 
1.999400 
2.000700 
2.003600 
2.005300 
2.010700 
2.011200 
2.012700 
2.015800 
2.016200 
2.016900 
2.017600 
2.024100 
2.028100 
2.028300 
2.028700 
2.029200 
2.030000 
2.030700 
2.032300 
2.033700 
2.034100 
2.035100 
2.035800 
2.039000 
2.040600 
2.043000 
2.043500 
2.046100 
2.047700 
2.048400 
2.051800 
2.055500 
2.055800 
2.058600 
2.060300 
2.060600 
2.062300 
2.065100 
2.070200 
2.073600 
2.075500 
2.075600 
2.080000 
2.080300 
2.080300 
2.082100 
2.083300 
2.091200 
2.092700 
2.092900 
2.096400 
2.097000 
2.098800 
2.101900 
2.102700 
2.104900 
2.112300 
2.113100 
2.120300 
2.120300 
2.121900 
2.123800 
2.123900 
2.125000 
2.127100 
2.128100 
2.129100 
2.132200 
2.134900 
2.137800 
2.140500 
2.142100 
2.142500 
2.146700 
2.146900 
2.148400 
2.148500 
2.149200 
2.152500 
2.157300 
2.160000 
2.160800 
2.161600 
2.162300 
2.164000 
2.167500 
2.170300 
2.171500 
2.171700 
2.176600 
2.181500 
2.183100 
2.185200 
2.185400 
2.186400 
2.186500 
2.186600 
2.187400 
2.190400 
2.193600 
2.196300 
2.200300 
2.203100 
2.207500 
2.209800 
2.210300 
2.214100 
2.215600 
2.217600 
2.219900 
2.223800 
2.224700 
2.226700 
2.227200 
2.228400 
2.229800 
2.229900 
2.230500 
2.230500 
2.231300 
2.232600 
2.235400 
2.235500 
2.235900 
2.239100 
2.243000 
2.243500 
2.245300 
2.245400 
2.245600 
2.249800 
2.250000 
2.254700 
2.255400 
2.261300 
2.261400 
2.263700 
2.265100 
2.265800 
2.266400 
2.269600 
2.273400 
2.274500 
2.276300 
2.276700 
2.276700 
2.277400 
2.283400 
2.284100 
2.285800 
2.286600 
2.287500 
2.289700 
2.291800 
2.291800 
2.292900 
2.294100 
2.294600 
2.295500 
2.296000 
2.298800 
2.300300 
2.301500 
2.302900 
2.306100 
2.307800 
2.308500 
2.310500 
2.310700 
2.312800 
2.313300 
2.314000 
2.316800 
2.319100 
2.325200 
2.329500 
2.331200 
2.334300 
2.336800 
2.339600 
2.341100 
2.341600 
2.345300 
2.346900 
2.349300 
2.350500 
2.351500 
2.352700 
2.352700 
2.358300 
2.361700 
2.364500 
2.368800 
2.373100 
2.375800 
2.378000 
2.379300 
2.380000 
2.380100 
2.381500 
2.383200 
2.385400 
2.385500 
2.386300 
2.386900 
2.389400 
2.395400 
2.395900 
2.401800 
2.403300 
2.407300 
2.407300 
2.409700 
2.411400 
2.415000 
2.417100 
2.417300 
2.418200 
2.418200 
2.419400 
2.419600 
2.420200 
2.421500 
2.422800 
2.424700 
2.425300 
2.427200 
2.427500 
2.427700 
2.428600 
2.428900 
2.429000 
2.430000 
2.430400 
2.430400 
2.431500 
2.432800 
2.433000 
2.442700 
2.444900 
2.445300 
2.445400 
2.449100 
2.449300 
2.452500 
2.453400 
2.454900 
2.456300 
2.456400 
2.456400 
2.462900 
2.464300 
2.466600 
2.467500 
2.469400 
2.469700 
2.474000 
2.475200 
2.477400 
2.478000 
2.479000 
2.479900 
2.482400 
2.484400 
2.491300 
2.492600 
2.494900 
2.495400 
2.495600 
2.496000 
2.499300 
2.499700 
2.501700 
2.505600 
2.506000 
2.507200 
2.512900 
2.513500 
2.516900 
2.518000 
2.523700 
2.524100 
2.524900 
2.527700 
2.529200 
2.532800 
2.534100 
2.538500 
2.542700 
2.544500 
2.547700 
2.549400 
2.550700 
2.554900 
2.555200 
2.560100 
2.562600 
2.562800 
2.563600 
2.565000 
2.570300 
2.571000 
2.571100 
2.571700 
2.574100 
2.574700 
2.575800 
2.575800 
2.575900 
2.582100 
2.582100 
2.587100 
2.588000 
2.588600 
2.589200 
2.597000 
2.600200 
2.602300 
2.604500 
2.608700 
2.608700 
2.609200 
2.611700 
2.617000 
2.618500 
2.620700 
2.621300 
2.621800 
2.622000 
2.622700 
2.623200 
2.623700 
2.624200 
2.625400 
2.627000 
2.629300 
2.637300 
2.638800 
2.640300 
2.641300 
2.642700 
2.644100 
2.644400 
2.646800 
2.650100 
2.650300 
2.653300 
2.655500 
2.656700 
2.658000 
2.658400 
2.660300 
2.660800 
2.662000 
2.663600 
2.664300 
2.664300 
2.664600 
2.668700 
2.669100 
2.670400 
2.672300 
2.673500 
2.676200 
2.678400 
2.679300 
2.679900 
2.680900 
2.683100 
2.684400 
2.690900 
2.693900 
2.703900 
2.708700 
2.709600 
2.716300 
2.718600 
2.720200 
2.720600 
2.722700 
2.725300 
2.728400 
2.731200 
2.734000 
2.734000 
2.736000 
2.736100 
2.741500 
2.743400 
2.744400 
2.745200 
2.749900 
2.750600 
2.754700 
2.757000 
2.757600 
2.759700 
2.760700 
2.766200 
2.766900 
2.767400 
2.768000 
2.769700 
2.772800 
2.775200 
2.780500 
2.782300 
2.783700 
2.784100 
2.784300 
2.785300 
2.785400 
2.788400 
2.788700 
2.790300 
2.791000 
2.791100 
2.797700 
2.799600 
2.800700 
2.802300 
2.807100 
2.808700 
2.809200 
2.809300 
2.811200 
2.817300 
2.817700 
2.819600 
2.820100 
2.821200 
2.822000 
2.823300 
2.824300 
2.824300 
2.824600 
2.825500 
2.825900 
2.829400 
2.831200 
2.832100 
2.833800 
2.834600 
2.834900 
2.835200 
2.841300 
2.845300 
2.845800 
2.846100 
2.847400 
2.848900 
2.849400 
2.851400 
2.851400 
2.852300 
2.856100 
2.858700 
2.861800 
2.861900 
2.862900 
2.863300 
2.867800 
2.869400 
2.869800 
2.872800 
2.873900 
2.878500 
2.878500 
2.885800 
2.888300 
2.893500 
2.893900 
2.894900 
2.896400 
2.896700 
2.899600 
2.905200 
2.905700 
2.906500 
2.911900 
2.911900 
2.913400 
2.914400 
2.916600 
2.916700 
2.920400 
2.921600 
2.925000 
2.927600 
2.927700 
2.928800 
2.929300 
2.929300 
2.933000 
2.933300 
2.935700 
2.936900 
2.937200 
2.937300 
2.943700 
2.947200 
2.947500 
2.948500 
2.948700 
2.950700 
2.951600 
2.952600 
2.954600 
2.956300 
2.957100 
2.957400 
2.957900 
2.961900 
2.962900 
2.965500 
2.965900 
2.966500 
2.968000 
2.970200 
2.971100 
2.971400 
2.973300 
2.973400 
2.974200 
2.974200 
2.975300 
2.975800 
2.977300 
2.979400 
2.980500 
2.980800 
2.981000 
2.982200 
2.982500 
2.982600 
2.983300 
2.983400 
2.983500 
2.986300 
2.987000 
2.989300 
2.991200 
2.991800 
2.992100 
2.997700 
2.999200 
2.999500 
2.999600 
